1.27 9.54 3.53 15.469859 0.57295775 -2.8647888
0.94 9.54 3.01 14.896902 -6.3025355 -0.57295775
0.65 8.99 2.1399999 7.448451 0.57295775 5.15662
1.02 9.179999 2.33 3.4377468 6.3025355 12.605071
1.4699999 9.59 2.9199998 7.448451 6.8754935 13.750987
2.28 9.7699995 2.7 5.7295775 14.323945 10.886198
2.25 9.809999 2.18 9.740283 3.4377468 10.31324
3.05 9.929999 2.12 12.032113 -5.15662 8.594366
3.61 9.65 1.67 4.0107045 3.4377468 4.583662
3.6 9.54 1.41 -4.583662 10.886198 1.1459155
3.61 9.82 1.81 -3.4377468 -4.0107045 -0.57295775
3.7099998 9.429999 1.8399999 2.8647888 -17.188732 -1.7188734
3.54 9.2699995 1.73 3.4377468 -25.7831 0.57295775
3.4099998 9.21 1.92 3.4377468 -33.80451 0.57295775
3.81 9.53 2.23 5.15662 -38.38817 -1.7188734
4.14 9.58 2.08 6.3025355 -45.83662 -8.021409
4.0 9.2699995 1.9599999 1.7188734 -52.712116 -14.323945
3.8 9.23 2.0 -6.8754935 -55.00395 -19.480566
3.55 8.7699995 2.75 -5.15662 -59.014652 -18.907606
3.24 8.65 2.8799999 -0.57295775 -69.32789 -17.761692
2.97 8.559999 2.86 -0.57295775 -73.91155 -13.750987
3.24 8.84 3.21 0.0 -80.78705 -12.605071
3.78 8.8 2.8999999 0.57295775 -83.65183 -19.480566
3.36 8.929999 2.53 -10.31324 -93.39212 -25.210142
3.07 8.84 3.1799998 -14.896902 -94.53803 -25.7831
2.85 8.7699995 4.06 -9.167324 -94.53803 -25.210142
2.79 8.84 4.64 -2.8647888 -94.53803 -27.501974
2.6799998 8.639999 3.8899999 -3.4377468 -97.402824 -28.64789
2.08 8.7699995 3.84 -1.7188734 -107.143105 -26.929016
2.08 8.73 4.2999997 5.15662 -114.59156 -20.62648
2.1399999 8.67 3.98 5.7295775 -114.0186 -19.480566
2.24 8.94 3.62 6.3025355 -120.32113 -18.334648
2.27 8.88 3.07 8.021409 -138.08282 -14.896902
2.85 9.23 2.9199998 9.167324 -156.99043 -14.896902
3.62 9.24 2.48 9.167324 -167.87662 -22.345354
3.51 9.07 1.56 8.021409 -203.40001 -33.80451
3.26 9.32 1.01 12.032113 -253.8203 -40.107044
4.3399997 9.28 1.35 6.8754935 -281.32227 -56.72282
5.8399997 8.65 1.8299999 -4.583662 -266.42538 -74.48451
4.64 8.4 2.49 -14.896902 -260.69577 -81.36001
2.57 8.4 2.99 -32.658592 -266.42538 -77.922264
1.22 7.72 4.88 -45.263664 -273.8738 -61.30648
0.65999997 7.3799996 6.37 -37.242256 -281.89523 -41.825916
0.93 7.75 8.57 -14.323945 -273.8738 -28.64789
1.6999999 8.559999 8.78 11.459155 -232.0479 -30.939718
0.96 8.86 7.1099997 23.49127 -183.34648 -31.51268
-0.83 8.94 5.5 21.772396 -163.29297 -20.053522
-0.39 9.5 6.0099998 21.772396 -178.76283 -14.323945
-0.06 9.41 5.46 14.323945 -150.11493 -10.886198
0.19999999 8.849999 4.67 2.8647888 -119.74818 -2.291831
-0.41 8.79 5.0299997 1.7188734 -103.1324 2.8647888
-0.71 8.62 5.22 5.15662 -98.54874 5.15662
-0.69 9.16 5.71 10.886198 -93.96508 7.448451
0.31 9.58 5.2599998 13.750987 -60.733524 0.0
-0.24 9.46 4.65 8.021409 -38.38817 -4.583662
-1.16 9.349999 4.44 4.0107045 -30.366762 -2.291831
-1.3199999 9.59 4.47 5.7295775 -34.377464 0.0
-0.76 9.51 3.9299998 8.594366 -34.377464 0.57295775
-0.55 9.58 3.4199998 9.740283 -36.669296 -19.480566
-0.55 9.62 3.1399999 4.583662 -35.523384 -6.3025355
-0.68 9.58 3.27 1.7188734 -22.345354 -6.3025355
-0.52 9.57 3.1699998 -3.4377468 -8.594366 -5.7295775
-0.88 9.34 2.8 -8.594366 -2.8647888 -1.7188734
-0.81 9.679999 3.11 -5.7295775 -5.15662 -1.7188734
-0.38 9.82 3.24 3.4377468 -6.8754935 -4.583662
-0.58 9.65 1.9799999 4.0107045 -9.167324 -3.4377468
-0.42999998 9.58 1.9599999 -3.4377468 -8.594366 -3.4377468
-0.22999999 9.639999 2.61 -2.291831 -0.57295775 -4.0107045
-0.39999998 9.7699995 2.56 2.8647888 3.4377468 -4.583662
-0.48999998 9.719999 2.07 3.4377468 5.15662 -1.7188734
-0.35999998 9.61 1.86 4.0107045 3.4377468 -0.57295775
-0.45 9.51 1.51 2.8647888 2.291831 0.57295775
-0.31 9.49 1.27 -2.8647888 5.15662 0.57295775
0.16 9.5199995 1.22 -8.594366 8.021409 -2.8647888
0.03 9.66 1.55 -7.448451 13.178029 -3.4377468
-0.26999998 9.32 1.37 -4.0107045 8.021409 -1.1459155
-0.52 9.36 1.4699999 7.448451 -7.448451 3.4377468
-0.099999994 9.41 1.62 12.605071 -10.886198 4.0107045
0.099999994 9.65 1.3 10.31324 -4.583662 4.0107045
0.32 9.889999 1.15 1.1459155 1.7188734 0.0
0.21 9.82 1.1 -6.3025355 6.8754935 -2.8647888
-0.16 9.639999 1.41 -6.8754935 5.7295775 -4.583662
-0.22 9.4 1.43 -2.291831 0.0 -2.291831
-0.25 9.349999 1.43 0.0 -2.291831 -0.57295775
-0.21 9.45 1.66 2.8647888 -1.7188734 1.1459155
0.13 9.61 1.64 5.15662 -1.1459155 -1.1459155
0.32999998 9.719999 1.51 5.15662 0.0 -4.583662
0.12 9.67 1.35 3.4377468 2.8647888 -4.583662
-0.17999999 9.51 1.42 1.1459155 3.4377468 0.0
-0.099999994 9.57 1.4 1.7188734 3.4377468 1.7188734
-0.01 9.65 1.24 0.0 6.8754935 4.0107045
0.32999998 9.889999 1.39 3.4377468 2.8647888 2.291831
0.39999998 9.82 1.04 6.8754935 -1.7188734 -0.57295775
0.39 9.63 0.59 2.291831 -2.8647888 -4.0107045
-0.13 9.559999 0.57 -8.021409 0.0 -1.7188734
-0.17999999 9.5 1.2099999 -4.0107045 -0.57295775 0.57295775
0.03 9.53 1.78 3.4377468 0.0 1.1459155
0.17 9.61 1.65 8.594366 0.57295775 1.1459155
-0.08 9.61 1.3399999 9.167324 -2.291831 0.57295775
0.089999996 9.67 0.85999995 1.1459155 -1.1459155 -1.1459155
-0.04 9.67 1.12 -8.021409 0.0 0.0
-0.089999996 9.599999 1.8199999 -2.8647888 -2.8647888 0.0
-0.08 9.59 2.02 6.3025355 -4.0107045 0.57295775
-0.02 9.5199995 1.41 9.740283 -3.4377468 0.0
-0.08 9.48 0.91999996 4.583662 -4.0107045 0.0
-0.06 9.559999 1.0699999 0.0 -4.583662 0.0
0.04 9.7 1.35 -5.15662 2.291831 0.57295775
0.03 9.67 1.49 -2.291831 4.583662 0.57295775
-0.049999997 9.69 1.81 5.15662 -0.57295775 0.0
0.03 9.7 1.76 9.167324 0.0 -0.57295775
0.32 9.719999 1.04 5.15662 2.8647888 -2.291831
0.0 9.63 0.62 -0.57295775 1.7188734 -1.7188734
-0.17 9.42 1.4 0.0 -2.291831 2.8647888
0.26999998 9.51 1.48 4.0107045 -1.1459155 2.291831
0.37 9.59 0.89 1.1459155 0.0 -2.291831
-0.13 9.469999 0.71 -5.7295775 -0.57295775 -2.291831
-0.24 9.33 1.4499999 -6.3025355 -1.1459155 0.57295775
-0.04 9.4 2.02 4.0107045 1.7188734 1.7188734
-0.07 9.42 1.68 4.583662 2.291831 2.291831
-0.19 9.559999 1.41 2.291831 2.291831 3.4377468
0.12 9.59 1.3299999 -0.57295775 3.4377468 0.0
0.14999999 9.51 1.24 -2.291831 4.0107045 -0.57295775
-0.19 9.429999 1.3 -4.0107045 3.4377468 0.57295775
