1.2761484 9.900327 0.531529 0.103915006 5.882345 -1.85248
1.010384 9.512454 0.46209505 0.9789151 4.552345 -6.15748
0.52913475 9.57231 0.409421 2.6939151 6.162345 -8.67748
0.59378016 9.613013 0.17717634 5.878915 7.457345 -7.2074804
0.8643332 9.651321 0.05027977 7.698915 3.957345 -3.3574803
0.94573855 9.62259 -0.102953814 6.053915 1.9973452 0.03752
0.7398309 9.7135725 -0.014365649 3.008915 3.817345 0.63252
0.85236186 9.742304 0.014365649 0.698915 4.272345 0.14252
0.9194015 9.684841 -0.05985687 -0.036085 0.7023451 0.56252
0.92658436 9.665688 0.023942748 -1.1560851 -1.502655 0.63252
0.8284191 9.677659 0.22745611 -4.3760853 -0.732655 0.59752005
0.8739103 9.711179 0.4070267 -6.5810847 -0.312655 0.73752
1.0606637 9.692024 0.4189981 -6.5810847 -0.837655 1.2275201
1.0822122 9.730332 0.2944958 -4.586085 -1.572655 2.13752
1.036721 9.692024 0.34477556 -2.4510849 -3.357655 1.64752
1.0247496 9.641745 0.6249057 -4.656085 -0.137655 0.63252
0.94573855 9.634562 0.82602483 -3.8860853 1.9273449 -0.48747998
1.0223553 9.634562 0.6703969 1.5039151 -1.117655 -0.31248
0.9577099 9.751882 0.43815228 5.0039153 -4.7926555 0.94752
0.9888355 9.771035 0.5889916 0.94391495 -4.6176553 2.59252
0.8786988 9.876384 0.9217958 -5.881085 0.737345 4.20252
0.90982443 9.984126 0.9433443 -7.1410847 5.007345 4.34252
1.1971374 9.984126 0.55786604 -0.771085 3.012345 4.30752
1.4485363 10.058349 0.076616794 6.718915 -0.487655 2.66252
1.3431882 10.192428 -0.41181526 8.713914 0.737345 0.77252
1.4269878 10.108628 -1.0462981 7.488915 3.992345 0.80752
1.4126221 10.10384 -1.4293821 2.973915 6.162345 2.31252
1.3479767 10.5803 -1.7573977 -3.9210854 9.277345 5.1825204
1.6999351 10.865219 -2.3942747 -7.806085 10.607346 9.03252
2.0902019 10.92747 -3.3831103 -9.171084 10.047345 11.132521
2.1931558 10.757477 -3.8523881 -12.671085 8.857345 8.3325205
1.8292259 10.711986 -3.8523881 -20.091085 9.032346 0.63252
1.3647367 10.518049 -3.9697077 -23.171085 5.7423453 -8.432481
1.2210802 10.427067 -4.163644 -20.651085 -2.027655 -13.64748
1.3431882 10.336084 -4.450957 -18.201084 -7.1376553 -15.082481
1.5514901 10.091868 -4.6233444 -17.956085 -10.952656 -15.53748
1.4174107 10.091868 -4.455745 -18.131086 -18.022655 -17.42748
1.1875603 10.060742 -4.573065 -15.681085 -27.717655 -20.99748
1.3743137 10.096657 -4.7598186 -11.866085 -37.027657 -22.64248
2.3248408 9.98652 -4.3216662 -12.566086 -45.35766 -21.31248
2.3200524 10.027223 -3.4262073 -17.956085 -53.792652 -21.277481
1.5179702 10.032011 -2.8491871 -20.686085 -59.777653 -26.457481
1.1468576 9.584282 -3.318465 -15.506085 -59.42765 -32.057484
0.96489275 9.440625 -3.3567734 -3.186085 -58.762657 -27.12248
0.9624985 9.447808 -2.604971 5.248915 -62.36766 -15.39748
2.19555 9.421472 -1.4940275 5.738915 -67.197655 -4.47748
3.3256476 9.562734 -1.1827718 7.243915 -77.27766 6.1625204
3.3088877 9.842864 -0.6344828 19.073915 -84.66265 13.127521
2.710319 9.852441 -0.11013664 33.213917 -74.23265 10.25752
2.6432793 9.526819 -0.26097596 43.608913 -58.20266 5.1125197
3.6632404 9.629773 -0.5506832 56.908913 -58.797657 6.09252
5.0662856 10.118205 -0.23942748 69.29891 -71.57265 14.31752
4.8843207 9.701602 -0.44054657 72.06391 -78.39766 8.297521
3.1939626 9.57231 -0.26097596 65.168915 -70.80266 -6.08748
2.569057 9.261055 -0.3040729 53.093914 -57.992657 -5.59748
2.5929997 9.261055 0.30886146 35.033916 -55.682655 7.2475195
3.519584 8.9976845 1.7238779 14.803916 -51.307655 20.82752
4.410254 9.725544 3.3615618 6.858915 -50.082657 23.59252
4.5682764 10.216371 2.6863763 22.643915 -61.072655 18.482521
2.9473522 10.146936 0.3304099 43.993916 -73.07765 7.07252
2.5714512 10.168485 1.3048798 25.478914 -81.09266 -2.72748
2.7462332 9.816526 4.393494 -27.756086 -81.23266 -3.67248
2.0854135 9.545974 6.2490573 -66.32608 -66.182655 -10.35748
0.28252444 9.486116 5.741471 -64.121086 -43.047653 -23.79748
-0.55307746 9.6585045 5.9713216 -39.481087 -30.482656 -28.41748
-0.19393626 9.897932 6.028784 -21.841085 -36.257656 -19.28248
0.17717634 9.897932 4.8484063 -10.8860855 -37.517654 -10.67248
-0.45012367 9.818921 3.0383348 -7.7710853 -21.277655 -12.77248
-1.0247496 9.598648 2.8611584 -22.611086 -3.4976552 -20.75248
-0.8643332 9.301758 3.4980354 -47.671085 2.382345 -24.217482
-0.82602483 9.019233 3.8116856 -59.151085 -2.4126549 -24.74248
-1.2881198 9.009656 2.8108785 -52.046085 -10.742656 -27.19248
-1.446142 9.25866 2.456526 -38.501087 -12.422655 -26.94748
-1.2665714 9.289786 3.2202997 -36.226086 -14.802656 -20.89248
-1.3934679 9.342461 3.4142358 -38.536083 -17.217655 -15.36248
-1.2833313 9.632168 3.1317115 -31.326086 -10.602654 -10.84748
-1.0151725 9.75667 2.8539755 -17.781084 -5.562655 -5.7024803
-0.93616146 9.876384 1.9920366 -4.621085 -6.682655 -2.5174801
-0.9505271 9.715967 1.1253091 6.228915 -5.072655 -0.27748
-0.679974 9.742304 1.2402344 8.153914 -3.042655 0.73752
-0.5865973 9.8548355 1.472479 1.538915 -3.9176548 1.50752
-0.74701375 9.897932 1.2426286 -1.856085 -3.707655 3.2925203
-0.6895511 9.9889145 1.0032011 1.643915 -2.972655 3.43252
-0.44772938 10.055954 0.7972935 5.248915 -4.722655 3.43252
-0.37350687 10.197216 0.8643332 5.773915 -5.1426554 5.0075197
-0.2681588 10.134965 0.94573855 4.3389153 -4.022655 4.34252
-0.4285752 10.197216 0.84039044 4.723915 -4.827655 2.4525201
-0.23463893 10.175668 0.5411061 8.153914 -3.672655 1.78752
-0.25379312 10.05356 0.17717634 11.933916 -1.3976551 2.8025198
-0.2681588 10.005674 0.057462595 12.563915 0.80734503 2.69752
-0.16759923 9.90272 0.19154198 9.693915 1.4723449 0.63252
-0.098165266 9.842864 0.17957062 4.8989153 -6.577655 -0.87248
-0.2370332 9.725544 0.11013664 2.098915 -5.1426554 -2.13248
-0.44772938 9.780613 0.40223816 -3.9560847 -1.502655 -4.09248
-0.25139886 9.814133 0.6656084 -8.051085 -0.487655 -3.2174802
-0.29928434 9.735122 0.45251793 -5.986085 -1.642655 -2.72748
-0.45012367 9.778218 0.409421 -2.731085 -1.572655 -4.79248
-0.3615355 9.708784 0.48124924 -2.8010852 -1.2226549 -4.33748
-0.33759275 9.73991 0.44533512 -3.186085 0.66734505 -2.8674798
-0.5219519 9.538791 0.4189981 -2.6260853 1.087345 -2.97248
-0.5554718 9.514848 0.34716985 -0.771085 -0.34765503 -3.3924801
-0.45251793 9.656111 0.37590113 0.453915 -1.082655 -1.29248
-0.34956414 9.708784 0.25858167 0.9789151 -1.7126551 1.05252
-0.31365 9.75667 0.16281068 0.9789151 -1.502655 1.2625201
-0.3040729 9.77343 0.08140534 -1.226085 -0.59265506 0.38752002
-0.23942748 9.818921 0.21069619 -4.0610847 -0.24265501 -0.87248
-0.20351335 9.703996 0.5147691 -6.2310853 -1.8876551 -1.18748
-0.5794145 9.833286 0.63208854 -7.1410847 -0.627655 -2.48248
-0.37590113 9.79019 0.5889916 -4.726085 1.8923451 -2.41248
-0.35435268 9.850046 0.45012367 -0.736085 2.8723452 0.91252
-0.21548474 9.924269 0.16759923 4.1289153 2.2773452 2.0675201
-0.24421602 9.907509 0.16281068 6.473915 -0.312655 2.5225198
-0.35674694 9.905115 0.27055305 4.4789147 -1.1876551 1.33252
-0.18675344 9.833286 0.5411061 1.0139151 0.7023451 0.49252003
-0.28252444 9.890749 0.17957062 0.208915 2.732345 2.13752
-0.3040729 9.897932 -0.03351985 3.218915 3.957345 2.3825197
-0.29928434 9.957788 0.3040729 3.358915 3.152345 1.4025201
-0.2370332 9.8787775 0.39505535 -0.701085 1.052345 0.94752
-0.2370332 9.8787775 0.3615355 -3.221085 1.6473451 0.73752
-0.20590763 9.799767 0.30886146 -3.6410851 2.4523451 0.31752
-0.339987 9.708784 0.34716985 -2.9410853 1.577345 -0.13747999
-0.3328042 9.718362 0.4070267 -1.226085 -0.767655 -0.48747998
-0.21787901 9.876384 0.505192 0.033915002 -1.7126551 0.21252
-0.19393626 9.912297 0.45491222 0.173915 -1.117655 1.2275201
-0.2777359 9.8237095 0.32801566 0.628915 -0.102655 1.6825202
-0.4932206 9.864412 0.37829542 0.94391495 0.772345 1.08752
-0.34956414 9.909904 0.51716334 -1.4710851 1.122345 0.49252003
-0.15083931 9.955395 0.63208854 0.418915 -0.697655 2.5225198
-0.15083931 10.060742 0.4189981 3.5339148 -1.537655 1.78752
