1.49 9.66 0.65 1.7188734 0.57295775 0.0
1.5999999 9.599999 0.48 0.57295775 -1.1459155 -2.8647888
0.93 9.719999 0.76 4.0107045 -15.469859 -1.7188734
0.79999995 9.75 1.23 12.605071 -18.334648 0.0
0.97999996 9.469999 0.96999997 16.042818 -12.605071 1.1459155
1.14 9.63 0.04 6.8754935 -8.021409 2.8647888
0.98999995 9.73 0.14999999 -1.1459155 -12.032113 1.7188734
0.97999996 9.9 0.68 -2.8647888 -16.615776 2.291831
1.53 9.7 0.59999996 -1.7188734 -10.886198 0.0
1.37 9.599999 0.53999996 -1.7188734 -2.8647888 -1.7188734
1.01 9.639999 0.65999997 -0.57295775 -3.4377468 -1.1459155
1.16 9.67 0.63 8.021409 -4.583662 -0.57295775
1.29 9.88 0.17999999 9.740283 -7.448451 -0.57295775
1.52 10.0199995 -0.48999998 6.3025355 -9.740283 -2.8647888
1.68 10.13 -0.85999995 1.7188734 -8.021409 -6.8754935
1.5799999 9.889999 -1.38 -5.15662 -3.4377468 -7.448451
1.39 9.63 -1.68 -12.032113 -5.7295775 -4.583662
1.49 9.21 -0.96 -2.291831 -11.459155 -2.8647888
1.38 9.16 -0.78999996 18.334648 -20.053522 0.0
1.56 9.15 -1.86 36.09634 -28.07493 3.4377468
1.9399999 9.21 -3.12 38.961132 -34.950428 5.7295775
2.32 9.309999 -3.52 36.669296 -42.971836 4.0107045
2.26 9.25 -3.9499998 32.085636 -45.83662 2.291831
2.1399999 9.26 -4.19 16.042818 -52.139156 7.448451
2.4299998 9.0 -3.9099998 14.323945 -58.441692 8.021409
2.32 9.0199995 -3.04 22.345354 -70.47381 10.31324
2.3799999 9.37 -2.58 27.501974 -76.77634 12.605071
2.62 9.24 -3.08 22.345354 -80.78705 13.178029
2.6399999 9.4 -3.21 13.178029 -86.516624 14.323945
3.1299999 10.059999 -1.9699999 1.7188734 -88.80846 14.323945
3.1299999 9.91 -1.54 -3.4377468 -87.089584 12.032113
2.58 9.91 -0.76 -2.8647888 -88.80846 13.750987
2.9099998 10.15 0.16 9.167324 -98.54874 13.750987
3.49 10.2699995 0.13 27.501974 -100.84057 9.740283
3.61 10.059999 -0.59999996 37.815212 -103.1324 4.583662
3.07 10.0199995 -1.36 21.772396 -104.27831 5.15662
2.87 10.09 -1.91 0.0 -103.1324 5.15662
2.9299998 9.74 -2.07 -20.053522 -99.69466 4.0107045
2.75 9.349999 -1.41 -27.501974 -104.27831 4.0107045
2.53 9.349999 -0.55 -25.210142 -104.85127 5.15662
2.86 9.32 -0.61 -26.929016 -108.289024 3.4377468
2.55 8.7699995 -0.66999996 -37.815212 -105.42423 -1.1459155
1.78 8.95 -0.48999998 -48.128452 -107.716064 5.7295775
2.29 9.33 -0.17999999 -56.72282 -112.29972 10.886198
3.03 8.78 0.17999999 -61.30648 -113.44564 6.3025355
2.51 8.78 1.3399999 -60.160564 -110.58085 2.291831
1.7199999 9.65 2.33 -52.712116 -107.716064 6.8754935
2.6 9.82 2.24 -40.680004 -104.27831 2.291831
2.72 9.03 1.9 -40.107044 -99.69466 -2.291831
1.8299999 9.4 2.4299998 -41.825916 -95.68395 0.57295775
1.9 10.04 2.71 -45.263664 -91.10028 -1.1459155
2.36 9.719999 2.69 -45.83662 -80.78705 -8.594366
1.78 9.17 3.1699998 -40.680004 -77.349304 -9.167324
1.05 9.559999 4.47 -21.199438 -73.91155 -2.291831
1.77 9.42 3.98 -9.740283 -61.879436 -6.3025355
1.0799999 8.889999 3.34 -9.740283 -52.712116 -8.594366
0.28 9.0 4.02 -7.448451 -56.72282 -4.583662
0.29999998 9.59 4.66 4.0107045 -50.420284 1.7188734
1.3399999 9.65 3.8999999 12.032113 -39.53409 0.0
0.9 9.26 3.01 2.8647888 -29.793804 -7.448451
-0.04 9.62 3.1999998 -0.57295775 -26.356058 -1.7188734
0.53999996 9.84 3.1 -3.4377468 -18.334648 -2.8647888
0.97999996 9.46 2.4299998 -8.594366 -13.750987 -9.167324
0.53999996 9.22 2.4099998 -9.167324 -16.615776 -10.31324
-0.099999994 9.12 2.86 -4.0107045 -12.605071 -5.7295775
0.38 9.25 1.8 -6.8754935 -8.021409 -2.8647888
0.26999998 8.96 1.7099999 -14.896902 -5.15662 -6.3025355
-0.39999998 9.17 2.6399999 -12.032113 -4.0107045 -1.7188734
-0.089999996 9.51 2.9299998 -1.1459155 -3.4377468 3.4377468
0.61 9.66 2.4299998 6.3025355 -1.7188734 0.0
0.5 9.62 1.88 8.021409 0.0 -3.4377468
0.22 9.57 1.51 4.583662 2.8647888 -4.0107045
0.049999997 9.51 1.39 2.291831 4.0107045 -2.8647888
-0.06 9.54 1.31 0.0 6.3025355 0.0
0.21 9.73 1.03 -2.8647888 6.3025355 -0.57295775
0.28 9.65 0.89 -4.0107045 2.291831 -3.4377468
0.17999999 9.73 1.3299999 -1.1459155 0.0 -2.8647888
0.45999998 9.389999 2.48 14.896902 -0.57295775 -5.15662
-0.11 9.28 2.44 32.658592 4.583662 -2.291831
0.11 9.44 1.15 37.815212 6.8754935 2.291831
0.42 9.88 -0.049999997 25.7831 10.886198 1.7188734
0.53 9.96 -0.59 10.31324 13.750987 0.0
0.44 9.8 -0.38 2.291831 9.167324 -1.1459155
0.35999998 9.95 0.0 1.7188734 3.4377468 -2.291831
0.57 10.099999 -0.099999994 -0.57295775 4.583662 -4.583662
0.52 9.969999 -0.59 -9.740283 3.4377468 -5.7295775
0.26999998 9.7699995 -0.29 -12.605071 0.0 -6.3025355
0.089999996 9.65 0.61 -5.7295775 0.57295775 -2.8647888
0.08 9.69 0.94 1.7188734 2.291831 -0.57295775
0.32 9.49 0.45 4.0107045 0.57295775 -1.1459155
0.21 9.67 0.41 4.0107045 1.7188734 0.0
0.21 9.73 0.26999998 3.4377468 0.57295775 0.0
0.47 9.67 0.14999999 1.1459155 -2.291831 -1.1459155
0.41 9.61 0.29 -1.1459155 0.0 -2.8647888
0.24 9.69 0.47 -2.291831 -0.57295775 -2.8647888
0.29999998 9.599999 0.39 -4.583662 0.0 -2.8647888
0.25 9.5 0.56 -5.15662 0.57295775 -2.291831
0.049999997 9.48 0.79999995 -4.0107045 1.1459155 0.0
0.02 9.55 0.75 -2.291831 0.0 0.0
0.52 9.7699995 0.58 -1.7188734 -1.1459155 -2.8647888
0.44 9.58 0.53 -2.291831 -1.7188734 -2.291831
0.14 9.66 0.75 -5.15662 0.0 -0.57295775
0.07 9.73 0.77 -4.583662 1.7188734 -0.57295775
0.099999994 9.66 0.87 -1.7188734 -0.57295775 0.0
0.62 9.86 0.97999996 0.57295775 -0.57295775 -1.7188734
0.35999998 9.719999 0.65999997 0.0 2.291831 -4.0107045
-0.24 9.58 0.59999996 -0.57295775 -1.7188734 0.0
-0.07 9.45 0.72999996 0.0 -2.291831 1.1459155
0.34 9.76 1.04 0.0 0.0 -0.57295775
0.29 9.86 0.77 -2.291831 0.57295775 -2.291831
0.26999998 9.71 0.42999998 -8.021409 -1.1459155 -3.4377468
0.06 9.599999 0.84 -8.021409 0.0 -2.291831
-0.02 9.5199995 1.1999999 -2.291831 0.0 -0.57295775
0.29 9.139999 0.97999996 -1.7188734 0.0 -2.291831
0.0 8.809999 1.15 -2.291831 0.57295775 0.0
-0.42999998 9.09 1.5 0.0 3.4377468 4.583662
-0.06 9.55 1.36 6.3025355 -0.57295775 7.448451
0.47 9.79 0.84999996 9.167324 -1.1459155 4.583662
0.39999998 9.96 0.45999998 -1.1459155 1.7188734 1.1459155
0.049999997 9.849999 0.42999998 -8.021409 2.8647888 1.1459155
-0.06 9.78 0.90999997 -6.8754935 3.4377468 2.8647888
0.45 9.82 1.17 -1.1459155 1.7188734 0.0
0.34 9.809999 1.11 2.8647888 1.7188734 0.0
0.08 9.67 0.74 1.7188734 0.0 0.57295775
-0.01 9.57 0.65 0.57295775 1.1459155 3.4377468
0.41 9.94 0.91999996 2.8647888 1.1459155 2.291831
0.31 9.88 0.58 2.8647888 1.1459155 0.0
0.21 9.7699995 0.57 0.0 0.0 0.0
0.08 9.84 0.87 0.0 0.0 0.0
0.29 9.82 0.9 2.291831 0.0 0.0
0.22 9.7 0.71 2.291831 -1.7188734 0.0
0.11 9.73 0.74 0.57295775 -1.7188734 0.0
0.34 9.82 0.83 -0.57295775 0.0 -1.1459155
0.25 9.73 0.63 -4.0107045 0.0 -1.7188734
0.14 9.62 0.78999996 -5.15662 0.0 -1.1459155
0.13 9.61 1.2099999 -1.1459155 0.0 -0.57295775
0.28 9.62 1.48 2.8647888 1.1459155 -0.57295775
0.25 9.34 0.71 -1.1459155 0.0 -1.1459155
0.08 9.3 0.95 -5.15662 1.1459155 0.0
0.02 9.55 1.0699999 -7.448451 2.291831 1.1459155
0.17 9.59 1.03 -8.594366 1.1459155 0.57295775
0.26 9.53 1.29 -4.583662 0.0 0.0
0.089999996 9.469999 1.49 2.291831 2.291831 1.7188734
0.08 9.599999 1.3299999 4.583662 1.7188734 1.7188734
0.26 9.5 0.98999995 5.15662 1.7188734 1.1459155
0.25 9.55 0.84999996 4.0107045 1.7188734 0.57295775
0.089999996 9.679999 0.66999996 0.57295775 0.57295775 1.7188734
0.14 9.7 0.57 -2.291831 1.1459155 1.7188734
0.16 9.61 0.68 -1.1459155 -0.57295775 2.291831
0.22 9.8 1.2099999 1.7188734 -1.1459155 3.4377468
0.48999998 9.87 1.02 1.7188734 0.57295775 1.7188734
0.32999998 9.809999 0.91999996 0.0 0.57295775 0.0
0.19999999 9.639999 1.15 0.0 0.0 1.1459155
0.19 9.7 1.4399999 3.4377468 0.57295775 1.1459155
0.25 9.86 0.96 2.291831 2.8647888 1.7188734
0.45999998 9.9 0.48999998 -2.291831 -0.57295775 -0.57295775
0.48 9.7699995 0.64 -3.4377468 -1.1459155 -1.7188734
0.32999998 9.679999 1.01 -4.0107045 1.1459155 -1.1459155
-0.03 9.599999 1.16 -2.8647888 1.1459155 1.1459155
0.06 9.61 1.43 2.291831 1.1459155 2.8647888
0.42999998 9.8 1.5999999 12.032113 1.1459155 -0.57295775
0.37 9.86 0.39999998 8.594366 0.57295775 -2.8647888
0.08 9.71 0.21 0.0 -1.7188734 -1.7188734
0.17999999 9.679999 0.71 -5.7295775 0.0 -0.57295775
0.35999998 9.639999 1.14 -5.7295775 2.291831 0.0
0.35 9.58 1.36 -0.57295775 2.291831 -1.1459155
