0.9601042 9.802161 0.3519584 3.8491254 -2.27332 -6.073865
1.5754328 9.581888 -0.3615355 10.639125 -9.168321 1.1711351
1.515576 9.613013 -0.18675344 7.629125 -5.6333203 6.3511353
1.333611 9.555551 0.14365649 1.014125 2.27668 5.5111356
1.4126221 9.373586 0.24900457 -0.525875 4.79668 5.896135
1.3910737 9.301758 -0.17957062 4.4091253 4.37668 7.5061355
2.0327394 9.44302 -0.44772938 10.219125 4.8316803 9.746136
2.631308 9.701602 -0.68715686 11.759125 6.9316797 12.476135
2.8276386 10.111023 -1.0941836 12.284125 10.641681 10.831136
2.8348215 10.537204 -1.8555629 15.784125 13.931681 7.4361343
3.241848 10.788602 -3.5674694 20.509125 15.471682 5.896135
4.2043467 11.044789 -5.0136113 16.239124 17.53668 7.5061355
4.786155 11.047184 -5.643306 -2.590875 22.33168 9.676135
4.913052 10.494106 -5.813299 -26.530874 30.62668 7.401135
3.842811 10.271439 -5.28177 -46.725876 39.376682 -2.7138648
3.344802 10.170879 -5.317684 -52.95588 30.48668 -15.593864
3.5770466 10.0200405 -5.3296556 -45.290874 -0.87332 -22.313864
4.5850363 9.8237095 -5.140508 -40.005875 -25.443321 -20.773867
4.925023 9.373586 -4.680807 -42.665874 -34.36832 -15.698865
3.8619652 9.234718 -3.6033835 -46.095875 -37.063316 -18.358866
3.284945 8.741497 -2.5738454 -40.530876 -45.953323 -28.368864
3.0718546 8.758257 -2.578634 -22.260876 -70.13832 -31.798864
3.581835 8.126168 -3.093403 2.099125 -92.643326 -30.573866
3.1676257 7.9681463 -2.0542877 15.7491255 -104.96332 -22.523865
1.8459859 8.274613 -0.31365 11.514126 -105.34832 -16.783865
1.8938714 8.631361 0.46927786 6.369125 -103.66832 -15.768867
3.162837 8.605023 -1.1516461 21.174124 -114.13332 -4.533865
4.4629283 9.086273 -1.7406378 55.369125 -141.85333 35.541134
4.95136 9.490906 -1.4533248 32.794125 -137.61833 42.016132
5.810905 9.522031 0.17238778 -4.025875 -132.82333 39.356136
5.607392 9.517242 1.5514901 -37.87088 -131.77333 31.971136
4.9872746 9.074302 2.813273 -56.315876 -126.45333 20.106136
4.460534 8.561927 3.9840732 -62.965874 -117.35332 11.9861355
4.02717 8.245882 4.9106574 -61.63588 -110.31833 6.946135
3.0263634 7.9489923 5.542746 -51.170876 -105.76832 4.0761347
3.0431232 8.557138 5.8755503 -32.060875 -102.47832 4.741135
4.166038 8.91149 5.5547175 -10.780875 -102.72333 9.081135
4.9609375 9.301758 5.3248672 2.694125 -97.08832 10.306135
3.5315554 9.158101 5.497255 3.7441254 -76.64832 -5.513865
1.6759924 9.356826 5.1021996 1.854125 -56.38332 -24.238865
0.967287 9.507666 4.4820824 -2.590875 -45.67332 -25.953865
1.7047237 9.347249 5.317684 -18.620874 -40.073322 -17.448866
1.6807809 9.301758 6.1054006 -37.765873 -35.27832 -12.688865
0.74222517 9.402317 5.8156934 -36.400875 -36.29332 -17.028866
0.4189981 9.454991 4.8771377 -18.060875 -41.33332 -22.208866
0.08858817 9.438231 4.7095385 -8.190875 -39.58332 -19.268866
0.35914123 9.433443 4.8771377 -11.340875 -30.62332 -12.338864
1.0989721 9.684841 4.3025117 -11.445875 -22.36332 -3.308865
1.2737542 9.866806 3.3304362 -0.980875 -19.45832 1.2761351
0.8356019 10.05356 2.482863 9.169126 -17.74332 -1.768865
0.70631105 9.75667 2.2601955 8.014125 -12.808321 -6.8438654
0.77574503 9.565128 2.3487835 -1.470875 -5.35332 -7.0538654
0.9217958 9.581888 2.545114 -8.505875 -0.17332 -5.443865
1.0582695 9.711179 2.3823035 -7.945875 -1.9583198 -3.553865
1.0582695 9.349643 1.664021 1.504125 -9.44832 -2.538865
1.158829 9.5794935 1.3288225 12.2491255 -14.20832 -2.7488651
1.3024855 9.9889145 1.3024855 15.189125 -13.508321 -1.593865
1.1085492 10.108628 1.4126221 11.514126 -4.61832 -2.4688652
1.2306572 9.857229 0.9601042 7.104125 3.53668 -2.7838652
1.036721 9.675264 0.15323359 9.204124 4.06168 -2.398865
0.9241901 9.816526 0.16041641 12.284125 1.12168 -4.8138647
1.0295382 9.675264 0.69912827 6.754125 1.22668 -7.6138644
0.90503585 9.531608 1.0055954 -5.145875 4.48168 -6.423865
1.0702409 9.57231 0.9122187 -12.285875 10.81668 -3.7638655
1.3647367 9.763853 0.7901107 -2.065875 7.3866806 0.121135004
1.2953026 9.818921 0.37590113 2.624125 3.2216802 -2.3638651
1.2186859 9.677659 0.13886794 0.069125 6.26668 -4.848865
1.1612233 9.37598 0.29928434 -6.7908754 9.836679 -6.2138653
0.845179 9.344854 0.723071 -11.025875 10.29168 -7.8588653
1.0008069 9.545974 0.6464542 -8.120874 8.856681 -7.0538654
1.2665714 9.620196 0.076616794 -1.190875 6.54668 -3.3438652
1.158829 9.615408 -0.057462595 1.539125 4.55168 -1.628865
1.1420691 9.703996 0.05506832 -0.980875 4.9016795 -1.383865
1.2689656 9.804555 0.20590763 -2.870875 4.48168 -0.788865
1.3551595 9.711179 0.13647367 -2.065875 1.54168 -0.403865
1.2306572 9.648928 0.0 -0.38587502 -1.22332 -0.788865
1.0702409 9.699207 0.18196489 -1.715875 -0.66332 -0.788865
1.036721 9.727939 0.4644893 -3.8858747 -0.17332 -0.018864999
1.1492519 9.641745 0.49082634 -2.975875 -0.97832 0.751135
1.201926 9.574705 0.40223816 -0.49087498 -1.57332 1.836135
1.1660118 9.77343 0.5818088 1.154125 -2.4483202 2.361135
1.297697 9.804555 0.2777359 2.9741251 -4.72332 1.871135
1.2138973 9.694419 0.22985038 4.129125 -5.42332 1.4511349
1.0079896 9.629773 0.66321415 0.874125 -5.10832 -0.22886501
1.036721 9.675264 0.90982443 -3.395875 -4.82832 -1.208865
1.324034 9.720756 0.7901107 -3.115875 -4.3383203 0.36613497
1.2953026 9.742304 0.49082634 1.2241249 -5.8783197 1.661135
1.036721 9.742304 0.5123748 3.009125 -6.40332 0.191135
0.9888355 9.70639 0.84996754 -0.630875 -4.30332 -1.523865
1.3264283 9.665688 0.9313729 -4.4108753 -2.27332 -0.823865
1.1540405 9.737515 0.7350424 -3.710875 -1.8183202 1.2761351
1.1348863 9.749487 0.79250497 -1.365875 -0.80332 0.47113502
1.1013664 9.751882 0.89545876 -1.505875 -0.59332 -0.47386503
1.0247496 9.6896305 0.7829279 -1.435875 -1.6783199 -1.208865
1.0415095 9.672871 0.66321415 -0.210875 -1.6433201 -0.683865
1.1660118 9.797373 0.888276 -8.75E-4 -1.08332 0.681135
1.2593886 9.857229 0.845179 -1.155875 -0.24331999 1.696135
1.1205206 9.77343 0.72546524 -0.24587502 -0.87332 0.926135
0.9074302 9.7135725 0.81165916 0.734125 -1.43332 -1.0688651
1.0654523 9.799767 1.0055954 -0.91087496 0.77168 0.64613503
1.3383996 9.8787775 0.8978531 0.804125 1.05168 2.571135
1.2522057 9.828498 0.5027977 3.9541254 0.0016800001 1.836135
1.0223553 9.809344 0.55307746 3.149125 0.17668 -0.683865
1.0462981 9.75667 0.79250497 -0.525875 1.89168 -1.3138651
1.2210802 9.749487 0.8044763 -1.0158751 2.31168 0.016135
1.1540405 9.699207 0.59378016 1.364125 1.4016801 0.051135
1.089395 9.656111 0.5554718 1.854125 1.6466801 -0.858865
1.1109436 9.675264 0.7326481 -8.75E-4 2.03168 -1.0688651
1.0654523 9.656111 0.71828246 -0.560875 2.4516802 -0.64886504
1.0319325 9.668081 0.63208854 0.664125 2.7316802 -0.088865004
