1.31 9.8 -0.17999999 -21.199438 -5.7295775 1.7188734
0.9 9.96 -1.86 -53.285076 -27.501974 10.31324
1.29 9.849999 -0.45999998 -54.43099 -21.772396 8.021409
1.8399999 9.55 1.03 -36.669296 0.57295775 2.8647888
2.32 9.7 1.4399999 -18.334648 18.907606 -2.8647888
1.87 9.88 1.22 -9.740283 17.188732 0.0
1.61 9.99 0.57 -6.3025355 5.7295775 1.1459155
2.47 9.66 -0.65999997 -4.583662 -10.31324 -7.448451
2.27 9.719999 -0.84999996 -2.291831 -16.042818 -3.4377468
2.99 10.139999 -1.38 -0.57295775 -15.469859 0.0
3.57 10.04 -2.6799998 -1.7188734 -17.761692 2.291831
4.12 9.78 -3.22 7.448451 -32.085636 -2.291831
3.57 8.83 -4.11 20.62648 -50.993244 -5.7295775
3.6599998 8.679999 -4.7999997 24.064226 -81.36001 -0.57295775
3.99 8.809999 -5.31 16.615776 -95.68395 9.740283
5.0099998 8.96 -5.5699997 2.8647888 -107.143105 8.594366
5.98 8.92 -5.5 -9.740283 -116.883385 2.291831
6.43 9.139999 -4.7 -17.761692 -124.9048 -2.8647888
6.24 8.82 -4.0299997 -21.199438 -145.53128 1.7188734
7.0299997 8.54 -1.9399999 -11.459155 -159.85522 3.4377468
7.0099998 8.349999 -1.28 1.1459155 -172.4603 5.15662
7.2799997 8.74 -0.53999996 16.042818 -185.06537 9.740283
8.07 8.98 -0.35 31.51268 -194.23268 7.448451
8.12 8.86 -1.6899999 28.64789 -199.96227 1.1459155
8.26 8.76 -2.26 -8.594366 -217.72395 0.0
8.88 8.66 -1.27 -29.220846 -220.58875 1.1459155
9.09 8.44 -0.45999998 -41.25296 -223.45354 2.291831
8.61 8.09 0.97999996 -42.398876 -235.48566 1.7188734
9.42 8.559999 2.04 -41.825916 -234.91269 -8.021409
8.95 7.7999997 2.47 -40.107044 -235.48566 -6.8754935
7.8999996 7.35 3.9499998 -22.91831 -236.05861 -1.1459155
7.94 8.679999 5.04 -16.615776 -216.57805 -5.15662
7.0299997 8.389999 5.0299997 -19.480566 -206.83775 -2.291831
6.1299996 8.87 5.81 -27.501974 -205.11888 2.291831
5.69 9.45 6.77 -35.523384 -192.51381 6.3025355
5.3199997 9.83 7.08 -38.38817 -167.30367 6.8754935
4.5699997 9.32 7.14 -35.523384 -148.96902 2.8647888
4.1 9.71 8.099999 -26.929016 -137.50986 -4.0107045
3.25 10.13 8.04 -17.188732 -114.59156 -5.7295775
2.95 10.0 7.29 -14.896902 -101.41353 -4.0107045
2.02 9.26 6.6 -14.896902 -93.96508 -3.4377468
1.24 9.179999 6.5899997 -15.469859 -85.37071 0.0
1.7099999 9.809999 6.25 -9.740283 -66.463104 -0.57295775
1.29 9.49 5.25 -8.021409 -53.858032 -6.8754935
0.63 9.42 4.8199997 -13.750987 -49.84733 -10.31324
0.34 9.389999 4.75 -18.334648 -42.398876 -8.021409
0.42 9.13 4.64 -17.188732 -33.231552 -6.3025355
0.26999998 8.76 4.24 -12.032113 -28.07493 -4.0107045
-0.01 9.01 4.0899997 -1.1459155 -25.7831 1.1459155
0.41 9.5 3.86 6.8754935 -21.772396 -2.291831
1.37 9.71 3.35 11.459155 -12.605071 -10.886198
0.83 9.429999 2.23 5.15662 -8.021409 -12.032113
0.089999996 9.099999 1.7199999 -5.15662 -9.740283 -6.3025355
0.22999999 9.139999 1.9 -8.594366 -5.15662 -0.57295775
0.62 9.139999 1.86 -5.15662 0.0 0.57295775
0.68 9.429999 1.66 -1.7188734 -3.4377468 -1.1459155
0.58 9.59 1.68 3.4377468 -3.4377468 0.0
0.56 9.73 1.5699999 10.886198 -4.0107045 2.291831
0.75 9.79 1.4699999 15.469859 -5.7295775 0.57295775
0.96999997 10.04 1.0699999 14.896902 -2.8647888 -1.7188734
0.75 10.2 0.28 1.7188734 2.291831 0.57295775
0.93 10.17 -0.089999996 -9.167324 0.0 -1.7188734
0.89 10.05 0.26 -11.459155 -2.8647888 -2.8647888
0.96 10.16 0.83 -8.594366 -4.583662 -4.0107045
0.76 9.9 0.84 -5.15662 -6.3025355 -4.0107045
0.76 9.74 1.1 -1.1459155 -6.3025355 -1.7188734
0.85999995 9.929999 1.14 0.0 0.0 0.0
1.14 9.7699995 0.84999996 2.291831 -1.1459155 -3.4377468
1.06 9.61 0.58 3.4377468 -3.4377468 -7.448451
0.78 9.54 0.44 0.57295775 -1.7188734 -6.3025355
0.66999996 9.48 0.29 -5.15662 0.0 -4.0107045
0.79999995 9.34 0.41 -12.605071 0.0 -2.8647888
0.83 9.34 0.7 -11.459155 1.7188734 -0.57295775
0.77 9.19 0.96 -5.7295775 -1.7188734 -0.57295775
0.71 9.23 1.4 5.15662 -0.57295775 -2.291831
0.82 9.51 1.16 10.886198 1.1459155 -3.4377468
0.83 9.53 0.12 2.8647888 0.0 -4.583662
0.39999998 9.09 -0.29999998 -12.032113 -4.583662 0.57295775
0.79999995 9.679999 1.28 -8.021409 -1.1459155 3.4377468
1.0699999 9.61 1.09 -1.7188734 0.0 1.1459155
0.74 9.4 0.75 0.0 -1.7188734 -1.7188734
0.55 9.4 0.87 -1.1459155 -2.8647888 0.0
0.87 9.929999 0.84 -1.1459155 0.0 2.291831
0.97999996 9.73 0.53999996 -5.15662 -2.291831 -2.291831
0.7 9.51 0.71 -7.448451 -2.291831 -1.1459155
0.45999998 9.429999 1.23 -4.583662 -0.57295775 4.0107045
0.7 9.719999 1.4599999 1.7188734 0.0 3.4377468
1.02 9.76 1.1899999 5.7295775 0.0 0.57295775
0.87 9.74 0.83 5.15662 0.0 0.0
0.81 9.74 0.62 0.57295775 -0.57295775 0.0
0.77 9.7699995 0.71 -1.1459155 0.0 0.0
0.77 9.7 0.62 -3.4377468 0.0 0.0
0.75 9.5 0.71999997 -4.0107045 -1.1459155 0.0
0.65 9.48 1.05 -1.1459155 -1.1459155 0.57295775
0.93 9.74 1.13 0.57295775 -1.7188734 0.0
0.85999995 9.75 0.91999996 0.0 0.57295775 0.0
0.71 9.7699995 0.79999995 -2.291831 1.7188734 1.1459155
0.66999996 9.559999 0.74 -2.291831 -0.57295775 0.57295775
0.90999997 9.66 1.05 3.4377468 -0.57295775 -1.1459155
0.91999996 9.599999 1.15 6.8754935 -0.57295775 -2.291831
0.83 9.75 0.77 2.291831 0.0 -1.7188734
0.57 9.45 0.35 -4.583662 -1.1459155 2.8647888
0.88 9.55 1.3299999 0.0 0.0 3.4377468
1.0699999 9.67 1.3 6.3025355 0.57295775 0.0
0.84999996 9.48 0.62 6.3025355 1.1459155 0.0
0.69 9.26 0.38 0.0 -0.57295775 0.57295775
0.69 9.42 0.59 -6.3025355 0.0 1.1459155
0.96 9.88 0.41 -17.188732 0.0 0.0
1.12 9.82 0.47 -19.480566 -3.4377468 -2.291831
0.93 9.389999 1.4699999 -9.167324 -2.291831 -1.7188734
0.48999998 9.29 2.25 6.3025355 -1.1459155 2.8647888
0.48 9.55 2.0 17.761692 -0.57295775 4.0107045
0.98999995 9.719999 1.14 18.334648 -1.1459155 1.7188734
1.24 9.73 0.45 6.8754935 -1.7188734 0.0
0.64 9.69 0.34 0.0 -0.57295775 1.7188734
0.79999995 9.76 0.47 -5.15662 -1.7188734 1.7188734
1.0 9.67 0.77 -6.8754935 -2.291831 1.1459155
1.11 9.71 1.37 -2.8647888 -2.291831 0.0
0.93 9.719999 1.43 3.4377468 -0.57295775 0.0
0.85999995 9.67 0.96 2.291831 -0.57295775 -1.1459155
0.82 9.49 0.56 -3.4377468 -1.1459155 0.0
0.74 9.429999 0.84999996 -5.7295775 -1.7188734 1.7188734
1.02 9.78 1.11 -4.0107045 0.0 0.0
1.03 9.76 1.04 -4.0107045 0.0 -1.1459155
0.7 9.65 1.0799999 -4.0107045 -1.7188734 0.0
0.82 9.59 1.22 0.0 0.57295775 0.0
0.84 9.59 1.04 3.4377468 1.1459155 0.57295775
0.89 9.599999 0.9 4.583662 -0.57295775 0.0
