1.324034 9.814133 0.2777359 0.83912504 2.4166799 4.426135
1.2091088 9.917087 0.50040346 -2.380875 2.80168 4.951135
1.1899546 9.7135725 0.6201172 -4.025875 0.84168 5.546135
1.1995317 9.61062 0.7972935 -5.040875 1.15668 6.176135
1.3360053 9.660899 0.69673395 -2.660875 2.4166799 6.246135
1.5897985 9.60583 0.48124924 0.76912504 0.84168 5.966135
1.5347302 9.469357 0.6081458 0.314125 1.75168 4.496135
1.3360053 9.25866 0.7733508 -2.905875 4.9366803 3.586135
1.1420691 9.2490835 1.0439038 -4.2358756 8.29668 5.581135
1.4198049 9.411894 0.80208206 0.629125 9.34668 9.3611355
1.8699286 9.670476 0.22985038 8.854124 4.9366803 12.476135
2.047105 9.833286 -0.014365649 10.324124 4.20168 12.336134
2.0542877 10.0200405 -0.27055305 3.8141248 10.641681 12.056135
1.8483802 10.343267 -0.4740664 -5.565875 18.34168 13.001135
1.8316202 10.862824 -0.845179 -11.515876 21.106682 13.071135
2.6720107 11.593079 -2.3487835 -14.070875 22.12168 17.166136
3.615355 11.2004175 -3.5219781 -20.545876 25.23668 24.411135
3.371139 10.587483 -2.944958 -36.890877 36.50668 26.301136
2.7917244 10.436644 -2.8683412 -40.250874 43.156685 15.136135
2.370332 11.1453495 -4.517997 -4.270875 21.001678 -6.3188653
2.4876516 11.403931 -6.1461034 42.489124 -18.30332 -28.053867
2.4469488 10.996904 -6.711152 54.45912 -29.99332 -36.068867
2.6863763 10.458193 -6.3400397 30.834124 -18.898321 -31.308867
2.7342618 10.187639 -5.607392 5.4241247 -28.83832 -23.748865
2.8013015 10.108628 -4.8579836 -12.215876 -45.323322 -21.998867
3.0359404 9.529214 -4.3599744 -22.400875 -53.47832 -19.093866
3.0910087 9.304152 -3.6560576 -27.720877 -62.96332 -15.978866
3.2969165 9.239507 -2.8420043 -30.520874 -73.84832 -13.038864
4.2235007 9.205987 -2.432583 -28.595875 -83.64832 -10.518866
4.577853 8.801354 -2.1237218 -23.485876 -91.313324 -9.538865
4.314483 8.181237 -1.5131817 -21.280874 -97.19333 -12.198865
4.2402606 7.910684 -0.43575802 -22.890875 -96.94832 -16.083864
4.1325183 7.884347 -0.3998439 -21.665876 -102.79332 -18.113865
3.050306 7.8723755 -0.51716334 -13.440875 -117.843315 -20.738865
2.1380875 8.12138 0.4644893 -12.390875 -122.148315 -22.943865
2.796513 8.166871 1.2498114 -46.095875 -81.33832 4.3211355
4.846012 8.772623 1.5634614 -48.475876 -85.64332 21.401134
6.5220046 8.856422 2.6552508 -47.040874 -95.72332 18.706135
5.1093826 8.892337 3.6919718 -47.180874 -95.548325 -3.3438652
3.74704 8.432636 4.2618093 -42.945877 -81.68832 -18.008865
3.7230973 8.111803 4.1780095 -31.290876 -79.27332 -18.218864
3.5890179 8.430242 4.599402 -20.405876 -83.78832 -14.018865
3.4477558 8.741497 5.011217 -14.735875 -80.56832 -12.198865
3.3687446 8.652909 5.138114 -9.940875 -73.53332 -9.678865
3.11974 8.760652 5.1093826 -5.600875 -61.108322 -7.3688655
2.2003386 9.0838785 5.4852834 -3.7458751 -51.02832 -7.648865
1.5586729 9.047964 5.583449 -0.87587494 -53.65332 -8.383865
1.3479767 9.064724 5.9665327 3.5341249 -59.42832 -3.6938648
1.3048798 8.985713 5.7534423 9.029125 -57.188324 1.661135
2.248224 8.758257 5.1237483 14.909124 -47.38832 6.4561353
1.1468576 8.425453 4.9776974 12.739125 -34.893322 8.101135
0.6344828 8.10462 5.31529 5.914125 -17.18332 5.056135
1.376708 8.3129225 5.4230323 5.0041246 -10.7433195 12.266135
1.6879637 8.449396 5.1093826 14.699125 -23.86832 19.091135
1.0008069 8.856422 4.479688 24.989124 -35.17332 15.9411335
1.1947432 9.39274 4.575459 25.479126 -29.78332 11.881135
2.0279508 9.809344 4.1780095 19.949125 -21.27832 13.176135
1.3551595 10.211582 3.4573328 14.524126 -21.20832 10.726135
0.9505271 9.883567 3.7398572 2.554125 -17.39332 -2.7488651
0.8284191 9.718362 3.7087317 -16.205875 -7.0333204 -10.623866
0.9816527 9.601042 3.6297207 -28.245874 2.06668 -12.198865
0.45970076 9.227535 3.7398572 -35.210876 5.95168 -13.248864
-0.2370332 9.287392 3.5914123 -38.885876 5.9866805 -15.8038645
0.57223165 9.411894 3.8236568 -35.490875 6.65168 -16.328865
1.812466 9.447808 3.4238129 -29.785875 7.80668 -5.723865
1.611347 9.529214 2.5044115 -19.285875 11.72668 4.006135
0.5913859 9.371192 1.9585168 -5.460875 14.52668 2.6061351
0.87151605 9.354432 2.1883671 2.484125 13.05668 -3.483865
1.7214836 9.58907 2.2123098 2.239125 8.26168 0.47113502
2.1452703 9.873989 1.8555629 3.149125 8.19168 10.551135
1.9393626 9.955395 1.0582695 9.554126 8.08668 13.631135
1.8316202 9.883567 1.0415095 10.7091255 0.03668 1.556135
1.6616267 9.744699 1.4533248 -1.8558749 6.8966804 -0.368865
1.9034485 9.737515 1.89866 -9.380876 11.30668 -0.613865
1.8842943 9.725544 1.6831752 -6.650875 7.70168 -2.258865
1.4126221 9.670476 1.6783867 -2.0308752 3.57168 -5.653865
1.1420691 9.445415 1.8627458 -2.4858751 4.27168 -5.758865
1.2857256 9.5794935 1.8555629 -1.750875 7.3166795 -0.823865
1.8220432 9.730332 1.5467016 4.4441247 6.40668 4.531135
2.0327394 9.763853 0.84996754 10.7091255 2.8716798 5.966135
1.7837347 9.711179 1.0127783 8.5391245 4.65668 3.061135
1.8268317 9.77343 1.3791022 1.294125 9.97668 1.9761351
2.1644244 9.553157 1.5371244 -0.770875 13.581681 2.1161351
1.9633054 9.620196 1.5395187 1.154125 8.366679 3.621135
1.6712039 9.378374 1.0032011 4.129125 5.8816805 0.576135
1.4940275 9.447808 1.2809371 4.0941253 3.2916799 -0.893865
1.6688095 9.433443 1.3479767 2.1691248 1.15668 0.541135
1.6400782 9.505271 1.5059988 0.874125 0.70168 2.046135
1.6951466 9.584282 1.4221992 0.38412502 1.6466801 1.3811351
1.759792 9.629773 0.9984126 2.029125 -0.17332 0.64613503
1.7190893 9.584282 1.0247496 1.119125 0.07168 -1.4188651
1.3072741 9.253872 1.7430321 -7.9108753 3.11668 -5.618865
1.1971374 9.251478 2.2003386 -18.655874 8.856681 -7.123865
1.4509305 9.478934 2.2266755 -18.340876 12.70668 -2.923865
1.7933118 9.715967 1.5730386 -7.2458754 7.14168 0.506135
1.5778271 9.718362 1.0822122 5.1441255 0.21168001 0.64613503
1.673598 9.682447 0.8978531 7.699125 -1.08332 -0.71886504
1.6424725 9.70639 1.4437478 0.664125 2.9416802 -0.193865
1.7023294 9.668081 1.786129 -7.9808745 5.8466797 -1.6638651
1.4437478 9.464568 1.8292259 -10.150875 4.69168 -3.2038653
1.3647367 9.337671 1.6592325 -5.320875 1.82168 -3.518865
1.5586729 9.567522 1.6281068 0.45412502 -1.36332 -1.558865
2.030345 9.735122 1.6975409 3.884125 -4.16332 1.346135
1.8076775 9.555551 1.7214836 4.6891246 -5.70332 2.536135
1.4365649 9.3831625 1.6879637 2.904125 -4.40832 -0.33386502
1.4581133 9.421472 2.0279508 -0.49087498 -1.08332 -3.553865
1.6951466 9.529214 2.0351336 -2.870875 -0.13832 -2.573865
1.6568382 9.471751 1.6592325 1.0491251 -3.6733198 -0.683865
1.3407938 9.440625 1.6616267 6.439125 -6.2983203 -0.613865
1.647261 9.543579 1.7813405 5.704125 -4.12832 -1.0688651
1.8459859 9.577099 1.7741576 3.4641252 -3.18332 2.291135
1.6688095 9.565128 1.5371244 4.1991253 -3.8483202 0.226135
1.3312168 9.44302 1.6520497 1.469125 -2.13332 -2.4338648
1.2809371 9.325701 1.7190893 -1.9608749 -0.06832 -2.3638651
1.5227587 9.356826 1.6424725 -1.225875 -0.103319995 0.506135
