1.2099999 9.29 0.34 9.167324 1.1459155 -13.750987
1.25 9.38 -0.26 6.3025355 -6.3025355 -10.886198
0.68 9.4 -0.16 -1.1459155 -40.107044 -5.15662
1.13 9.36 -0.19 -17.188732 -49.84733 0.0
1.6999999 8.91 -0.03 -20.053522 -21.772396 -2.8647888
1.15 8.82 0.37 -12.032113 -6.3025355 -1.1459155
1.27 9.01 0.5 -2.291831 -10.31324 -1.7188734
1.43 8.849999 -0.01 13.178029 -17.188732 -5.7295775
1.16 9.19 -0.78999996 26.356058 -24.064226 -7.448451
0.83 9.63 -3.9099998 18.907606 -22.345354 -2.8647888
1.3199999 10.0 -4.65 5.15662 -29.793804 5.7295775
2.07 9.99 -4.74 -0.57295775 -44.11775 7.448451
2.6399999 9.92 -4.47 2.8647888 -50.420284 1.7188734
2.51 9.5199995 -4.5699997 13.178029 -59.58761 -0.57295775
2.37 9.23 -5.2799997 17.761692 -66.463104 0.0
2.11 8.82 -6.2 4.0107045 -87.089584 17.188732
2.8999999 9.29 -5.54 7.448451 -108.86198 21.199438
3.6899998 9.51 -4.23 24.637184 -116.883385 19.480566
4.38 9.969999 -3.86 34.377464 -119.74818 18.334648
4.5699997 10.099999 -4.43 30.366762 -127.76959 20.053522
5.2999997 10.07 -4.63 22.91831 -144.38536 19.480566
5.56 10.0199995 -2.87 28.07493 -150.6879 18.334648
5.9 9.809999 -3.05 28.07493 -154.69861 18.334648
6.1099997 9.63 -2.8999999 24.637184 -158.7093 18.334648
6.33 9.23 -2.53 23.49127 -156.99043 17.761692
6.02 9.32 -2.56 18.907606 -158.13635 20.62648
6.5899997 9.79 -2.6699998 -10.31324 -165.5848 19.480566
6.98 9.54 -2.32 -32.085636 -161.00114 16.042818
6.7 9.3 -1.1999999 -41.25296 -162.72002 16.042818
6.17 9.01 0.01 -37.815212 -169.5955 18.334648
6.5099998 8.82 0.81 -30.939718 -167.30367 16.615776
5.99 8.809999 1.3199999 -25.210142 -162.14705 16.042818
5.8199997 8.929999 1.5699999 -29.793804 -158.13635 13.750987
5.37 9.0 2.48 -32.085636 -146.10423 10.886198
4.31 8.7 2.8 -36.669296 -143.23946 13.750987
4.0299997 9.48 3.62 -40.680004 -142.66649 14.896902
4.49 9.469999 4.13 -46.40958 -140.37466 12.032113
3.8999999 9.29 5.67 -43.544792 -134.64508 5.15662
2.81 9.36 6.87 -18.907606 -111.72677 5.15662
2.49 9.91 7.1099997 -5.15662 -89.95437 8.594366
2.52 10.46 6.18 0.57295775 -72.19268 3.4377468
2.36 10.15 4.69 -4.583662 -65.317184 -5.15662
1.5699999 9.86 4.1 -13.178029 -63.02536 -7.448451
0.83 9.63 4.33 -15.469859 -49.27437 -4.0107045
0.38 8.83 3.46 -12.032113 -35.523384 -2.291831
0.12 8.7699995 3.32 -10.886198 -34.377464 -2.8647888
-0.099999994 9.099999 3.6299999 -4.0107045 -32.658592 1.7188734
0.62 9.5199995 3.1599998 4.583662 -25.210142 1.7188734
1.17 9.57 1.5899999 0.57295775 -17.761692 -5.7295775
0.5 9.33 0.71999997 -16.615776 -13.178029 -9.167324
-0.29999998 9.48 1.31 -26.356058 -19.480566 0.0
0.47 9.599999 1.77 -20.62648 -12.605071 -2.8647888
1.0699999 9.34 1.4399999 -16.615776 -8.021409 -9.740283
0.63 9.179999 1.5899999 -11.459155 -7.448451 -9.167324
0.37 8.86 1.5899999 -5.7295775 -2.8647888 -4.583662
0.42999998 8.65 1.1999999 1.7188734 -0.57295775 -1.1459155
0.59999996 8.76 0.77 6.8754935 -5.7295775 0.0
0.62 8.99 0.56 10.886198 1.1459155 0.0
0.16 9.23 0.29 14.896902 1.7188734 4.0107045
0.35 9.45 -0.049999997 15.469859 0.0 5.7295775
0.78 9.889999 -0.48999998 9.740283 1.7188734 6.3025355
1.0 10.16 -0.84999996 -1.7188734 0.0 1.1459155
0.72999996 10.059999 -0.75 -8.021409 -4.0107045 0.0
0.37 9.98 -0.35999998 -11.459155 -7.448451 3.4377468
0.63 10.17 0.19999999 -10.31324 -5.7295775 2.291831
1.0 10.05 0.35999998 -8.594366 -2.291831 -1.1459155
0.77 9.87 0.37 -8.021409 -2.291831 -0.57295775
0.71 9.96 0.71999997 -4.583662 -1.1459155 -0.57295775
0.88 9.92 0.44 -2.291831 -0.57295775 -1.7188734
0.89 9.84 0.31 -4.583662 -1.7188734 -4.583662
0.78999996 9.9 0.08 -10.31324 0.0 -4.0107045
0.59999996 9.91 0.11 -17.761692 2.8647888 -1.7188734
0.63 9.7699995 0.65999997 -15.469859 0.0 -1.7188734
0.81 9.71 0.96 -1.1459155 1.1459155 -2.8647888
0.85999995 9.8 0.7 3.4377468 2.8647888 -4.583662
0.69 9.74 0.26999998 4.583662 2.291831 -4.583662
0.42 9.57 -0.03 1.7188734 0.57295775 -2.291831
0.58 9.61 0.0 -1.1459155 0.0 -0.57295775
0.9 9.65 0.02 -2.291831 0.57295775 -3.4377468
0.39 9.51 0.24 -0.57295775 -0.57295775 -2.8647888
0.56 9.62 0.12 -1.1459155 0.57295775 -0.57295775
0.71 9.63 0.0 -2.8647888 0.57295775 -1.7188734
0.22 9.62 0.35999998 -0.57295775 -0.57295775 0.0
0.42999998 9.559999 0.47 1.7188734 -0.57295775 1.1459155
0.78 9.5199995 0.59 2.291831 0.0 0.0
0.61 9.809999 1.15 13.750987 1.1459155 -0.57295775
0.65999997 9.75 0.48999998 15.469859 3.4377468 -3.4377468
0.66999996 9.54 -0.62 3.4377468 2.291831 -3.4377468
0.39 9.63 -0.79999995 -8.594366 0.0 -0.57295775
0.59 9.58 -0.53999996 -13.178029 -1.7188734 -3.4377468
0.53999996 9.32 -0.07 -13.178029 -2.8647888 -4.0107045
0.01 9.53 1.1 -4.583662 -0.57295775 3.4377468
0.64 9.74 0.81 0.57295775 0.57295775 4.0107045
0.90999997 9.88 0.45999998 1.1459155 2.291831 1.1459155
0.87 10.12 0.38 1.7188734 0.57295775 -2.8647888
0.68 9.87 -0.11 -0.57295775 -0.57295775 -5.7295775
0.35999998 9.62 -0.049999997 -8.021409 0.0 -3.4377468
0.16 9.5 0.48999998 -9.167324 1.1459155 1.1459155
0.35 9.5199995 0.63 -4.583662 -0.57295775 1.1459155
0.85999995 9.679999 0.81 1.1459155 0.57295775 -1.7188734
0.72999996 9.69 0.68 5.15662 1.1459155 -3.4377468
0.29 9.469999 0.39999998 4.0107045 -1.7188734 -1.1459155
0.19999999 9.41 0.58 4.0107045 0.0 2.8647888
0.84 9.67 0.58 9.740283 1.1459155 1.1459155
0.84 9.69 0.19 12.032113 1.1459155 -2.8647888
0.34 9.639999 -0.13 7.448451 1.7188734 -4.0107045
0.11 9.639999 -0.03 0.0 -1.7188734 0.0
0.29 9.59 0.35 -2.8647888 -1.7188734 2.8647888
0.55 9.71 0.61 0.0 1.1459155 1.1459155
0.74 9.73 0.39 2.291831 1.1459155 -1.1459155
0.5 9.61 0.37 4.583662 0.57295775 0.0
