3.3400133 9.5483675 1.3910737 -2.08425 5.6030803 1.8588501
3.337619 9.478934 1.5658557 -0.019250002 2.59308 1.68385
3.6464806 9.419077 1.0079896 7.08575 -4.0919204 3.2588499
3.5315554 9.402317 0.6656084 13.07075 -6.26192 1.9638501
3.3615618 9.277815 0.6488485 10.44575 -3.00692 -0.10115
3.3088877 9.184438 0.8475733 3.72575 -2.93692 -1.11615
3.4118416 9.170073 1.2665714 -2.57425 -3.77692 -0.52115
3.3950818 9.088667 1.5490957 -5.37425 -2.27192 0.03885
3.3687446 9.0288105 1.4078336 -2.85425 -0.13692002 -0.38114998
3.3040993 9.007262 1.2354459 2.53575 -0.03192 -0.90615
3.4740927 8.956982 0.9792584 5.82575 -1.25692 -0.90615
3.5554981 8.875577 0.9481328 5.82575 -0.73192 0.03885
3.4214187 8.820508 0.9385557 4.21575 0.98308 -0.20615
3.519584 8.846846 0.43575802 5.2307496 2.20808 -0.66115004
3.7015488 8.825297 0.07901107 8.20575 2.27808 0.45885003
3.7350688 8.858817 -0.15323359 9.29075 1.15808 1.5438501
3.7925313 8.913885 -0.7446195 9.22075 2.13808 2.6988502
4.1013927 8.913885 -1.7166951 11.0407505 6.0230803 4.9738503
4.790944 8.672064 -2.9760835 14.855748 4.76308 6.96885
4.8747435 8.614601 -2.9210153 13.840751 -3.3919199 5.91885
4.192375 8.7822 -2.47568 3.5857503 -12.59692 1.0188501
3.5985951 9.047964 -2.3559663 -5.79425 -13.75192 -4.89615
4.1780095 9.009656 -3.1436827 -4.95425 -13.29692 -4.51115
4.9537544 8.897125 -3.9529476 1.6257501 -18.26692 1.3688501
5.03516 8.729526 -4.2737803 6.87575 -27.99692 4.30885
4.1397014 8.810931 -4.106181 3.4107502 -37.58692 -0.90615
3.7709827 8.779806 -3.6871831 -6.98425 -45.356922 -7.94115
3.8571768 8.593052 -3.318465 -18.77925 -54.701923 -8.78115
4.4389853 7.884347 -3.213117 -27.38925 -60.371925 -4.61615
4.640105 7.4868975 -2.875524 -30.609251 -64.53692 -1.8861501
4.4389853 7.9609637 -2.1740015 -31.69425 -75.246925 0.49385
5.1812105 8.0687065 -2.4541316 -21.43925 -98.55692 10.22385
5.724711 8.339259 -2.3368123 -13.17925 -112.97691 14.213851
6.5220046 8.961771 -2.300898 -12.86425 -119.45192 15.19385
7.26423 9.138947 -1.7645805 -21.68425 -117.45692 13.863851
7.292961 9.098245 -0.97446984 -38.48425 -108.25192 8.29885
7.125362 8.801354 -0.13886794 -52.83425 -100.166916 4.9038506
6.9673395 8.564321 0.5363176 -58.889248 -100.166916 4.30885
7.039168 8.217151 0.7805336 -58.224255 -107.27192 3.04885
7.0104365 8.099832 1.4006507 -58.32925 -111.15692 1.9288502
6.711152 7.944204 2.4948344 -61.54925 -106.57192 2.17385
6.5124273 7.8388557 2.9617178 -59.729248 -97.471924 2.55885
6.996071 7.884347 2.8874955 -49.649254 -99.11692 3.4338498
7.3049326 8.075889 2.5403256 -40.89925 -108.21693 4.83385
6.6704497 8.099832 3.1508656 -45.41425 -105.17192 2.20885
5.854002 8.085466 4.249838 -59.86925 -88.79192 -2.58615
6.114978 8.20518 4.7095385 -67.91925 -74.51192 -3.35615
6.1556807 8.078283 4.723904 -63.75425 -69.50692 -3.35615
5.621757 7.7167478 5.147691 -55.214252 -68.17692 -10.25115
4.745453 7.9130783 5.7223167 -45.90425 -62.61192 -18.686152
4.625739 8.095043 4.9776974 -27.004251 -59.63692 -21.416151
4.537151 8.296163 3.0622776 2.60575 -67.09193 -20.47115
4.781367 8.341654 2.8803127 16.81575 -68.456924 -16.936152
4.5946136 8.310528 3.7685885 -2.01425 -58.09692 -12.77115
3.6297207 8.614601 4.0966043 -22.83925 -45.07692 -12.87615
3.929005 8.760652 3.605778 -25.39425 -40.35192 -14.346149
4.4485626 8.796566 3.6632404 -24.37925 -41.646923 -8.85115
3.6369035 8.609812 4.529968 -34.03925 -36.88692 -5.49115
2.8156672 8.684034 5.0998054 -44.819252 -24.28692 -10.91615
3.46691 8.758257 4.7143273 -43.45425 -17.18192 -12.14115
3.6991546 8.73192 4.120547 -32.35925 -19.17692 -4.68615
2.545114 8.856422 3.991256 -22.90925 -20.191921 -2.2011502
2.7294734 9.107821 3.9840732 -20.984251 -16.06192 -8.29115
3.6201434 9.124581 3.8212626 -23.259249 -11.47692 -6.3661504
3.562681 8.707977 4.1588554 -25.32425 -6.68192 0.49385
2.4277947 8.427847 4.5539107 -29.03425 0.28307998 -1.74615
2.2506182 8.557138 4.6472874 -27.52925 4.97308 -11.72115
3.213117 8.741497 3.9050622 -0.61425 -3.14692 -1.8161501
3.2969165 8.801354 3.2969165 11.18075 -2.97192 3.4688501
3.0981915 9.000079 2.691165 16.78075 -0.59191996 2.27885
3.4884584 9.186832 2.3559663 16.39575 -0.13692002 2.27885
3.9002736 9.138947 2.0686533 12.125751 2.13808 2.38385
3.562681 9.1628895 1.7262721 5.82575 11.308081 -0.06615
3.0000262 8.91628 1.8316202 -0.33425 18.30808 -5.21115
2.762993 8.803748 2.1548474 -3.20425 14.31808 -8.151151
2.9617178 8.760652 2.0710478 -0.15924999 6.40808 -5.91115
3.1317115 8.700794 1.8244374 3.93575 4.16808 -0.27615002
2.865947 8.530801 1.8459859 6.42075 4.58808 2.20885
2.7749646 8.616995 1.924997 8.520751 1.08808 2.55885
3.5171897 9.04557 2.2458298 10.13075 -3.9519198 6.37385
3.9768906 9.091062 2.0806248 14.645751 -7.83692 11.6938505
3.6895776 9.107821 1.3479767 22.10075 -6.64692 11.41385
3.6105664 9.110215 0.7709565 26.510752 -6.33192 7.2138505
3.929005 9.215564 1.0439038 20.80575 -6.50692 5.1138496
4.1588554 9.153313 1.0582695 10.550751 -1.57192 5.56885
3.9577363 9.031204 0.9888355 5.2307496 3.29308 3.9938502
3.6488748 8.952193 1.0032011 2.6407502 5.42808 -0.45115
3.3519847 8.988108 1.3312168 -0.36925 4.58808 -3.84615
3.581835 9.026416 1.403045 -1.1742501 3.22308 -2.7611501
3.8859081 9.081485 1.1995317 1.8707502 2.5230799 1.7888501
3.9074564 9.059936 0.9026416 5.82575 3.15308 5.14885
3.9505534 9.016839 1.0941836 6.3157506 1.82308 3.9938502
3.9577363 8.923462 1.1540405 3.7607503 -3.25192 0.87885
3.8021083 9.009656 1.0798179 2.0457501 -7.10192 -1.9561499
3.7614057 8.971348 1.0295382 0.15575 -2.79692 -2.5511498
3.7063375 8.995291 1.2258687 -2.08425 3.04808 -1.9561499
3.7614057 9.170073 1.3982565 -3.13425 0.91308 -3.0761502
3.756617 9.244295 1.3623424 -2.15425 -2.65692 -3.1461499
3.7542229 9.1628895 1.063058 1.27575 -1.71192 -1.60615
3.806897 9.220352 1.0151725 4.8457503 0.49308 -0.10115
3.9481592 9.402317 1.1396748 4.1457496 1.92808 1.08885
4.02717 9.287392 0.9313729 2.08075 2.87308 0.94885
3.840417 9.203592 0.75659084 2.9207501 2.10308 -0.41615
3.5435266 9.182044 1.0486923 2.08075 2.55808 -2.69115
3.6823947 9.110215 1.3479767 -3.16925 5.11308 -4.30115
3.833234 8.971348 1.5490957 -7.22925 7.7030797 -3.53115
3.553104 9.021627 1.3288225 0.120749995 4.41308 -3.04115
3.5507095 9.000079 1.0343267 5.5807505 0.52808005 -3.84615
3.7207031 8.978531 0.9816527 4.46075 -1.2919201 -3.18115
3.7063375 8.985713 1.0462981 -0.92925 1.47308 -2.83115
3.5243726 8.923462 1.4006507 -5.23425 4.86808 -3.00615
3.4884584 8.827691 1.5897985 -4.84925 3.36308 -3.39115
3.6129606 8.837268 1.5131817 -0.26424998 -0.17192 -2.3061502
3.459727 8.906702 1.1061549 5.19575 -1.3619201 -1.60615
3.4118416 8.913885 1.0079896 7.12075 0.038080003 -0.55615
3.5866237 8.959376 1.132492 4.7407503 1.47308 1.3688501
3.8212626 9.115005 1.132492 2.7457502 1.05308 2.62885
3.929005 9.143736 0.7709565 2.67575 1.15808 2.5938501
3.6895776 9.002473 0.61293435 1.27575 3.04808 -0.48615003
3.469304 8.79896 0.94095 -5.54925 6.16308 -4.51115
