0.14365649 9.627379 -0.023942748 -0.561085 -0.487655 6.79252
0.409421 9.404712 0.11492519 -3.396085 2.697345 -0.27748
0.9601042 9.603436 0.12689656 -11.131085 8.472345 -1.71248
0.9960183 9.814133 0.052674048 -15.156086 9.347345 4.06252
0.65124273 9.804555 0.076616794 -3.466085 -7.312655 5.6375203
0.6153286 9.677659 0.19633053 -0.001085 -8.782655 0.03752
0.54350036 9.627379 0.4285752 -2.1360848 -4.932655 -2.27248
0.52674043 9.648928 0.5027977 -4.341085 -2.972655 -1.8174801
0.52674043 9.7135725 0.53871185 -4.0610847 -4.337655 -1.08248
0.6847626 9.732727 0.46927786 -2.2060852 -3.8826551 0.21252
0.6249057 9.70639 0.36871833 -0.59608495 -2.2726552 1.50752
0.5794145 9.742304 0.32083282 1.328915 -1.3976551 2.0675201
0.65363705 9.680053 0.19633053 2.9039152 0.212345 1.64752
0.5219519 9.6896305 0.12450229 3.358915 1.787345 1.57752
0.54828894 9.730332 0.016759925 3.6739151 2.4173448 1.6125201
0.5961744 9.761458 0.05027977 3.4989152 3.012345 1.9625201
0.6057515 9.742304 0.12210801 1.5739151 3.5373452 2.8725202
0.5961744 9.701602 0.14605077 -1.7860851 4.272345 3.50252
0.6703969 9.720756 0.34956414 -3.9210854 5.882345 3.53752
0.71588814 9.73991 0.45491222 -5.251085 7.632345 3.99252
0.7039168 9.802161 0.44533512 -4.236085 6.6173453 4.58752
0.77574503 9.766247 0.26337022 0.103915006 3.4323452 3.7825198
0.90982443 9.797373 0.105348095 4.058915 1.367345 2.8725202
0.8739103 9.835681 0.14126222 4.1289153 3.047345 3.39752
0.7302538 9.897932 0.05027977 0.208915 7.352345 3.99252
0.94095 9.857229 0.32083282 -8.926085 15.612344 3.7825198
1.0606637 9.73991 0.54350036 -12.391085 18.167345 5.21752
0.9577099 9.711179 0.7948992 -9.556086 15.997346 4.34252
0.8978531 9.703996 0.42139238 -0.561085 11.027346 2.10252
0.9864412 9.780613 -0.14365649 9.063914 9.452346 0.91252
0.92658436 9.943423 -0.54828894 12.353915 12.217344 0.84252
1.0439038 10.084685 -0.9026416 9.028915 14.527345 -0.45248002
1.0343267 10.28341 -1.4844503 3.148915 17.082344 -1.18748
0.9577099 10.743111 -2.5666625 -1.646085 23.242346 -0.94247997
1.4150164 10.819728 -3.6895776 -5.951085 31.222345 -0.66248
1.5634614 10.700014 -3.9744961 -14.1760845 34.582348 1.57752
1.7741576 10.589877 -3.8452053 -25.726086 34.337345 2.2775202
1.786129 10.515655 -3.7877429 -30.766085 29.577345 -0.41748002
1.4652961 10.518049 -3.9242165 -22.996084 15.262344 -4.7224803
1.3910737 10.235525 -4.4030714 -6.756085 -0.55765504 -10.602481
1.201926 9.900327 -4.5084195 7.628915 -9.832656 -15.85248
1.0343267 9.759064 -4.3432145 15.678914 -18.092655 -17.32248
1.4078336 9.720756 -4.3432145 24.568916 -36.957657 -8.992479
2.142876 9.885961 -4.393494 25.268915 -45.567654 -2.16748
2.4852571 9.890749 -4.2665977 22.958916 -55.332653 -0.06748
2.4062462 10.012857 -3.799714 21.173916 -66.84766 -4.09248
2.3200524 9.93624 -3.624932 21.138914 -75.35265 -6.15748
2.631308 9.890749 -3.5938065 18.093916 -82.42266 -3.9874802
3.4238129 9.893144 -3.1317115 6.3689156 -90.19266 -2.65748
3.2250881 9.660899 -2.152453 -9.5910845 -97.12265 -6.0524797
2.7414446 9.445415 -0.9313729 -24.081085 -96.947655 -12.56248
2.317658 9.069513 0.105348095 -29.961086 -90.29766 -15.81748
2.4876516 8.995291 0.08140534 -22.156086 -83.68265 -12.52748
2.691165 8.909097 0.31365 -8.646085 -81.37266 -6.57748
2.3392065 8.674458 1.4485363 0.208915 -90.61265 -5.5624804
2.5044115 9.059936 1.8771114 9.833915 -98.24265 -6.12248
3.0359404 8.791777 1.3695252 25.968916 -90.71766 0.42252
2.3152637 8.475733 0.86912173 39.198917 -71.29266 4.41252
1.7621863 9.608225 1.2713599 41.753918 -55.332653 5.3225203
2.8803127 11.126195 1.6879637 38.043915 -68.457664 17.152521
4.0750556 10.853248 1.8866886 32.023914 -109.932655 27.547522
3.4262073 10.901134 2.6624336 14.803916 -116.37265 21.66752
2.2625897 10.987327 3.2107224 -10.396085 -83.15765 7.17752
2.0351336 10.711986 3.083826 -30.206085 -57.607655 -3.7774801
1.7526091 9.976943 1.951334 -39.796085 -43.012657 -10.84748
0.9289786 9.232324 2.5115943 -44.591084 -27.542656 -18.72248
0.6560313 9.364009 3.459727 -48.021088 -10.462654 -20.717482
1.0199611 9.098245 1.8292259 -32.341087 -12.037655 -15.012481
0.7134939 8.545167 0.6440599 -1.1560851 -34.087658 -10.217481
-0.2657645 8.439818 0.31365 15.188915 -47.562653 -5.38748
-0.17957062 9.229929 2.142876 9.903915 -48.017654 1.0175201
0.71588814 9.830893 3.6392977 -4.621085 -64.60765 15.367521
1.3000913 10.180456 3.5052183 -7.9110847 -88.23266 24.152521
0.9337672 10.398335 3.962525 -1.8210851 -86.62266 19.987518
0.22266756 9.957788 4.149278 -4.656085 -63.87265 9.34752
-0.26337022 9.387952 3.7350688 -12.321085 -40.702656 -3.1824799
-1.0247496 9.356826 2.8420043 -7.7710853 -1.082655 -8.60748
-0.81644773 9.663293 2.8156672 -1.261085 1.192345 -1.29248
-0.50758624 9.984126 2.9569294 3.358915 -9.202656 2.8725202
-0.60335726 9.998491 2.803696 9.308915 -13.052655 1.4725201
-0.6560313 9.943423 2.918621 14.208915 -9.622656 0.52752
-0.36871833 9.842864 2.2314641 19.248915 -4.897655 3.36252
-0.24900457 9.90272 1.4221992 22.853916 0.072345 4.93752
-0.35674694 9.730332 0.66321415 20.228916 3.6773448 0.31752
-0.34477556 9.45978 0.6344828 10.463916 7.9823456 -5.42248
-0.50758624 9.404712 1.0223553 -1.646085 12.077346 -7.2074804
-0.52913475 9.174861 0.71828246 -7.526085 11.867345 -8.85248
-0.8356019 8.973742 0.37590113 -7.946085 10.292345 -9.30748
-0.35674694 8.877971 0.2849187 -8.996085 12.007344 -5.3524804
-0.43815228 9.27542 0.83081335 -10.431086 8.892345 0.91252
-0.06464542 9.5483675 0.88109314 -8.016085 -1.502655 4.41252
0.021548472 9.677659 0.54350036 -2.346085 -4.337655 4.55252
0.083799616 9.596253 0.33519846 0.208915 -1.2226549 3.43252
-0.019154198 9.483723 0.18435916 -2.3810852 3.257345 1.89252
-0.021548472 9.567522 0.17717634 -6.371085 6.162345 0.00252
0.047885496 9.632168 0.32801566 -9.766085 5.112345 -0.66248
0.08619389 9.783007 0.5985687 -11.866085 3.5373452 0.45752
0.11971374 9.859624 0.18196489 -9.451086 3.6423452 2.41752
0.08858817 10.058349 -0.026337024 -3.431085 5.497345 3.88752
0.45730647 10.111023 0.15083931 -1.961085 5.707345 4.7275195
0.51716334 10.017646 0.16520496 -4.726085 4.832345 5.3225203
0.23942748 10.032011 0.32562137 -7.0710855 4.4823456 2.7675202
0.23942748 10.178062 0.44533512 -8.786085 5.707345 0.91252
0.37350687 10.3193245 0.23224466 -7.806085 7.7723455 2.1725202
0.6296943 10.355239 0.18675344 -5.111085 5.602345 1.57752
0.53392327 10.292988 0.25139886 -5.776085 4.167345 -0.90748006
0.20351335 10.261862 0.2681588 -8.366085 6.8273454 -3.2874799
0.339987 10.192428 0.6296943 -8.016085 8.367345 -4.86248
0.30167863 10.230737 0.8475733 -7.281085 7.2473454 -2.76248
0.19633053 10.161303 0.5219519 -3.5360851 7.1773453 0.24752
0.5243462 10.139753 0.3519584 3.6039152 6.372345 1.6825202
0.6201172 10.091868 0.11492519 8.748915 3.257345 2.90752
0.5698374 9.929058 -0.11971374 10.568915 1.5073451 2.7675202
0.25139886 9.914692 0.19633053 8.888915 3.117345 -0.48747998
0.1987248 9.835681 0.4189981 3.1139147 3.6423452 -3.49748
0.28731298 9.7135725 0.17957062 2.623915 1.9273449 -0.66248
0.30167863 9.747093 0.14844504 4.863915 -1.1876551 0.00252
0.27294734 9.802161 0.12689656 3.6389148 -1.957655 -0.38248
0.36871833 9.799767 0.39505535 0.313915 -0.55765504 -0.76748
0.34477556 9.883567 0.46927786 -1.366085 1.9623449 -0.41748002
0.3328042 9.818921 0.36871833 1.258915 0.737345 -1.36248
0.19154198 9.60583 0.2681588 3.078915 -1.8876551 -3.04248
0.083799616 9.629773 0.40463245 1.5739151 0.42234498 -3.00748
0.18435916 9.72315 0.34477556 1.0139151 3.012345 -1.18748
0.27294734 9.735122 0.14844504 3.043915 2.4523451 -0.13747999
0.22745611 9.660899 0.071828246 3.7089152 1.017345 -0.94247997
0.17238778 9.653716 0.04070267 1.5039151 2.2423449 -1.4674801
0.2657645 9.684841 0.028731298 -0.87608504 3.467345 -0.90748006
0.17717634 9.727939 0.11971374 -2.1010852 2.8723452 -1.4674801
0.26097596 9.862018 0.18435916 -2.591085 2.382345 -1.5374801
0.26337022 9.794978 0.03351985 -1.121085 0.45734504 -0.9774801
-0.038308397 9.694419 0.05985687 -0.351085 -1.257655 -1.9924802
-0.035914123 9.768641 0.25139886 -2.276085 1.9273449 -2.37748
0.42618093 10.039194 0.2561874 -2.731085 3.082345 0.59752005
