-0.089999996 10.87 -2.6 35.523384 -16.615776 -6.3025355
0.19999999 10.4 -0.69 1.7188734 -28.64789 8.021409
1.89 10.0 -1.92 -1.7188734 -37.815212 22.91831
1.35 10.4 -2.4299998 8.021409 -40.107044 10.886198
1.0 9.74 -2.03 8.594366 -34.377464 -9.167324
0.95 9.66 -1.5699999 6.8754935 -29.793804 -15.469859
0.48999998 10.389999 -2.56 10.886198 -20.62648 -19.480566
0.96999997 10.3 -3.07 10.886198 -14.323945 -10.31324
0.5 10.25 -1.92 -3.4377468 -14.323945 -7.448451
1.13 9.74 -2.27 -1.7188734 -18.334648 -2.8647888
1.0699999 10.099999 -2.31 -1.1459155 -18.334648 -4.0107045
1.39 9.98 -2.6599998 -1.7188734 -18.907606 -5.7295775
0.96 9.469999 -2.1599998 -9.740283 -12.605071 -1.7188734
0.95 9.679999 -1.9 -11.459155 -13.750987 -1.1459155
1.29 9.7 -2.98 -7.448451 -22.91831 0.0
1.28 9.639999 -2.9399998 0.0 -32.658592 -1.7188734
1.09 9.29 -2.46 -5.15662 -36.09634 -2.8647888
0.87 8.82 -2.18 -8.594366 -38.961132 -6.3025355
0.03 8.71 -0.51 -14.323945 -40.107044 -5.7295775
-0.42999998 9.099999 0.52 -5.15662 -49.27437 2.291831
0.26 9.66 -0.7 6.8754935 -51.5662 9.167324
1.64 10.37 -1.99 28.07493 -28.07493 39.53409
2.78 10.41 -2.12 21.199438 -41.25296 31.51268
2.6799998 10.469999 -2.51 20.62648 -48.128452 17.761692
1.43 10.57 -3.35 12.605071 -53.858032 -7.448451
0.56 10.28 -3.05 -11.459155 -63.02536 -13.750987
0.72999996 10.0 -1.0799999 -27.501974 -68.18198 -9.740283
1.1999999 9.849999 -0.26 -41.25296 -71.04677 0.0
1.1 10.19 1.03 -38.961132 -61.879436 0.57295775
1.6899999 10.37 0.78999996 -26.356058 -64.17127 -1.1459155
1.29 10.67 0.51 -9.740283 -64.17127 -13.750987
0.63 10.46 0.47 -2.8647888 -56.72282 -21.199438
0.38 10.21 0.22 2.291831 -49.84733 -16.615776
0.79999995 10.5199995 -0.29999998 8.594366 -48.128452 -8.594366
1.14 10.2699995 -0.55 13.750987 -50.420284 -3.4377468
0.84 10.21 -1.4 22.345354 -50.993244 -8.021409
0.52 10.5 -1.6999999 24.064226 -49.84733 -15.469859
0.91999996 10.45 -2.09 16.615776 -53.858032 -11.459155
0.78 10.04 -1.9 3.4377468 -56.14986 -7.448451
0.42999998 10.08 -0.88 -12.032113 -60.733524 -6.3025355
1.03 10.059999 -0.66999996 -14.323945 -61.879436 -2.8647888
0.85999995 9.87 -0.72999996 -10.886198 -56.72282 -4.583662
0.55 9.9 -0.5 -9.740283 -56.14986 -6.8754935
0.74 9.96 -0.32999998 -5.15662 -60.160564 -8.021409
1.05 10.29 -0.91999996 0.0 -65.317184 -8.594366
0.64 10.36 -1.61 1.1459155 -50.420284 -13.750987
0.19 9.71 -1.43 -2.8647888 -45.263664 -12.032113
0.51 10.33 -0.52 -19.480566 -54.43099 -10.31324
0.78 10.599999 -0.45999998 -22.91831 -71.04677 -9.167324
0.90999997 10.24 -0.48 -11.459155 -71.61973 -5.7295775
0.78999996 9.929999 -0.47 -2.8647888 -73.33859 -1.7188734
0.5 10.16 0.13 -1.1459155 -77.349304 -9.167324
0.51 10.08 0.22 0.57295775 -85.37071 -14.323945
0.16 9.349999 -0.01 3.4377468 -89.95437 -14.896902
0.0 9.58 0.26999998 4.0107045 -86.516624 -9.167324
0.63 9.849999 -0.06 16.042818 -79.06818 6.8754935
0.58 9.849999 -0.21 20.053522 -77.922264 5.7295775
0.65999997 10.28 -0.26999998 24.064226 -78.49522 2.291831
0.93 10.54 -0.48 23.49127 -80.78705 0.57295775
0.84999996 10.66 -0.96999997 16.615776 -82.50592 -4.0107045
0.32999998 10.46 -0.59 1.7188734 -73.33859 -8.021409
0.47 10.099999 0.07 -13.178029 -73.33859 -4.0107045
0.62 10.219999 0.45 -19.480566 -75.057465 -5.7295775
0.32 10.059999 0.56 -17.188732 -72.76564 -9.167324
0.13 9.9 0.53999996 -13.178029 -71.04677 -8.594366
0.35 10.49 0.44 -12.605071 -69.32789 -8.021409
0.71999997 10.059999 -1.02 -12.032113 -60.733524 -14.323945
0.16 9.809999 -1.09 -17.761692 -57.868736 -19.480566
-0.7 9.679999 0.24 -34.950428 -59.58761 -21.199438
-0.29 9.9 1.37 -33.231552 -72.76564 -9.167324
0.22 9.639999 1.55 -22.91831 -72.76564 -7.448451
0.32999998 9.45 1.35 -1.1459155 -69.900856 -12.605071
-0.08 10.08 1.35 10.886198 -73.91155 -20.62648
-0.5 9.75 1.0799999 12.605071 -71.04677 -17.188732
-1.03 9.3 0.98999995 14.323945 -60.733524 -13.178029
-0.44 9.95 1.26 11.459155 -64.17127 -9.167324
-0.5 9.969999 1.36 9.740283 -66.463104 -4.583662
-0.53999996 10.41 0.85999995 19.480566 -56.14986 0.0
0.12 10.53 0.22 28.64789 -52.139156 1.1459155
0.08 10.44 -0.14 24.637184 -57.29578 -2.8647888
-0.47 10.11 0.11 16.042818 -53.858032 -6.8754935
-0.53999996 10.46 0.32999998 2.8647888 -56.14986 -10.886198
-0.81 9.92 0.53999996 -5.7295775 -51.5662 -11.459155
-0.90999997 9.8 1.14 -10.886198 -47.555496 -7.448451
-0.58 10.07 1.4399999 -12.605071 -50.993244 -9.167324
-0.59 9.969999 1.22 -9.740283 -45.263664 -7.448451
-1.05 9.51 1.24 -2.8647888 -33.80451 -4.583662
-1.0799999 10.08 1.03 0.0 -38.961132 -9.167324
-0.68 10.36 0.94 0.0 -42.398876 -10.886198
-0.63 9.929999 1.05 -3.4377468 -36.09634 -5.15662
-1.02 9.8 1.13 -5.15662 -34.377464 -6.3025355
-1.28 9.99 1.3199999 -4.583662 -33.231552 -12.605071
-1.1 9.8 1.3 -5.15662 -33.231552 -10.886198
-1.04 9.36 1.41 -6.3025355 -29.793804 -6.8754935
-1.3 9.469999 1.55 -6.8754935 -26.929016 -7.448451
-1.0 8.96 1.49 -6.3025355 -24.064226 -9.167324
-1.5799999 8.92 1.5 -2.8647888 -21.199438 -8.021409
-1.86 9.53 0.61 1.7188734 -5.7295775 -8.021409
-1.86 9.71 0.61 4.583662 -0.57295775 -5.15662
-1.25 9.639999 0.06 0.57295775 3.4377468 2.291831
-1.09 9.4 0.42 -6.3025355 -2.291831 3.4377468
-1.39 10.059999 1.3 -6.8754935 -18.907606 -2.8647888
-1.05 9.7699995 0.82 1.7188734 -21.772396 -3.4377468
-1.4699999 9.639999 0.39 0.57295775 -12.032113 -3.4377468
-1.8399999 9.48 1.28 -12.032113 -10.886198 -0.57295775
-1.36 9.58 1.8 -14.896902 -14.323945 1.7188734
-1.3 9.62 1.31 -8.594366 -9.167324 4.0107045
-1.62 9.679999 1.1899999 2.291831 -1.1459155 3.4377468
-1.22 9.83 1.18 5.7295775 -7.448451 5.15662
-1.1 9.95 0.88 10.31324 -10.886198 5.7295775
-1.3399999 10.099999 0.35 12.032113 -4.0107045 4.583662
-1.16 10.08 0.21 8.021409 -1.1459155 2.8647888
-0.91999996 10.36 0.31 -0.57295775 -5.15662 2.291831
-1.04 10.38 0.45 -6.8754935 0.0 2.8647888
-1.13 9.98 0.53 -9.740283 0.57295775 1.7188734
-1.27 10.19 1.0799999 -11.459155 -2.8647888 -2.291831
-0.79999995 10.179999 0.55 -6.3025355 -2.8647888 -1.1459155
-1.0 10.13 0.31 -2.291831 1.7188734 -1.7188734
-1.28 10.21 0.89 -6.8754935 -1.1459155 -4.583662
-0.96 10.349999 0.71999997 -4.0107045 -4.0107045 -2.8647888
-0.98999995 9.969999 0.0 2.291831 2.291831 -0.57295775
-1.62 9.91 0.5 -0.57295775 2.291831 -4.0107045
-1.27 10.139999 1.09 -2.8647888 -6.3025355 -1.1459155
-0.59999996 10.13 0.83 0.0 -7.448451 0.57295775
-0.78 10.219999 0.24 12.032113 0.57295775 0.0
-1.29 10.139999 -0.099999994 11.459155 0.57295775 -4.0107045
-1.1999999 9.8 0.08 1.7188734 0.57295775 -3.4377468
-1.27 9.41 0.22999999 -6.3025355 3.4377468 0.0
-1.42 9.48 0.45 -6.3025355 6.3025355 -1.7188734
-0.97999996 10.01 0.64 -1.1459155 3.4377468 1.7188734
-0.53999996 10.25 0.19 3.4377468 -1.7188734 4.583662
-1.09 10.38 0.01 2.8647888 0.57295775 1.1459155
-1.27 10.11 0.35999998 -4.0107045 2.8647888 -2.8647888
-0.88 9.86 0.88 -9.740283 -1.1459155 0.57295775
-0.97999996 9.75 0.78999996 -3.4377468 -3.4377468 0.57295775
-1.35 9.92 0.59999996 7.448451 -2.8647888 -3.4377468
-1.01 10.01 0.24 10.31324 -4.583662 -1.1459155
-1.02 9.96 0.24 6.3025355 -1.7188734 1.1459155
-1.16 9.91 0.31 1.7188734 1.7188734 0.57295775
-0.90999997 9.889999 0.31 1.1459155 -2.291831 0.0
-1.14 9.92 0.29999998 0.57295775 -2.291831 -0.57295775
-1.23 9.7699995 0.26 0.0 -0.57295775 -1.7188734
-1.28 9.719999 0.29999998 0.0 -1.7188734 -1.7188734
-1.17 9.76 0.34 0.0 -2.291831 -0.57295775
-1.05 9.87 0.35 1.1459155 -2.291831 3.4377468
-1.05 9.92 0.14 4.0107045 -1.1459155 2.291831
-1.12 10.32 0.0 2.291831 -1.7188734 -1.7188734
-0.97999996 10.13 0.24 -4.583662 -2.291831 0.57295775
