1.2833313 9.735122 0.0047885496 2.32141 3.6698902 11.476781
1.7741576 10.077502 -0.14365649 3.6864102 4.26489 21.55678
1.5059988 9.993703 -0.17478207 4.4214096 2.93489 19.31678
0.749408 9.926663 -0.12689656 4.70141 0.34489 8.15178
0.5027977 9.838076 -0.0047885496 1.37641 -0.28511 -6.19822
0.5818088 9.744699 0.08619389 -1.3885901 0.48489 -2.8382201
0.71828246 9.747093 0.12450229 -3.27859 2.6898901 0.41678002
0.7972935 9.881172 0.34716985 -3.62859 1.6398901 1.15178
0.8667275 9.974549 0.4644893 -2.05359 -0.00511 0.52178
0.87630457 9.864412 0.28970724 1.02641 -0.18011 -0.70322
0.749408 9.802161 0.20111908 2.04141 0.30989 -1.1582199
0.6344828 9.692024 0.4668836 -0.58359 2.09489 -1.22822
0.749408 9.581888 0.5554718 -3.3835902 5.24489 -0.14321999
0.85236186 9.505271 0.5650489 -3.20859 7.2398896 1.08178
0.67757976 9.553157 0.4956149 -1.2485901 7.6948895 0.80178
0.52913475 9.531608 0.5219519 0.32641003 8.49989 -0.21321999
0.42618093 9.495694 0.48124924 2.07641 9.094891 0.20678
0.53871185 9.565128 0.3304099 5.0164104 7.8348904 1.60678
0.7685622 9.694419 0.3519584 6.27641 6.88989 3.81178
1.1348863 9.816526 0.2944958 5.68141 7.8348904 6.19178
1.2833313 9.749487 0.16281068 5.1914105 8.91989 6.6817803
1.0151725 9.648928 -0.021548472 4.3864098 10.07489 3.60178
0.87151605 9.593859 -0.05506832 2.14641 12.66489 -0.07322
1.0534809 9.44302 -0.031125572 -1.8785902 17.28489 0.06678
1.0151725 9.550762 -0.15323359 -4.25859 20.64489 2.23678
1.3168511 9.866806 -0.58420306 -1.91359 21.37989 3.42678
1.7238779 10.139753 -1.201926 2.74141 18.75489 4.44178
1.9034485 10.230737 -1.5059988 5.68141 17.214891 4.6167803
1.8747171 10.369604 -1.7430321 7.39641 16.61989 2.51678
1.9896424 10.271439 -2.5594797 10.896411 15.63989 -0.56322
1.9633054 10.111023 -3.328042 15.27141 15.35989 -2.97822
1.6664152 9.914692 -4.1181526 17.26641 15.81489 -4.8332205
1.333611 9.802161 -4.652076 17.756409 14.93989 -8.5432205
1.1300977 9.859624 -4.8148866 16.04141 9.26989 -12.21822
1.3383996 9.77343 -4.8579836 12.506411 -2.66511 -13.23322
1.1516461 9.6896305 -4.9178405 8.06141 -18.13511 -12.7082205
1.0606637 9.529214 -4.826858 1.79641 -27.48011 -11.76322
1.132492 9.37598 -4.3791285 -6.9885902 -31.890108 -9.83822
1.3886794 9.500483 -3.7685885 -16.33359 -36.090107 -6.82822
1.2713599 9.687236 -3.3519847 -21.303589 -44.63011 -4.41322
1.2881198 9.732727 -3.093403 -16.29859 -64.65011 -6.44322
1.5730386 9.627379 -2.9689007 -12.553591 -70.77511 -5.91822
1.664021 9.749487 -2.516383 -11.43359 -73.890114 -5.91822
1.7526091 9.761458 -2.152453 -10.24359 -76.34011 -7.38822
1.7957062 9.792584 -1.8268317 -6.77859 -82.710106 -8.96322
1.6328955 9.862018 -1.7693691 -2.57859 -92.37011 -8.64822
1.7214836 9.943423 -1.9800652 -0.51359 -99.125114 -5.2882204
2.4014575 9.871595 -1.5012103 -7.3735895 -99.30011 -0.87821996
2.8204558 9.941029 -0.6943397 -21.44359 -96.29011 1.67678
2.7390504 9.735122 0.047885496 -32.748592 -92.8251 -1.92822
2.1835787 9.246689 1.158829 -35.23359 -85.405106 -12.078219
1.7693691 9.411894 1.7789462 -24.733591 -83.83011 -21.598219
2.1069617 9.866806 1.4054393 -3.0335898 -93.17511 -22.05322
2.9090438 9.809344 0.6751855 17.161411 -102.41511 -15.85822
2.7342618 9.478934 1.1181264 22.971413 -101.33011 -15.263219
1.7143008 9.873989 1.3719195 21.18641 -96.220116 -20.79322
1.6951466 10.573117 0.58420306 22.971413 -95.765114 -18.09822
2.2841382 10.1206 0.73743665 19.226408 -96.04511 -10.60822
2.3152637 9.325701 2.3775148 2.14641 -87.225105 -12.358221
1.1109436 9.265843 3.5483153 -10.34859 -76.41011 -20.723219
0.967287 9.282603 2.7773588 0.74641 -70.67011 -22.298222
1.7789462 9.373586 1.1085492 27.06641 -71.65011 -14.10822
1.9178141 9.526819 0.7446195 42.92141 -73.435104 -2.76822
1.6855695 9.737515 1.0726352 40.71641 -70.91511 0.69677997
2.013585 9.811738 0.46209505 34.20641 -70.63511 -0.03822
1.9441512 9.428655 0.1340794 26.156408 -69.025116 2.1317801
0.9768641 9.296969 1.6041641 6.73141 -58.035107 1.15178
0.49082634 9.577099 2.9665065 -16.99859 -45.43511 -3.71322
1.297697 9.675264 3.2250881 -23.858591 -53.38011 -0.56322
1.0750294 9.653716 3.031152 -16.718588 -68.08011 5.14178
0.0670397 9.850046 3.7733772 -16.508589 -61.675106 1.74678
-0.4836435 10.1206 5.008823 -29.21359 -40.57011 -4.97322
-0.12689656 9.929058 5.9210415 -42.79359 -30.070112 -5.77822
-0.49082634 9.814133 5.90907 -49.26859 -23.700111 -3.08322
-1.1540405 9.761458 5.2027593 -42.898586 -8.405109 -4.86822
-1.2354459 9.957788 4.810098 -28.47859 4.4748898 -6.33822
-0.88588166 10.127783 3.5890179 -11.01359 6.81989 -2.66322
-0.18675344 10.077502 2.516383 8.131411 1.21989 2.51678
-0.4189981 10.058349 1.9369683 17.126411 -2.31511 4.47678
-0.8475733 10.029617 1.9321798 3.09141 14.27489 -1.9982201
-0.7302538 9.964972 1.7717633 0.36141002 12.45489 -2.06822
-0.4740664 9.933846 1.2929084 3.37141 7.6248903 -1.54322
-0.37829542 9.897932 0.95531565 4.1064095 6.9248896 -2.76822
-0.7781393 9.742304 1.0941836 -0.58359 11.36989 -4.27322
-0.9768641 9.663293 1.4341706 -4.5385904 15.219892 -4.4482203
-0.70631105 9.584282 1.0846065 -2.22859 14.86989 -2.06822
-0.65363705 9.730332 0.72785956 3.37141 14.134891 -0.56322
-0.69912827 9.641745 0.35914123 6.4514103 14.239891 -0.14321999
-0.76616794 9.596253 0.5770202 5.6464105 13.18989 -0.28322
-0.6296943 9.816526 0.6177229 3.9314098 11.57989 1.32678
-0.43096948 9.8787775 0.03351985 6.52141 11.40489 4.02178
-0.42139238 9.725544 -0.24182175 7.7814107 12.20989 4.12678
-0.45491222 9.632168 0.04070267 2.18141 13.11989 1.08178
-0.46209505 9.651321 0.30167863 -4.22359 11.89489 -1.12322
-0.56744313 9.670476 0.45730647 -7.9685903 12.66489 -0.94822
-0.63208854 9.692024 0.32562137 -6.81359 14.134891 0.69677997
-0.37590113 9.763853 0.32562137 -1.2135899 11.0898905 2.51678
-0.22985038 9.900327 0.009577099 5.4714103 1.6398901 4.02178
-0.21309046 9.96976 -0.102953814 8.02641 0.13489 4.6167803
-0.10774237 9.929058 -0.16281068 3.51141 6.4698896 4.65178
-0.17717634 9.93624 0.11013664 -1.07359 9.584889 3.84678
-0.21309046 9.881172 0.0670397 -2.0885901 7.13489 2.3417802
-0.17238778 9.8787775 -0.09577099 0.71141 1.8498899 0.87178
-0.25379312 9.8237095 -0.28013015 2.25141 0.02989 0.41678002
-0.41181526 9.754275 0.17478207 -0.023589998 2.4798899 0.13678001
-0.35435268 9.771035 0.5027977 -3.69859 4.5448904 0.59177995
-0.25379312 9.749487 0.3040729 -2.64859 1.8148899 1.5717801
-0.339987 9.651321 -0.11013664 2.42641 -2.17511 1.53678
-0.5219519 9.495694 -0.15802214 3.8964102 -0.35511 1.43178
-0.71828246 9.342461 -0.17957062 -0.47858998 3.52989 1.15178
-0.37590113 9.45978 0.36871833 -6.4635897 6.67989 1.0117799
-0.22745611 9.63935 0.5411061 -11.81859 7.8698907 3.6367798
-0.19633053 9.763853 0.339987 -10.62859 5.73489 5.94678
-0.09337672 9.852441 0.36632404 -3.7335896 -0.18011 4.86178
-0.18914771 9.862018 0.48124924 -2.01859 -2.8751101 4.3017797
-0.3519584 9.8548355 0.5865973 -6.00859 6.22489 3.25178
-0.13168511 9.914692 0.7110996 -2.9635901 2.1648898 3.21678
-0.011971374 9.888355 0.3304099 2.9514098 -1.1251099 3.95178
-0.03351985 9.921875 0.09577099 5.0164104 -0.28511 3.60178
0.011971374 10.00328 0.3232271 2.11141 1.6398901 2.6917799
0.035914123 10.022434 0.2849187 0.39641002 0.51989 2.23678
-0.10774237 10.024829 0.08619389 0.67641 0.76489 1.5717801
-0.0071828244 9.929058 0.28013015 -0.93359005 0.90489006 0.97678
0.05506832 9.953 0.4166038 -2.0885901 -0.21511 0.03178
-0.09577099 9.991309 0.47885495 -2.01859 -1.40511 -1.4032199
-0.2466103 9.90272 0.57223165 -1.73859 -1.26511 -2.55822
-0.25858167 9.802161 0.54350036 -1.42359 0.51989 -1.61322
-0.13647367 9.794978 0.5698374 -0.26859 0.90489006 -0.42322
-0.11971374 9.8237095 0.40463245 1.37641 0.65989 0.38178003
-0.20590763 9.77343 0.32801566 2.4964101 0.58989 0.24178
-0.2370332 9.718362 0.32083282 1.86641 1.88489 0.24178
-0.22266756 9.668081 0.40463245 1.6914101 1.60489 0.90677994
-0.13168511 9.799767 0.43096948 2.7064102 -0.42511 1.08178
-0.04070267 9.799767 0.15083931 4.49141 -1.47511 1.92178
-0.11253092 9.70639 0.052674048 4.70141 -0.11011 1.7117801
-0.32083282 9.646533 0.12929083 1.5514101 1.67489 -0.59822
-0.36632404 9.651321 0.36871833 -1.94859 2.4798899 -2.34822
-0.12450229 9.737515 0.24421602 -2.01859 1.39489 -0.73822004
