1.39 10.0 0.17999999 25.210142 5.15662 -3.4377468
0.84 9.8 -1.11 5.15662 -54.43099 0.57295775
0.19 9.639999 -0.41 4.583662 -85.37071 16.042818
0.81 9.86 0.02 12.032113 -64.17127 21.772396
2.06 10.32 -0.57 15.469859 -31.51268 13.178029
2.51 10.75 -1.2099999 10.886198 -21.772396 3.4377468
2.47 10.95 -1.6899999 6.3025355 -29.793804 -4.583662
2.46 10.5199995 -2.01 12.032113 -40.107044 -10.31324
2.3899999 10.059999 -2.6599998 13.750987 -41.825916 -8.021409
2.6399999 9.889999 -3.0 11.459155 -44.11775 -2.8647888
2.9399998 10.05 -3.1 12.032113 -54.43099 0.57295775
2.8799999 9.84 -3.29 20.053522 -64.74423 2.291831
2.6299999 9.66 -3.04 36.09634 -75.630424 4.583662
2.8 9.969999 -3.1999998 55.00395 -92.81916 9.740283
4.13 10.469999 -4.19 41.25296 -105.997185 1.7188734
4.47 10.45 -4.98 14.896902 -113.44564 1.1459155
4.18 9.7699995 -4.45 -2.8647888 -122.61296 3.4377468
4.08 9.37 -2.79 -2.291831 -134.07211 6.8754935
4.41 8.87 -1.55 9.167324 -140.94762 9.167324
4.47 9.32 -0.25 30.366762 -148.96902 14.896902
5.24 9.73 -0.71999997 34.377464 -151.26085 14.323945
5.38 9.58 -0.93 26.929016 -147.8231 9.740283
4.44 9.21 -0.77 12.605071 -149.54198 13.750987
4.48 9.33 -0.35 -5.7295775 -156.99043 18.907606
4.65 9.309999 0.59 -21.199438 -163.86592 20.62648
4.5499997 8.91 1.99 -17.761692 -167.30367 21.772396
4.08 9.28 2.9199998 -10.31324 -166.15775 21.199438
4.29 10.349999 3.6799998 -9.167324 -158.7093 13.178029
4.23 10.2699995 3.7099998 -16.042818 -148.39606 4.583662
3.6499999 10.0199995 4.14 -24.064226 -137.50986 2.291831
2.7 9.92 4.47 -27.501974 -118.60226 1.7188734
2.36 9.58 4.33 -26.929016 -105.997185 -2.291831
1.51 9.03 3.84 -28.64789 -99.69466 -4.583662
1.17 9.49 4.7799997 -25.210142 -102.55944 -4.583662
1.42 9.849999 4.95 -14.323945 -89.38142 -8.021409
1.0699999 9.36 3.84 -9.740283 -79.06818 -13.178029
0.0 8.63 3.54 -20.62648 -89.38142 -6.3025355
-0.41 9.25 4.8399997 -18.907606 -79.06818 2.291831
0.61 9.889999 5.18 -14.896902 -59.58761 -3.4377468
1.02 9.59 4.25 -17.761692 -48.701412 -13.178029
-0.19999999 9.0 4.24 -14.896902 -51.5662 -10.31324
-0.78999996 9.24 5.0899997 -2.291831 -43.544792 -3.4377468
-0.099999994 9.139999 3.9199998 8.021409 -21.772396 -5.7295775
-0.69 9.11 3.1899998 6.3025355 -21.199438 -5.15662
-0.58 9.41 2.95 1.7188734 -20.053522 -1.1459155
-0.089999996 9.639999 2.82 0.57295775 -12.605071 -1.1459155
-0.07 9.38 2.07 0.0 -8.021409 -6.3025355
-0.62 8.809999 1.62 -4.0107045 -12.032113 -8.021409
-0.71999997 9.13 2.1299999 -4.0107045 -7.448451 0.57295775
-0.22999999 9.349999 2.1499999 1.7188734 0.57295775 0.0
-0.12 9.38 1.64 5.15662 -4.0107045 -3.4377468
-0.25 9.26 1.22 4.0107045 -5.15662 -1.7188734
-0.24 9.599999 1.23 1.7188734 0.0 0.57295775
0.049999997 9.75 0.82 -2.291831 1.7188734 -1.1459155
-0.08 9.54 0.74 -6.3025355 -1.1459155 -2.291831
0.17999999 9.71 0.87 -5.15662 0.57295775 -2.291831
0.26 9.86 0.61 -3.4377468 4.0107045 -3.4377468
-0.089999996 9.55 0.17999999 -2.8647888 1.7188734 -3.4377468
-0.32 9.429999 0.44 -2.8647888 -4.0107045 0.0
-0.04 9.679999 0.88 0.0 -4.0107045 2.291831
0.29999998 9.83 0.76 6.3025355 0.0 1.7188734
0.39 9.94 0.55 6.3025355 -1.7188734 -1.7188734
0.29999998 9.96 0.24 2.291831 -3.4377468 -3.4377468
0.22999999 9.889999 0.16 -2.8647888 -4.583662 -4.583662
0.26 9.63 0.31 -9.167324 -2.291831 -5.15662
-0.01 9.61 0.56 -9.740283 -1.7188734 0.57295775
0.0 9.67 1.3 -1.1459155 -4.0107045 3.4377468
0.26999998 9.969999 1.18 8.021409 -1.7188734 2.291831
0.44 10.03 0.62 9.740283 0.0 -0.57295775
0.32 9.91 0.31 4.583662 0.0 -4.0107045
-0.01 9.76 0.39 0.57295775 0.0 -2.291831
0.03 9.82 0.48 0.0 -1.7188734 -1.7188734
0.14999999 9.67 0.39 -1.1459155 -2.291831 -2.8647888
-0.02 9.5199995 0.62 -1.7188734 -2.291831 -0.57295775
0.02 9.78 1.05 1.1459155 1.1459155 0.0
0.19999999 9.75 0.84 1.7188734 1.7188734 -2.291831
0.14 9.719999 0.65 1.7188734 0.0 -2.8647888
0.0 9.599999 0.61 2.291831 0.0 -1.7188734
0.0 9.41 0.53999996 0.57295775 0.0 -1.1459155
-0.07 9.46 0.71 2.291831 1.1459155 1.1459155
0.06 9.58 0.66999996 5.7295775 0.57295775 2.291831
0.24 9.55 0.51 8.021409 -0.57295775 0.57295775
0.19 9.69 0.26 8.021409 0.0 0.0
0.11 9.66 0.08 0.0 0.0 0.0
-0.049999997 9.55 0.089999996 -3.4377468 -1.1459155 1.7188734
-0.11 9.559999 0.56 -1.1459155 -1.7188734 1.7188734
0.17 9.51 0.78999996 2.8647888 -1.7188734 0.0
0.35999998 9.57 0.77 4.583662 1.1459155 -2.8647888
-0.04 9.37 0.38 1.1459155 -0.57295775 0.0
-0.089999996 9.48 0.93 1.7188734 -3.4377468 5.7295775
0.24 9.65 0.90999997 8.021409 0.57295775 4.583662
0.25 9.78 0.45999998 9.167324 0.57295775 1.1459155
0.089999996 9.65 0.13 3.4377468 0.0 0.57295775
0.01 9.7 0.37 -2.291831 0.0 2.8647888
0.12 9.78 0.61 -2.8647888 1.7188734 2.8647888
0.17999999 9.76 0.48999998 -0.57295775 1.7188734 0.0
0.06 9.719999 0.51 0.0 0.57295775 0.0
0.12 9.58 0.52 1.1459155 0.0 0.0
0.19999999 9.61 0.58 2.291831 1.1459155 0.57295775
0.14 9.53 0.39999998 1.7188734 0.57295775 1.7188734
-0.03 9.49 0.45999998 2.8647888 0.0 4.583662
0.35999998 9.719999 0.39999998 2.8647888 1.1459155 3.4377468
0.32 9.78 0.25 2.291831 0.57295775 1.1459155
0.11 9.65 0.17999999 1.1459155 -0.57295775 1.1459155
0.22999999 9.719999 0.37 -0.57295775 -1.1459155 2.8647888
