2.2961094 9.419077 0.24900457 -9.213645 10.257975 2.0228252
2.4613144 9.399923 0.46927786 -9.633645 4.797975 6.362825
2.3128695 9.428655 0.6440599 -8.338646 1.997975 6.5028253
2.264984 9.411894 0.6296943 -5.783645 4.272975 3.177825
2.281744 9.488511 0.53871185 -1.758645 3.6429749 0.832825
2.2003386 9.500483 0.46209505 1.8113551 2.207975 0.237825
2.2554069 9.557945 0.5219519 2.1263552 4.132975 0.412825
2.3846977 9.574705 0.72546524 -0.11364501 7.037975 1.3578249
2.52596 9.598648 0.51716334 -1.4786451 7.982975 1.777825
2.3655436 9.543579 0.50040346 0.061355002 7.667975 1.252825
2.1332989 9.371192 0.6703969 1.2163551 7.212975 -1.022175
2.0183737 9.196409 0.70870537 0.026355 7.8079753 -3.0871751
2.116539 9.136553 0.4956149 -0.043645002 9.557975 -2.352175
2.3416007 9.150918 0.17238778 5.661355 11.307976 1.567825
2.3846977 9.277815 -0.43815228 8.601355 7.8429756 0.93782496
2.5403256 9.3592205 -1.0558752 10.141355 5.532975 0.377825
2.7582045 9.488511 -1.8651401 8.636355 4.657975 1.637825
2.9593236 9.672871 -2.0973847 -1.4436451 3.887975 3.8078249
2.8013015 9.912297 -1.664021 -17.788645 6.7929754 3.877825
3.1077688 9.950606 -1.8795058 -26.258646 10.012976 2.897825
3.981679 9.929058 -2.7222905 -19.783644 8.157975 4.262825
4.225895 9.953 -3.4309957 -7.7086453 0.667975 2.967825
3.8021083 9.953 -4.008016 -0.043645002 -7.7670255 -3.6821752
3.3567734 9.72315 -4.120547 -0.9186451 -13.402025 -10.612175
3.328042 9.555551 -4.1373067 -4.733645 -19.072023 -13.412174
3.4262073 9.371192 -4.5443335 -5.993645 -28.907024 -12.747175
3.4429672 9.28021 -4.398283 -9.248646 -40.212025 -10.472176
3.4166303 9.268238 -3.5219781 -19.538647 -52.217026 -7.672175
3.5602865 9.186832 -2.9234095 -28.708645 -63.802025 -4.837175
4.652076 9.215564 -2.569057 -30.178644 -73.84703 -0.357175
4.73827 9.170073 -1.6496553 -29.758646 -85.817024 3.177825
4.520391 9.076695 -0.723071 -28.918646 -96.107025 -2.562175
4.4725056 9.227535 -0.3328042 -24.298645 -103.94703 -6.9371753
4.743058 9.404712 -0.9601042 -12.398645 -109.47703 -4.837175
5.2314906 9.7135725 -1.3216397 -1.303645 -112.942024 -0.0071750004
5.873156 9.481328 -0.4932206 -7.043645 -115.67203 3.352825
5.727105 9.440625 0.5698374 -27.798645 -115.84703 1.042825
5.2482505 9.3280945 1.1229149 -42.568645 -113.32703 -6.4471745
4.786155 9.088667 1.462902 -43.898647 -110.247025 -13.937175
4.2546263 8.719949 2.0854135 -43.933643 -101.637024 -18.137177
3.9002736 8.528407 2.6337023 -46.348644 -90.08703 -20.377176
2.5475085 8.79896 3.1748085 -42.428642 -85.817024 -20.587175
2.135693 8.940222 3.799714 -30.143642 -86.692024 -20.972174
3.5770466 8.664881 3.5004299 -14.008644 -84.48703 -13.797175
5.2937417 9.222747 2.5331428 6.046355 -76.68203 5.837825
6.6345353 9.811738 2.0279508 25.366354 -61.982025 23.162827
6.3927135 9.349643 1.5850099 37.651356 -55.507023 24.527826
4.2594147 9.050359 2.0183737 37.616356 -62.05203 2.5478249
3.1412885 8.956982 2.49244 21.026356 -55.43703 -22.302176
3.1676257 8.794171 3.4309957 -7.183645 -34.367027 -26.502176
3.1508656 8.856422 4.659259 -42.883648 -37.657024 -11.102176
2.52596 8.729526 5.1261425 -34.448647 -58.762024 -17.192175
2.2027328 8.779806 4.7885494 -25.278645 -64.08203 -23.422174
1.8411974 8.672064 4.5898247 -29.478642 -46.932022 -21.392174
0.85954463 8.466156 5.312896 -43.793648 -30.587025 -20.132175
0.25379312 8.7534685 6.646507 -54.258644 -28.137026 -24.647175
0.81165916 8.528407 7.355212 -50.478645 -35.767025 -25.172176
0.35674694 8.432636 6.0455437 -30.948647 -32.302025 -20.412176
-0.45251793 8.880365 5.1045938 -15.093646 -13.647024 -15.932175
0.1987248 9.076695 5.305713 -17.753645 1.262975 -10.5071745
0.54828894 9.014444 4.7526355 -25.663645 14.772975 -7.427175
0.7302538 9.543579 2.2769554 -19.083647 32.097977 -1.6871749
0.7134939 9.692024 1.8531687 -15.373646 39.937977 0.412825
0.8667275 9.411894 3.816474 -33.503647 33.077976 -7.882175
0.95531565 9.131764 4.312089 -45.508644 17.817974 -17.402174
0.38068968 9.450203 2.9401696 -32.418644 12.042975 -18.452175
0.13168511 9.510059 3.0096035 -18.243645 12.602976 -15.9671755
0.52913475 9.04557 3.991256 -18.873646 9.487975 -12.852175
0.7015225 9.371192 3.7302802 -16.003645 2.907975 -8.302175
1.211503 9.725544 3.2921278 -0.148645 -3.287025 -2.072175
1.3192455 9.725544 3.1412885 9.546354 -5.597025 1.007825
0.87630457 9.629773 3.067066 6.046355 1.717975 -2.1771748
1.1229149 9.581888 2.8803127 2.021355 11.097976 -3.227175
1.3647367 9.581888 2.4349775 5.2413554 10.152975 -0.077175
1.2234744 9.57231 2.2075214 8.566356 5.672975 -1.127175
1.1540405 9.390346 2.1572416 4.2613554 9.592975 -3.6821752
1.1779832 9.320911 1.9441512 -1.4436451 14.492975 -3.7871747
0.90024734 9.253872 2.2841382 -2.843645 11.202975 -4.942175
0.7805336 9.107821 2.8204558 -5.818645 5.637975 -9.387175
0.80687064 8.9498 2.8707354 -8.688645 3.8529751 -9.737176
0.9481328 9.25866 2.3727264 -2.948645 4.657975 -4.382175
1.2809371 9.421472 2.2769554 5.8363547 3.5729752 1.147825
1.1875603 9.385557 2.3799093 7.446355 1.682975 4.2978253
1.1037607 9.423865 2.0159793 5.521355 2.487975 3.107825
1.3431882 9.447808 1.8292259 6.501355 3.432975 2.232825
1.2737542 9.517242 1.8771114 5.451355 2.312975 3.107825
1.0079896 9.407105 2.3535721 -0.848645 2.872975 0.727825
0.8475733 9.404712 2.3990633 -7.813646 6.302975 -1.442175
0.90024734 9.44302 2.4469488 -8.4436455 7.6329756 -0.777175
1.3264283 9.708784 2.3559663 -4.383645 5.882975 1.9878249
1.4820561 9.816526 2.152453 4.4013553 -0.277025 7.062825
1.2761484 9.720756 2.1572416 3.071355 0.597975 3.877825
1.2546 9.440625 2.456526 -1.9336449 3.432975 1.252825
1.1564348 9.42626 2.3296294 -4.558645 6.127975 1.3228251
0.9960183 9.411894 2.49244 -3.963645 6.862975 1.112825
1.089395 9.337671 2.5475085 -0.673645 2.907975 1.3578249
1.2258687 9.471751 2.2769554 4.5063553 -0.102025 3.1428251
1.4652961 9.553157 1.9489397 6.781355 0.49297503 5.627825
1.3623424 9.61062 1.8890828 5.1013546 1.682975 5.172825
1.4126221 9.670476 2.1045675 1.9513552 1.892975 2.6178253
1.6544439 9.560339 2.047105 -0.008645 0.24797498 0.62282497
1.2450229 9.464568 1.9106313 -1.5136449 1.927975 -2.422175
0.9505271 9.438231 2.310475 -5.083645 5.217975 -4.907175
1.175589 9.416683 2.4900458 -5.713645 3.257975 -3.2971752
1.2689656 9.5794935 2.2721667 0.20135501 -0.942025 -0.287175
1.462902 9.58907 2.0423164 5.031355 -1.677025 1.217825
1.5083932 9.545974 2.011191 3.351355 0.667975 1.217825
1.0510867 9.464568 2.1045675 -0.813645 5.322975 -0.46217504
1.1971374 9.373586 2.2673783 -2.3186452 5.007975 -2.212175
1.211503 9.378374 2.1476645 -0.673645 -0.592025 -2.1771748
1.0055954 9.373586 2.1500587 0.376355 -0.87202495 -2.947175
1.0989721 9.364009 2.257801 -1.758645 2.5929751 -2.1771748
1.0510867 9.423865 2.264984 -2.038645 2.872975 0.202825
1.1731946 9.481328 2.308081 -0.11364501 0.142975 0.832825
1.228263 9.47654 2.4014575 -0.078645006 -1.187025 0.902825
1.2067145 9.440625 2.2985039 -1.303645 0.352975 0.272825
1.0295382 9.402317 2.3823035 -1.6186451 1.8229749 -0.917175
0.96489275 9.368797 2.7079248 -3.228645 3.6079748 -2.352175
0.63208854 9.306546 2.875524 -5.6786447 3.817975 -3.822175
0.66800267 9.39274 2.5403256 -5.013645 4.587975 -5.327175
0.9912298 9.591465 2.2362528 -0.848645 7.667975 -1.162175
1.3431882 9.732727 2.1332989 3.841355 7.212975 4.7528253
1.446142 9.763853 2.0686533 5.451355 2.487975 4.7528253
1.201926 9.663293 2.1332989 3.456355 0.947975 1.392825
0.9577099 9.435837 2.4062462 -1.338645 4.727975 -2.982175
0.7709565 9.457385 2.6432793 -5.6786447 6.442975 -5.432175
0.96489275 9.536397 2.648068 -5.713645 4.692975 -4.697175
