2.2 10.24 -1.05 -18.334648 -13.750987 -6.3025355
0.72999996 9.929999 -0.42 -10.886198 -40.680004 1.7188734
1.61 9.44 0.74 -0.57295775 -25.210142 4.583662
2.4199998 9.82 -0.13 -6.3025355 -5.7295775 5.15662
2.54 10.71 -0.25 2.291831 -16.042818 2.291831
3.6699998 11.63 -0.53999996 12.605071 -21.772396 0.0
4.0699997 11.66 -2.3799999 12.032113 -21.199438 -3.4377468
4.21 11.37 -3.8999999 1.7188734 -17.761692 -6.3025355
4.33 10.969999 -3.8899999 4.0107045 -22.345354 -9.740283
4.0699997 10.7699995 -4.24 17.761692 -43.544792 -9.740283
4.15 10.559999 -5.54 16.615776 -77.349304 -4.0107045
5.37 10.309999 -5.5499997 13.750987 -89.95437 -10.31324
5.62 9.889999 -5.41 12.605071 -104.27831 -12.605071
5.25 9.3 -5.1 13.178029 -123.18592 -9.167324
5.0899997 8.76 -4.61 13.178029 -134.64508 -4.0107045
5.33 8.559999 -3.51 21.199438 -144.38536 0.0
6.17 8.78 -3.47 16.615776 -150.6879 -2.291831
5.94 8.349999 -3.27 7.448451 -156.41748 -2.291831
5.8599997 8.2 -2.37 4.0107045 -165.01184 0.57295775
6.2 8.13 -1.5699999 6.8754935 -174.17917 2.8647888
5.93 8.05 -1.23 7.448451 -185.63832 2.291831
5.0299997 7.56 -0.12 12.032113 -206.2648 16.615776
4.62 7.3199997 1.5 26.356058 -208.55663 30.939718
4.15 7.8799996 2.72 44.69071 -202.82706 46.40958
5.02 9.059999 1.8399999 44.69071 -202.2541 48.701412
5.92 9.79 0.22 21.199438 -207.98367 37.242256
4.92 10.07 0.32 -3.4377468 -207.98367 32.658592
6.2999997 10.51 2.3899999 -34.377464 -193.08678 18.907606
5.47 9.79 3.24 -53.285076 -181.62761 -0.57295775
3.99 9.87 4.99 -59.014652 -173.03325 -4.0107045
4.16 9.71 5.49 -58.441692 -152.40677 -9.167324
2.79 9.0199995 5.2 -62.4524 -126.05072 -16.615776
1.2099999 8.679999 5.7999997 -56.14986 -118.029305 -6.3025355
0.88 9.28 6.8799996 -44.69071 -115.16451 -1.7188734
2.21 9.969999 6.41 -48.701412 -96.829865 -13.750987
2.04 9.61 4.9 -63.598316 -83.65183 -25.210142
-0.17999999 9.139999 6.0099998 -57.29578 -95.68395 -20.053522
-1.4699999 9.38 8.099999 -36.669296 -97.97578 -6.8754935
1.26 9.76 6.99 -19.480566 -45.263664 -21.199438
-0.48999998 8.76 5.24 -26.356058 -21.199438 -25.210142
-2.9199998 8.73 5.95 -19.480566 -38.961132 -12.605071
-1.77 9.099999 6.58 0.0 -46.40958 2.291831
0.45 9.5199995 4.83 3.4377468 -22.91831 -1.1459155
0.26999998 9.469999 2.6599998 -20.053522 9.740283 -18.907606
-1.5699999 8.559999 2.12 -24.064226 -6.3025355 -11.459155
-2.31 8.599999 3.3 -11.459155 -21.199438 0.0
-0.7 8.74 3.3899999 -4.0107045 -10.31324 -0.57295775
-0.45999998 9.08 2.53 -4.583662 0.0 -2.8647888
-0.96999997 8.97 1.9 -6.8754935 -11.459155 -1.1459155
-0.22 9.4 2.83 -2.8647888 -8.021409 3.4377468
0.03 9.45 2.3 -4.0107045 0.57295775 -2.291831
-0.81 9.19 1.8399999 -5.7295775 -2.8647888 -1.7188734
-0.88 9.12 2.24 -4.0107045 -9.167324 2.8647888
-0.34 9.53 2.1 -2.8647888 -3.4377468 5.15662
0.089999996 9.48 1.55 -9.740283 3.4377468 0.0
-0.39999998 9.37 1.56 -9.740283 0.0 1.1459155
-0.72999996 9.3 1.86 -5.15662 -5.7295775 5.7295775
-0.39999998 9.75 2.5 3.4377468 -5.15662 7.448451
0.26 9.84 2.29 9.167324 -0.57295775 3.4377468
0.0 9.75 1.87 10.886198 0.57295775 4.0107045
-0.61 9.76 1.52 13.750987 -1.1459155 8.021409
0.08 9.79 1.49 17.188732 -3.4377468 5.7295775
0.02 9.73 0.96999997 15.469859 -0.57295775 4.583662
-0.06 9.719999 0.59 8.594366 0.0 4.0107045
-0.12 9.61 0.66999996 1.7188734 0.0 2.8647888
-0.32 9.7699995 1.14 0.0 -2.291831 4.0107045
0.08 9.9 1.54 2.8647888 -2.8647888 1.1459155
0.26 9.86 1.42 1.1459155 0.0 -1.1459155
-0.29 9.78 1.52 2.291831 -1.1459155 0.0
-0.26 9.74 1.8199999 5.7295775 -1.7188734 0.0
0.0 9.67 1.38 0.57295775 2.8647888 0.0
-0.049999997 9.54 1.11 -1.1459155 3.4377468 0.0
-0.44 9.599999 1.67 4.0107045 -2.291831 2.291831
0.049999997 9.92 1.43 5.7295775 -2.8647888 2.291831
0.34 10.0199995 1.36 0.57295775 0.57295775 -1.7188734
0.07 9.73 1.24 -4.0107045 5.7295775 -4.583662
-0.29999998 9.57 1.5699999 -2.8647888 4.0107045 -3.4377468
-0.39 9.48 1.68 6.3025355 0.57295775 1.1459155
-0.06 9.559999 1.48 6.8754935 1.7188734 0.0
-0.02 9.63 0.97999996 0.57295775 3.4377468 0.0
-0.06 9.71 1.16 0.57295775 2.8647888 0.0
0.01 9.63 1.4 4.0107045 1.1459155 -1.1459155
-0.17 9.51 1.3 3.4377468 0.0 0.57295775
-0.12 9.5199995 1.37 3.4377468 0.57295775 1.1459155
0.11 9.5199995 1.24 4.0107045 2.291831 0.57295775
-0.06 9.51 0.96 2.291831 2.291831 0.0
-0.29 9.46 0.88 -1.1459155 1.1459155 1.1459155
-0.11 9.53 1.43 0.57295775 0.0 1.7188734
-0.02 9.66 1.5799999 6.8754935 0.0 1.7188734
0.049999997 9.679999 1.14 2.8647888 0.57295775 0.57295775
0.08 9.66 0.82 -2.291831 3.4377468 -0.57295775
-0.12 9.57 1.0699999 -1.1459155 1.7188734 0.0
-0.22 9.54 1.26 1.7188734 0.0 1.7188734
0.03 9.599999 1.39 5.7295775 -1.7188734 1.1459155
-0.19999999 9.66 0.65999997 -1.1459155 0.0 0.57295775
0.03 9.8 1.0799999 -5.15662 -0.57295775 0.57295775
0.12 9.78 1.64 -2.291831 0.57295775 -0.57295775
0.04 9.71 1.54 0.57295775 1.1459155 -1.1459155
-0.24 9.59 1.26 0.0 1.1459155 0.0
-0.29999998 9.599999 1.52 4.583662 0.0 2.8647888
-0.01 9.86 1.5699999 5.15662 1.1459155 1.7188734
0.42 9.94 0.83 -3.4377468 5.7295775 -1.7188734
0.14999999 9.9 0.52 -10.31324 4.583662 -3.4377468
0.0 9.719999 1.1999999 -6.3025355 0.0 -2.8647888
-0.17 9.61 1.77 -1.1459155 1.1459155 -0.57295775
-0.06 9.61 0.97999996 -6.3025355 2.8647888 -2.291831
-0.44 9.599999 1.64 -2.8647888 -1.7188734 0.0
-0.17 9.639999 2.2 5.7295775 -2.8647888 2.291831
0.21 9.82 1.9499999 12.032113 0.0 1.7188734
0.12 9.71 1.04 8.021409 4.0107045 -1.1459155
-0.32999998 9.54 0.91999996 2.291831 0.57295775 0.57295775
0.0 9.559999 1.3299999 4.583662 0.57295775 0.0
0.28 9.65 1.0 0.0 2.291831 -2.291831
