1.37 9.679999 -0.38 17.761692 3.4377468 -2.291831
1.1 9.78 -0.95 3.4377468 -30.939718 0.57295775
1.62 9.7 -0.31 1.1459155 -55.576904 4.0107045
2.53 9.63 -0.62 1.1459155 -41.25296 2.291831
2.61 9.559999 -0.71999997 0.0 -29.220846 -2.291831
1.89 9.42 -0.89 8.594366 -32.658592 -2.8647888
2.1299999 9.74 -1.5699999 14.896902 -45.83662 -0.57295775
2.9199998 10.13 -2.51 10.886198 -57.29578 -5.7295775
3.1899998 10.38 -2.33 10.886198 -57.868736 -8.594366
3.6899998 10.04 -3.23 5.7295775 -54.43099 -12.605071
4.02 9.61 -4.19 0.57295775 -61.30648 -15.469859
3.3899999 9.2699995 -4.18 8.594366 -79.06818 -8.021409
3.75 9.12 -3.84 21.199438 -101.41353 -2.8647888
4.52 8.33 -3.6299999 32.658592 -128.9155 6.3025355
4.38 8.429999 -3.0 40.680004 -136.36395 18.907606
4.74 8.62 -2.9099998 47.555496 -142.09354 28.07493
5.64 9.28 -3.1699998 49.84733 -156.99043 29.793804
6.3799996 9.83 -3.07 44.11775 -174.17917 26.356058
6.6499996 9.809999 -2.9399998 31.51268 -178.76283 22.91831
6.54 10.19 -2.55 9.740283 -178.18987 28.07493
7.1099997 10.16 -2.4299998 -9.740283 -182.20056 25.210142
7.45 9.79 -1.77 -24.064226 -184.49242 18.907606
7.27 9.969999 -0.76 -36.09634 -190.79494 14.896902
7.98 10.34 -0.21 -50.993244 -193.65973 3.4377468
8.71 10.55 -0.049999997 -75.057465 -195.3786 -17.188732
7.75 8.91 1.9599999 -130.06142 -175.32509 -55.00395
5.94 8.17 4.89 -138.65578 -162.72002 -51.5662
6.35 8.41 7.04 -110.58085 -152.97972 -44.69071
5.9 7.1 6.74 -67.03606 -152.40677 -48.701412
3.53 6.69 7.06 -26.929016 -175.32509 -44.11775
2.44 7.81 7.7999997 1.7188734 -190.79494 -22.345354
4.08 8.33 6.98 7.448451 -163.86592 -9.740283
3.49 8.679999 5.62 -8.594366 -154.12566 -16.042818
2.1699998 7.7599998 5.3599997 -22.91831 -165.5848 -8.021409
1.89 8.32 7.3799996 -18.334648 -153.55267 0.57295775
2.2 8.55 8.15 -9.167324 -134.64508 -5.15662
1.52 8.55 7.6499996 -14.896902 -134.64508 -4.583662
1.0799999 9.38 8.639999 -22.345354 -110.58085 -1.7188734
0.72999996 9.5199995 9.05 -16.042818 -85.37071 -9.167324
0.26 9.17 8.59 -10.31324 -68.18198 -14.323945
-0.28 9.2699995 8.139999 -4.0107045 -55.00395 -13.178029
-0.22 9.03 7.58 2.8647888 -45.83662 -11.459155
-0.5 8.79 6.77 11.459155 -32.085636 -8.594366
-0.55 8.57 5.79 22.345354 -24.637184 -4.0107045
-0.76 8.349999 5.16 31.51268 -26.356058 -0.57295775
-0.78 8.74 4.72 34.377464 -24.064226 5.7295775
0.14999999 8.92 3.49 24.064226 -17.761692 2.8647888
0.53999996 8.73 2.61 11.459155 -13.178029 -1.1459155
-0.21 8.46 2.6399999 5.15662 -12.605071 1.7188734
0.61 9.46 2.27 -2.291831 -5.7295775 4.583662
1.02 9.429999 2.11 -9.740283 -6.3025355 -4.0107045
0.45 9.21 2.33 -11.459155 -4.0107045 -8.021409
-0.02 8.95 2.77 -7.448451 -1.7188734 -4.583662
0.089999996 8.94 2.5 -1.7188734 0.0 0.0
0.69 8.92 2.06 0.57295775 -0.57295775 0.57295775
0.63 8.98 1.7199999 2.8647888 0.57295775 1.1459155
0.65999997 9.099999 1.41 2.291831 0.0 2.291831
0.34 9.349999 1.13 2.291831 0.0 3.4377468
0.53999996 9.46 0.85999995 -1.7188734 -2.8647888 2.291831
0.93 9.61 0.85999995 -8.594366 -2.291831 0.57295775
0.56 9.58 1.28 -6.8754935 -0.57295775 4.0107045
0.9 10.099999 1.75 6.3025355 -1.7188734 4.583662
1.22 10.0199995 0.97999996 4.0107045 -1.1459155 0.0
0.84 10.04 0.78999996 -2.291831 -0.57295775 0.0
0.56 9.889999 1.1999999 -4.0107045 -2.8647888 0.0
0.38 9.969999 1.6899999 2.291831 -3.4377468 2.291831
0.82 9.99 1.4599999 9.740283 -4.0107045 1.7188734
0.96 9.96 0.76 1.1459155 -5.7295775 -1.7188734
0.90999997 9.99 0.78999996 -10.31324 -2.8647888 -4.0107045
0.61 9.94 1.23 -14.896902 0.0 -2.8647888
0.5 9.84 1.8199999 -10.31324 -0.57295775 -2.291831
0.51 9.66 2.11 -2.291831 -2.8647888 -2.291831
0.78999996 9.57 2.1299999 2.291831 -1.7188734 -2.8647888
0.84999996 9.48 2.07 10.31324 -1.1459155 -2.8647888
0.95 9.4 1.53 12.032113 -0.57295775 -5.15662
0.95 9.2 0.91999996 5.7295775 2.291831 -10.31324
0.38 9.059999 0.53 -5.7295775 5.7295775 -7.448451
0.21 8.849999 0.84999996 -13.178029 1.7188734 -2.8647888
0.26 8.88 1.61 -10.31324 -2.291831 0.0
0.51 9.2 1.9699999 3.4377468 -2.291831 4.0107045
0.52 9.389999 1.92 10.31324 -2.8647888 4.0107045
0.39999998 9.44 1.22 6.8754935 -5.7295775 5.7295775
0.83 9.61 1.0699999 0.0 -5.15662 2.291831
0.9 9.639999 1.18 -6.3025355 -2.291831 0.0
0.35999998 9.67 1.36 -8.594366 -2.8647888 2.8647888
0.39 9.58 1.9699999 -0.57295775 -6.3025355 2.291831
0.85999995 9.69 1.9599999 2.291831 -3.4377468 2.291831
0.74 9.7699995 1.77 2.8647888 -0.57295775 0.57295775
0.39 9.61 1.28 0.0 0.0 1.1459155
0.52 9.679999 1.4 -3.4377468 -2.291831 2.8647888
0.90999997 9.719999 1.62 -4.0107045 -1.1459155 2.291831
0.72999996 9.679999 1.75 0.57295775 -3.4377468 0.57295775
0.66999996 9.7 1.8499999 4.583662 -5.15662 0.0
0.69 9.49 1.49 0.57295775 -2.8647888 0.57295775
0.65 9.69 1.2099999 -8.021409 -1.1459155 1.1459155
0.68 9.67 1.3 -10.886198 -1.7188734 0.57295775
0.59999996 9.66 1.9 -3.4377468 -4.583662 0.0
0.77 9.76 2.02 6.8754935 -4.0107045 1.1459155
0.71999997 9.67 1.54 3.4377468 -0.57295775 1.1459155
0.57 9.599999 1.62 -0.57295775 0.0 1.1459155
0.88 9.559999 1.87 0.0 -0.57295775 0.57295775
0.87 9.46 1.8499999 2.8647888 -0.57295775 -0.57295775
0.57 9.5199995 1.6999999 5.15662 0.0 0.0
0.53 9.42 1.12 -2.8647888 1.1459155 0.57295775
0.53 9.28 1.09 -7.448451 -1.1459155 1.7188734
0.68 9.4 1.8299999 -0.57295775 -0.57295775 2.8647888
0.78 9.599999 2.06 5.15662 -0.57295775 1.7188734
0.89 9.719999 1.5799999 2.291831 -1.1459155 0.0
0.77 9.54 1.1899999 -3.4377468 -1.1459155 0.0
0.65 9.51 1.8399999 -0.57295775 0.0 2.291831
0.79999995 9.469999 1.6899999 2.291831 0.0 2.291831
0.69 9.429999 1.5799999 2.8647888 -1.1459155 2.8647888
0.82 9.57 1.6999999 2.291831 0.0 3.4377468
0.87 9.66 1.7099999 1.1459155 2.291831 3.4377468
0.66999996 9.66 1.87 0.57295775 5.7295775 4.583662
0.79999995 9.809999 1.87 5.15662 5.15662 4.583662
1.17 10.08 1.38 2.8647888 -1.1459155 0.0
1.09 10.099999 1.03 -2.8647888 -4.583662 -2.291831
