3.4453614 9.584282 0.18675344 3.141355 0.037975002 5.627825
3.4094474 9.529214 0.3974496 0.20135501 -2.0270252 6.117825
3.1173458 9.39274 0.53871185 -5.048645 -0.312025 0.062825
2.944958 9.213169 0.4860378 -3.088645 -0.55702496 -2.1771748
2.8180614 9.172467 0.45730647 -0.568645 -1.082025 -1.757175
2.8539755 9.124581 0.67279124 0.411355 -3.0770252 -0.56717503
3.1460772 9.3280945 0.4932206 2.091355 -5.8420253 1.007825
3.529161 9.4095 0.12689656 3.141355 -3.9870253 3.877825
3.5938065 9.366403 0.23224466 -1.163645 0.49297503 4.4378247
3.3687446 9.301758 0.5363176 -7.428645 3.397975 1.8828251
3.3591676 9.313729 0.4740664 -8.863645 5.287975 0.237825
3.3208592 9.335278 0.35435268 -7.2886453 7.037975 0.34282503
3.328042 9.337671 0.24182175 -6.028645 7.6329756 -0.112174995
3.4333901 9.435837 0.11971374 -4.873645 8.542975 0.097825006
3.2538195 9.428655 -0.21548474 -4.2436447 11.377975 0.097825006
3.0886145 9.3280945 -0.18196489 -4.488645 13.372975 -1.967175
3.0718546 9.273026 -0.083799616 -5.363645 11.517975 -3.052175
3.1748085 9.397529 -0.24182175 -4.278645 9.172975 -2.632175
3.2633965 9.397529 -0.7039168 -3.5086448 10.362976 -1.407175
3.2250881 9.390346 -0.9481328 -5.258645 15.262975 -1.127175
3.1843855 9.502876 -1.0750294 -9.073645 16.242975 -1.3371749
3.5866237 10.015251 -1.3264283 -12.258645 10.957975 0.097825006
3.9409764 10.130177 -1.9992194 -14.218645 7.3529744 2.722825
4.486871 10.0368 -2.1476645 -18.943644 11.307976 5.802825
4.4461684 9.838076 -1.7238779 -28.883644 18.307976 5.417825
4.216318 9.876384 -1.3407938 -33.328648 18.307976 -1.302175
4.2402606 10.000886 -1.8220432 -24.683645 3.292975 -7.3921747
4.1157584 9.62259 -2.482863 -9.038646 -10.742024 -13.762175
4.065479 9.119793 -2.901861 -1.723645 -11.827025 -18.452175
3.1676257 8.964165 -1.7430321 -6.203645 -11.757025 -19.677176
3.1412885 8.684034 -0.84996754 -19.958647 -9.447025 -16.667175
3.684789 8.621783 -1.1013664 -22.513643 -14.452026 -8.897175
5.0375543 9.100638 -2.0614705 -8.583645 -26.877026 1.9878249
5.8396363 9.138947 -1.9704882 1.426355 -45.812027 9.372826
5.36557 9.184438 -0.52913475 -5.783645 -58.272026 6.887825
4.9393888 8.796566 -0.038308397 -21.673645 -61.387028 -7.217175
4.5946136 8.810931 -0.5770202 -24.158644 -56.417023 -19.922174
4.494054 8.803748 -0.9960183 -13.553645 -53.37203 -21.357176
4.2642035 8.605023 -1.1229149 -8.583645 -61.03703 -21.637175
4.5610933 8.638543 0.41420954 -17.053646 -68.28203 -24.122175
4.130124 8.729526 0.3998439 -32.27865 -74.68703 -22.792173
4.582642 8.818114 0.8044763 -34.973644 -85.817024 -19.537176
5.2410674 8.736709 1.6137413 -35.988647 -98.62702 -18.557177
4.7741838 8.906702 2.0662591 -35.778645 -96.80702 -24.157175
4.4389853 8.667274 2.3320236 -33.993645 -86.72702 -30.002172
4.2139235 8.461368 2.4613144 -30.458645 -84.94203 -34.377174
4.4294086 8.447001 2.4948344 -26.398645 -87.18202 -35.847176
4.3216662 8.681641 3.4166303 -31.963646 -80.32203 -37.597176
3.4166303 8.652909 4.5850363 -41.903645 -67.092026 -44.527176
2.9401696 8.607418 5.2410674 -44.28365 -61.387028 -49.252174
2.5115943 8.684034 5.4086666 -36.268646 -66.91703 -46.52218
2.0925963 8.571504 5.0567083 -24.298645 -69.47202 -42.742176
1.7119064 8.497281 5.0231886 -18.383646 -63.032024 -40.257175
1.0079896 8.712766 5.0806513 -17.683645 -49.522022 -36.302174
1.1348863 8.870789 5.138114 -16.108644 -37.867027 -28.777176
1.0343267 8.971348 4.8220696 -9.948646 -34.227024 -20.622175
1.0462981 9.098245 4.3456087 -0.008645 -36.50202 -16.947174
1.1660118 9.174861 4.1540666 5.556355 -41.577026 -14.8821745
0.8356019 9.024022 4.268992 0.936355 -39.792023 -13.622174
0.24182175 8.995291 4.802915 -8.023645 -30.762024 -11.697175
0.9313729 8.973742 4.7717896 -10.473645 -28.137026 -6.237175
0.8978531 8.966559 4.7622128 -4.418645 -37.167023 -2.282175
0.37350687 8.758257 4.783761 0.16635501 -42.487026 -6.132175
0.117319465 8.729526 4.740664 -1.5136449 -35.382027 -8.757175
0.19154198 8.830086 4.517997 -4.3486447 -18.617025 -5.1871753
0.36392978 8.980925 4.2665977 -3.2636452 -5.5620255 -0.287175
0.30167863 9.014444 4.1253357 -0.218645 -0.347025 1.427825
0.600963 9.172467 3.6201434 3.071355 1.472975 1.8128251
0.9289786 9.225141 2.8539755 8.531355 1.962975 4.3328247
0.8571504 9.380769 2.588211 9.9313545 4.692975 5.627825
0.8140534 9.237112 2.5115943 3.701355 12.217976 4.9278255
0.68715686 9.229929 2.1835787 -0.77864504 20.162977 2.6528249
1.0750294 9.450203 1.8675344 -1.198645 13.897975 2.372825
1.3288225 9.464568 2.300898 -1.5136449 -1.4670249 4.122825
1.5347302 9.634562 2.4254005 -6.693645 -5.772025 3.282825
1.5059988 9.735122 2.2865324 -9.423645 0.56297505 2.0228252
1.6233183 9.766247 2.2434354 -7.9186454 4.412975 1.252825
1.5850099 9.62259 2.1500587 -6.1686454 4.4479756 0.51782495
1.3479767 9.462174 2.2266755 -5.188645 3.9929752 -0.46217504
1.3383996 9.478934 2.2194927 -4.698645 5.077975 -1.827175
1.4916332 9.517242 2.099779 -3.333645 5.532975 -0.217175
1.5131817 9.584282 2.0447106 -2.913645 6.127975 0.58782494
1.4533248 9.744699 2.013585 -2.1786451 6.2679753 1.287825
1.5538844 9.7135725 1.9202085 -0.32364503 3.047975 1.742825
1.8531687 9.701602 2.0375278 -0.043645002 -0.032025002 1.777825
1.9321798 9.768641 2.004008 -1.023645 -0.627025 1.567825
1.7358493 9.747093 1.9417568 -1.303645 0.597975 -0.637175
1.6975409 9.505271 2.0590763 -2.633645 1.332975 -2.982175
1.5490957 9.421472 2.0399222 -4.628645 2.942975 -3.9621751
1.525153 9.502876 1.7406378 -4.838645 4.517975 -3.437175
1.4772675 9.423865 1.8507744 -5.7486453 5.007975 -3.052175
1.2641771 9.313729 2.1572416 -9.633645 4.482975 -4.277175
1.0798179 9.265843 2.264984 -10.158646 2.1029751 -4.487175
1.2138973 9.27542 2.257801 -6.2736454 -1.782025 -2.142175
1.4269878 9.45978 2.2601955 -2.1436448 -5.002025 1.0778251
1.7143008 9.538791 2.1404817 1.1113551 -6.472025 3.352825
1.6831752 9.646533 1.8819 3.001355 -6.962025 3.387825
1.6783867 9.682447 1.8196489 2.511355 -5.947025 1.637825
1.6281068 9.660899 1.951334 -0.883645 -3.9870253 -0.357175
1.6065584 9.538791 2.2961094 -4.383645 -2.832025 -2.317175
1.3264283 9.490906 2.3056867 -5.153645 -4.792025 -3.2971752
1.2043202 9.514848 2.185973 -2.878645 -5.8420253 -3.4721751
1.3862851 9.4932995 1.9321798 0.026355 -3.462025 -1.022175
1.4796618 9.57231 2.0710478 2.511355 -5.4570255 0.902825
1.498816 9.715967 2.4014575 0.516355 -7.102025 -0.532175
1.5443072 9.7135725 2.317658 -2.878645 -2.097025 -0.322175
1.5179702 9.61062 2.1069617 -0.883645 1.2979751 1.252825
1.6305012 9.663293 2.2985039 3.071355 -1.747025 0.902825
1.5203645 9.550762 2.257801 3.8063548 -4.372025 0.027825
1.4533248 9.593859 2.0902019 4.4013553 -3.217025 -0.777175
1.6999351 9.615408 1.89866 5.311355 -1.747025 -0.56717503
1.6185298 9.57231 2.1189332 4.926355 -1.887025 0.202825
1.4964218 9.490906 2.3487835 1.426355 -0.382025 -1.232175
1.4221992 9.407105 2.2793496 -1.198645 2.032975 -3.1921751
1.4221992 9.39274 2.0399222 1.006355 0.597975 -3.8921747
1.3838909 9.270632 2.020768 3.8063548 -1.397025 -3.507175
1.3743137 9.28021 2.1476645 3.001355 0.212975 -2.667175
1.3216397 9.320911 1.9848539 1.9163549 1.4029751 -2.667175
1.3383996 9.311335 1.7909175 3.8063548 0.56297505 -1.5821751
1.3383996 9.330489 1.690358 2.1963549 1.857975 -1.022175
