0.5 10.05 -0.82 11.459155 -8.021409 -9.167324
0.39 9.96 -0.94 8.594366 -24.064226 -1.1459155
0.74 9.83 -1.1899999 8.594366 -24.064226 -1.1459155
0.84 9.78 -1.4699999 5.15662 -37.815212 4.0107045
1.1899999 9.9 -1.6999999 6.3025355 -38.38817 4.583662
1.41 9.94 -1.99 8.021409 -41.25296 0.0
1.39 10.0199995 -1.9 5.7295775 -42.398876 -1.7188734
1.24 10.07 -1.77 0.0 -38.38817 -1.7188734
1.13 10.309999 -1.27 -2.291831 -37.242256 -0.57295775
1.63 10.4 -1.62 4.0107045 -44.11775 0.57295775
1.77 10.51 -1.79 5.7295775 -48.128452 -2.291831
1.8399999 10.61 -1.6999999 5.7295775 -48.128452 -2.291831
1.66 10.44 -1.65 5.15662 -53.285076 -5.7295775
1.87 10.08 -1.8 8.594366 -56.14986 -5.7295775
1.53 10.05 -2.01 9.167324 -59.014652 -5.7295775
1.7099999 10.13 -2.07 7.448451 -60.733524 -4.0107045
1.91 10.059999 -2.06 4.583662 -63.598316 -3.4377468
1.93 10.059999 -1.68 2.291831 -65.890144 -2.8647888
1.9599999 10.09 -2.07 7.448451 -71.04677 -4.583662
2.05 9.78 -2.08 4.583662 -74.48451 -4.583662
2.35 9.82 -1.3299999 0.57295775 -78.49522 -4.583662
2.35 9.82 -1.3299999 0.57295775 -78.49522 -4.583662
2.22 9.559999 -1.67 2.8647888 -84.79775 -2.291831
1.49 9.309999 -1.17 4.583662 -85.94367 -3.4377468
1.39 9.349999 -0.96999997 5.7295775 -87.089584 -2.8647888
1.5899999 9.3 -1.1999999 8.021409 -91.10028 8.021409
1.61 9.349999 -1.16 2.8647888 -88.80846 9.740283
1.18 9.45 -0.21 -10.31324 -81.93296 13.750987
2.32 9.75 -0.04 -10.31324 -84.22479 21.772396
2.9399998 9.69 -0.53 -5.15662 -89.38142 20.62648
2.7 9.41 -0.87 0.0 -94.53803 16.615776
1.54 10.2 -0.75 12.032113 -100.26762 -2.291831
2.61 9.83 -0.84999996 -0.57295775 -107.716064 8.021409
2.69 9.84 -0.17 -18.907606 -100.84057 9.740283
2.12 10.09 0.55 -20.62648 -97.402824 -0.57295775
2.34 10.04 0.32 -9.740283 -105.997185 0.57295775
2.34 10.04 0.32 -9.740283 -105.997185 0.57295775
2.3799999 10.349999 0.14999999 -2.291831 -109.43494 2.8647888
2.5 10.46 0.17999999 -4.583662 -108.86198 2.291831
2.6 10.48 0.48 -14.323945 -107.143105 -0.57295775
2.1399999 10.36 0.76 -14.896902 -103.1324 -4.583662
2.31 10.3 0.59 -12.032113 -104.27831 -5.15662
2.5 10.26 0.0 -3.4377468 -104.27831 -4.583662
2.18 10.25 -0.24 -3.4377468 -105.997185 -6.8754935
1.9699999 10.49 0.16 -7.448451 -105.997185 -7.448451
2.1699998 10.309999 0.38 -8.594366 -108.86198 -5.7295775
2.26 10.139999 0.58 -6.8754935 -110.58085 -5.7295775
2.27 10.12 1.18 -5.7295775 -115.16451 -5.7295775
2.21 10.7 1.1999999 -5.7295775 -116.883385 -1.7188734
2.18 10.66 0.84 -17.761692 -110.58085 0.0
1.74 10.42 1.64 -34.950428 -105.42423 -3.4377468
1.68 10.33 2.06 -39.53409 -104.85127 -4.0107045
2.0 10.16 2.31 -22.345354 -107.143105 -5.7295775
2.24 9.849999 2.03 -22.345354 -107.143105 -5.7295775
2.1699998 9.639999 1.3199999 -11.459155 -108.289024 -2.8647888
1.8299999 9.88 1.39 -8.594366 -92.81916 -8.594366
1.4 9.719999 0.74 -5.7295775 -82.50592 -16.042818
1.3399999 9.45 0.53 -5.15662 -81.93296 -16.042818
1.15 9.5 0.53 -5.7295775 -83.65183 -17.188732
1.5 9.469999 0.22 -2.8647888 -88.80846 -14.896902
1.4699999 9.309999 0.31 -4.0107045 -91.10028 -12.605071
1.25 9.54 0.76 -9.167324 -88.80846 -14.323945
1.37 9.75 1.22 -13.750987 -89.38142 -12.605071
1.53 9.63 1.4499999 -13.178029 -89.38142 -11.459155
1.55 9.469999 1.68 -13.178029 -88.2355 -13.178029
1.42 9.33 1.77 -14.323945 -85.94367 -14.323945
1.06 8.97 2.1699998 -18.334648 -81.93296 -17.188732
0.28 8.91 2.96 -26.929016 -81.36001 -18.334648
-0.03 9.19 4.0 -29.793804 -78.49522 -18.334648
0.29999998 9.55 3.6299999 -22.91831 -75.630424 -12.032113
0.68 9.75 3.05 -7.448451 -76.77634 -6.3025355
0.31 9.49 2.6799998 -17.761692 -63.02536 -11.459155
-0.17 9.51 3.4199998 -24.637184 -56.14986 -14.896902
-0.21 9.309999 3.49 -29.220846 -49.27437 -16.042818
-0.31 9.04 3.36 -22.91831 -46.40958 -14.323945
-0.84 9.17 3.28 -16.615776 -40.680004 -12.032113
-0.77 9.49 3.6299999 -12.605071 -34.950428 -5.15662
-0.5 9.7 3.53 -3.4377468 -33.231552 1.7188734
0.32 9.8 2.3999999 6.8754935 -29.793804 6.3025355
0.04 9.969999 1.81 9.167324 -24.064226 2.8647888
-0.11 9.969999 1.7099999 2.8647888 -20.053522 -0.57295775
-0.14 9.96 1.8299999 -5.7295775 -17.188732 -1.1459155
-0.12 9.92 2.0 -9.740283 -14.323945 -0.57295775
0.099999994 9.99 2.03 -8.594366 -14.323945 0.0
0.06 10.01 1.9699999 -6.3025355 -14.896902 -1.7188734
-0.32 10.099999 2.22 -6.3025355 -12.605071 -3.4377468
-0.29 10.13 2.3 -4.583662 -9.167324 0.57295775
0.14 10.09 2.06 1.7188734 -6.8754935 2.8647888
0.11 9.809999 1.38 4.583662 -5.7295775 0.0
-0.099999994 9.809999 1.49 3.4377468 -4.0107045 -2.291831
-0.02 9.98 1.78 1.1459155 -2.8647888 -2.291831
0.45 9.96 1.2099999 3.4377468 -6.8754935 0.57295775
0.31 9.82 1.06 0.0 -5.7295775 0.0
-0.089999996 9.91 1.87 -9.740283 -2.291831 -2.8647888
0.21 9.929999 2.29 -9.740283 -1.1459155 -0.57295775
0.32999998 9.8 1.8299999 -0.57295775 -0.57295775 1.7188734
-0.06 9.809999 1.67 5.15662 1.7188734 -0.57295775
0.08 9.94 1.49 8.594366 0.57295775 0.57295775
0.39 9.79 1.04 10.886198 0.0 3.4377468
0.0 9.7 1.27 6.8754935 1.7188734 0.0
0.24 9.75 1.66 5.15662 3.4377468 0.0
0.58 9.95 1.22 10.886198 1.7188734 0.0
0.5 10.12 0.87 12.032113 4.0107045 -0.57295775
0.22 9.929999 0.98999995 4.583662 6.3025355 -2.291831
0.26999998 10.03 1.09 4.0107045 5.7295775 -2.8647888
0.51 10.01 0.83 7.448451 5.7295775 -0.57295775
0.41 9.849999 0.19999999 9.167324 6.3025355 0.0
-0.089999996 9.76 0.21 8.021409 10.31324 -2.291831
0.049999997 10.01 0.45 3.4377468 10.886198 -2.291831
0.56 10.139999 0.17999999 3.4377468 1.7188734 4.0107045
0.44 10.15 0.21 3.4377468 1.7188734 3.4377468
0.53 10.41 0.76 -1.7188734 3.4377468 0.57295775
0.69 10.32 0.74 -1.7188734 2.8647888 1.1459155
0.22 10.12 0.76 0.57295775 2.8647888 -1.1459155
0.57 10.16 0.69 1.1459155 2.291831 -1.7188734
0.66999996 10.03 0.22999999 2.291831 1.7188734 -1.7188734
0.19999999 10.0 0.48999998 0.0 3.4377468 -3.4377468
0.11 10.0199995 0.71999997 -1.1459155 5.15662 -4.0107045
0.48999998 10.0 0.47 0.0 2.291831 -1.1459155
0.41 10.0 0.34 0.0 3.4377468 -1.1459155
0.34 9.95 0.59999996 -1.7188734 3.4377468 -2.291831
0.34 9.95 0.59999996 -1.7188734 3.4377468 -2.291831
0.45999998 9.88 0.35999998 0.57295775 1.7188734 -2.291831
0.04 9.75 0.53 -0.57295775 2.291831 -3.4377468
0.26 9.87 0.78 -2.8647888 1.1459155 -1.1459155
0.35 9.92 0.55 0.0 0.57295775 0.0
0.24 9.99 0.57 0.57295775 1.7188734 0.0
0.35999998 10.11 0.63 -0.57295775 1.7188734 0.0
0.35999998 10.059999 0.53999996 -2.291831 -0.57295775 -1.1459155
0.29999998 10.09 0.78 -2.8647888 1.7188734 0.0
0.47 10.0199995 0.78999996 -2.291831 0.0 -1.1459155
0.42 9.98 0.83 -2.291831 0.0 -2.291831
0.06 10.01 0.89 -2.291831 0.57295775 -3.4377468
0.32999998 9.91 1.14 -4.0107045 2.8647888 -1.1459155
0.35 9.88 1.03 -1.7188734 2.291831 -0.57295775
0.099999994 9.929999 0.65 4.583662 0.57295775 -1.7188734
0.22999999 10.059999 0.61 4.583662 0.57295775 -1.7188734
0.48999998 10.04 0.41 3.4377468 -1.1459155 0.0
0.17999999 9.96 0.63 -0.57295775 0.0 -1.7188734
0.03 9.849999 1.25 -6.8754935 1.7188734 -2.8647888
0.19 9.599999 1.17 -2.291831 1.7188734 -1.1459155
-0.049999997 9.36 0.96 4.0107045 0.0 -1.7188734
-0.099999994 9.389999 0.89 6.3025355 0.0 -2.291831
0.32 9.7 0.21 9.167324 -1.7188734 0.57295775
0.28 9.78 0.41 1.7188734 0.0 2.291831
0.16 9.83 0.68 -2.291831 0.57295775 0.57295775
0.24 10.01 1.11 -6.3025355 -0.57295775 0.0
0.32999998 10.01 0.97999996 -4.0107045 0.0 0.57295775
0.12 9.87 0.7 0.0 1.1459155 0.0
-0.16 9.969999 0.78999996 0.0 1.1459155 -0.57295775
0.21 10.12 0.83 0.57295775 0.57295775 3.4377468
0.39999998 10.219999 0.71 2.291831 -0.57295775 4.583662
0.31 10.23 0.72999996 2.8647888 -1.1459155 1.7188734
0.22 10.2 0.83 0.57295775 -0.57295775 0.0
0.17 10.099999 0.84 0.57295775 1.1459155 0.57295775
-0.02 9.88 0.82 2.291831 1.1459155 -0.57295775
-0.08 9.78 0.94 2.8647888 0.0 -0.57295775
