-0.22 10.63 -1.18 26.356058 -3.4377468 6.3025355
0.32999998 10.38 -1.81 22.91831 -36.09634 12.605071
1.61 10.03 -1.79 5.7295775 -46.98254 13.178029
1.55 10.08 -1.31 -3.4377468 -28.64789 6.8754935
0.75 10.309999 0.13 -4.583662 -6.8754935 0.57295775
0.91999996 10.33 -0.17 6.8754935 -15.469859 -2.291831
0.84999996 10.42 -1.01 14.896902 -28.64789 -10.31324
0.88 10.639999 -0.7 9.740283 -26.929016 -10.886198
0.69 10.44 -0.57 2.291831 -28.07493 -12.605071
0.84999996 10.28 -0.41 0.0 -25.7831 -9.167324
0.71999997 10.16 -0.90999997 3.4377468 -27.501974 -6.8754935
0.65999997 10.309999 -0.31 0.0 -32.085636 -7.448451
0.87 10.59 -0.5 -1.1459155 -33.80451 -5.7295775
0.94 10.469999 -1.3 1.7188734 -34.377464 -9.167324
0.52 10.2699995 -1.27 -2.8647888 -29.220846 -9.167324
0.35999998 10.0199995 -0.72999996 -6.8754935 -30.939718 -8.021409
0.66999996 9.92 -0.51 -6.8754935 -35.523384 -7.448451
0.88 9.92 -0.57 -1.7188734 -44.11775 -8.594366
0.41 9.809999 -0.26999998 4.0107045 -47.555496 -10.886198
0.24 9.55 0.21 3.4377468 -46.98254 -13.178029
-0.21 9.21 0.65999997 7.448451 -44.69071 -9.740283
0.17 9.7 -0.97999996 26.356058 -42.971836 -2.8647888
0.71999997 9.84 -0.89 26.356058 -46.98254 2.8647888
1.23 9.809999 -0.74 16.042818 -52.712116 2.8647888
0.63 9.73 -0.19999999 10.886198 -50.993244 -2.8647888
0.16 9.71 0.13 8.021409 -51.5662 -0.57295775
0.72999996 10.13 -0.22 9.167324 -51.5662 4.583662
1.14 10.25 -0.19 2.8647888 -46.98254 4.0107045
1.4599999 10.15 0.089999996 -3.4377468 -42.398876 4.583662
1.26 10.36 -0.14999999 -2.291831 -42.398876 -2.291831
0.94 10.099999 -0.03 -9.167324 -38.961132 -5.7295775
0.59 9.55 0.21 -14.896902 -28.07493 -4.583662
0.53 9.83 0.64 -10.31324 -25.210142 -1.1459155
1.06 10.19 0.58 -1.1459155 -28.07493 2.291831
1.5 10.679999 -0.099999994 2.8647888 -17.188732 4.0107045
1.4499999 10.83 -0.32999998 0.57295775 -9.167324 5.7295775
0.95 10.34 0.08 -12.032113 -0.57295775 5.7295775
0.63 10.099999 1.15 -24.064226 -8.021409 -0.57295775
0.7 9.83 1.06 -17.761692 -24.064226 -4.583662
0.95 9.74 1.05 -6.3025355 -22.345354 -0.57295775
0.96 9.95 0.87 2.291831 -20.62648 -3.4377468
0.79999995 9.98 0.17999999 9.167324 -30.366762 -8.021409
0.59 9.99 -0.02 10.31324 -29.793804 -9.167324
0.57 9.67 0.32 4.583662 -33.231552 -9.167324
0.35 9.57 1.28 2.8647888 -38.961132 -9.740283
0.35999998 10.26 0.91999996 16.042818 -39.53409 -9.740283
0.91999996 10.08 -0.63 27.501974 -35.523384 -6.3025355
0.82 10.099999 -0.93 19.480566 -32.085636 -8.594366
0.59999996 10.12 -1.14 4.583662 -32.658592 -12.605071
0.17999999 9.9 -1.01 -10.886198 -27.501974 -10.886198
0.32 9.82 0.59999996 -22.345354 -26.356058 -9.167324
0.72999996 9.84 0.90999997 -22.345354 -35.523384 -6.8754935
0.39999998 10.0 0.45 -13.178029 -35.523384 -6.8754935
0.02 9.88 0.29 -1.7188734 -33.231552 -8.021409
-0.06 9.73 0.59 0.0 -33.80451 -4.583662
-0.12 10.059999 0.01 6.8754935 -34.377464 0.0
-0.19 10.179999 -1.99 19.480566 -32.658592 5.7295775
0.64 9.94 -2.4299998 6.3025355 -21.772396 20.62648
2.26 10.12 -0.93 -33.80451 -10.31324 31.51268
2.32 10.04 0.97999996 -52.139156 -18.907606 19.480566
1.55 10.16 1.16 -40.107044 -40.107044 -4.583662
0.82 10.01 0.65999997 -17.761692 -41.825916 -15.469859
0.71999997 9.91 0.71 -17.761692 -28.64789 -9.740283
0.74 10.24 1.35 -21.199438 -25.7831 -5.7295775
1.1999999 10.12 1.3199999 -20.62648 -31.51268 0.57295775
1.4699999 9.809999 1.17 -16.042818 -41.25296 -5.7295775
0.64 10.11 0.96999997 -13.750987 -38.961132 -12.605071
0.63 10.33 1.8499999 -14.896902 -34.377464 -11.459155
0.77 10.19 1.9 -7.448451 -29.793804 -12.605071
0.66999996 9.929999 1.64 0.57295775 -32.085636 -12.032113
0.65 10.07 1.09 21.199438 -40.680004 -12.032113
0.78 10.219999 0.35999998 22.345354 -42.398876 -12.605071
0.84999996 10.12 0.22999999 12.605071 -40.107044 -13.750987
0.57 9.9 0.14999999 0.0 -34.950428 -15.469859
0.29 9.83 0.90999997 -12.605071 -29.220846 -13.178029
0.34 9.969999 1.7099999 -17.188732 -29.220846 -9.740283
0.59 9.809999 1.27 1.7188734 -33.80451 -10.31324
0.31 9.929999 0.59 5.7295775 -32.658592 -11.459155
0.39 10.0199995 0.64 6.3025355 -31.51268 -11.459155
0.01 9.86 1.06 1.1459155 -36.669296 -13.750987
0.31 10.08 0.78 5.7295775 -44.11775 -10.886198
0.28 10.13 0.53 4.583662 -41.25296 -11.459155
0.14 9.929999 1.25 0.0 -37.242256 -10.886198
0.11 9.86 1.4 -4.0107045 -32.085636 -10.31324
0.26999998 10.059999 1.0 1.1459155 -34.377464 -12.032113
0.08 10.099999 0.57 4.0107045 -35.523384 -13.750987
-0.22999999 9.83 0.72999996 -1.1459155 -30.939718 -14.323945
-0.07 9.76 1.0699999 -8.021409 -29.793804 -11.459155
0.06 9.71 0.83 -5.15662 -30.366762 -9.740283
0.02 9.55 0.66999996 1.1459155 -30.366762 -10.31324
-0.099999994 9.639999 0.66999996 4.583662 -30.939718 -12.032113
0.07 10.09 0.52 10.886198 -36.09634 -10.886198
0.22 10.059999 -0.24 15.469859 -40.680004 -9.167324
-0.24 9.87 -0.08 8.021409 -35.523384 -10.31324
-0.06 9.87 0.9 -6.3025355 -34.377464 -8.594366
0.11 10.08 1.12 -8.021409 -37.815212 -6.8754935
0.14999999 9.95 0.57 0.57295775 -34.377464 -7.448451
-0.24 9.57 0.59999996 3.4377468 -33.231552 -8.594366
-0.45 9.7 0.97999996 4.583662 -39.53409 -9.167324
0.099999994 9.94 1.31 9.167324 -40.680004 -5.15662
0.17999999 9.76 1.4599999 13.178029 -40.107044 -2.8647888
-0.26 10.0 1.4 20.62648 -40.107044 -5.15662
-0.53 10.54 0.90999997 30.939718 -32.085636 -6.8754935
0.42999998 10.349999 -0.19999999 35.523384 -32.085636 -2.291831
0.34 10.389999 -0.35999998 29.793804 -36.09634 -4.583662
0.0 10.3 -1.12 22.91831 -34.950428 -12.605071
-0.55 9.92 -0.89 8.021409 -28.07493 -9.740283
-0.59 9.74 0.83 -8.594366 -25.210142 -5.15662
-0.29 9.7699995 0.89 -4.0107045 -29.793804 -4.0107045
-0.02 10.2699995 0.19 6.8754935 -30.939718 -3.4377468
-0.21 10.17 -0.04 5.7295775 -27.501974 -5.7295775
0.21 10.19 0.16 -2.291831 -32.085636 -5.15662
0.13 10.16 0.14999999 -7.448451 -29.793804 -9.740283
-0.48 9.83 0.22999999 -12.032113 -21.199438 -12.032113
-0.82 9.679999 0.71999997 -12.032113 -24.637184 -10.31324
-0.17999999 10.07 0.71 -6.8754935 -29.793804 -8.594366
-0.22999999 10.13 -0.17 6.3025355 -27.501974 -6.3025355
-0.51 9.69 -0.35 4.583662 -25.7831 -6.3025355
-0.44 9.889999 -0.02 -2.8647888 -32.085636 -6.8754935
-0.089999996 9.99 0.48 -9.740283 -35.523384 -6.8754935
-0.58 9.75 0.81 -13.750987 -29.793804 -6.8754935
-0.58 9.59 1.22 -11.459155 -30.366762 -5.7295775
-0.29 10.07 1.1 -5.15662 -36.669296 -4.583662
-0.34 9.92 0.97999996 -2.8647888 -30.939718 -3.4377468
-0.5 9.84 1.37 -6.8754935 -26.929016 -6.3025355
-0.63 10.05 1.0799999 -7.448451 -29.793804 -9.740283
-0.63 10.179999 1.64 -14.896902 -20.053522 -6.8754935
-0.63 9.809999 1.88 -13.750987 -17.761692 -5.7295775
-0.71 9.95 1.8399999 -4.0107045 -20.62648 -8.021409
-0.59999996 9.95 1.13 1.7188734 -20.62648 -6.8754935
-0.82 9.46 1.11 0.57295775 -13.750987 -6.8754935
-1.0 9.5199995 1.62 0.0 -14.323945 -6.3025355
-1.1 9.809999 0.91999996 4.583662 -12.032113 -5.7295775
-0.68 9.57 1.06 3.4377468 -8.594366 -2.8647888
-0.74 9.5199995 1.41 -0.57295775 -6.3025355 -1.1459155
-0.87 9.679999 0.95 2.291831 -14.323945 -5.7295775
-1.13 9.559999 0.76 5.7295775 -7.448451 -4.0107045
-1.13 9.55 1.01 0.0 5.7295775 0.0
-0.81 9.719999 0.71 -3.4377468 2.8647888 0.0
-0.94 9.71 0.62 -8.594366 2.291831 0.57295775
-1.14 9.54 1.24 -18.334648 4.583662 0.57295775
-0.97999996 9.719999 1.56 -21.772396 0.57295775 0.57295775
-0.87 9.679999 1.4 -14.323945 2.291831 5.7295775
-1.06 9.969999 1.37 -7.448451 5.15662 5.15662
-0.90999997 10.32 1.0799999 -2.291831 0.0 3.4377468
-0.7 10.36 0.87 0.0 -1.7188734 2.291831
-0.7 10.0199995 1.04 -1.1459155 0.57295775 2.8647888
-0.82 10.01 1.02 0.0 0.0 -0.57295775
-0.85999995 10.17 0.94 1.1459155 -0.57295775 -0.57295775
-0.56 10.16 0.69 1.1459155 1.1459155 2.291831
-0.66999996 10.07 0.74 0.0 1.7188734 1.7188734
-0.81 10.08 0.88 -4.583662 -0.57295775 -1.7188734
-0.64 10.179999 0.91999996 -4.0107045 2.291831 -0.57295775
-0.58 10.25 0.71999997 -2.291831 6.3025355 0.0
-0.35999998 10.219999 0.22999999 -1.7188734 6.8754935 -0.57295775
-0.29 10.03 0.08 -4.583662 5.7295775 -2.291831
-0.91999996 10.04 0.5 -10.886198 5.15662 -6.3025355
-0.62 10.09 0.68 -15.469859 5.7295775 -4.583662
-0.59 9.87 1.1 -17.188732 13.178029 -4.583662
-0.53 9.639999 1.4599999 -15.469859 12.032113 -6.8754935
-1.01 9.469999 1.5 -6.8754935 2.8647888 -8.021409
-1.4699999 9.46 1.4399999 2.291831 0.0 -6.3025355
-1.1999999 9.66 1.24 9.167324 -1.7188734 1.1459155
-0.66999996 10.2 0.89 10.886198 -1.7188734 4.0107045
-0.07 9.969999 0.58 10.31324 2.291831 8.021409
-0.52 9.98 1.01 2.291831 4.0107045 2.291831
-0.94 9.809999 0.91999996 1.1459155 0.0 -5.15662
-1.27 9.91 0.85999995 4.583662 -1.7188734 -5.15662
-0.93 9.95 0.5 5.7295775 -0.57295775 -1.7188734
-0.57 9.99 0.57 4.0107045 0.0 1.7188734
-0.45 10.059999 0.53999996 -0.57295775 0.0 1.1459155
-0.65999997 9.86 0.29 -6.8754935 3.4377468 -1.1459155
