1.9799999 10.2 0.95 11.459155 -13.178029 -2.291831
1.49 10.13 0.39999998 17.761692 -8.594366 -7.448451
1.22 9.82 -0.29 21.772396 -26.929016 -1.7188734
2.1499999 9.79 0.38 22.91831 -27.501974 5.15662
2.22 9.78 -0.83 18.334648 -3.4377468 -4.583662
1.17 10.11 -1.8 6.8754935 3.4377468 -4.0107045
1.9699999 10.44 -1.8399999 3.4377468 -11.459155 0.0
3.35 10.58 -3.1599998 -9.167324 -18.907606 -6.8754935
3.5 10.15 -3.31 -22.91831 -13.750987 -18.907606
2.37 9.599999 -1.81 -12.032113 -14.896902 -15.469859
2.97 9.42 -2.4099998 8.594366 -21.772396 -8.594366
3.74 9.36 -3.6699998 26.929016 -26.929016 -2.8647888
3.8999999 9.45 -4.18 37.242256 -30.366762 -2.291831
3.6999998 9.2699995 -4.64 46.40958 -39.53409 0.0
4.2 8.76 -5.23 49.27437 -42.398876 8.021409
4.41 8.44 -5.12 41.25296 -37.242256 20.053522
4.42 8.97 -3.8 50.420284 -64.74423 30.939718
5.8599997 9.38 -3.79 59.58761 -85.37071 33.80451
6.8999996 8.91 -5.12 43.544792 -83.65183 21.199438
5.5299997 7.97 -5.83 7.448451 -78.49522 13.178029
3.46 7.77 -1.67 -17.761692 -139.80171 37.815212
6.52 8.53 -0.31 -12.605071 -158.7093 44.69071
4.7799997 9.53 0.08 -13.750987 -151.26085 40.107044
4.64 11.09 1.28 -27.501974 -161.5741 49.84733
5.27 12.719999 4.1 -46.40958 -174.75212 43.544792
4.72 12.349999 6.39 -55.576904 -151.26085 13.750987
3.11 10.61 6.48 -33.231552 -90.52733 -6.8754935
2.5 9.22 4.65 -4.583662 -80.78705 8.021409
2.57 9.05 2.09 11.459155 -101.41353 21.772396
2.8799999 9.4 0.62 3.4377468 -120.89409 20.62648
3.26 9.88 0.62 -20.053522 -116.883385 13.750987
3.6699998 9.79 1.54 -44.11775 -104.27831 2.291831
1.56 10.12 5.58 -45.83662 -108.289024 1.7188734
1.87 10.429999 6.25 -24.637184 -115.16451 8.594366
2.36 9.73 4.54 -12.605071 -103.1324 1.1459155
-0.089999996 9.92 3.79 -24.637184 -77.349304 -6.3025355
-0.95 10.599999 4.19 -41.25296 -62.4524 0.57295775
-0.98999995 10.62 5.0899997 -55.576904 -53.858032 5.15662
-0.83 10.599999 6.1 -48.701412 -48.701412 6.3025355
-0.01 10.26 6.35 -27.501974 -41.825916 5.7295775
0.45 9.84 5.77 -2.291831 -34.377464 0.57295775
0.59 9.42 4.5899997 17.188732 -24.637184 -6.8754935
-0.21 9.08 3.24 26.929016 -28.07493 -10.886198
-0.22 8.76 1.51 21.199438 -36.09634 -3.4377468
0.63 8.79 0.78999996 8.594366 -27.501974 -6.3025355
0.58 8.54 0.35 -6.8754935 -13.750987 -14.323945
-0.11 8.5199995 0.9 -18.334648 -10.31324 -18.334648
0.08 8.69 1.56 -18.907606 -14.896902 -12.605071
0.34 8.559999 1.36 -13.178029 -18.907606 -13.178029
-0.38 8.46 1.31 -12.605071 -15.469859 -10.886198
-0.66999996 8.98 1.76 -9.167324 -18.907606 -2.8647888
-0.01 9.24 1.75 -6.8754935 -20.053522 0.57295775
0.32999998 9.17 1.51 -8.021409 -13.178029 -1.7188734
0.06 9.26 1.43 -10.31324 -7.448451 -1.7188734
0.01 9.61 1.66 -4.0107045 -9.167324 6.3025355
0.14999999 9.809999 1.49 1.1459155 -13.750987 8.594366
0.45999998 10.16 1.27 3.4377468 -13.178029 7.448451
1.18 10.389999 1.24 1.1459155 -7.448451 6.8754935
1.3 10.26 1.36 -1.7188734 0.0 0.57295775
0.83 10.11 1.35 -0.57295775 6.8754935 -6.8754935
0.44 9.809999 1.11 0.57295775 6.3025355 -6.3025355
0.19999999 9.5 1.04 4.0107045 4.583662 -2.8647888
0.29999998 9.49 0.82 8.021409 4.0107045 0.57295775
0.72999996 9.46 0.42 8.021409 1.1459155 2.8647888
0.83 9.63 0.47 6.8754935 2.8647888 1.7188734
1.29 9.7699995 0.25 5.7295775 6.8754935 1.1459155
1.24 9.61 0.099999994 4.583662 7.448451 -4.0107045
0.88 9.5 0.04 2.8647888 6.8754935 -7.448451
0.91999996 9.5 -0.04 0.57295775 5.7295775 -5.7295775
0.84 9.42 -0.049999997 -1.7188734 6.3025355 -6.3025355
0.48999998 9.37 0.26999998 -3.4377468 6.3025355 -6.3025355
0.75 9.51 0.41 0.57295775 3.4377468 -0.57295775
1.11 9.57 0.16 2.291831 0.57295775 -1.7188734
1.0799999 9.469999 -0.11 1.7188734 0.0 -5.15662
0.82 9.48 -0.19999999 0.0 -0.57295775 -4.0107045
1.04 9.599999 0.16 -2.291831 0.0 -4.583662
0.95 9.44 0.21 -4.0107045 6.3025355 -5.7295775
0.44 9.51 0.17999999 -9.167324 10.886198 -2.8647888
0.62 9.679999 0.85999995 -5.7295775 4.0107045 0.57295775
1.42 10.01 0.71 2.8647888 -4.583662 3.4377468
1.3 9.86 0.06 2.8647888 0.0 -1.1459155
0.35999998 9.74 0.39999998 -2.8647888 5.15662 -6.3025355
0.31 9.74 0.96 2.8647888 -0.57295775 3.4377468
1.17 9.73 0.68 7.448451 -1.7188734 3.4377468
1.15 9.5199995 0.25 6.8754935 1.1459155 -1.7188734
0.25 9.49 0.32999998 6.3025355 0.0 1.7188734
0.63 9.69 0.59 9.167324 -2.291831 8.021409
1.4699999 9.67 0.22 9.167324 -0.57295775 2.291831
0.56 9.4 -0.16 0.57295775 -0.57295775 -1.7188734
0.90999997 9.62 0.55 0.0 -7.448451 0.57295775
1.04 9.469999 0.26999998 0.0 -5.7295775 -0.57295775
0.39999998 9.45 0.17999999 -3.4377468 2.8647888 -3.4377468
0.21 9.58 0.76 -4.583662 1.7188734 0.0
0.71 9.7699995 1.16 0.57295775 -3.4377468 4.583662
1.22 9.719999 0.71999997 9.167324 -2.291831 1.1459155
0.79999995 9.51 0.13 5.15662 0.57295775 -1.7188734
0.41 9.429999 0.26999998 0.57295775 1.7188734 0.57295775
0.75 9.46 0.41 -0.57295775 2.8647888 1.7188734
0.77 9.42 0.32 0.57295775 2.8647888 0.57295775
0.84999996 9.639999 0.22999999 4.0107045 -4.583662 1.7188734
1.02 9.679999 0.04 1.1459155 -1.7188734 0.57295775
0.48999998 9.429999 0.08 -4.583662 4.0107045 -1.7188734
0.26999998 9.66 0.83 -5.15662 3.4377468 1.7188734
1.12 9.889999 0.94 2.8647888 -2.291831 7.448451
1.13 9.83 0.17 8.594366 -2.291831 4.0107045
0.63 9.78 -0.22 1.7188734 0.0 1.7188734
0.59 9.7699995 0.17 -2.291831 -1.7188734 4.0107045
1.15 9.96 0.76 -3.4377468 0.57295775 2.8647888
1.24 9.98 0.69 -4.0107045 9.740283 -1.7188734
0.65999997 9.809999 0.68 -1.1459155 9.167324 -2.8647888
0.38 9.76 0.85999995 6.8754935 0.0 2.291831
1.01 9.71 0.049999997 11.459155 0.0 2.8647888
0.83 9.7 -0.06 5.15662 4.583662 1.7188734
1.03 9.66 0.16 0.0 2.8647888 1.1459155
0.9 9.54 0.35 -1.7188734 2.291831 0.0
0.76 9.49 0.47 0.0 1.1459155 0.0
1.0 9.36 0.45 3.4377468 -3.4377468 0.0
0.79999995 9.24 0.26 1.7188734 0.57295775 -1.1459155
0.44 9.28 0.25 0.57295775 3.4377468 2.291831
0.77 9.45 0.31 2.8647888 0.0 4.583662
1.16 9.48 0.12 2.8647888 0.0 2.8647888
0.95 9.51 0.11 2.291831 0.57295775 0.57295775
0.91999996 9.66 0.26999998 1.7188734 -2.8647888 4.0107045
1.1999999 9.639999 0.17 2.291831 -3.4377468 2.291831
0.84 9.5199995 -0.049999997 1.1459155 0.0 0.0
0.75 9.57 0.26 -1.1459155 -3.4377468 1.1459155
0.93 9.54 0.62 -1.1459155 -4.0107045 2.291831
1.06 9.61 0.5 0.57295775 1.7188734 2.291831
1.05 9.7 0.31 0.57295775 0.0 1.1459155
1.04 9.66 0.19999999 -0.57295775 -1.1459155 0.0
