2.3870919 9.356826 1.3048798 -2.60925 8.12308 2.6988502
2.4469488 9.256267 1.1899546 -1.87425 4.3080797 5.1838503
2.3224466 9.313729 1.5658557 -4.00925 2.69808 5.7438498
2.4158232 9.25866 1.6759924 -8.76925 7.10808 5.2188497
2.3870919 9.349643 1.8340145 -10.90425 10.503079 5.49885
2.430189 9.265843 1.977671 -9.329249 10.78308 5.39385
2.52596 9.296969 1.8292259 -5.86425 9.1730795 3.9938502
2.2458298 9.368797 1.4868447 -1.48925 5.88308 2.62885
1.7957062 9.4142885 1.1899546 0.75075 3.22308 1.3688501
2.238647 9.342461 1.8076775 -4.81425 8.05308 3.64385
2.5546913 9.349643 2.3224466 -15.41925 11.20308 9.97885
2.6791935 9.287392 2.5929997 -19.584251 9.76808 11.658851
2.432583 9.268238 2.6169424 -14.43925 7.28308 7.66885
2.4708917 9.153313 2.22907 -4.77925 3.43308 1.40385
2.257801 9.170073 2.1117504 6.0357504 -1.74692 -2.72615
2.2769554 9.126976 2.2601955 3.86575 2.03308 -0.38114998
2.1811843 9.033599 2.6504622 4.0757504 -0.06692 0.0038500002
2.0327394 8.980925 2.978478 7.29575 -4.33692 -0.45115
2.011191 8.906702 2.7893302 12.96575 -7.69692 1.7538501
2.011191 8.861211 2.5068057 18.53075 -8.571919 4.93885
1.7047237 8.667274 2.5379312 18.39075 -8.04692 7.3538494
2.0399222 8.980925 2.9114382 13.17575 -4.8969197 12.35885
2.6217308 9.115005 2.9329867 10.305751 -0.13692002 18.55385
2.8803127 9.299363 2.3463893 16.430752 -2.3769202 20.443851
3.1365 9.481328 1.1947432 26.58075 -4.58192 16.873852
3.737463 9.804555 0.13886794 32.63575 -3.28692 14.14385
3.9337935 9.979338 -0.99362403 34.805748 -5.4919205 10.01385
3.213117 10.034406 -1.647261 32.42575 -10.18192 -0.10115
3.1748085 10.060742 -2.6217308 27.350752 -8.78192 -4.2661505
3.5147953 10.149331 -3.5171897 19.33575 -2.76192 1.1588501
3.8811195 10.079897 -4.209135 9.71075 -2.76192 5.91885
4.0535073 10.034406 -4.1325183 -0.68425 -7.8019204 4.5188503
4.02717 9.780613 -3.6871831 -12.09425 -12.73692 -0.31115
3.9433706 9.349643 -3.8787253 -17.79925 -17.70692 -5.38615
3.8092911 9.12937 -4.166038 -14.404251 -25.47692 -9.34115
4.1085753 9.050359 -4.40786 -10.90425 -35.241917 -10.811151
3.8475995 9.0838785 -3.938582 -13.59925 -44.83192 -10.11115
3.5650752 9.024022 -3.6991546 -19.96925 -52.70692 -12.001149
3.806897 8.9186735 -4.1851926 -19.82925 -62.29692 -15.011149
4.3623686 8.775017 -4.336032 -15.699249 -74.26692 -14.24115
4.3695517 9.050359 -3.8571768 -20.35425 -82.526924 -10.32115
4.3911 9.069513 -2.7869358 -30.609251 -88.05692 -8.92115
4.517997 8.612206 -2.152453 -39.39425 -96.73692 -11.05615
4.7957325 8.576292 -2.3128695 -38.23925 -106.956924 -12.526151
4.925023 8.549955 -1.4221992 -32.67425 -115.28693 -11.37115
5.0160055 8.265037 0.37590113 -39.91925 -114.51692 -9.20115
4.5946136 8.329682 1.0199611 -45.90425 -112.45192 -9.27115
4.352792 8.631361 0.71828246 -31.659252 -120.081924 -13.54115
4.7286925 8.849239 0.09337672 -7.01925 -135.62192 -17.671148
4.9992456 8.751075 0.30646718 0.43575 -132.47192 -16.48115
5.2937417 8.6433325 1.5443072 -13.494249 -104.78693 -10.46115
5.846819 9.265843 2.928198 -30.71425 -83.71692 -2.23615
5.837242 9.61062 2.9114382 -31.06425 -93.026924 4.6588497
5.6241517 9.562734 2.2841382 -5.33925 -84.97692 -5.87615
5.2841644 9.601042 2.3655436 -5.47925 -71.50192 -11.37115
4.9633317 9.529214 2.8994668 -10.379251 -78.81692 -10.74115
4.783761 9.37598 3.1915684 -10.90425 -86.586914 -7.9061503
4.1971636 9.220352 2.928198 -11.88425 -80.04192 -6.12115
3.79732 8.954588 2.9305923 -21.54425 -67.09193 -4.54615
4.0582957 8.786988 4.2043467 -42.61425 -52.70692 2.55885
4.436591 8.676852 5.602603 -53.60425 -49.801918 8.1938505
4.1325183 8.681641 5.8180876 -40.19925 -56.97692 2.45385
3.9242165 8.937828 5.193182 -20.73925 -56.48692 -4.16115
3.981679 9.06233 5.2075477 -13.10925 -52.77692 -3.98615
3.3831103 8.976136 5.260222 -13.844251 -46.546925 -6.33115
3.083826 9.002473 5.2147307 -14.26425 -42.206917 -10.98615
3.344802 9.117398 5.312896 -15.10425 -46.93192 -12.56115
3.189174 8.937828 5.305713 -17.834251 -45.391922 -12.10615
2.3966691 8.741497 5.506832 -18.744251 -34.36692 -15.291151
2.3224466 8.89952 5.2051535 -15.20925 -30.656921 -16.90115
2.4206119 8.930645 4.2043467 -4.88425 -29.71192 -12.281151
1.9968252 8.966559 3.0335462 5.26575 -26.52692 -10.006149
2.2147043 9.349643 2.3224466 2.32575 -19.631918 -9.62115
2.5283542 9.25866 2.5068057 -11.70925 -10.53192 -6.19115
2.073442 8.73192 3.605778 -31.134253 -2.27192 -5.80615
1.6807809 8.631361 4.37434 -45.44925 5.46308 -9.936151
1.5107874 8.722343 3.8883023 -38.90425 9.52308 -10.04115
1.489239 8.966559 2.8108785 -14.089251 4.13308 -8.116151
2.0710478 9.378374 1.9393626 7.82075 -3.6719203 -3.98615
2.3320236 9.526819 1.4485363 15.48575 -6.78692 1.33385
2.2937152 9.574705 1.4317763 13.840751 -6.57692 1.0188501
2.2338583 9.45978 1.7478206 6.3157506 -3.98692 -3.56615
2.2314641 9.538791 1.8675344 -3.06425 1.47308 -6.33115
2.3535721 9.464568 1.8052832 -6.35425 4.79808 -6.6111503
1.9992194 9.380769 1.7119064 -3.76425 1.15808 -8.25615
1.8340145 9.474146 1.9178141 -1.62925 -2.97192 -12.38615
2.0782306 9.4932995 1.977671 -2.95925 -1.74692 -13.26115
2.423006 9.395134 1.6831752 -0.82425 -1.85192 -10.95115
2.2506182 9.387952 1.5730386 5.3007503 -5.07192 -9.48115
2.1117504 9.397529 1.2091088 6.91075 4.02808 -12.59615
1.8364087 9.447808 0.8044763 5.9307504 8.2980795 -11.441151
1.6855695 9.373586 0.9122187 1.41575 6.05808 -9.58615
1.5514901 9.323306 1.1995317 -4.11425 3.32808 -6.7161503
2.0662591 9.47654 1.2258687 -4.46425 2.7680802 -3.11115
1.7621863 9.57231 1.0486923 -0.40425 -1.57192 -2.5511498
1.5610672 9.62259 1.0702409 1.17075 -2.30692 -3.56615
1.9656997 9.744699 1.3264283 -1.69925 -0.94192004 -1.32615
2.0279508 9.735122 1.4102279 -2.50425 -0.27692 0.63385004
1.8268317 9.696813 1.2210802 0.61075 -2.16692 -1.39615
1.7550035 9.60583 1.376708 0.82075 -1.8169199 -2.58615
1.7190893 9.58907 1.7550035 -4.4292502 1.7530801 -1.53615
1.541913 9.529214 2.0590763 -5.5142503 2.20808 -0.17115
1.8531687 9.531608 1.733455 1.52075 -1.67692 1.8938498
1.9944309 9.737515 1.2426286 10.1657505 -4.96692 4.30885
2.2601955 9.840469 1.1779832 10.76075 -2.1319199 5.53385
2.1285102 9.601042 1.3000913 5.86075 0.77308 4.7638497
2.099779 9.641745 1.359948 1.8707502 3.0130801 1.4388502
2.169213 9.694419 1.0415095 0.82075 3.11808 0.66885
1.9561225 9.505271 1.0223553 2.08075 -0.52191997 -1.08115
1.6688095 9.347249 1.3383996 -1.1742501 -1.95692 -3.95115
1.8435916 9.316123 1.6688095 -6.00425 0.38808 -4.4411497
2.0854135 9.404712 1.5490957 -5.8292503 1.29808 -1.7811501
2.0255566 9.452597 1.2809371 -0.08925 -0.59191996 -0.41615
1.924997 9.452597 1.1133378 4.91575 -3.53192 -1.08115
1.9441512 9.423865 1.350371 3.97075 -3.60192 -1.7811501
1.9130256 9.325701 1.6137413 -1.03425 -0.38192 -1.04615
2.0255566 9.395134 1.6592325 -3.9392502 2.94308 0.03885
2.004008 9.514848 1.2210802 -1.1742501 2.90808 1.2288501
1.8866886 9.517242 1.0055954 3.72575 1.05308 0.45885003
1.6999351 9.37598 1.2426286 3.0607502 1.78808 -1.3611501
1.7573977 9.517242 1.4964218 -4.18425 5.7080803 -0.9761499
2.1931558 9.617802 1.2593886 -7.64925 8.683081 1.47385
2.2242813 9.60583 1.2761484 -4.56925 7.6330805 4.0638504
1.9106313 9.474146 1.4150164 -2.50425 5.18308 2.73385
1.89866 9.500483 1.2665714 -1.1042501 1.96308 -0.41615
1.9321798 9.553157 1.1899546 1.90575 -0.62692 -0.52115
2.0399222 9.57231 1.3288225 2.43075 0.073079996 0.84384996
2.2147043 9.577099 1.3551595 0.08575 2.10308 2.03385
2.1716073 9.653716 1.3455825 1.59075 -0.17192 0.9838501
2.0518935 9.615408 1.3647367 2.57075 -0.59191996 -1.39615
