1.25 9.38 0.28 9.167324 4.583662 -1.1459155
-0.14999999 9.15 0.41 9.167324 -33.231552 4.0107045
0.88 9.059999 1.0699999 13.750987 -58.441692 18.907606
1.87 9.37 0.39 16.042818 -36.09634 16.042818
1.9699999 9.73 -0.11 6.8754935 0.57295775 3.4377468
1.53 9.84 -0.65999997 4.0107045 -6.3025355 0.0
1.92 9.88 -1.55 0.57295775 -24.637184 1.7188734
2.27 9.83 -2.19 -6.8754935 -26.929016 2.8647888
2.5 9.87 -3.06 -19.480566 -14.896902 5.7295775
2.46 10.21 -3.59 -30.939718 -5.15662 3.4377468
3.03 10.639999 -2.87 -16.615776 -9.740283 4.583662
3.8999999 10.53 -3.7099998 21.772396 -42.398876 4.583662
3.26 10.13 -5.8399997 56.14986 -63.02536 3.4377468
3.09 10.15 -7.3599997 68.75493 -70.47381 8.594366
4.11 10.13 -8.71 65.890144 -81.93296 19.480566
5.71 9.88 -8.86 35.523384 -92.24621 15.469859
5.75 9.809999 -7.6699996 20.053522 -98.54874 13.178029
5.68 9.639999 -6.39 15.469859 -123.75887 18.334648
6.3399997 9.41 -5.08 14.896902 -138.65578 18.907606
6.5299997 9.42 -3.6899998 14.323945 -132.92621 18.334648
6.91 9.139999 -2.6799998 13.178029 -124.33183 18.907606
6.14 8.76 -0.71 10.886198 -117.456345 25.210142
5.8799996 9.07 0.84999996 10.886198 -115.16451 31.51268
6.22 8.7699995 1.5999999 19.480566 -117.456345 34.377464
5.91 8.62 1.39 21.199438 -111.72677 38.38817
6.02 8.66 2.26 12.605071 -112.29972 34.950428
3.97 9.469999 3.3999999 -10.31324 -122.04 26.356058
3.72 10.96 4.25 -32.085636 -105.997185 21.772396
5.73 10.599999 3.31 -64.74423 -68.18198 -5.7295775
3.7099998 8.79 3.6799998 -91.10028 -26.356058 -36.669296
0.26999998 8.7 6.37 -75.057465 -36.09634 -25.210142
1.15 8.84 7.24 -11.459155 -57.29578 -9.167324
0.26 8.599999 3.1599998 -3.4377468 -64.74423 -15.469859
-0.59999996 9.4 3.86 -19.480566 -65.890144 -10.31324
1.06 10.139999 5.18 -28.07493 -49.27437 0.0
1.1899999 10.05 4.15 -22.91831 -20.62648 -7.448451
-0.94 9.55 3.4099998 -22.91831 -17.188732 -16.615776
-1.41 9.73 4.43 -11.459155 -38.961132 2.8647888
0.59999996 10.219999 3.9299998 0.0 -30.939718 4.583662
1.09 10.2 2.2 -4.0107045 -17.761692 -8.021409
-0.07 9.849999 1.66 -13.750987 -11.459155 -13.178029
-0.14 10.07 2.62 -12.032113 -2.8647888 -7.448451
1.06 10.28 2.59 0.57295775 5.7295775 -10.886198
-0.32999998 9.44 0.5 2.291831 -8.021409 -21.199438
-0.35999998 9.309999 0.84999996 -1.7188734 -13.750987 -12.032113
0.72999996 9.29 0.98999995 -1.7188734 -6.8754935 -4.0107045
0.65 9.21 0.81 1.7188734 0.0 -6.8754935
-0.19999999 9.2699995 0.82 6.3025355 -1.7188734 -6.3025355
0.24 9.42 0.65999997 12.605071 -4.583662 1.1459155
0.74 9.48 0.19999999 11.459155 -4.0107045 -1.1459155
0.48 9.389999 -0.12 5.15662 -3.4377468 -4.583662
0.59999996 9.429999 0.06 -1.1459155 4.0107045 -3.4377468
0.84999996 9.389999 0.32 -2.8647888 12.032113 -6.8754935
0.53 9.349999 0.12 -2.8647888 8.594366 -6.8754935
0.45999998 9.16 0.12 -4.0107045 1.7188734 -5.15662
0.34 9.12 0.21 -6.3025355 3.4377468 -5.15662
0.29999998 9.29 0.26 -7.448451 4.583662 -2.8647888
0.52 9.58 0.58 -6.8754935 4.583662 -1.7188734
0.5 9.74 0.63 -2.291831 4.583662 -1.7188734
0.44 9.73 0.28 1.7188734 3.4377468 -1.1459155
0.42999998 9.65 0.0 0.0 6.3025355 -0.57295775
0.42 9.57 0.11 1.1459155 6.3025355 0.57295775
0.55 9.719999 0.19 5.15662 2.8647888 3.4377468
1.06 9.84 -0.16 5.15662 3.4377468 1.7188734
0.74 9.849999 -0.52 0.57295775 8.594366 0.0
1.2099999 9.94 -0.14 0.0 4.583662 0.57295775
1.0699999 9.78 -0.19 0.57295775 5.7295775 -2.8647888
0.61 9.57 -0.32 0.0 6.3025355 -4.583662
0.52 9.429999 -0.17 0.0 2.8647888 -1.1459155
0.78 9.469999 0.099999994 1.1459155 1.1459155 0.57295775
0.94 9.639999 0.03 4.0107045 2.291831 1.1459155
1.14 9.63 -0.57 1.1459155 2.291831 -1.7188734
0.93 9.44 -1.03 -6.3025355 10.886198 -4.583662
0.61 9.179999 -0.85999995 -10.886198 17.188732 -1.7188734
0.84999996 9.389999 -0.24 -8.021409 12.032113 0.57295775
0.95 9.59 -0.29 -4.0107045 1.7188734 -0.57295775
0.75 9.66 -0.02 -4.583662 -1.7188734 -1.1459155
0.97999996 9.73 -0.06 -4.0107045 1.1459155 0.0
0.76 9.59 0.03 -2.8647888 0.0 -1.7188734
0.53 9.389999 0.29999998 -0.57295775 -2.291831 0.0
0.76 9.49 0.26999998 2.291831 -4.0107045 2.8647888
0.81 9.45 0.04 2.291831 -1.7188734 2.8647888
0.62 9.46 0.0 1.1459155 0.0 4.0107045
0.71999997 9.559999 0.13 2.291831 -2.291831 6.3025355
1.18 9.8 0.02 2.8647888 -4.0107045 4.0107045
1.22 9.7699995 -0.38 -1.7188734 -0.57295775 0.0
0.82 9.69 -0.17999999 -6.3025355 0.0 -2.291831
0.65 9.58 0.58 -4.0107045 0.0 0.0
0.87 9.66 0.32999998 0.0 0.0 1.7188734
0.84999996 9.599999 0.26 0.0 0.57295775 1.1459155
0.64 9.46 0.32 0.0 1.7188734 1.7188734
0.59999996 9.389999 0.25 0.0 1.1459155 2.8647888
0.59999996 9.37 -0.049999997 -1.7188734 1.1459155 4.583662
0.82 9.61 0.099999994 -6.8754935 3.4377468 7.448451
1.15 10.059999 0.55 -5.15662 2.8647888 5.15662
1.31 10.2 0.66999996 -1.1459155 3.4377468 1.7188734
1.13 10.19 0.45999998 0.57295775 4.0107045 -0.57295775
1.06 9.95 0.17 1.7188734 3.4377468 -1.1459155
0.95 9.7699995 -0.049999997 1.1459155 1.7188734 0.0
0.98999995 9.74 0.049999997 1.7188734 1.7188734 2.291831
1.06 9.7699995 0.04 4.0107045 0.0 2.291831
1.01 9.76 0.01 5.15662 0.0 1.1459155
1.1 9.86 -0.04 4.583662 0.0 1.1459155
1.28 9.84 -0.14999999 3.4377468 -2.291831 -0.57295775
0.96 9.599999 -0.17999999 -1.7188734 0.0 -4.583662
0.52 9.44 0.12 -4.0107045 1.7188734 -1.7188734
0.71999997 9.62 0.42999998 -1.1459155 0.0 0.57295775
1.23 9.67 0.11 0.0 -0.57295775 -1.1459155
1.14 9.48 -0.26999998 -4.0107045 0.0 -5.15662
0.96 9.57 -0.34 -15.469859 1.1459155 -8.594366
0.82 9.75 0.74 -17.761692 5.15662 -9.167324
0.58 9.53 0.9 -11.459155 4.0107045 -8.021409
0.42 9.38 0.91999996 -4.0107045 0.57295775 -5.15662
0.53999996 9.429999 0.68 1.1459155 -0.57295775 -1.1459155
0.62 9.5199995 0.19999999 1.7188734 1.7188734 0.57295775
0.71999997 9.59 0.12 0.0 1.7188734 2.291831
0.95 9.65 0.38 1.7188734 0.0 1.7188734
1.01 9.679999 0.29999998 4.0107045 -1.7188734 0.0
0.74 9.59 -0.049999997 0.57295775 -1.1459155 0.0
0.65999997 9.62 0.19999999 -1.7188734 0.0 1.1459155
0.84 9.69 0.68 0.0 0.0 2.291831
0.79999995 9.65 0.28 5.7295775 0.0 0.0
0.71 9.62 0.21 5.15662 -0.57295775 1.1459155
