1.7406378 9.816526 -0.79250497 1.146355 6.827975 -0.56717503
1.9489397 9.931452 -0.5243462 -5.993645 -0.487025 5.0328255
2.3894863 10.0368 -0.48124924 -8.093645 -1.2920251 7.762825
2.796513 9.857229 -0.5865973 -7.9886456 1.087975 11.717826
2.8372157 10.111023 -0.47885495 -7.463645 4.972975 13.572825
2.6289136 10.26665 -0.30646718 -5.468645 7.457975 11.507826
2.1740015 10.295382 -1.0079896 -0.008645 3.082975 5.907825
2.205127 10.2091875 -1.2258687 8.916355 -1.362025 -0.182175
2.5834224 10.503684 -1.5802214 14.551354 -1.887025 -2.387175
2.803696 10.134965 -1.9680939 13.116356 -1.747025 -0.602175
2.3918805 9.876384 -1.5323359 8.566356 -2.2720249 -0.252175
2.0447106 9.352037 -0.9577099 -1.338645 1.647975 -3.9971747
2.0949905 8.921068 -0.8930645 -10.963645 3.012975 -8.757175
2.0806248 8.796566 -1.0870007 -14.673645 0.072974995 -11.032174
1.4437478 8.631361 -1.462902 -13.378645 -1.537025 -10.752175
0.17717634 8.420665 -1.089395 -12.993645 -1.9920251 -11.907175
-0.3998439 8.315316 -0.5961744 -18.628647 0.387975 -15.442177
0.2083019 8.873182 -0.6488485 -27.588646 6.372975 -15.932175
2.1141446 9.804555 -1.5059988 -30.703644 9.557975 -7.1121755
3.4022646 10.151725 -2.2769554 -23.108646 1.927975 8.462826
3.9409764 9.799767 -2.9952378 -14.778645 -6.7170253 18.857824
2.6887705 9.6585045 -2.7582045 -14.813645 -7.732025 17.912825
2.0590763 9.354432 -1.9465454 -22.653646 -3.812025 8.637825
2.1548474 9.25866 -2.1500587 -33.153645 -0.87202495 -2.982175
2.3727264 9.699207 -3.4812756 -35.673645 -5.3170247 -8.757175
2.2266755 9.598648 -4.182798 -22.898645 -13.9970255 -5.677175
1.515576 9.387952 -3.7781656 -6.2736454 -26.562025 -3.017175
1.4557191 9.565128 -3.2729738 -2.423645 -36.152023 -6.762175
2.4182177 9.763853 -3.7159145 -7.9186454 -38.987026 -9.387175
3.5387383 10.278622 -4.3958883 -5.5386453 -51.237026 -2.842175
4.5419393 10.455798 -4.4892654 9.056355 -77.137024 16.617825
4.5515165 10.575512 -3.684789 -0.498645 -80.25202 18.787825
4.925023 10.292988 -2.8276386 -18.733644 -76.08702 17.527826
6.158075 9.850046 -2.8467927 -29.618645 -70.03203 17.667826
6.4358106 9.603436 -2.7366562 -28.918646 -75.63203 17.947826
6.019207 9.122187 -1.6999351 -29.443644 -87.60203 8.707826
4.7933383 8.497281 -0.36871833 -47.643642 -93.79702 -19.607176
4.170827 8.224334 0.17238778 -48.413647 -93.51703 -23.457174
4.556305 7.963358 0.62251145 -46.13865 -100.79703 -19.152174
4.972909 7.877164 1.4868447 -48.308643 -107.16703 -14.742176
4.9872746 7.903501 2.604971 -54.95864 -106.64203 -13.867175
4.783761 7.8556156 4.130124 -59.858643 -98.34702 -13.762175
5.4350038 8.13814 5.5092263 -53.068645 -92.397026 -10.857175
5.7630196 8.454185 4.764607 -30.143642 -90.47203 -10.297174
4.3791285 8.518829 4.903475 -9.703645 -79.09702 -26.922176
3.2897336 8.487704 5.566689 -6.448645 -64.887024 -44.562176
2.832427 8.375174 5.05192 -4.278645 -51.552025 -46.557175
2.281744 8.60263 4.740664 -7.8486447 -30.132029 -43.05718
0.679974 8.755863 5.724711 -22.233646 -9.552026 -40.222176
0.1699935 8.633755 7.391126 -36.303646 -7.207025 -40.047176
0.50040346 8.746285 7.520417 -34.063644 -18.582027 -32.802177
0.3423813 9.0288105 6.577073 -16.633646 -23.587025 -22.652176
-0.2083019 8.988108 6.1077952 -1.303645 -21.102024 -19.292175
-0.51716334 9.098245 5.9114647 3.9813552 -18.232025 -17.892176
-0.17957062 9.155706 5.7462597 3.3863552 -18.687025 -11.697175
0.026337024 9.201198 5.260222 2.1963549 -14.207025 -2.912175
-0.0071828244 9.205987 4.4916596 5.521355 -3.2520251 2.0228252
-0.22266756 9.069513 3.8667538 8.321355 0.632975 1.707825
-0.3902668 9.047964 3.5435266 5.8363547 4.062975 0.657825
-0.39266106 9.131764 3.1700199 4.0863547 11.622975 3.352825
0.15562786 9.268238 3.059883 6.851355 11.062975 8.182825
0.8786988 9.421472 3.0910087 10.911355 1.647975 11.752825
0.68236834 9.684841 2.2506182 14.131355 -2.692025 11.437824
0.65842557 9.72315 1.4341706 16.686356 6.1629753 9.162826
0.7948992 9.656111 1.5826156 12.731356 13.092975 8.5328245
0.6057515 9.591465 2.1620302 2.371355 12.777975 7.3428254
0.8332076 9.577099 2.1117504 -5.398645 12.357976 5.802825
1.2617828 9.735122 1.647261 -2.738645 8.472975 6.957825
1.1277034 9.888355 1.5083932 2.5463552 3.082975 8.147825
0.91700727 9.641745 1.8531687 1.566355 3.082975 5.907825
1.1540405 9.577099 2.0494993 -2.668645 5.497975 4.2978253
1.4748733 9.656111 1.7550035 -4.523645 6.232975 5.662825
1.0846065 9.72315 1.733455 -3.7886448 7.457975 7.097825
0.7829279 9.718362 2.0016139 -4.488645 11.727975 5.172825
1.3216397 9.636956 1.7550035 -5.013645 15.157976 2.862825
1.211503 9.761458 1.5778271 0.516355 10.607974 7.3428254
1.1564348 9.677659 1.350371 1.1113551 9.312976 6.082825
1.2474172 9.632168 1.5610672 -0.46364498 6.337975 5.207825
1.6807809 9.792584 1.7071179 -1.793645 4.762975 5.662825
1.7693691 9.775824 1.7214836 0.516355 3.9579751 4.3328247
1.7406378 9.804555 1.812466 3.351355 3.047975 0.93782496
1.5897985 9.828498 1.7741576 4.0863547 7.492975 -2.667175
1.1995317 9.715967 1.6688095 4.121355 15.787975 -5.747175
0.96489275 9.61062 1.498816 4.6113553 21.002975 -5.362175
1.2785428 9.73991 1.0271438 7.1663547 21.772974 0.062825
1.4676905 9.948212 0.9696813 10.246354 15.402976 3.877825
1.5347302 9.953 0.75659084 11.646356 4.727975 2.1978252
1.5203645 9.90272 0.94095 8.356356 3.257975 0.58782494
1.6592325 9.833286 1.211503 1.076355 10.677976 0.797825
1.5299416 9.900327 1.1300977 -1.6186451 13.337975 0.34282503
1.3671309 9.665688 0.9313729 1.041355 8.507975 -2.912175
1.2953026 9.514848 1.1253091 1.146355 4.1679754 -4.697175
1.3096683 9.5483675 1.1660118 -1.6186451 5.497975 -3.367175
1.472479 9.663293 0.94573855 -1.758645 6.6529746 -1.302175
1.1660118 9.63935 0.89067024 -0.9186451 5.707975 -1.3721751
1.3312168 9.522031 0.9624985 -1.758645 2.5929751 -3.542175
1.3312168 9.586677 1.1277034 -4.383645 0.49297503 -2.982175
1.4293821 9.648928 1.23784 -5.888645 2.1379752 -1.827175
1.3072741 9.538791 1.1899546 -5.188645 3.677975 -1.267175
1.2162915 9.620196 1.6783867 -4.803645 4.412975 -2.212175
1.1636176 9.651321 1.7693691 -6.028645 5.672975 -2.667175
1.3623424 9.692024 1.2617828 -2.843645 2.942975 -2.072175
1.8507744 9.888355 1.089395 2.2663553 0.28297502 -0.882175
1.3527653 9.876384 1.1133378 1.8113551 1.262975 -3.227175
0.6751855 9.58907 1.4150164 -2.073645 2.5579753 -10.192175
0.7781393 9.340066 1.802889 -7.183645 5.567975 -13.237175
0.8236305 9.356826 1.8364087 -9.843645 10.257975 -8.862175
1.0798179 9.517242 1.6975409 -6.3086452 9.207975 -4.242175
0.68715686 9.517242 1.4317763 -1.408645 7.037975 -0.707175
0.67757976 9.445415 1.4844503 2.5813549 4.1679754 -0.637175
1.2162915 9.567522 1.7071179 4.471355 -2.377025 -0.14717501
1.3575538 9.675264 1.5634614 3.246355 -3.3220248 4.0878253
1.1420691 9.636956 1.4772675 1.6713551 2.3829749 5.907825
