2.9066496 9.100638 -0.009577099 2.1157498 4.58808 -8.50115
3.0335462 9.09585 0.2849187 -0.78925 -1.71192 -3.11115
2.9521408 9.052753 0.21309046 -5.96925 -3.98692 1.26385
3.1604428 9.043176 0.57462597 -8.559251 -2.8319201 4.8688498
3.3232534 9.026416 0.74222517 -10.27425 0.98308 4.8688498
3.397476 9.088667 1.0343267 -9.15425 2.20808 6.05885
3.703943 9.138947 0.7996878 -5.05925 1.26308 6.40885
3.6991546 9.124581 0.54350036 1.45075 -2.23692 6.37385
3.572258 9.28021 0.5818088 4.25075 -3.3219202 3.5038502
3.6919718 9.294575 0.6847626 2.88575 -3.6719203 1.71885
3.8715425 9.284998 0.53392327 0.82075 -2.90192 2.6988502
3.7733772 9.217958 0.4166038 1.06575 -3.5669198 3.36385
3.5985951 9.105427 0.23942748 0.71575 -3.35692 1.08885
3.5698638 9.107821 -0.11013664 -0.12425001 -3.46192 -1.25615
3.806897 9.148524 -0.41420954 -1.41925 -2.27192 -0.52115
4.06069 9.069513 -1.1899546 -2.46925 -2.27192 1.1938499
4.1564612 8.983319 -1.4389591 -4.18425 -4.4069204 1.0538499
4.4294086 8.945011 -1.3264283 -12.05925 -3.6719203 0.56385
4.7358756 8.779806 -1.5634614 -20.59925 -1.9919201 1.7538501
4.702356 8.844451 -2.2506182 -21.89425 -0.45192 2.06885
4.2139235 9.055147 -2.5331428 -18.60425 -0.83692 1.1938499
3.7015488 9.352037 -2.3966691 -17.58925 -3.81192 -1.60615
3.9936504 9.387952 -3.3136764 -15.139251 -9.34192 -5.91115
4.252232 9.220352 -4.0798445 -3.09925 -24.46192 -8.22115
4.2187123 8.856422 -4.846012 6.80575 -37.55192 -8.22115
3.8739367 8.667274 -5.1812105 5.26575 -45.671917 -8.116151
3.632115 8.461368 -4.6688356 -3.72925 -56.69692 -6.8211503
4.3839173 8.636149 -3.9098508 -23.85425 -93.51692 3.74885
5.7103453 8.89952 -4.2378664 -21.75425 -117.77193 10.11885
6.404685 8.796566 -4.1349125 -28.36925 -125.961914 14.1088505
6.411868 8.61939 -2.9617178 -48.03925 -118.75192 11.518849
6.2753944 8.348836 -1.5490957 -61.864254 -115.63692 4.7988505
6.854809 8.291373 -1.0941836 -59.449257 -125.57692 3.7838502
7.6305537 8.3129225 -0.91461295 -55.70425 -129.11192 5.2188497
7.9178667 8.097438 0.19393626 -61.58425 -119.38193 4.37885
7.388732 7.9346266 1.4174107 -70.54426 -105.87192 -3.25115
7.257047 7.8364615 2.126116 -70.29925 -94.846924 -13.36615
7.24747 7.6521025 2.4493432 -65.15425 -86.65692 -17.811152
6.8883286 7.6090055 3.991256 -65.78425 -81.89693 -17.00615
6.138921 7.74069 5.2913475 -63.229248 -80.14692 -13.856151
6.672844 8.006455 3.9505534 -43.069252 -78.71193 -7.2411504
6.7398834 8.176449 3.5267668 -24.13425 -80.49692 0.38884997
5.8587904 8.274613 4.747847 -25.219252 -89.42191 -3.84615
4.992063 8.377567 5.542746 -28.96425 -96.386925 -10.04115
5.774991 8.58587 4.6664414 -17.099249 -98.24192 -3.25115
6.8883286 8.739103 2.8779182 2.1507502 -94.04192 10.99385
6.8476257 8.600235 2.7222905 7.75075 -88.266914 11.02885
5.643306 8.226728 3.7494342 -5.44425 -84.17192 -6.99615
4.443774 7.659285 3.921822 -19.549252 -75.84192 -19.91115
4.1085753 7.5922456 3.5554981 -20.80925 -55.54192 -19.35115
4.63771 7.5491486 3.6081722 -21.15925 -39.93192 -8.606151
4.4198313 7.6042166 4.8843207 -30.78425 -42.94192 -0.27615002
3.7733772 7.743085 5.854002 -38.554253 -47.21192 -5.28115
3.615355 8.128563 5.4852834 -29.97925 -44.06192 -12.491151
3.9409764 8.236305 4.580248 -9.08425 -41.401924 -9.90115
4.0295644 8.442213 3.3400133 7.6457496 -33.49192 -1.5711501
3.684789 8.664881 2.9234095 10.025749 -17.18192 1.40385
3.0646718 8.961771 2.7677817 1.41575 -4.33692 -2.6211503
3.4286015 8.865999 2.813273 -7.7892504 -0.87192 -7.80115
3.615355 8.626573 3.0622776 -16.71425 -2.06192 -5.70115
3.1676257 8.626573 3.328042 -23.85425 0.70308 -4.3361497
2.6217308 8.777411 3.4621215 -24.44925 7.2130804 -8.816151
2.9114382 8.930645 3.241848 -18.254251 3.81808 -11.021151
3.4716985 9.117398 2.7031362 -9.36425 -6.54192 -6.19115
3.668029 9.282603 2.185973 -2.57425 -8.081921 0.63385004
3.6369035 9.385557 1.8771114 -1.3142501 -2.27192 1.4388502
3.5387383 9.289786 2.020768 -5.3042502 2.5230799 -2.6211503
3.1053743 9.026416 2.351178 -12.75925 7.5630803 -6.54115
2.928198 8.9976845 2.0662591 -15.90925 12.25308 -7.8361497
3.1436827 9.119793 1.8172545 -9.259251 9.73308 -7.41615
3.4477558 9.057542 1.8938714 0.08575 -8.1169195 -2.06115
3.6129606 8.980925 1.8411974 0.89075 -5.1069202 -2.6211503
3.4956412 8.913885 1.6089526 2.1157498 -0.80192 -3.77615
3.4477558 8.91149 1.5347302 2.1507502 -1.67692 -2.72615
3.5554981 8.794171 1.1803775 1.59075 -0.20692001 -2.0961502
3.4022646 8.763046 1.0558752 -0.75425005 2.97808 -3.11115
3.0239692 8.954588 1.4485363 -5.26925 5.04308 -3.98615
3.337619 8.909097 1.5874043 -6.28425 2.5230799 -2.5161502
3.6632404 8.985713 1.5395187 -2.32925 -1.8169199 0.91385007
3.9050622 8.985713 1.3910737 1.13575 -3.98692 1.7888501
3.6536634 9.021627 1.3910737 1.3457501 -2.58692 -0.80114996
3.4980354 8.959376 1.5778271 -0.64925003 -0.73192 -4.1261497
3.407053 8.942616 1.7813405 -2.08425 -0.13692002 -3.98615
3.562681 8.956982 1.8052832 -0.12425001 -0.38192 -2.9361503
3.4573328 8.947405 1.6783867 4.04075 -0.90692 -2.4811502
2.9736893 8.901914 1.5610672 7.8907504 -0.45192 -3.84615
3.1843855 9.215564 1.5850099 10.97075 -1.5019201 -1.9561499
3.8715425 9.407105 1.1899546 14.05075 -5.42192 6.16385
4.331243 9.744699 1.0822122 15.4157505 -5.80692 12.67385
4.331243 9.797373 1.0989721 13.105751 -3.46192 10.29385
4.199558 9.675264 1.1205206 8.87075 -2.0269198 2.73385
3.849994 9.270632 1.0486923 5.19575 3.04808 -3.77615
3.4860642 9.031204 1.0223553 3.0607502 7.4230804 -7.27615
3.1843855 8.980925 1.0941836 1.17075 7.73808 -8.67615
3.3783216 9.033599 1.1420691 0.75075 5.8130803 -6.3661504
3.5435266 9.103033 0.8978531 2.99075 3.85308 -1.2911501
3.7614057 9.069513 0.70631105 7.4007497 1.08808 1.8588501
3.6632404 8.980925 0.55307746 10.48075 -0.34692 2.34885
3.4333901 9.016839 0.531529 9.95575 1.05308 0.24884999
3.4740927 8.870789 0.5506832 7.0507503 3.15308 -1.3611501
3.4836698 8.803748 0.40463245 4.35575 0.98308 0.42385
3.519584 8.650515 0.44294083 2.43075 -4.0919204 2.45385
3.3783216 8.640938 0.6608198 -1.1742501 -5.0369205 4.13385
3.6895776 8.9498 0.89545876 -5.75925 -1.43192 5.4288497
4.051113 8.8324795 0.80208206 -7.9992504 -1.67692 7.73885
3.799714 8.71516 0.84996754 -7.08925 -4.61692 7.00385
3.8380225 8.729526 1.2138973 -6.6342497 -2.44692 1.1588501
3.7614057 8.679246 1.1157321 -6.84425 -2.3769202 -2.97115
3.318465 9.007262 1.0989721 -3.13425 -0.24192 -0.73115
3.7135203 8.9976845 0.9864412 -2.08425 -0.20692001 2.97885
3.9888618 9.016839 0.9696813 -0.68425 -7.10192 4.0638504
3.7949257 9.237112 0.967287 -0.40425 -9.37692 2.41885
3.8236568 9.198804 1.0822122 -2.32925 -7.69692 1.7888501
3.9002736 9.091062 1.2905141 -4.6392503 -5.2469196 2.13885
3.6991546 8.995291 1.2091088 -4.28925 -1.85192 0.49385
3.6967604 9.059936 1.2713599 -2.60925 0.73808 -0.13615
3.756617 9.000079 1.2713599 -0.15924999 0.35308 1.2288501
3.6512692 9.016839 1.1181264 3.37575 -0.31192002 1.40385
3.7709827 9.253872 0.89545876 5.9307504 0.17808 1.57885
3.9960446 9.3831625 0.73743665 6.87575 1.12308 2.76885
4.0295644 9.2490835 0.52913475 6.0707498 2.27808 2.34885
3.6536634 9.088667 0.7589851 2.60575 3.32808 -0.94115
3.5842295 9.081485 1.2498114 -1.76925 3.36308 -3.35615
3.9098508 8.990502 1.1995317 -1.20925 0.35308 -1.8161501
3.8978794 8.861211 0.7733508 3.6557498 -1.88692 -0.27615002
