2.0064023 9.318518 0.105348095 -1.1655351 11.887191 -6.0888453
2.343995 9.268238 0.12210801 -3.4755352 14.65219 -3.8138454
2.5738454 9.232324 0.09577099 -2.915535 0.93219 2.206155
2.343995 9.273026 0.4644893 -3.195535 -4.07281 2.521155
2.3272352 9.289786 0.47167215 -5.960535 -0.117809996 0.35115498
2.473286 9.349643 0.34716985 -5.400535 3.41719 2.486155
2.6001825 9.335278 0.34716985 -2.460535 2.57719 4.586155
2.5020173 9.390346 0.2466103 -0.29053497 -1.37781 3.291155
2.6097596 9.557945 0.21787901 0.444465 -2.98781 1.7161549
2.7246847 9.526819 0.45491222 -1.410535 -0.43281 3.046155
2.7725701 9.3280945 0.69673395 -4.840535 1.8421901 3.676155
2.6767993 9.368797 0.6608198 -6.0305347 2.3671901 1.4361551
2.6863763 9.419077 0.57223165 -3.440535 3.0671902 0.071155
2.8156672 9.371192 0.505192 -1.2005349 4.95719 0.491155
2.8204558 9.371192 0.36632404 3.5944653 6.8821898 1.4711549
3.0886145 9.431048 -0.19154198 6.359465 9.57719 2.626155
3.3855045 9.522031 -0.87151605 7.724465 10.242189 2.8011549
3.3424077 9.445415 -1.3312168 6.499465 9.40219 -0.24384499
3.1963568 9.44302 -1.924997 4.259465 9.33219 -2.3088448
3.15326 9.646533 -2.343995 -0.78053504 8.842191 -1.923845
3.4645157 9.905115 -2.403852 -7.5705357 8.59719 0.281155
3.8835137 10.118205 -2.6504622 -11.875535 8.877191 3.8161552
3.8523881 10.221159 -3.040729 -9.705535 6.2871904 2.206155
3.6033835 10.156514 -3.4573328 -3.4755352 -2.56781 -3.9888449
3.318465 10.055954 -3.7230973 2.299465 -16.32281 -11.163845
3.3112822 9.98652 -4.410254 3.4544652 -26.15781 -14.348845
3.3759274 9.938635 -4.697567 -0.95553505 -31.05781 -13.613845
3.45015 9.749487 -4.146884 -15.130535 -34.06781 -13.018846
3.7087317 9.545974 -3.2083282 -32.700535 -40.332813 -14.418845
3.7685885 9.495694 -2.8467927 -41.835537 -47.68281 -15.4338455
3.5435266 9.256267 -2.3823035 -42.535534 -54.50781 -16.693844
3.4788814 8.954588 -1.4940275 -42.360535 -60.597813 -20.928844
3.8763309 8.882759 -1.3144568 -39.840534 -67.56281 -22.993845
3.7685885 8.968953 -1.2953026 -33.050533 -73.197815 -22.538843
3.5315554 8.801354 -1.2737542 -27.660536 -75.087814 -25.548845
3.459727 8.566715 -0.7853221 -28.010536 -75.542816 -27.648846
3.2921278 8.672064 -0.32083282 -31.860535 -73.79281 -26.248846
3.634509 8.822903 -0.028731298 -31.195534 -73.82781 -23.518847
3.9146392 8.849239 0.12450229 -23.705536 -86.322815 -20.403847
4.113364 9.035994 -0.46927786 -13.800535 -104.41781 -19.178846
4.2737803 9.100638 -0.22506183 -9.985535 -113.41281 -16.623846
4.170827 8.827691 0.84039044 -22.830536 -112.04781 -15.083844
3.9960446 8.763046 1.8819 -41.170536 -106.377815 -16.238846
4.381523 8.712766 2.1189332 -46.910534 -103.29781 -14.7688465
4.4461684 8.686429 2.5810282 -42.850536 -105.88781 -10.883846
4.2809634 8.667274 2.9689007 -39.455536 -108.54781 -11.408846
3.8954852 8.523619 3.4357843 -36.900536 -109.45781 -14.348845
3.5914123 8.317711 4.11097 -36.935535 -107.00781 -15.118846
3.050306 8.348836 4.810098 -40.155537 -96.29781 -11.7238455
2.7318676 8.952193 4.8723493 -37.250534 -83.20781 -6.613845
3.4214187 9.299363 4.685596 -25.315536 -75.71781 4.131155
3.790137 9.265843 4.757424 -13.205536 -68.29781 17.991154
3.4046588 8.729526 4.7286925 -4.910535 -62.067806 20.161156
3.5004299 8.624178 4.371946 6.814465 -63.572803 11.061155
3.9697077 8.76544 3.677606 27.849464 -52.19781 14.981156
3.3783216 9.143736 4.0750556 23.369465 -53.07281 6.3711553
3.572258 9.081485 4.460534 15.774466 -54.64781 -1.6088451
3.1939626 8.892337 4.563488 10.279465 -41.73281 -9.868845
1.9537282 9.014444 4.199558 3.034465 -18.24781 -17.148844
1.6233183 8.992896 4.625739 -8.4805355 -9.60281 -15.608845
1.5083932 9.012051 5.0567083 -16.950535 -13.522811 -11.7238455
1.8268317 9.364009 4.982486 -16.950535 -13.55781 -10.568845
1.7837347 9.244295 4.537151 -14.045535 -7.1178102 -11.408846
0.7206767 9.016839 4.4820824 -17.720535 6.49719 -16.483843
0.22266756 8.978531 4.9010806 -21.220533 15.632191 -20.963844
0.87151605 9.124581 4.07745 -11.140535 12.86719 -14.033845
1.1109436 9.227535 2.7366562 5.274465 6.2871904 -5.703845
0.65363705 9.349643 2.8827069 6.884465 8.35219 -5.4938445
0.7781393 9.42626 3.050306 -0.850535 12.20219 -5.878845
1.376708 9.634562 2.5666625 0.969465 6.35719 -1.5388451
1.5275474 9.783007 1.7454263 7.934465 0.40719 3.501155
1.4437478 9.687236 2.22907 5.7294655 5.09719 2.416155
1.6137413 9.821315 2.3463893 -0.920535 10.522191 0.24615501
2.0662591 9.96976 1.5443072 1.319465 8.10719 1.366155
1.8819 9.876384 1.2474172 3.4544652 6.1821904 0.386155
1.6592325 9.60583 1.7693691 -3.510535 9.71719 -4.828845
1.5347302 9.715967 1.7526091 -12.575535 13.35719 -8.083845
1.5203645 9.636956 1.4844503 -13.800535 16.08719 -7.3838453
1.3383996 9.462174 2.0518935 -13.905535 18.88719 -5.4238453
1.4389591 9.423865 2.6360965 -16.110535 19.55219 -3.953845
1.5514901 9.395134 2.2506182 -10.615536 15.772189 -1.5388451
1.5179702 9.4142885 1.3264283 2.719465 12.27219 2.311155
1.5107874 9.500483 1.3623424 11.749465 10.417191 4.5161552
1.8292259 9.5483675 1.6305012 9.264465 11.15219 5.076155
1.9680939 9.498088 1.3671309 5.6244655 8.17719 5.391155
1.8244374 9.464568 1.0606637 5.869465 4.4671903 4.411155
1.7621863 9.45978 1.0271438 3.839465 6.32219 2.5561552
1.7095122 9.5244255 1.5131817 -1.655535 8.59719 0.176155
1.7310607 9.44302 1.924997 -8.795535 9.29719 -1.293845
1.6281068 9.488511 1.3168511 -11.490535 9.64719 -0.768845
1.5467016 9.4932995 1.4557191 -7.990535 9.78719 0.106155
1.5897985 9.232324 2.4804688 -10.650535 13.042191 0.421155
1.5227587 9.29218 2.3320236 -15.480535 15.282191 1.4361551
1.9034485 9.5244255 1.5131817 8.949466 1.94719 6.0911555
2.0949905 9.632168 1.0822122 12.7294655 0.16219 7.106155
1.9058428 9.569917 1.541913 4.714465 5.4471903 5.216155
1.9202085 9.519637 1.8076775 -1.4805349 7.7921906 4.061155
2.056682 9.536397 1.5179702 0.82946503 5.4821897 4.796155
1.9872481 9.636956 1.1444633 4.154465 3.1371899 3.8511548
1.9537282 9.629773 1.4652961 1.3544649 3.55719 2.381155
1.9800652 9.581888 1.7669748 -4.105535 5.27219 2.346155
1.9106313 9.560339 1.525153 -2.320535 4.25719 2.7311552
1.7382435 9.61062 1.3312168 1.5994651 3.2421901 2.5561552
1.8052832 9.562734 1.2953026 1.5644649 1.1771901 3.256155
1.8914771 9.514848 1.5203645 -1.620535 -0.32781002 5.391155
2.0447106 9.464568 1.5131817 -4.350535 0.93219 7.9111547
2.432583 9.615408 1.6161355 -4.840535 4.08219 9.626155
2.5858169 9.692024 1.6712039 -4.490535 3.3471901 8.786156
2.1979442 9.567522 1.5371244 -2.670535 -0.36281002 2.976155
1.7789462 9.385557 1.5443072 -1.690535 -0.71281004 -3.0788453
1.8244374 9.26345 1.5083932 -3.615535 1.28219 -3.848845
1.8411974 9.282603 1.8459859 -7.5705357 3.03219 -2.273845
1.7957062 9.2490835 2.308081 -11.910535 4.60719 -1.503845
1.6712039 9.196409 2.2937152 -11.385535 3.90719 -1.013845
1.7071179 9.239507 1.8723229 -3.9305348 1.14219 -0.17384501
1.8292259 9.340066 1.7741576 3.209465 -1.30781 1.7161549
1.9537282 9.378374 1.9202085 2.719465 -0.71281004 3.3961549
1.8890828 9.347249 1.9058428 -0.71053505 2.01719 4.5511546
1.8842943 9.313729 1.9561225 -0.885535 2.89219 4.271155
2.0447106 9.347249 1.9585168 0.654465 0.30219 3.291155
2.0279508 9.296969 1.8004947 1.3894651 -0.81781006 3.501155
1.6520497 9.332883 1.9010541 0.339465 3.03219 3.466155
1.664021 9.419077 2.126116 -2.145535 7.16219 2.416155
2.0758362 9.471751 2.1237218 -2.810535 5.41219 3.186155
2.185973 9.586677 1.9417568 -0.150535 2.40219 5.9161553
2.1117504 9.557945 1.8962656 2.054465 2.64719 6.581155
2.020768 9.577099 2.1213274 0.89946496 3.6271899 4.691155
2.2147043 9.541185 2.0518935 -1.3055351 3.27719 2.486155
2.0854135 9.531608 1.9130256 0.12946501 2.64719 1.401155
2.0806248 9.536397 1.8795058 -0.325535 5.02719 1.541155
2.1835787 9.486116 1.8819 -0.395535 3.76719 1.8561549
2.2745612 9.440625 1.8411974 0.444465 0.44219 1.051155
2.0949905 9.395134 1.7621863 0.12946501 -0.74781 -0.278845
1.9489397 9.289786 1.8507744 -2.2505352 1.56219 -0.94384503
1.960911 9.268238 1.9680939 -4.140535 2.19219 -0.523845
2.0279508 9.320911 1.9058428 -3.8605351 -0.43281 0.0011550001
2.0902019 9.395134 2.083019 -4.315535 -1.7628099 0.281155
