1.24 10.38 -2.1699998 -2.291831 19.480566 5.15662
0.32999998 9.99 -1.1999999 -20.053522 -21.772396 16.042818
1.41 10.23 0.01 -15.469859 -45.263664 25.210142
2.87 10.809999 -0.39999998 -15.469859 -36.669296 20.053522
3.73 10.599999 -0.96999997 -16.042818 -9.740283 -2.291831
3.03 10.53 -0.83 -8.021409 -7.448451 -16.615776
2.4299998 10.54 -0.71 7.448451 -34.377464 -6.8754935
2.95 10.4 -1.4499999 24.064226 -47.555496 -6.8754935
3.3999999 10.179999 -2.02 30.366762 -51.5662 -2.8647888
3.74 10.44 -3.1 25.7831 -56.14986 0.57295775
4.42 10.389999 -4.81 16.615776 -70.47381 4.583662
5.13 10.599999 -5.46 25.210142 -115.16451 1.1459155
6.99 10.36 -5.24 38.38817 -132.92621 -7.448451
6.89 9.86 -5.67 36.09634 -148.96902 -10.886198
7.06 9.74 -5.49 21.772396 -170.74142 -8.021409
7.47 9.63 -4.35 4.583662 -191.3679 -9.740283
7.69 9.309999 -2.36 -5.15662 -210.2755 -8.594366
8.29 9.46 -0.88 -5.15662 -219.44283 -5.7295775
8.86 9.5 0.07 -2.8647888 -224.59944 -7.448451
8.59 9.28 0.71 4.583662 -232.62086 -7.448451
8.53 9.24 1.66 16.042818 -239.49635 -10.31324
8.8 9.63 2.06 18.334648 -244.08 -11.459155
9.05 9.61 1.76 5.7295775 -242.9341 -13.750987
9.16 9.04 1.6899999 -18.334648 -233.1938 -13.750987
8.889999 8.7 2.8999999 -25.210142 -233.1938 -13.750987
8.809999 8.429999 3.6299999 -26.929016 -236.05861 -14.323945
8.62 7.8199997 4.5699997 -23.49127 -238.35043 -13.750987
8.08 7.91 5.52 -11.459155 -236.63158 -6.3025355
8.42 7.95 5.75 1.7188734 -231.47495 -1.1459155
7.97 7.95 4.68 -10.886198 -225.17241 -2.8647888
6.92 7.58 4.13 -32.658592 -231.47495 4.583662
6.43 7.9199996 6.46 -29.220846 -232.62086 10.31324
7.16 9.059999 8.349999 -16.042818 -213.1403 4.0107045
6.8399997 8.34 7.69 -5.7295775 -193.65973 -2.8647888
5.0299997 7.74 8.09 12.032113 -196.52452 5.15662
4.15 8.139999 8.95 31.51268 -187.93016 8.594366
4.71 7.8999996 4.56 2.291831 -159.28227 -4.583662
1.7199999 7.02 3.6599998 -43.544792 -149.54198 -0.57295775
0.87 8.21 6.19 -64.74423 -170.16847 20.62648
2.6599998 9.79 9.48 -44.11775 -186.78424 25.7831
4.24 10.2 8.889999 -17.188732 -151.8338 8.021409
3.0 9.349999 6.45 -25.210142 -91.67324 -17.761692
0.38 9.2 5.2999997 -44.69071 -104.27831 -3.4377468
0.79999995 9.29 5.77 -48.701412 -98.54874 0.0
1.5 9.389999 6.3999996 -36.669296 -77.922264 -7.448451
0.66999996 9.12 6.47 -21.772396 -84.22479 -7.448451
-0.26999998 9.7699995 7.14 -10.31324 -87.089584 2.291831
1.49 10.3 6.54 -5.7295775 -51.5662 -4.0107045
0.39999998 10.03 5.5899997 -6.3025355 -31.51268 -10.886198
-0.04 9.969999 5.2599998 -10.31324 -40.107044 -12.032113
0.11 9.82 5.08 -13.178029 -40.680004 -9.167324
0.65 9.83 5.12 -11.459155 -25.7831 -10.31324
0.26999998 9.63 3.99 -15.469859 -9.740283 -13.750987
-0.31 9.03 3.37 -34.377464 -11.459155 -11.459155
-0.37 9.01 4.38 -21.772396 -20.053522 -4.583662
0.51 9.099999 5.45 3.4377468 -13.750987 -6.3025355
0.64 9.17 4.79 17.761692 -1.7188734 -8.021409
0.26999998 9.23 3.28 11.459155 2.291831 -9.740283
0.19999999 8.98 2.11 1.1459155 -5.7295775 -6.3025355
0.35 9.21 2.71 4.583662 -8.594366 -4.583662
0.089999996 9.17 1.8199999 0.0 -6.3025355 -5.15662
0.08 9.28 1.88 -16.615776 -6.8754935 -2.291831
0.35 9.3 2.6699998 -24.637184 -4.583662 0.0
0.14999999 9.5199995 3.75 -13.750987 -2.8647888 2.291831
0.14 9.59 3.9099998 9.740283 -6.8754935 4.583662
0.47 9.67 3.4299998 32.085636 -9.740283 1.7188734
0.62 9.88 2.55 25.7831 -1.7188734 0.57295775
0.78 10.04 1.56 6.8754935 3.4377468 -2.291831
0.65 9.94 1.23 -6.8754935 7.448451 -4.583662
0.24 9.7 1.75 -5.7295775 1.7188734 -2.8647888
0.28 9.7699995 2.34 3.4377468 -1.1459155 -2.291831
0.78999996 9.66 1.79 6.8754935 0.57295775 -8.021409
0.35 9.309999 1.3299999 -2.8647888 2.8647888 -8.594366
0.08 9.15 1.76 -12.032113 1.7188734 -5.7295775
0.34 9.11 2.29 -10.886198 1.1459155 -3.4377468
0.35 9.08 2.6699998 -2.291831 5.15662 -3.4377468
-0.04 9.12 2.87 6.8754935 7.448451 -1.7188734
0.19999999 9.309999 2.82 22.91831 2.8647888 3.4377468
0.83 9.5199995 2.6399999 34.377464 1.7188734 -2.8647888
0.74 9.5199995 2.0 33.231552 4.583662 -7.448451
0.35 9.33 0.48999998 10.886198 9.167324 -6.3025355
0.22 9.179999 0.0 -9.167324 10.886198 -2.8647888
0.099999994 9.12 0.61 -14.323945 8.021409 1.1459155
0.38 9.46 1.7199999 1.7188734 -5.15662 3.4377468
0.79999995 9.71 1.5 7.448451 -7.448451 1.1459155
0.59 9.91 1.3199999 1.7188734 -2.291831 0.0
0.16 9.84 1.3199999 -5.15662 0.57295775 0.57295775
0.26999998 9.849999 1.86 -5.15662 -1.7188734 1.7188734
0.51 9.84 2.02 0.0 0.0 1.7188734
0.59 9.91 1.87 6.3025355 -0.57295775 -1.1459155
0.45999998 9.9 1.51 5.15662 -2.291831 -2.291831
0.63 9.87 1.3399999 0.57295775 -1.7188734 -4.583662
0.52 9.66 1.28 -4.0107045 1.7188734 -3.4377468
0.26 9.65 1.3199999 -5.7295775 1.1459155 -2.8647888
0.29 9.469999 1.4699999 -2.8647888 -4.583662 -3.4377468
0.35 9.32 1.56 -3.4377468 -4.0107045 -1.7188734
0.25 9.34 1.75 -4.583662 -2.291831 -0.57295775
0.19 9.36 2.0 -0.57295775 -1.1459155 0.0
0.39 9.42 1.91 1.7188734 -1.7188734 -0.57295775
0.29 9.37 1.8 1.1459155 -2.8647888 0.0
0.35 9.41 1.87 0.57295775 -2.291831 0.0
0.35999998 9.2699995 1.68 -1.1459155 -0.57295775 0.0
0.04 9.19 1.62 -1.7188734 -0.57295775 3.4377468
-0.08 9.29 1.8499999 1.7188734 -3.4377468 6.8754935
0.44 9.679999 2.1299999 7.448451 -2.8647888 4.0107045
0.68 9.929999 1.8399999 8.021409 -3.4377468 0.0
0.63 9.969999 1.4399999 -4.0107045 -2.291831 -3.4377468
0.14 9.639999 1.75 -10.31324 0.0 -0.57295775
0.22999999 9.559999 2.28 -6.3025355 0.0 0.0
0.31 9.51 2.21 0.57295775 0.0 0.57295775
0.35999998 9.5199995 1.87 2.8647888 -0.57295775 -0.57295775
0.35 9.599999 1.75 0.0 -1.7188734 -0.57295775
0.28 9.58 2.07 0.0 0.57295775 -0.57295775
0.32999998 9.599999 2.28 0.57295775 4.0107045 -1.1459155
0.42999998 9.48 1.9799999 -1.1459155 4.0107045 -2.8647888
0.53999996 9.389999 1.91 -1.7188734 4.0107045 -3.4377468
0.22 9.36 2.12 1.1459155 2.8647888 -2.291831
0.07 9.469999 2.32 8.021409 2.291831 0.0
0.22 9.37 2.07 10.31324 2.291831 0.0
0.13 9.429999 1.4 5.15662 1.7188734 0.57295775
0.37 9.54 1.5699999 0.57295775 3.4377468 0.57295775
0.39999998 9.63 1.7199999 1.7188734 5.7295775 0.57295775
0.42 9.54 1.4599999 3.4377468 2.8647888 -1.1459155
0.28 9.42 1.14 0.0 2.8647888 -1.1459155
0.06 9.429999 1.18 -5.15662 0.0 2.8647888
0.28 9.65 1.73 0.0 -1.1459155 2.291831
0.56 9.679999 1.76 2.8647888 -0.57295775 0.57295775
0.42 9.559999 1.49 1.1459155 -0.57295775 0.57295775
0.31 9.65 1.5799999 0.0 0.57295775 1.7188734
0.38 9.65 1.6899999 0.57295775 0.57295775 2.291831
0.63 9.66 1.7099999 4.583662 -2.291831 0.0
0.48 9.57 1.6899999 5.7295775 -1.7188734 -0.57295775
0.26999998 9.58 1.42 2.291831 1.1459155 0.0
0.35 9.599999 1.23 -3.4377468 1.7188734 1.7188734
0.48 9.57 1.4399999 -4.583662 -0.57295775 0.0
0.31 9.58 1.8399999 0.0 -3.4377468 1.1459155
0.66999996 9.82 1.88 5.15662 -1.7188734 -1.1459155
0.64 9.75 1.4 -0.57295775 1.1459155 -1.7188734
0.14999999 9.559999 1.26 -5.7295775 -0.57295775 0.0
