2.5738454 9.39274 0.18914771 2.161355 -3.007025 1.8128251
2.6863763 9.613013 0.098165266 3.5613549 -6.332025 8.637825
2.6360965 9.708784 0.4836435 1.006355 -5.912025 10.4928255
2.753416 9.725544 0.7302538 -4.173645 -1.677025 8.427825
2.7845416 9.797373 0.6392714 -4.873645 0.28297502 7.4478254
2.9425638 9.859624 0.45970076 -1.058645 -0.20702499 5.9428253
3.0622776 9.830893 0.32083282 2.2663553 -1.397025 3.842825
3.110163 9.816526 0.2777359 2.476355 -2.342025 1.4628251
2.9401696 9.742304 0.51716334 0.16635501 -1.362025 -0.672175
2.944958 9.598648 0.35435268 -2.948645 1.647975 -3.752175
3.15326 9.4932995 -0.031125572 -3.123645 3.5729752 -5.117175
3.2035396 9.301758 -0.2466103 -0.39364502 0.45797503 -4.872175
3.057489 9.26345 -0.27294734 -3.123645 -2.8670251 -7.1471753
3.275368 9.208381 -0.531529 -4.2436447 -2.762025 -5.432175
3.4333901 9.37598 -0.95531565 -2.283645 -5.352025 -3.122175
3.4381785 9.545974 -1.1731946 -1.8636451 -8.957025 -2.457175
3.4980354 9.699207 -1.1612233 -3.893645 -12.422025 -3.052175
3.5866237 9.718362 -1.3647367 -5.468645 -14.627026 -4.067175
3.4788814 9.799767 -1.8723229 -5.923645 -15.677024 -5.432175
3.6584518 9.672871 -2.3679378 -6.798645 -17.952024 -6.097175
3.964919 9.538791 -2.3320236 -12.923645 -23.342026 -6.4471745
3.6512692 9.574705 -2.1285102 -20.938644 -27.682026 -8.687175
3.4357843 9.517242 -1.5850099 -27.413645 -29.222025 -11.522176
3.5578923 9.500483 -1.3814965 -27.308645 -33.702026 -12.4671755
3.78056 9.464568 -1.7214836 -18.138645 -45.182026 -13.237175
3.634509 9.419077 -1.7526091 -9.1086445 -57.992027 -16.737175
3.703943 9.150918 -1.960911 -8.233645 -63.697025 -19.992176
3.3328304 8.921068 -1.6831752 -14.813645 -63.102028 -19.677176
2.7390504 8.942616 -1.0079896 -26.013647 -59.46202 -18.102175
2.7941186 9.071907 -0.3519584 -33.048645 -58.832027 -16.002174
3.3735332 9.186832 -0.5770202 -29.653645 -65.90202 -11.557176
3.7254915 9.342461 -0.7326481 -20.798647 -76.43702 -10.262176
3.6440864 9.256267 -0.17238778 -19.853645 -84.24203 -12.747175
3.2346652 9.158101 0.95531565 -29.128647 -83.927025 -16.212175
3.1987512 8.91628 1.2689656 -37.703644 -77.732025 -17.612175
3.8667538 8.7534685 1.4652961 -36.373642 -78.11703 -16.072176
3.7159145 8.7534685 2.152453 -30.038647 -87.25203 -13.832174
2.6696165 8.55235 0.69912827 -19.468645 -106.397026 -18.382175
2.1979442 8.274613 -0.7302538 -10.823646 -109.19703 -21.917175
2.8707354 7.9585695 1.5610672 -35.883644 -75.28202 -11.277175
2.7917244 7.9609637 3.9936504 -84.14864 -41.962025 1.8478248
2.5499027 7.922655 5.0998054 -103.29365 -45.322025 2.722825
2.9832664 8.0687065 4.8364353 -80.57864 -69.99703 -0.357175
3.4142358 8.171659 4.745453 -46.838646 -86.482025 1.8478248
3.4214187 8.56911 4.6496816 -23.528645 -87.11203 3.002825
3.2538195 8.739103 4.577853 -7.7786455 -85.85203 1.147825
2.8874955 8.707977 4.45814 3.316355 -88.82703 -2.562175
2.8443985 8.779806 4.889109 7.2013555 -88.372025 -8.022175
3.162837 8.973742 4.886715 5.2413554 -75.912025 -7.1471753
3.1245286 9.040782 5.1883936 -2.1436448 -33.492027 -4.837175
2.2769554 8.830086 5.3799353 -4.173645 -17.952024 -14.952175
1.3072741 8.909097 6.1030064 -3.5436451 1.787975 -21.112175
1.0319325 9.469357 6.158075 6.221355 15.787975 -14.2171755
1.9154198 9.864412 5.0184 24.141356 11.272975 -1.6521751
2.7677817 10.338479 3.2107224 38.84136 -9.482024 5.522825
2.8108785 10.362421 2.3463893 33.346355 -25.372025 0.867825
2.4014575 10.07032 2.7749646 3.736355 -16.342026 -9.8421755
2.004008 9.591465 3.972102 -30.073647 3.9929752 -17.192175
1.9369683 9.191621 4.173221 -43.233646 10.362976 -19.502174
1.5203645 9.064724 3.8092911 -37.353645 3.082975 -21.602175
1.1684061 9.184438 3.6512692 -29.653645 -4.1270247 -22.372175
1.3575538 9.150918 3.641692 -25.663645 -7.907025 -19.082176
1.5036045 9.143736 3.7709827 -22.023645 -6.472025 -14.147175
1.5658557 9.356826 3.6608462 -15.618645 -3.287025 -11.242174
1.6233183 9.603436 3.371139 -6.238645 -2.2720249 -9.8421755
1.8100717 9.715967 2.9114382 1.1113551 -3.182025 -8.372175
1.924997 9.660899 2.6217308 3.036355 -1.2920251 -7.3921747
1.802889 9.486116 2.760599 1.146355 0.632975 -8.9671755
1.0175668 9.287392 2.9665065 -2.038645 0.632975 -13.202175
1.2138973 9.253872 3.162837 -3.998645 1.017975 -14.812176
1.8890828 9.349643 3.1245286 -0.953645 -0.732025 -8.477175
1.5179702 9.37598 2.604971 6.221355 -5.3870254 -6.307175
1.1013664 9.344854 1.9968252 10.5963545 -7.6270247 -10.787175
1.0989721 9.174861 2.2937152 5.1013546 -3.917025 -11.522176
1.2186859 9.0838785 2.875524 -7.0786448 2.452975 -9.107175
1.1708003 9.004868 2.954535 -13.063645 2.942975 -7.9871745
0.94573855 8.842057 2.770176 -9.913645 -1.1170249 -7.9871745
0.6464542 8.851634 2.5139885 -5.223645 -3.812025 -7.3921747
1.0702409 8.947405 2.5331428 -2.843645 -2.482025 -3.857175
1.2450229 8.990502 2.6169424 -2.073645 -1.887025 1.3578249
1.1013664 9.153313 2.5331428 -0.673645 -3.217025 3.9128249
1.5730386 9.304152 2.5115943 1.041355 -4.407025 4.3328247
1.6089526 9.323306 2.2266755 2.2313552 -5.492025 5.5928254
1.4365649 9.3280945 2.2075214 3.841355 -7.207025 4.262825
1.4293821 9.349643 2.5929997 1.3563551 -4.6870246 2.3378253
1.5897985 9.505271 2.569057 -3.7536452 -0.802025 1.742825
1.673598 9.562734 2.3559663 -3.5436451 -1.5020251 1.5328251
1.2354459 9.438231 2.456526 -0.953645 -3.672025 0.727825
1.2665714 9.440625 2.753416 -4.943645 1.157975 -0.46217504
1.7645805 9.613013 2.6839821 -2.353645 0.212975 2.092825
1.647261 9.6585045 2.3463893 1.041355 -1.1170249 1.392825
1.4365649 9.5483675 2.4708917 -0.953645 1.8229749 -1.5121751
1.2474172 9.462174 2.6169424 -4.2436447 4.202975 -2.4921749
1.4437478 9.423865 2.516383 -4.068645 3.6079748 -1.302175
1.5730386 9.447808 2.4972286 -3.333645 3.3629751 0.13282499
1.2354459 9.490906 2.6001825 -4.2086453 3.887975 -0.74217504
1.2474172 9.4095 2.403852 -3.963645 4.202975 -0.882175
1.4054393 9.483723 2.5331428 -2.388645 2.942975 0.762825
1.5730386 9.596253 2.7414446 -1.688645 0.772975 1.8478248
1.5921928 9.629773 2.667222 0.30635497 -1.0470251 1.777825
1.6041641 9.557945 2.4254005 3.5613549 -0.067025 0.69282496
1.5586729 9.534002 2.2242813 4.121355 2.207975 -0.357175
1.2929084 9.380769 2.3272352 1.8463551 2.5929751 -2.387175
1.2665714 9.330489 2.4900458 -0.848645 2.5579753 -3.822175
1.3910737 9.340066 2.6552508 -2.283645 4.937975 -1.9321752
1.462902 9.332883 2.5379312 -0.253645 5.182975 0.34282503
1.4772675 9.289786 2.4637089 4.6463547 1.577975 1.3578249
1.5850099 9.273026 2.432583 7.901355 -0.907025 1.8828251
1.5467016 9.304152 2.2769554 9.2663555 -1.4670249 3.107825
1.620924 9.313729 2.1811843 10.106355 -1.1520251 3.8078249
1.7526091 9.373586 1.8914771 9.756355 0.737975 4.8578253
1.7645805 9.505271 1.8076775 8.3913555 2.2429752 4.4378247
1.620924 9.435837 1.9178141 4.821355 3.292975 2.127825
1.5897985 9.311335 1.8579572 1.6363549 3.397975 -0.252175
1.3312168 9.304152 2.0351336 0.23635502 2.627975 -1.092175
1.403045 9.364009 2.2027328 -1.6536449 2.487975 -1.162175
1.6400782 9.337671 2.1069617 -2.003645 1.227975 0.377825
1.5179702 9.462174 2.0064023 0.131355 -1.222025 1.637825
1.4557191 9.428655 2.2099156 0.796355 -1.747025 0.552825
1.5610672 9.4095 2.2841382 -0.53364503 -2.412025 -0.74217504
1.5562786 9.543579 2.3392065 -0.848645 -2.832025 -0.287175
1.6688095 9.423865 2.2961094 -0.35864502 -1.397025 0.34282503
1.5586729 9.390346 2.2769554 0.691355 -0.907025 0.167825
