0.91999996 9.87 -1.5699999 8.021409 -6.8754935 -9.740283
0.89 9.66 -2.22 0.0 -28.64789 -6.3025355
1.4399999 9.42 -1.9599999 -4.583662 -28.07493 -4.583662
1.2099999 9.9 -2.03 -4.583662 -25.210142 -3.4377468
1.4499999 9.679999 -2.28 -2.8647888 -24.637184 -2.8647888
1.6899999 9.74 -2.44 0.0 -21.199438 -3.4377468
1.66 9.76 -2.87 0.0 -23.49127 -3.4377468
1.89 9.76 -3.1799998 0.0 -36.09634 -5.15662
2.1599998 9.69 -3.61 -9.167324 -40.107044 -5.7295775
2.06 9.679999 -3.25 -14.323945 -39.53409 -6.8754935
1.8 9.54 -3.09 -18.334648 -38.961132 -8.021409
2.29 9.54 -2.3799999 -18.907606 -49.84733 -3.4377468
2.6499999 9.44 -1.9399999 -13.750987 -53.858032 -2.8647888
2.51 9.41 -2.37 -6.3025355 -57.29578 -2.8647888
2.2 9.54 -3.24 6.8754935 -63.598316 -5.7295775
2.47 9.54 -3.05 5.15662 -70.47381 -0.57295775
3.09 9.639999 -3.29 8.594366 -79.641136 2.8647888
3.05 9.46 -3.78 8.594366 -88.80846 1.1459155
2.9399998 9.76 -3.6899998 8.021409 -99.1217 2.291831
3.62 9.65 -3.77 5.7295775 -105.997185 4.0107045
3.8899999 9.7 -3.29 -4.583662 -115.16451 5.15662
3.9099998 9.67 -2.95 -18.907606 -117.456345 2.291831
3.6999998 9.61 -1.02 -13.750987 -126.05072 5.15662
3.9399998 9.57 -0.57 0.0 -136.9369 9.167324
4.0 10.099999 -0.17 4.583662 -140.37466 9.740283
3.9599998 10.75 -0.06 6.3025355 -142.09354 9.740283
3.98 11.38 0.75 -8.594366 -141.52058 9.167324
4.22 11.38 1.18 -10.886198 -140.37466 7.448451
4.08 11.38 1.74 -10.886198 -142.66649 1.7188734
3.57 11.679999 2.01 -12.032113 -143.23946 -2.291831
3.33 11.05 2.3 -21.199438 -136.36395 -12.605071
2.9299998 10.86 2.35 -20.62648 -118.029305 -19.480566
2.45 10.21 2.04 -11.459155 -106.57015 -18.334648
2.31 9.86 1.25 5.15662 -104.27831 -17.188732
2.27 9.94 0.61 14.323945 -104.27831 -17.188732
2.35 9.54 -1.16 22.345354 -103.1324 -16.042818
2.35 9.61 -1.25 13.750987 -102.55944 -13.178029
2.6699998 9.55 -1.67 3.4377468 -104.27831 -10.886198
2.72 9.26 -0.94 -18.334648 -115.16451 -10.886198
2.56 9.21 -0.29999998 -18.334648 -115.16451 -10.886198
2.37 9.3 0.34 -25.210142 -123.18592 -10.886198
2.6599998 9.51 1.04 -26.929016 -120.89409 -6.8754935
2.73 9.74 1.52 -29.793804 -118.60226 -9.740283
2.33 9.65 2.07 -31.51268 -115.16451 -14.896902
1.67 9.429999 2.6599998 -30.366762 -112.87268 -16.615776
1.4599999 9.51 3.0 -21.772396 -107.143105 -12.605071
1.9 9.74 2.45 -14.323945 -98.54874 -9.740283
1.8399999 9.51 2.09 -20.053522 -91.67324 -13.750987
1.0 9.65 2.56 -32.085636 -91.10028 -17.188732
1.17 9.8 3.3799999 -36.09634 -88.80846 -14.896902
1.09 9.57 3.61 -38.961132 -83.07887 -14.896902
0.83 9.5 3.84 -37.242256 -77.349304 -18.907606
0.34 9.32 4.29 -36.09634 -76.203384 -19.480566
-0.02 9.679999 5.06 -30.366762 -68.18198 -15.469859
0.32 9.63 4.54 -18.907606 -58.441692 -12.032113
0.089999996 9.49 4.2999997 -13.178029 -51.5662 -11.459155
-0.19 9.55 4.17 -0.57295775 -38.961132 -12.605071
-0.13 9.559999 3.49 2.8647888 -36.09634 -11.459155
-0.04 9.429999 3.05 8.594366 -29.793804 -8.021409
-0.47 9.45 2.1 21.199438 -21.772396 -9.167324
0.099999994 9.91 1.36 18.334648 -21.199438 -5.7295775
0.34 9.76 0.78999996 18.334648 -21.199438 -5.7295775
-0.39999998 9.65 1.2099999 3.4377468 -13.750987 -4.583662
-0.35999998 9.74 1.9499999 -11.459155 -14.896902 -10.31324
-0.07 9.719999 2.05 -12.605071 -16.615776 -8.021409
-0.29999998 9.74 1.7199999 -9.167324 -13.178029 -4.0107045
-0.29999998 9.74 1.7199999 -1.7188734 -9.740283 -4.583662
-0.02 9.95 1.23 0.57295775 -9.740283 -5.15662
-0.19 9.969999 1.2099999 1.1459155 -8.594366 -2.8647888
-0.32 9.849999 1.12 -1.1459155 -3.4377468 -3.4377468
-0.049999997 9.91 1.02 -1.1459155 -4.583662 -6.3025355
-0.01 9.7699995 0.78999996 -1.1459155 -4.583662 -5.7295775
-0.049999997 9.639999 1.29 -3.4377468 -2.8647888 -4.583662
-0.59999996 9.55 1.64 -5.7295775 0.0 -4.0107045
-0.53 9.65 1.54 -8.021409 0.0 -6.3025355
-0.34 9.74 1.25 2.291831 -1.1459155 0.0
-0.049999997 9.719999 0.77 2.291831 -1.1459155 0.0
-0.089999996 9.82 0.64 8.594366 1.1459155 1.1459155
-0.089999996 9.92 0.63 8.021409 0.0 0.57295775
0.049999997 9.92 0.28 6.8754935 2.8647888 1.7188734
-0.04 9.849999 0.26999998 6.3025355 3.4377468 1.7188734
0.03 9.889999 0.63 4.583662 2.8647888 0.0
0.02 10.0 0.48 2.291831 -0.57295775 -0.57295775
-0.22999999 10.059999 0.47 4.0107045 -0.57295775 0.0
-0.03 10.11 0.41 3.4377468 2.291831 0.0
0.32 10.24 0.75 2.8647888 1.7188734 0.0
0.31 10.219999 0.64 -1.7188734 2.291831 2.8647888
0.01 10.0 0.02 0.57295775 3.4377468 0.0
-0.07 9.95 0.19999999 3.4377468 2.8647888 -2.291831
-0.07 9.91 0.24 1.7188734 2.8647888 -3.4377468
0.08 9.809999 0.28 0.0 2.8647888 -2.291831
-0.22 9.74 0.71999997 -0.57295775 2.291831 -0.57295775
-0.03 9.88 0.93 -2.291831 0.57295775 0.0
0.19 10.07 0.17 1.1459155 0.0 0.57295775
0.11 10.03 0.099999994 10.886198 1.1459155 2.8647888
-0.07 10.0 0.45999998 8.594366 4.0107045 2.291831
0.22 9.98 0.11 2.291831 3.4377468 0.0
-0.04 9.95 -0.14 4.0107045 0.0 0.0
-0.35999998 9.8 0.35999998 4.0107045 1.1459155 -1.1459155
-0.21 9.84 0.88 -1.7188734 2.8647888 -2.291831
0.24 9.929999 0.35 -1.7188734 0.57295775 0.0
0.38 9.95 -0.24 5.7295775 -0.57295775 2.8647888
-0.22 9.9 -0.01 8.021409 1.1459155 1.7188734
-0.26999998 9.94 0.39 -2.8647888 0.57295775 -2.8647888
-0.11 9.95 0.69 -5.7295775 0.0 -1.7188734
0.0 9.96 0.71999997 -6.8754935 0.57295775 0.0
0.13 10.17 0.53 0.0 0.57295775 2.291831
0.19999999 10.349999 -0.13 4.0107045 0.0 2.291831
0.16 10.26 -0.52 11.459155 1.1459155 1.7188734
0.01 10.07 -0.049999997 5.7295775 1.7188734 -0.57295775
-0.08 9.83 0.61 -4.583662 0.57295775 -3.4377468
-0.11 9.7 0.66999996 -9.167324 0.0 -2.8647888
-0.06 9.69 0.65999997 -2.291831 1.1459155 -1.1459155
0.02 9.87 0.48 4.583662 1.7188734 0.0
0.17999999 9.98 0.06 8.021409 2.291831 1.1459155
0.03 10.17 -0.45999998 12.605071 4.0107045 3.4377468
0.06 10.19 -0.53999996 12.605071 7.448451 0.57295775
0.31 10.219999 -0.35 5.7295775 4.0107045 0.0
0.08 10.04 -0.07 1.7188734 1.1459155 0.0
-0.35999998 9.86 0.29 -3.4377468 0.0 -1.7188734
-0.16 9.809999 0.53 -4.583662 -0.57295775 -4.583662
0.12 9.87 0.37 -3.4377468 -1.7188734 -1.7188734
0.04 9.92 0.13 1.7188734 0.0 1.1459155
-0.06 9.95 0.24 2.8647888 1.1459155 0.57295775
0.07 9.9 0.02 3.4377468 1.1459155 -0.57295775
0.06 9.889999 -0.17 3.4377468 0.57295775 -0.57295775
-0.22 9.75 -0.099999994 0.0 1.1459155 -0.57295775
-0.06 9.83 0.52 0.0 1.1459155 -0.57295775
0.0 9.9 0.47 -2.291831 -0.57295775 1.1459155
0.0 9.94 0.14999999 0.0 0.0 1.7188734
0.04 10.03 0.16 4.583662 1.1459155 0.57295775
0.089999996 10.099999 -0.21 4.0107045 0.0 0.57295775
-0.099999994 10.0199995 -0.22 4.0107045 1.1459155 1.1459155
0.03 9.95 0.24 -0.57295775 3.4377468 0.0
0.24 10.03 0.25 -2.291831 -0.57295775 0.0
-0.16 10.0 0.04 0.57295775 0.57295775 -0.57295775
-0.35999998 10.0 0.13 1.7188734 1.7188734 -1.1459155
0.049999997 10.0 0.17 1.1459155 1.1459155 -0.57295775
