1.4174107 9.660899 0.052674048 -7.491085 8.262345 2.59252
1.0462981 9.608225 0.076616794 -7.491085 8.437345 1.57752
0.69912827 9.699207 0.2681588 -7.5960846 7.212345 -0.45248002
0.7901107 9.871595 0.41420954 -7.4560857 5.182345 0.21252
1.1875603 10.060742 0.3328042 -5.986085 3.887345 4.48252
1.515576 10.271439 0.0 -2.311085 3.8523455 8.367519
1.6568382 10.173274 -0.16281068 1.608915 3.3273451 8.61252
1.1827718 10.096657 0.14126222 0.55891496 3.502345 5.14752
0.97446984 9.93624 0.33519846 -7.6660857 9.802345 -2.06248
1.1013664 9.715967 0.17478207 -5.811085 8.157346 -0.83747995
1.2641771 9.711179 -0.083799616 -3.221085 5.672345 1.4375199
1.2857256 9.670476 0.05027977 -5.671085 5.462345 2.3825197
1.185166 9.555551 0.4764607 -10.536085 6.2323446 1.71752
1.0199611 9.505271 0.6703969 -10.711084 6.477345 2.2775202
1.0534809 9.555551 0.5794145 -6.126085 6.7223454 4.8675203
1.4437478 9.603436 0.5243462 -2.4860852 6.442345 7.80752
1.6185298 9.701602 0.46209505 -0.94608504 6.372345 8.297521
1.4269878 9.744699 0.36632404 1.1889149 7.7023444 5.14752
1.3383996 9.742304 0.18914771 2.308915 9.487345 1.8575201
1.4844503 9.871595 -0.0023942748 2.5189152 9.662345 1.4025201
1.8459859 10.096657 -0.35435268 3.2539148 8.017344 3.08252
2.2625897 10.537204 -1.2713599 4.9689155 4.7623453 7.73752
2.6265194 10.953807 -2.3870919 2.2389152 4.797345 13.68752
3.1053743 10.740717 -3.0000262 -12.321085 13.057345 18.20252
3.3328304 10.175668 -3.6560576 -33.811085 28.142345 17.747519
1.9824595 9.98652 -3.6009893 -49.491085 40.252342 9.73252
1.0606637 10.202005 -3.347196 -51.241085 39.937347 -1.95748
1.4102279 10.178062 -3.869148 -36.926086 26.532345 -9.27248
2.2242813 10.206794 -5.190788 -11.796085 1.6473451 -9.09748
2.2027328 10.518049 -5.643306 9.658915 -22.467655 -9.132481
2.2147043 10.489318 -5.607392 14.453915 -36.537655 -14.03248
2.3799093 10.170879 -5.463735 7.068915 -47.422657 -19.70248
2.7342618 10.111023 -5.0998054 -1.8910851 -58.62266 -21.067482
2.9138324 10.134965 -4.11097 -12.181085 -70.34766 -19.142479
2.6193366 10.28341 -2.5020173 -25.236086 -79.02766 -18.617481
2.588211 10.453403 -1.5562786 -34.441086 -80.917656 -18.33748
3.4645157 10.348056 -1.1229149 -32.026085 -82.17765 -16.58748
4.1181526 10.290593 -0.9026416 -17.046085 -90.087654 -14.45248
4.14449 10.182851 -0.54350036 0.453915 -102.862656 -15.012481
4.1157584 9.730332 0.17478207 10.183914 -113.67766 -18.79248
4.170827 9.349643 1.0391153 11.653914 -118.33266 -22.60748
4.415043 9.522031 1.2665714 12.843915 -114.93766 -25.12748
4.989669 9.385557 1.7885233 17.253916 -109.61765 -24.637482
4.5347567 9.759064 3.7494342 16.518915 -112.24266 -22.60748
3.8092911 10.032011 4.8938975 9.623915 -117.667656 -24.952478
3.275368 9.845258 3.8763309 15.258914 -106.92265 -23.86748
4.886715 9.893144 1.9633054 48.543915 -77.20766 -2.0274801
3.675212 9.70639 2.648068 28.313915 -67.61766 -13.89248
1.8890828 9.759064 4.8340406 -0.771085 -63.417656 -35.45248
1.6448668 8.9976845 5.5738716 -7.3160853 -69.33266 -34.64748
1.4772675 8.581081 5.1716337 6.823915 -73.917656 -21.87248
2.0949905 8.724737 4.398283 18.303915 -64.572655 -12.56248
1.1612233 8.667274 4.577853 18.058916 -49.627655 -9.23748
0.29689008 8.93304 4.8316464 18.443914 -39.232655 -13.577479
0.3304099 8.873182 3.9936504 25.653915 -38.602654 -11.02248
0.7206767 8.894731 3.4094474 29.783915 -36.992653 0.17752
0.7829279 9.043176 3.519584 22.083916 -24.882656 5.14752
0.05027977 9.454991 3.5770466 18.093916 -19.212656 1.71752
0.035914123 9.534002 2.7989073 25.443916 -32.022655 0.66752
0.21548474 9.311335 2.0518935 30.658913 -42.977657 2.41752
0.18914771 9.541185 2.257801 20.788916 -38.322655 2.48752
0.4285752 9.751882 2.6887705 0.698915 -28.487656 6.19752
0.46927786 9.562734 2.925804 -11.971085 -20.857656 6.68752
0.17478207 9.342461 2.865947 -14.106085 -13.262655 0.63252
-0.39266106 9.244295 2.4373717 -9.486085 -7.6626554 -7.3474793
-0.54350036 9.136553 2.0662591 -3.606085 -5.2476554 -9.132481
-0.34477556 9.320911 1.5802214 -0.036085 -4.4426546 -3.70748
-0.028731298 9.591465 1.2737542 0.94391495 -2.342655 1.05252
0.13886794 9.7135725 1.1300977 0.873915 -1.432655 1.8575201
0.06943397 9.687236 0.9433443 0.73391503 -5.1776547 -1.11748
-0.014365649 9.732727 0.8044763 -2.346085 -6.787655 -4.96748
-0.13647367 9.6896305 0.7805336 -7.246085 -2.1326551 -5.1424804
-0.33759275 9.845258 1.0606637 -10.466085 1.4023451 -4.6174803
0.16041641 10.060742 1.0055954 -9.031085 -0.032655 -2.8324802
0.37829542 10.142148 0.5650489 -2.416085 -4.477655 0.70251995
0.14605077 10.111023 0.28252444 3.6039152 -5.4226556 1.19252
0.023942748 10.127783 0.3974496 3.323915 -0.312655 -0.59248
0.09577099 10.08708 0.4166038 0.313915 3.607345 -0.62748003
0.06943397 10.144543 0.43575802 -0.176085 2.4173448 0.28252003
-0.102953814 10.048771 0.49800915 -0.036085 1.122345 -0.17248
0.05985687 10.225947 0.32562137 1.8889148 2.557345 0.17752
0.61293435 10.31693 -0.047885496 7.698915 1.6473451 3.08252
0.7398309 10.223554 -0.33519846 12.458916 -0.97765505 4.83252
0.4285752 9.981731 -0.79250497 13.228915 -0.417655 1.2275201
-0.098165266 9.783007 -0.7589851 12.423915 2.1723452 -5.9124804
-0.15323359 9.900327 -0.19393626 -6.266085 10.747345 -8.04748
0.18435916 9.847652 -0.047885496 -8.751085 13.687345 -2.44748
0.2370332 9.826104 -0.40223816 -0.52608496 11.027346 -1.04748
-0.0023942748 9.924269 -0.9385557 9.518915 5.357345 -3.49748
0.15083931 9.847652 -1.0774237 11.233915 0.842345 -3.07748
0.12689656 9.663293 -0.95531565 4.163915 -0.032655 -2.27248
-0.22266756 9.742304 -0.31843856 -4.306085 1.9273449 -3.2874799
0.09577099 9.79019 -0.098165266 -5.426085 0.98234504 -1.04748
0.41181526 9.840469 -0.3304099 0.173915 -4.6876554 1.71752
0.21069619 9.833286 -0.7541966 3.918915 -6.227655 -0.38248
-0.009577099 9.72315 -0.49800915 -0.21108499 -3.1126552 -3.8824801
-0.014365649 9.60583 -0.10774237 -7.421085 -0.907655 -5.10748
0.09337672 9.816526 -0.10055954 -8.611086 -1.047655 -3.5324802
0.09577099 9.703996 -0.42618093 -4.656085 -0.452655 -2.13248
-0.08619389 9.680053 -0.24900457 -2.8010852 0.42234498 -3.2874799
-0.07901107 9.641745 -0.11492519 -4.0610847 0.14234501 -3.8474798
-0.07901107 9.715967 -0.18196489 -2.731085 0.212345 -1.60748
0.1987248 9.8787775 -0.40463245 0.873915 2.697345 1.0175201
0.2561874 9.943423 -0.68236834 4.1289153 2.5223448 2.8025198
0.11492519 9.950606 -0.7110996 4.758915 -0.627655 0.52752
0.07901107 9.814133 -0.505192 1.713915 -1.292655 -2.8674798
0.090982445 9.627379 -0.38308397 -2.066085 -1.2226549 -3.60248
-0.045491222 9.586677 -0.5506832 -3.711085 -2.517655 -4.19748
-0.13647367 9.653716 -0.38308397 -5.776085 -2.1326551 -5.03748
-0.0047885496 9.7135725 0.04070267 -10.816084 0.002345 -4.5124803
-0.06464542 9.694419 -0.09577099 -12.531085 -0.417655 -3.5324802
-0.25139886 9.73991 -0.13886794 -8.086085 -1.7126551 -3.2524803
-0.023942748 9.838076 -0.20111908 -3.361085 -1.3276551 -2.16748
0.22027329 9.809344 -0.29689008 -0.52608496 -1.782655 0.63252
-0.021548472 9.850046 -0.20590763 -0.071085 -1.467655 1.99752
-0.06943397 9.871595 -0.2681588 -1.331085 1.087345 0.52752
0.13886794 9.893144 -0.34716985 -1.191085 2.487345 -0.24247998
0.20111908 9.893144 -0.44772938 -0.24608499 1.7173451 1.2625201
0.0 9.816526 -0.35435268 -0.176085 1.017345 1.33252
-0.16759923 9.799767 -0.09577099 -1.7160851 0.52734506 -1.25748
-0.17238778 9.624985 -0.05027977 -3.291085 0.002345 -2.09748
-0.17478207 9.6896305 -0.13647367 -0.666085 -1.607655 -0.80248
-0.0071828244 9.895537 -0.14605077 6.298915 -7.452655 0.45752
0.2083019 9.931452 -0.39505535 7.3139153 -5.8426547 2.41752
0.10055954 9.93624 -0.48124924 5.0389147 -2.692655 1.3675201
-0.071828246 9.948212 -0.3040729 0.34891498 -0.767655 -1.04748
-0.05027977 9.897932 -0.20590763 -1.7160851 -0.137655 -1.60748
-0.047885496 9.785401 -0.38308397 -0.561085 -0.312655 -0.94247997
-0.14605077 9.811738 -0.4189981 -0.176085 -0.067655 -1.08248
-0.021548472 9.873989 -0.2561874 -2.276085 0.42234498 -0.59248
0.05027977 9.907509 -0.16759923 -3.0810852 0.31734502 0.35252
0.05506832 9.921875 -0.34477556 -0.59608495 -0.697655 -0.20748
0.028731298 9.917087 -0.50758624 0.803915 -1.642655 -1.4324801
-0.0047885496 9.8237095 -0.37590113 -2.1710851 -0.80265504 -2.5174801
-0.05506832 9.754275 -0.11971374 -6.966085 0.59734505 -3.2874799
-0.19633053 9.703996 0.09337672 -8.891086 1.5073451 -3.2524803
-0.14365649 9.711179 -0.038308397 -6.056085 1.822345 -1.74748
-0.102953814 9.703996 -0.25139886 -0.98108494 1.087345 -0.24247998
-0.04070267 9.799767 -0.26097596 2.133915 -0.137655 0.52752
