2.5762396 9.601042 0.026337024 1.145515 6.810265 9.390885
2.2362528 9.593859 0.2657645 2.3705149 5.270265 9.3558855
2.004008 9.596253 0.48843205 -0.114485 -0.9597351 4.3158846
2.073442 9.581888 0.6105401 -3.6494849 0.440265 1.060885
2.343995 9.596253 0.42378664 -5.154485 3.9052653 2.9858851
2.4110348 9.603436 0.37829542 -2.774485 3.520265 6.065885
2.2314641 9.601042 0.50758624 0.865515 0.300265 5.820885
2.310475 9.567522 0.66321415 1.740515 -2.639735 2.7058852
2.3224466 9.447808 0.7805336 -0.289485 -3.164735 1.235885
2.1332989 9.416683 0.89067024 -2.914485 -1.4147351 1.4458851
1.977671 9.445415 1.0391153 -4.209485 1.7702651 0.990885
2.1476645 9.464568 0.8332076 -2.809485 3.695265 0.185885
2.3487835 9.500483 0.43096948 1.320515 2.470265 0.045885
2.423006 9.534002 0.12689656 7.4105153 1.4552649 2.005885
2.3248408 9.5244255 0.22027329 10.805514 2.2602649 3.370885
2.2458298 9.522031 0.23942748 9.405516 3.100265 2.425885
2.3870919 9.433443 0.098165266 6.290515 2.5052652 0.080885
2.2889266 9.385557 0.023942748 4.7155147 0.790265 -1.564115
2.1716073 9.356826 -0.21069619 1.9855151 2.470265 -0.374115
2.317658 9.153313 -0.3328042 -2.214485 6.775265 0.150885
2.4182177 9.349643 -0.4836435 -3.754485 10.310266 -0.129115
2.7127132 9.996098 -1.5036045 -2.564485 8.875266 -1.074115
3.4429672 10.273833 -2.9832664 2.545515 3.100265 -0.269115
3.6297207 9.883567 -3.9481592 8.740516 1.140265 3.440885
3.047912 9.771035 -4.0750556 6.675515 8.105265 7.9558845
2.988055 9.624985 -3.5387383 -5.924485 17.065266 6.415885
3.2777622 9.584282 -3.4453614 -22.024485 19.305265 -2.019115
3.2562137 9.253872 -3.7111259 -32.874485 2.7852652 -7.969115
2.6504622 9.182044 -3.2801564 -35.114487 -18.109734 -8.774115
2.6839821 8.9498 -2.727079 -39.384483 -27.629736 -13.184115
2.9377751 8.882759 -2.473286 -40.259483 -51.464733 -14.304115
2.8994668 9.232324 -2.2194927 -33.399487 -62.55974 -12.344114
2.8276386 9.445415 -1.7717633 -28.254484 -70.92473 -11.889115
3.1915684 9.5244255 -1.5083932 -23.809486 -78.869736 -10.279116
4.022382 9.670476 -1.8675344 -18.454485 -84.85473 -5.379115
4.4030714 9.799767 -1.8268317 -16.109484 -88.31973 -2.894115
4.4892654 9.632168 -1.3312168 -20.169485 -89.92973 -6.674115
3.7207031 9.656111 -0.8475733 -23.984486 -89.719734 -12.274116
3.972102 9.5244255 -0.6608198 -24.754486 -90.48974 -13.499115
4.537151 9.246689 -0.339987 -26.469486 -92.58974 -7.479115
4.3791285 8.394327 0.26097596 -28.884483 -90.27973 -4.504115
3.5842295 7.920261 1.1779832 -29.444485 -86.009735 -4.8891153
3.301705 7.7502675 2.1069617 -22.759487 -89.509735 -0.33911502
4.209135 8.389539 1.620924 -3.544485 -104.94473 10.790885
5.4924664 9.047964 1.1564348 24.560514 -123.844734 20.730886
6.2777886 9.411894 0.96489275 40.800514 -139.90973 22.340885
6.1317377 10.005674 1.1947432 36.530514 -150.09474 16.530886
6.062304 9.838076 1.4293821 18.120516 -128.98973 9.075886
5.8156934 9.4095 2.4589202 -8.794485 -93.954735 1.8308849
5.1883936 9.320911 3.8715425 -33.679485 -64.799736 -5.834115
4.7885494 9.189227 5.236279 -45.124485 -44.989735 -12.484116
3.6560576 8.79896 5.36557 -43.899483 -29.274734 -17.804113
2.5044115 8.93304 5.6576715 -33.084488 -14.504735 -20.464115
2.9234095 8.542772 6.368771 -25.909487 -10.024735 -15.004116
3.0527003 8.681641 7.120573 -22.619484 -4.599735 -9.404116
3.1915684 9.397529 6.150892 -8.899486 8.490265 -6.114115
2.7318676 9.945818 4.271386 17.805513 7.020265 -7.1641154
1.8076775 10.077502 3.3687446 34.990517 1.490265 -18.364117
1.0391153 9.850046 4.6233444 18.925514 13.600265 -30.089115
0.75659084 9.62259 5.047131 -14.149486 37.260265 -33.62411
0.68236834 9.306546 5.0231886 -31.439484 56.790268 -33.449112
-0.2944958 9.447808 4.582642 -31.439484 65.85527 -32.294117
-0.31843856 9.543579 3.9242165 -16.424486 66.80026 -30.124115
0.13647367 9.404712 2.8084843 3.7355149 52.765263 -21.794115
0.62251145 9.311335 2.2961094 18.330517 31.100262 -13.359115
0.600963 9.349643 2.020768 18.750515 24.170265 -7.794115
0.53392327 9.397529 1.9441512 12.415515 29.735266 -5.659115
0.42378664 9.124581 1.6161355 4.645515 22.105265 -7.969115
0.2681588 9.076695 1.6400782 0.83051497 20.670267 -7.3041153
0.51716334 9.251478 1.7358493 -2.0044851 21.020266 -0.864115
1.158829 9.445415 2.0279508 -0.674485 13.775266 5.0508847
1.2330515 9.478934 1.3862851 5.8005147 6.600265 4.3158846
1.036721 9.555551 1.0319325 9.475515 8.770266 2.075885
1.2522057 9.538791 1.1013664 7.2355146 11.115265 3.1258852
1.4652961 9.541185 1.2138973 4.7505155 7.125265 3.8258853
1.3288225 9.483723 0.93616146 5.5205154 5.3052654 2.880885
1.446142 9.488511 0.94095 6.4305153 7.055265 3.0908852
1.5802214 9.569917 0.81644773 6.1505156 7.020265 4.805885
1.515576 9.718362 0.71828246 5.5205154 8.210265 5.085885
1.6664152 9.603436 0.7948992 3.7005153 9.785265 4.805885
1.637684 9.58907 0.72785956 3.7005153 8.280265 5.1558847
1.620924 9.780613 0.6081458 5.8005147 5.6552653 5.400885
1.8507744 9.771035 0.44294083 7.445515 2.3652651 5.540885
1.8507744 9.636956 0.44054657 6.290515 0.615265 5.085885
1.802889 9.5483675 0.6296943 2.265515 1.5602651 3.580885
1.9034485 9.603436 0.6249057 -0.569485 0.96526504 1.7608851
1.8603516 9.629773 0.44533512 -0.114485 -2.254735 -0.059115
1.7023294 9.462174 0.44054657 0.095515 -3.6197352 -2.264115
1.3862851 9.593859 0.8739103 -3.6144848 -2.4997349 -3.594115
1.5826156 9.672871 1.2210802 -6.939485 -0.71473503 -2.544115
1.7621863 9.677659 1.0008069 -4.664485 -3.7247348 0.780885
1.6089526 9.771035 0.84996754 1.4605149 -6.4197354 1.935885
1.673598 9.6896305 0.79250497 3.910515 -4.7047353 1.5158849
1.5874043 9.761458 1.0846065 2.475515 -1.4147351 1.8308849
1.7382435 9.62259 0.86912173 1.845515 0.440265 2.040885
1.7310607 9.670476 0.5770202 4.5755153 -1.1347351 2.4958851
1.7406378 9.663293 0.55307746 6.710515 -1.939735 2.600885
1.7573977 9.634562 0.5913859 5.030515 -1.9047351 2.390885
1.7693691 9.70639 0.7039168 1.670515 -1.1347351 2.040885
1.9393626 9.677659 0.80687064 -0.569485 -0.6097351 1.5158849
1.7310607 9.646533 0.6608198 -1.094485 -1.4147351 1.060885
1.7214836 9.452597 0.6153286 -1.374485 0.020265002 -0.724115
1.56825 9.323306 0.5961744 -3.159485 0.790265 -2.0541148
1.2857256 9.423865 0.8044763 -7.464485 -2.919735 -2.9291148
1.5131817 9.428655 1.0486923 -7.7794857 -6.489735 -0.61911505
1.673598 9.596253 1.0941836 -5.539485 -8.4847355 1.5158849
1.7382435 9.727939 1.0989721 -2.914485 -8.554735 2.075885
1.7933118 9.794978 0.9026416 -0.9544851 -8.4847355 1.620885
1.7573977 9.816526 0.76616794 -1.689485 -5.159735 0.395885
1.6783867 9.778218 1.2138973 -6.379485 -0.539735 -0.47911498
1.7430321 9.668081 1.3862851 -7.849485 -0.22473499 -0.68911505
1.6951466 9.701602 1.2234744 -3.894485 -1.344735 -0.724115
1.5275474 9.668081 0.9912298 -0.184485 -0.71473503 -0.93411505
1.5514901 9.660899 1.1731946 -0.70948505 1.000265 -0.129115
1.6831752 9.751882 1.2426286 -1.549485 1.8402649 1.7258849
1.776552 9.763853 0.95531565 0.760515 1.315265 2.670885
1.6927522 9.768641 0.9816527 2.1255152 1.315265 2.215885
1.6975409 9.73991 1.0654523 1.4955151 1.140265 1.060885
