-0.016759925 9.483723 1.0774237 -5.601085 4.3073454 -1.50248
0.052674048 9.380769 1.1947432 -4.691085 2.2773452 -3.7774801
0.37829542 9.522031 0.9529214 -3.7460847 -2.097655 -1.85248
0.75659084 9.656111 0.5913859 0.453915 -7.242655 4.02752
0.8786988 9.653716 0.4932206 4.9689155 -11.022655 7.8425198
0.7853221 9.684841 0.6895511 5.458915 -10.322656 9.52252
0.58420306 9.682447 1.0127783 1.7489151 -5.4226556 8.787519
0.5913859 9.6896305 1.0175668 -2.311085 -0.522655 5.95252
0.8236305 9.680053 0.94573855 -2.5560849 1.752345 3.81752
0.69194543 9.663293 0.7781393 0.48891497 1.087345 3.2225199
0.53392327 9.718362 0.7110996 3.2889152 0.31734502 2.5575202
0.6344828 9.632168 0.81165916 5.213915 1.122345 0.80752
0.74222517 9.653716 0.8332076 5.108915 1.122345 0.00252
0.6296943 9.699207 0.79250497 3.6039152 0.072345 0.87752
0.6296943 9.644139 0.8667275 2.973915 0.072345 1.78752
0.5650489 9.596253 1.0295382 2.6939151 0.7023451 1.19252
0.60335726 9.629773 1.0798179 1.5739151 1.9623449 1.57752
0.81165916 9.703996 0.9194015 1.468915 2.662345 2.3825197
0.9960183 9.751882 0.7805336 3.9539149 2.382345 2.8725202
0.86193895 9.818921 0.83081335 7.243915 1.822345 3.7825198
0.83081335 9.862018 0.69912827 8.258915 1.822345 3.3275201
0.9768641 9.80695 0.5985687 8.363915 3.152345 1.54252
0.8643332 9.883567 0.33759275 9.273914 5.077345 0.52752
0.9337672 9.921875 0.14605077 9.903915 5.602345 1.2275201
1.0439038 9.893144 0.076616794 9.448915 7.807345 0.9825199
1.0415095 10.012857 -0.04070267 6.473915 11.9373455 1.1225201
1.0319325 9.974549 -0.5243462 2.658915 13.757345 1.29752
1.010384 9.929058 -0.8667275 0.873915 11.552345 -0.9774801
1.0678465 10.0200405 -1.0175668 -5.9160852 12.322345 -2.06248
1.1037607 9.962578 -1.4341706 -8.926085 11.762345 -1.18748
0.9624985 10.118205 -1.690358 -11.761085 11.202345 -0.38248
1.1372806 10.204399 -1.8459859 -15.366085 10.467345 2.83752
1.594587 10.393547 -2.3272352 -16.801085 9.137345 8.22752
2.1189332 10.565935 -2.875524 -16.766085 6.9323454 11.02752
2.3152637 10.587483 -2.9904492 -17.221087 3.502345 8.367519
2.116539 10.501289 -3.1388943 -15.856086 -0.24265501 2.59252
1.9633054 10.623397 -3.2202997 -10.746085 -6.297655 -3.42748
2.1237218 10.376787 -3.5147953 -2.4510849 -15.572656 -8.152479
1.9896424 10.060742 -4.04393 7.243915 -25.897655 -13.08748
1.7717633 9.75667 -4.1540666 14.243915 -34.087658 -17.49748
1.5347302 9.62259 -4.1612496 14.453915 -41.262653 -18.75748
1.5730386 9.577099 -4.051113 12.2839155 -48.087654 -17.60248
1.6879637 9.481328 -3.7590115 10.603915 -56.172653 -14.732479
1.7933118 9.37598 -3.4908526 10.778915 -65.02766 -13.22748
2.0183737 9.378374 -3.2466366 11.548915 -73.56765 -12.0024805
2.0902019 9.347249 -2.9425638 14.0339155 -83.29765 -11.02248
1.8795058 9.368797 -2.5307484 17.218916 -90.962654 -11.61748
1.6400782 9.464568 -2.4708917 21.418915 -93.377655 -11.86248
2.0878077 9.4095 -3.1772027 27.438915 -92.85266 -7.6274796
2.7031362 9.225141 -3.1149516 29.398914 -97.752655 0.77252
3.0790374 9.07909 -2.5738454 22.433914 -102.89765 6.7575197
2.7390504 9.189227 -2.176396 14.453915 -100.79766 6.9675198
2.5379312 9.28021 -2.5546913 12.2839155 -102.30266 4.37752
3.1029801 9.086273 -2.4637089 10.463916 -108.46266 6.8975205
3.3855045 8.885154 -1.1875603 -2.9410853 -106.74765 16.94252
4.5491223 8.956982 -0.031125572 -22.156086 -95.96765 22.75252
5.111777 8.9186735 0.9217958 -33.601086 -86.97266 19.88252
3.5052183 9.160496 2.2961094 -32.656086 -87.56766 8.5425205
3.2274826 9.004868 3.955342 -23.696085 -95.02266 -7.38248
2.9832664 9.117398 5.602603 -14.981086 -93.62265 -13.22748
3.1939626 10.589877 6.0766697 -0.561085 -85.85265 -10.91748
3.9098508 10.968173 5.9976583 23.028915 -73.88265 -5.52748
3.7494342 10.278622 6.0072355 47.983913 -72.55265 2.41752
1.9034485 10.599455 4.905869 71.153915 -59.077652 -6.89248
1.5275474 10.96099 3.790137 66.778915 -41.542656 -9.02748
1.8292259 10.439038 3.4381785 44.90392 -31.812658 -0.55748
0.9217958 10.228342 4.7693954 16.763916 -28.767654 1.05252
0.679974 10.676071 5.6409116 0.803915 -34.157658 -4.4074802
1.0678465 10.786208 5.0830455 -0.21108499 -34.752655 -7.31248
-0.13168511 10.38397 3.3663504 0.453915 -25.722656 -13.82248
-0.81644773 10.182851 3.3926873 -10.781086 -13.787656 -17.777481
-0.4740664 10.182851 4.2402606 -30.311085 -9.972655 -16.34248
-0.28013015 9.96976 3.5914123 -36.891083 -7.6276555 -13.787479
-0.6751855 9.888355 2.4421604 -31.536083 -0.55765504 -14.48748
-1.1372806 9.70639 1.6400782 -28.561087 5.602345 -16.58748
-1.0989721 9.404712 2.2362528 -31.571087 3.012345 -16.93748
-0.69912827 9.488511 2.727079 -33.181087 -6.122655 -14.697479
-0.43575802 9.75667 1.8435916 -25.166084 -8.502655 -11.02248
-0.7829279 9.696813 0.73743665 -12.566086 0.037345003 -8.67748
-1.1444633 9.830893 0.90024734 -8.751085 5.3223453 -9.727479
-0.6368771 10.156514 1.620924 -12.286084 2.4523451 -7.76748
-0.22506183 10.206794 1.2402344 -9.661086 -5.807655 -2.97248
-0.33759275 10.163696 0.72546524 -0.59608495 -7.102655 -1.4674801
-0.6273 10.269045 0.40223816 3.883915 4.692345 -1.57248
-0.42618093 10.427067 0.2777359 4.408915 11.9373455 -0.9774801
-0.07422252 10.352844 0.15323359 5.948915 5.497345 -0.41748002
-0.24900457 10.166091 -0.18914771 7.7339153 -1.467655 -1.95748
-0.5602603 9.9889145 -0.3304099 6.753915 1.9273449 -4.6174803
-0.5602603 9.907509 -0.13168511 2.273915 5.497345 -5.63248
-0.3998439 9.931452 0.16520496 -1.961085 3.817345 -4.86248
-0.27294734 9.730332 -0.11253092 -1.261085 1.8573451 -3.49748
-0.29689008 9.684841 -0.3615355 4.303915 0.002345 -2.69248
-0.409421 9.615408 -0.5506832 8.258915 0.772345 -2.76248
-0.22266756 9.586677 -0.42618093 7.5589156 3.4323452 -3.1824799
-0.2849187 9.457385 -0.45491222 4.758915 3.7823448 -2.5174801
-0.5147691 9.215564 -0.35435268 2.7989151 2.3123453 -2.48248
-0.5985687 9.067119 -0.07901107 0.83891505 2.3123453 -3.42748
-0.48124924 9.28021 -0.045491222 -1.121085 2.942345 -2.5174801
-0.31604427 9.466963 -0.45730647 1.048915 1.612345 1.29752
-0.5961744 9.421472 -0.2944958 -3.0810852 3.992345 0.31752
-0.8236305 9.447808 0.21787901 -8.891086 8.297345 -1.3274801
-0.6464542 9.641745 0.2777359 -6.406085 9.1023445 1.8225201
-0.22506183 9.967366 -0.2083019 1.8539151 6.582345 6.19752
-0.12210801 10.067925 -0.5363176 7.5239153 5.707345 7.422519
-0.009577099 10.094262 -0.5554718 6.858915 4.552345 5.98752
0.035914123 10.144543 -0.28970724 2.2389152 3.712345 3.1875203
-0.071828246 10.1206 -0.15562786 -0.561085 4.412345 1.0175201
-0.22985038 10.022434 -0.34477556 1.5039151 5.217345 -0.66248
-0.18675344 10.0200405 -0.52674043 3.5339148 4.902345 -0.17248
-0.11492519 10.041589 -0.39266106 2.098915 4.097345 1.2625201
-0.09577099 10.106234 -0.25379312 0.418915 3.712345 1.4375199
-0.052674048 10.106234 -0.36871833 1.643915 2.697345 1.4025201
0.045491222 10.060742 -0.54828894 3.6039152 1.192345 1.6825202
-0.14844504 9.876384 -0.49082634 2.9039152 0.247345 0.17752
-0.23224466 9.687236 -0.10055954 0.24391499 0.45734504 -2.37748
-0.17478207 9.754275 -0.05027977 -1.1560851 0.7023451 -1.85248
-0.15802214 9.797373 -0.22745611 0.663915 2.1723452 -0.48747998
-0.35674694 9.715967 -0.22266756 2.868915 3.292345 -0.69748
-0.24900457 9.682447 -0.22027329 4.5489154 2.3473449 -1.18748
-0.12210801 9.814133 -0.48124924 5.493915 -0.24265501 -0.59248
-0.12929083 9.775824 -0.7446195 5.353915 0.66734505 -0.13747999
-0.28013015 9.703996 -0.5985687 2.273915 3.817345 -0.69748
-0.20590763 9.732727 -0.34477556 -1.4710851 5.112345 -1.25748
-0.14605077 9.802161 -0.49800915 -1.296085 2.907345 -1.22248
-0.3040729 9.830893 -0.7398309 2.343915 0.45734504 -1.01248
-0.2561874 9.833286 -0.70870537 3.6739151 1.262345 -1.11748
-0.105348095 9.840469 -0.5698374 0.83891505 2.102345 -0.38248
-0.20351335 9.847652 -0.6201172 -0.561085 0.31734502 0.07252
-0.17957062 9.816526 -0.64166564 0.73391503 -1.082655 -0.69748
-0.2466103 9.699207 -0.5650489 0.55891496 -1.572655 -1.11748
-0.2753416 9.718362 -0.39505535 -1.7160851 -0.102655 -1.18748
-0.19633053 9.842864 -0.35435268 -3.431085 0.42234498 -1.29248
-0.2657645 9.873989 -0.46209505 -2.5210853 -0.80265504 -0.83747995
