2.300898 9.787795 -0.6440599 4.540515 10.590264 11.175886
1.924997 9.60583 -0.6440599 5.450515 -2.3947349 4.630885
1.6400782 9.5483675 -0.5123748 3.140515 -1.169735 0.115885004
1.647261 9.538791 -0.44772938 1.075515 -0.154735 -2.5791152
1.7717633 9.615408 -0.45730647 1.005515 -0.18973501 -1.879115
1.9417568 9.73991 -0.48843205 1.670515 -0.434735 0.220885
2.0447106 9.924269 -0.3974496 2.790515 -0.88973504 2.600885
2.1644244 9.996098 -0.4189981 2.5805151 0.16026501 3.0908852
1.9968252 9.926663 -0.35914123 2.825515 1.8052651 2.355885
1.8507744 9.742304 -0.2944958 3.035515 2.120265 -0.654115
1.7119064 9.445415 -0.4285752 3.070515 3.135265 -4.189115
1.6161355 9.179649 -0.5985687 2.4405153 6.600265 -5.099115
1.7119064 9.1940155 -0.7685622 1.7755151 11.325265 -3.349115
1.664021 9.289786 -1.1684061 1.9505148 13.355266 -1.529115
1.8603516 9.371192 -1.5227587 3.7355149 11.920264 -0.93411505
1.9800652 9.457385 -1.7573977 4.435515 10.555266 -0.724115
1.9106313 9.6896305 -1.9106313 2.4405153 9.855265 0.465885
1.9920366 9.871595 -2.020768 -2.214485 9.820266 0.605885
2.3392065 9.972155 -2.370332 -8.619485 12.7252655 0.36088502
2.6791935 10.0200405 -2.7342618 -13.554484 16.155264 1.8308849
3.1365 10.230737 -2.4972286 -13.379485 14.930264 3.300885
3.703943 10.922682 -2.205127 -11.279486 11.080266 1.935885
3.921822 11.497308 -3.675212 -8.654485 3.6252651 -0.54911506
3.849994 10.824516 -5.6409116 -2.984485 -0.64473504 -1.214115
3.0455174 10.144543 -6.0694866 3.525515 8.035265 -2.019115
1.462902 9.943423 -5.3871183 -18.909485 27.355267 -17.384113
1.1372806 9.711179 -4.443774 -32.489487 12.900266 -28.619116
1.6975409 9.474146 -4.7550297 -34.659485 -12.894735 -27.744116
2.370332 9.457385 -5.1788163 -26.189484 -32.704735 -16.999115
2.5858169 9.44302 -4.4222255 -24.719484 -44.91973 -10.594115
2.439766 9.522031 -2.9521408 -36.689484 -55.104736 -10.629116
2.6791935 9.402317 -1.8651401 -50.479485 -62.384743 -13.044115
3.258608 9.172467 -1.4796618 -52.194485 -69.76974 -12.099115
3.572258 8.834874 -1.786129 -42.044487 -76.454735 -10.069116
2.9928436 8.707977 -1.6807809 -28.219484 -81.634735 -11.014115
2.4972286 8.523619 -0.36632404 -21.359486 -86.46474 -15.564115
2.5762396 8.545167 -0.4285752 -20.904484 -92.414734 -21.549114
3.301705 8.449396 -1.23784 -13.344484 -98.81974 -19.309116
3.5770466 8.059129 -1.5467016 -4.699485 -93.70974 -2.019115
3.440573 8.066312 -1.1492519 -18.594486 -76.664734 0.150885
3.1772027 8.10462 0.22985038 -35.359486 -60.98473 -6.464115
2.9090438 7.56112 0.81644773 -44.774487 -50.379734 -11.679115
2.1189332 7.5419655 1.2091088 -43.059486 -39.80974 -11.049116
2.19555 7.9154725 1.6424725 -38.01948 -40.159737 -2.124115
3.5554981 8.277008 2.083019 -33.189487 -53.389736 13.695885
4.7143273 8.576292 2.5211713 -27.484486 -71.72973 19.960886
4.790944 8.992896 2.8683412 -20.064486 -82.789734 13.065885
3.991256 8.770228 3.469304 -15.794484 -79.98973 -1.1441151
3.3591676 8.461368 3.8811195 -16.004486 -64.37973 -11.504115
3.014392 8.583475 3.9577363 -16.284485 -48.769733 -11.329115
3.6584518 8.672064 3.8978794 -14.464486 -43.27474 -5.519115
4.3025117 8.952193 4.455745 -19.329485 -44.779736 0.045885
3.162837 9.450203 5.236279 -30.074488 -44.91973 -3.139115
1.462902 9.26345 5.7558365 -35.814487 -33.754738 -19.099115
0.6440599 9.012051 5.5882373 -35.569485 -26.124737 -27.954115
0.5602603 9.119793 6.9290314 -36.26948 -27.244738 -26.554115
0.3902668 9.170073 7.6521025 -39.174484 -26.334736 -21.094116
0.09577099 9.28021 7.407886 -28.254484 -17.689734 -15.879116
-0.1340794 9.744699 5.8013277 -6.9044847 -9.324735 -12.379115
0.0670397 10.067925 5.4685235 8.950515 -7.1547356 -8.949116
0.023942748 9.847652 5.6576715 6.640515 -9.394734 -8.634115
-0.16759923 9.615408 5.784568 -1.549485 -3.094735 -12.239115
-0.35674694 9.744699 5.0662856 -4.0344853 11.395266 -11.434114
-0.20111908 9.905115 4.04393 4.505515 18.990265 -7.129115
0.08619389 10.024829 3.4166303 13.955515 15.280265 -4.154115
0.15083931 9.72315 3.4333901 12.7305155 11.745265 -3.6991153
0.028731298 9.646533 3.328042 6.080515 14.265265 -5.379115
0.03351985 9.70639 2.710319 3.6305149 15.980264 -6.9541154
0.35914123 9.63935 2.5618742 4.995515 13.495264 -5.694115
0.13647367 9.536397 2.6552508 1.425515 11.675265 -4.3291154
-0.12929083 9.368797 2.9736893 -4.664485 13.3902645 -6.3241153
0.14126222 9.311335 2.971295 -6.869485 12.865265 -7.269115
0.25379312 9.373586 2.6145482 -2.984485 8.245265 -3.944115
0.3519584 9.543579 2.310475 3.770515 4.3602653 -0.68911505
0.70631105 9.58907 2.3032923 7.3405147 2.820265 0.465885
0.84039044 9.778218 2.0183737 5.9755154 1.7702651 1.7258849
0.8140534 9.783007 1.7717633 3.490515 2.5052652 0.290885
0.58420306 9.720756 2.5834224 -11.839485 11.955265 -9.089114
0.43096948 9.613013 2.7222905 -10.369486 10.450266 -10.9791155
0.339987 9.550762 2.2745612 1.845515 3.590265 -10.559114
0.31843856 9.660899 1.6879637 10.490515 1.7702651 -8.284116
0.37350687 9.581888 1.541913 8.880515 5.7952647 -3.6991153
0.35435268 9.5483675 1.8675344 3.805515 8.560265 -0.199115
0.58420306 9.624985 1.8100717 3.525515 7.6502643 2.775885
0.82602483 9.747093 1.7023294 6.990515 5.445265 5.330885
0.9289786 9.766247 1.2785428 10.035516 2.2602649 5.260885
0.81644773 9.775824 1.1947432 8.705515 1.980265 2.4958851
0.8379962 9.624985 1.4605076 2.7205153 4.640265 0.220885
0.7901107 9.399923 1.6328955 -2.0044851 4.990265 -2.229115
0.47167215 9.208381 1.376708 -1.9694848 3.9752648 -5.379115
0.18196489 9.170073 1.3623424 -2.249485 4.185265 -7.969115
0.014365649 9.076695 1.7813405 -4.979485 4.185265 -8.389115
0.102953814 9.261055 2.030345 -6.274485 3.9752648 -4.679115
0.1987248 9.4142885 1.5826156 -0.289485 1.8402649 1.060885
0.40463245 9.550762 1.4389591 7.130515 -1.764735 4.9108853
0.90024734 9.703996 1.5323359 7.830516 -3.339735 8.095884
1.0319325 9.826104 1.4006507 5.9755154 -2.429735 9.635885
0.8930645 9.802161 1.2138973 4.8205147 -0.6097351 7.675885
0.73743665 9.759064 1.5802214 1.2855151 0.860265 3.9308853
0.8332076 9.768641 1.7789462 -3.159485 0.37026498 2.180885
0.87630457 9.77343 1.6328955 -2.809485 -1.799735 2.635885
0.7350424 9.8237095 1.4844503 -0.184485 -2.849735 2.355885
0.723071 9.73991 1.7621863 -1.4444851 -1.029735 1.165885
0.679974 9.816526 1.9680939 -4.7694855 0.440265 1.165885
0.73743665 9.818921 1.7717633 -2.774485 -1.694735 1.095885
0.75659084 9.732727 1.7166951 2.0205152 -5.929735 0.815885
0.6488485 9.646533 1.8771114 2.090515 -5.964735 0.430885
0.65363705 9.72315 2.0183737 -0.814485 -1.764735 0.465885
0.86912173 9.759064 1.7310607 -0.849485 0.300265 1.200885
0.80687064 9.708784 1.5275474 2.0555148 -0.50473505 2.040885
0.38068968 9.452597 1.8316202 1.670515 0.825265 0.780885
0.3423813 9.337671 2.1309047 -2.354485 3.065265 -1.9141148
0.5123748 9.462174 2.0255566 -3.9994853 1.245265 -1.459115
0.57462597 9.636956 1.6664152 1.845515 -1.694735 2.950885
0.39266106 9.648928 1.8699286 -0.779485 0.790265 1.900885
0.38547826 9.541185 2.2003386 -2.669485 -1.029735 1.3058851
0.5147691 9.634562 2.0614705 1.180515 -4.039735 2.635885
0.68715686 9.708784 1.7621863 5.240515 -3.654735 4.630885
0.7302538 9.751882 1.759792 4.155515 0.58026505 5.4708853
0.8978531 9.692024 1.9489397 1.6355151 2.925265 4.6658854
0.93616146 9.675264 1.8268317 1.880515 1.700265 2.4958851
0.71828246 9.675264 1.541913 2.755515 2.295265 -0.024115
0.67279124 9.656111 1.838803 0.41051498 5.5502653 0.115885004
0.7877164 9.675264 1.8579572 -0.21948501 5.7602654 2.320885
0.9385557 9.725544 1.5969813 4.050515 1.8752651 3.860885
1.0055954 9.840469 1.3886794 7.060515 0.23026499 4.035885
