0.64 10.05 -1.5699999 29.220846 -13.178029 -12.032113
0.95 10.07 -1.93 9.740283 -63.02536 -2.291831
1.67 9.98 -2.18 6.8754935 -69.900856 1.1459155
1.9699999 10.09 -2.1299999 8.021409 -45.263664 -1.1459155
1.39 10.2 -1.99 3.4377468 -42.398876 -8.594366
1.4599999 10.2 -1.9 3.4377468 -42.398876 -8.594366
2.32 10.34 -1.6899999 5.7295775 -56.72282 -7.448451
2.1699998 10.2699995 -2.03 8.594366 -60.160564 -14.323945
2.07 10.26 -1.8299999 2.8647888 -61.30648 -16.042818
2.35 9.98 -1.54 -4.583662 -61.30648 -11.459155
2.54 9.88 -1.4399999 -6.3025355 -61.879436 -10.31324
2.22 9.83 -1.18 -6.8754935 -64.17127 -10.886198
2.26 9.88 -0.55 -1.7188734 -74.48451 -11.459155
2.23 9.8 -0.62 2.291831 -77.922264 -10.886198
1.66 9.94 -0.72999996 14.323945 -76.203384 -8.594366
1.74 10.07 -0.47 13.178029 -76.77634 -6.3025355
2.28 10.03 -0.42999998 10.31324 -84.22479 0.0
2.35 10.04 -0.39 10.886198 -83.65183 0.57295775
1.6899999 9.92 -0.07 11.459155 -72.19268 0.0
2.3 10.219999 0.089999996 6.3025355 -65.317184 6.8754935
2.6599998 10.23 0.19 2.8647888 -60.160564 15.469859
2.62 10.28 0.39 -0.57295775 -56.14986 11.459155
2.46 10.139999 0.32999998 -4.583662 -54.43099 8.021409
1.5999999 9.95 0.66999996 -15.469859 -56.14986 0.57295775
1.76 9.98 0.98999995 -16.042818 -61.879436 -3.4377468
1.76 9.98 0.98999995 -14.896902 -73.91155 -5.15662
2.26 9.83 0.5 -5.7295775 -80.78705 1.7188734
2.0 10.059999 0.59 -4.0107045 -81.93296 -2.8647888
1.8 10.139999 0.69 -4.583662 -88.2355 -5.7295775
2.1499999 10.01 0.39999998 -2.291831 -96.256905 -5.7295775
2.1599998 10.11 0.48999998 -2.291831 -99.1217 -7.448451
2.05 10.04 0.93 -5.7295775 -102.55944 -10.886198
2.23 9.8 0.84999996 -10.886198 -100.84057 -12.032113
2.02 9.83 0.95 -11.459155 -97.402824 -11.459155
1.93 10.04 1.0699999 -10.886198 -97.402824 -9.167324
1.9499999 10.03 1.05 -8.594366 -100.26762 -8.594366
1.9399999 10.03 1.11 -2.8647888 -106.57015 -9.167324
2.0 10.03 1.18 -5.15662 -107.143105 -11.459155
2.21 10.03 1.0799999 -5.7295775 -105.997185 -12.032113
2.1399999 10.01 1.03 -5.7295775 -97.97578 -10.31324
2.1399999 10.01 1.03 -5.7295775 -97.97578 -10.31324
2.02 9.95 1.3399999 -5.15662 -99.69466 -9.167324
2.12 10.07 0.79999995 0.0 -104.27831 -9.167324
2.0 10.08 0.88 0.0 -101.98649 -10.31324
1.5799999 9.91 1.12 -5.15662 -97.97578 -14.896902
1.5699999 9.889999 1.5699999 -12.032113 -97.97578 -14.323945
1.49 9.889999 1.7099999 -10.886198 -95.68395 -10.886198
1.56 9.969999 1.54 -4.583662 -93.96508 -10.31324
1.67 9.92 1.3 -1.1459155 -92.81916 -10.886198
1.4699999 9.91 1.0699999 0.0 -88.2355 -12.605071
1.17 9.78 0.68 0.0 -88.2355 -14.323945
1.03 9.62 0.84 -4.0107045 -89.38142 -13.750987
1.14 9.7699995 1.3299999 -8.594366 -93.96508 -8.594366
1.23 10.01 1.29 -6.8754935 -94.53803 -8.021409
0.95 9.9 1.51 -6.8754935 -91.67324 -7.448451
0.9 9.96 1.68 -9.167324 -91.10028 -8.021409
1.1899999 10.0 1.9799999 -13.178029 -88.80846 -6.8754935
1.1 9.86 1.9699999 -9.740283 -86.516624 -9.167324
0.74 10.0199995 2.1299999 -3.4377468 -87.089584 -11.459155
0.72999996 10.04 2.1699998 -2.8647888 -86.516624 -10.31324
0.76 9.98 2.27 -4.0107045 -84.22479 -9.167324
0.42999998 9.87 2.52 -6.3025355 -77.922264 -8.594366
0.28 9.79 2.49 -4.0107045 -71.04677 -11.459155
0.59 9.8 1.7099999 4.0107045 -68.75493 -7.448451
0.37 9.67 1.5899999 0.57295775 -64.17127 -9.167324
0.11 9.5 2.0 -9.167324 -57.29578 -12.032113
-0.07 9.45 2.48 -17.761692 -57.868736 -9.740283
-0.45 9.12 2.8999999 -22.91831 -52.712116 -8.021409
-0.37 9.23 3.8 -26.929016 -42.971836 -3.4377468
-0.29 9.38 3.1699998 -17.188732 -33.231552 -1.1459155
-0.22999999 9.4 2.6799998 -6.3025355 -28.64789 0.0
-0.59999996 9.33 1.53 9.167324 -30.939718 -0.57295775
-0.57 9.389999 1.75 4.583662 -34.377464 -0.57295775
-0.41 9.599999 1.77 0.0 -34.950428 2.291831
-0.39 9.69 1.76 -1.7188734 -33.80451 2.8647888
-0.39 9.71 2.08 -5.7295775 -29.220846 2.8647888
-0.19999999 10.04 2.25 -6.3025355 -28.07493 4.583662
0.12 10.16 1.49 -2.8647888 -26.929016 5.15662
-0.19999999 10.07 1.68 -5.7295775 -22.91831 0.0
-0.099999994 10.11 2.21 -9.740283 -21.199438 -2.8647888
-0.099999994 10.13 2.04 -11.459155 -23.49127 -5.15662
-0.62 10.05 2.1599998 -10.886198 -15.469859 -6.8754935
-0.52 10.05 2.45 -11.459155 -13.178029 -5.7295775
-0.17999999 10.03 2.26 -2.8647888 -13.178029 -1.1459155
-0.07 10.0199995 1.89 1.7188734 -12.032113 -1.1459155
-0.14 9.99 1.3399999 5.15662 -8.021409 -1.7188734
-0.03 9.99 1.04 -3.4377468 -5.7295775 -3.4377468
-0.14999999 9.96 1.4 -10.31324 -3.4377468 -5.15662
-0.12 9.929999 1.52 -10.886198 -3.4377468 -5.15662
0.099999994 9.96 1.5 -4.583662 -5.15662 -4.0107045
-0.12 9.9 1.1899999 -0.57295775 -6.8754935 -5.15662
-0.17 9.96 1.37 -3.4377468 -3.4377468 -2.8647888
0.13 10.01 1.41 -1.7188734 -1.7188734 0.0
0.17999999 10.0199995 1.17 0.0 -2.291831 -1.1459155
-0.049999997 9.9 1.0699999 0.57295775 -3.4377468 -4.0107045
-0.04 9.74 1.52 -3.4377468 -2.291831 -6.3025355
-0.089999996 9.599999 1.63 -6.8754935 0.0 -2.8647888
-0.24 9.74 1.52 -1.7188734 4.0107045 0.0
0.13 9.929999 1.31 0.57295775 2.8647888 2.291831
0.51 10.179999 0.84999996 6.8754935 0.0 3.4377468
0.32999998 10.17 0.26999998 8.021409 -0.57295775 0.0
-0.02 9.99 1.22 -8.021409 4.0107045 -4.583662
0.07 9.98 1.39 -9.167324 3.4377468 -3.4377468
0.21 9.969999 1.0699999 0.0 2.291831 0.0
0.13 9.99 0.76 7.448451 -1.1459155 0.0
0.45999998 10.19 0.75 4.583662 -1.7188734 0.0
0.39999998 10.2 0.61 0.57295775 1.7188734 -1.7188734
0.26 10.08 0.69 -2.291831 4.0107045 -3.4377468
0.16 9.98 1.4499999 -6.8754935 1.1459155 -5.15662
0.21 9.95 1.25 0.0 0.57295775 -3.4377468
-0.06 9.63 0.78999996 2.291831 2.8647888 -4.583662
0.14 9.58 0.84999996 1.7188734 3.4377468 -4.0107045
0.28 9.67 0.69 -2.291831 1.7188734 -2.291831
0.01 9.7 0.66999996 -6.8754935 4.0107045 -4.583662
-0.14999999 9.599999 1.27 -14.323945 6.8754935 -6.3025355
-0.099999994 9.63 1.56 -15.469859 3.4377468 -4.583662
0.14999999 9.62 1.42 -6.8754935 0.57295775 -0.57295775
-0.049999997 9.719999 0.88 -2.291831 1.7188734 0.57295775
0.13 9.91 0.89 -1.1459155 4.583662 3.4377468
0.45999998 10.2 1.02 -2.8647888 1.1459155 5.15662
0.32999998 10.17 0.71999997 -1.7188734 0.57295775 2.8647888
0.29 10.12 0.88 -4.0107045 1.1459155 -0.57295775
0.17 10.07 1.35 -8.021409 0.0 -2.291831
0.04 10.07 1.64 -3.4377468 0.57295775 -0.57295775
0.02 10.05 1.5699999 0.0 0.57295775 0.0
0.13 10.13 1.35 2.8647888 0.0 0.0
0.17999999 10.099999 1.1 3.4377468 0.57295775 -0.57295775
0.16 10.08 1.04 2.291831 2.291831 -1.1459155
-0.02 9.969999 1.1 -0.57295775 4.583662 -1.1459155
-0.049999997 9.82 1.1999999 0.0 2.291831 -1.1459155
0.099999994 9.86 1.23 4.0107045 0.57295775 0.0
0.22 10.05 1.0 5.15662 0.0 0.0
0.22999999 10.09 0.55 4.583662 2.291831 0.0
0.21 9.95 0.57 -5.7295775 2.291831 -3.4377468
-0.12 9.83 1.01 -10.31324 1.7188734 -5.15662
-0.22 9.83 1.3199999 -12.605071 1.7188734 -5.7295775
0.07 9.86 1.55 -4.583662 0.0 0.0
