2.063865 9.522031 0.062251143 -4.7694855 5.620265 2.145885
1.9896424 9.538791 0.023942748 -1.304485 4.0102654 1.7608851
1.8459859 9.545974 -0.10055954 1.355515 0.615265 0.150885
1.951334 9.478934 -0.18196489 2.510515 -1.694735 -0.864115
2.0279508 9.507666 -0.20590763 0.340515 -0.084735 1.025885
2.2099156 9.5794935 0.11492519 -3.404485 1.980265 3.0558848
2.3846977 9.617802 0.26337022 -5.854485 0.125265 3.440885
2.3392065 9.58907 0.28013015 -4.699485 -2.184735 1.935885
2.073442 9.545974 0.19633053 -2.389485 -0.259735 -0.33911502
1.8076775 9.562734 0.16520496 -0.919485 2.890265 -1.949115
1.8148603 9.656111 0.29689008 -0.184485 3.660265 -1.774115
2.0255566 9.617802 0.05506832 -0.009485 3.415265 0.045885
2.2027328 9.620196 -0.15083931 1.355515 4.535265 2.845885
2.0590763 9.725544 -0.014365649 1.3905151 6.705265 3.8958852
1.9728824 9.735122 0.24900457 0.445515 6.775265 1.7958851
1.8411974 9.749487 0.18675344 1.215515 4.3602653 -0.724115
1.9321798 9.694419 0.062251143 4.3655148 2.960265 -1.669115
2.0327394 9.586677 0.13168511 5.695515 5.9352655 -1.039115
2.004008 9.57231 0.08619389 2.3005152 13.950265 0.745885
2.2434354 9.586677 -0.18675344 4.8555155 12.165265 1.8658851
2.2697725 9.5483675 -0.2944958 6.815515 8.140265 0.36088502
1.951334 9.450203 -0.6847626 6.885515 8.910265 -3.104115
1.9297855 9.340066 -0.9864412 4.1205153 11.500265 -3.6991153
1.9992194 9.265843 -1.4174107 0.445515 12.970264 -1.669115
1.9752767 9.299363 -2.0494993 -1.304485 12.900266 -1.3541151
1.9321798 9.404712 -2.4948344 -1.9344851 8.560265 -1.949115
2.073442 9.553157 -2.6815877 -6.589485 3.275265 -0.864115
2.4349775 9.771035 -2.7869358 -12.469485 1.175265 1.8308849
2.595394 9.98652 -2.978478 -14.709485 -2.114735 3.440885
2.9114382 10.364816 -3.2514253 -13.029485 -8.099735 2.740885
3.162837 10.45101 -3.816474 -11.069486 -14.154736 0.325885
3.0287576 10.326508 -4.06069 -11.909485 -18.179735 -3.6991153
2.813273 10.0439825 -4.3791285 -13.484485 -19.684734 -8.529115
2.719896 9.96976 -4.4677167 -13.449485 -26.159735 -10.559114
2.8108785 9.895537 -4.336032 -13.274486 -38.934734 -10.804115
2.9090438 9.964972 -4.268992 -12.224484 -52.689735 -10.9791155
3.3064935 10.041589 -4.479688 -9.669485 -63.539734 -11.189116
3.7661943 9.869201 -4.5275736 -7.674485 -73.094734 -11.609115
3.8906965 9.644139 -4.450957 -10.894485 -80.26974 -12.764115
3.632115 9.505271 -4.0822387 -17.054485 -81.03973 -14.234115
3.4094474 10.0200405 -3.5147953 -23.599485 -78.204735 -17.384113
3.5770466 10.190034 -2.8515813 -27.064484 -79.25474 -24.944115
4.6712303 9.680053 -3.5890179 -26.679485 -81.70473 -28.409117
4.913052 8.91149 -4.0104103 -25.244486 -76.90974 -24.734114
3.7207031 8.755863 -3.2250881 -35.954487 -58.70974 -26.309114
2.6935592 8.327288 -1.4581133 -56.63949 -45.02474 -36.004116
3.047912 7.7335076 -0.38547826 -69.23949 -57.064735 -37.964115
3.0957973 7.692805 0.37829542 -66.92949 -80.51473 -23.789116
3.756617 7.6042166 1.515576 -58.494484 -84.119736 -5.554115
4.685596 7.434223 2.3272352 -55.51948 -69.83974 13.380884
5.681614 7.953781 3.5483153 -52.754482 -55.944736 30.425884
6.325674 8.413482 4.9776974 -44.179485 -55.769737 37.005886
6.246663 8.324894 4.9441776 -26.434484 -71.90473 30.950886
6.1748347 8.281796 4.2977233 1.145515 -93.60474 18.945887
6.517216 8.801354 3.172414 27.815516 -101.58474 0.36088502
6.5028505 8.724737 3.294522 9.825516 -89.85974 -14.269115
4.982486 8.274613 3.806897 -19.574486 -64.799736 -38.174114
2.8827069 8.241094 4.517997 -46.314484 -45.479736 -56.199116
1.4365649 8.648121 5.540352 -72.31948 -42.784737 -59.90912
1.3048798 8.686429 7.8891354 -95.48949 -48.209736 -55.324116
0.6249057 8.250671 10.443827 -106.54949 -44.884735 -52.594116
-0.98404694 7.8173075 11.710398 -92.26949 -29.309734 -50.354115
-1.9800652 7.6616793 11.502096 -52.439487 -14.959737 -38.419113
-0.6488485 8.042369 8.363202 3.5605152 -13.244735 -14.969114
-0.8930645 8.842057 5.767808 47.625515 -16.114735 3.1608849
-1.0846065 9.282603 5.1883936 57.180515 -16.674736 7.395885
-0.26337022 9.325701 5.794145 39.680515 -17.059734 10.8958845
0.011971374 9.464568 5.90907 21.900515 -10.024735 13.240885
-0.35435268 9.696813 5.4326096 17.595514 2.645265 9.635885
-0.26337022 9.466963 4.5275736 20.535515 11.465265 5.435885
-0.2753416 9.399923 3.6991546 18.785515 18.220266 3.6858852
-0.39266106 9.4095 3.4166303 11.330515 26.690266 0.010885
-0.51955765 9.27542 3.3687446 3.3505151 33.235268 -2.7541149
-0.14844504 9.498088 3.3112822 1.320515 32.465267 -0.654115
0.16281068 9.615408 2.5570855 5.485515 25.920265 3.440885
0.04070267 9.419077 1.8004947 11.085516 18.465265 2.075885
0.19154198 9.423865 2.0231621 9.300516 16.330265 0.185885
0.53392327 9.526819 2.1117504 3.280515 13.530265 3.0908852
1.0726352 9.596253 2.0854135 1.880515 6.320265 3.860885
1.2617828 9.682447 1.9130256 3.140515 1.9102652 2.320885
1.4533248 9.876384 1.3719195 2.195515 6.180265 0.605885
1.1253091 9.8548355 1.5826156 -3.334485 18.220266 -2.824115
0.7350424 9.57231 2.0087965 -13.414486 30.085266 -8.074115
0.7110996 9.134158 1.8603516 -17.194485 30.400263 -11.679115
0.68236834 9.3280945 1.4533248 -11.979485 24.135263 -9.474115
0.6608198 9.512454 1.2522057 -6.379485 21.230265 -4.574115
0.5985687 9.471751 1.6352897 -3.474485 18.185266 -1.074115
0.7948992 9.447808 1.7526091 -2.564485 9.610266 0.290885
0.66321415 9.498088 1.8651401 -0.39448503 -0.67973506 0.885885
0.7039168 9.457385 2.0399222 1.145515 -2.954735 1.4458851
0.99362403 9.490906 1.8052832 2.1255152 -2.464735 2.880885
1.0558752 9.5794935 1.3024855 4.7155147 -2.2197351 4.3858852
0.76616794 9.725544 1.4221992 4.9605155 1.5602651 3.7558851
0.9529214 9.591465 2.1811843 -3.824485 -1.4497349 -0.864115
1.0319325 9.526819 2.2027328 -2.4244852 -6.1047354 -0.899115
0.7948992 9.531608 2.0231621 0.270515 -3.4797351 -2.614115
0.6081458 9.371192 1.9106313 -0.254485 0.545265 -5.309115
0.26097596 9.431048 2.116539 -2.354485 4.5002646 -5.869115
0.65842557 9.562734 2.3799093 -2.214485 3.590265 -2.6841152
0.9074302 9.617802 1.8340145 2.0205152 -0.084735 -0.269115
0.72546524 9.694419 1.647261 2.790515 3.415265 -1.3191149
0.4860378 9.675264 2.030345 -1.864485 6.740265 -2.9991152
0.6249057 9.624985 2.2865324 -3.3694851 3.800265 -2.229115
0.75659084 9.677659 1.8866886 1.2855151 -1.029735 0.045885
0.6344828 9.675264 1.7741576 3.000515 -1.2747351 0.395885
0.5794145 9.536397 2.2027328 -1.1994851 0.790265 -0.61911505
0.7541966 9.660899 2.2601955 -2.4244852 -0.469735 0.325885
0.93616146 9.73991 1.838803 1.7755151 -4.319735 1.3058851
0.7039168 9.629773 1.8747171 2.8605154 -4.459735 -0.059115
0.30167863 9.569917 2.2721667 -2.179485 1.0702649 -1.459115
0.5889916 9.567522 2.4948344 -4.524485 3.8352652 0.080885
1.0439038 9.73991 1.8411974 0.340515 -0.154735 3.860885
1.0127783 9.615408 1.4509305 6.1155148 -3.4797351 3.8258853
0.5458947 9.514848 1.908237 2.9655151 -0.819735 0.605885
0.5794145 9.553157 2.4062462 -4.104485 3.205265 -1.389115
0.85954463 9.670476 2.2889266 -4.1744847 2.575265 0.500885
0.82123625 9.58907 1.6305012 1.425515 0.055265002 1.8308849
0.4070267 9.481328 1.7981004 4.085515 0.860265 -0.024115
0.4956149 9.3592205 2.2075214 0.620515 2.960265 -1.459115
0.89545876 9.478934 1.9704882 -0.744485 0.055265002 1.340885
1.0534809 9.70639 1.6328955 3.175515 -2.814735 4.6658854
0.83081335 9.718362 1.6831752 4.1205153 -0.819735 3.510885
0.6296943 9.577099 2.0878077 0.41051498 2.015265 0.045885
0.5794145 9.505271 2.1931558 -2.844485 1.8402649 -1.9141148
0.79250497 9.522031 1.8842943 -1.339485 -0.994735 -1.004115
0.71828246 9.526819 1.6807809 2.7205153 -3.409735 1.095885
0.69673395 9.536397 1.9824595 3.875515 -2.849735 1.340885
0.69673395 9.474146 2.1021733 -2.0044851 1.350265 1.340885
0.6081458 9.529214 1.951334 -0.35948503 1.105265 1.6908851
0.5770202 9.557945 1.9896424 1.9855151 -0.784735 2.565885
0.8236305 9.555551 2.0878077 3.805515 -4.809735 4.5258846
