0.51 9.74 -0.53 2.8647888 5.15662 -8.594366
0.03 9.679999 -0.44 0.0 -11.459155 -9.167324
0.41 9.3 -0.22 -0.57295775 -24.064226 -6.8754935
0.66999996 9.3 -0.04 2.291831 -19.480566 -5.15662
0.81 9.34 -0.66999996 10.886198 -10.886198 -1.7188734
1.43 9.83 -3.12 16.042818 -12.605071 2.291831
2.18 9.7699995 -3.52 8.594366 -17.761692 5.15662
2.3999999 9.809999 -3.21 2.8647888 -21.772396 2.291831
2.6599998 9.67 -3.86 10.886198 -25.7831 1.1459155
2.57 9.37 -5.12 19.480566 -28.64789 0.0
2.08 9.059999 -5.6099997 18.907606 -29.220846 -1.7188734
2.1499999 8.91 -5.31 18.334648 -55.576904 4.0107045
2.6699998 8.87 -5.08 23.49127 -75.057465 10.886198
3.0 9.0 -5.38 28.07493 -83.07887 14.323945
3.05 9.36 -5.5899997 25.210142 -93.39212 16.042818
4.21 9.54 -5.33 18.907606 -107.143105 19.480566
2.79 9.22 -3.26 8.021409 -113.44564 10.31324
2.79 9.67 -1.6999999 12.605071 -122.04 15.469859
4.2 10.0 -2.45 33.80451 -136.36395 28.07493
4.5899997 9.99 -4.0899997 45.83662 -139.80171 29.220846
4.25 9.809999 -4.16 33.231552 -135.21803 24.064226
4.2999997 9.82 -2.76 12.605071 -137.50986 21.772396
4.54 9.87 -2.25 1.7188734 -150.6879 21.199438
4.7999997 9.59 -2.6699998 -8.594366 -149.54198 17.761692
4.17 9.2 -1.17 -26.356058 -146.67719 11.459155
3.76 9.15 0.87 -23.49127 -151.8338 12.605071
3.8999999 9.33 1.05 -2.291831 -158.7093 16.042818
3.23 9.03 0.42999998 6.8754935 -156.99043 15.469859
3.1699998 9.49 0.78999996 0.0 -155.84453 19.480566
3.84 9.46 1.0 -6.8754935 -155.27156 22.345354
3.4099998 9.349999 1.62 -15.469859 -150.11493 18.907606
2.6799998 9.12 2.4099998 -19.480566 -142.09354 12.032113
2.56 9.5 1.81 -12.032113 -143.81241 12.605071
3.24 9.46 0.45999998 -15.469859 -144.38536 14.323945
2.49 9.15 1.3399999 -40.680004 -138.08282 5.15662
1.5799999 8.809999 3.76 -53.858032 -139.80171 4.583662
1.09 9.51 5.54 -43.544792 -142.66649 10.31324
1.63 9.99 5.38 -25.210142 -135.79099 17.761692
1.3 10.23 5.38 -19.480566 -126.05072 13.178029
0.41 11.46 7.0299997 -13.750987 -115.16451 12.032113
1.3399999 11.8 6.2799997 -4.583662 -104.85127 12.032113
1.0799999 11.29 4.1 -0.57295775 -80.21409 2.8647888
-0.22999999 10.88 3.6799998 -17.761692 -51.5662 -12.032113
-0.42 10.349999 4.81 -42.398876 -41.25296 -17.761692
-0.65999997 9.679999 5.18 -44.11775 -38.961132 -19.480566
-1.04 9.36 4.48 -23.49127 -32.085636 -19.480566
-1.25 8.96 3.51 -17.761692 -26.356058 -17.761692
-1.74 8.76 3.82 -19.480566 -22.91831 -14.323945
-1.42 8.96 3.98 -14.896902 -19.480566 -7.448451
-0.93 9.099999 3.27 -9.740283 -14.896902 -5.15662
-1.23 8.92 2.6299999 -10.886198 -7.448451 -6.8754935
-1.3299999 9.04 3.23 -16.615776 -5.7295775 -6.8754935
-1.23 9.179999 2.96 -12.605071 -2.291831 -4.0107045
-1.01 9.15 2.51 -4.583662 2.8647888 -0.57295775
-1.04 9.24 2.47 1.1459155 0.0 -1.1459155
-0.59 9.33 2.08 5.15662 0.57295775 1.1459155
-0.65 9.179999 1.6999999 5.7295775 6.8754935 1.7188734
-0.84 9.139999 1.81 5.7295775 7.448451 0.57295775
-0.58 9.36 1.88 12.605071 4.583662 2.291831
-0.68 9.63 0.94 19.480566 6.8754935 1.7188734
-0.85999995 9.9 0.35999998 16.042818 10.31324 2.8647888
-0.76 10.01 0.32999998 12.032113 6.3025355 2.291831
-0.29999998 9.94 0.58 3.4377468 5.7295775 1.7188734
-0.61 9.88 0.42999998 2.8647888 10.886198 -1.7188734
-0.42999998 9.78 0.11 8.021409 8.594366 -1.1459155
-0.58 9.65 -0.24 9.740283 5.7295775 -1.7188734
-0.62 9.79 -0.39 7.448451 6.8754935 -1.7188734
-0.38 9.719999 -0.42999998 2.8647888 4.0107045 -0.57295775
-0.5 9.65 -0.26999998 -4.583662 2.291831 -2.291831
-0.58 9.65 0.21 -7.448451 2.291831 -2.291831
-0.48 9.62 0.35999998 -4.583662 1.7188734 -1.7188734
-0.66999996 9.46 0.19 -1.7188734 2.291831 -2.291831
-0.90999997 9.48 0.32999998 0.57295775 0.0 -0.57295775
-0.35 9.69 -0.07 3.4377468 -2.8647888 1.1459155
-0.53999996 9.78 -0.099999994 0.0 -0.57295775 0.0
-0.59 9.7699995 0.31 -5.7295775 0.0 -1.1459155
-0.55 9.69 0.83 -9.167324 -0.57295775 -1.1459155
-0.78 9.7 0.95 -5.7295775 0.0 -1.1459155
-0.68 9.719999 0.48999998 1.1459155 -0.57295775 -0.57295775
-0.63 9.73 0.26999998 4.0107045 -3.4377468 0.0
-0.64 9.73 0.48999998 0.57295775 -4.583662 0.0
-0.82 9.8 0.57 -2.291831 -1.7188734 0.0
-0.53999996 9.889999 0.78999996 -5.7295775 -1.7188734 0.0
-0.42 9.849999 1.12 -5.15662 -1.7188734 -2.291831
-0.63 9.559999 0.17999999 -2.291831 -1.1459155 -4.583662
-0.81 9.349999 0.32999998 -11.459155 1.1459155 -6.3025355
-0.84 9.36 1.29 -20.053522 -1.1459155 -6.8754935
-0.97999996 9.62 1.8499999 -19.480566 -4.583662 -5.7295775
-0.9 9.88 1.5999999 -13.750987 -4.583662 -2.8647888
-0.79999995 9.87 1.62 -12.605071 -0.57295775 -1.1459155
-0.7 9.94 2.09 -9.740283 5.15662 -2.291831
-0.66999996 9.929999 1.6899999 0.57295775 5.15662 -4.0107045
-0.65999997 9.7 0.91999996 5.7295775 5.15662 -4.583662
-0.96999997 9.469999 0.65999997 3.4377468 5.15662 -4.583662
-1.23 9.46 0.76 1.7188734 4.583662 -2.291831
-0.42999998 9.61 0.7 2.8647888 0.57295775 0.57295775
-0.79999995 9.679999 0.39 4.0107045 2.8647888 -1.7188734
-0.74 9.67 0.45999998 1.1459155 0.0 -2.8647888
-0.62 9.55 0.81 -3.4377468 0.0 -1.7188734
-1.0 9.36 1.03 -3.4377468 2.8647888 -2.291831
-1.0799999 9.469999 0.91999996 0.57295775 0.57295775 -1.7188734
-0.68 9.62 0.63 4.583662 -0.57295775 1.1459155
-0.55 9.63 0.65 2.291831 -1.7188734 0.0
-0.83 9.599999 0.90999997 1.1459155 -1.7188734 -1.7188734
-0.93 9.58 0.83 1.1459155 -3.4377468 -1.1459155
-0.69 9.54 1.04 -1.7188734 -1.1459155 0.0
-0.9 9.37 1.3299999 -2.291831 0.57295775 -1.7188734
-0.79999995 9.48 1.06 5.15662 -1.7188734 1.1459155
-0.71 9.53 0.62 5.7295775 -1.1459155 2.8647888
-0.96999997 9.429999 0.5 0.57295775 1.7188734 1.1459155
-1.05 9.59 1.28 -5.7295775 1.1459155 1.1459155
-0.74 9.83 1.86 -4.0107045 -4.0107045 2.8647888
-0.51 9.889999 1.49 2.8647888 -6.3025355 3.4377468
-0.87 9.849999 0.90999997 4.0107045 0.57295775 -0.57295775
-0.96 9.8 1.02 -2.291831 3.4377468 0.0
-0.65999997 9.84 1.49 -1.7188734 0.57295775 0.0
-0.58 9.83 1.15 3.4377468 0.57295775 -1.7188734
-1.0799999 9.7 0.59999996 3.4377468 2.291831 -3.4377468
-0.82 9.679999 1.51 -1.7188734 0.0 -0.57295775
-0.69 9.8 1.54 -3.4377468 1.1459155 0.0
-0.88 9.74 0.94 4.0107045 3.4377468 -0.57295775
-1.0 9.74 0.76 7.448451 0.0 -1.7188734
-0.78999996 9.8 0.65 6.3025355 -2.8647888 -1.1459155
-0.65 9.809999 0.98999995 0.0 0.57295775 -0.57295775
-0.84999996 9.65 1.11 -2.291831 2.291831 -3.4377468
-1.0699999 9.469999 1.16 0.57295775 0.0 -3.4377468
-0.95 9.53 1.06 2.8647888 -2.8647888 -1.7188734
-0.82 9.57 0.75 0.0 1.7188734 -1.1459155
-1.14 9.5 1.03 -3.4377468 4.0107045 -2.291831
-0.66999996 9.66 1.43 -0.57295775 0.0 -0.57295775
-0.63 9.54 0.84 6.8754935 -0.57295775 -0.57295775
-1.12 9.34 0.53999996 3.4377468 1.1459155 -3.4377468
-1.27 9.349999 0.82 -2.291831 2.291831 -3.4377468
-1.01 9.5199995 1.01 -4.583662 1.1459155 -0.57295775
-0.78999996 9.59 0.96 -2.8647888 -0.57295775 -0.57295775
-0.93 9.45 0.98999995 -6.3025355 0.0 -2.8647888
-1.3 9.389999 1.5899999 -7.448451 0.57295775 -2.291831
-1.12 9.469999 1.7199999 -1.1459155 0.57295775 0.57295775
