0.14 10.04 -1.9499999 8.594366 7.448451 -13.178029
0.07 9.86 -1.92 8.021409 0.0 -11.459155
1.14 9.73 -2.73 1.1459155 -32.085636 1.1459155
2.0 9.95 -3.1799998 -1.7188734 -49.27437 5.7295775
2.36 9.51 -2.6799998 -12.605071 -51.5662 10.31324
1.56 9.679999 -1.9 -28.07493 -19.480566 9.167324
1.37 9.929999 -2.08 -21.772396 -21.199438 -2.291831
1.79 9.82 -2.8899999 -13.750987 -25.7831 -4.0107045
2.6399999 10.05 -3.1399999 -5.15662 -37.815212 -2.291831
2.53 10.03 -3.06 -11.459155 -32.658592 -2.8647888
1.73 9.91 -2.2 -20.62648 -29.220846 -9.740283
2.1699998 10.0199995 -2.5 -17.761692 -31.51268 -9.740283
2.9199998 9.96 -3.61 -8.021409 -38.961132 -6.3025355
2.77 9.73 -4.98 12.605071 -52.712116 -4.0107045
2.33 9.87 -5.85 25.7831 -57.29578 -2.291831
3.83 9.44 -5.71 19.480566 -65.317184 3.4377468
3.99 9.37 -5.65 10.31324 -79.641136 11.459155
3.3799999 9.76 -3.9199998 10.31324 -79.641136 11.459155
4.33 10.28 -3.01 -4.583662 -100.84057 0.57295775
4.33 10.28 -3.01 -10.31324 -115.16451 6.8754935
4.47 10.11 -2.62 -6.8754935 -122.04 8.021409
4.3399997 10.28 -1.4699999 -6.8754935 -124.9048 5.7295775
4.5299997 10.21 -1.5 -6.3025355 -132.92621 0.0
4.5499997 9.96 -1.31 -1.7188734 -139.80171 1.1459155
4.21 9.94 -0.69 0.0 -139.80171 0.0
4.27 9.98 -0.41 -0.57295775 -140.94762 1.1459155
4.62 10.09 -0.35999998 5.15662 -143.81241 4.583662
4.58 9.82 -0.32 9.740283 -144.38536 4.583662
4.3399997 9.88 -0.31 12.605071 -146.10423 3.4377468
4.6 10.13 -0.39 13.178029 -148.96902 1.1459155
4.19 9.83 -0.29999998 12.032113 -148.96902 5.7295775
3.51 10.03 0.61 7.448451 -146.67719 4.0107045
3.99 10.15 1.18 0.0 -143.81241 2.8647888
4.45 10.179999 1.04 -9.167324 -143.81241 6.3025355
3.73 9.95 0.37 -3.4377468 -147.25015 5.7295775
3.3999999 10.059999 0.57 -0.57295775 -140.94762 1.1459155
3.6599998 10.0199995 0.58 -6.8754935 -133.49916 -1.1459155
3.49 9.639999 0.57 -12.032113 -133.49916 0.0
3.1299999 9.349999 1.1 -24.637184 -132.35324 -1.1459155
2.74 9.34 1.76 -44.11775 -128.9155 -6.8754935
3.74 9.73 1.89 -44.11775 -132.35324 -4.583662
3.4399998 9.42 1.79 -34.950428 -126.05072 -5.15662
1.9399999 9.5 2.49 -34.377464 -122.04 -8.594366
1.73 9.91 2.6599998 -42.398876 -116.31043 -16.042818
1.73 9.91 2.6599998 -44.11775 -109.43494 -11.459155
1.99 9.26 2.49 -47.555496 -98.54874 -10.31324
0.81 9.33 4.46 -50.420284 -93.96508 -12.032113
1.16 9.7 4.21 -45.83662 -95.68395 -12.032113
1.42 9.559999 3.56 -19.480566 -88.2355 -5.15662
1.13 9.559999 3.48 0.0 -82.50592 -7.448451
0.38 9.59 3.1 6.3025355 -80.21409 -13.178029
0.62 10.139999 2.6599998 5.15662 -71.04677 -10.31324
1.06 9.57 2.1599998 2.291831 -63.598316 -5.7295775
0.32999998 9.809999 2.47 -3.4377468 -53.858032 0.0
0.34 10.33 2.4299998 -6.8754935 -49.84733 -7.448451
0.71 10.2699995 2.25 -10.886198 -47.555496 -9.167324
-0.07 9.57 2.56 -16.615776 -40.680004 -10.31324
-0.74 9.69 3.37 -16.615776 -40.680004 -10.31324
-0.5 9.91 3.46 -20.62648 -32.658592 -9.740283
0.76 9.679999 2.04 -20.62648 -32.658592 -9.740283
-0.01 9.71 1.42 1.1459155 -26.356058 -2.8647888
-0.47 10.01 1.4699999 4.583662 -23.49127 -6.8754935
0.25 9.78 1.25 1.7188734 -18.334648 -12.032113
-0.06 9.23 1.36 -5.7295775 -17.188732 -8.021409
-0.74 9.19 1.79 -13.178029 -14.323945 -6.3025355
-1.0799999 9.74 2.58 -14.896902 -11.459155 -7.448451
0.84999996 10.21 2.0 -4.583662 -9.740283 6.3025355
0.65 10.54 1.17 2.8647888 -9.167324 12.032113
0.28 10.62 0.84 18.907606 -5.7295775 8.594366
0.29999998 10.309999 0.049999997 24.064226 -1.7188734 -2.8647888
0.35 10.05 -0.14 15.469859 -0.57295775 -2.8647888
-0.07 9.88 0.37 -2.291831 2.8647888 -6.3025355
-0.049999997 10.0 0.78 -2.291831 2.8647888 -6.3025355
0.37 9.98 0.7 -10.886198 -0.57295775 -3.4377468
0.26 9.96 0.45 -8.021409 0.0 -1.7188734
-0.01 9.98 0.5 -0.57295775 0.0 -5.15662
0.049999997 10.01 0.51 -1.7188734 0.0 -5.7295775
0.099999994 9.82 0.25 -2.291831 2.291831 -4.583662
0.02 9.7 0.35999998 -1.1459155 4.0107045 -2.291831
0.11 9.88 0.55 0.0 2.8647888 -2.8647888
0.52 9.9 -0.19999999 4.0107045 0.0 -2.291831
0.28 9.59 -0.31 8.594366 2.8647888 -1.1459155
-0.32999998 9.94 0.79999995 8.594366 2.8647888 -1.1459155
0.14999999 9.96 0.75 -2.291831 5.15662 -0.57295775
0.48 9.74 -0.13 4.0107045 1.7188734 5.15662
-0.049999997 9.929999 0.14999999 12.032113 4.0107045 0.57295775
-0.11 10.11 0.04 9.167324 4.0107045 -0.57295775
0.56 9.98 -0.66999996 9.167324 4.0107045 -0.57295775
0.41 9.94 -0.65999997 8.021409 4.583662 1.7188734
-0.16 9.87 -0.03 4.583662 5.15662 0.0
0.31 10.13 -0.17999999 -2.291831 2.291831 1.1459155
0.58 10.08 -0.53 0.0 2.291831 2.291831
0.04 9.91 -0.48999998 0.0 2.8647888 -1.7188734
-0.17 9.929999 0.099999994 -4.0107045 2.291831 -3.4377468
0.049999997 9.929999 0.24 -6.3025355 1.1459155 -4.0107045
0.14 9.78 -0.22999999 -0.57295775 -0.57295775 0.0
-0.21 9.91 0.02 5.15662 0.0 -1.1459155
0.21 10.08 0.08 5.15662 0.57295775 -1.1459155
0.47 9.9 -0.16 2.8647888 0.0 2.291831
0.25 9.91 -0.22 4.0107045 0.57295775 4.0107045
-0.04 9.94 -0.32 8.021409 -0.57295775 -2.8647888
0.28 10.099999 -0.24 8.021409 -0.57295775 -2.8647888
0.29999998 10.16 -0.22 1.7188734 0.57295775 2.8647888
0.42 10.24 -0.01 -0.57295775 4.0107045 2.8647888
0.5 10.309999 -0.19999999 0.57295775 0.0 0.57295775
0.37 10.08 -0.64 4.583662 2.291831 -0.57295775
0.03 9.98 -0.39999998 5.15662 3.4377468 -3.4377468
0.13 10.05 -0.32 0.57295775 0.0 -4.0107045
0.42 9.99 -0.59 0.57295775 0.0 -0.57295775
0.22999999 9.91 -0.39999998 0.0 1.1459155 -0.57295775
0.13 10.03 -0.049999997 -4.0107045 0.0 -2.291831
0.39 9.94 -0.22 -4.0107045 -0.57295775 -2.291831
0.02 9.7699995 -0.35 -2.8647888 -1.7188734 -0.57295775
-0.16 9.84 0.17 -4.583662 0.0 -2.8647888
0.08 9.78 0.29999998 -6.8754935 1.1459155 -2.8647888
0.44 9.73 0.31 -5.7295775 -0.57295775 1.7188734
-0.21 9.73 -0.17 0.57295775 0.0 0.0
-0.14999999 9.79 -0.08 3.4377468 1.1459155 -1.7188734
0.31 9.889999 -0.089999996 2.8647888 0.0 0.57295775
0.51 10.179999 -0.45 2.8647888 0.0 3.4377468
