-0.45 10.04 -4.91 26.356058 -53.285076 3.4377468
0.03 9.87 -4.31 10.886198 -67.60902 8.594366
0.22 9.99 -3.82 0.57295775 -56.14986 8.021409
0.02 10.309999 -2.61 -5.15662 -41.825916 3.4377468
-0.29999998 10.2699995 -2.54 -4.583662 -38.961132 -2.291831
-0.22 10.059999 -2.3999999 -4.0107045 -48.128452 0.57295775
-0.47 10.24 -1.67 -6.3025355 -48.128452 0.0
-0.17999999 10.32 -1.93 -4.583662 -45.83662 0.0
0.25 10.08 -2.37 -1.7188734 -44.69071 -0.57295775
-0.13 9.74 -2.03 -5.15662 -42.971836 -5.7295775
-0.37 9.389999 -1.9799999 -6.3025355 -39.53409 -9.740283
-0.42999998 9.13 -2.27 -2.291831 -37.815212 -10.886198
-0.85999995 8.849999 -2.59 -4.583662 -39.53409 -10.31324
-0.98999995 8.99 -2.09 -6.3025355 -41.825916 -9.167324
-1.01 8.87 -1.99 -6.8754935 -48.701412 -7.448451
-0.78 9.17 -1.9799999 -5.15662 -51.5662 -1.1459155
-0.35999998 9.61 -1.8 -8.021409 -52.139156 6.8754935
0.21 9.83 -1.13 -15.469859 -48.128452 4.583662
-0.02 9.8 -1.15 -14.323945 -46.98254 1.7188734
-0.26999998 9.84 -0.91999996 -13.750987 -45.263664 0.0
-0.84999996 9.889999 -0.22999999 -10.886198 -41.25296 0.0
-0.63 10.179999 0.099999994 0.0 -41.825916 4.0107045
0.41 9.82 -2.4099998 22.91831 -45.263664 8.594366
0.39 9.69 -3.04 31.51268 -52.712116 6.3025355
0.07 10.01 -2.72 20.053522 -57.29578 5.7295775
-0.28 10.32 -1.77 4.0107045 -60.160564 4.0107045
0.02 10.26 -1.1899999 -1.1459155 -56.72282 9.740283
0.71999997 10.21 -0.76 -3.4377468 -55.576904 13.178029
0.7 10.62 0.02 -1.7188734 -58.441692 6.8754935
0.26999998 10.679999 -0.81 2.8647888 -60.733524 2.8647888
0.11 10.29 -1.3399999 10.886198 -57.29578 0.57295775
0.28 10.3 -1.04 2.8647888 -50.993244 1.1459155
0.099999994 10.51 -0.16 -11.459155 -49.27437 0.57295775
0.0 10.429999 0.02 -13.178029 -49.84733 -0.57295775
-0.16 9.95 0.16 -9.167324 -50.993244 -3.4377468
-0.29 10.11 -0.089999996 -1.1459155 -50.420284 -5.7295775
0.12 10.3 -1.06 5.7295775 -49.84733 -2.291831
-0.25 10.179999 -0.97999996 0.0 -47.555496 -2.291831
-0.7 10.32 0.57 -13.750987 -46.98254 -5.15662
-0.29999998 10.349999 0.51 -7.448451 -49.27437 -5.15662
0.07 10.25 -0.72999996 8.021409 -45.83662 0.0
-0.51 10.24 -0.39999998 8.594366 -40.107044 -5.15662
-0.19999999 10.44 -0.7 13.750987 -52.139156 -6.8754935
-0.06 10.46 -1.13 16.615776 -56.14986 -5.7295775
0.0 10.25 -1.42 9.740283 -50.993244 -6.8754935
-0.72999996 10.07 -0.42 -8.021409 -42.971836 -9.167324
-0.62 10.219999 0.0 -13.178029 -44.11775 -9.167324
-0.66999996 9.82 -0.63 -7.448451 -43.544792 -8.021409
-1.0699999 9.79 -0.26999998 -7.448451 -43.544792 -8.021409
-0.95 10.04 0.55 -10.31324 -39.53409 -10.886198
-0.38 9.96 -0.13 -6.3025355 -45.83662 -6.3025355
-0.47 9.78 -0.59 2.291831 -44.11775 -5.15662
-1.0 9.22 -0.9 1.7188734 -37.815212 -8.021409
-1.48 9.48 -0.049999997 -6.3025355 -36.09634 -9.167324
-0.87 9.76 0.39999998 -15.469859 -33.231552 -4.583662
-0.76 9.719999 -0.64 -10.31324 -32.658592 -1.7188734
-0.81 9.599999 -0.5 -6.3025355 -32.085636 -2.8647888
-1.06 9.61 0.099999994 -1.1459155 -47.555496 -9.740283
-1.13 9.75 -0.51 4.0107045 -46.40958 -8.594366
-1.09 9.71 -0.61 6.3025355 -39.53409 -5.15662
-1.18 9.49 0.04 -0.57295775 -38.38817 -3.4377468
-1.0799999 9.83 0.45999998 0.57295775 -40.680004 -1.7188734
-0.58 10.11 -0.12 15.469859 -42.398876 3.4377468
-0.58 9.9 -1.38 13.750987 -38.961132 2.8647888
-0.69 9.91 -1.1999999 0.0 -34.950428 0.0
-0.71 10.55 -0.32 -12.605071 -37.815212 -0.57295775
-0.31 10.32 -0.26 -14.323945 -37.242256 0.0
-0.35999998 10.12 -0.41 -9.740283 -39.53409 -2.291831
-1.29 10.099999 0.26 -7.448451 -41.25296 -7.448451
-0.96 10.219999 0.41 0.0 -41.825916 -4.583662
-0.56 10.2 -0.96999997 12.605071 -41.825916 0.0
-0.83 9.94 -1.66 11.459155 -39.53409 -2.8647888
-1.03 10.25 -0.37 -4.0107045 -42.398876 -5.7295775
-0.7 10.07 -0.22999999 -5.15662 -48.701412 -4.583662
-0.89 9.99 -0.45 1.1459155 -45.83662 -4.583662
-0.94 9.95 -0.29999998 0.57295775 -46.98254 -5.15662
-0.65 10.37 0.17999999 -1.1459155 -50.993244 -4.0107045
-0.56 10.25 -0.26 0.0 -49.84733 -4.583662
-0.68 10.03 -1.31 6.3025355 -46.98254 -5.7295775
-0.71 9.83 -1.26 4.583662 -46.98254 -8.021409
-0.96999997 9.53 -0.12 -9.740283 -45.83662 -6.8754935
-1.43 9.92 0.65 -16.042818 -49.27437 -6.8754935
-0.84999996 10.01 0.26 -5.15662 -51.5662 -3.4377468
-0.22 9.92 -0.32999998 10.31324 -54.43099 2.8647888
-0.82 10.36 -0.19999999 13.750987 -56.14986 0.0
-0.7 10.16 -0.61 12.605071 -56.72282 -5.7295775
-0.58 9.74 -1.35 13.178029 -55.576904 -2.8647888
-1.04 9.63 -0.65 5.15662 -56.14986 -4.583662
-1.13 9.929999 0.31 -5.7295775 -59.014652 -6.8754935
-0.59999996 9.66 -0.32 0.0 -61.30648 -3.4377468
-0.55 9.639999 -0.53999996 4.0107045 -60.733524 -2.8647888
-1.17 9.63 0.39999998 -3.4377468 -59.58761 -4.583662
-1.25 9.7 0.93 -9.740283 -62.4524 -3.4377468
-1.0699999 10.19 1.1 -2.8647888 -63.598316 0.0
-0.35999998 9.969999 0.049999997 1.1459155 -57.868736 2.8647888
-0.48 9.94 0.84 -9.167324 -56.72282 -3.4377468
-0.81 9.92 1.1899999 -13.750987 -59.014652 -6.8754935
-0.78 9.92 1.75 -15.469859 -57.29578 -8.021409
-1.3 9.53 1.3 -14.896902 -53.858032 -8.021409
-1.7099999 9.309999 1.68 -13.178029 -44.11775 -7.448451
-1.7099999 9.309999 1.68 -13.178029 -44.11775 -7.448451
-0.96999997 10.0 2.8999999 0.57295775 -55.576904 4.583662
-0.48 10.11 1.23 22.91831 -48.128452 6.8754935
-0.48 10.11 1.23 22.91831 -48.128452 6.8754935
-0.94 10.13 2.1299999 2.291831 -39.53409 -4.0107045
-1.04 9.969999 2.4099998 -11.459155 -34.377464 -6.3025355
-1.38 9.639999 2.56 -12.605071 -24.064226 -7.448451
-1.5 9.5 2.87 -5.7295775 -31.51268 -7.448451
-1.51 9.69 2.99 -2.291831 -32.658592 -6.3025355
-1.48 9.75 2.32 4.0107045 -28.64789 -5.15662
-1.16 9.639999 1.87 0.57295775 -19.480566 -2.8647888
-1.28 9.69 2.59 -13.178029 -10.886198 -5.15662
-1.63 9.46 2.47 -12.032113 -10.886198 -6.3025355
-1.63 9.42 2.55 -11.459155 -10.886198 -5.7295775
-1.5999999 9.53 2.78 -10.886198 -10.886198 -4.0107045
-1.4499999 9.7 2.83 -9.740283 -8.594366 -1.1459155
-1.4 9.5199995 2.25 0.0 -1.1459155 0.57295775
-1.27 9.76 1.9399999 0.57295775 -4.583662 -1.1459155
-1.23 9.78 1.86 -0.57295775 -2.291831 0.57295775
-1.0799999 9.889999 1.9 -1.1459155 0.0 0.57295775
-0.79999995 9.929999 1.73 0.0 1.7188734 0.0
-1.14 10.09 1.2099999 1.7188734 1.7188734 -5.15662
-1.28 9.79 0.93 -1.7188734 2.291831 -5.7295775
-1.8 9.65 1.62 -10.886198 3.4377468 -6.3025355
-1.6899999 9.73 2.35 -14.896902 2.8647888 -2.8647888
-1.25 9.679999 1.9799999 -4.583662 1.1459155 2.8647888
-1.09 9.69 1.3399999 5.7295775 4.0107045 5.15662
-1.25 9.95 1.1999999 6.3025355 2.8647888 2.8647888
-0.96999997 9.88 1.05 4.0107045 1.7188734 4.0107045
-1.03 9.639999 0.74 4.0107045 2.8647888 4.0107045
-1.53 9.66 0.93 -1.1459155 2.291831 0.57295775
-1.39 9.96 1.5799999 -4.583662 1.7188734 1.1459155
-0.74 9.86 1.4399999 -5.15662 4.583662 6.3025355
-0.93 9.9 1.22 0.0 4.583662 8.021409
-1.11 9.98 0.79999995 4.0107045 2.291831 1.1459155
-1.16 9.73 0.48 2.8647888 7.448451 3.4377468
-1.17 9.94 0.91999996 0.0 8.021409 3.4377468
-0.74 9.96 1.04 -1.1459155 -0.57295775 4.583662
-0.78999996 10.13 1.04 0.0 0.0 4.0107045
-1.11 10.03 0.94 0.57295775 5.15662 1.1459155
-1.25 10.07 1.0699999 -0.57295775 5.15662 0.57295775
-1.0799999 10.16 1.24 0.0 4.0107045 2.291831
-0.78 10.11 0.89 5.7295775 1.7188734 2.8647888
-0.69 10.099999 0.52 3.4377468 1.1459155 -2.291831
-0.94 9.86 0.45 -5.15662 5.7295775 -4.583662
-1.1 9.719999 0.52 -10.31324 8.594366 -5.15662
-1.4399999 9.69 0.83 -17.761692 11.459155 -3.4377468
-1.28 9.8 1.64 -18.907606 7.448451 -1.1459155
-1.01 9.99 1.7099999 -15.469859 4.0107045 0.0
-1.26 9.9 1.35 -5.15662 4.583662 -1.1459155
-1.22 9.86 1.76 -6.3025355 2.8647888 -1.7188734
-1.2099999 9.88 1.87 -2.8647888 1.7188734 -0.57295775
-1.13 9.92 1.0699999 4.583662 5.15662 0.0
-1.14 9.7699995 0.59 5.15662 6.8754935 0.0
-1.12 9.75 1.05 -2.8647888 5.7295775 -0.57295775
-1.3299999 9.719999 1.4499999 -5.7295775 2.291831 -1.7188734
-1.41 9.599999 1.31 -1.7188734 0.0 -1.1459155
-1.4399999 9.639999 1.16 4.0107045 0.0 0.0
-1.0699999 9.87 1.51 2.8647888 -0.57295775 2.8647888
-0.74 10.09 1.25 5.15662 1.1459155 5.15662
-0.84999996 9.98 0.65999997 7.448451 6.3025355 2.291831
-0.9 9.99 0.97999996 4.583662 5.15662 0.0
-1.04 9.849999 0.89 0.0 -1.7188734 -1.7188734
-1.35 9.8 0.82 0.0 0.0 -1.7188734
-1.18 9.7699995 1.18 -2.291831 3.4377468 -0.57295775
-0.64 9.83 1.63 -6.3025355 2.291831 2.291831
-0.84999996 10.08 1.7199999 -2.8647888 0.0 0.57295775
-1.04 9.98 0.78 2.8647888 2.291831 -2.291831
-1.2099999 9.87 0.58 2.8647888 5.15662 -4.583662
-1.43 9.78 1.41 -10.31324 8.594366 -7.448451
-1.39 9.76 1.86 -16.615776 9.740283 -2.8647888
-1.4 9.76 1.86 -14.323945 7.448451 -1.1459155
-1.16 9.91 1.4 0.0 0.0 0.0
