2.2147043 9.47654 -0.7709565 6.849465 -7.04781 10.256155
1.7071179 9.488511 0.12450229 -9.040536 -1.86781 7.5611553
1.7023294 9.474146 0.15802214 -14.430535 3.1371899 5.0061545
1.9944309 9.462174 0.05027977 -8.515535 0.33719 5.9161553
2.1285102 9.512454 -0.27294734 -2.390535 -1.5528101 5.636155
2.0902019 9.555551 -0.3304099 0.689465 -0.88781005 4.201155
2.2147043 9.708784 -0.28970724 -0.395535 0.54719 3.8161552
2.473286 9.569917 -0.47885495 -2.5305352 2.05219 4.446155
2.4373717 9.5794935 -0.4668836 -4.140535 3.9421902 3.536155
2.4206119 9.60583 -0.48124924 -4.910535 4.50219 1.786155
2.1979442 9.608225 -0.5147691 -4.560535 3.3121898 0.281155
2.2314641 9.581888 -0.70631105 -3.685535 5.27219 -1.678845
2.5211713 9.632168 -1.0223553 -1.3055351 5.41219 -1.783845
2.971295 9.536397 -1.5179702 1.5644649 2.50719 0.141155
2.9521408 9.364009 -1.8148603 2.999465 2.05219 1.156155
3.2610023 9.342461 -2.3032923 2.229465 4.04719 0.701155
3.1053743 9.653716 -2.9425638 2.0194652 4.78219 0.631155
2.770176 9.883567 -3.1412885 3.104465 4.32719 -0.383845
2.7917244 9.80695 -3.6177492 2.4744651 5.09719 -2.5538452
3.15326 9.680053 -4.582642 4.679465 1.94719 -4.478845
3.5411325 9.481328 -5.0160055 9.684465 -9.81281 -6.1938453
3.1867797 9.512454 -4.4749 -12.400535 -30.112812 -11.863845
2.901861 9.577099 -3.031152 -30.425535 -31.54781 -14.103846
3.275368 9.651321 -2.5929997 -32.700535 -42.362812 -13.193845
3.4908526 9.608225 -2.569057 -27.590536 -51.04281 -14.208845
3.7207031 9.581888 -2.360755 -25.035534 -54.64781 -16.973845
3.756617 9.517242 -1.8411974 -25.840534 -61.262814 -20.893845
3.1484714 9.234718 -1.594587 -27.310535 -63.18781 -27.963844
3.0024207 9.035994 -1.0774237 -27.695534 -68.437805 -31.953844
2.796513 9.301758 -0.5770202 -30.285538 -79.11281 -30.588844
2.7127132 9.28021 -0.11253092 -34.41554 -78.93781 -26.878845
2.6959534 9.215564 0.37590113 -39.210537 -74.10781 -21.453846
2.9401696 9.261055 0.98404694 -39.455536 -82.682816 -14.978846
3.0335462 9.225141 1.4293821 -36.620537 -96.22781 -12.773846
2.8970726 9.380769 1.8699286 -33.715534 -96.33281 -14.873845
2.5283542 9.318518 2.4852571 -32.140537 -89.71781 -18.058846
1.89866 9.45978 2.7342618 -28.045536 -84.292816 -18.758846
2.1117504 9.754275 2.430189 -15.830534 -87.092804 -14.138845
3.2801564 9.897932 1.9297855 -4.980535 -94.96781 -5.248845
3.1939626 9.715967 2.4254005 -6.5555353 -94.65281 0.281155
1.5850099 9.229929 4.5060253 -21.185535 -79.18281 -4.058845
0.64166564 9.136553 4.494054 -27.380537 -61.822807 -8.853846
1.7047237 9.435837 4.0726614 -9.705535 -55.80281 -3.9888449
2.3751206 9.318518 4.6688356 5.1344647 -57.902805 8.016155
1.541913 9.024022 5.2314906 5.4844646 -56.50281 9.696156
1.1875603 8.609812 5.1285367 7.479465 -47.96281 4.831155
1.4772675 9.158101 4.450957 21.584465 -39.56281 5.216155
1.6281068 9.431048 4.0319586 34.534466 -41.452812 8.191155
1.611347 9.186832 3.8236568 34.114468 -42.60781 5.9511547
0.8475733 8.978531 3.4477558 21.374466 -27.277811 2.346155
0.3998439 9.026416 2.6935592 9.229465 -2.46281 -1.8538449
0.47885495 9.371192 2.5570855 3.419465 8.94719 -3.323845
0.7996878 9.39274 2.9329867 -3.020535 3.87219 -1.118845
0.7302538 9.2419 3.5602865 -11.945536 -7.8178105 0.0011550001
0.6296943 9.138947 3.213117 -18.070536 -9.9178095 -0.873845
0.56265455 9.457385 2.700742 -13.870535 -0.99280995 -0.24384499
0.6105401 9.601042 2.3775148 -8.340534 4.64219 1.541155
0.88109314 9.510059 2.2194927 -6.205535 2.47219 1.366155
0.6081458 9.780613 2.466103 -8.095535 0.26719 1.2611549
1.0486923 9.929058 2.5714512 -11.490535 2.89219 -0.313845
1.5347302 9.976943 2.2003386 -6.205535 0.33719 0.35115498
1.0917894 9.945818 1.525153 -3.720535 2.9621902 -4.023845
0.7446195 9.802161 1.7143008 -8.900535 9.85719 -8.083845
0.68236834 9.7135725 2.152453 -13.135534 11.53719 -7.243845
0.90024734 9.603436 2.0878077 -8.900535 8.73719 -3.183845
1.0510867 9.603436 1.5586729 0.689465 3.7321904 0.59615505
1.0678465 9.8548355 1.2186859 7.2344656 4.25719 2.696155
1.5179702 9.883567 0.9433443 9.544464 4.74719 5.0061545
1.5730386 9.866806 0.7829279 9.509466 1.14219 4.761155
1.3479767 9.804555 0.75180227 6.219465 2.50719 1.6111549
1.3000913 9.730332 1.0127783 0.689465 6.5671897 -0.523845
1.3192455 9.668081 1.3288225 -2.915535 5.79719 -1.5388451
1.2162915 9.660899 1.2498114 -2.495535 3.45219 -1.923845
1.3455825 9.680053 0.7781393 1.774465 2.3671901 -0.24384499
1.4485363 9.703996 0.72546524 5.274465 0.58219004 1.2961551
1.5467016 9.550762 0.95531565 3.8044653 -0.50281 1.5061551
1.4150164 9.591465 0.9122187 1.214465 2.47219 1.226155
1.5371244 9.694419 0.66321415 2.1944652 5.90219 1.226155
1.690358 9.696813 0.32801566 4.679465 4.78219 1.786155
1.446142 9.670476 0.61293435 3.384465 0.89719 0.176155
1.3168511 9.577099 0.8930645 -1.5855349 0.40719 -2.413845
1.6496553 9.708784 0.7853221 -2.600535 2.01719 -2.098845
1.7669748 9.771035 0.33519846 2.299465 -2.04281 -0.558845
1.4174107 9.816526 0.35435268 5.3794646 -7.3278103 -2.798845
1.3072741 9.785401 0.65124273 0.549465 -4.7378097 -5.808845
1.2522057 9.581888 0.9122187 -5.3655353 0.09219 -5.458845
1.0510867 9.584282 1.0199611 -7.3605356 3.90719 -4.4438453
1.1540405 9.601042 1.0247496 -5.715535 5.2021894 -3.148845
1.3000913 9.675264 0.7350424 -1.4455351 1.7021899 -0.663845
1.3551595 9.668081 0.61293435 2.544465 -3.9678102 0.66615504
1.2234744 9.644139 0.6656084 2.124465 -5.7878103 0.526155
1.2234744 9.584282 1.1157321 -2.495535 -1.1678101 -0.628845
1.3288225 9.557945 1.2905141 -7.605535 2.78719 -0.733845
1.1468576 9.701602 0.9601042 -7.115535 1.63219 -0.103845
1.0798179 9.646533 0.9577099 -1.725535 -2.28781 -0.978845
1.1348863 9.5794935 1.0678465 0.094464995 -2.56781 -1.923845
1.2522057 9.663293 0.90503585 -1.9005349 -1.0278101 0.211155
1.5897985 9.842864 1.0462981 -3.020535 -0.117809996 0.141155
1.3934679 9.70639 1.1660118 -5.470535 -0.32781002 -3.848845
0.90982443 9.507666 1.2450229 -5.820535 1.1071901 -8.328845
0.51716334 9.502876 1.2138973 -3.650535 1.73719 -7.733845
0.6560313 9.526819 1.2498114 0.234465 -2.3928099 -2.763845
1.1205206 9.708784 1.3264283 3.139465 -6.66281 2.7311552
1.4533248 9.862018 1.0726352 5.869465 -7.6078105 5.4961553
1.5275474 9.871595 0.91700727 6.569465 -6.48781 4.5511546
1.3982565 9.905115 0.9792584 2.404465 -0.81781006 2.4511552
1.2905141 9.771035 1.0462981 -1.760535 4.32719 0.071155
1.2043202 9.7135725 1.0798179 -2.9855351 4.71219 -1.5738449
1.0798179 9.624985 1.0510867 -2.390535 3.76719 -2.028845
1.0199611 9.584282 1.1468576 -1.690535 2.85719 -1.013845
1.1133378 9.617802 0.9696813 -0.395535 1.28219 0.561155
1.2426286 9.73991 0.9385557 0.689465 1.0371901 2.171155
