0.5411061 9.926663 0.40223816 0.523915 -4.232655 -1.4674801
0.22266756 9.502876 0.5506832 -2.031085 -0.522655 -3.9174802
0.5818088 9.598648 0.72785956 -4.586085 3.4323452 -0.10248
0.88109314 9.852441 0.50758624 -2.871085 4.412345 5.4275203
0.8834874 9.945818 0.26097596 2.553915 1.087345 6.6525197
0.9241901 9.876384 0.36871833 4.9689155 -1.047655 4.02752
0.84278476 9.814133 0.37829542 2.553915 -0.522655 0.73752
0.68236834 9.660899 0.4836435 0.383915 1.6473451 -1.71248
0.43096948 9.7135725 0.5985687 -1.0860851 2.662345 -3.1124802
0.48124924 9.72315 0.6847626 -1.541085 3.187345 -3.5324802
0.7948992 9.646533 0.54350036 -0.806085 1.4023451 -2.06248
0.7805336 9.668081 0.47885495 -0.001085 1.6823449 0.00252
0.57462597 9.617802 0.7398309 -0.351085 4.377345 0.59752005
0.5650489 9.603436 0.7589851 -0.771085 4.6573453 -1.11748
0.6057515 9.555551 0.6847626 0.663915 3.712345 -1.08248
0.6249057 9.601042 0.6703969 2.308915 4.2373447 0.66752
0.70870537 9.591465 0.7853221 2.763915 5.357345 1.4725201
0.6440599 9.603436 1.0151725 2.273915 5.287345 2.3825197
0.4764607 9.703996 0.9696813 5.248915 3.012345 1.57752
0.6464542 9.93624 0.5865973 7.488915 3.187345 2.8025198
0.9026416 9.93624 0.43575802 3.9539149 6.127345 4.48252
0.9816527 9.873989 0.42618093 -3.186085 10.712346 3.2925203
0.9241901 9.708784 0.38308397 -8.331085 14.492345 0.59752005
0.81644773 9.687236 0.16759923 -9.206085 16.767345 -0.76748
0.9194015 9.668081 -0.20351335 -7.526085 18.412346 0.21252
0.96489275 9.768641 -0.7134939 -6.511085 18.692347 2.10252
1.3264283 9.897932 -1.1516461 -7.7710853 20.547346 4.7625203
1.5323359 10.024829 -1.5802214 -11.936085 24.047346 7.2825203
1.5897985 10.146936 -1.8268317 -16.346087 27.092344 5.84752
1.5227587 10.348056 -2.0231621 -16.556086 24.642345 1.89252
1.6712039 10.76466 -2.52596 -10.641085 20.232346 -0.52248
2.0064023 11.092675 -3.7446458 -1.8210851 16.907345 -0.73248005
2.1740015 10.984933 -4.4988422 3.7089152 12.497346 -3.46248
2.2338583 10.534809 -4.982486 2.448915 7.352345 -9.55248
1.7406378 10.63058 -4.8938975 -5.076085 0.387345 -16.202478
1.6233183 10.585089 -4.6305275 -13.476086 -6.577655 -19.877481
1.6496553 10.35045 -4.35758 -18.166086 -17.042656 -19.59748
1.462902 10.415095 -3.677606 -17.606085 -28.312656 -18.65248
1.9489397 10.427067 -3.2610023 -14.386085 -39.757652 -18.96748
2.770176 10.326508 -2.9210153 -11.341085 -54.037655 -16.65748
3.0287576 10.008069 -2.80609 -7.4560857 -60.02266 -9.23748
2.3368123 9.862018 -2.9329867 4.4789147 -57.922653 -10.49748
2.0614705 10.065532 -3.3136764 25.233915 -64.502655 -19.142479
2.4972286 10.067925 -3.806897 41.543915 -85.74766 -18.79248
2.9808722 9.926663 -3.493247 41.893913 -106.57265 -12.0024805
3.0766432 9.684841 -2.2147043 22.958916 -112.45265 -6.89248
2.135693 9.500483 -0.52674043 -3.291085 -104.85766 -3.46248
2.030345 9.148524 0.39505535 -18.901085 -94.60265 0.91252
2.9617178 8.810931 1.1899546 -20.091085 -91.06766 12.18252
3.8092911 8.74868 2.2961094 -14.946085 -91.557655 28.56252
3.4262073 9.203592 2.5762396 -4.201085 -96.84265 34.79252
3.6177492 10.371999 2.4421604 15.3639145 -109.197655 29.57752
5.499649 9.955395 2.545114 36.643913 -126.27766 34.022522
5.9114647 8.834874 2.6121538 46.373913 -148.95766 47.14752
6.1293435 8.676852 3.3759274 42.208916 -155.29266 44.417522
3.6871831 9.423865 4.0199876 32.058918 -134.29266 19.147522
2.2338583 10.285805 3.1580484 29.118917 -104.15766 -32.61748
2.5834224 9.708784 2.719896 15.013915 -75.072655 -25.82748
1.541913 9.411894 3.0742488 -13.861085 -47.94766 -24.39248
0.9313729 9.155706 4.189981 -42.701084 -26.247656 -30.41248
0.97446984 9.050359 4.786155 -61.566082 -8.677655 -27.22748
0.89067024 9.141341 5.2578273 -64.85609 7.2823453 -21.62748
0.22266756 8.968953 5.681614 -53.411087 10.537345 -25.86248
-1.0870007 9.284998 5.4709177 -28.386087 0.9473451 -31.742481
-0.6943397 9.27542 4.618556 -4.0960855 -7.277655 -28.10248
-1.089395 9.301758 4.048719 7.2789145 -1.3976551 -19.072481
-1.4652961 9.574705 4.1851926 6.018915 4.027345 -15.67748
-0.679974 9.684841 3.981679 4.8289146 4.4823456 -9.27248
-0.67279124 9.8237095 2.9473522 11.478915 5.497345 -1.9924802
-1.158829 9.787795 1.977671 18.793915 8.577345 -2.8674798
-0.74701375 9.593859 2.0255566 15.608915 8.297345 -5.59748
-0.67279124 9.672871 2.4014575 3.2889152 8.437345 -5.52748
-1.1396748 9.732727 2.0614705 -3.676085 14.492345 -8.18748
-1.1157321 9.4142885 1.3862851 -1.016085 16.102345 -9.23748
-1.1420691 9.629773 0.9816527 3.148915 12.077346 -5.03748
-0.8044763 9.754275 1.0606637 4.1289153 6.9323454 -0.80248
-0.45491222 9.749487 1.0989721 2.588915 -1.117655 3.0475202
-0.34477556 9.749487 0.9122187 3.148915 -5.2476554 5.5675197
-0.33519846 10.041589 0.7110996 5.388915 -3.602655 6.23252
0.14365649 10.106234 0.5243462 6.963915 -3.042655 7.07252
0.21069619 10.039194 0.3519584 8.468916 -6.297655 5.91752
0.057462595 9.862018 0.19393626 8.923915 -7.8726544 1.2625201
-0.21548474 9.821315 0.28970724 5.458915 -5.632655 -2.9374802
-0.20111908 9.675264 0.38547826 0.453915 -1.572655 -4.02248
-0.038308397 9.620196 0.38547826 -0.841085 -1.257655 -2.69248
-0.11013664 9.529214 -0.083799616 2.588915 -2.9026551 -0.9774801
-0.14605077 9.682447 -0.24182175 6.333915 -2.517655 0.10752001
0.12210801 9.8237095 -0.117319465 6.578915 0.31734502 2.41752
0.2657645 9.8548355 -0.28970724 5.703915 -2.447655 5.35752
0.2561874 9.809344 -0.33759275 5.598915 -6.822655 5.0075197
0.14605077 9.873989 -0.22985038 2.343915 -6.227655 1.4375199
0.04070267 9.926663 0.038308397 -4.0960855 -1.467655 -2.16748
0.06943397 9.8237095 0.47167215 -10.431086 3.187345 -3.5324802
-0.14844504 9.766247 0.37111259 -12.951085 2.837345 -4.4074802
-0.2657645 9.70639 0.098165266 -8.786085 1.9623449 -6.3674803
-0.19633053 9.785401 0.15083931 -2.906085 0.66734505 -3.04248
-0.11492519 9.72315 0.45491222 -3.8510847 0.877345 -0.41748002
-0.18435916 9.893144 0.3304099 -1.436085 1.6473451 1.4025201
0.05027977 9.873989 0.09577099 4.268915 0.45734504 3.57252
0.26337022 10.0200405 -0.09577099 7.628915 -2.937655 4.30752
0.2753416 9.972155 -0.15802214 6.3689156 -4.302655 1.6125201
0.07901107 9.938635 -0.06464542 0.803915 -0.522655 -2.76248
-0.071828246 9.816526 0.16520496 -4.621085 3.6773448 -4.68748
-0.24900457 9.735122 0.3615355 -5.741085 3.362345 -4.68748
-0.18196489 9.763853 0.31604427 -2.836085 1.157345 -3.63748
-0.038308397 9.818921 0.15802214 1.083915 0.91234505 -1.15248
0.15562786 9.950606 -0.105348095 3.7089152 2.032345 1.15752
0.06464542 9.957788 -0.19393626 4.1989145 1.297345 1.6825202
-0.04070267 9.909904 0.026337024 1.5039151 2.1723452 0.24752
0.021548472 9.943423 0.21548474 -1.331085 3.502345 0.24752
0.15323359 9.979338 0.08858817 0.103915006 2.1723452 1.4025201
0.22745611 10.00328 -0.11492519 4.408915 0.107345 1.29752
0.09577099 9.938635 -0.2466103 5.773915 -0.697655 -0.52248
0.031125572 9.876384 -0.12929083 2.868915 2.032345 -2.44748
0.07422252 9.787795 0.023942748 -0.701085 3.362345 -2.79748
-0.023942748 9.711179 0.019154198 -1.051085 1.262345 -2.8674798
-0.20351335 9.627379 -0.08619389 -0.001085 0.52734506 -4.4074802
-0.28013015 9.57231 -0.0047885496 -0.49108505 2.207345 -4.79248
-0.1699935 9.613013 0.07901107 -1.436085 3.362345 -2.5174801
-0.05985687 9.725544 0.0 -0.106085 2.137345 -0.10248
-0.026337024 9.866806 -0.20111908 1.7489151 1.262345 1.50752
-0.04070267 9.821315 -0.22266756 2.378915 1.6823449 1.4025201
-0.026337024 9.761458 0.014365649 0.383915 1.5423449 -0.06748
-0.12929083 9.708784 0.16041641 -2.976085 1.157345 -1.25748
-0.21787901 9.694419 0.12450229 -4.5510855 2.977345 -1.3274801
-0.15323359 9.77343 0.11013664 -3.711085 5.287345 -0.62748003
0.08140534 9.926663 -0.009577099 -2.4510849 5.5323453 1.19252
-0.019154198 9.905115 -0.2083019 -0.631085 4.097345 1.8225201
-0.17957062 9.749487 -0.014365649 0.698915 1.612345 -1.22248
-0.35914123 9.538791 0.4668836 -2.066085 0.66734505 -4.8274803
-0.44294083 9.58907 0.6368771 -7.4560857 2.977345 -5.31748
