1.0699999 10.24 -1.66 18.334648 -16.042818 7.448451
1.3299999 9.86 -1.29 6.3025355 -33.80451 2.291831
1.48 9.96 -0.55 -2.8647888 -53.285076 0.0
1.6999999 9.91 -0.78 0.57295775 -55.00395 0.57295775
1.4699999 9.99 -1.64 15.469859 -47.555496 -2.291831
1.27 10.09 -1.6899999 15.469859 -36.09634 -3.4377468
1.4599999 10.219999 -1.64 13.178029 -37.242256 -2.291831
1.55 10.309999 -1.8399999 10.886198 -44.11775 -1.7188734
1.64 10.4 -1.7099999 9.167324 -46.40958 -1.7188734
1.5 10.59 -1.4 7.448451 -47.555496 -3.4377468
1.79 10.7699995 -1.26 6.8754935 -51.5662 -5.15662
1.92 10.76 -1.41 6.3025355 -56.14986 -6.3025355
1.4499999 10.41 -1.4499999 3.4377468 -55.576904 -8.021409
1.37 10.45 -0.84 -2.291831 -49.84733 -9.167324
1.9399999 10.51 -1.13 6.3025355 -65.890144 -4.0107045
2.12 10.53 -1.1999999 12.605071 -73.33859 -4.583662
2.06 10.38 -1.4 12.032113 -76.203384 -8.021409
1.8299999 10.04 -0.96999997 4.583662 -79.06818 -10.886198
1.8299999 10.04 -0.96999997 0.0 -81.36001 -12.032113
1.67 10.09 -0.69 2.291831 -81.93296 -15.469859
1.7199999 9.83 -0.74 5.7295775 -89.95437 -7.448451
2.0 10.21 -0.78999996 10.886198 -91.67324 -5.15662
2.4199998 10.099999 -1.67 11.459155 -96.256905 -6.8754935
2.3999999 9.88 -1.87 6.8754935 -95.68395 -8.021409
1.8499999 9.51 -1.39 0.0 -95.11099 -9.740283
2.01 9.42 -0.19 -10.886198 -99.69466 -10.31324
2.1499999 9.86 0.75 -20.053522 -95.68395 -16.615776
2.26 9.5199995 0.14999999 7.448451 -114.59156 -13.750987
2.3 9.13 -0.089999996 16.042818 -123.18592 -8.594366
1.87 9.78 0.52 21.772396 -122.61296 0.0
2.36 10.349999 0.0 27.501974 -123.75887 8.594366
2.3799999 10.41 -0.74 29.220846 -127.19663 11.459155
2.54 10.95 0.07 15.469859 -122.04 9.167324
2.6299999 11.12 0.26 8.594366 -122.04 6.8754935
3.1 10.86 0.04 0.57295775 -124.9048 4.0107045
2.6599998 10.03 0.11 -10.31324 -114.0186 -9.740283
2.09 10.04 1.01 -18.334648 -110.0079 -11.459155
2.1699998 9.95 0.88 -16.615776 -111.15381 -10.31324
2.24 9.91 0.57 -9.740283 -115.73747 -7.448451
2.1499999 10.01 0.81 -9.167324 -112.29972 -8.594366
2.1 9.849999 0.58 -4.583662 -118.029305 -10.886198
2.3999999 9.76 0.14 -3.4377468 -119.17522 -12.032113
2.32 9.79 0.0 -3.4377468 -119.17522 -11.459155
2.3799999 9.7 -0.47 -7.448451 -116.883385 -11.459155
2.6699998 10.37 0.88 -32.085636 -113.44564 -4.583662
2.53 10.429999 1.14 -42.971836 -118.029305 -8.594366
1.9 10.2699995 1.9399999 -48.701412 -115.16451 -14.896902
1.81 10.36 2.53 -51.5662 -111.72677 -16.615776
2.04 9.96 2.9399998 -44.11775 -120.32113 -18.907606
1.4699999 9.4 3.1299999 -33.231552 -120.32113 -23.49127
1.25 9.809999 3.55 -13.178029 -109.43494 -22.345354
1.38 9.79 3.28 -4.583662 -111.15381 -18.907606
1.4399999 9.7699995 2.8999999 2.8647888 -111.15381 -16.615776
1.22 9.639999 2.1699998 12.032113 -100.26762 -17.761692
1.17 9.78 2.44 4.583662 -93.96508 -19.480566
1.56 9.599999 2.23 -3.4377468 -88.80846 -19.480566
0.98999995 9.25 2.4299998 -15.469859 -80.78705 -28.64789
0.56 9.2699995 3.4299998 -19.480566 -81.36001 -29.793804
0.55 9.37 3.75 -21.199438 -81.93296 -28.07493
0.17999999 9.05 3.51 -14.323945 -80.78705 -22.91831
0.17999999 8.92 4.13 -5.15662 -70.47381 -18.907606
0.25 8.96 4.11 -2.291831 -72.19268 -17.188732
0.07 9.0 3.4199998 6.8754935 -67.03606 -4.0107045
-0.01 8.99 2.96 6.8754935 -67.03606 -4.0107045
-0.17999999 9.19 3.25 0.0 -53.285076 0.0
-0.01 9.3 3.75 -16.042818 -40.107044 0.57295775
0.19 9.179999 3.73 -13.750987 -35.523384 0.57295775
-0.07 9.46 3.1999998 -4.583662 -34.377464 -3.4377468
-0.5 9.48 2.53 0.0 -38.38817 -9.167324
-0.59 9.37 2.57 -2.8647888 -34.377464 -8.594366
-0.55 9.62 3.3999999 -14.896902 -23.49127 -3.4377468
-0.39 9.809999 3.35 -14.323945 -21.199438 -1.1459155
-0.45 9.82 3.22 -6.3025355 -17.188732 -2.8647888
-0.53999996 9.889999 3.22 -1.7188734 -18.907606 -5.15662
-0.26 9.969999 2.53 6.8754935 -23.49127 -5.15662
-0.45 9.7699995 2.26 1.7188734 -16.042818 -7.448451
-0.42 9.71 2.48 -1.7188734 -14.896902 -7.448451
-0.28 9.55 2.6699998 -3.4377468 -13.750987 -7.448451
-0.42 9.809999 2.54 -4.583662 -10.886198 -6.3025355
-0.28 9.679999 2.31 -2.8647888 -7.448451 -4.583662
-0.19 9.69 2.05 -1.7188734 -7.448451 -4.583662
-0.24 9.65 1.92 -1.1459155 -6.8754935 -5.15662
-0.52 9.69 1.9799999 -2.8647888 -3.4377468 -5.15662
-0.48999998 9.639999 2.09 -3.4377468 -2.291831 -3.4377468
-0.29 9.74 1.8499999 -0.57295775 -1.1459155 -0.57295775
-0.11 9.8 1.61 1.7188734 1.1459155 1.1459155
-0.22999999 9.9 1.27 2.291831 1.1459155 -1.1459155
-0.22 9.889999 1.53 -0.57295775 -3.4377468 -2.8647888
-0.26 9.84 1.4699999 -1.1459155 -4.0107045 -3.4377468
-0.48999998 9.62 1.5999999 -0.57295775 -2.291831 -2.291831
0.0 9.9 1.5699999 4.0107045 -4.0107045 1.1459155
0.07 10.09 1.16 5.7295775 -1.1459155 1.1459155
-0.06 10.04 1.2099999 4.0107045 0.0 0.57295775
-0.17 9.96 1.48 1.7188734 0.0 0.0
-0.21 9.8 1.56 0.0 -1.1459155 -1.1459155
-0.28 9.719999 1.1899999 1.1459155 0.0 -0.57295775
-0.22999999 9.74 1.13 0.0 1.1459155 -0.57295775
-0.01 9.86 1.4699999 -6.3025355 2.291831 0.0
-0.04 10.0 1.63 -9.167324 4.0107045 0.57295775
-0.21 9.99 1.5799999 -9.167324 2.291831 -1.7188734
-0.34 9.87 1.66 -8.594366 5.7295775 -1.7188734
-0.26999998 9.849999 1.5799999 -4.583662 2.8647888 -1.1459155
-0.19 9.849999 1.4599999 -1.1459155 1.1459155 -0.57295775
-0.19999999 9.98 1.11 4.0107045 0.0 0.57295775
-0.099999994 10.0 1.28 4.583662 1.1459155 1.7188734
0.049999997 10.07 1.4 1.7188734 0.0 1.1459155
0.0 10.0199995 1.38 3.4377468 0.57295775 0.0
-0.03 9.9 1.39 4.0107045 0.57295775 -0.57295775
0.03 9.8 1.37 4.583662 -2.291831 -2.291831
-0.35999998 9.71 1.29 4.0107045 0.0 -2.291831
-0.099999994 9.67 1.3399999 1.1459155 1.1459155 0.0
-0.13 9.809999 1.36 2.8647888 0.57295775 0.0
-0.12 9.84 1.26 2.291831 0.0 0.0
-0.12 9.76 1.16 1.1459155 0.0 -0.57295775
-0.12 9.76 1.16 1.1459155 0.0 -0.57295775
-0.21 9.73 1.5899999 -1.1459155 0.57295775 -0.57295775
-0.099999994 9.78 1.53 -0.57295775 0.0 0.0
-0.24 9.75 1.29 1.7188734 0.0 0.57295775
-0.29 9.84 1.29 2.291831 1.7188734 0.0
-0.17999999 9.88 1.1 1.1459155 1.7188734 1.1459155
-0.01 9.86 1.4599999 -1.1459155 3.4377468 2.8647888
-0.19 9.78 1.25 3.4377468 0.57295775 0.57295775
-0.24 9.78 1.1899999 4.583662 0.0 0.0
-0.21 9.849999 1.15 2.8647888 0.0 -0.57295775
-0.14 9.88 1.26 -1.1459155 2.8647888 0.0
-0.19 9.929999 1.3 -0.57295775 3.4377468 1.1459155
-0.049999997 9.99 1.22 1.7188734 0.0 0.57295775
0.0 9.99 0.97999996 1.7188734 0.0 0.57295775
-0.22999999 9.91 1.24 -2.8647888 1.1459155 -0.57295775
-0.19999999 9.849999 1.4699999 -4.583662 1.7188734 -1.1459155
-0.17 9.83 1.35 0.57295775 0.57295775 0.57295775
-0.13 9.79 1.12 4.583662 0.0 1.1459155
-0.17999999 9.86 1.05 6.3025355 -1.1459155 0.57295775
0.11 10.17 1.3199999 2.291831 -0.57295775 2.8647888
0.17 10.24 1.15 1.7188734 0.0 3.4377468
0.01 10.08 1.0 0.0 1.7188734 1.1459155
