3.3495905 9.122187 1.6879637 0.54075 1.22808 2.03385
3.4549387 9.11261 1.4605076 3.3057501 -5.1419196 5.3238497
3.512401 9.239507 1.376708 5.51075 -6.75192 6.79385
3.605778 9.299363 1.201926 5.16075 -4.12692 6.26885
3.4884584 9.196409 1.2857256 3.83075 -1.95692 5.0788503
3.2466366 9.100638 1.4557191 0.64575005 1.92808 2.94385
3.0527003 9.04557 1.5275474 -1.1042501 1.8580799 1.0188501
3.2346652 9.076695 1.3575538 -1.41925 1.96308 0.63385004
3.3495905 9.026416 1.4772675 -2.04925 0.5630801 3.8538501
3.3088877 8.937828 1.776552 -5.47925 4.41308 3.81885
3.3519847 8.983319 1.8483802 -5.26925 5.74308 4.4138503
3.5243726 9.009656 1.8196489 -2.85425 5.04308 5.04385
3.6464806 8.942616 1.934574 -0.71925 4.76308 4.6238503
3.634509 8.9186735 1.977671 0.54075 4.97308 3.39885
3.5938065 8.861211 1.7813405 3.16575 5.9880795 2.62885
3.2921278 8.76544 1.6759924 4.49575 9.31308 1.57885
3.162837 8.760652 1.7358493 4.56575 9.76808 0.91385007
3.2514253 8.849239 1.5658557 5.26575 8.64808 2.27885
3.3783216 8.854029 1.4198049 5.9307504 8.193081 4.9038506
3.4357843 8.842057 1.5538844 4.18075 8.75308 6.16385
3.572258 8.973742 1.3838909 3.4107502 8.613079 7.28385
3.929005 9.158101 0.57223165 5.9307504 8.193081 9.03385
4.005622 9.440625 -0.08140534 8.4157505 6.2680798 9.348849
4.0966043 9.632168 -0.9217958 7.75075 5.74308 8.1938505
4.1780095 9.708784 -1.4126221 4.6007495 5.07808 6.96885
4.355186 9.718362 -1.7119064 -1.52425 4.97308 5.2538505
4.309695 9.833286 -2.4110348 -4.60425 3.32808 4.34385
4.2737803 10.0200405 -3.0718546 -3.65925 -0.69692 2.52385
4.400677 10.108628 -3.3064935 -4.70925 -5.66692 -0.031149998
4.740664 10.134965 -3.7350688 -7.43925 -13.19192 -2.65615
5.1979704 9.8548355 -4.0032277 -10.62425 -21.10192 -5.21115
5.36557 9.613013 -3.727886 -16.92425 -28.41692 -8.39615
5.2243075 9.167678 -3.3304362 -26.26925 -34.26192 -12.77115
4.8124924 8.846846 -2.6863763 -33.79425 -38.91692 -18.40615
4.8340406 8.736709 -2.9305923 -35.859253 -45.63692 -23.69115
5.0040345 8.794171 -3.0215747 -32.534252 -55.26192 -24.39115
5.152479 8.686429 -2.4684973 -33.199253 -61.736927 -20.68115
4.685596 8.573898 -1.8268317 -38.589252 -67.47692 -19.45615
4.783761 8.391933 -0.9481328 -43.139248 -72.446915 -19.84115
5.0758624 8.142929 -0.818842 -40.794247 -81.93192 -14.731151
5.288953 8.063917 -1.1420691 -30.609251 -96.80692 -7.7661505
5.3009243 8.356019 -0.818842 -24.44925 -104.05192 -2.23615
5.516409 8.439818 0.23224466 -26.79425 -105.03192 0.31885
6.454965 8.403905 0.80208206 -33.409252 -110.07192 -0.24114999
6.732701 8.22194 1.3144568 -33.409252 -111.68192 -7.94115
6.0455437 8.348836 1.7645805 -29.909252 -103.56192 -18.37115
6.177229 8.298556 2.011191 -26.79425 -100.901924 -20.051151
6.0479383 8.351231 2.2003386 -26.30425 -96.386925 -15.746151
5.5738716 8.145323 2.5379312 -27.074251 -89.80692 -12.80615
5.5954204 7.922655 2.7246847 -29.349247 -82.07192 -7.20615
4.9154463 7.6616793 3.007209 -30.084251 -79.34192 -2.58615
4.2642035 7.5898514 2.925804 -26.584251 -76.54192 5.2538505
5.9641385 7.7119594 2.6624336 -21.15925 -79.166916 20.93385
8.449396 7.9920893 2.4517374 -23.15425 -86.13192 34.65385
7.6880164 7.92505 4.642499 -39.84925 -84.346924 24.81885
5.8683677 7.5252056 7.1540933 -62.109245 -65.34192 4.6238503
6.325674 7.431829 7.0319853 -56.929253 -49.97692 -1.18615
7.24747 7.778999 5.6409116 -22.87425 -51.20192 3.39885
6.064698 7.82449 6.265817 -6.5292497 -58.86692 -8.88615
4.5898247 7.580274 7.3480296 -15.174251 -48.22692 -26.91115
3.9792848 7.9178667 6.368771 -18.289251 -25.966919 -29.886148
3.8140798 8.353624 5.4350038 -8.31425 -9.6569195 -21.171152
3.6129606 8.265037 5.851608 -9.329249 -10.601919 -18.89615
3.15326 8.296163 6.179623 -18.88425 -18.82692 -21.31115
2.8180614 8.559532 5.106988 -16.57425 -20.751919 -23.37615
2.7941186 8.660092 4.216318 -9.11925 -12.666921 -21.801151
3.093403 8.755863 4.5682764 -13.28425 -5.28192 -18.54615
2.7893302 8.746285 4.800521 -22.45425 -3.35692 -19.24615
2.5666625 8.786988 4.415043 -24.51925 -0.73192 -23.726149
2.1452703 8.710372 3.45015 -17.76425 6.4780803 -23.37615
1.8100717 8.789383 3.2274826 -10.48425 11.02808 -21.97615
2.056682 8.79896 3.3855045 -11.00925 9.41808 -18.89615
2.291321 8.930645 3.1077688 -11.849251 5.46308 -13.01615
2.5738454 9.038387 2.7917244 -6.6342497 0.31807998 -9.34115
2.657645 9.055147 2.6432793 -1.9792501 -4.9319205 -8.29115
2.3775148 8.796566 3.050306 -3.83425 -5.07192 -8.29115
2.6097596 8.722343 3.694366 -9.819251 0.5630801 -7.66115
3.1269228 8.777411 3.6440864 -10.939251 3.7830803 -4.0911503
3.0191805 8.93304 2.667222 -0.89425 0.00308 -0.38114998
2.7582045 8.937828 2.4277947 12.02075 -2.34192 -1.18615
2.8276386 8.885154 2.3799093 15.065749 1.9980799 -1.46615
3.2274826 9.136553 2.3559663 12.30075 6.51308 0.94885
3.4190245 9.229929 2.0806248 12.26575 4.69308 3.9938502
3.2514253 9.191621 1.6807809 15.590751 3.18808 0.87885
2.8539755 9.134158 1.8411974 10.550751 7.10808 -2.23615
2.954535 9.131764 1.8411974 6.91075 10.60808 -0.31115
3.2705793 9.124581 1.7621863 8.4157505 7.8430805 2.6988502
3.5483153 9.198804 1.5969813 10.79575 1.05308 2.03385
3.3256476 9.205987 1.4437478 8.59075 0.73808 -2.02615
3.1748085 9.143736 1.7286664 2.53575 5.95308 -4.86115
3.1963568 9.069513 2.0686533 -1.3142501 8.99808 -4.65115
3.3759274 9.184438 2.116539 1.10075 6.61808 -5.17615
3.0718546 9.172467 1.6879637 7.33075 2.83808 -6.54115
2.6863763 9.103033 1.4796618 10.44575 3.25808 -7.9761505
2.779753 9.07909 1.359948 7.92575 4.55308 -4.79115
2.997632 9.27542 1.6065584 2.43075 5.95308 0.0038500002
3.4046588 9.296969 1.7526091 -1.48925 8.26308 2.5938501
3.2801564 9.352037 1.6400782 -1.52425 7.24808 0.35385
3.0742488 9.366403 1.3264283 0.82075 5.14808 -3.7061503
2.9856608 9.174861 1.6400782 -1.27925 6.0230803 -4.72115
3.0048149 9.110215 1.7023294 -6.21425 8.75308 -3.88115
3.1508656 9.28021 2.0447106 -8.94425 10.53808 -2.90115
3.047912 9.215564 1.8842943 -8.03425 10.153081 -2.5161502
2.8946784 9.081485 1.6664152 -0.89425 6.1280804 -3.39115
2.9665065 9.081485 1.5012103 5.09075 0.45807996 -3.0761502
3.0910087 9.165284 1.6783867 4.46075 -0.10192 -1.08115
2.9952378 9.115005 1.838803 0.29575 2.24308 -0.34614998
2.9569294 9.086273 1.8555629 -1.1742501 3.32808 -0.66115004
2.9234095 9.182044 1.6664152 0.75075 2.69808 0.07385
3.0527003 9.184438 1.5826156 3.93575 0.87808 0.31885
3.0431232 9.134158 1.4557191 5.75575 -1.43192 0.38884997
2.8731298 9.103033 1.56825 5.05575 -3.1119199 -0.69615
2.832427 9.002473 1.8196489 1.17075 -0.03192 -1.39615
2.9952378 8.985713 1.8699286 -1.80425 2.3480802 -0.31115
2.8707354 9.170073 1.4389591 0.50575 0.87808 0.73885006
2.7941186 9.222747 1.3575538 5.19575 -1.8169199 -0.031149998
2.9665065 9.126976 1.7454263 4.8807497 -3.14692 -1.08115
2.978478 9.196409 1.7166951 0.120749995 -2.16692 -0.31115
3.0766432 9.253872 1.5036045 -1.06925 0.52808005 0.59885
3.0359404 9.2419 1.5203645 1.13575 0.14308 1.0188501
2.8970726 9.100638 1.8052832 -2.71425 -3.3919199 -3.11115
2.727079 9.07909 2.073442 -5.61925 -0.76692003 -2.5161502
2.7941186 9.093455 2.011191 -3.37925 1.47308 -0.031149998
3.0646718 9.107821 1.7262721 1.8707502 0.80808 2.5938501
2.9928436 9.182044 1.5562786 4.11075 -1.08192 2.41885
2.9473522 9.256267 1.5562786 2.67575 -1.43192 1.26385
3.083826 9.265843 1.6520497 0.26075003 -1.1519201 1.50885
3.1604428 9.2419 1.5323359 -0.50925 -0.94192004 1.2288501
3.0646718 9.261055 1.7023294 -2.08425 -0.62692 -0.31115
2.82285 9.182044 1.9896424 -3.55425 -0.52191997 -2.4461498
2.8491871 9.186832 1.9417568 -2.15425 0.038080003 -2.23615
3.0646718 9.203592 1.6496553 1.94075 -0.52191997 0.66885
3.162837 9.244295 1.5826156 3.93575 -1.0469201 1.9638501
2.988055 9.205987 1.6951466 1.90575 -0.27692 0.45885003
