1.81 9.28 0.81 48.128452 -3.4377468 -16.042818
0.96 9.309999 -1.05 24.064226 -17.761692 -9.740283
0.26999998 9.33 -1.26 -4.583662 -32.658592 1.7188734
0.55 9.23 -0.89 -22.91831 -18.907606 8.021409
1.5899999 9.5199995 0.62 -17.188732 -6.8754935 5.15662
1.8499999 9.55 0.69 -4.0107045 -2.291831 -1.1459155
1.9799999 9.8 -0.049999997 2.291831 -1.1459155 -10.886198
1.62 9.62 -0.97999996 -5.15662 -3.4377468 -12.605071
1.38 9.33 -1.49 -13.178029 -2.291831 -6.8754935
1.51 9.389999 -1.66 -5.7295775 -7.448451 -2.291831
2.3 9.46 -2.85 0.0 -11.459155 -5.15662
3.12 9.33 -4.47 4.0107045 -13.178029 -10.886198
2.9099998 9.15 -5.0 14.896902 -22.345354 -10.31324
2.3899999 9.01 -5.72 27.501974 -37.815212 -3.4377468
2.24 8.5199995 -7.02 33.231552 -52.139156 4.0107045
2.32 8.58 -8.33 17.188732 -87.662544 13.178029
4.3199997 9.5 -8.29 0.0 -115.16451 14.323945
4.8399997 9.37 -7.17 -12.605071 -126.62367 16.615776
5.2599998 9.5 -5.94 -20.053522 -137.50986 19.480566
5.9 9.65 -4.56 -20.62648 -152.97972 20.62648
6.5099998 9.33 -3.37 -14.896902 -162.14705 18.907606
6.68 9.26 -1.93 5.15662 -167.87662 16.615776
6.71 9.58 -1.68 10.886198 -175.89804 18.334648
7.1299996 9.469999 -2.1399999 4.0107045 -179.33578 17.761692
6.89 9.34 -1.52 -1.1459155 -181.62761 23.49127
7.19 9.75 -0.35999998 0.0 -185.06537 24.637184
7.75 9.79 -0.16 -1.1459155 -185.63832 19.480566
6.6099997 9.9 1.0699999 -0.57295775 -183.34648 19.480566
7.17 10.19 2.18 21.772396 -183.91945 20.053522
7.66 10.32 0.59 38.961132 -171.88734 6.8754935
6.42 9.61 -2.8899999 2.8647888 -159.85522 2.8647888
5.7999997 9.45 -2.76 -59.58761 -172.4603 17.188732
6.58 8.61 0.22 -92.24621 -193.65973 24.637184
7.7799997 8.32 3.09 -80.78705 -187.3572 8.021409
6.92 8.09 4.0299997 -77.349304 -177.04396 -0.57295775
4.94 7.5299997 4.83 -83.65183 -178.18987 1.7188734
3.84 8.5 7.37 -83.65183 -177.61691 11.459155
4.44 9.65 9.2699995 -75.057465 -146.10423 3.4377468
4.62 10.09 9.55 -60.733524 -91.67324 -8.594366
2.22 9.0 8.49 -45.83662 -84.22479 -14.323945
1.55 8.57 7.79 -28.64789 -73.91155 -14.323945
1.09 8.28 6.75 -15.469859 -55.576904 -14.323945
0.47 8.15 5.65 -9.740283 -44.69071 -12.032113
0.47 8.4 4.99 -9.167324 -45.263664 -9.167324
0.55 8.75 4.66 -10.31324 -34.950428 -5.15662
0.78 8.88 3.9499998 -14.896902 -27.501974 -7.448451
0.41 8.559999 3.4499998 -19.480566 -26.356058 -5.15662
0.35999998 8.679999 3.4399998 -22.91831 -21.199438 -2.291831
0.78999996 8.97 3.1299999 -25.210142 -18.334648 -5.7295775
0.88 8.88 3.1699998 -22.91831 -14.323945 -9.167324
0.089999996 8.38 3.11 -20.053522 -10.31324 0.0
0.42999998 8.86 3.6699998 -12.605071 -9.740283 5.7295775
0.85999995 9.0 3.4399998 0.0 -1.7188734 1.7188734
0.57 9.179999 3.05 9.167324 0.0 0.57295775
0.42 9.33 2.6499999 13.178029 0.0 3.4377468
0.64 9.49 2.23 16.042818 1.1459155 4.0107045
0.77 9.55 1.48 13.750987 2.8647888 0.57295775
0.48 9.62 1.28 9.167324 -2.8647888 2.8647888
0.56 10.0199995 1.75 9.740283 -1.1459155 3.4377468
1.05 10.15 1.8399999 10.886198 6.8754935 1.1459155
0.89 10.179999 1.16 4.0107045 8.594366 0.0
0.77 10.04 0.78 -2.8647888 3.4377468 0.57295775
0.87 10.0199995 1.04 -2.291831 2.291831 -3.4377468
1.1 9.7699995 1.04 -1.7188734 3.4377468 -6.3025355
0.64 9.58 1.0699999 -2.291831 3.4377468 -4.0107045
0.48999998 9.469999 1.25 -1.1459155 2.291831 -0.57295775
0.90999997 9.599999 1.25 2.291831 0.57295775 0.0
1.16 9.62 1.0699999 4.583662 1.7188734 -2.291831
0.9 9.59 0.79999995 0.0 2.291831 -2.8647888
0.59 9.49 0.78 -4.0107045 2.291831 0.0
0.79999995 9.66 0.95 -5.15662 4.583662 0.57295775
1.0699999 9.5 0.69 -6.8754935 6.3025355 -0.57295775
0.81 9.469999 0.77 -9.167324 6.3025355 -1.1459155
0.68 9.49 0.77 -12.605071 4.583662 -0.57295775
0.72999996 9.58 0.91999996 -12.032113 -0.57295775 -1.1459155
0.96 9.2699995 1.3399999 -6.8754935 -2.291831 -2.8647888
0.59999996 9.19 1.7199999 -1.7188734 -0.57295775 -2.291831
0.58 9.4 1.73 1.1459155 0.57295775 1.7188734
0.76 9.5199995 1.55 3.4377468 0.0 3.4377468
1.01 9.57 1.43 6.3025355 -1.1459155 1.7188734
1.2099999 9.67 1.14 3.4377468 0.57295775 -2.8647888
0.77 9.639999 0.77 -4.0107045 -0.57295775 0.0
0.39 9.62 1.0799999 -5.7295775 -5.15662 2.8647888
0.72999996 9.55 1.5899999 0.0 -3.4377468 1.1459155
1.02 9.59 1.86 6.3025355 -1.7188734 -0.57295775
0.91999996 9.74 1.6899999 6.3025355 0.0 -2.291831
0.69 9.7 1.04 -2.291831 -1.1459155 0.0
0.64 9.58 1.53 -3.4377468 -2.291831 0.0
0.84999996 9.58 1.81 -0.57295775 0.0 0.0
0.83 9.59 1.7199999 1.7188734 1.7188734 0.0
0.78 9.51 1.51 1.7188734 1.1459155 -1.1459155
0.69 9.46 1.5 2.8647888 -0.57295775 -0.57295775
0.65 9.59 1.4699999 5.15662 0.0 0.0
0.51 9.57 1.27 5.7295775 -0.57295775 0.57295775
0.78999996 9.66 1.18 4.0107045 0.0 0.0
0.78 9.78 1.0699999 0.0 0.57295775 0.0
0.89 9.849999 0.97999996 -2.291831 0.0 -1.1459155
0.71999997 9.809999 1.13 -2.291831 -1.1459155 -1.7188734
0.55 9.34 1.56 0.0 -0.57295775 -0.57295775
0.72999996 9.469999 1.62 1.7188734 0.0 1.1459155
0.96999997 9.54 1.37 4.0107045 -0.57295775 -0.57295775
0.95 9.349999 1.09 2.8647888 -0.57295775 -2.8647888
0.56 9.099999 0.98999995 -3.4377468 -0.57295775 -1.7188734
0.14999999 8.99 1.41 -9.167324 -0.57295775 2.8647888
0.45 9.54 2.04 -0.57295775 0.0 5.15662
