1.0 9.67 -2.2 14.896902 -33.80451 0.0
1.3299999 9.7 -2.1399999 5.7295775 -56.72282 1.1459155
1.64 9.8 -2.07 4.583662 -55.00395 3.4377468
1.61 10.01 -2.26 11.459155 -45.83662 2.8647888
1.5699999 10.139999 -2.51 17.188732 -44.69071 -1.7188734
1.5 10.34 -2.79 16.042818 -41.25296 -3.4377468
1.53 10.23 -2.96 14.323945 -40.107044 -2.8647888
1.64 10.19 -2.71 8.021409 -41.825916 -3.4377468
1.7099999 10.2699995 -2.32 4.583662 -47.555496 -4.0107045
1.8299999 10.46 -2.07 6.3025355 -54.43099 -4.583662
1.86 10.33 -1.99 2.8647888 -57.868736 -4.0107045
1.9699999 10.38 -2.05 1.7188734 -58.441692 -2.8647888
1.87 10.28 -1.89 0.0 -60.733524 -8.594366
2.1599998 10.09 -2.03 4.583662 -65.317184 -8.021409
1.8399999 9.91 -2.1699998 6.3025355 -65.890144 -8.594366
1.75 9.98 -2.02 8.021409 -72.19268 -7.448451
1.8299999 9.87 -2.35 10.886198 -76.203384 -5.7295775
1.8 9.86 -2.47 12.032113 -80.21409 -5.15662
1.62 9.67 -2.44 7.448451 -92.24621 -1.7188734
2.4099998 10.01 -2.3 5.15662 -92.81916 0.0
2.05 9.9 -1.9499999 -3.4377468 -92.81916 -0.57295775
2.06 9.9 -1.5 -9.740283 -92.24621 -2.291831
2.11 9.809999 -0.84 -14.896902 -91.10028 -2.8647888
2.19 9.74 -0.76 -10.886198 -94.53803 -5.15662
1.8199999 9.389999 -0.29 -5.15662 -98.54874 -7.448451
1.1899999 9.28 0.74 -10.31324 -99.1217 -5.15662
1.26 9.41 1.0 -10.31324 -99.1217 -3.4377468
1.8399999 9.63 0.69 2.8647888 -97.402824 2.8647888
1.9699999 9.88 -0.26 20.62648 -95.68395 3.4377468
1.51 10.04 -0.96999997 25.210142 -96.256905 0.0
1.81 10.15 -0.72999996 3.4377468 -93.39212 0.57295775
1.92 10.059999 -0.32 -5.7295775 -91.10028 4.0107045
1.8499999 9.889999 0.28 -18.334648 -88.2355 3.4377468
1.63 9.69 0.32 -13.750987 -87.662544 0.0
1.7099999 10.04 0.16 -9.167324 -87.089584 -0.57295775
1.9699999 9.969999 0.049999997 -3.4377468 -86.516624 0.0
2.05 9.9 0.06 -3.4377468 -86.516624 0.0
1.75 9.78 0.32999998 -6.3025355 -86.516624 -1.7188734
1.27 9.76 0.45 -10.31324 -84.22479 -1.7188734
1.55 10.13 0.35 -6.8754935 -76.203384 3.4377468
1.9399999 10.21 -0.19 7.448451 -77.922264 3.4377468
1.8199999 10.15 -0.53 7.448451 -77.922264 3.4377468
1.55 10.07 -0.72999996 4.583662 -80.78705 -1.7188734
1.1 10.099999 -0.32 -5.15662 -78.49522 -1.7188734
1.28 10.139999 -0.049999997 -16.042818 -75.057465 1.1459155
1.23 9.94 0.19999999 -16.042818 -77.349304 0.0
0.95 10.059999 0.35 -14.896902 -79.06818 -2.291831
0.91999996 10.07 0.47 -10.31324 -79.641136 -1.1459155
1.0699999 10.139999 0.53 -5.7295775 -75.630424 0.0
1.02 10.25 0.38 -1.7188734 -75.630424 0.0
1.12 10.38 0.32 0.0 -78.49522 0.57295775
1.25 10.469999 0.0 -3.4377468 -79.641136 0.57295775
1.36 10.46 0.01 -6.8754935 -77.349304 0.57295775
0.45 10.0199995 0.84 -17.761692 -70.47381 -6.8754935
0.78999996 10.12 1.49 -21.772396 -69.32789 -7.448451
1.16 10.13 1.01 -8.594366 -69.900856 1.1459155
1.0 10.07 0.85999995 1.7188734 -67.60902 -2.291831
0.42999998 9.969999 0.65999997 2.8647888 -68.18198 -5.7295775
0.57 9.88 0.87 0.0 -67.60902 -4.583662
0.71 9.74 1.06 -9.167324 -61.879436 0.0
0.55 9.61 1.09 -12.032113 -59.014652 0.0
0.02 9.71 1.22 -22.345354 -51.5662 -1.1459155
0.12 9.86 2.1299999 -40.107044 -41.25296 4.0107045
0.45999998 9.78 2.49 -40.680004 -40.107044 8.021409
0.35999998 9.79 2.75 -24.637184 -41.25296 2.291831
-0.089999996 9.69 2.44 -6.3025355 -42.398876 -2.8647888
-0.22999999 9.929999 1.9699999 4.0107045 -40.107044 -3.4377468
0.07 9.9 1.3399999 6.3025355 -33.231552 0.57295775
0.03 9.98 0.97999996 4.0107045 -30.939718 0.57295775
-0.049999997 9.87 1.11 -9.740283 -24.637184 0.0
-0.03 10.0199995 1.62 -15.469859 -25.7831 -1.1459155
0.02 10.04 1.4599999 -12.605071 -25.210142 0.0
0.02 10.04 1.4599999 -12.605071 -25.210142 0.0
-0.01 10.059999 1.5699999 -12.032113 -22.345354 -0.57295775
0.26 10.21 1.8499999 -12.032113 -19.480566 -1.1459155
-0.02 9.94 1.3199999 -6.3025355 -12.605071 -2.8647888
-0.099999994 10.099999 1.3199999 -5.7295775 -9.167324 -4.583662
0.14 10.0 1.26 -6.8754935 -9.167324 -2.8647888
0.26999998 9.929999 1.27 -9.167324 -8.594366 -1.1459155
0.06 9.86 1.3 -9.740283 -5.15662 -2.8647888
-0.03 9.8 1.23 -6.8754935 -5.15662 -2.8647888
0.03 9.9 1.0799999 -1.7188734 -4.0107045 0.0
0.13 10.0199995 1.06 0.0 -3.4377468 0.0
0.16 10.07 0.90999997 1.1459155 -3.4377468 0.0
0.19 10.01 0.65999997 1.1459155 -2.291831 0.0
0.13 10.0199995 0.81 -0.57295775 0.0 0.0
0.06 10.08 0.71 0.57295775 0.0 0.0
0.29 10.099999 0.39999998 2.8647888 -0.57295775 0.0
0.38 10.15 0.39 2.291831 0.0 0.0
0.22999999 10.13 0.72999996 -3.4377468 0.0 0.0
0.32 10.07 0.74 -4.0107045 -0.57295775 0.0
0.32 10.07 0.77 -3.4377468 0.0 0.0
0.26999998 10.0199995 0.66999996 -1.7188734 1.1459155 -1.1459155
0.37 9.99 0.87 -2.291831 1.1459155 0.0
0.24 10.05 0.74 -1.1459155 2.8647888 -1.7188734
0.28 9.889999 0.51 1.1459155 4.0107045 -1.1459155
0.39999998 9.88 0.53999996 1.7188734 1.1459155 -1.7188734
0.39999998 9.88 0.53999996 1.7188734 1.1459155 -1.7188734
0.41 9.929999 0.56 -1.1459155 2.8647888 0.0
0.26999998 9.7699995 0.65999997 -2.291831 4.583662 -1.1459155
0.26999998 9.74 0.71999997 -2.291831 5.15662 -1.1459155
0.22 9.57 0.47 -2.291831 6.8754935 -0.57295775
0.26 9.36 0.48999998 -6.8754935 6.8754935 0.57295775
0.17 9.599999 0.89 -8.021409 5.7295775 1.7188734
0.35999998 9.75 0.93 -6.8754935 5.15662 3.4377468
0.57 9.98 0.71 -1.7188734 3.4377468 5.7295775
0.61 10.059999 0.26 2.291831 4.0107045 4.0107045
0.59 10.0199995 0.29999998 1.1459155 3.4377468 3.4377468
0.35 10.0199995 0.53999996 -2.291831 2.8647888 1.7188734
0.34 9.99 0.51 -1.1459155 4.0107045 2.8647888
0.47 10.099999 0.38 2.291831 2.291831 4.0107045
0.51 10.219999 0.21 4.0107045 1.1459155 3.4377468
0.5 10.33 0.5 1.1459155 -1.1459155 2.8647888
0.48999998 10.349999 0.52 2.291831 -1.1459155 0.57295775
0.53999996 10.28 0.53999996 1.7188734 0.0 0.57295775
0.55 10.26 0.59999996 0.0 0.0 1.1459155
0.56 10.179999 0.84 -0.57295775 1.1459155 0.57295775
0.59 10.139999 0.96999997 1.1459155 0.0 0.0
0.62 10.16 0.5 7.448451 0.0 -0.57295775
0.48999998 10.059999 0.29999998 8.594366 0.0 -1.1459155
0.58 10.15 0.48 5.7295775 0.57295775 -1.7188734
0.64 10.09 0.7 0.0 1.1459155 0.0
0.53 10.2 0.76 0.0 5.15662 -1.1459155
0.64 10.139999 0.48999998 1.1459155 4.583662 -1.1459155
0.51 10.09 0.45999998 2.291831 4.0107045 -2.8647888
0.29 10.01 0.44 -0.57295775 4.583662 -4.0107045
0.39 9.849999 0.47 -2.8647888 4.583662 -3.4377468
0.32 9.9 0.76 -0.57295775 4.0107045 -0.57295775
0.37 9.98 0.32 2.8647888 1.7188734 -1.1459155
0.45 9.95 0.12 6.3025355 0.0 -1.1459155
0.41 9.98 0.13 5.7295775 -1.1459155 -1.1459155
0.35999998 9.91 0.32999998 -0.57295775 -0.57295775 -1.7188734
0.32 9.809999 0.78 -5.15662 0.57295775 -0.57295775
0.47 9.84 0.82 -3.4377468 0.0 0.0
0.52 9.86 0.45999998 6.3025355 -1.7188734 -0.57295775
0.25 9.969999 0.22 5.7295775 -1.7188734 -2.291831
0.38 9.889999 0.39 -0.57295775 0.0 0.0
0.42999998 9.9 0.72999996 -1.7188734 -0.57295775 1.1459155
