1.489239 9.47654 -0.7637737 -3.4658751 4.30668 -0.018864999
1.8196489 9.466963 -1.1636176 0.10412501 -1.5033201 1.206135
2.142876 9.421472 -1.5610672 3.7441254 -2.7633202 2.781135
1.8723229 9.378374 -1.1037607 1.644125 0.77168 3.096135
1.5778271 9.304152 -0.66800267 -5.110875 4.69168 1.9411348
1.673598 9.364009 -0.59378016 -7.665875 8.26168 2.291135
1.9297855 9.732727 -1.0319325 -2.905875 7.9816794 4.496135
2.1740015 9.842864 -1.6831752 5.179125 6.16168 6.001135
2.6600394 9.840469 -2.3296294 10.814126 6.2316804 6.036135
2.9497466 9.672871 -3.380716 10.849125 9.90668 6.701135
2.8970726 9.646533 -3.7542229 -1.8908751 14.876681 5.861135
2.6839821 9.574705 -3.9792848 -17.920876 19.041681 4.2161355
2.7941186 9.397529 -4.494054 -36.120876 29.71668 11.601135
4.182798 9.581888 -4.731087 -48.440876 40.56668 19.896135
5.4709177 9.847652 -5.7893567 -46.445873 39.72668 20.526136
4.8148866 9.651321 -7.333664 -38.605877 36.01668 12.721135
3.8811195 9.711179 -6.986494 -35.805878 32.02668 -2.9588652
3.1604428 9.5244255 -6.9577627 -32.830875 23.03168 -13.318866
3.4740927 9.835681 -7.2881727 -24.185875 9.69668 -12.5138645
4.364763 10.041589 -7.3312693 -18.445875 -11.68832 -10.203865
4.7789726 9.668081 -6.840443 -19.600876 -31.07832 -9.993865
5.1213536 9.6585045 -5.3105016 -25.970875 -46.86332 -10.938866
5.569083 9.675264 -4.3216662 -27.965876 -70.41831 -11.743866
5.5547175 9.574705 -3.110163 -24.710875 -93.97332 -18.183867
4.6544704 9.498088 -1.3407938 -21.000875 -113.748314 -27.528864
4.2665977 9.557945 -1.6831752 -16.905874 -124.59832 -28.718866
5.38233 9.323306 -1.1157321 -20.335876 -126.62832 -19.058867
5.4326096 8.796566 1.2617828 -44.240875 -123.408325 -9.328865
5.0207944 8.317711 3.5842295 -69.54588 -119.13832 -11.148866
4.5443335 8.262642 5.5714774 -76.895874 -115.95332 -15.488864
4.867561 8.035186 5.317684 -59.535877 -116.47832 -14.368865
3.6991546 8.2339115 5.1596622 -28.455873 -126.31331 -13.563866
3.1412885 8.502069 6.002447 -4.725875 -139.47333 -17.448866
3.440573 9.26345 5.3703585 9.764125 -138.91333 -16.608866
3.7685885 9.27542 3.694366 24.709126 -123.02333 -10.413866
3.354379 9.435837 3.9481592 24.254126 -106.748314 -2.293865
2.2937152 9.277815 5.5786605 -0.59587497 -89.563324 -3.308865
1.6185298 8.801354 5.794145 -21.070873 -79.06332 -8.803865
1.1205206 8.358414 4.989669 -17.535873 -87.28832 -8.033865
1.2641771 8.140534 6.529187 -6.195875 -104.75333 -0.858865
1.9680939 8.356019 6.7231236 -5.215875 -105.48833 7.7161355
2.176396 8.842057 5.497255 5.214125 -93.76332 18.286135
1.7885233 9.141341 3.7326744 28.734125 -85.74833 18.636135
1.7071179 9.184438 3.3328304 42.139126 -80.533325 12.826136
1.8411974 9.167678 3.3735332 31.324125 -66.743324 10.831136
1.5754328 9.115005 3.510007 9.974125 -48.018322 8.766135
1.0319325 9.040782 3.634509 -7.350875 -30.97332 4.391135
0.84996754 8.995291 3.9577363 -14.910875 -21.90832 -1.803865
1.1636176 9.294575 3.3519847 -13.300875 -23.90332 -3.833865
0.84996754 9.301758 3.0167863 -5.075875 -17.63832 -0.823865
0.4956149 9.397529 3.2681851 -8.715875 -6.96332 -1.768865
1.1995317 9.694419 3.0718546 -7.805875 -4.26832 1.836135
1.3958622 9.905115 2.2147043 0.699125 -5.24832 3.411135
1.0917894 9.998491 1.3312168 4.969125 -4.6533203 -0.823865
1.1612233 10.144543 1.690358 -2.135875 0.10668 -3.518865
1.5538844 10.182851 1.515576 -9.100875 5.1816797 -3.2038653
1.6257126 10.156514 0.9481328 -8.855875 5.56668 -4.3238654
1.0462981 9.8548355 0.9337672 -10.815875 5.11168 -8.698865
0.75180227 9.775824 1.3288225 -15.960875 6.8266797 -11.918865
1.1492519 9.888355 1.6544439 -16.765877 6.8966804 -8.593865
1.5969813 9.876384 1.620924 -12.985875 5.8466797 -3.4138649
1.515576 9.897932 1.2426286 -6.125875 7.42168 -2.258865
1.3551595 9.862018 0.5961744 1.8891249 9.27668 -4.0088654
1.3623424 9.976943 0.3328042 5.3891253 9.20668 -4.463865
1.5036045 9.941029 0.40223816 3.394125 9.556681 -3.623865
1.56825 9.799767 0.5889916 -0.105875 11.72668 -2.923865
1.4054393 9.660899 0.17238778 1.2591251 9.80168 -3.3438652
1.525153 9.646533 -0.20111908 6.2291255 4.55168 -4.043865
1.7023294 9.641745 0.011971374 4.9341254 3.99168 -2.7138648
1.462902 9.63935 0.30886146 -1.365875 5.91668 -2.7138648
1.2522057 9.72315 0.34477556 -4.795875 6.75668 -4.498865
1.4078336 9.668081 -0.05985687 -3.4658751 6.47668 -4.043865
1.2953026 9.562734 -0.045491222 -1.470875 5.1466804 -1.873865
1.1899546 9.469357 0.46927786 -3.255875 4.09668 -2.538865
1.1085492 9.565128 0.7110996 -5.810875 2.38168 -3.2388651
1.6041641 9.63935 0.11013664 -2.590875 -0.38332 -1.873865
1.5897985 9.742304 -0.18675344 2.589125 -1.92332 1.206135
1.2809371 9.70639 0.117319465 1.8891249 0.49168003 0.401135
1.0678465 9.478934 0.6895511 -3.430875 1.82168 -2.608865
1.1803775 9.603436 0.7829279 -6.090875 -0.17332 -2.4688652
1.9920366 9.893144 0.38068968 -3.150875 -0.59332 1.696135
1.8507744 9.917087 -0.031125572 2.694125 -1.2583201 6.071135
1.446142 9.811738 0.21548474 5.739125 -3.8133202 2.466135
1.3288225 9.876384 0.51716334 1.364125 -3.18332 -3.0638652
1.4772675 9.852441 0.42139238 -3.7808752 -1.53832 -3.623865
1.3024855 9.8237095 0.28252444 -0.560875 -3.3583202 -0.578865
1.3264283 9.826104 0.36632404 -0.315875 -1.22332 0.261135
1.7190893 9.945818 0.6751855 0.069125 -0.38332 2.151135
1.7023294 9.818921 0.18914771 5.4941254 -3.6733198 1.2761351
1.3000913 9.646533 -0.05027977 6.894125 -3.56832 -1.138865
1.3288225 9.510059 0.4668836 0.699125 0.14168 -1.0688651
1.5203645 9.471751 0.8332076 -3.5358748 0.91168 0.051135
1.4413534 9.550762 0.56744313 -0.210875 -0.59332 0.191135
1.3120626 9.567522 -0.03351985 3.7441254 -0.83831996 -0.158865
1.2809371 9.608225 0.17478207 1.819125 0.52668 -0.64886504
1.4605076 9.514848 0.55307746 -2.625875 -0.87332 -1.138865
1.350371 9.529214 0.56265455 -3.430875 -3.0783203 -1.4188651
1.1420691 9.598648 0.5698374 -2.310875 -2.23832 -1.6638651
1.3551595 9.6896305 0.58420306 -1.680875 -0.62832004 -0.123865
1.5993756 9.6585045 0.48843205 -0.035875 -2.30832 1.3811351
1.4341706 9.694419 0.42618093 0.874125 -3.53332 0.191135
1.3168511 9.72315 0.54828894 -0.840875 -1.57332 -1.383865
1.2593886 9.751882 0.71588814 -3.150875 1.2966801 -0.823865
1.4605076 9.720756 0.54350036 -1.6458751 0.03668 -0.403865
