0.27294734 9.653716 -0.71828246 5.1564097 5.73489 -9.978221
0.026337024 9.615408 -1.2258687 10.3364105 -1.1601101 -8.43822
-0.098165266 9.742304 -0.9026416 7.15141 -2.63011 -4.62322
0.1340794 9.747093 -0.409421 -3.8035903 3.63489 1.81678
1.0534809 9.761458 -0.42378664 -10.10359 10.2148905 8.71178
1.158829 9.972155 -0.2944958 -8.10859 7.58989 9.866779
0.7685622 10.008069 -0.19633053 -3.3835902 -1.05511 2.0967798
0.46927786 9.768641 -0.6153286 1.09641 -3.19011 -4.62322
0.29928434 9.775824 -1.0008069 5.92641 -2.24511 -5.95322
0.3902668 9.871595 -1.1420691 7.50141 -4.13511 -5.00822
0.56265455 9.591465 -0.9194015 3.23141 -6.27011 -3.39822
0.34716985 9.469357 -0.7398309 -4.88859 -3.0501099 -2.03322
0.2370332 9.620196 -0.28731298 -9.61359 0.44989 -1.96322
0.39505535 9.522031 -0.06464542 -9.75359 -3.12011 -1.36822
0.44772938 9.308941 -0.019154198 -8.00359 -5.11511 0.13678001
0.22985038 9.296969 0.0023942748 -6.84859 -1.1251099 1.74678
0.43815228 9.273026 0.14365649 -6.18359 3.6698902 2.97178
0.61293435 9.340066 0.35914123 -5.79859 4.96489 4.96678
0.6057515 9.478934 0.5506832 -4.74859 3.5648901 6.33178
0.53871185 9.488511 0.071828246 -2.0885901 4.40489 6.40178
0.41420954 9.627379 -0.2657645 3.4764102 8.53489 5.52678
0.32562137 9.778218 -0.2561874 8.76141 7.58989 3.6717799
0.35674694 9.818921 -0.6105401 10.896411 3.52989 1.81678
0.7134939 9.9889145 -0.96489275 11.6664095 4.01989 2.23678
1.0558752 10.075109 -1.3934679 10.51141 8.46489 6.96178
1.1085492 10.161303 -1.5059988 6.8714104 11.71989 10.39178
1.1995317 10.235525 -1.5706443 0.74641 14.44989 8.816779
1.4868447 10.285805 -1.7813405 -3.1385899 7.6248903 1.99178
1.594587 10.379181 -1.9824595 -4.85359 7.51989 1.22178
1.9178141 10.269045 -2.0854135 -9.578589 14.06489 2.1317801
2.185973 10.197216 -2.4493432 -11.678591 19.24489 2.6217802
2.099779 10.05356 -3.1508656 -8.73859 17.38989 -0.56322
1.690358 10.0200405 -3.397476 -4.78359 10.63489 -6.58322
1.3527653 9.885961 -3.6967604 -3.0335898 6.74989 -10.99322
1.4581133 9.694419 -4.331243 -1.00359 3.94989 -12.148221
1.376708 9.627379 -4.70475 -0.58359 1.49989 -12.98822
1.1277034 9.660899 -4.817281 -5.06359 -1.1251099 -13.05822
0.9888355 9.701602 -4.865166 -11.04859 -7.5651097 -12.148221
0.84278476 9.792584 -4.5108137 -13.7085905 -22.09011 -13.093221
0.679974 9.897932 -4.233078 -14.26859 -37.80511 -13.68822
0.81165916 9.869201 -4.336032 -12.343591 -49.00511 -11.34322
1.1947432 9.912297 -4.000833 -11.25859 -61.290108 -6.61822
1.637684 9.98652 -3.5650752 -13.673591 -72.98011 -3.5382202
1.8938714 10.051166 -2.9665065 -16.928589 -80.29511 -3.11822
2.0494993 9.948212 -2.5546913 -20.00859 -86.000114 -4.3432198
1.9106313 9.79019 -2.0758362 -20.46359 -91.74011 -7.03822
1.9561225 9.749487 -1.7909175 -17.13859 -101.015114 -10.01322
2.1045675 9.883567 -1.4221992 -14.30359 -110.780106 -10.78322
2.3296294 10.1206 -0.5865973 -17.698591 -111.72511 -8.82322
2.6983478 10.168485 -0.43815228 -24.62859 -102.06511 -3.8182201
2.7246847 9.7135725 -1.498816 -24.278591 -89.570114 -1.36822
2.4613144 9.002473 -2.0399222 -21.723589 -81.625114 -5.35822
2.5810282 8.504464 -1.1300977 -32.08359 -79.87511 -13.51322
2.7582045 8.413482 0.7948992 -53.81859 -80.29511 -15.89322
2.5068057 8.281796 2.4684973 -74.713585 -80.750114 -16.34822
2.1309047 8.722343 3.7685885 -78.70359 -76.90011 -19.078218
2.648068 9.273026 4.2043467 -63.82859 -81.59011 -18.58822
3.2083282 9.569917 3.694366 -35.96859 -99.860115 -14.73822
2.762993 9.347249 3.3687446 -7.8635907 -113.44011 -15.43822
2.545114 9.277815 3.9840732 5.0164104 -114.66511 -18.063221
3.0239692 9.165284 4.6041903 1.7264099 -107.91011 -16.698221
3.3400133 9.196409 5.1692395 0.9914101 -102.41511 -14.59822
3.1077688 8.882759 5.360781 10.86141 -107.49011 -18.51822
2.1021733 8.226728 5.751048 25.421412 -111.375114 -25.79822
0.54350036 8.171659 5.9210415 41.03141 -110.115105 -33.95322
-0.27055305 8.8085375 5.03516 58.63641 -112.21511 -37.978218
0.2083019 9.268238 5.0231886 49.361412 -91.63511 -6.58322
0.84278476 9.5483675 5.9282246 22.55141 -63.775116 13.82178
1.7478206 9.565128 6.63693 11.91141 -47.32511 21.97678
1.1827718 9.842864 5.6145744 26.36641 -43.02011 14.661779
0.014365649 10.281016 3.1939626 49.81641 -40.220108 2.3767798
0.14844504 10.412702 2.3559663 46.351414 -33.57011 -0.91322
0.53871185 10.26665 3.100586 14.29141 -14.98511 -0.03822
0.35435268 9.9889145 4.292935 -17.03359 7.55489 -4.2032204
-0.3304099 9.950606 3.9840732 -22.31859 21.86989 -13.12822
-0.87630457 10.048771 2.6983478 -9.43859 25.99989 -18.55322
-0.7901107 10.024829 2.423006 -3.83859 23.16489 -18.343222
-0.8332076 9.804555 2.8180614 -10.73359 20.71489 -16.278221
-1.1061549 9.586677 2.7941186 -13.253591 20.67989 -14.98322
-1.2210802 9.720756 2.1404817 -5.2735906 20.60989 -10.95822
-0.88109314 9.842864 1.9465454 4.63141 15.884889 -5.98822
-0.53871185 9.972155 1.8004947 7.6064105 12.139891 -0.66822004
-0.53392327 9.857229 1.0486923 8.86641 15.604891 1.43178
-0.6201172 9.747093 0.9984126 8.55141 18.19489 -0.94822
-0.5865973 9.703996 1.2306572 3.9314098 16.23489 -4.2382197
-0.76137936 9.529214 0.91461295 1.4464101 14.16989 -5.3932204
-1.0606637 9.517242 0.723071 2.81141 14.554891 -5.70822
-1.0726352 9.692024 0.69194543 4.1064095 13.64489 -4.51822
-0.49082634 9.852441 0.6440599 6.06641 8.46489 -0.24822001
-0.29689008 9.838076 0.50040346 8.096411 4.26489 3.74178
-0.56265455 9.8548355 0.21548474 8.726409 7.9048896 4.47678
-0.6153286 9.931452 0.32801566 8.5864105 12.94489 2.86678
-0.23224466 10.012857 0.3040729 7.92141 13.11989 2.7617803
-0.11013664 9.890749 -0.06464542 8.341411 10.28489 4.12678
-0.50758624 9.711179 0.2777359 7.18641 9.584889 1.99178
-0.48124924 9.703996 0.4836435 1.9364101 10.494889 -2.24322
-0.22506183 9.708784 0.37829542 -0.44359 10.07489 -2.97822
-0.50040346 9.490906 0.31604427 0.22141 10.73989 -1.8932201
-0.81644773 9.356826 0.5554718 -1.28359 14.16989 -2.73322
-0.5602603 9.584282 0.22985038 -0.058589995 14.76489 -2.69822
0.062251143 9.816526 -0.70870537 8.131411 8.184891 -0.17822
-0.0670397 9.775824 -0.8739103 15.026411 5.73489 3.32178
-0.46927786 9.58907 -0.3304099 9.986409 8.53489 2.65678
-0.37350687 9.620196 0.03351985 1.3064101 9.5498905 -1.33322
-0.24421602 9.680053 -0.21548474 0.95640993 3.5648901 1.53678
-0.4668836 9.668081 -0.3519584 1.34141 5.06989 1.81678
-0.53871185 9.677659 -0.06943397 -0.26859 7.4148903 3.0417802
-0.16041641 9.931452 -0.090982445 1.97141 3.38989 5.91178
0.1699935 10.118205 -0.4932206 6.13641 -0.98511 7.59178
-0.0071828244 10.015251 -0.44294083 4.73641 0.93988997 5.66678
-0.24182175 10.008069 -0.14365649 0.08141 3.9148898 2.83178
0.12689656 10.111023 -0.31365 0.04641 2.61989 2.97178
0.2681588 10.08708 -0.48843205 1.83141 -0.14511001 3.25178
-0.038308397 9.998491 -0.55307746 -0.40859 0.16989 -0.24822001
-0.15562786 9.945818 -0.14126222 -5.58859 1.6398901 -3.78322
0.0 9.888355 0.19393626 -9.578589 -0.18011 -4.7982197
-0.17717634 9.797373 0.21309046 -10.31359 0.23989001 -4.9382205
-0.54828894 9.646533 0.23463893 -9.64859 2.93489 -5.60322
-0.36632404 9.761458 0.20590763 -7.19859 2.4798899 -4.86822
-0.05985687 9.905115 0.057462595 -4.18859 -1.1601101 -2.13822
-0.090982445 9.979338 -0.10774237 -5.51859 0.97489005 -1.36822
-0.33759275 9.845258 0.17238778 -12.02859 8.14989 -3.4682202
-0.40463245 9.80695 0.32083282 -18.468592 12.69989 -5.53322
-0.4189981 9.77343 0.44054657 -18.85359 11.12489 -6.23322
-0.4668836 9.737515 0.5698374 -16.858591 6.88989 -6.47822
-0.4956149 9.708784 0.86193895 -15.45859 5.90989 -5.74322
-0.5818088 9.70639 0.81644773 -12.72859 7.27489 -3.9232202
-0.73743665 9.735122 0.53871185 -5.41359 3.1098902 -2.48822
-0.47885495 9.75667 0.4836435 1.7264099 -4.4501104 -1.22822
-0.18196489 9.852441 0.51716334 4.1064095 -7.25011 1.81678
-0.29210153 9.924269 0.25379312 3.2664099 -4.4501104 3.91678
-0.3615355 9.890749 0.28252444 2.07641 0.23989001 3.32178
-0.15802214 9.991309 0.5243462 0.74641 0.97489005 2.0967798
-0.071828246 10.010463 0.38787252 0.53641 -2.77011 1.4667801
-0.34477556 9.907509 0.22027329 1.41141 -4.87011 -0.38822
-0.6488485 9.687236 0.51955765 -0.47858998 -1.26511 -3.3282201
-0.5794145 9.648928 0.84996754 -4.60859 1.25489 -4.86822
-0.60335726 9.763853 0.6296943 -4.85359 -0.77511007 -3.4682202
-0.6081458 9.725544 0.38547826 -0.68859 -1.40511 -1.0882201
-0.61293435 9.672871 0.4740664 1.58641 -0.00511 0.38178003
-0.5123748 9.720756 0.5147691 0.88641 -0.77511007 1.15178
-0.5411061 9.747093 0.60335726 0.01141 -1.61511 2.4117799
-0.5770202 9.581888 0.76137936 -0.75859 -0.67011005 3.00678
-0.5961744 9.584282 0.5985687 1.48141 0.62489 5.17678
