0.12689656 9.821315 0.043096945 -1.0158751 7.10668 -1.9438651
0.8547561 9.98652 -0.84278476 7.104125 0.49168003 8.031136
0.9601042 9.926663 -1.1157321 11.584125 0.52668 11.216134
0.2370332 9.727939 -0.46927786 5.809125 4.27168 7.086135
0.009577099 9.620196 -0.22745611 -0.525875 8.75168 4.846135
0.4070267 9.976943 -0.6943397 1.714125 10.676681 10.656136
1.8579572 10.623397 -1.8603516 9.379126 9.766681 21.401134
2.6241252 10.609032 -3.1365 12.179125 10.57168 28.996134
2.2625897 10.541992 -3.668029 4.1991253 14.386681 26.826136
2.063865 9.70639 -4.2043467 -15.015874 20.05668 22.626133
2.3990633 9.838076 -3.9002736 -36.610874 24.08168 26.371138
2.727079 9.471751 -3.5962007 -52.95588 27.30168 27.701136
1.2905141 9.601042 -2.8803127 -54.985874 24.39668 22.276134
-0.37590113 10.139753 -2.545114 -41.370876 16.83668 1.696135
0.28013015 10.56354 -3.1963568 -18.235874 11.41168 -13.458865
2.257801 10.846065 -6.1652575 9.344126 -0.27831998 -5.4088655
3.2777622 11.054367 -7.407886 30.694126 -20.85832 7.611135
4.000833 9.792584 -7.240287 22.539125 -32.19832 10.341135
3.0910087 9.371192 -5.681614 -10.990876 -36.258324 4.846135
3.4908526 8.954588 -4.312089 -46.375877 -40.84332 -1.9788648
4.1516724 8.614601 -3.6823947 -67.20088 -47.66832 -1.173865
3.7183087 8.461368 -2.6624336 -66.36088 -61.318317 -1.453865
3.1245286 8.296163 -2.2601955 -55.475876 -68.38832 -10.203865
2.8539755 8.45179 -2.142876 -38.955875 -74.93332 -16.783865
3.354379 8.631361 -2.176396 -20.545876 -85.85332 -15.033864
3.9170337 8.717555 -1.9728824 -1.505875 -111.298325 -2.223865
3.4980354 8.906702 -0.9194015 -7.0358753 -109.618324 -4.5688653
2.727079 9.380769 0.8547561 -13.965875 -100.90332 -5.968865
3.3902931 9.821315 1.185166 -5.425875 -105.838326 1.206135
4.048719 9.39274 0.3902668 15.5391245 -129.25333 5.966135
3.7230973 9.680053 0.38787252 24.744125 -138.56332 4.6011353
3.6033835 9.466963 0.3998439 16.869125 -130.26833 1.801135
2.8683412 9.177256 0.73743665 -0.945875 -113.46832 3.761135
3.4549387 9.052753 1.3551595 -21.070873 -99.43332 10.621136
4.1947694 8.947405 2.0327394 -36.750874 -101.11332 17.691133
4.1085753 8.691217 3.1221344 -49.910877 -96.983315 14.541135
3.6297207 8.322499 4.4222255 -56.945877 -83.01832 4.636135
3.4525442 8.4230585 4.8915033 -52.535877 -74.65333 -5.618865
2.5642684 8.482916 4.817281 -37.240875 -73.74332 -10.413866
2.0327394 8.593052 4.8292522 -19.040874 -79.06332 -8.558865
2.7725701 8.976136 4.7286925 -6.125875 -85.71332 -2.503865
3.6033835 9.043176 4.5443335 -1.400875 -82.70332 6.4561353
2.4062462 9.208381 5.296136 -6.860875 -63.348316 4.986135
1.6233183 9.038387 5.8204823 -12.320875 -40.80832 -3.3438652
1.5299416 8.705584 5.320079 -6.125875 -30.658318 -4.1838646
1.8771114 8.736709 4.810098 6.019125 -28.59332 2.536135
1.6927522 9.167678 5.174028 10.744125 -25.30332 8.521134
1.4174107 9.541185 4.9202347 11.829125 -19.66832 10.341135
1.5179702 9.830893 3.7207031 17.534124 -16.79832 12.511135
1.7071179 10.029617 3.2274826 20.894125 -16.48332 14.856136
1.637684 10.211582 3.79732 12.389125 -13.85832 11.951135
1.5897985 10.288198 3.2777622 -8.75E-4 -7.45332 8.696135
1.7166951 10.324113 2.597788 -2.3458753 -3.1133199 6.736135
1.4557191 10.573117 2.631308 -5.005875 -3.0433202 3.446135
1.6137413 10.45101 2.875524 -13.860875 -4.05832 -3.2038653
1.4437478 10.357633 3.0239692 -22.015875 -5.5983195 -6.6338654
1.4964218 10.0368 2.5044115 -23.835875 -2.97332 -8.698865
1.0079896 9.976943 2.248224 -20.545876 2.6616802 -9.993865
0.7733508 9.816526 2.6983478 -17.710875 8.71668 -10.448865
1.2234744 9.802161 2.7414446 -14.6658745 8.26168 -9.153866
1.8555629 9.888355 1.6688095 -5.110875 3.92168 -3.4138649
1.7573977 9.881172 1.0678465 8.889125 2.10168 1.206135
1.3910737 9.708784 0.9505271 16.099125 1.61168 -1.138865
1.3048798 9.668081 1.2330515 13.264125 0.98168004 -5.968865
1.4269878 9.682447 1.158829 0.699125 7.3866806 -5.618865
1.7981004 9.500483 1.1205206 0.069125 8.436681 -5.163865
1.4676905 9.205987 0.9816527 0.629125 7.3866806 -8.558865
1.1277034 9.232324 0.9122187 0.83912504 7.0716805 -11.288865
0.9122187 9.244295 0.91700727 0.244125 8.19168 -8.558865
1.1013664 9.399923 1.0151725 1.434125 7.3516803 -3.5888653
1.7933118 9.490906 0.9433443 5.879125 2.80168 0.681135
1.8052832 9.677659 0.66321415 9.6241255 0.14168 0.506135
1.2713599 9.627379 0.28970724 10.464126 2.2416801 -4.498865
1.089395 9.481328 0.2083019 6.789125 5.6016803 -6.5288653
1.1229149 9.3280945 0.34956414 1.154125 6.86168 -4.7088647
1.1372806 9.399923 0.6560313 -3.7808752 7.6316805 -2.293865
1.2785428 9.387952 0.8547561 -5.565875 7.3516803 0.086135
1.3168511 9.416683 0.64166564 -2.625875 4.30668 1.3811351
1.4676905 9.42626 0.34716985 1.504125 1.54168 1.7661351
1.3862851 9.404712 0.48843205 0.139125 0.77168 1.1711351
1.0726352 9.438231 0.6895511 -4.375875 1.75168 -0.543865
0.92658436 9.557945 0.7781393 -5.495875 1.33168 -1.4188651
1.2569942 9.646533 0.81165916 -4.7608747 0.84168 0.681135
1.7047237 9.656111 0.8834874 -4.935875 1.7866801 4.706135
1.5347302 9.75667 0.82123625 -4.620875 1.68168 5.616135
1.3431882 9.768641 0.68715686 -1.6108749 -0.9433201 1.9411348
1.446142 9.749487 0.7302538 0.349125 -3.3933198 -0.47386503
1.350371 9.653716 0.86193895 -1.7858751 -1.8183202 0.296135
1.3264283 9.677659 1.1612233 -5.075875 2.90668 1.031135
1.4557191 9.665688 1.1037607 -4.795875 3.46668 1.801135
1.5227587 9.692024 0.7853221 0.83912504 -1.2583201 2.781135
1.4485363 9.811738 0.7948992 5.809125 -4.61832 2.8511348
1.6137413 9.838076 0.7134939 5.879125 -3.6383202 2.571135
1.8340145 9.830893 0.8044763 3.5341249 -0.97832 2.6761348
1.7669748 9.816526 0.80687064 0.734125 1.15668 2.151135
1.462902 9.785401 0.69673395 -8.75E-4 0.70168 -0.47386503
1.3000913 9.663293 0.6703969 1.1891251 -1.32832 -3.308865
1.4054393 9.57231 0.71828246 0.979125 -2.02832 -4.1138654
1.3838909 9.677659 0.9864412 -1.365875 -1.36332 -2.188865
1.4365649 9.725544 1.0439038 -2.9408753 0.52668 -0.788865
1.5969813 9.687236 0.8236305 -0.38587502 -0.9433201 -0.33386502
1.4581133 9.711179 0.65363705 3.5691252 -3.18332 0.71613497
1.3910737 9.811738 0.86193895 1.294125 -0.62832004 0.016135
1.5754328 9.79019 1.0415095 -0.630875 -0.48832 0.36613497
1.5778271 9.684841 1.0534809 0.139125 -0.103319995 0.15613501
1.3455825 9.656111 0.85236186 2.449125 1.05168 -0.893865
1.3623424 9.665688 0.7398309 3.7091248 1.4016801 -0.92886496
1.5107874 9.646533 0.6057515 3.8491254 0.52668 -0.543865
1.5227587 9.711179 0.6368771 2.449125 0.45668 -1.103865
1.5371244 9.581888 0.57223165 -0.455875 1.4716799 -2.258865
1.3838909 9.514848 0.531529 -3.010875 2.10168 -3.658865
