3.6297207 9.656111 0.8834874 -5.540535 10.97719 9.451156
4.0104103 9.80695 0.89067024 -2.845535 5.3421903 15.191155
4.04393 9.881172 0.87630457 1.634465 -3.51281 19.776155
3.45015 9.675264 1.0319325 2.6144652 -5.50781 17.116156
2.9042554 9.45978 1.0558752 1.9844649 -0.85281 9.626155
2.7318676 9.160496 0.91700727 0.40946501 7.7921906 0.91115505
2.7510219 9.047964 0.43815228 1.039465 13.11219 -4.513845
2.7462332 8.9976845 0.2777359 4.364465 12.8321905 -5.038845
2.5331428 9.057542 0.6895511 7.934465 9.962191 -3.463845
2.7151077 9.182044 0.7853221 7.304466 7.7221904 -2.098845
3.0191805 9.26345 0.28013015 3.069465 7.5121903 -2.133845
2.9497466 9.308941 0.09337672 2.7544653 4.71219 -1.083845
2.928198 9.344854 0.27055305 7.129465 2.47219 1.7161549
3.213117 9.512454 0.2083019 6.254465 3.2421901 2.2411551
3.624932 9.5483675 0.09337672 -3.510535 3.52219 1.996155
3.2490308 9.433443 0.339987 -6.3805346 2.71719 2.661155
2.875524 9.344854 0.49082634 -10.055535 5.83219 -0.033845
2.988055 9.3280945 0.24900457 -11.5605345 9.64719 -3.358845
3.4022646 9.407105 -0.25139886 -7.8155346 9.01719 -2.693845
3.5315554 9.45978 -0.3615355 -2.355535 6.11219 -0.033845
3.6440864 9.586677 -0.67757976 1.109465 5.4821897 0.281155
3.8859081 9.75667 -1.2761484 3.979465 3.97719 -1.118845
3.7111259 9.876384 -1.6520497 8.3544655 -2.6028101 -3.0088449
3.553104 9.799767 -1.8435916 11.084466 -8.79781 -6.1238446
3.4716985 9.502876 -2.1021733 8.039466 -7.2228107 -8.223845
2.9090438 9.452597 -2.2985039 3.4544652 -3.93281 -8.713844
2.5522969 9.368797 -2.2937152 3.9094653 -7.43281 -10.8488455
2.638491 9.210775 -2.8491871 6.849465 -15.342811 -12.983845
2.9808722 9.244295 -3.4549387 11.644465 -25.94781 -14.278845
3.2274826 9.481328 -3.0383348 17.839464 -40.26281 -14.383845
3.2346652 9.555551 -2.8204558 8.3544655 -65.32281 -13.263845
3.6584518 9.519637 -3.1987512 1.634465 -72.28781 -13.193845
4.245049 9.205987 -2.6552508 -8.235535 -73.72282 -9.133844
3.8212626 9.091062 -1.1229149 -27.520535 -70.85281 -7.6638446
3.6273263 9.122187 -0.5913859 -42.045536 -66.23281 -11.0588455
4.0367475 9.016839 -1.1229149 -37.460533 -68.29781 -12.073845
3.8906965 8.971348 -1.5993756 -23.075537 -78.867805 -11.443845
3.668029 8.961771 -1.0247496 -17.720535 -84.08281 -14.383845
3.6297207 8.976136 -0.36632404 -24.475536 -82.577805 -15.678844
3.9170337 8.956982 -0.6440599 -27.625536 -78.62281 -14.313846
4.103787 8.777411 -1.0151725 -21.290535 -80.12781 -13.403845
3.8906965 8.652909 -0.43575802 -16.530535 -82.29781 -15.783845
3.3663504 8.655303 0.05985687 -21.710535 -78.51781 -19.878845
3.0335462 8.638543 -0.58420306 -23.180534 -71.90281 -24.043846
2.9401696 8.885154 -0.57462597 -12.890535 -73.407814 -26.878845
3.4238129 9.332883 0.22266756 -21.990536 -92.86781 -13.263845
3.7925313 9.517242 1.2474172 -35.185535 -88.03781 -6.7188454
3.806897 9.620196 1.8268317 -35.885532 -76.06781 -7.768845
3.5866237 9.507666 1.7143008 -26.085535 -71.27281 -12.038845
3.5674694 9.397529 1.4078336 -15.375534 -76.73281 -12.283845
3.0886145 9.222747 1.5012103 -14.080535 -80.61781 -7.3838453
2.5403256 8.688824 2.1979442 -19.680536 -73.68782 -2.798845
3.6081722 9.052753 2.3583608 -19.120535 -64.06281 7.3861547
4.5491223 9.4142885 2.0231621 -13.135534 -65.95281 20.056154
3.4956412 8.770228 2.8156672 -12.470535 -67.142815 15.121155
2.2003386 8.571504 3.8763309 -16.985537 -47.19281 11.061155
2.743839 9.284998 3.4238129 -5.610535 -25.07281 21.736155
4.5682764 9.62259 2.1644244 16.579464 -30.46281 37.836155
4.592219 9.433443 2.1596358 23.334465 -43.587807 37.241158
4.000833 9.512454 3.46691 7.0944653 -35.327812 24.676155
3.8045027 9.715967 3.014392 -5.435535 -17.02281 15.051155
3.8619652 9.469357 2.3966691 -2.495535 -10.057811 9.591155
3.354379 8.935433 3.1077688 -7.325535 -15.72781 2.206155
2.657645 8.923462 3.902668 -22.095535 -8.937811 -4.9338446
2.4708917 8.3679905 3.6632404 -25.210533 -0.99280995 -3.7088451
2.0399222 8.420665 3.9673133 -21.045534 -0.29281 -2.868845
1.9130256 8.7822 4.12773 -20.695534 1.45719 -4.058845
1.8771114 8.973742 3.5267668 -19.155535 -0.22281 -1.8538449
1.7573977 9.335278 2.8180614 -16.635534 -2.46281 -0.13884501
1.7454263 9.792584 3.8284454 -21.500536 0.65219 -1.048845
1.9297855 9.794978 4.288146 -30.635536 1.6671901 -2.798845
2.1883671 9.818921 3.5267668 -27.170536 -4.00281 -4.583845
1.8220432 9.696813 3.1388943 -16.250534 -2.2528098 -6.508845
1.4485363 9.593859 3.5339496 -14.465535 5.3421903 -10.673845
1.4437478 9.452597 3.5674694 -18.385536 11.047191 -12.248845
1.7645805 9.45978 2.9162266 -14.255535 11.22219 -9.3088455
1.7382435 9.505271 2.5522969 -3.685535 11.74719 -4.793845
1.8316202 9.529214 2.2937152 4.504465 13.95219 -2.3088448
2.1596358 9.636956 1.8795058 9.194465 12.72719 -0.94384503
2.2170985 9.660899 1.4006507 11.714465 12.06219 1.051155
2.2003386 9.421472 0.8092649 12.974465 14.23219 1.401155
2.2147043 9.471751 1.036721 12.134465 14.61719 -0.48884502
2.5810282 9.306546 1.1660118 2.2644649 5.62219 -4.093845
2.5139885 9.050359 1.228263 -1.375535 3.1371899 -8.993845
1.673598 8.775017 1.1300977 -5.820535 6.84719 -16.098845
1.3072741 8.777411 1.3814965 -9.740536 9.1221895 -19.003843
1.4676905 8.76544 1.3647367 -9.530535 3.6271899 -14.033845
1.6544439 9.182044 1.56825 -7.8155346 0.75719005 -6.8238454
2.0231621 9.500483 1.5610672 -4.910535 1.00219 -0.41884503
2.5283542 9.708784 1.2593886 -0.150535 0.86219007 4.341155
2.5642684 9.761458 0.89067024 2.509465 -0.64281005 4.411155
2.3272352 9.711179 1.0534809 -0.25553498 -0.67781 0.73615503
2.2745612 9.644139 1.4772675 -6.065535 0.75719005 -1.5388451
2.3487835 9.672871 1.5754328 -7.605535 0.47719 -0.978845
2.2985039 9.718362 1.3958622 -4.630535 0.96719 -0.103845
2.3416007 9.634562 1.3192455 -1.7955351 1.0721899 0.106155
2.2625897 9.624985 1.297697 -1.095535 -1.7628099 -0.558845
2.2961094 9.58907 1.3144568 -1.0605351 -3.89781 -1.188845
2.3032923 9.553157 1.3264283 -1.4455351 -4.7028103 -1.2588451
2.1452703 9.464568 1.6544439 -3.300535 -3.54781 -2.098845
2.099779 9.457385 1.6496553 -5.015535 -1.8328099 -2.728845
2.152453 9.498088 1.5131817 -3.160535 -1.86781 -2.098845
2.1476645 9.454991 1.350371 -0.46553496 -2.46281 -1.293845
2.0064023 9.498088 1.6544439 -1.025535 -1.97281 -1.503845
2.1668186 9.4932995 1.8244374 -3.7555351 -1.13281 -1.713845
2.1811843 9.495694 1.4293821 -2.390535 -1.62281 -0.24384499
1.9728824 9.4932995 1.3527653 0.584465 -0.99280995 0.281155
2.0614705 9.454991 1.7526091 -0.570535 0.19719 -0.663845
2.310475 9.419077 1.6161355 -1.7955351 -1.48281 -0.24384499
2.1835787 9.495694 1.3288225 0.584465 -3.51281 0.071155
1.9633054 9.502876 1.4198049 0.89946496 -0.25781 -0.978845
2.1285102 9.39274 1.6424725 -1.690535 3.1371899 -1.118845
2.2841382 9.447808 1.4796618 -0.95553505 -0.46781 -0.69884497
2.1548474 9.531608 1.4700848 1.634465 -3.58281 -0.69884497
1.9968252 9.42626 1.5850099 0.16446501 1.1771901 -2.3438451
2.0399222 9.282603 1.5586729 -2.495535 5.51719 -2.868845
1.924997 9.397529 1.6185298 -2.2855349 3.5921903 -2.3088448
1.9417568 9.510059 1.5897985 -1.2705349 1.0721899 -1.783845
2.2554069 9.399923 1.5227587 -0.325535 -0.67781 -1.013845
2.0806248 9.433443 1.3455825 1.424465 -2.6028101 0.526155
1.9465454 9.534002 1.620924 -0.360535 -1.13281 -0.48884502
2.3583608 9.514848 1.664021 -1.2005349 -2.21781 0.77115506
2.238647 9.404712 1.3982565 -0.43053502 -0.92281 0.45615497
1.7382435 9.282603 1.4389591 -2.0755348 2.50719 -2.483845
1.8675344 9.287392 1.8579572 -4.455535 0.37219 -2.273845
2.2362528 9.407105 1.7071179 -2.5305352 -2.95281 0.701155
2.0399222 9.423865 1.3216397 1.7394651 -2.88281 2.171155
1.8723229 9.452597 1.5347302 0.864465 -0.71281004 0.806155
2.2099156 9.553157 1.908237 -2.1105351 -1.41281 1.5061551
