0.4644893 9.768641 -0.9433443 5.12141 -5.2901106 -5.42822
0.4932206 9.737515 -0.9505271 2.9164102 -2.63011 -3.74822
0.6392714 9.665688 -0.81165916 -1.8435899 -0.14511001 -0.73822004
0.47167215 9.7135725 -0.40463245 -6.07859 2.8298903 0.38178003
0.51716334 9.615408 -0.12689656 -6.6385903 1.98989 -0.07322
0.38308397 9.668081 -0.30646718 -2.7885902 -2.00011 0.24178
0.40463245 9.814133 -0.41420954 1.4464101 -3.2951102 1.43178
0.6608198 9.737515 -0.44294083 1.97141 -3.75011 3.3917801
0.74701375 9.799767 -0.52674043 0.08141 -4.73011 4.72178
0.50040346 9.708784 -0.24900457 -3.55859 -5.08011 3.53178
0.43096948 9.653716 0.10055954 -8.52859 -6.72511 1.08178
0.54350036 9.545974 0.31604427 -11.678591 -8.26511 1.32678
0.38068968 9.519637 0.3902668 -10.73359 -8.65011 2.7267802
0.18196489 9.534002 0.57462597 -7.68859 -5.99011 2.20178
0.3519584 9.58907 0.6608198 -3.6635902 -3.89011 1.74678
0.5889916 9.617802 0.4166038 1.62141 -5.4651103 3.6367798
0.55307746 9.665688 0.35435268 5.85641 -6.51511 5.10678
0.5411061 9.670476 0.5243462 5.89141 -4.80011 4.75678
0.5913859 9.648928 0.59378016 3.3014102 -1.9651101 4.6167803
0.6273 9.591465 0.43096948 3.1964102 -1.19511 5.17678
0.4285752 9.629773 0.35914123 4.70141 -1.30011 4.75678
0.31604427 9.577099 0.12689656 4.14141 2.1298902 3.84678
0.5698374 9.692024 -0.2657645 4.73641 7.20489 3.6367798
1.1612233 10.048771 -0.7398309 8.55141 4.50989 6.08678
1.7262721 10.362421 -1.5490957 11.98141 -2.21011 8.78178
2.1117504 10.398335 -2.2530127 12.506411 -5.67511 9.48178
2.5331428 10.146936 -3.3400133 8.23641 -1.37011 9.37678
2.6959534 9.941029 -4.0199876 -0.023589998 11.85989 10.0417795
2.7725701 9.840469 -4.0822387 -9.508591 21.27489 7.5567794
2.6983478 9.981731 -3.7685885 -18.85359 0.02989 -2.03322
2.8276386 10.534809 -4.06069 -12.51859 -11.87011 -3.15322
2.9329867 10.64734 -4.9441776 -2.33359 -18.45011 -2.34822
2.8491871 10.822123 -5.130931 3.33641 -25.520111 -4.1332197
2.9042554 10.865219 -5.4685235 7.6064105 -37.035114 -6.72322
3.1484714 10.850853 -6.1077952 13.941411 -51.87511 -8.47322
3.284945 10.419884 -6.854809 15.901409 -66.40011 -11.62322
3.047912 9.897932 -6.6872096 6.10141 -75.74511 -16.73322
2.9593236 9.490906 -5.952167 -11.15359 -83.37511 -20.68822
3.0718546 9.138947 -5.147691 -25.713589 -95.10011 -21.493221
2.8180614 8.921068 -4.5060253 -33.588593 -109.31011 -22.36822
2.5499027 8.786988 -3.8739367 -39.853592 -118.86511 -24.04822
2.5929997 8.657698 -3.0550947 -47.13359 -123.625114 -23.48822
2.8803127 8.717555 -2.3392065 -52.10359 -127.44012 -19.848219
3.1365 8.605023 -1.759792 -54.448593 -130.4851 -15.788219
3.2562137 8.703189 -0.749408 -56.513588 -134.8251 -14.10822
3.8021083 9.071907 0.68715686 -55.49859 -145.08012 -14.42322
4.5084195 8.763046 0.5602603 -46.01359 -156.1401 -12.4982195
4.4749 8.265037 0.71828246 -30.718592 -160.72511 -11.69322
4.192375 8.250671 2.49244 -23.22859 -159.53513 -17.74822
4.520391 8.159689 3.222694 -16.57859 -164.68011 -22.298222
4.7286925 8.497281 2.7653873 2.46141 -174.83011 -20.19822
5.078257 8.482916 3.2873392 19.926409 -175.6351 -17.32822
4.6736245 8.078283 4.350397 20.241411 -157.92513 -13.723221
4.14449 8.46855 5.7558365 19.366411 -130.52011 -13.05822
4.3456087 9.153313 4.7598186 32.87641 -121.175125 -9.698219
5.047131 8.880365 2.6744049 54.40141 -134.02011 -0.14321999
3.4214187 8.415876 4.0104103 50.76141 -123.1701 2.0267801
1.5514901 9.787795 7.024802 17.05641 -80.15511 -12.358221
2.3751206 10.022434 6.2969427 -0.89859 -70.53011 -9.06822
3.0694604 10.278622 6.0503325 5.2614098 -88.73011 6.33178
1.2306572 10.577906 7.738296 -3.94359 -78.02011 9.72678
-0.047885496 10.826911 9.232324 -28.828588 -35.285114 -4.0982203
0.4644893 10.235525 9.103033 -42.86359 -6.55011 -11.30822
-0.46209505 9.907509 5.521198 -30.75359 -5.53511 -10.188221
-1.5347302 9.998491 4.644893 -7.12859 4.33489 -14.948221
-1.3527653 9.897932 5.4326096 -5.93859 24.844893 -17.67822
-0.8236305 9.653716 5.497255 -20.74359 26.489891 -11.06322
-0.7685622 9.57231 4.3240604 -9.85859 11.40489 -5.04322
-1.1516461 9.569917 3.3160706 -1.10859 17.87989 -5.42822
-1.1372806 9.895537 3.3088877 -1.2135899 20.784891 -4.0982203
-0.6751855 9.885961 2.8827069 0.46641004 15.849891 -1.0532199
-0.6368771 9.794978 2.0375278 3.6164103 14.27489 -0.91322
-0.6656084 9.802161 2.0399222 0.57141 19.06989 -2.06822
-0.71588814 9.804555 2.3463893 -3.41859 20.819891 -1.54322
-0.66800267 9.818921 2.1380875 -2.0885901 17.03989 -0.21321999
-0.31604427 10.008069 1.8579572 1.23641 16.40989 3.21678
-0.0047885496 10.139753 1.0965779 4.17641 17.59989 5.03678
0.16281068 10.235525 0.97446984 0.74641 22.14989 3.42678
0.17717634 10.024829 1.1492519 -10.558591 32.61489 1.43178
-0.035914123 9.751882 1.3312168 -19.58859 40.62989 -1.1582199
-0.45012367 9.648928 1.4844503 -19.83359 39.99989 -3.71322
-0.3232271 9.6585045 1.3288225 -11.78359 29.324892 -2.73322
-0.2681588 9.615408 1.3072741 -0.65358996 11.82489 0.45178
-0.13168511 9.5794935 1.010384 6.2414103 0.58989 3.25178
0.13647367 9.850046 1.1564348 5.96141 1.8148899 6.96178
0.2370332 10.024829 1.2258687 2.35641 7.48489 9.48178
0.32562137 10.099051 1.3120626 1.7264099 7.20489 7.3817797
0.22745611 9.933846 1.0223553 2.32141 1.7448901 2.65678
-0.18675344 9.780613 1.0343267 1.06141 3.31989 -1.26322
-0.51716334 9.747093 1.56825 -3.8035903 10.03989 -2.80322
-0.043096945 9.842864 1.7693691 -4.9235897 8.74489 -0.87821996
0.12689656 9.816526 1.2498114 2.11141 1.14989 3.7067804
-0.05506832 9.567522 0.79250497 9.70641 -1.1601101 5.17678
-0.25858167 9.668081 1.1109436 8.90141 3.38989 2.93678
0.21309046 9.850046 1.2043202 3.09141 9.5498905 1.15178
0.2753416 9.792584 1.0989721 0.22141 10.2148905 2.48178
-0.17957062 9.699207 0.7781393 0.57141 10.73989 0.76677996
-0.24900457 9.5483675 0.7302538 1.41141 11.474891 -1.33322
-0.038308397 9.462174 1.0175668 1.27141 7.20489 -0.63322
0.06464542 9.517242 1.0055954 2.11141 1.04489 2.23678
0.031125572 9.555551 0.92658436 3.6514096 0.16989 5.63178
0.023942748 9.613013 0.72785956 5.0164104 2.2348902 6.64678
0.4166038 9.747093 0.5770202 6.69641 2.1298902 7.8367805
0.5147691 9.771035 0.5554718 4.8414097 -1.1251099 5.63178
0.11253092 9.744699 0.4764607 0.29141 0.51989 0.90677994
-0.17957062 9.512454 0.9768641 -4.64359 3.38989 -1.12322
-0.035914123 9.5794935 1.333611 -4.9935904 -0.14511001 0.73178
0.09337672 9.761458 0.89545876 0.22141 -2.59511 3.53178
0.19633053 9.871595 0.89545876 1.6914101 0.34489 4.75678
0.2466103 9.924269 1.2258687 -2.1585898 3.49489 4.82678
0.41181526 9.962578 1.1085492 -2.7535899 3.9148898 3.9867797
0.35914123 9.890749 0.8140534 -1.1435901 4.05489 1.7117801
0.062251143 9.677659 0.9624985 -3.55859 6.64489 -1.50822
-0.2753416 9.615408 1.228263 -6.67359 8.884891 -2.73322
-0.052674048 9.682447 1.2665714 -5.09859 7.0298896 -0.28322
0.23463893 9.840469 1.1660118 -0.19859001 0.83489007 3.6717799
0.409421 9.979338 0.845179 4.0014105 -2.94511 5.94678
0.3974496 9.976943 0.9601042 3.33641 -1.37011 5.21178
0.3974496 9.838076 1.1396748 -0.82859004 0.37989002 2.30678
0.12210801 9.804555 1.063058 -2.82359 1.8498899 0.20678
0.13168511 9.692024 1.1803775 -1.91359 1.88489 -0.17822
0.24900457 9.792584 1.2713599 -0.54859 -0.075109996 1.4667801
0.47885495 9.852441 1.010384 2.42641 -3.0851102 2.7617803
0.44054657 9.727939 0.66800267 4.5614104 -4.2751102 2.4117799
0.098165266 9.648928 0.8044763 1.7614101 -0.21511 0.101780005
0.043096945 9.701602 1.3551595 -3.69859 3.7398896 -1.82322
0.30167863 9.766247 1.3360053 -4.29359 0.69489 0.101780005
