1.9178141 9.25866 0.6656084 1.8357501 3.36308 -8.01115
2.1883671 9.304152 0.7039168 1.6257501 -2.8319201 -1.8861501
2.432583 9.335278 0.7446195 -1.55925 -2.65692 2.52385
2.1500587 9.452597 1.063058 -5.4092503 3.0130801 3.01385
1.977671 9.352037 1.3575538 -7.7542496 5.63808 0.77384996
1.960911 9.349643 1.2833313 -6.0392504 3.5030801 -0.06615
2.2242813 9.378374 1.0726352 -0.92925 0.91308 1.82385
2.3487835 9.399923 0.9624985 1.76575 0.28307998 4.13385
2.4613144 9.397529 1.1827718 -0.054250002 0.98308 4.7988505
2.4780743 9.395134 1.3958622 -5.05925 2.90808 4.58885
2.4493432 9.373586 1.5131817 -8.24425 6.19808 4.9038506
2.4876516 9.268238 1.5610672 -8.279249 7.94808 4.93885
2.4421604 9.167678 1.3623424 -5.68925 7.7030797 3.9238498
2.5187771 9.191621 1.1612233 -0.96425 6.2680798 3.1188498
2.631308 9.196409 1.0654523 2.0457501 5.95308 3.2588499
2.6720107 9.124581 1.1037607 0.82075 8.36808 4.09885
2.6959534 9.110215 1.1564348 -3.41425 13.58308 5.67385
2.6863763 9.244295 1.2689656 -6.1442504 18.83308 7.70385
2.7031362 9.61062 1.3551595 -4.95425 20.05808 8.963851
2.9162266 9.957788 0.8571504 1.9757499 14.248079 9.17385
3.2179053 10.312141 -0.22985038 13.91075 5.9880795 8.78885
3.6512692 10.407912 -1.5179702 24.235752 1.29808 7.1438503
4.0199876 10.2642565 -1.8052832 24.13075 1.01808 4.83385
4.1181526 10.027223 -1.786129 11.7057495 2.66308 2.45385
3.677606 9.732727 -1.9202085 -15.279249 5.07808 -8.85115
3.3136764 9.457385 -2.2147043 -20.14425 1.43808 -14.20615
3.2633965 9.289786 -2.1548474 -23.57425 -3.63692 -15.186149
3.241848 9.167678 -2.1835787 -25.359251 -9.13192 -13.29615
3.2633965 9.304152 -2.4277947 -22.83925 -14.62692 -11.16115
3.703943 9.246689 -2.7653873 -18.21925 -22.74692 -8.67615
3.8188684 9.277815 -3.031152 -13.73925 -37.446922 -9.90115
3.694366 9.488511 -2.9928436 -14.61425 -51.09692 -14.1011505
4.04393 9.486116 -2.997632 -22.699251 -56.48692 -14.97615
4.3791285 9.502876 -2.5834224 -35.194252 -60.021927 -13.26115
4.40786 9.3831625 -1.6712039 -50.34925 -63.69692 -14.871151
4.565882 9.232324 -0.7948992 -61.58425 -66.60193 -17.846151
4.702356 9.055147 -0.28252444 -62.984253 -74.581924 -19.91115
4.520391 8.865999 0.11492519 -58.889248 -85.571915 -23.06115
4.2618093 8.746285 0.86193895 -57.839252 -90.15693 -25.93115
4.575459 8.657698 1.6041641 -56.85925 -91.03192 -26.45615
5.00164 8.509253 1.489239 -49.75425 -97.54192 -24.601149
5.027977 8.609812 1.0750294 -41.004253 -103.316925 -23.06115
4.8148866 8.7822 1.9656997 -42.824253 -99.53692 -22.88615
4.7693954 8.760652 3.1987512 -52.76425 -93.72692 -24.84615
4.8316464 8.624178 3.0814316 -53.63925 -90.92692 -26.03615
5.0662856 8.775017 3.050306 -44.18925 -91.52193 -23.48115
5.0399485 8.499676 4.209135 -40.65425 -91.52193 -20.611149
4.6544704 8.396722 5.140508 -41.49425 -90.01692 -22.78115
4.5970078 8.248277 4.5850363 -28.439249 -93.48192 -24.98615
4.2378664 8.265037 4.5251794 -9.11925 -100.65692 -24.35615
4.2905407 8.236305 5.1716337 -1.55925 -98.97692 -22.15115
3.7685885 8.298556 5.1883936 0.78575 -94.60192 -18.89615
3.6105664 8.269825 4.860378 11.60075 -93.20192 -18.61615
4.1540666 8.28898 4.740664 22.41575 -90.29692 -15.746151
4.3073006 8.542772 4.2642035 22.55575 -77.41692 -8.71115
4.230684 8.480521 4.723904 17.725752 -66.181915 -7.3461504
4.453351 8.183631 6.1317377 6.0707498 -59.181923 -13.54115
3.0000262 8.279403 6.325674 -4.5342503 -50.676918 -22.18615
2.482863 8.55235 4.8124924 5.4757504 -45.181923 -34.471153
2.1309047 8.614601 4.3264546 21.75075 -40.80692 -37.90115
0.7589851 8.858817 5.774991 10.34075 -31.74192 -35.451153
1.5634614 8.861211 6.9098773 -16.57425 -27.22692 -36.851147
1.4772675 8.79896 6.91706 -30.154251 -34.016922 -29.39615
0.045491222 8.305739 6.7997403 -23.78425 -38.18192 -24.39115
-0.17957062 8.454185 6.3735595 -1.03425 -25.72192 -17.42615
0.6656084 8.877971 5.549929 12.86075 -31.111917 -5.38615
0.9768641 9.016839 4.8747435 18.00575 -26.87692 0.80885
0.9026416 8.91628 4.659259 14.610749 -16.30692 1.1588501
0.7877164 9.007262 4.170827 12.51075 -11.68692 -0.38114998
0.94095 9.210775 3.6440864 12.51075 -8.46692 -0.48615003
0.94573855 9.167678 3.46691 9.99075 -4.8619204 -0.06615
0.5913859 9.059936 3.2346652 7.92575 0.00308 -0.55615
0.76616794 9.284998 2.875524 8.48575 2.94308 1.3688501
1.5514901 9.433443 2.770176 10.305751 0.24808002 6.37385
1.5467016 9.512454 2.2338583 11.7057495 -2.06192 6.96885
1.3719195 9.613013 1.9728824 10.58575 1.7530801 2.6988502
1.5227587 9.615408 2.0758362 4.35575 5.9880795 1.33385
1.7047237 9.641745 1.9824595 1.27575 6.05808 1.29885
1.5179702 9.536397 2.0494993 1.24075 3.29308 -0.52115
1.2330515 9.486116 2.0327394 1.13575 0.35308 -2.9361503
1.5706443 9.555551 2.0614705 0.92574996 1.5080799 -2.1311498
1.9034485 9.862018 1.8531687 0.19075 5.9180803 2.34885
2.063865 9.974549 1.4533248 1.8707502 5.04308 3.5038502
1.637684 9.873989 1.3886794 1.06575 3.71308 1.71885
1.7669748 9.653716 1.7526091 -4.77925 6.7580805 -0.87115
2.2003386 9.751882 2.4158232 -11.0442505 8.05308 -0.62615
2.0949905 9.72315 2.2194927 -11.849251 9.103081 0.45885003
1.6041641 9.603436 1.4605076 -3.65925 9.69808 -1.60615
1.6975409 9.435837 1.2953026 3.6557498 7.4230804 -3.39115
1.8172545 9.44302 1.9226027 1.10075 4.93808 -2.9361503
2.0375278 9.419077 2.248224 -6.3892503 7.668081 -1.3611501
2.056682 9.349643 2.0806248 -6.31925 9.52308 0.31885
1.7047237 9.268238 1.5610672 0.78575 6.51308 -0.59115005
1.7669748 9.12937 1.2737542 7.29575 1.5780799 -2.72615
1.6137413 9.052753 1.4365649 7.7857504 -1.95692 -2.06115
1.8483802 9.141341 1.5706443 4.9857497 -4.8619204 -1.3611501
2.0423164 9.347249 1.4126221 3.7607503 -8.711921 0.0038500002
1.7023294 9.431048 1.3743137 3.48075 -8.43192 0.35385
1.7837347 9.395134 1.5562786 2.0457501 -0.69692 -1.3611501
2.1189332 9.601042 1.6017698 -0.82425 4.2380805 -0.59115005
2.083019 9.651321 1.498816 -2.67925 5.28808 1.57885
2.0518935 9.596253 1.4317763 -2.18925 3.9930797 0.0038500002
1.8172545 9.591465 1.5059988 -2.78425 3.81808 -1.7811501
1.7837347 9.577099 1.5299416 -3.72925 3.39808 -2.90115
2.0255566 9.577099 1.8340145 -3.20425 0.49308 -1.6761501
1.934574 9.562734 1.7933118 -2.22425 -0.10192 -1.18615
1.934574 9.577099 1.6759924 0.50575 -0.06692 -1.8511502
2.0710478 9.541185 1.5874043 2.1507502 -1.9219201 -1.5711501
2.1644244 9.47654 1.6161355 1.31075 -2.30692 -2.41115
1.9369683 9.4142885 1.7382435 -1.27925 0.45807996 -4.30115
1.611347 9.44302 1.6951466 -2.53925 3.5030801 -5.9461503
1.8340145 9.557945 1.7454263 -2.08425 3.57308 -4.51115
1.9800652 9.634562 1.6592325 -0.75425005 2.45308 -2.23615
1.8244374 9.560339 1.5658557 -0.33425 1.15808 -2.5511498
1.5706443 9.5244255 1.6975409 -1.80425 0.84308004 -4.54615
1.5514901 9.452597 1.9130256 -4.18425 0.70308 -4.47615
1.5107874 9.407105 2.047105 -4.04425 -0.69692 -3.00615
1.5203645 9.474146 2.19555 -2.01425 -0.45192 -1.08115
1.6688095 9.584282 2.126116 1.24075 -0.76692003 0.63385004
1.8052832 9.584282 1.6712039 5.9657497 -2.97192 2.06885
1.6759924 9.57231 1.6927522 7.7157497 -2.0969203 2.27885
1.7190893 9.57231 1.8579572 4.6357503 0.21308 1.33385
1.9058428 9.636956 1.8962656 2.1157498 1.05308 1.08885
1.8651401 9.601042 1.5083932 2.53575 1.12308 1.12385
1.5730386 9.490906 1.462902 2.99075 1.01808 -1.2911501
