1.23 9.78 0.0 3.4377468 2.8647888 -1.1459155
0.57 9.599999 0.32999998 -5.15662 -13.178029 -1.1459155
0.95 9.61 1.1 0.0 -15.469859 -1.1459155
0.98999995 9.45 1.11 6.3025355 -13.178029 -2.291831
0.85999995 9.429999 0.74 10.31324 -6.8754935 -2.8647888
0.53999996 9.38 0.32 9.167324 -7.448451 -1.1459155
0.90999997 9.559999 0.03 8.594366 -12.605071 -0.57295775
1.03 9.53 -0.19999999 4.0107045 -9.740283 -2.291831
1.05 9.79 -0.32999998 -0.57295775 -6.3025355 -2.8647888
1.18 9.87 -0.93 -10.31324 -7.448451 -5.15662
1.09 9.929999 -1.0699999 -17.188732 -6.8754935 -5.15662
1.12 9.88 -0.76 -14.896902 -10.31324 -3.4377468
1.31 10.11 -0.59 -6.3025355 -12.605071 -4.0107045
1.81 10.599999 -2.4199998 -7.448451 -15.469859 -4.0107045
2.08 10.38 -2.5 -6.8754935 -18.334648 -9.740283
1.8 10.219999 -2.12 6.3025355 -23.49127 -9.740283
1.35 9.91 -2.8899999 19.480566 -34.377464 -5.7295775
1.6999999 10.099999 -3.6499999 23.49127 -48.701412 -1.7188734
2.26 10.12 -4.0299997 19.480566 -66.463104 -4.583662
2.51 10.059999 -4.06 13.750987 -71.04677 -5.7295775
2.22 9.809999 -3.97 7.448451 -75.057465 -1.7188734
2.36 9.51 -3.6999998 5.7295775 -79.06818 0.0
2.4099998 9.46 -2.99 12.032113 -88.80846 0.57295775
3.08 9.86 -2.57 17.761692 -96.256905 -2.291831
3.27 9.71 -2.8899999 10.886198 -101.41353 -5.7295775
2.47 9.2 -1.75 10.31324 -100.84057 0.0
3.04 9.429999 -1.4 17.188732 -101.98649 2.291831
3.4299998 9.19 -2.09 17.188732 -104.27831 -1.7188734
2.9299998 8.849999 -1.75 16.615776 -110.58085 -3.4377468
2.33 8.86 -1.3 20.62648 -117.456345 2.8647888
2.69 8.94 -1.61 14.323945 -120.32113 8.594366
3.09 8.849999 -1.66 7.448451 -121.46705 7.448451
2.79 8.8 -0.32 10.31324 -122.04 10.31324
2.27 9.12 0.63 17.761692 -123.75887 16.615776
2.86 9.53 0.32 16.615776 -122.04 13.750987
3.0 9.46 -0.12 8.021409 -118.60226 12.605071
2.6799998 9.49 0.28 4.583662 -118.029305 14.323945
3.1999998 9.82 -0.12 0.57295775 -120.32113 9.167324
3.1499999 9.34 -0.74 -12.605071 -117.456345 1.1459155
2.27 9.21 -0.95 -33.231552 -117.456345 1.7188734
2.22 9.05 -0.45999998 -51.5662 -122.04 3.4377468
1.9 8.48 1.14 -57.29578 -126.62367 4.583662
0.94 8.87 3.29 -26.356058 -129.48846 17.761692
1.3299999 10.17 4.0099998 -2.291831 -131.20734 20.053522
3.35 10.36 2.84 6.8754935 -127.19663 4.0107045
3.1599998 9.87 2.0 0.57295775 -119.17522 -4.0107045
1.29 9.69 1.9 -10.31324 -114.0186 3.4377468
0.77 10.21 1.9799999 -25.7831 -102.55944 8.594366
1.55 9.059999 1.8299999 -58.441692 -91.10028 -3.4377468
0.68 9.309999 3.76 -63.598316 -99.69466 0.0
0.96 9.73 5.5299997 -45.263664 -99.1217 2.291831
1.29 9.63 5.19 -25.210142 -80.78705 0.57295775
0.75 9.12 4.38 -22.345354 -65.317184 -2.291831
0.03 9.61 4.85 -25.7831 -58.441692 0.0
0.59 10.0199995 5.22 -13.750987 -40.107044 -2.291831
1.14 9.61 4.58 -5.7295775 -24.637184 -10.886198
0.07 9.0 3.99 1.7188734 -24.637184 -8.021409
-0.76 9.2 4.14 12.032113 -22.345354 0.0
-0.02 9.67 3.32 13.178029 -16.042818 -1.7188734
0.45 9.639999 2.01 5.15662 -10.31324 -7.448451
-0.51 9.429999 1.62 -9.167324 -12.032113 -0.57295775
0.03 9.69 2.01 -10.886198 -6.8754935 -1.1459155
0.22 9.5199995 1.55 -10.31324 -4.583662 -5.15662
-0.28 9.09 1.3399999 -10.886198 -6.8754935 -6.8754935
-0.76 9.08 1.9699999 -8.021409 -8.594366 -1.1459155
-0.48999998 9.44 2.1599998 -1.7188734 -4.583662 2.8647888
0.03 9.63 1.66 0.57295775 -2.291831 0.0
0.13 9.48 1.22 -1.7188734 -2.291831 -2.291831
-0.08 9.55 1.48 -2.291831 -1.7188734 -1.1459155
-0.34 9.66 1.53 -1.7188734 0.0 0.57295775
-0.08 9.59 1.42 -1.1459155 1.7188734 0.0
-0.22999999 9.5 1.63 2.291831 4.0107045 1.1459155
0.26999998 10.179999 1.12 6.8754935 4.583662 0.57295775
0.38 9.98 0.22999999 -1.7188734 4.583662 -3.4377468
-0.16 9.73 0.71999997 -10.886198 4.583662 -5.7295775
-0.62 9.84 1.76 -7.448451 7.448451 -1.1459155
0.04 9.94 1.86 3.4377468 6.8754935 0.0
0.28 9.889999 0.93 8.594366 8.021409 -4.0107045
-0.17 9.69 0.37 0.0 6.8754935 -5.15662
-0.64 9.78 0.74 0.0 2.8647888 0.0
-0.22999999 9.82 0.84999996 2.291831 1.1459155 -0.57295775
0.26999998 9.78 0.45999998 -2.291831 3.4377468 -4.583662
-0.07 9.65 0.34 -8.594366 2.291831 -4.0107045
-0.38 9.599999 0.79999995 -8.021409 0.57295775 -2.291831
-0.24 9.469999 1.26 0.57295775 4.0107045 -2.291831
-0.37 9.36 1.01 1.1459155 1.1459155 -1.1459155
0.03 9.429999 1.25 2.8647888 1.7188734 -1.1459155
-0.02 9.5199995 1.17 3.4377468 5.7295775 -2.291831
-0.099999994 9.559999 0.97999996 0.57295775 5.15662 -3.4377468
-0.34 9.25 0.72999996 -2.291831 5.7295775 -3.4377468
-0.45999998 9.38 1.02 -5.15662 8.021409 0.57295775
0.03 9.57 1.29 0.0 8.021409 -1.7188734
0.049999997 9.48 1.18 7.448451 4.0107045 -4.0107045
-0.56 9.36 1.0799999 11.459155 2.291831 0.0
-0.64 9.49 0.7 7.448451 4.0107045 4.0107045
-0.22999999 9.79 0.17999999 0.0 4.583662 2.291831
0.03 9.74 0.28 -8.021409 0.0 -1.1459155
-0.44 9.69 0.98999995 -7.448451 1.1459155 -0.57295775
-0.44 9.8 1.3299999 -1.7188734 1.7188734 2.291831
0.03 9.7 1.1 2.8647888 0.0 0.57295775
0.02 9.57 0.96 4.583662 -0.57295775 -1.1459155
-0.42999998 9.53 0.75 0.0 0.0 2.291831
-0.34 9.74 0.65 -4.0107045 0.0 1.1459155
0.08 9.849999 0.81 -4.583662 0.0 -0.57295775
0.089999996 9.639999 1.06 -2.291831 0.0 -1.7188734
-0.45 9.49 1.3 0.0 0.0 1.1459155
-0.48 9.45 1.38 2.291831 0.0 2.291831
0.02 9.5199995 1.3399999 5.7295775 2.8647888 0.57295775
-0.24 9.53 0.78 4.0107045 1.7188734 0.57295775
-0.39999998 9.57 0.84999996 1.7188734 0.57295775 1.7188734
-0.14 9.8 0.76 0.0 0.0 3.4377468
0.13 9.7699995 0.63 -1.7188734 -1.1459155 0.0
-0.11 9.65 0.98999995 -1.7188734 -1.1459155 -1.1459155
-0.41 9.54 1.24 2.8647888 0.0 2.291831
-0.19999999 9.67 1.3199999 6.3025355 0.0 2.291831
-0.04 9.74 0.95 6.3025355 0.0 1.7188734
-0.19999999 9.76 0.71999997 4.583662 -2.291831 1.7188734
-0.14 9.88 0.76 1.7188734 -0.57295775 1.7188734
