0.38547826 9.72315 0.36871833 -5.706085 11.342345 -5.73748
0.5602603 9.632168 0.3328042 -8.016085 10.957345 -5.7024803
0.6703969 9.675264 0.038308397 0.593915 0.80734503 2.41752
0.57462597 9.814133 -0.13647367 1.8539151 3.047345 3.88752
0.723071 9.957788 -0.011971374 -2.066085 4.097345 5.7075205
0.9241901 10.122993 0.009577099 -5.846085 1.752345 7.45752
0.8571504 10.1541195 -0.5363176 -7.9110847 1.227345 7.5275197
0.8978531 9.948212 -0.66321415 -17.956085 6.057345 8.26252
0.58420306 9.692024 0.30167863 -36.331085 11.202345 9.242519
0.6105401 9.567522 0.9433443 -45.641087 11.342345 9.767521
0.8930645 9.577099 1.2234744 -39.72609 6.127345 11.41252
1.1492519 9.744699 1.3096683 -25.831085 0.877345 11.132521
1.1779832 9.794978 1.1420691 -9.906085 -2.9026551 7.17752
1.1348863 9.8787775 0.6057515 3.883915 -5.2476554 2.1725202
1.0391153 9.850046 0.36871833 9.308915 -4.127655 -1.04748
0.9577099 9.737515 0.5818088 4.408915 -1.257655 -2.0274801
0.82123625 9.593859 0.70631105 -1.296085 1.437345 -1.6774801
0.86912173 9.5483675 0.5698374 -1.6810851 2.207345 -0.62748003
0.9217958 9.505271 0.35674694 0.103915006 1.227345 0.73752
0.81165916 9.510059 0.23224466 -0.001085 1.5073451 1.54252
0.71828246 9.416683 0.11492519 -3.7810853 3.012345 1.4725201
0.8332076 9.481328 -0.23224466 -8.856085 4.622345 0.9825199
1.2857256 9.775824 -0.749408 -11.796085 6.9323454 2.41752
1.8531687 10.427067 -1.3048798 -14.281085 7.807345 6.79252
2.1716073 10.819728 -2.126116 -18.831085 9.627345 11.58752
2.2889266 10.937047 -2.875524 -24.711084 15.752346 14.31752
2.2961094 10.858036 -2.6145482 -36.366085 24.397345 13.757521
2.1476645 10.709591 -2.248224 -47.566086 30.312346 7.80752
1.9489397 10.779025 -2.578634 -41.056084 25.622345 -2.8324802
1.9369683 10.860431 -3.5914123 -14.596086 10.467345 -12.52748
2.1452703 10.759871 -4.1804037 15.5739155 -9.447655 -18.86248
1.9130256 10.522838 -4.6832013 31.708918 -26.072657 -22.60748
1.4868447 10.498895 -5.0207944 35.733917 -34.682655 -26.597479
1.6424725 10.276228 -5.0136113 32.268913 -38.812656 -28.52248
2.0925963 9.98652 -4.757424 20.893913 -45.742653 -24.28748
2.2530127 9.57231 -4.1540666 5.563915 -52.357655 -18.687479
2.3416007 9.47654 -3.737463 -6.3010845 -60.932655 -16.972479
2.813273 9.457385 -3.354379 -10.046085 -87.56766 -11.02248
3.6297207 9.431048 -2.5115943 -7.736085 -108.00766 -5.2824802
4.0391417 9.615408 -1.786129 -3.011085 -123.86266 -2.16748
4.338426 9.797373 -1.3168511 3.5689151 -127.117645 -0.24247998
4.4725056 9.943423 -0.5363176 6.788915 -124.56267 0.10752001
4.5610933 9.541185 0.7996878 4.3739147 -119.97765 0.31752
4.067873 9.299363 1.6999351 8.083916 -111.92766 1.54252
4.503631 9.450203 1.7095122 27.928915 -108.07765 5.04252
5.516409 10.05356 1.4916332 53.513912 -119.41765 9.10252
6.2083545 10.185245 1.3862851 68.98391 -138.31767 9.767521
5.2937417 9.933846 2.2673783 70.45392 -139.75267 2.03252
3.816474 9.75667 1.8579572 70.90891 -121.44765 -13.61248
2.9473522 10.022434 1.9202085 66.183914 -103.91266 -17.707481
4.0391417 9.957788 2.6289136 41.928917 -95.37266 -2.69248
5.0998054 10.618608 3.0814316 16.518915 -87.63766 11.342521
5.3368387 11.248303 3.74704 7.3139153 -81.58266 8.71752
2.8970726 10.807756 3.6464806 10.358915 -80.18265 -11.54748
1.924997 9.929058 3.5411325 9.308915 -78.88766 -30.132483
1.7573977 9.708784 3.8284454 -8.786085 -64.99265 -31.81248
0.70631105 9.534002 4.276175 -29.191084 -46.232655 -21.942482
0.23224466 9.3831625 4.8819265 -35.736088 -32.23266 -14.2074795
0.27055305 9.438231 4.850801 -27.231085 -35.417656 -12.212481
1.089395 9.119793 3.241848 -7.736085 -46.232655 -7.55748
-0.6153286 9.591465 2.2625897 3.5339148 -37.727657 -2.97248
-1.6879637 9.656111 3.2394538 -10.186085 -22.642654 -6.6124797
-0.50998056 8.990502 4.522785 -37.766083 -10.917655 -7.03248
-0.14126222 9.191621 4.6137676 -49.141087 -4.5476546 -1.74748
-0.88588166 9.462174 3.9505534 -37.451088 0.98234504 -1.01248
-1.211503 9.47654 3.0167863 -18.586086 2.5223448 -6.92748
-1.0079896 9.256267 2.578634 -7.1760855 2.207345 -9.482481
-0.82123625 9.356826 2.3918805 -4.866085 5.987345 -2.8674798
-0.6751855 9.282603 1.7262721 -3.606085 9.872345 2.94252
-0.6153286 9.416683 1.5036045 0.523915 11.902345 3.95752
-0.48124924 9.469357 1.0989721 3.043915 10.817346 2.73252
-0.45491222 9.526819 0.6105401 3.393915 7.9823456 1.19252
-0.43336374 9.399923 0.3423813 2.623915 8.2273445 0.84252
-0.45491222 9.486116 0.6177229 -1.121085 7.667345 0.45752
-0.42139238 9.584282 0.80687064 -9.556086 2.3473449 1.4025201
-0.24900457 9.648928 0.7398309 -4.0610847 -2.2726552 2.83752
-0.098165266 9.754275 0.44772938 2.343915 -3.2876549 4.6575203
0.12450229 10.0368 0.2753416 4.4789147 -0.137655 5.6375203
0.17717634 10.242707 0.33519846 2.168915 3.397345 4.41252
0.15323359 10.225947 0.28013015 -0.49108505 3.957345 1.2625201
0.05506832 10.134965 0.43815228 -1.7160851 5.042345 -1.4674801
0.031125572 10.05356 0.45970076 -1.436085 5.602345 -1.3274801
0.16520496 10.106234 0.31365 0.453915 5.707345 -1.4324801
0.35914123 10.122993 0.062251143 1.993915 5.252345 -2.09748
0.17478207 10.046377 0.16759923 -0.141085 6.057345 -4.44248
0.028731298 9.881172 0.17238778 -2.696085 7.5623455 -6.12248
0.13886794 9.864412 0.18675344 -2.871085 7.1773453 -6.43748
0.023942748 9.845258 0.15802214 -1.611085 6.092345 -6.5074797
-0.03351985 9.692024 -0.023942748 -0.52608496 6.092345 -7.27748
-0.22745611 9.61062 0.07901107 -1.191085 6.8623447 -7.38248
-0.11492519 9.668081 0.090982445 -3.606085 8.332345 -6.22748
0.09577099 9.6896305 0.045491222 -2.6610851 7.5623455 -2.9024801
-0.19154198 9.735122 0.2681588 -2.3810852 5.112345 -2.97248
-0.21069619 9.703996 0.16520496 -3.0810852 6.3023453 -3.32248
-0.019154198 9.735122 0.12689656 -0.421085 6.337345 -0.55748
-0.11971374 9.845258 -0.07901107 3.6389148 2.5223448 1.2625201
-0.09337672 9.885961 0.011971374 5.5289154 1.9273449 1.05252
0.13647367 9.8787775 0.07901107 3.323915 4.097345 2.2775202
0.17478207 9.847652 -0.16520496 2.938915 4.377345 3.6425197
0.03351985 9.862018 -0.2849187 4.058915 4.097345 1.9275199
-0.05027977 9.672871 -0.13886794 2.0639153 6.057345 -0.59248
-0.035914123 9.498088 0.035914123 -1.436085 6.092345 -1.6774801
-0.102953814 9.553157 -0.06464542 -2.1710851 4.3423448 -1.57248
0.0071828244 9.672871 -0.24182175 -0.911085 4.6573453 -0.80248
0.13886794 9.634562 -0.2753416 0.523915 5.777345 1.08752
0.016759925 9.677659 -0.11492519 0.138915 3.712345 1.4025201
0.117319465 9.751882 -0.30646718 -2.5560849 2.3123453 0.42252
0.05027977 9.828498 -0.3519584 -2.836085 3.397345 1.2275201
-0.016759925 9.804555 -0.04070267 -2.1360848 2.3123453 1.0175201
0.12210801 9.91948 0.4189981 -3.711085 -0.87265503 0.17752
0.3615355 10.063137 -0.011971374 0.173915 -2.3076549 3.4675202
0.17957062 10.039194 -0.25139886 3.148915 -0.697655 1.9625201
0.16520496 10.008069 -0.06464542 -0.21108499 -1.117655 0.10752001
0.20111908 9.979338 0.25858167 -4.026085 -1.257655 -0.94247997
0.17478207 10.027223 0.17957062 -3.9560847 -0.59265506 -2.37748
0.08140534 9.976943 0.117319465 -2.6260853 0.42234498 -3.8474798
-0.11013664 9.732727 0.071828246 -2.766085 1.087345 -4.44248
-0.08619389 9.668081 0.1987248 -3.8510847 1.9973452 -4.44248
-0.019154198 9.744699 0.26097596 -3.7460847 2.2423449 -2.5874798
0.0 9.804555 0.27055305 -1.0860851 1.8573451 -1.01248
0.12689656 9.744699 0.06464542 2.273915 -0.102655 -0.03248
-0.016759925 9.694419 -0.12689656 2.6939151 0.14234501 -0.20748
0.038308397 9.771035 0.14365649 -1.331085 3.152345 -1.15248
