0.31125572 9.5244255 0.45730647 -15.226087 8.192345 2.24252
0.49082634 9.627379 0.65124273 -19.286083 6.7223454 5.5675197
0.89545876 9.979338 0.45491222 -13.441085 1.122345 10.39752
1.0439038 10.060742 0.24421602 -5.356085 -4.197655 11.552521
1.0247496 9.912297 0.34716985 -3.256085 -5.1426554 7.73752
0.74701375 9.821315 0.7015225 -6.511085 -0.87265503 3.39752
0.6488485 9.852441 0.75659084 -7.736085 1.9623449 0.24752
0.7110996 9.850046 0.5818088 -2.906085 -1.292655 -0.62748003
0.69194543 9.864412 0.3998439 1.8889148 -4.4076552 -0.06748
0.7709565 9.895537 0.31125572 1.3989149 -2.9026551 1.33252
0.7685622 9.850046 0.27294734 -3.186085 -0.032655 2.20752
0.7877164 9.821315 0.69673395 -9.766085 2.5223448 2.73252
0.7541966 9.682447 0.9984126 -16.381084 3.572345 3.7825198
0.7996878 9.591465 1.1229149 -16.696087 4.517345 3.74752
0.8356019 9.677659 1.0271438 -11.446085 2.907345 3.7125204
0.91700727 9.70639 0.65842557 -2.766085 0.59734505 3.0475202
0.82602483 9.70639 0.6057515 3.078915 -0.9426551 1.89252
0.7877164 9.613013 0.74701375 2.448915 -0.312655 0.17752
0.7901107 9.5244255 0.6703969 -0.736085 1.122345 -0.31248
0.88588166 9.466963 0.4070267 -2.346085 3.4323452 0.07252
0.9720756 9.514848 0.40463245 -3.466085 6.022345 1.4375199
1.0439038 9.840469 0.18914771 -6.2310853 7.737345 3.2925203
1.297697 10.166091 -0.25858167 -7.561085 8.262345 4.20252
1.2953026 10.604243 -1.1300977 -7.7710853 9.417345 6.1275196
1.6424725 10.587483 -2.030345 -16.836084 24.607344 10.85252
1.2833313 10.352844 -2.5379312 -24.256084 35.387344 8.47252
0.5794145 10.527626 -2.7677817 -22.436085 41.337345 0.03752
0.73743665 10.776631 -2.8084843 -12.601085 26.882343 -3.1824799
1.1947432 10.874796 -3.215511 2.728915 -0.697655 -2.09748
1.5347302 10.819728 -3.7350688 15.748916 -19.877655 -3.7774801
1.4581133 10.714379 -4.022382 18.478914 -24.532654 -7.6974807
1.4485363 10.592272 -4.041536 13.193915 -23.552656 -11.09248
1.5514901 10.379181 -3.6201434 6.123915 -27.192656 -12.91248
1.7358493 10.328901 -3.675212 3.428915 -33.98266 -12.35248
1.9968252 10.297776 -3.7925313 1.9589151 -45.18266 -10.91748
2.310475 10.187639 -3.328042 -5.461085 -60.162655 -10.49748
2.466103 10.295382 -2.360755 -17.326086 -72.27265 -10.427481
2.7079248 10.180456 -1.802889 -24.046083 -78.39766 -10.18248
3.1029801 10.139753 -1.6257126 -23.311085 -79.97266 -8.78248
3.2035396 10.151725 -0.98404694 -20.546085 -80.88266 -9.692481
3.2562137 9.98652 -0.37350687 -19.076084 -86.86766 -14.38248
2.813273 9.895537 0.27294734 -16.241085 -90.92765 -20.54248
2.2673783 9.964972 0.8092649 -10.816084 -88.44266 -27.017479
3.093403 10.161303 0.9194015 -2.9410853 -85.85265 -29.747478
3.5052183 10.395941 0.93616146 2.133915 -91.69766 -26.66748
3.3567734 10.046377 1.3312168 -0.631085 -96.28265 -27.997482
2.5307484 9.4095 1.5538844 -9.871085 -80.60266 -31.07748
2.2530127 9.057542 1.6855695 -11.5510845 -53.302658 -30.272478
3.440573 9.253872 2.1979442 -0.771085 -45.462654 -21.34748
3.9481592 9.735122 2.5714512 15.153915 -65.83266 -7.03248
3.7614057 9.897932 2.6504622 29.853916 -92.362656 -4.30248
2.9832664 9.519637 2.9928436 36.678913 -106.04765 -11.1274805
2.3392065 9.093455 3.4477558 34.088913 -103.42265 -17.60248
2.0351336 8.906702 4.233078 27.053915 -95.96765 -18.547482
2.020768 9.019233 4.11097 23.868916 -91.66266 -13.507481
1.5754328 8.959376 4.005622 32.023914 -89.17766 -8.53748
1.010384 8.74868 3.8763309 44.483917 -81.61765 -6.57748
0.17238778 8.813326 3.737463 54.668915 -70.03265 -4.47748
0.22506183 9.217958 2.8779182 64.18892 -61.982655 -0.94247997
0.9505271 9.797373 1.9369683 69.473915 -61.80765 8.19252
1.7885233 10.295382 1.7406378 57.958916 -63.27766 20.862518
2.1093562 10.369604 1.6424725 -4.0610847 -34.717655 25.097519
1.7669748 10.017646 2.1907616 -27.021086 -20.612656 10.92252
0.38787252 9.1628895 2.7773588 -36.296085 -17.287655 -8.2924795
-0.3232271 8.7822 2.9090438 -32.026085 -21.137657 -22.257479
-0.8356019 8.734315 2.7366562 -21.106083 -24.987654 -25.19748
-0.845179 8.684034 2.4086404 -10.676085 -26.352655 -19.877481
-0.88588166 9.000079 2.264984 -5.251085 -26.352655 -14.907478
-0.8379962 9.26345 2.1572416 -6.861085 -25.687654 -11.72248
-0.6560313 9.347249 1.9944309 -10.221086 -21.977657 -8.36248
-0.80208206 9.486116 2.0614705 -12.181085 -18.267654 -6.68248
-0.9385557 9.574705 2.19555 -14.001085 -16.657656 -6.82248
-0.7110996 9.668081 2.5499027 -13.686086 -15.852655 -6.96248
-0.749408 9.598648 2.1644244 -8.646085 -15.502656 -7.1024804
-1.1420691 9.701602 2.1189332 -3.816085 -11.862656 -7.76748
-0.9217958 9.730332 1.9920366 -5.006085 -5.492655 -6.12248
-0.85954463 9.603436 2.0375278 -6.7910852 -0.55765504 -2.6224802
-0.61293435 9.4932995 1.6712039 -2.871085 2.4173448 -0.52248
-0.5913859 9.747093 1.0199611 6.263915 0.52734506 1.57752
-0.5985687 10.111023 0.85954463 11.338915 1.787345 5.0775204
-0.32083282 10.24989 0.8332076 9.623915 2.6273448 7.80752
-0.083799616 10.304958 0.45730647 9.308915 0.842345 9.10252
0.0023942748 10.247497 0.14605077 10.813915 0.037345003 7.07252
-0.038308397 10.218765 0.22745611 7.383915 0.45734504 2.97752
-0.22506183 10.05356 0.48843205 -0.316085 3.222345 -0.48747998
-0.34477556 9.905115 0.6249057 -5.9160852 7.7023444 -3.07748
-0.45491222 9.725544 0.5794145 -5.636085 8.927345 -4.16248
-0.4189981 9.675264 0.34477556 0.313915 6.9673448 -3.8474798
-0.3232271 9.680053 0.14605077 6.508915 4.3423448 -1.60748
-0.17957062 9.627379 0.09337672 8.328916 3.7473452 2.41752
0.08140534 9.608225 -0.22027329 8.538915 5.112345 4.62252
0.11971374 9.603436 -0.39266106 9.518915 4.3423448 4.90252
-0.16759923 9.5794935 -0.2561874 7.5939155 4.097345 3.1175199
-0.22266756 9.624985 -0.14365649 1.678915 4.902345 0.70251995
-0.08140534 9.694419 -0.19393626 -1.8910851 5.042345 1.4725201
0.014365649 9.761458 -0.28252444 -0.421085 3.8523455 3.81752
0.035914123 9.814133 -0.32801566 1.1189151 0.492345 4.02752
-0.021548472 9.821315 -0.07901107 -0.631085 -1.117655 2.62752
0.105348095 9.864412 -0.0023942748 -5.111085 -0.487655 1.54252
0.052674048 10.012857 -0.07901107 -3.9560847 0.31734502 0.9825199
0.026337024 9.93624 -0.098165266 -3.116085 0.562345 0.07252
0.045491222 9.850046 0.076616794 -4.0960855 0.632345 -0.34748
0.057462595 9.818921 0.03351985 -3.466085 0.66734505 -0.38248
0.08140534 9.840469 -0.08140534 -1.6810851 1.017345 -0.62748003
0.043096945 9.866806 -0.15083931 -0.52608496 0.772345 -1.57248
0.052674048 9.8548355 0.0071828244 -0.666085 -0.067655 -1.4674801
0.0 9.941029 -0.0670397 -1.1560851 -0.55765504 -1.60748
-0.045491222 10.034406 -0.0023942748 -2.5560849 2.1723452 -2.37748
0.026337024 10.022434 0.014365649 -4.236085 5.567345 -2.41248
-0.023942748 9.869201 0.083799616 -5.671085 6.2323446 -3.3574803
-0.19393626 9.885961 0.15323359 -4.726085 6.652345 -4.12748
-0.083799616 9.914692 0.06943397 -1.1560851 5.497345 -2.69248
-0.05506832 9.91948 0.083799616 2.133915 3.7823448 -0.55748
0.052674048 9.924269 -0.035914123 3.6039152 2.942345 -0.31248
0.10774237 9.917087 -0.07901107 3.778915 3.047345 -1.78248
-0.019154198 9.840469 -0.18675344 3.5339148 3.292345 -4.47748
-0.2944958 9.742304 -0.117319465 1.9239151 5.217345 -7.13748
-0.4189981 9.6896305 0.011971374 -2.2060852 8.192345 -6.78748
-0.3974496 9.5483675 -0.019154198 -4.481085 9.1023445 -3.7774801
-0.43336374 9.5244255 -0.026337024 -2.8010852 7.3173447 -0.83747995
-0.4070267 9.512454 0.14605077 -1.261085 4.412345 0.94752
-0.18675344 9.641745 0.15802214 -0.736085 2.3473449 3.50252
-0.031125572 9.670476 -0.16759923 2.658915 1.6473451 6.51252
0.038308397 9.818921 -0.24421602 6.473915 1.577345 7.35252
0.057462595 9.912297 -0.15083931 4.4789147 2.032345 6.1625204
0.047885496 9.897932 -0.14844504 0.663915 2.732345 4.34252
-0.13886794 9.811738 -0.22985038 -0.631085 1.9973452 2.3825197
-0.17717634 9.857229 -0.15802214 -1.191085 0.842345 0.45752
-0.0047885496 9.864412 0.26097596 -2.6610851 0.072345 0.00252
-0.04070267 9.847652 0.3615355 -4.0960855 -1.537655 1.3675201
-0.22266756 9.847652 0.26337022 -3.151085 -0.487655 1.19252
-0.13647367 9.924269 0.2849187 -1.506085 2.5223448 0.49252003
