0.69 10.34 0.25 1.1459155 -15.469859 4.0107045
1.1899999 10.389999 -0.32 7.448451 -27.501974 3.4377468
1.09 10.429999 -0.96 27.501974 -12.605071 -2.8647888
1.13 10.469999 -1.36 27.501974 -12.605071 -2.8647888
0.90999997 10.3 -1.77 16.042818 -6.3025355 -6.3025355
0.85999995 10.19 -0.88 -4.0107045 -2.8647888 -8.021409
0.71999997 10.09 -0.11 -8.021409 -9.167324 -8.594366
0.61 9.929999 -0.75 5.7295775 -16.615776 -9.167324
0.79999995 9.969999 -1.48 16.615776 -14.323945 -5.7295775
0.77 9.7 -1.63 10.31324 -8.021409 -4.0107045
0.45 9.46 -1.5899999 3.4377468 -4.583662 -5.15662
0.21 9.28 -1.41 0.0 -10.31324 -2.8647888
0.28 9.37 -0.93 -2.8647888 -14.896902 0.0
0.74 9.7 -0.85999995 -2.291831 -16.042818 1.1459155
0.91999996 10.139999 -0.95 0.0 -18.907606 -1.7188734
0.66999996 10.219999 -1.27 1.7188734 -21.772396 -3.4377468
0.53999996 10.349999 -1.67 0.0 -26.356058 -2.8647888
0.95 10.38 -1.02 -4.583662 -25.7831 -1.7188734
1.04 10.36 -0.84 -13.750987 -22.91831 -0.57295775
0.91999996 10.57 -0.87 -11.459155 -23.49127 -2.8647888
0.68 10.7 -0.65999997 -8.021409 -24.064226 -6.3025355
0.83 10.559999 -0.85999995 -6.3025355 -28.64789 -7.448451
0.93 10.639999 -0.97999996 -2.8647888 -29.793804 -6.3025355
0.83 10.37 -0.91999996 -4.583662 -27.501974 -6.3025355
0.77 10.5 -0.75 -5.7295775 -24.637184 -8.021409
1.13 10.33 -1.5799999 2.291831 -30.366762 -9.167324
0.9 10.2699995 -1.9399999 7.448451 -36.09634 -13.178029
0.48 10.09 -1.8 -0.57295775 -34.950428 -14.323945
0.47 10.04 -1.06 -10.31324 -37.815212 -11.459155
0.90999997 10.3 -1.0799999 -12.605071 -41.825916 -10.886198
0.77 10.24 -1.13 -16.615776 -41.825916 -13.750987
0.19 9.719999 -0.13 -22.91831 -39.53409 -16.042818
0.13 9.09 0.93 -12.605071 -40.107044 -13.750987
0.06 9.099999 0.12 0.0 -40.107044 -10.886198
0.06 9.61 -0.64 25.7831 -42.971836 -1.7188734
0.78999996 9.7699995 -0.83 26.356058 -44.69071 0.0
0.72999996 10.12 -1.26 26.929016 -50.993244 -3.4377468
0.83 10.179999 -1.3199999 20.62648 -49.84733 -4.0107045
0.51 10.05 -0.32999998 5.15662 -44.11775 -6.8754935
0.19 10.0199995 -0.21 -1.7188734 -40.107044 -5.7295775
0.69 10.01 -0.59999996 1.7188734 -38.961132 -4.583662
0.78 9.969999 -1.4699999 6.8754935 -46.40958 -4.583662
0.06 9.92 -0.90999997 -0.57295775 -51.5662 -10.31324
-0.03 10.11 0.21 -14.896902 -46.98254 -9.167324
0.81 10.17 0.41 -18.334648 -45.83662 -2.291831
0.84 10.4 -0.51 -8.594366 -47.555496 -4.0107045
0.0 10.42 -1.05 -10.886198 -49.84733 -10.31324
-0.04 10.349999 -0.049999997 -30.939718 -52.139156 -9.740283
0.65999997 10.21 0.66999996 -38.961132 -55.00395 -6.3025355
0.9 10.16 0.83 -38.961132 -55.576904 -5.15662
0.26 9.559999 2.31 -44.11775 -55.576904 -12.605071
0.0 9.24 2.6399999 -45.83662 -53.285076 -10.886198
-0.24 9.679999 3.36 -33.80451 -49.84733 -4.583662
0.93 9.42 2.27 -8.594366 -54.43099 2.8647888
1.0 9.2699995 1.66 8.594366 -49.27437 2.291831
-0.22999999 9.96 1.43 13.750987 -40.107044 -5.15662
-0.22999999 10.07 1.26 17.188732 -40.680004 -4.0107045
0.22999999 9.889999 0.26 17.761692 -36.09634 0.0
0.28 9.849999 0.35999998 12.605071 -30.366762 0.57295775
0.11 10.099999 0.35999998 7.448451 -29.220846 -1.1459155
0.38 9.98 -0.32 7.448451 -29.793804 -1.7188734
0.55 9.7 -0.45999998 0.57295775 -32.085636 -5.7295775
0.089999996 9.73 0.19999999 0.57295775 -32.085636 -5.7295775
0.22999999 10.219999 0.39 -1.1459155 -33.231552 -3.4377468
0.55 10.19 0.31 0.0 -28.07493 -0.57295775
0.59999996 10.13 0.53999996 -2.291831 -26.929016 -2.291831
0.03 10.21 0.75 -3.4377468 -32.085636 -7.448451
-0.06 10.34 0.68 -2.291831 -32.658592 -7.448451
0.21 9.83 0.59999996 -4.0107045 -29.220846 -5.15662
0.02 9.469999 1.0699999 -6.3025355 -28.64789 -5.15662
-0.35999998 9.67 1.28 -3.4377468 -30.366762 -6.8754935
-0.42 10.349999 1.42 4.0107045 -29.793804 -3.4377468
0.25 10.179999 0.78 16.042818 -29.220846 0.57295775
0.47 10.01 0.84 19.480566 -30.366762 -1.1459155
0.16 10.04 0.32 25.7831 -30.939718 -4.0107045
-0.06 10.34 -0.51 26.356058 -30.366762 -4.583662
0.29 10.059999 -0.47 13.750987 -25.210142 -1.1459155
0.37 10.0 0.07 2.8647888 -24.637184 -2.291831
0.28 9.9 0.65999997 4.0107045 -27.501974 -3.4377468
0.0 10.37 0.08 14.896902 -29.793804 -6.3025355
0.31 10.389999 -0.97999996 17.761692 -28.07493 -3.4377468
0.41 10.11 -0.38 0.57295775 -24.064226 -4.0107045
0.11 9.8 0.29 -3.4377468 -24.064226 -8.021409
-0.39 10.12 0.19 1.1459155 -25.210142 -8.594366
0.17 10.21 -0.84999996 12.605071 -29.793804 -4.583662
0.65999997 9.9 -1.1899999 10.886198 -31.51268 -1.1459155
0.22 9.889999 -0.26999998 -2.291831 -30.366762 -5.7295775
-0.13 10.099999 0.089999996 -10.886198 -30.939718 -7.448451
0.29999998 9.92 -0.32999998 -6.8754935 -31.51268 -6.8754935
0.12 9.74 -0.45 -6.3025355 -32.658592 -6.3025355
0.13 9.55 -0.34 -12.032113 -32.085636 -8.021409
-0.21 9.469999 -0.07 -17.761692 -33.80451 -9.167324
-0.28 9.55 1.1 -20.62648 -33.231552 -8.594366
-0.06 9.69 1.14 -11.459155 -38.961132 -4.0107045
-0.089999996 10.139999 0.95 -2.8647888 -38.38817 -2.291831
0.37 10.13 0.97999996 -2.291831 -33.80451 -2.8647888
-0.08 10.04 0.85999995 1.1459155 -30.939718 -6.3025355
-0.32999998 10.16 0.0 10.886198 -30.366762 -8.021409
0.099999994 10.099999 -0.59 12.605071 -32.085636 -4.583662
0.04 10.09 -0.58 5.7295775 -35.523384 -2.8647888
-0.12 9.889999 0.45999998 -6.3025355 -33.231552 -5.15662
-0.32 10.03 0.59 -13.178029 -30.939718 -6.3025355
-0.03 10.24 0.35999998 -7.448451 -30.939718 -4.583662
-0.07 10.099999 -0.01 -3.4377468 -29.793804 -2.291831
-0.22999999 10.07 0.0 -2.8647888 -30.366762 -4.0107045
0.07 10.139999 0.0 -4.0107045 -33.231552 -6.3025355
0.13 10.16 0.42999998 -6.3025355 -36.09634 -4.0107045
-0.099999994 10.2 0.66999996 -6.3025355 -32.658592 -6.8754935
-0.34 9.87 0.45 -1.7188734 -33.231552 -8.594366
-0.29 9.86 0.21 0.0 -32.085636 -8.021409
-0.59 9.86 0.66999996 -8.021409 -28.64789 -5.15662
-0.45 10.599999 0.51 -4.0107045 -30.939718 0.0
-0.03 10.639999 0.32999998 -1.1459155 -33.80451 1.7188734
0.31 10.48 1.06 -5.15662 -38.961132 -2.291831
-0.34 10.38 1.75 -2.291831 -39.53409 -10.31324
-0.55 10.84 2.1699998 2.8647888 -35.523384 -8.594366
0.39 10.57 1.7199999 7.448451 -30.939718 -5.15662
0.02 10.38 0.42 20.62648 -23.49127 -7.448451
-0.26999998 10.15 -0.28 21.772396 -24.637184 -13.750987
-0.32999998 10.09 -0.13 10.886198 -26.929016 -14.896902
-0.57 9.87 0.03 1.7188734 -24.637184 -14.323945
-0.38 9.849999 0.39 -4.0107045 -24.637184 -12.032113
-0.44 9.82 0.94 -5.7295775 -27.501974 -11.459155
-0.57 9.86 0.74 -2.291831 -28.64789 -10.31324
-0.64 9.86 0.24 1.7188734 -25.7831 -10.31324
-0.39999998 9.82 0.93 -4.0107045 -24.064226 -9.167324
-0.53999996 9.98 1.18 -0.57295775 -26.356058 -11.459155
-0.56 9.809999 -0.11 8.021409 -28.07493 -10.31324
-0.78 9.62 0.29999998 -9.167324 -24.064226 -10.886198
-0.69 9.99 1.87 -10.886198 -24.064226 -8.594366
-0.32999998 9.849999 0.84999996 -4.0107045 -21.772396 -7.448451
-0.62 9.46 0.45999998 4.583662 -19.480566 -7.448451
-1.0799999 9.83 1.28 0.0 -21.772396 -11.459155
-0.74 9.91 1.24 -4.0107045 -23.49127 -8.021409
-0.55 9.84 1.1 -2.8647888 -18.334648 -5.15662
-1.02 9.76 1.49 -6.3025355 -14.323945 -7.448451
-1.05 9.83 1.74 -8.594366 -14.323945 -7.448451
-0.98999995 9.58 1.3299999 -2.8647888 -11.459155 -6.3025355
-1.29 9.59 0.84 0.57295775 -10.31324 -7.448451
-1.0699999 9.82 1.17 -2.8647888 -8.021409 -5.7295775
-0.96 9.73 1.24 -6.8754935 -5.15662 -2.8647888
-1.13 9.37 1.29 -4.0107045 -5.15662 -4.583662
-1.03 9.51 1.03 0.0 -10.886198 -5.7295775
-1.04 9.5 0.78999996 0.0 -10.31324 -4.583662
-1.5 9.2699995 1.2099999 -7.448451 -4.583662 -5.15662
-1.48 9.309999 1.4399999 -8.594366 -1.1459155 -1.1459155
-1.25 9.719999 1.5699999 -5.7295775 -1.1459155 1.1459155
-0.7 9.73 1.18 1.7188734 -5.15662 2.8647888
-1.25 9.45 0.65999997 6.8754935 -5.7295775 -1.7188734
-1.4399999 9.309999 1.04 -0.57295775 -4.0107045 -3.4377468
-1.49 9.73 1.81 -8.594366 -0.57295775 2.291831
-1.29 9.88 2.03 -7.448451 0.0 5.15662
-1.03 10.17 1.5699999 3.4377468 1.7188734 8.021409
-0.48 10.36 0.26999998 13.178029 -0.57295775 6.3025355
-0.98999995 10.16 0.75 1.7188734 3.4377468 -1.1459155
-1.36 10.0199995 0.74 0.0 1.7188734 -2.291831
-1.0 10.2 0.55 2.291831 2.291831 1.1459155
-0.61 10.059999 0.39999998 0.57295775 2.8647888 2.291831
-1.0699999 9.96 0.42 0.0 4.583662 -0.57295775
-1.02 10.05 0.45 -1.1459155 0.57295775 -1.1459155
-0.85999995 10.0 0.55 -2.8647888 0.0 0.0
-1.0 9.75 0.72999996 -1.1459155 0.57295775 -0.57295775
-1.17 9.809999 0.59 1.1459155 -1.7188734 -1.7188734
-0.78999996 10.13 0.35999998 2.291831 0.57295775 1.1459155
-0.59999996 10.04 0.39 1.1459155 1.7188734 1.1459155
-1.04 9.86 0.45999998 -1.7188734 3.4377468 -0.57295775
-1.09 9.76 0.24 -1.1459155 1.1459155 -2.8647888
-0.98999995 9.679999 0.32999998 -1.7188734 -1.1459155 -1.1459155
-1.03 9.719999 0.77 -2.8647888 -1.1459155 -0.57295775
-0.84 9.849999 1.0699999 -4.583662 -1.1459155 0.57295775
-0.52 10.04 0.62 -0.57295775 1.1459155 2.291831
-0.58 9.98 0.62 0.0 1.7188734 1.1459155
-1.3399999 10.17 0.82 -1.7188734 1.1459155 -5.15662
-1.26 10.11 0.25 0.0 0.0 -4.0107045
-1.1 10.08 0.48999998 -4.0107045 1.1459155 0.0
-0.95 10.12 1.3 -9.167324 0.0 0.57295775
-0.78 10.059999 0.79999995 -1.7188734 -1.7188734 -0.57295775
-0.96999997 9.8 0.48 1.1459155 2.291831 -2.8647888
-1.4699999 9.87 0.79999995 0.0 4.583662 -4.583662
-1.3299999 10.05 0.45 1.1459155 2.291831 -4.583662
-0.84 9.969999 -0.02 4.583662 -3.4377468 0.57295775
-0.78 9.929999 0.39 0.0 -2.291831 1.1459155
-1.05 10.0199995 0.78999996 -8.021409 -1.1459155 -1.7188734
-1.24 10.0 0.31 -3.4377468 0.57295775 -2.8647888
-1.12 9.76 0.32 -0.57295775 -0.57295775 -1.1459155
-1.29 9.74 0.58 -5.15662 -0.57295775 -0.57295775
-0.96999997 10.07 0.98999995 -4.583662 -0.57295775 0.57295775
-0.81 9.969999 0.76 1.1459155 -1.7188734 0.57295775
-1.05 9.88 0.57 4.0107045 0.0 -1.7188734
-1.2099999 9.95 0.39999998 4.583662 0.0 -1.7188734
-0.83 9.94 0.42999998 1.7188734 -4.0107045 0.0
-0.98999995 9.75 0.52 0.57295775 -1.1459155 -1.1459155
-1.23 9.5199995 0.28 0.0 -0.57295775 -1.7188734
-1.24 9.88 0.85999995 -5.15662 -0.57295775 0.0
-0.65 10.24 0.90999997 -2.8647888 -1.1459155 1.1459155
-0.55 9.91 0.049999997 -1.1459155 -4.0107045 -3.4377468
-1.35 9.639999 -0.06 -4.583662 -2.8647888 -6.8754935
-1.48 9.79 1.22 -16.615776 -1.7188734 -6.8754935
-1.17 9.86 1.6899999 -16.615776 -1.7188734 -2.291831
-0.84999996 9.599999 1.3299999 -4.0107045 -0.57295775 1.1459155
-1.26 9.86 1.4599999 5.15662 0.0 -1.1459155
-1.0799999 10.01 0.87 8.021409 0.57295775 0.0
