0.3040729 9.61062 0.18675344 -1.330875 -9.23832 8.626135
1.647261 9.811738 -0.23224466 3.0791252 -13.29832 15.066135
1.8675344 9.991309 -0.44294083 4.724125 -13.08832 14.086136
1.3551595 9.972155 -0.15083931 3.324125 -7.97832 3.831135
0.65363705 9.6585045 0.15802214 0.874125 -1.3983201 -4.463865
0.339987 9.557945 0.25139886 1.294125 3.25668 -5.688865
0.531529 9.538791 0.06943397 4.969125 3.53668 -2.118865
0.7541966 9.629773 -0.12210801 8.854124 0.21168001 1.346135
0.723071 9.569917 -0.0670397 9.519125 1.08668 2.641135
0.77574503 9.526819 -0.14126222 8.014125 5.4966803 4.1811347
0.8643332 9.488511 -0.2083019 7.4191246 7.28168 5.861135
0.6847626 9.646533 -0.62251145 7.979125 7.3866806 5.1611347
0.43336374 9.687236 -1.4676905 7.174125 10.151679 4.391135
0.679974 9.5483675 -2.19555 -1.995875 17.08168 8.731135
1.3360053 9.452597 -2.535537 -16.590874 16.73168 18.251135
1.6592325 9.608225 -2.7246847 -30.240877 20.546679 22.871134
1.673598 11.24112 -2.9162266 -39.410873 32.411682 25.251137
3.3400133 11.873209 -3.8883023 -36.785877 35.45668 28.786137
5.0638914 12.004894 -6.074275 -24.325876 28.17668 30.606136
5.3535986 10.951413 -6.6848154 -16.660875 21.87668 21.821135
3.371139 10.939442 -5.504438 -24.010874 20.82668 -1.873865
2.4876516 10.683254 -4.8340406 -27.930876 13.33668 -28.578865
2.8563697 10.185245 -6.0263896 -15.120876 -9.44832 -36.558865
2.4277947 9.6896305 -5.954561 -2.730875 -24.568321 -32.393864
1.9920366 9.75667 -4.757424 -9.275875 -24.638319 -29.313868
1.9585168 9.70639 -4.532362 -13.055875 -37.343323 -28.718866
2.3655436 9.522031 -5.095017 -1.8558749 -71.188324 -26.408867
3.110163 9.203592 -4.6568646 1.469125 -85.95832 -18.638866
3.5914123 9.531608 -2.2793496 -16.030876 -76.578316 -9.223865
3.553104 9.687236 -1.1181264 -36.015873 -71.398315 -7.123865
4.3168774 9.70639 -1.0965779 -36.190876 -75.10832 -9.923865
5.032766 8.60263 -1.1420691 -23.590874 -89.35332 -8.453865
4.4198313 8.734315 -0.11253092 -14.910875 -117.213326 -8.068866
3.9170337 8.925857 0.25139886 -15.960875 -126.48833 -16.748865
4.3408203 8.727132 0.36632404 -16.765877 -122.148315 -21.508865
4.2187123 8.650515 1.4126221 -21.735874 -113.67832 -18.113865
3.8787253 8.897125 2.5403256 -38.465878 -95.79332 -22.663866
3.8954852 8.89952 2.640885 -28.700874 -102.89832 -25.428864
3.5435266 8.892337 2.1620302 -19.040874 -101.88332 -22.243866
3.0048149 8.760652 2.6097596 -24.570877 -93.90332 -18.148865
2.6744049 8.988108 4.642499 -37.310875 -81.33832 -16.013865
3.2298768 9.1940155 5.3966956 -36.36588 -71.11832 -14.298865
3.7590115 9.021627 4.843618 -22.015875 -75.28332 -9.258865
3.040729 8.827691 5.193182 -13.615874 -83.858315 -8.558865
2.0973847 8.672064 5.8683677 -14.315875 -83.47332 -13.038864
1.8292259 9.0838785 5.856396 -9.555875 -80.35832 -12.968865
1.5538844 8.901914 5.29853 -0.59587497 -82.03832 -9.713865
0.45970076 8.032792 5.748654 -2.5208752 -76.71832 -8.488865
-0.32801566 7.513234 6.431022 -12.180875 -62.438316 -6.983865
0.9313729 7.9154725 6.938608 -14.245875 -59.008327 0.78613496
1.1923488 8.066312 7.120573 -8.295875 -64.11832 8.906135
-0.600963 8.253065 6.718335 0.139125 -59.81332 5.896135
-0.9624985 8.631361 6.3759537 5.5291247 -45.81332 2.781135
0.7589851 9.136553 6.8476257 4.479125 -36.99332 13.771135
1.1348863 9.294575 6.100612 4.6891246 -34.123318 22.521135
-0.967287 8.978531 5.317684 12.214125 -29.60832 13.246135
-0.97446984 9.208381 4.972909 18.304125 -26.38832 2.746135
1.1444633 9.603436 4.3432145 22.084126 -29.923319 9.396135
1.4006507 9.744699 4.1804037 21.209126 -27.15832 17.166136
-0.5123748 9.0288105 5.0231886 13.684125 -12.42332 6.6661353
-0.7901107 9.06233 4.1373067 12.879125 -7.52332 -8.208865
1.2809371 9.435837 1.2689656 31.324125 -23.48332 -4.1138654
0.73743665 9.3831625 0.49800915 35.664127 -21.838322 5.2311354
-0.6177229 9.356826 2.1500587 5.5991254 12.46168 -1.4188651
0.7637737 9.1940155 3.2298768 -24.290874 31.08168 -8.278866
1.0008069 9.404712 1.7286664 -22.715876 13.05668 -2.7838652
-0.22266756 9.646533 0.4836435 -0.980875 -2.06332 -2.258865
0.21787901 9.656111 1.9920366 2.449125 1.1916801 -7.4388647
1.1253091 9.883567 2.901861 -13.090875 3.8166797 -3.518865
0.9960183 10.185245 2.142876 -17.885876 2.9416802 2.7111351
0.48124924 9.9889145 0.8140534 -4.515875 4.16668 0.856135
0.3519584 9.833286 0.94095 5.809125 3.3966799 -2.8888652
0.6943397 9.953 1.7741576 0.699125 4.27168 -1.803865
0.96489275 9.974549 1.6592325 -7.805875 6.8266797 2.151135
0.59378016 9.7135725 1.2593886 1.2241249 0.07168 2.256135
0.68236834 9.759064 1.2713599 3.3591251 -1.2933201 3.726135
1.3527653 9.962578 1.664021 2.484125 -1.74832 6.841135
1.0510867 9.8548355 1.3360053 4.654125 -2.6933198 4.951135
0.7589851 9.694419 1.1157321 7.314125 -3.6383202 2.186135
1.036721 9.8787775 1.0678465 6.999125 -5.8433204 2.6761348
1.3671309 9.91948 1.1396748 4.6891246 -6.40332 3.551135
1.0343267 9.72315 1.3934679 0.139125 -3.8483202 1.206135
0.81165916 9.603436 1.3647367 -2.3458753 -0.9433201 -0.823865
1.1109436 9.718362 1.3791022 -0.805875 -0.9433201 0.541135
1.3862851 9.941029 1.359948 1.994125 -4.51332 1.7661351
1.1061549 9.660899 1.0486923 3.5691252 -6.61332 -0.438865
0.7733508 9.672871 1.0941836 1.6791251 -3.8833199 -2.4338648
0.97446984 9.749487 1.1612233 -0.140875 -1.04832 -0.823865
1.3383996 9.830893 1.1899546 1.0491251 -3.8833199 2.2211351
1.4054393 9.735122 1.1708003 1.644125 -5.38832 2.816135
0.9792584 9.7135725 1.1085492 0.10412501 -2.7283201 0.961135
1.0750294 9.656111 1.2067145 -0.560875 -1.57332 -0.438865
1.1564348 9.58907 1.1372806 0.909125 -6.96332 0.15613501
1.1013664 9.620196 1.1085492 1.294125 -9.343321 0.751135
1.0079896 9.711179 1.3814965 -0.735875 -6.71832 1.206135
0.9313729 9.759064 1.541913 -0.840875 -7.38332 1.1711351
0.98404694 9.701602 1.3551595 2.029125 -9.20332 2.2211351
1.2833313 9.869201 1.2474172 4.4091253 -6.71832 4.531135
1.4940275 9.924269 0.91700727 6.6141253 -5.9833198 6.176135
1.4581133 9.900327 0.9074302 8.0841255 -8.39832 4.391135
1.185166 9.900327 1.2498114 4.514125 -7.38332 0.47113502
1.0822122 9.663293 1.4293821 -1.330875 -2.30832 -2.538865
1.0295382 9.58907 1.2857256 -3.395875 1.82168 -2.853865
0.9433443 9.634562 1.0343267 -0.070875 1.2966801 -2.223865
1.0774237 9.692024 1.1396748 3.989125 -2.48332 -1.803865
1.1540405 9.708784 1.0295382 5.354125 -5.7383204 -0.613865
1.2186859 9.775824 0.8140534 5.704125 -6.61332 -0.33386502
1.3479767 9.668081 0.7805336 3.639125 -3.0783203 -0.29886502
0.85236186 9.531608 1.1995317 -2.0308752 1.61168 -0.92886496
0.5411061 9.332883 1.7047237 -8.0858755 5.21668 -4.2188654
0.7589851 9.39274 1.8220432 -9.8358755 6.54668 -4.393865
1.1971374 9.581888 1.5179702 5.5991254 0.49168003 4.6011353
0.9888355 9.715967 0.9313729 13.719126 -2.83332 4.2861347
0.96489275 9.73991 0.77574503 15.784125 -4.26832 2.8511348
1.2138973 9.871595 0.7948992 12.879125 -3.25332 4.531135
1.4700848 9.907509 0.5818088 9.869125 -0.83831996 4.6011353
1.6017698 9.933846 0.6392714 5.914125 0.28168002 2.3261352
1.3168511 9.842864 0.7901107 1.574125 -0.17332 -1.768865
1.0008069 9.648928 0.9385557 -2.1708748 0.21168001 -5.723865
