0.7134939 9.517242 -0.062251143 1.51641 3.4598901 0.55678004
1.0726352 9.560339 0.05985687 2.39141 4.9998903 -1.4032199
1.3934679 9.727939 -0.16759923 1.7614101 3.1098902 -0.42322
1.4605076 9.864412 -0.32562137 2.84641 -0.8801101 5.17678
1.359948 9.780613 -0.41181526 4.70141 -2.10511 7.45178
1.1684061 9.677659 -0.28731298 3.75641 -0.49511 4.75678
1.0032011 9.615408 -0.19633053 1.06141 1.35989 1.2567801
0.9696813 9.7135725 -0.17478207 -2.0885901 1.00989 -1.26322
1.0510867 9.615408 -0.062251143 -4.15359 -1.30011 -2.27822
1.1827718 9.665688 -0.18675344 -4.60859 -1.61511 -1.8932201
1.1372806 9.699207 0.043096945 -4.32859 -0.14511001 0.13678001
1.036721 9.696813 0.29210153 -5.09859 0.02989 0.66178
1.0726352 9.687236 0.2370332 -6.28859 1.7098899 -0.03822
1.1564348 9.5794935 0.03351985 -4.18859 2.3398898 1.0117799
1.010384 9.684841 0.14126222 -0.93359005 1.49989 1.9567801
1.0510867 9.826104 0.29210153 -0.16359 1.21989 2.16678
1.2689656 9.80695 0.3040729 -1.49359 2.61989 2.7617803
1.2138973 9.766247 0.26097596 -1.2135899 2.8298903 3.7067804
1.1899546 9.766247 0.3423813 0.25641 1.39489 3.00678
1.2761484 9.694419 0.50758624 0.18641001 1.7098899 1.5717801
1.1947432 9.5483675 0.39266106 -1.31859 3.35489 1.74678
1.0343267 9.466963 0.3328042 -1.07359 4.4748898 1.9567801
1.0295382 9.428655 0.29689008 0.22141 6.01489 0.83678
1.1037607 9.498088 0.38068968 0.22141 7.6948895 0.59177995
1.2593886 9.560339 0.23463893 -0.19859001 9.40989 2.7267802
1.4102279 9.63935 -0.16281068 1.20141 10.10989 4.54678
1.4174107 9.72315 -0.34477556 4.17641 9.094891 4.65178
1.4748733 9.809344 -0.24900457 4.3864098 9.12989 4.2317805
1.6352897 9.77343 -0.031125572 0.36141002 12.38489 3.9867797
1.7981004 9.907509 -0.42378664 -4.78359 15.81489 3.6717799
1.8411974 9.953 -1.0846065 -3.83859 18.544891 2.0967798
1.7526091 9.895537 -1.2713599 -2.64859 17.14489 0.24178
1.7310607 9.888355 -1.359948 -6.9535904 19.34989 -1.36822
2.0806248 9.869201 -1.5107874 -9.82359 23.33989 -0.49321997
2.1476645 10.000886 -2.099779 -7.6535907 21.79989 2.0267801
2.4708917 10.2091875 -2.6001825 -2.05359 17.14489 3.35678
2.8635526 10.369604 -3.1867797 1.5514101 12.69989 3.56678
2.918621 10.477346 -3.7422516 2.74141 10.28489 1.39678
2.2865324 10.352844 -3.9433706 0.15141001 7.55489 -4.16822
2.0710478 10.362421 -3.7661943 -5.79859 4.22989 -9.24322
2.2147043 10.168485 -3.634509 -11.78359 -4.17011 -9.558221
2.3128695 10.055954 -3.5339496 -15.28359 -14.21511 -8.05322
2.2003386 9.890749 -3.3232534 -16.508589 -22.05511 -8.893221
1.8699286 9.735122 -2.9856608 -17.313591 -30.70011 -12.463221
1.7813405 9.373586 -2.604971 -19.55359 -45.26011 -17.57322
1.673598 9.105427 -2.317658 -20.14859 -52.36511 -17.118221
1.3647367 9.124581 -2.281744 -20.49859 -56.32011 -15.61322
1.3216397 9.196409 -1.9465454 -23.29859 -60.03011 -13.933221
1.6616267 9.074302 -1.4772675 -27.28859 -65.24511 -12.53322
1.9968252 9.100638 -1.1540405 -27.18359 -72.17512 -10.468221
1.7406378 9.311335 -0.9529214 -24.208591 -76.375114 -8.96322
1.7262721 9.557945 -0.69673395 -23.22859 -77.63512 -8.43822
2.5499027 9.541185 -0.14605077 -24.66359 -84.880104 -6.19822
2.5307484 9.648928 0.5506832 -25.22359 -93.24512 -6.89822
2.2027328 9.517242 0.7972935 -22.42359 -93.000114 -12.18322
2.2769554 9.45978 1.2138973 -17.733591 -89.95511 -14.73822
2.5115943 9.596253 1.6400782 -11.22359 -90.30511 -15.648221
2.5283542 9.682447 1.3623424 -1.70359 -91.320114 -18.44822
2.4613144 9.490906 0.845179 6.41641 -90.93511 -20.723219
2.6839821 9.337671 1.6424725 4.4214096 -87.15511 -21.42322
2.796513 9.361614 2.5810282 -1.8435899 -83.93511 -20.51322
2.5475085 9.342461 2.3655436 4.1064095 -84.320114 -21.94822
2.5331428 9.107821 2.2769554 16.14641 -86.42011 -24.29322
2.083019 9.380769 3.1748085 19.26141 -88.45011 -23.97822
1.7454263 9.883567 3.9361877 20.276411 -91.810104 -21.52822
2.5858169 9.543579 3.5387383 28.95641 -99.125114 -17.118221
2.7342618 9.009656 3.2250881 37.56641 -103.18511 -15.823221
1.733455 8.573898 2.954535 38.23141 -89.22011 -22.99822
0.9194015 8.763046 2.6337023 34.906414 -62.340107 -28.52822
1.2186859 9.122187 1.8866886 34.55641 -46.17011 -21.80822
1.4772675 9.464568 1.9106313 35.081413 -47.43011 -9.38322
1.5395187 10.142148 2.7917244 29.131409 -49.320114 -1.54322
1.6233183 10.522838 2.5594797 23.60141 -53.90511 0.13678001
1.7645805 10.695226 2.3463893 22.20141 -59.08511 0.62678
1.1947432 10.458193 3.3088877 10.05641 -52.750107 1.15178
0.46209505 10.4294615 4.400677 -13.918591 -33.64011 -3.0482202
0.20111908 10.355239 5.0830455 -30.263588 -14.28511 -8.018219
0.16281068 10.091868 4.477294 -27.49859 -9.0351095 -8.298221
-0.21069619 9.888355 3.5962007 -13.743589 -9.45511 -8.088221
-0.82123625 9.794978 3.2705793 -3.5235903 -1.0901101 -11.69322
-0.6488485 9.766247 2.4637089 -1.31859 14.659891 -11.37822
0.05027977 9.77343 1.8052832 2.84641 18.85989 -5.95322
-0.37111259 9.787795 0.600963 7.04641 13.60989 -2.38322
-1.2641771 9.608225 0.967287 5.0164104 16.864891 -5.8482203
-0.9313729 9.646533 1.3791022 -7.8285904 13.679891 -5.63822
-0.22985038 9.876384 0.9481328 -3.8735902 1.6398901 2.06178
0.0023942748 10.180456 0.49082634 -1.70359 5.13989 4.1617804
-0.16520496 10.194822 0.2753416 -3.83859 12.279889 1.22178
-0.062251143 9.917087 0.29210153 -7.3735895 13.7148905 -1.85822
-0.2370332 9.840469 0.5554718 -11.60859 12.73489 -3.3632202
-0.5363176 9.747093 0.2561874 -12.20359 14.239891 -4.2032204
-0.8236305 9.763853 0.22506183 -10.87359 15.884889 -1.61322
-0.6057515 9.684841 0.55786604 -9.82359 11.2998905 3.60178
-0.08619389 9.828498 0.71828246 -5.93859 2.1298902 10.566781
0.71828246 10.000886 0.44533512 0.46641004 -1.9301101 14.661779
0.51716334 10.144543 -0.102953814 4.14141 -0.67011005 9.796781
0.1340794 10.175668 -0.045491222 1.9014099 3.28489 -0.45822
0.17957062 10.08708 0.23463893 -6.07859 5.5598903 -4.5882196
0.045491222 9.926663 0.32083282 -12.343591 8.884891 -4.4482203
-0.12450229 9.835681 0.38547826 -14.82859 12.87489 -5.53322
-0.39505535 9.677659 0.74701375 -14.898589 14.09989 -6.33822
-0.31604427 9.811738 0.92658436 -10.94359 10.14489 -4.9032197
-0.014365649 9.914692 0.3615355 -1.31859 1.2898899 -1.0182201
0.0670397 9.914692 0.083799616 5.61141 -2.45511 1.64178
-0.023942748 9.885961 0.60335726 0.81641 3.70489 1.08178
0.06943397 9.850046 0.46209505 -5.93859 10.179891 -0.17822
-0.057462595 9.780613 0.26097596 -4.60859 10.179891 -0.70322
-0.35674694 9.648928 0.29689008 -3.45359 7.51989 -3.08322
-0.531529 9.567522 0.64166564 -5.0285897 8.04489 -4.16822
-0.28731298 9.632168 0.8092649 -4.11859 7.6598907 -1.47322
0.06943397 9.72315 0.10774237 3.0214102 0.93988997 2.58678
-0.05027977 9.814133 -0.031125572 8.37641 -0.18011 4.75678
-0.18675344 9.754275 0.22506183 3.96641 5.41989 3.11178
-0.13886794 9.696813 0.6177229 -2.01859 5.48989 1.36178
-0.045491222 9.80695 0.51716334 -2.36859 0.97489005 1.15178
0.05506832 9.876384 0.29210153 1.13141 -0.91511005 2.51678
0.076616794 9.893144 0.33759275 2.14641 1.53489 3.8817801
-0.16281068 9.881172 0.3304099 -0.37359 5.7698903 3.60178
-0.031125572 9.857229 0.5961744 -2.29859 6.15489 2.0967798
0.3040729 9.862018 0.3998439 -1.28359 1.18489 2.4117799
0.22266756 9.91948 0.071828246 2.42641 -4.17011 3.28678
0.028731298 9.787795 0.08619389 3.09141 -2.49011 1.64178
-0.19633053 9.5794935 0.57223165 -2.7885902 3.31989 -0.94822
-0.19393626 9.601042 0.723071 -10.10359 -1.19511 -4.51822
0.11492519 9.766247 0.5363176 -8.42359 -3.2601101 -2.8382201
0.076616794 9.931452 0.2777359 -9.82359 3.17989 -1.33322
0.021548472 9.869201 0.7398309 -14.96859 9.304891 -2.06822
-0.12210801 9.8787775 1.2138973 -14.65359 5.03489 -3.6082199
-0.16281068 9.895537 0.75180227 -5.48359 -3.7851098 -4.97322
-0.11013664 9.8237095 0.53871185 -0.09359 -4.3451104 -3.39822
-0.2466103 9.775824 0.75180227 -3.7685902 1.8498899 -1.9982201
