-0.14126222 9.237112 0.8092649 5.1441255 7.00168 1.4511349
0.86912173 9.646533 0.82602483 4.164125 2.06668 10.201135
1.5586729 10.149331 0.21787901 9.344126 3.18668 17.236134
1.1181264 10.034406 -0.12929083 17.219126 3.3966799 13.106135
0.86912173 9.763853 0.08858817 19.319126 4.58668 4.0411353
0.45251793 9.656111 -0.0047885496 16.904125 6.40668 -0.22886501
0.43096948 9.794978 -0.15083931 16.309124 8.856681 -0.403865
0.6847626 9.680053 -0.73743665 16.764124 12.811681 3.516135
1.1684061 9.73991 -1.0295382 15.294126 16.66168 10.621136
1.6544439 9.692024 -1.0654523 9.169126 21.141682 17.726135
1.7717633 9.522031 -1.6017698 2.554125 28.14168 22.206135
1.8340145 9.536397 -1.5802214 -0.91087496 36.12168 23.466135
1.5802214 10.034406 -2.3535721 -5.250875 43.78668 23.466135
2.0183737 10.187639 -4.393494 -2.1708748 48.02168 25.391134
3.921822 10.561146 -5.29853 1.0841249 41.51168 33.336136
3.790137 10.415095 -4.824464 -11.550876 29.22668 41.561134
3.2394538 10.599455 -3.9433706 -31.605873 24.50168 28.086134
2.4876516 10.43425 -4.3408203 -40.215874 21.24668 11.811135
3.5746522 10.460587 -5.97611 -3.7808752 1.9966801 -2.538865
4.278569 10.190034 -7.211556 1.014125 -5.94832 -7.0888653
3.3926873 10.072714 -6.1269493 -17.395876 -12.388321 -17.063866
2.8467927 9.452597 -4.903475 -36.015873 -33.808323 -21.683865
2.743839 9.067119 -3.3783216 -42.700874 -48.26332 -18.883865
4.5443335 9.04557 -2.2530127 -38.22088 -56.90832 -10.588865
4.173221 8.696006 -1.9489397 -23.835875 -72.97333 -11.008865
1.673598 8.229122 -0.9768641 -12.285875 -79.44832 -18.148865
1.5897985 8.557138 -0.117319465 -3.8508751 -83.99832 -9.923865
2.7725701 9.282603 -0.7302538 16.484125 -96.353325 10.621136
4.9705143 9.711179 -1.7981004 37.939125 -108.60332 24.866135
5.7007685 9.921875 -1.6137413 36.749126 -113.67832 24.131136
5.00164 9.644139 -1.0319325 14.8741255 -108.673325 13.106135
3.5219781 9.251478 0.13886794 -14.420876 -95.86333 0.926135
3.8356283 9.225141 1.7813405 -36.785877 -91.45332 -2.7838652
4.1420956 9.071907 2.3463893 -41.125874 -109.58331 -0.683865
3.9984388 9.122187 2.2338583 -31.745876 -121.83332 -1.2788651
3.7398572 9.076695 2.4517374 -22.995874 -119.90832 -6.878865
3.172414 8.935433 3.1053743 -25.305874 -109.79333 -11.043865
2.4014575 8.945011 4.0367475 -32.060875 -93.658325 -13.178865
2.8300328 9.119793 4.2833576 -32.620872 -78.748314 -9.608865
4.0559015 9.371192 4.925023 -27.405874 -68.73832 -2.048865
2.2123098 9.026416 6.057515 -23.240875 -58.973316 -6.878865
0.18914771 9.004868 6.246663 -14.315875 -53.65332 -17.763866
0.88588166 9.308941 5.4086666 2.239125 -46.30332 -14.683866
2.2697725 9.917087 5.0591025 16.729124 -41.75332 3.6561348
1.3312168 10.194822 4.130124 24.149126 -42.62832 13.631135
1.2210802 10.10384 3.1772027 29.679125 -52.60332 7.331135
1.7143008 10.099051 2.7366562 26.249126 -51.308323 4.461135
0.4189981 9.457385 3.3567734 10.044126 -45.00832 3.096135
-0.2561874 9.186832 4.024776 -7.420875 -42.83832 -6.5288653
0.8092649 9.378374 4.166038 -13.965875 -41.54332 -9.328865
1.0486923 9.684841 3.4262073 -7.9108753 -41.193317 -0.508865
0.25139886 9.601042 3.1843855 1.574125 -40.70332 1.241135
0.17478207 9.5483675 3.3160706 1.994125 -34.508324 -5.968865
1.1109436 9.871595 2.8420043 -3.150875 -28.27832 -6.143865
1.3838909 9.7135725 2.169213 -5.355875 -22.88832 -2.643865
0.57462597 9.438231 2.0782306 -8.330874 -15.538321 -6.073865
0.55307746 9.5794935 2.8994668 -18.410873 -8.88832 -16.223864
0.91700727 9.596253 2.4421604 -27.195875 0.35167998 -15.733865
0.62251145 9.586677 1.2402344 -17.010874 -1.18832 -16.048864
0.011971374 9.483723 1.5730386 -16.310875 -3.7433202 -19.093866
0.4668836 9.555551 2.3487835 -22.435875 -3.8483202 -14.788864
0.9026416 9.632168 2.004008 -17.430876 -3.53332 -7.9288645
0.8284191 9.629773 1.1348863 -6.3708754 -4.5833197 -6.598865
0.8834874 9.61062 1.4652961 -4.865875 -8.223321 -9.713865
0.84039044 9.47654 1.8771114 -9.940875 -8.18832 -12.233865
0.011971374 8.976136 1.6568382 -9.275875 -6.5783205 -14.088865
-0.44533512 9.071907 2.020768 -3.290875 -10.49832 -14.718866
0.32083282 9.387952 1.9465454 5.0391254 -17.49832 -8.908865
0.3519584 9.569917 1.0654523 15.784125 -18.023321 -1.033865
0.35674694 9.629773 0.3519584 22.854126 -13.01832 2.011135
0.6488485 9.766247 0.0 22.574125 -11.68832 2.781135
0.7134939 9.943423 0.016759925 14.664125 -9.693321 1.9761351
0.6440599 9.852441 -0.14365649 4.374125 -3.25332 0.891135
0.5698374 9.727939 0.47167215 -6.8258753 5.56668 0.926135
0.8571504 9.672871 0.9194015 -12.670875 6.4416804 0.891135
0.5363176 9.759064 0.65842557 -7.9808745 -0.27831998 -0.508865
0.39266106 9.553157 0.37829542 -1.190875 -2.16832 -1.4188651
0.6751855 9.407105 0.68715686 -0.630875 0.24668002 2.046135
0.9529214 9.670476 0.9768641 -2.0308752 -0.06832 6.106135
1.23784 10.032011 0.80687064 0.76912504 -4.23332 7.541135
1.2617828 9.974549 0.26097596 5.109125 -7.06832 6.421135
1.0917894 9.730332 -0.06464542 5.9491253 -5.14332 4.006135
0.6895511 9.672871 0.47167215 0.244125 -0.55832 1.486135
1.036721 9.948212 0.967287 -6.895875 2.06668 0.331135
1.2498114 9.907509 0.48843205 -5.145875 -0.73332 1.801135
1.0223553 9.694419 -0.08858817 2.554125 -3.8483202 2.536135
0.75180227 9.651321 0.34956414 3.429125 -3.3583202 0.401135
0.84039044 9.833286 1.0654523 -4.270875 -1.9583198 -1.3138651
1.1875603 9.929058 1.0127783 -8.680875 -3.42832 -0.22886501
1.0055954 9.960183 0.50998056 -3.9208753 -4.5833197 1.521135
0.93616146 9.873989 0.6105401 2.0641253 -5.10832 0.611135
0.90024734 9.845258 0.9984126 0.314125 -4.79332 -1.2788651
0.88588166 9.79019 1.0151725 -4.200875 -2.06332 -1.208865
0.888276 9.845258 0.7709565 -2.9408753 -1.9583198 -0.508865
1.0151725 9.835681 0.75180227 1.1891251 -3.9183202 -0.613865
0.88109314 9.8237095 0.9337672 -0.91087496 -2.41332 -2.153865
0.63208854 9.672871 0.82602483 -1.260875 -1.7133201 -3.6938648
0.6464542 9.694419 0.74701375 -0.49087498 -0.80332 -2.4338648
0.9241901 9.754275 0.84278476 -0.560875 -1.1533201 -0.64886504
0.84278476 9.694419 0.9074302 -0.945875 -2.20332 -1.0688651
0.5698374 9.593859 0.9026416 -1.0158751 -1.11832 -2.188865
0.5889916 9.569917 0.9577099 -0.770875 0.77168 -1.523865
0.8667275 9.692024 1.0582695 -0.035875 0.63168 0.78613496
0.8379962 9.653716 0.9289786 1.749125 -1.36332 0.961135
0.58420306 9.672871 0.9026416 2.834125 -1.22332 -0.613865
0.6249057 9.603436 0.7996878 3.149125 -0.103319995 -0.543865
0.74701375 9.60583 0.7110996 3.149125 0.21168001 0.891135
0.82123625 9.651321 0.76616794 2.729125 0.77168 2.081135
0.85954463 9.811738 0.749408 2.099125 1.68168 2.011135
0.967287 9.811738 0.51716334 3.394125 0.42168 1.3811351
0.7206767 9.696813 0.5243462 3.394125 -1.3983201 -0.018864999
0.4956149 9.574705 0.7853221 -0.140875 0.03668 -1.6638651
0.8379962 9.670476 0.9241901 -2.4858751 2.52168 -0.578865
1.0391153 9.799767 0.51955765 0.594125 0.84168 2.256135
0.96489275 9.828498 0.4166038 4.059125 -0.103319995 2.256135
0.75659084 9.665688 0.6153286 2.484125 0.59668005 0.226135
0.8356019 9.6585045 0.84278476 -1.330875 1.4016801 -1.0688651
0.8834874 9.747093 0.64166564 -1.9608749 2.10168 0.261135
0.7996878 9.6896305 0.43815228 1.1891251 1.82168 1.311135
0.9385557 9.672871 0.7637737 2.2041252 1.1916801 1.3811351
