2.57 10.21 -0.089999996 14.896902 8.021409 -5.15662
2.3899999 10.309999 -1.91 10.886198 -3.4377468 -8.021409
1.66 10.25 -3.25 -8.021409 -40.107044 -3.4377468
1.64 9.57 -2.77 -20.62648 -71.04677 5.7295775
2.1299999 9.73 -2.59 -24.064226 -78.49522 24.064226
3.8 9.889999 -2.59 -15.469859 -52.712116 8.594366
4.0 10.48 -2.11 0.57295775 -50.993244 -2.8647888
3.52 10.69 -2.62 9.740283 -65.890144 -4.0107045
3.9399998 10.76 -3.51 6.3025355 -83.65183 -9.740283
4.02 10.51 -3.56 0.0 -92.24621 -8.594366
3.8999999 10.2699995 -3.21 -1.7188734 -96.256905 -1.1459155
4.2799997 10.38 -3.0 4.583662 -106.57015 -1.7188734
5.5299997 9.7699995 -3.5 12.605071 -116.883385 -10.886198
5.0499997 9.59 -3.27 23.49127 -134.07211 -10.31324
5.43 9.51 -3.06 30.939718 -150.11493 -7.448451
5.99 9.34 -3.21 28.07493 -155.27156 -6.8754935
6.2 9.41 -2.97 20.053522 -162.14705 -1.1459155
5.94 9.25 -2.4099998 16.615776 -182.20056 13.178029
6.0899997 9.12 -1.89 22.91831 -192.51381 17.761692
6.87 9.349999 -1.48 29.220846 -209.1296 16.615776
7.5699997 9.88 -1.12 29.220846 -221.73466 15.469859
7.25 10.139999 -1.0 26.929016 -230.90198 22.345354
7.97 10.46 -0.22 24.637184 -235.48566 18.334648
8.7 11.36 0.48999998 12.605071 -232.0479 8.594366
8.54 10.73 0.25 -33.231552 -218.29692 -8.021409
8.13 9.599999 1.42 -56.14986 -204.54593 -18.907606
7.16 8.9 2.6699998 -56.72282 -197.09747 -17.761692
6.92 8.429999 3.46 -37.815212 -201.68114 -11.459155
7.41 7.9199996 3.4399998 -13.750987 -207.41072 -12.605071
6.74 7.3599997 3.27 4.0107045 -209.1296 -14.896902
5.6099997 7.5899997 3.09 10.886198 -216.00508 3.4377468
6.58 7.8199997 2.4199998 -4.0107045 -220.58875 5.7295775
7.91 7.31 1.65 -34.950428 -221.1617 2.291831
8.09 6.5 1.5999999 -71.04677 -213.71326 2.291831
5.0299997 6.15 2.9299998 -83.07887 -206.83775 13.750987
3.6899998 8.139999 5.97 -60.160564 -212.56734 26.356058
5.8199997 10.09 5.73 -41.825916 -177.61691 -1.1459155
3.72 9.49 6.23 -42.398876 -175.89804 -9.167324
2.9399998 9.46 8.83 -21.772396 -193.08678 -3.4377468
3.08 9.54 9.76 6.3025355 -187.3572 -1.1459155
2.95 9.51 9.059999 18.907606 -159.85522 -5.7295775
1.53 9.5 7.99 10.886198 -134.07211 -8.594366
1.11 9.23 7.71 -6.3025355 -110.58085 -5.7295775
1.15 8.96 8.13 1.1459155 -84.22479 -5.15662
0.58 8.389999 7.52 12.032113 -68.75493 -4.583662
-0.81 8.16 7.02 22.345354 -83.07887 2.8647888
-1.1899999 9.11 7.54 36.09634 -85.37071 13.750987
0.0 9.679999 7.27 45.263664 -61.30648 12.032113
0.44 10.24 3.61 28.64789 -25.7831 -1.1459155
-0.07 10.08 2.34 0.57295775 -22.91831 -9.740283
-0.76 9.88 2.57 -20.62648 -28.07493 -13.178029
-0.75 9.76 3.22 -26.929016 -26.929016 -11.459155
-0.29 9.34 3.01 -27.501974 -19.480566 -12.605071
-0.61 8.97 2.74 -30.939718 -10.31324 -14.323945
-1.13 8.61 2.77 -30.939718 -7.448451 -7.448451
-1.49 8.73 3.58 -13.750987 -13.750987 0.0
-0.53999996 9.13 3.73 4.0107045 -11.459155 -0.57295775
-0.29 9.21 2.8899999 8.021409 -6.3025355 -1.7188734
-0.59999996 9.2699995 2.02 -0.57295775 -3.4377468 0.0
-0.69 9.58 1.8399999 -6.3025355 -1.1459155 0.0
-0.29 9.44 1.8 -9.167324 1.7188734 -5.15662
-0.81 9.38 1.92 -6.3025355 0.57295775 -2.8647888
-0.69 9.49 2.1 -2.291831 -3.4377468 -1.1459155
-0.17 9.59 1.78 -1.7188734 -0.57295775 0.0
-0.44 9.53 1.7199999 -2.291831 3.4377468 1.7188734
-0.59999996 9.67 2.05 2.291831 0.57295775 4.583662
0.04 9.92 1.9499999 8.594366 1.7188734 0.0
0.51 10.0 0.98999995 -4.0107045 5.15662 -5.7295775
-0.01 9.719999 0.45 -17.761692 7.448451 -5.7295775
-0.77 9.5 1.1999999 -13.750987 0.0 0.0
-0.75 9.5199995 2.22 1.1459155 -4.0107045 4.583662
0.07 9.67 2.4199998 16.042818 -0.57295775 2.8647888
0.0 9.969999 0.84 12.032113 6.8754935 -2.8647888
-0.38 9.9 0.65999997 1.1459155 5.15662 -2.291831
-0.19 9.73 0.95 -2.8647888 2.8647888 -0.57295775
0.049999997 9.69 0.96999997 -1.1459155 2.291831 -0.57295775
-0.01 9.58 0.83 -1.7188734 0.57295775 -3.4377468
-0.26999998 9.63 1.11 -2.291831 0.0 -0.57295775
-0.17999999 9.75 1.51 4.0107045 0.0 0.57295775
-0.02 9.7 1.15 5.15662 -1.7188734 -0.57295775
0.089999996 9.7 0.93 2.291831 -2.291831 -2.8647888
0.0 9.719999 0.82 -2.291831 0.0 -4.0107045
-0.02 9.63 1.0 -6.3025355 1.7188734 -4.583662
-0.31 9.42 1.13 -1.7188734 0.0 -0.57295775
-0.22999999 9.5 1.53 5.15662 -2.291831 0.57295775
-0.07 9.76 1.25 6.3025355 -1.1459155 0.0
0.049999997 9.78 0.77 0.57295775 0.0 -2.291831
-0.11 9.679999 0.83 -4.0107045 0.57295775 -4.583662
-0.34 9.37 1.1 -5.15662 -0.57295775 -2.8647888
-0.19999999 9.44 1.51 -1.1459155 -3.4377468 -2.8647888
-0.11 9.29 1.61 -1.7188734 1.1459155 -2.291831
-0.34 9.15 1.52 -1.1459155 2.8647888 0.0
-0.42999998 9.09 1.55 2.8647888 -0.57295775 2.291831
-0.32999998 9.2 1.74 9.740283 -1.1459155 4.583662
-0.24 9.48 1.67 14.323945 3.4377468 4.583662
-0.19 9.82 1.27 13.178029 0.57295775 4.0107045
0.06 9.929999 0.48 7.448451 0.0 1.7188734
-0.13 9.83 0.45 0.0 0.0 0.0
-0.17 9.86 0.71 -4.0107045 -1.7188734 0.0
-0.089999996 9.7 0.91999996 -4.0107045 -1.7188734 0.0
-0.28 9.67 1.17 -1.7188734 -1.1459155 1.1459155
-0.38 9.69 1.35 2.8647888 -5.7295775 2.8647888
-0.099999994 9.75 1.3199999 4.0107045 -4.583662 1.7188734
0.06 9.88 1.15 1.7188734 -2.8647888 -0.57295775
0.03 9.75 1.0699999 -2.291831 -0.57295775 -2.291831
-0.35999998 9.62 1.16 -6.8754935 0.0 0.0
-0.41 9.53 1.29 -9.740283 0.0 1.1459155
-0.12 9.37 1.5699999 -2.291831 -2.291831 0.0
-0.14999999 9.46 2.4099998 8.021409 -1.1459155 0.57295775
-0.19999999 9.51 1.9699999 12.032113 2.291831 2.8647888
-0.14999999 9.65 1.5999999 10.31324 5.15662 4.0107045
-0.11 9.599999 1.41 10.886198 6.3025355 2.8647888
-0.22999999 9.639999 1.18 13.178029 5.7295775 3.4377468
-0.14999999 9.86 0.76 11.459155 0.57295775 2.8647888
0.089999996 10.0 0.45999998 4.0107045 2.8647888 0.57295775
