1.3360053 9.7135725 0.22745611 16.679565 -3.66513 9.215815
1.3743137 9.783007 0.17717634 12.129565 -0.79513 13.450815
1.2043202 9.821315 0.18675344 5.9695654 0.25487 12.680815
0.97446984 9.73991 0.37590113 0.999565 0.49987 7.8858156
0.9385557 9.720756 0.5650489 -3.935435 0.84986997 4.385815
0.9217958 9.620196 0.68715686 -7.680435 0.70987004 2.7058148
0.7829279 9.613013 0.749408 -8.415435 -1.07513 2.845815
0.95531565 9.58907 0.9289786 -7.085435 -3.6301303 3.020815
1.0582695 9.715967 1.0774237 -5.580435 -4.2951303 3.195815
1.2905141 9.862018 1.185166 -3.935435 -5.4851303 4.735815
1.3527653 9.962578 1.0032011 -2.1154351 -5.45013 6.135815
1.2306572 10.024829 0.7685622 0.544565 -3.9801302 6.5558147
1.0319325 10.223554 0.64166564 4.184565 -1.7051301 5.2608147
0.6703969 10.848459 0.80208206 5.9695654 0.07987 4.280815
-0.043096945 12.024048 1.0223553 4.569565 1.3748701 3.300815
-0.04070267 13.199637 1.8603516 0.82456505 1.7248701 2.495815
0.6440599 15.150971 2.9305923 -8.100434 1.33987 4.210815
1.5610672 17.075968 3.7853484 -24.060434 7.88487 10.125815
2.135693 17.995369 5.133325 -33.300434 14.49987 16.320816
3.1676257 18.385635 6.184412 -35.085434 13.5898695 14.955816
4.1085753 18.055227 5.5954204 -34.980434 17.64987 2.985815
4.189981 17.020899 4.577853 -24.620436 25.03487 -8.4941845
4.0463243 15.455044 3.8667538 -1.8704349 24.99987 -19.134186
3.407053 13.85088 2.1716073 19.689566 19.11987 -31.419184
2.116539 12.51248 1.1348863 30.889565 16.84487 -43.704185
1.132492 11.700821 0.76616794 34.704563 25.13987 -71.704185
0.86193895 10.489318 0.31604427 20.984566 28.639872 -69.814186
1.1253091 9.73991 0.25858167 6.284565 30.07487 -55.21919
2.5235655 8.775017 -0.13886794 -4.7054353 33.959873 -44.124184
3.5267668 7.59464 -0.37111259 -11.460435 28.56987 -37.474186
2.700742 6.682421 0.045491222 -31.830437 34.76487 -52.734188
0.4932206 5.7725964 0.105348095 -26.860435 41.16987 -72.57918
-0.22506183 4.743058 -0.46209505 -3.7604349 15.72487 -91.164185
-0.24900457 4.4916596 -0.6105401 14.054564 -21.410131 -94.69919
-0.6943397 4.513208 -0.51955765 14.159564 -35.200127 -89.58918
-1.2929084 3.9170337 -0.30167863 0.334565 -28.76013 -81.57419
-1.350371 3.3663504 0.74701375 -20.700436 -18.08513 -70.86418
-1.2354459 2.8707354 1.3575538 -38.410435 0.21987 -59.384186
-1.7406378 3.0742488 1.5706443 -46.285435 24.509869 -48.464188
-2.4206119 2.9329867 1.6688095 -47.160435 43.09487 -40.554188
-3.4022646 2.779753 2.482863 -45.655434 45.89487 -42.304188
-3.7781656 2.351178 3.5363438 -40.335438 39.24487 -46.854187
-3.9697077 2.4852571 2.9497466 -23.955435 36.05987 -42.374184
-3.8308396 2.8994668 1.403045 -2.570435 42.18487 -26.869186
-4.35758 3.2179053 1.1133378 4.429565 54.18987 -8.529185
-4.3216662 3.0981915 2.6815877 -6.910435 59.719868 -2.894185
-4.790944 3.050306 3.047912 -14.960435 52.509872 -2.8591847
-4.3456087 3.8260512 2.1596358 -3.935435 48.20487 12.680815
-3.6440864 4.2139235 1.1205206 11.429565 48.624866 42.745815
-3.5866237 4.333637 2.4804688 13.074565 49.25487 55.730816
-3.6967604 4.5515165 3.624932 1.454565 55.974873 48.06582
-2.7246847 5.025583 1.7957062 8.734565 61.46987 52.650818
-0.71828246 5.8420305 -1.3216397 33.129562 66.75487 81.560814
0.29689008 6.577073 -1.4868447 38.274567 76.86987 113.62082
-0.6057515 6.7039695 1.4341706 3.7295651 78.759865 114.95081
-0.3304099 7.1349387 3.0287576 -36.590435 83.13487 101.86082
2.762993 6.7494607 0.9241901 -34.280437 86.52988 113.34081
4.2043467 6.196383 0.33519846 -7.9954348 80.50987 133.3258
2.918621 5.731894 1.611347 2.0145652 76.44987 133.22083
1.8723229 6.7494607 2.4062462 -1.6604351 71.54987 114.18082
3.347196 7.240287 0.43096948 7.334565 69.09987 111.06582
4.6640472 8.700794 0.25858167 30.959568 68.95987 135.74081
5.418244 10.831699 0.8643332 36.874565 68.81986 148.27081
6.6800265 12.050385 0.11492519 32.499565 73.47487 142.6708
8.988108 13.625818 -1.3910737 35.684566 77.21987 134.02582
10.862824 14.109462 -3.380716 45.554565 80.159874 136.3358
10.079897 14.090307 -2.1141446 44.574562 81.34988 135.32082
7.395915 14.617047 0.7853221 23.014565 78.05987 106.97082
7.4892917 15.907562 -0.26337022 13.774566 61.15487 58.21582
10.625792 14.949852 -4.7286925 47.479565 61.71487 75.365814
10.975356 13.805388 -7.515629 53.464565 50.86487 61.680817
6.342434 13.692858 -4.6903844 17.099566 40.224873 15.725816
4.7741838 14.018479 -1.977671 -20.420435 36.58487 -10.034184
5.643306 13.1517515 -3.634509 -14.365435 33.36487 3.125815
6.8452315 11.906729 -5.1261425 6.214565 21.11487 15.760816
6.117372 11.389565 -5.087834 4.779565 10.929871 9.985815
5.4326096 10.838882 -4.443774 -7.9254346 1.19987 -4.119185
5.4302154 9.924269 -4.1804037 -18.985435 -14.02513 -9.719185
5.8779445 8.985713 -4.3432145 -25.040436 -23.335129 -7.689185
6.091035 8.411087 -4.0391417 -33.790436 -28.795128 -6.2191854
5.027977 8.509253 -2.7725701 -42.435436 -36.040127 -13.254186
4.7550297 8.387145 -2.3535721 -42.645435 -49.13013 -22.669184
5.183605 8.135746 -2.6624336 -35.155437 -62.885136 -24.139185
5.401484 7.9920893 -2.9329867 -30.430433 -71.67013 -21.304186
5.506832 8.063917 -2.5068057 -32.845432 -77.09513 -20.324184
5.5882373 8.078283 -1.8004947 -40.265434 -84.48013 -21.479187
5.9210415 7.8915296 -1.1468576 -47.020435 -91.655136 -23.789185
5.794145 7.8316727 -1.175589 -48.315437 -100.160126 -24.174187
5.6576715 7.8173075 -1.0582695 -46.075436 -107.020134 -23.789185
5.9880815 7.5874567 -0.5602603 -46.635437 -114.93013 -23.019184
6.019207 7.1756415 0.045491222 -51.045433 -121.475136 -22.459185
5.604997 6.9146657 0.4956149 -55.59544 -122.07012 -21.934187
4.8723493 7.415069 0.97446984 -58.045433 -120.84513 -17.874186
5.1452966 7.865193 2.221887 -65.18543 -117.20513 -9.964185
6.32328 8.073495 2.4493432 -74.77544 -106.950134 1.305815
6.7207294 8.849239 1.8603516 -64.345436 -104.85013 8.935815
5.7821736 8.576292 1.4700848 -43.520435 -113.25013 0.570815
5.106988 8.334471 1.5179702 -30.815437 -119.93513 -20.429184
5.1596622 7.8747697 1.1540405 -28.470434 -123.68014 -28.549185
5.008823 7.7957587 1.462902 -31.270433 -123.295135 -22.179186
4.846012 7.8556156 1.8890828 -37.920437 -119.16514 -13.989184
5.1093826 8.27222 2.439766 -43.555435 -117.100136 -11.119185
5.05192 8.528407 2.1476645 -41.980434 -120.98514 -10.034184
4.8124924 8.796566 1.7957062 -32.705437 -125.53513 -12.344185
4.8124924 8.667274 2.264984 -28.960436 -124.83514 -14.759185
5.4709177 8.248277 3.3735332 -39.460438 -115.66513 -10.839186
5.525986 8.346442 4.3623686 -53.810432 -107.26514 -2.649185
4.5610933 9.009656 4.336032 -41.420437 -106.880135 -8.634186
4.618556 8.870789 3.6704233 -27.525434 -101.175125 -10.384185
4.72151 8.861211 3.6105664 -21.645437 -94.98013 -8.389185
5.0064287 9.550762 3.2705793 -18.775434 -93.37013 -8.669185
5.5307746 9.557945 3.2610023 -22.415434 -90.780136 -9.264185
5.255433 9.069513 4.173221 -36.800434 -77.69013 -11.819184
3.8547823 8.688824 5.3296556 -46.810436 -60.400127 -16.964184
3.380716 8.751075 5.2841644 -39.495434 -57.53013 -17.664186
3.955342 8.614601 4.573065 -25.180435 -60.540134 -11.084185
4.2402606 8.389539 4.929812 -22.345436 -51.89513 -4.9241853
3.6129606 8.420665 5.6744313 -25.880436 -37.05513 -5.904185
3.0814316 8.767835 5.593026 -19.685434 -29.320131 -8.704185
3.8356283 8.865999 3.9313993 -5.790435 -27.08013 -3.489185
4.6472874 8.645726 4.680807 -9.990435 -14.375131 9.985815
4.3264546 9.273026 6.6848154 -32.250435 11.1748705 18.420815
4.017593 9.584282 5.62894 -25.600435 21.569868 12.995815
3.9146392 10.027223 3.6297207 11.219565 9.24987 3.195815
3.9864676 10.35045 2.4349775 32.464565 7.04487 -1.039185
4.0199876 10.501289 2.264984 25.639565 17.61487 -0.899185
3.9960446 10.474953 2.5810282 9.539565 29.969873 -1.7741851
3.9529476 10.338479 2.7558103 -1.2054352 35.77987 -5.274185
3.8643596 10.185245 2.9305923 -4.1104345 37.634872 -9.054185
3.991256 10.127783 3.059883 -2.7104352 38.57987 -11.924185
4.2211065 9.862018 2.9641123 0.684565 38.71987 -13.429185
4.216318 9.727939 2.762993 4.709565 42.98987 -15.879186
3.9529476 9.419077 2.6289136 8.804565 49.569874 -20.464186
3.5435266 9.189227 2.3799093 13.284565 53.76987 -26.064186
3.5267668 8.897125 1.7478206 19.724566 51.52987 -29.844183
3.5698638 9.06233 1.1684061 24.624567 47.294872 -28.969185
3.4812756 8.921068 0.9912298 22.944565 51.73987 -26.519186
3.162837 8.822903 1.0917894 16.189566 59.26487 -25.504187
2.8970726 8.937828 0.8834874 11.919565 60.069866 -26.659185
2.6456738 9.11261 0.38068968 14.089565 55.869873 -27.079185
2.3032923 9.098245 -0.031125572 18.604565 50.759872 -26.694185
2.099779 9.043176 0.098165266 17.624565 49.32487 -27.254185
2.1452703 9.158101 0.505192 9.2245655 51.35487 -25.924187
2.3679378 9.323306 0.3998439 0.964565 52.01987 -21.269186
2.317658 9.402317 0.09337672 -0.33043504 49.70987 -16.789185
2.1883671 9.3592205 0.3902668 -0.225435 45.12487 -14.689184
1.9130256 9.421472 0.85954463 -1.485435 42.35987 -14.4091835
2.0327394 9.488511 0.6105401 4.114565 40.99487 -13.709186
2.2170985 9.44302 -0.27294734 14.369565 36.374874 -12.064185
2.3152637 9.416683 -0.6368771 19.234564 31.369871 -10.664186
2.1332989 9.347249 -0.6273 16.224566 29.82987 -12.134185
1.7286664 9.071907 -0.68715686 10.729565 29.969873 -14.794185
1.664021 8.703189 -0.35914123 4.884565 30.63487 -12.239185
1.7526091 8.593052 -0.2777359 3.799565 28.04487 -5.904185
1.7813405 8.593052 -0.41420954 9.854566 20.379871 -3.419185
1.6951466 8.4781275 -0.8044763 16.539564 10.40487 -7.094185
1.1564348 8.46855 -0.87630457 19.199566 2.9498699 -13.569186
0.56744313 8.652909 -0.80687064 17.694567 -0.51513004 -16.754185
0.6703969 8.693612 -0.35914123 13.179565 -2.33513 -13.079185
1.1109436 8.913885 -0.12689656 6.284565 -0.095130004 -5.519185
1.4748733 9.119793 -0.28252444 4.114565 4.06987 0.990815
1.333611 9.229929 0.047885496 4.219565 6.27487 2.6358151
1.3264283 9.344854 0.15562786 3.764565 4.8048697 0.81581503
1.376708 9.438231 -0.102953814 6.249565 0.18486999 0.080815
1.5131817 9.5794935 -0.19154198 8.419565 -2.89513 0.36081502
1.3814965 9.5244255 0.2849187 3.7295651 -1.00513 1.410815
1.3623424 9.498088 0.7685622 -3.6204348 3.12487 1.480815
1.4054393 9.63935 0.53392327 -4.180435 2.7048702 1.5508151
1.359948 9.677659 0.3519584 0.82456505 0.044869997 1.480815
1.1995317 9.699207 0.5602603 3.134565 -1.9851301 0.990815
1.3862851 9.735122 0.7110996 0.614565 -0.30513 1.165815
1.637684 9.866806 0.5865973 -0.890435 0.74487 3.090815
1.5467016 9.900327 0.7134939 0.089565 -1.39013 3.650815
1.5059988 9.80695 0.8834874 -0.225435 -3.07013 1.270815
1.5921928 9.780613 0.8667275 -1.240435 -2.96513 -0.339185
1.5275474 9.80695 0.85236186 -1.310435 -3.7351298 -0.584185
1.376708 9.749487 1.1348863 -2.920435 -2.16013 -1.389185
1.4437478 9.711179 1.132492 -5.6504354 3.05487 -1.354185
1.489239 9.684841 0.8547561 -4.4954348 4.52487 0.255815
1.376708 9.699207 0.6943397 0.71956503 1.0948701 0.220815
1.1971374 9.696813 0.818842 3.099565 -1.91513 -1.494185
1.3838909 9.627379 1.0032011 0.089565 0.18486999 -2.194185
1.4126221 9.641745 0.93616146 -1.5554351 1.8648701 0.395815
1.3814965 9.634562 0.8379962 0.194565 0.81487006 -0.339185
1.4341706 9.598648 0.8140534 0.36956498 0.74487 -0.899185
1.376708 9.560339 0.9194015 -1.065435 1.9348701 -1.1091851
1.4221992 9.593859 0.9624985 -0.960435 2.2148697 -1.1091851
1.324034 9.663293 0.80687064 0.89456505 0.91987 -1.074185
1.2689656 9.663293 0.723071 1.944565 0.77987003 -1.144185
1.2953026 9.646533 0.68236834 1.804565 1.40987 -0.12918499
1.3551595 9.6896305 0.505192 1.804565 1.33987 0.640815
1.2522057 9.591465 0.61293435 1.034565 0.88487 0.74581504
1.0965779 9.608225 0.7781393 -1.2054352 0.9898701 0.080815
1.1899546 9.61062 0.88109314 -2.010435 0.46486998 0.710815
1.2881198 9.677659 0.8044763 -0.680435 -0.76013 1.935815
1.4245936 9.694419 0.7541966 0.64956504 -0.93513006 2.8108149
1.4844503 9.692024 0.7781393 0.579565 -0.83013 3.0558152
1.3551595 9.80695 0.94573855 -0.295435 -0.90013003 1.9708152
1.541913 9.75667 0.8786988 -0.680435 -0.30513 1.375815
1.5634614 9.751882 0.8284191 0.194565 -0.23513001 2.1108148
1.4317763 9.864412 0.7972935 0.40456498 0.70987004 1.620815
1.5083932 9.833286 0.7733508 -0.645435 1.89987 0.780815
1.5443072 9.730332 0.7972935 -2.220435 2.31987 0.74581504
1.4006507 9.646533 0.9624985 -3.445435 2.42487 0.465815
1.2258687 9.63935 1.0989721 -4.0404353 2.1798701 -0.199185
1.4006507 9.644139 0.9241901 -3.095435 1.79487 -0.479185
1.498816 9.534002 0.6464542 -0.960435 1.68987 0.850815
