2.78 8.87 1.4 0.0 -2.291831 10.886198
2.77 8.66 1.15 2.8647888 -8.021409 13.178029
3.46 8.889999 1.4599999 4.583662 -15.469859 13.750987
3.58 9.05 2.11 6.8754935 -10.31324 10.31324
2.97 9.48 2.6299999 17.188732 -5.15662 6.3025355
2.6499999 10.11 1.1 28.64789 -2.8647888 6.3025355
3.0 10.82 2.62 16.042818 -5.7295775 14.323945
3.29 11.78 4.8199997 2.8647888 -12.605071 17.761692
3.58 12.78 5.3199997 10.886198 -8.021409 16.042818
3.97 14.759999 4.85 32.085636 2.8647888 12.032113
4.97 16.23 4.27 48.128452 10.886198 4.583662
4.14 17.34 5.5099998 38.38817 0.0 -16.042818
4.87 18.21 6.15 41.825916 0.57295775 -20.62648
6.6499996 19.189999 4.47 50.993244 17.761692 -31.51268
6.58 19.77 3.76 36.669296 42.971836 -52.139156
6.54 19.75 4.3199997 20.62648 47.555496 -64.17127
7.94 16.83 2.34 24.637184 37.242256 -79.06818
7.16 14.42 1.14 25.210142 36.669296 -99.1217
6.29 12.349999 0.63 10.886198 39.53409 -95.68395
6.5899997 9.46 -0.19 -2.8647888 34.950428 -87.662544
7.6099997 6.7799997 -0.5 -19.480566 29.220846 -81.93296
7.17 4.67 -0.90999997 -30.366762 39.53409 -88.80846
6.0 2.21 -2.07 -26.356058 67.60902 -101.41353
3.21 0.25 -2.96 -4.583662 93.39212 -108.86198
0.31 -1.0799999 -3.28 6.3025355 89.95437 -110.58085
-1.75 -2.04 -3.84 11.459155 73.33859 -98.54874
-2.8799999 -2.52 -4.0899997 14.323945 52.139156 -77.349304
-3.54 -2.18 -3.82 20.053522 32.658592 -54.43099
-3.36 -1.01 -3.29 10.31324 16.615776 -26.356058
-2.76 -0.71 -2.4099998 -7.448451 15.469859 -12.032113
-2.1 -0.65 -0.77 -21.199438 14.323945 -1.7188734
-2.58 -0.53999996 1.4499999 -31.51268 10.886198 2.8647888
-3.31 -0.08 3.3799999 -29.793804 16.042818 9.740283
-2.52 0.41 4.69 -17.761692 17.188732 25.7831
0.34 1.49 6.3399997 2.8647888 4.0107045 46.40958
1.66 2.01 6.46 25.210142 20.053522 41.25296
0.48999998 3.1399999 5.37 44.11775 49.84733 37.242256
-0.07 4.0 4.45 40.680004 56.14986 44.69071
1.13 4.88 3.9299998 21.199438 56.14986 59.58761
4.06 5.31 2.69 -2.291831 71.61973 70.47381
3.04 4.89 4.0299997 -47.555496 99.69466 70.47381
3.49 5.8799996 4.73 -44.11775 87.662544 81.36001
5.22 6.95 3.3799999 -17.761692 76.203384 92.81916
4.7999997 9.849999 3.27 3.4377468 84.22479 98.54874
5.85 12.62 0.90999997 33.231552 84.22479 100.26762
9.03 15.46 -3.49 63.02536 85.37071 105.42423
9.46 16.17 -6.04 21.772396 93.96508 84.79775
5.0099998 17.699999 -3.1 -20.62648 101.41353 71.61973
6.24 17.99 -1.99 -18.907606 72.76564 81.36001
9.349999 17.35 -2.6599998 -16.615776 63.598316 71.04677
6.43 15.259999 -0.71999997 -24.637184 77.349304 50.993244
6.2799997 14.38 -1.8399999 12.032113 63.598316 36.669296
6.43 13.66 -5.0 46.98254 59.014652 28.64789
6.54 12.66 -6.45 46.98254 56.14986 20.053522
5.5299997 11.23 -5.44 20.62648 38.961132 9.167324
4.41 9.86 -4.23 1.1459155 29.220846 3.4377468
3.98 8.849999 -4.45 9.740283 24.064226 8.021409
4.16 8.51 -5.66 22.345354 14.896902 10.886198
4.1 8.59 -6.83 32.658592 0.0 7.448451
4.0499997 8.8 -7.74 34.950428 -21.772396 3.4377468
4.62 8.929999 -8.48 25.210142 -46.40958 4.0107045
5.0699997 8.51 -8.32 9.167324 -62.4524 5.7295775
6.64 7.48 -8.05 -17.188732 -75.630424 14.896902
6.54 7.22 -6.71 -34.377464 -92.81916 13.178029
6.99 7.66 -5.41 -43.544792 -109.43494 14.323945
8.7 7.74 -4.73 -45.83662 -127.19663 19.480566
9.3 7.5099998 -2.82 -55.576904 -134.07211 14.323945
7.3999996 6.27 -0.089999996 -63.02536 -139.22873 2.8647888
6.48 6.72 0.93 -24.637184 -147.8231 14.323945
8.2699995 7.35 -0.52 8.594366 -159.28227 23.49127
8.54 7.0699997 -1.7199999 9.167324 -159.85522 14.323945
6.67 6.22 -1.18 -18.907606 -152.97972 17.188732
5.2 6.8399997 1.9599999 -45.263664 -151.26085 34.377464
8.59 7.06 1.79 -18.907606 -151.26085 48.701412
7.56 7.2 1.73 -7.448451 -148.39606 40.680004
6.77 8.71 3.85 -22.345354 -146.10423 44.11775
7.83 10.12 5.2999997 -33.80451 -143.81241 53.858032
8.179999 10.44 6.79 -46.40958 -135.79099 49.27437
7.3799996 10.17 9.01 -60.733524 -118.029305 40.680004
6.5499997 11.38 9.309999 -38.38817 -85.94367 37.242256
7.12 12.219999 8.29 -21.772396 -65.317184 24.637184
5.7599998 11.679999 7.58 -22.91831 -48.128452 6.8754935
4.77 11.74 6.89 -13.178029 -36.09634 4.0107045
5.04 12.45 5.02 -1.7188734 -22.91831 0.57295775
5.0099998 13.61 5.5699997 -18.334648 -8.594366 -4.583662
6.25 15.009999 6.3599997 -15.469859 -2.8647888 -7.448451
7.1299996 14.94 4.47 1.7188734 10.31324 -22.91831
5.8399997 14.059999 3.1799998 9.740283 27.501974 -44.11775
5.04 13.599999 3.34 2.8647888 32.085636 -55.576904
5.75 13.2699995 2.46 0.57295775 39.53409 -53.285076
6.93 12.469999 1.61 -6.3025355 52.712116 -58.441692
7.33 11.3 0.93 -8.021409 59.58761 -69.32789
6.44 9.86 0.39999998 -5.7295775 67.60902 -80.21409
5.0099998 8.5 -0.19999999 -5.15662 73.33859 -83.65183
3.54 7.14 -0.71999997 -8.594366 73.33859 -75.630424
3.57 5.6099997 -1.4 -11.459155 70.47381 -56.72282
4.7599998 5.44 -1.92 -16.615776 64.74423 -22.91831
4.2 5.35 -1.78 -16.615776 67.60902 -18.907606
3.81 5.25 -1.9799999 -5.7295775 73.91155 -21.772396
3.58 5.1 -2.86 6.3025355 63.598316 -24.064226
3.08 5.27 -3.09 4.0107045 50.420284 -26.356058
3.28 5.72 -2.83 -12.605071 37.815212 -21.772396
2.74 5.5699997 -2.21 -17.761692 28.64789 -25.210142
1.88 5.81 -1.16 -14.896902 23.49127 -22.91831
2.23 6.3199997 -0.72999996 -4.583662 12.032113 -12.032113
2.69 6.62 -0.89 5.7295775 12.032113 -9.740283
2.29 7.69 -0.58 11.459155 16.615776 -9.167324
2.69 8.099999 -0.85999995 17.761692 8.594366 -2.8647888
2.55 8.25 -1.13 16.615776 6.3025355 -4.583662
2.1699998 8.38 -1.4599999 12.605071 9.740283 -5.15662
2.51 8.55 -1.48 4.0107045 9.167324 -3.4377468
2.4099998 8.53 -0.63 -6.8754935 3.4377468 -4.0107045
2.0 8.46 0.35 -9.167324 1.1459155 -2.291831
1.4699999 8.49 0.62 0.0 2.291831 3.4377468
2.09 8.79 0.55 9.167324 -1.1459155 12.032113
2.8 9.57 0.48999998 16.615776 -4.0107045 12.605071
3.1 10.13 -0.42999998 22.345354 -1.1459155 9.167324
2.4099998 9.87 -0.65999997 13.178029 -5.15662 4.0107045
2.5 9.75 0.39 -14.323945 0.0 3.4377468
3.0 9.61 1.14 -20.62648 0.0 6.8754935
3.04 9.309999 1.39 -14.323945 0.57295775 3.4377468
2.72 9.059999 0.76 -1.1459155 2.291831 -0.57295775
2.3799999 9.07 0.31 6.8754935 2.8647888 -2.8647888
2.36 8.99 -0.099999994 7.448451 1.1459155 -1.7188734
2.24 9.08 0.01 -0.57295775 0.0 1.1459155
2.51 9.13 0.25 -4.0107045 -2.291831 2.8647888
2.69 9.13 0.24 -4.0107045 0.0 1.1459155
2.32 9.22 0.32 -5.7295775 1.7188734 1.1459155
2.6299999 9.349999 0.65 -6.3025355 0.0 3.4377468
2.82 9.63 0.59 2.291831 -2.291831 0.57295775
2.53 9.49 0.29 5.7295775 -1.1459155 -2.291831
2.1599998 9.46 0.35999998 1.7188734 0.57295775 -1.1459155
2.3 9.74 0.72999996 -1.1459155 2.291831 2.8647888
3.24 9.9 0.47 1.7188734 0.0 6.3025355
3.1799998 9.7699995 -0.19 8.594366 -0.57295775 2.291831
2.6599998 9.61 -0.42 4.583662 0.0 -5.7295775
2.34 9.26 -0.29999998 -3.4377468 1.1459155 -4.583662
2.52 9.24 0.14999999 -8.021409 1.1459155 0.0
2.6399999 8.94 0.35 -5.7295775 0.57295775 0.0
2.6 9.01 0.66999996 0.0 -2.8647888 0.0
2.5 9.01 0.22 6.8754935 -6.8754935 -1.7188734
2.19 9.09 0.31 4.583662 -2.8647888 -2.291831
2.71 9.17 0.72999996 -4.0107045 -1.1459155 2.8647888
3.06 9.179999 0.91999996 -6.8754935 0.0 5.15662
2.74 9.09 0.9 -2.291831 -0.57295775 0.57295775
2.1699998 9.139999 0.79999995 2.291831 -1.7188734 -2.291831
2.3799999 9.349999 0.28 3.4377468 0.0 1.1459155
2.84 9.33 -0.02 -4.0107045 1.7188734 1.7188734
2.74 9.28 0.35999998 -11.459155 1.1459155 0.57295775
2.49 9.36 0.9 -12.605071 0.0 0.0
2.54 9.3 0.97999996 -6.8754935 -1.1459155 0.0
2.49 9.2699995 1.09 -0.57295775 -1.7188734 0.57295775
3.02 9.599999 0.35 6.3025355 0.0 0.57295775
2.72 9.62 -0.04 4.583662 3.4377468 -1.1459155
2.73 9.469999 0.03 -1.1459155 2.291831 -1.1459155
2.59 9.309999 0.35 -6.3025355 -1.1459155 -2.8647888
2.29 9.19 0.57 -7.448451 0.0 -4.0107045
2.4099998 9.2 0.85999995 -8.021409 0.0 -1.1459155
2.76 9.309999 1.12 -3.4377468 0.57295775 0.57295775
2.85 9.309999 1.15 0.57295775 0.57295775 -0.57295775
2.45 9.24 1.0799999 6.3025355 0.0 -2.8647888
2.22 9.22 0.97999996 9.740283 0.0 -1.7188734
2.51 9.32 0.53 11.459155 0.57295775 0.57295775
2.6699998 9.349999 0.12 9.167324 1.1459155 0.0
2.6499999 9.28 0.25 4.0107045 0.57295775 -0.57295775
2.35 9.13 0.41 2.291831 0.0 -2.291831
2.3799999 9.099999 0.57 0.57295775 0.57295775 -0.57295775
2.71 9.12 0.48 0.0 0.57295775 2.291831
2.5 9.09 0.44 0.0 0.0 0.57295775
2.1599998 9.04 0.57 1.7188734 -0.57295775 0.0
2.52 9.05 0.52 2.8647888 -2.291831 2.291831
