1.52 12.04 1.9599999 -17.188732 -29.793804 18.907606
1.31 12.24 2.08 -5.15662 -24.064226 14.323945
1.04 12.84 2.46 8.594366 0.57295775 -1.1459155
1.3 13.15 2.1 14.323945 4.583662 -5.7295775
1.61 13.67 1.09 25.7831 9.167324 -13.178029
1.13 13.549999 1.86 21.772396 10.886198 -19.480566
1.78 13.25 2.29 2.291831 20.62648 -23.49127
1.8399999 12.69 1.7199999 9.740283 28.07493 -28.07493
1.77 12.62 1.4599999 14.323945 30.939718 -33.231552
2.01 11.95 -0.39 19.480566 29.793804 -38.38817
0.96 11.67 0.14 4.0107045 38.961132 -40.107044
1.06 11.44 0.29 1.1459155 40.680004 -30.366762
1.88 11.05 -0.5 6.8754935 34.950428 -37.242256
1.7099999 10.91 -0.64 8.594366 33.231552 -42.398876
1.9 10.45 -1.02 10.31324 33.231552 -46.98254
1.23 10.0 -1.3399999 7.448451 37.242256 -48.128452
0.59999996 9.309999 -1.66 7.448451 39.53409 -44.11775
0.06 8.97 -1.64 9.740283 30.939718 -40.107044
1.3199999 9.469999 -2.57 17.188732 22.91831 -36.669296
1.38 9.95 -3.73 5.7295775 30.366762 -41.25296
0.42 9.19 -2.06 -21.199438 42.398876 -37.815212
0.16 8.49 -1.12 -22.345354 36.669296 -35.523384
0.19 8.21 -2.04 -4.583662 28.64789 -35.523384
-0.59 8.139999 -2.3999999 -2.291831 24.637184 -36.669296
0.04 7.66 -2.3999999 -8.594366 17.761692 -34.950428
-0.13 7.56 -2.4199998 -10.31324 13.750987 -35.523384
0.04 6.67 -2.31 -10.31324 12.032113 -34.377464
-1.3299999 6.6099997 -1.9499999 8.594366 14.896902 -40.107044
-1.79 6.7599998 -2.4299998 8.594366 14.896902 -40.107044
-0.95 6.06 -3.46 6.3025355 8.594366 -25.210142
-1.5899999 5.5899997 -1.77 -7.448451 9.740283 -25.7831
-1.4599999 5.3199997 -1.4699999 -7.448451 7.448451 -26.929016
-1.4699999 4.99 -1.25 -4.0107045 5.15662 -22.345354
-2.31 4.74 -0.56 -4.583662 17.761692 -13.750987
-1.9699999 5.25 -0.12 -1.1459155 15.469859 -10.31324
-1.1999999 5.5899997 -0.53999996 6.8754935 10.31324 -9.167324
-1.49 6.2999997 -0.77 8.021409 10.31324 -7.448451
-2.23 6.27 0.53 -10.886198 15.469859 -1.1459155
-2.01 6.46 2.01 -15.469859 18.334648 13.178029
-0.16 6.92 0.71 -0.57295775 25.7831 20.053522
0.19999999 7.21 -0.19999999 5.7295775 32.658592 18.334648
-1.7199999 8.13 1.49 -1.1459155 41.25296 5.15662
-0.95 7.99 0.65999997 -8.021409 30.366762 1.1459155
0.08 7.9199996 0.63 -7.448451 33.231552 17.761692
0.19 7.79 0.59 -21.199438 48.128452 27.501974
-1.12 8.62 0.91999996 -14.896902 52.139156 26.356058
0.12 9.54 -0.29999998 12.032113 41.25296 32.085636
0.78999996 10.51 -3.04 21.199438 41.825916 31.51268
-0.07 10.349999 -3.22 6.8754935 44.69071 25.7831
-1.16 10.349999 0.07 -34.950428 42.971836 30.939718
0.97999996 10.61 -0.44 -40.680004 41.25296 45.83662
2.04 10.9 -1.89 -18.334648 37.242256 41.825916
0.53 11.04 -1.52 -11.459155 33.231552 21.772396
0.44 11.3 -1.53 -8.594366 36.09634 20.053522
1.1999999 11.67 -1.6999999 -9.167324 36.669296 29.220846
1.9599999 11.82 -1.23 -12.605071 31.51268 34.950428
1.12 12.32 -1.4 -6.8754935 28.64789 25.7831
1.28 12.55 -1.66 -8.594366 32.085636 26.356058
1.54 12.719999 -2.12 -6.8754935 33.231552 28.64789
1.7099999 12.83 -2.6799998 -5.7295775 36.09634 27.501974
1.27 12.34 -1.9 -23.49127 33.80451 26.356058
1.16 12.639999 -0.55 -29.220846 28.07493 25.7831
1.73 12.809999 -1.5799999 8.594366 38.38817 20.053522
0.45 12.469999 -4.72 -1.1459155 39.53409 10.886198
-0.16 12.25 -3.6999998 -13.178029 35.523384 10.31324
0.07 12.009999 -3.54 -12.032113 28.07493 16.615776
0.89 12.11 -4.98 0.0 22.91831 15.469859
0.66999996 11.63 -4.79 0.0 24.064226 15.469859
0.84999996 11.61 -4.48 3.4377468 12.032113 9.167324
1.48 11.12 -5.3599997 10.31324 -1.7188734 -3.4377468
0.16 10.38 -5.44 9.167324 0.0 -10.31324
0.42 9.76 -5.0899997 2.291831 -6.3025355 -2.8647888
1.49 9.57 -5.37 5.15662 -15.469859 0.57295775
2.06 9.26 -5.18 6.3025355 -19.480566 0.0
2.8899999 8.95 -4.74 5.7295775 -34.377464 -8.594366
2.75 8.08 -4.44 5.7295775 -35.523384 -13.178029
0.65999997 7.5899997 -3.62 10.31324 -33.80451 -20.62648
0.32999998 8.21 -4.4 22.91831 -37.815212 -22.345354
1.4499999 9.12 -6.42 45.263664 -49.84733 -9.167324
1.8199999 9.7699995 -6.89 36.669296 -63.598316 -1.7188734
2.49 9.51 -5.44 2.291831 -79.06818 5.7295775
1.67 9.37 -2.83 -20.62648 -87.662544 8.021409
2.19 9.38 -1.87 -17.188732 -91.67324 12.032113
2.34 10.12 -1.78 1.7188734 -97.402824 16.615776
3.03 10.44 -3.23 26.356058 -93.39212 17.188732
2.8899999 10.179999 -3.87 34.377464 -94.53803 16.042818
1.1999999 10.07 -2.23 20.053522 -98.54874 16.615776
1.76 10.19 -1.99 16.042818 -102.55944 25.210142
3.12 11.099999 -2.02 29.793804 -101.98649 40.680004
4.24 11.23 -1.7199999 32.085636 -98.54874 42.971836
3.6 10.87 -1.05 24.637184 -111.72677 36.09634
3.03 10.75 -1.64 29.220846 -126.05072 15.469859
1.87 10.95 -1.8 40.107044 -119.17522 2.8647888
2.21 10.94 -1.81 29.793804 -116.31043 8.594366
3.23 10.059999 -0.62 12.032113 -107.716064 34.377464
2.6499999 10.09 -0.21 -5.15662 -98.54874 21.199438
2.1 10.73 0.68 0.0 -98.54874 17.761692
2.8 10.55 0.29999998 22.345354 -101.98649 30.366762
2.4199998 10.67 -0.19999999 35.523384 -95.11099 24.064226
2.01 10.8 -0.17999999 30.939718 -87.662544 26.356058
2.1 11.2699995 0.35999998 16.615776 -84.22479 33.80451
2.31 11.759999 1.02 9.740283 -77.349304 34.950428
2.52 11.73 1.4699999 8.021409 -70.47381 31.51268
2.01 12.139999 2.52 9.167324 -63.598316 23.49127
1.64 12.929999 2.23 16.042818 -49.27437 24.064226
2.1 13.5 1.81 14.896902 -40.680004 24.637184
2.28 13.04 2.11 -12.032113 -25.210142 13.178029
1.5 12.389999 2.58 -18.334648 -17.761692 2.291831
1.37 12.05 2.37 -17.188732 -12.032113 0.0
1.88 11.889999 1.78 -13.750987 -5.7295775 -5.15662
1.37 11.599999 2.28 -18.334648 -3.4377468 -10.31324
0.78999996 11.44 2.48 -21.772396 2.291831 -13.750987
1.41 11.7699995 1.8399999 -17.761692 9.740283 -8.594366
2.54 11.88 0.81 -9.740283 17.761692 -7.448451
1.0699999 12.139999 0.45999998 -5.15662 26.356058 -24.637184
0.61 12.5 0.53 -10.886198 28.64789 -29.793804
1.27 13.0199995 0.57 -16.615776 32.085636 -24.064226
2.12 12.88 -0.42999998 -13.178029 38.961132 -24.637184
2.1 12.7 -0.83 -10.886198 43.544792 -34.377464
1.42 12.21 -1.16 -13.178029 53.285076 -43.544792
1.56 12.0199995 -1.3199999 -14.896902 57.868736 -45.263664
1.9799999 11.44 -2.09 -11.459155 56.72282 -42.971836
1.1899999 10.49 -2.36 -14.323945 63.02536 -45.83662
0.53999996 9.969999 -2.6299999 -13.178029 63.02536 -38.961132
1.25 10.08 -2.79 -12.605071 63.02536 -33.231552
1.9499999 10.0199995 -3.62 -13.178029 77.922264 -16.042818
2.2 9.58 -3.76 -15.469859 89.38142 -11.459155
1.8399999 9.11 -3.74 -17.761692 81.93296 -16.615776
1.1899999 8.71 -3.27 -17.188732 60.160564 -34.950428
0.32 8.2699995 -3.21 -9.167324 48.701412 -41.25296
0.47 7.77 -3.57 -1.7188734 48.701412 -32.085636
1.15 7.6499996 -3.87 -0.57295775 46.98254 -15.469859
1.16 8.059999 -3.86 -3.4377468 44.11775 -10.886198
0.59999996 7.77 -4.2599998 0.0 38.38817 -15.469859
0.22 7.66 -4.2999997 0.0 37.242256 -18.907606
0.45999998 7.89 -3.6699998 -9.740283 36.669296 -19.480566
1.29 7.96 -2.97 -25.210142 25.7831 -18.907606
1.18 8.12 -2.24 -22.345354 26.356058 -20.053522
-1.12 8.28 -1.65 -0.57295775 22.91831 -32.085636
-1.3399999 8.679999 -1.61 6.3025355 21.199438 -32.085636
-0.22999999 8.99 -1.92 10.31324 16.042818 -16.615776
0.01 8.54 -2.98 9.740283 8.594366 -8.021409
-0.17 8.57 -3.33 11.459155 9.740283 -10.31324
-0.84 8.37 -3.4199998 13.750987 9.167324 -13.750987
-1.3299999 7.95 -3.28 9.740283 7.448451 -17.761692
-1.5699999 8.38 -2.59 -6.3025355 9.740283 -11.459155
-0.59999996 8.78 -3.08 -6.3025355 6.3025355 -6.3025355
-0.42999998 9.03 -3.36 0.57295775 0.0 1.1459155
-0.65 9.42 -2.45 -5.15662 0.0 2.291831
-0.55 9.48 -2.22 -6.3025355 0.0 1.7188734
-0.44 9.5199995 -2.22 -0.57295775 1.1459155 0.0
-0.59999996 9.41 -1.9699999 0.0 1.7188734 1.1459155
-0.7 9.429999 -2.01 2.291831 1.7188734 2.291831
-0.5 9.67 -2.37 4.583662 0.57295775 6.8754935
-0.41 9.87 -2.9299998 -1.1459155 -3.4377468 3.4377468
-0.59999996 9.889999 -2.3899999 -6.8754935 -4.0107045 2.8647888
-0.84999996 9.99 -1.55 -13.178029 -3.4377468 2.8647888
-0.57 9.98 -1.35 -4.583662 -0.57295775 9.167324
-0.32999998 9.96 -1.52 -4.583662 -0.57295775 9.167324
-0.53 10.24 -1.64 5.15662 -1.1459155 0.0
-0.53 10.24 -1.64 5.15662 -1.1459155 0.0
-0.48999998 10.0199995 -2.55 9.740283 -3.4377468 -2.8647888
-0.79999995 9.78 -2.24 3.4377468 -1.7188734 -2.291831
-0.53999996 9.94 -1.4 -5.7295775 -1.7188734 0.57295775
-0.17999999 10.11 -1.31 -6.8754935 -2.8647888 1.7188734
-0.32999998 10.0199995 -1.93 1.1459155 -1.1459155 0.0
-0.55 9.88 -1.8 1.1459155 -1.1459155 -2.291831
-0.65 9.969999 -1.54 -1.1459155 -1.7188734 -2.291831
-0.44 10.04 -1.54 -1.1459155 0.0 -0.57295775
-0.59 10.0 -1.7199999 0.0 0.0 0.0
-0.55 10.01 -1.8199999 0.0 1.7188734 -1.1459155
-0.51 10.12 -2.09 0.0 1.7188734 -1.1459155
-0.96 10.26 -1.88 -2.8647888 0.57295775 -2.291831
-0.62 10.12 -1.61 -9.167324 0.57295775 -0.57295775
-0.22 10.139999 -1.51 -11.459155 -4.0107045 4.0107045
-0.37 10.11 -1.5799999 -9.740283 -1.1459155 1.1459155
-0.69 9.95 -1.67 -8.594366 1.7188734 -1.7188734
-0.71 9.96 -1.37 -8.594366 2.291831 -2.291831
-0.59999996 9.809999 -1.42 -8.021409 1.1459155 0.0
-0.56 9.849999 -1.55 -2.291831 -1.1459155 -1.1459155
-0.41 9.99 -1.9499999 0.57295775 0.0 -1.7188734
-0.88 9.8 -1.75 -0.57295775 -0.57295775 -2.291831
-0.87 9.75 -1.1999999 -4.583662 -1.1459155 -2.8647888
-0.59999996 9.809999 -1.1999999 -1.1459155 -3.4377468 0.57295775
-0.34 9.849999 -1.66 3.4377468 -2.291831 1.7188734
-0.53999996 9.94 -1.4 1.7188734 -1.7188734 0.0
-0.75 9.92 -1.6899999 3.4377468 -3.4377468 -3.4377468
-0.62 9.78 -1.79 3.4377468 -1.7188734 -1.1459155
-0.83 9.76 -1.4699999 -0.57295775 -1.7188734 0.0
-0.58 9.84 -1.3299999 -2.8647888 -0.57295775 2.291831
-0.52 9.86 -1.54 0.0 -1.7188734 2.291831
-0.7 9.88 -1.5899999 0.0 0.0 1.1459155
-0.66999996 10.07 -1.4499999 -4.583662 0.0 1.7188734
-0.39999998 10.16 -1.1999999 -5.7295775 -0.57295775 2.8647888
-0.45999998 10.09 -1.16 -5.15662 -2.8647888 1.7188734
-0.52 10.03 -1.3199999 -1.1459155 -3.4377468 -0.57295775
-0.68 10.0 -1.27 -3.4377468 -0.57295775 -0.57295775
-0.72999996 10.0 -1.3 -5.7295775 2.291831 1.7188734
-0.42 10.17 -1.09 -5.7295775 3.4377468 4.0107045
-0.22999999 10.23 -1.3 0.0 0.0 2.291831
-0.48999998 10.219999 -1.8 5.15662 0.0 -2.8647888
-0.93 10.0 -1.68 -0.57295775 0.57295775 -2.8647888
-0.65 10.0 -1.24 -8.594366 1.1459155 1.1459155
-0.26999998 10.09 -1.15 -5.15662 0.57295775 2.291831
-0.39 10.17 -1.49 2.8647888 -0.57295775 -0.57295775
-0.61 10.09 -1.5799999 3.4377468 -2.291831 -2.291831
-0.59 9.98 -1.4499999 0.0 -2.8647888 -2.291831
