2.667222 9.615408 1.4652961 4.0320697 -2.5542998 2.950955
2.9042554 9.5244255 1.4245936 3.78707 -5.5293 3.545955
2.710319 9.500483 1.3958622 2.3170702 -4.8293004 1.935955
2.5738454 9.428655 1.3719195 1.02207 -3.6393003 -0.12904501
2.6432793 9.4142885 1.5275474 -0.62293 -3.9193003 0.010954999
2.6791935 9.490906 1.5538844 -0.13293001 -5.0743 1.0259551
2.7941186 9.63935 1.4820561 1.72207 -6.2643003 0.815955
2.8443985 9.747093 1.5706443 2.7720702 -7.699301 -0.199045
2.9521408 9.907509 1.7095122 2.52707 -6.5793 -1.144045
2.9952378 10.027223 1.8507744 2.0020702 -3.3243 -1.389045
3.1819913 10.218765 1.9656997 1.7570701 -0.1393 -1.879045
3.6919718 10.735929 2.1380875 1.7570701 0.0707 -2.264045
4.3456087 12.330515 2.482863 0.77707005 -1.7843001 -2.4040449
4.494054 13.570749 3.11974 -7.83293 -3.3593001 -2.2290452
3.3519847 15.3473015 4.3192716 -23.16293 -5.7043 -5.449045
2.3775148 16.956255 5.906676 -33.662933 3.2907002 -14.759045
3.3352249 17.806221 6.4765134 -28.517931 12.7757 -22.319044
5.4924664 18.644218 6.4956675 -7.16793 18.340698 -24.734045
6.718335 18.318596 4.7765784 24.05207 25.0957 -32.084045
5.7582307 17.090334 3.840417 51.21207 23.765701 -58.194046
4.3958883 15.577152 4.0894213 53.94207 25.410702 -93.15905
3.8739367 13.743137 4.477294 40.53707 34.1957 -115.839035
3.562681 12.486143 4.106181 32.872066 35.2807 -123.57405
3.0239692 11.3105545 3.6728175 36.827072 27.0557 -128.47406
2.5929997 9.8548355 2.6073654 44.35207 13.8257 -135.05405
2.185973 9.026416 2.0279508 50.40707 -0.7343 -137.81905
1.2498114 7.788576 1.0343267 47.74707 -9.2743 -138.58905
0.65842557 6.651295 -0.32562137 37.31707 -11.6193 -132.49904
0.31843856 5.9018874 -0.7541966 24.29707 -9.659301 -119.514046
0.14365649 5.0662856 -0.7853221 4.87207 2.4507 -110.029045
-0.6249057 4.228289 -1.0247496 -14.62293 26.425701 -107.684044
-1.3096683 3.8284454 -0.6895511 -24.52793 35.6307 -105.864044
-1.8771114 3.2298768 -0.5123748 -26.45293 29.2257 -106.56404
-2.317658 2.3823035 -0.70631105 -18.89293 21.4207 -110.904045
-2.875524 1.7478206 -0.48843205 -4.43793 15.2607 -117.86904
-3.6392977 1.4221992 0.045491222 7.07707 6.4057 -121.50905
-4.7885494 0.8571504 0.19633053 17.43707 -8.5743 -110.44904
-5.506832 0.70631105 -0.0023942748 15.897069 -1.5393001 -95.71405
-5.767808 0.7326481 0.22745611 5.11707 12.6707 -72.75404
-5.5906315 0.88588166 0.36392978 -9.127931 31.185701 -43.704044
-5.279376 0.94095 0.65363705 -23.37293 49.4207 -16.019047
-4.747847 1.0917894 1.1109436 -37.40793 59.535698 8.830955
-4.4198313 1.4964218 1.9872481 -49.69293 66.745705 28.745958
-3.9433706 1.5371244 2.1548474 -55.04793 79.1007 45.825954
-3.5578923 1.1612233 1.4964218 -48.85293 93.6957 60.98096
-2.4277947 1.1971374 0.4070267 -42.41293 97.0907 72.00595
-2.7175019 1.6592325 0.97446984 -47.31293 84.175705 74.63096
-3.902668 3.2250881 1.8459859 -60.997932 88.2007 72.53095
-3.5578923 3.502824 1.6281068 -58.407932 107.8357 78.41096
-3.2035396 4.2378664 0.9289786 -42.517933 104.370705 88.31595
-2.3894863 6.021601 0.2083019 -28.062931 100.0307 102.24596
-1.3958622 6.5196104 -0.59378016 -17.56293 98.5257 129.89595
-1.3168511 6.466936 -0.6177229 -22.28793 105.35069 146.17096
-0.5913859 7.886741 0.86193895 -41.57293 115.675705 155.65596
2.4086404 8.91628 -0.21309046 -45.562927 112.9457 183.69096
5.195576 8.930645 -1.8962656 -30.47793 99.1207 212.60097
5.4254265 7.9322324 -1.0654523 -30.58293 92.2257 209.31096
2.875524 8.356019 3.5554981 -64.11293 90.230705 172.35094
3.7757714 8.8085375 3.8715425 -81.85793 87.9907 146.27596
5.8180876 8.439818 0.43815228 -41.67793 63.770695 156.07596
6.8452315 6.8524146 -0.3974496 9.842071 31.710701 160.31096
5.0399485 6.6081986 2.545114 15.477071 12.705701 136.12596
4.6712303 8.504464 3.387899 1.61707 7.9806995 109.94596
9.601042 10.6641 -3.057489 22.65207 14.980701 123.63096
12.534029 12.385584 -5.803722 58.35207 26.9857 159.54095
11.703216 15.890801 -4.005622 46.732067 27.3707 146.69595
9.735122 19.070398 -4.565882 11.767071 13.615701 88.91096
9.737515 19.460665 -7.391126 12.04707 -4.9343 44.11096
8.93304 17.806221 -7.1373334 17.50707 -13.439301 30.460957
6.9577627 16.563593 -3.7925313 -19.977932 -0.9793 17.440956
7.82449 15.878831 -3.8236568 -60.82293 3.4657001 6.2059546
8.224334 14.504517 -5.1021996 -54.24293 -11.6193 8.585955
7.0439563 11.794198 -4.529968 -24.45793 -40.2143 3.615955
6.0838523 9.711179 -3.7685885 -17.492931 -56.8043 -17.209044
5.1883936 8.377567 -3.1915684 -20.99293 -65.2743 -34.359043
5.1716337 7.884347 -3.5746522 -16.58293 -80.3593 -40.799046
5.9114647 7.599428 -4.381523 -6.81793 -96.0743 -39.189045
6.93382 7.355212 -4.209135 -13.25793 -124.07431 -23.299046
7.51084 7.1780357 -3.4357843 -37.82793 -123.444305 -18.329044
7.2546525 7.56112 -2.5044115 -60.752926 -112.349304 -19.624044
7.3408465 7.8340673 -1.9800652 -74.437935 -108.2193 -19.204044
8.118986 7.520417 -0.70631105 -81.85793 -114.6943 -13.254045
7.6066113 7.362395 0.67279124 -80.492935 -124.9143 -16.369045
5.8827333 8.41827 0.9289786 -61.48793 -132.9293 -29.459047
6.0599093 9.06233 -0.409421 -39.82293 -133.9443 -34.394043
6.263423 9.160496 -0.9984126 -31.457928 -132.0543 -28.654043
6.1317377 8.784595 -0.44294083 -39.262928 -134.22429 -23.334045
5.4110613 8.806143 0.8571504 -51.89793 -137.93431 -18.364046
5.027977 9.016839 1.4844503 -54.66293 -137.0593 -14.934045
5.4852834 9.361614 1.1157321 -45.45793 -136.6393 -8.529045
6.507639 9.237112 -0.06943397 -30.02293 -138.80931 -2.194045
6.8332605 9.170073 0.17957062 -24.17793 -144.0943 -3.6990452
6.1532865 9.019233 1.5299416 -33.24293 -143.9893 -13.114045
5.5786605 8.983319 2.2697725 -39.61293 -135.2743 -22.739046
5.935407 9.009656 1.7717633 -28.27293 -129.46431 -23.299046
6.474119 9.035994 1.297697 -13.22293 -130.5143 -19.659046
5.2674046 9.043176 2.0159793 -10.28293 -129.7793 -24.629045
4.6712303 8.794171 2.1380875 -12.277931 -124.8443 -35.164047
4.1947694 8.576292 1.4940275 -5.45293 -120.364296 -38.139046
3.8140798 8.583475 0.69673395 6.13207 -119.139305 -37.719048
3.5243726 8.583475 0.7877164 10.01707 -120.92429 -34.919044
3.4956412 8.375174 1.4964218 1.7570701 -120.92429 -27.604044
3.0239692 8.193209 2.1404817 -9.89793 -114.8693 -17.944046
2.9401696 8.078283 1.9369683 -11.01793 -105.5943 -11.854045
3.110163 8.324894 1.8052832 -4.3679304 -99.679306 -6.114045
3.572258 8.511647 2.3846977 -2.51293 -94.5693 0.395955
3.6512692 8.41827 3.301705 -7.16793 -93.0293 8.515955
2.9808722 8.466156 4.06069 -10.632931 -91.0343 12.050955
2.9401696 8.772623 3.929005 -6.78293 -80.5343 11.805956
3.74704 9.050359 3.7518287 3.9970698 -66.0793 17.650955
4.0367475 9.37598 4.295329 12.432071 -57.3643 26.330956
4.1157584 9.953 4.5084195 13.13207 -51.7993 26.750956
4.6472874 10.522838 3.9601305 13.09707 -38.919304 23.985954
4.7957325 11.195629 3.241848 15.827071 -21.2093 23.215954
4.2235007 11.564347 3.2538195 15.302071 -6.1593003 18.105955
3.6105664 11.65533 3.1460772 7.0070696 4.3407 8.865955
3.301705 11.724764 2.6600394 -9.86293 37.5207 1.200955
3.5794408 11.794198 2.135693 -12.697929 47.250698 3.125955
3.9840732 11.628993 2.056682 -16.79293 51.1707 2.495955
3.7015488 11.65533 2.317658 -20.36293 56.2457 -3.454045
3.7111259 11.645753 1.9872481 -18.82293 64.3657 -8.039044
4.245049 11.523644 1.5538844 -13.36293 72.8007 -8.109046
4.6233444 11.269852 1.4437478 -9.197929 78.7507 -11.399045
4.410254 10.889162 1.0343267 -3.77293 80.6407 -18.749044
3.816474 10.4845295 0.0 5.81707 78.9607 -25.049046
4.0894213 10.211582 -0.31604427 6.97207 78.9257 -22.739046
4.4988422 10.156514 -0.1987248 -0.20293 81.7257 -17.804045
4.065479 10.276228 -0.26337022 -3.87793 86.5907 -22.424046
3.8452053 10.26665 -1.5826156 0.88207006 91.4207 -28.164045
4.529968 10.072714 -2.1380875 7.7070704 86.1707 -29.039045
4.1085753 9.641745 -2.5906053 6.0970697 76.5457 -37.264046
2.9066496 9.869201 -1.8914771 -5.69793 76.0557 -48.534046
2.8204558 9.569917 -1.5443072 -19.41793 80.815704 -48.569046
2.5738454 9.337671 -1.2138973 -26.732931 83.2657 -42.304047
2.2530127 9.105427 -0.90024734 -25.05293 83.6507 -39.994045
1.9226027 9.134158 -1.4126221 -15.0779295 77.6657 -39.504044
1.7454263 8.925857 -2.056682 -1.2879299 69.1607 -39.399044
1.6352897 8.549955 -2.403852 6.23707 63.3857 -38.209045
1.3695252 8.291373 -2.0590763 5.9920697 58.5207 -37.299046
1.0510867 8.130958 -1.8411974 2.91207 54.0057 -37.789047
0.7853221 7.9418097 -2.0494993 2.7720702 53.270702 -36.564045
0.6392714 7.80773 -2.3224466 8.477071 50.7157 -31.419044
0.48843205 7.728719 -2.126116 13.7970705 42.875698 -25.434046
0.43575802 7.762239 -2.126116 13.552071 36.1207 -21.129045
0.58420306 7.8532214 -2.5570855 12.04707 31.850702 -15.599046
0.4285752 7.8963184 -2.6504622 10.78707 27.5807 -9.299045
0.25139886 7.8627987 -2.1069617 4.87207 25.0257 -6.534045
0.13886794 8.0375805 -1.5921928 -5.34793 24.4657 -4.504045
0.13168511 8.300951 -1.4150164 -10.84293 22.925701 -1.739045
0.10774237 8.593052 -1.1971374 -9.407929 16.205702 1.1659551
0.3304099 8.887548 -0.5889916 -8.42793 8.1907 2.880955
0.44533512 9.158101 -0.3615355 -9.1629305 4.1307 4.140955
0.52913475 9.419077 -0.35914123 -6.01293 3.2907002 5.260955
0.82123625 9.591465 -0.2777359 -0.51793003 2.1007001 7.0109553
1.0558752 9.665688 -0.30646718 1.44207 1.0157 7.325955
1.0175668 9.883567 -0.28970724 1.30207 7.0000003E-4 6.660955
1.0032011 9.905115 -0.12689656 -0.23792998 -0.8743 2.0409548
1.0798179 9.8787775 -0.11971374 -3.17793 -1.2593 -1.284045
1.036721 10.032011 0.038308397 -5.97793 -2.1342998 -4.014045
0.56744313 9.998491 0.74701375 -9.722931 -2.5893 -8.039044
0.25139886 9.96976 1.0582695 -10.247931 -0.90929997 -9.859045
0.5123748 9.998491 0.5698374 -2.4079301 -1.4343001 -6.429045
0.7948992 10.022434 -0.12929083 6.6220703 -3.7793 -2.2990448
0.7996878 9.933846 -0.11492519 6.37707 -3.0793002 -1.6340451
0.5818088 9.809344 0.3998439 -2.05793 0.31570002 -3.314045
0.3519584 9.766247 0.83081335 -7.9379296 2.5207 -3.419045
0.47167215 9.77343 0.6488485 -4.5779305 0.28070003 -1.1790451
0.5913859 9.732727 0.45730647 1.47707 -2.7993002 0.95595497
0.5913859 9.682447 0.5770202 2.84207 -2.5193002 1.200955
0.45251793 9.715967 0.6249057 1.54707 0.1407 0.95595497
0.58420306 9.749487 0.49800915 3.15707 0.4907 1.3409549
0.7805336 9.835681 0.15562786 5.9920697 -0.55929995 2.1459548
0.679974 9.907509 0.0071828244 5.57207 1.2957 2.495955
0.531529 9.91948 0.047885496 0.46207 5.0757003 2.320955
0.8475733 9.93624 0.24900457 -5.69793 6.7557 3.510955
0.8284191 9.869201 0.37350687 -8.07793 4.6556997 4.700955
0.7829279 9.763853 0.5554718 -7.69293 4.0957 2.635955
0.7015225 9.648928 0.67279124 -6.32793 2.5207 -0.72404504
0.41181526 9.636956 0.7302538 -3.87793 0.21069999 -3.559045
0.2944958 9.646533 0.5818088 -0.69293 1.1557 -4.1190453
0.5458947 9.651321 0.34477556 3.36707 0.45570004 -1.7740451
0.679974 9.701602 0.29689008 5.18707 -0.90929997 0.990955
0.6105401 9.747093 0.531529 3.15707 7.0000003E-4 1.865955
0.5913859 9.787795 0.44054657 0.88207006 1.7157 1.095955
0.54350036 9.783007 0.25139886 3.08707 0.4907 0.850955
0.6081458 9.768641 0.2466103 5.9570704 -1.6443001 0.92095506
0.57462597 9.749487 0.409421 4.55707 -1.5393001 1.690955
0.6368771 9.818921 0.43336374 1.19707 0.4907 2.985955
0.75180227 9.814133 0.2944958 0.112069994 2.5207 4.210955
0.71828246 9.833286 0.12929083 2.0720701 1.5057 3.8959553
0.7853221 9.840469 0.071828246 3.33207 0.31570002 1.900955
0.7134939 9.830893 0.18196489 2.63207 -0.4543 1.060955
0.6201172 9.744699 0.38787252 0.42707002 -0.8393 0.395955
0.47167215 9.711179 0.42139238 -1.2179301 1.7157 0.430955
0.42139238 9.775824 0.25379312 1.89707 1.5757 2.355955
0.6057515 9.912297 0.071828246 4.24207 -0.10430001 3.7209551
0.65842557 9.8548355 0.13647367 3.15707 -0.8043 2.565955
0.7302538 9.931452 -0.0670397 2.35207 0.1757 1.5859551
0.9385557 9.938635 -0.090982445 1.96707 -1.1193 2.285955
0.8092649 9.780613 0.3998439 -2.3029299 -1.6793001 1.305955
0.7637737 9.708784 0.5506832 -4.2629304 0.31570002 0.500955
