3.56 8.79 1.04 -17.188732 -8.021409 4.0107045
3.56 8.95 0.34 -24.064226 -14.323945 6.8754935
3.61 9.4 0.66999996 -31.51268 -35.523384 5.7295775
3.55 9.33 2.12 -25.210142 -31.51268 6.3025355
3.77 9.69 3.82 7.448451 -11.459155 4.0107045
3.6799998 10.48 3.75 16.615776 -0.57295775 0.0
3.53 11.309999 3.12 12.605071 -8.021409 0.57295775
2.82 12.48 4.0299997 17.761692 -11.459155 6.8754935
3.3899999 14.54 5.02 28.64789 0.0 2.291831
5.6 16.38 4.23 17.188732 11.459155 -33.231552
4.41 17.609999 5.39 14.323945 12.605071 -41.25296
5.12 18.42 6.7 26.929016 18.334648 -46.40958
6.89 18.4 6.22 34.950428 30.366762 -60.733524
8.21 17.9 4.72 36.09634 44.69071 -79.641136
8.139999 17.08 4.14 41.825916 48.701412 -100.84057
7.5499997 15.9 3.6 57.868736 54.43099 -126.62367
7.37 14.29 1.5799999 41.825916 61.879436 -123.75887
6.71 12.53 -0.53 13.178029 67.03606 -116.883385
5.7 10.32 -1.0699999 -5.7295775 65.890144 -109.43494
4.65 7.83 -1.12 -14.323945 59.014652 -98.54874
4.35 5.6299996 -1.79 -18.907606 52.139156 -93.96508
3.7099998 1.78 -2.33 -15.469859 55.00395 -92.81916
2.8999999 0.35 -2.69 -16.042818 69.32789 -87.089584
1.89 -0.95 -3.02 -22.345354 72.76564 -85.94367
-0.41 -1.9 -2.59 -23.49127 61.879436 -81.36001
-2.84 -2.3799999 -1.63 -17.761692 43.544792 -63.02536
-3.1799998 -2.84 -1.51 -15.469859 27.501974 -42.971836
-3.25 -2.9399998 -0.96999997 -36.09634 19.480566 -12.032113
-2.85 -2.58 0.31 -40.107044 18.907606 5.15662
-3.01 -1.4 2.83 -21.199438 20.62648 21.199438
-1.6899999 -0.84999996 3.53 -6.3025355 29.793804 26.356058
-0.93 0.19999999 3.62 -4.0107045 37.242256 31.51268
-0.049999997 0.71 3.06 -12.605071 50.420284 34.950428
-0.32999998 1.1999999 1.49 -38.38817 55.00395 48.128452
0.06 1.81 2.74 -67.60902 49.84733 68.75493
0.22 3.07 5.37 -64.17127 46.98254 84.79775
1.67 4.8199997 5.94 -36.09634 57.868736 95.68395
4.79 5.7999997 3.79 -24.064226 67.60902 89.95437
5.13 5.5099998 1.56 -52.712116 70.47381 99.69466
2.34 6.35 2.1 -55.576904 70.47381 127.19663
2.97 8.25 4.0099998 -22.91831 55.00395 131.78029
5.52 11.07 4.22 15.469859 49.27437 116.883385
7.24 13.37 1.65 17.188732 53.858032 110.0079
7.5099998 15.299999 -1.3 -18.334648 65.890144 108.86198
6.15 16.43 -1.14 -34.377464 55.00395 104.85127
7.2799997 16.25 1.03 -20.053522 45.83662 94.53803
8.01 16.06 0.90999997 -4.0107045 48.128452 75.057465
5.94 16.44 1.9399999 41.25296 46.40958 59.58761
6.25 16.4 -0.08 82.50592 40.107044 45.263664
6.75 16.06 -3.9099998 74.48451 39.53409 30.939718
7.08 15.03 -5.93 24.064226 20.053522 2.8647888
4.91 13.59 -4.7799997 16.615776 8.594366 -1.1459155
3.4399998 12.099999 -4.13 15.469859 -0.57295775 1.1459155
3.75 10.849999 -4.65 3.4377468 -12.032113 1.1459155
4.97 9.4 -5.19 -5.7295775 -27.501974 -4.0107045
4.67 7.9199996 -4.2999997 9.167324 -40.107044 -6.3025355
4.0699997 6.8799996 -4.08 42.971836 -65.317184 -1.7188734
4.74 7.0899997 -5.89 30.366762 -83.07887 0.0
6.19 6.72 -6.29 2.291831 -93.39212 -1.1459155
5.0099998 6.43 -5.46 -13.178029 -92.24621 7.448451
4.97 6.15 -4.16 -9.740283 -113.44564 18.907606
5.9 7.1099997 -3.81 -4.0107045 -132.92621 24.064226
7.25 7.5699997 -4.37 -13.178029 -143.23946 26.929016
7.33 7.18 -3.75 -14.323945 -150.11493 34.377464
7.3599997 7.16 -2.24 -9.740283 -159.85522 43.544792
8.76 7.8199997 -1.4 -13.750987 -165.01184 38.38817
10.75 7.87 -1.25 -25.7831 -165.01184 30.366762
8.79 6.68 0.24 -0.57295775 -166.15775 48.128452
7.73 8.09 2.6399999 22.345354 -152.97972 53.285076
9.28 8.92 0.26999998 0.0 -142.66649 52.712116
9.87 7.6099997 0.28 -30.939718 -143.81241 51.5662
7.94 7.81 4.21 -14.323945 -144.38536 57.29578
7.87 9.73 4.79 13.750987 -139.22873 61.30648
9.21 11.48 2.81 -38.38817 -109.43494 47.555496
9.73 10.65 3.04 -64.74423 -101.98649 44.11775
8.48 9.889999 6.39 -40.107044 -89.95437 37.242256
7.79 10.82 8.24 -14.896902 -72.76564 21.199438
8.07 11.179999 6.15 -24.637184 -60.733524 9.167324
6.99 10.76 5.27 -33.80451 -49.27437 9.740283
6.21 11.2 7.16 -8.594366 -29.220846 4.583662
6.16 12.2 5.5699997 -6.8754935 -15.469859 -4.0107045
6.64 12.7 4.5099998 -21.772396 -3.4377468 -13.750987
6.8199997 12.42 4.74 -29.793804 9.167324 -24.064226
6.5899997 12.08 5.0 -24.637184 19.480566 -36.669296
5.95 11.67 4.38 -18.907606 37.242256 -44.69071
5.95 11.01 3.86 -16.615776 47.555496 -44.11775
6.15 10.49 3.55 -9.167324 57.868736 -45.263664
6.58 10.309999 2.86 -2.8647888 65.890144 -52.139156
6.54 9.91 1.61 -2.291831 65.317184 -57.29578
6.3199997 8.97 0.75 -3.4377468 65.317184 -57.29578
5.4 8.429999 0.89 -2.8647888 72.76564 -50.420284
5.5499997 8.0 -0.45 -9.740283 80.78705 -47.555496
5.06 7.46 -0.88 -16.042818 82.50592 -44.11775
4.62 6.8599997 -0.74 -10.886198 81.93296 -37.242256
4.22 6.5499997 -1.3399999 -5.7295775 84.79775 -29.220846
4.06 6.18 -2.03 -5.15662 75.057465 -22.345354
4.71 6.08 -1.99 13.750987 54.43099 -26.929016
4.5899997 6.08 -1.63 35.523384 45.263664 -31.51268
3.83 6.18 -2.36 40.680004 33.231552 -30.366762
3.07 6.22 -3.22 30.939718 25.210142 -21.199438
3.1399999 6.39 -3.1399999 17.761692 21.772396 -12.605071
3.29 6.74 -2.99 2.291831 18.907606 -6.8754935
3.6499999 7.7799997 -1.38 -6.8754935 15.469859 -4.583662
3.83 7.5499997 -1.25 -4.0107045 14.323945 -6.8754935
3.72 7.46 -0.89 -1.7188734 11.459155 -9.740283
3.1599998 7.39 0.0 6.8754935 9.167324 -8.021409
2.97 7.56 -0.03 19.480566 9.167324 -1.7188734
3.32 7.91 -0.7 21.772396 7.448451 0.0
3.36 8.23 -0.91999996 13.178029 6.3025355 1.7188734
3.28 8.66 -0.48 12.605071 6.8754935 2.8647888
3.5 8.88 -0.48 12.605071 5.15662 0.57295775
3.74 9.03 -1.03 5.15662 2.291831 -1.1459155
3.3999999 8.95 -1.26 -5.15662 0.0 0.57295775
3.3 8.95 -0.9 -13.178029 3.4377468 2.291831
3.56 8.99 0.48 -6.3025355 5.15662 4.0107045
3.51 8.74 0.31 1.7188734 2.8647888 3.4377468
3.4499998 8.9 0.32999998 9.167324 -0.57295775 1.1459155
3.61 9.12 0.22 13.750987 -1.1459155 0.0
3.6799998 9.11 -0.52 10.31324 -0.57295775 -2.291831
3.3 8.98 -0.87 -7.448451 0.0 2.291831
3.11 8.889999 -0.5 -13.178029 -0.57295775 6.3025355
3.3999999 9.07 0.48 -5.15662 -1.1459155 4.0107045
3.97 9.22 0.87 2.8647888 0.57295775 -1.1459155
3.6399999 9.059999 0.26 0.0 0.57295775 -2.291831
3.1499999 8.97 0.13 -2.8647888 1.1459155 1.7188734
3.6299999 9.07 0.17999999 -0.57295775 1.7188734 1.7188734
3.6899998 9.059999 0.22999999 1.7188734 0.0 -0.57295775
3.4499998 8.96 0.35 4.583662 -1.7188734 -2.291831
3.21 9.04 0.14999999 4.0107045 0.0 0.0
3.34 9.11 -0.06 0.0 2.291831 2.8647888
3.76 9.03 -0.13 -5.15662 1.7188734 1.7188734
3.59 8.99 0.13 -1.7188734 -0.57295775 -1.1459155
3.4099998 9.03 0.29999998 3.4377468 -1.1459155 -2.291831
3.46 8.92 -0.089999996 0.57295775 -0.57295775 -2.291831
3.26 8.82 -0.19999999 -4.0107045 0.57295775 1.7188734
3.04 8.74 0.04 -5.7295775 1.7188734 6.8754935
3.32 8.88 0.39999998 -1.1459155 0.0 2.8647888
3.9499998 9.33 0.34 2.8647888 -1.7188734 -2.8647888
3.49 9.16 0.14 3.4377468 -2.291831 -4.583662
3.1799998 9.01 0.17999999 -0.57295775 -0.57295775 -1.1459155
3.28 8.98 0.35999998 -2.8647888 1.1459155 2.291831
3.6599998 9.11 0.47 -1.1459155 2.291831 1.1459155
3.83 9.179999 0.35999998 2.8647888 0.0 -4.0107045
3.5 9.0 -0.07 -1.7188734 -1.7188734 -2.8647888
3.21 8.91 0.04 -6.3025355 -0.57295775 0.0
3.23 8.92 0.39999998 -4.583662 1.1459155 0.57295775
3.6499999 9.0 0.57 -1.1459155 1.7188734 -0.57295775
3.62 8.98 0.38 -1.7188734 0.57295775 -1.7188734
3.31 8.98 0.48999998 -1.1459155 0.0 1.1459155
3.59 8.99 0.5 0.57295775 0.57295775 0.0
3.6399999 8.95 0.19 0.0 1.7188734 -1.1459155
3.31 8.99 0.089999996 -2.8647888 0.0 -0.57295775
3.27 9.01 0.39 -1.7188734 -1.1459155 0.0
3.53 9.04 0.53 0.57295775 -0.57295775 -0.57295775
3.49 8.849999 0.32999998 0.0 0.57295775 -0.57295775
3.3 8.76 0.32 0.0 0.0 0.0
3.36 8.83 0.44 1.1459155 -1.1459155 0.57295775
3.47 8.94 0.32999998 1.1459155 -0.57295775 0.0
3.48 8.87 0.16 -1.7188734 0.0 0.0
3.32 8.91 0.26999998 -3.4377468 -1.7188734 1.7188734
3.51 9.09 0.78 0.0 0.0 1.1459155
3.6799998 9.03 0.53 0.0 0.57295775 0.0
3.48 8.75 0.48999998 -2.291831 1.1459155 0.0
3.1499999 8.72 0.87 -0.57295775 1.7188734 2.291831
3.27 8.97 0.96 4.0107045 1.1459155 4.0107045
3.78 9.09 0.35 4.583662 1.1459155 0.0
3.78 8.98 -0.07 -1.1459155 1.1459155 -1.1459155
3.4499998 8.84 0.049999997 -4.0107045 0.0 0.0
3.1 8.95 0.63 -1.1459155 0.57295775 3.4377468
3.33 9.16 0.69 0.0 2.291831 4.0107045
3.85 9.17 0.42 0.0 1.7188734 0.0
3.6999998 9.07 0.47 3.4377468 0.0 0.0
3.56 9.15 0.32999998 1.1459155 1.1459155 0.0
