1.4699999 9.95 0.45 3.4377468 -6.8754935 -8.021409
1.39 9.95 0.65999997 -1.7188734 -17.188732 -5.15662
1.68 10.7 1.1999999 -2.291831 -16.615776 -0.57295775
2.01 10.82 0.91999996 1.7188734 -10.886198 2.291831
1.8299999 10.95 1.1999999 2.8647888 -2.8647888 -0.57295775
1.74 11.349999 1.87 4.583662 -0.57295775 -1.7188734
2.23 11.8 1.48 10.31324 2.291831 -2.291831
2.31 11.929999 1.26 10.886198 4.0107045 -4.583662
1.88 11.75 1.76 9.167324 10.31324 -12.032113
1.7199999 11.79 1.8499999 13.178029 12.605071 -17.188732
1.68 11.88 1.38 18.334648 14.896902 -18.334648
1.5699999 11.78 0.97999996 21.772396 17.761692 -19.480566
1.4399999 11.7 1.0699999 18.334648 21.199438 -21.199438
1.56 11.61 0.66999996 15.469859 22.345354 -21.199438
1.43 11.2699995 1.09 10.886198 22.345354 -22.345354
1.55 11.03 1.77 7.448451 24.637184 -25.210142
1.49 10.94 1.35 12.605071 22.91831 -26.929016
1.4599999 10.8 0.39999998 17.188732 25.7831 -29.793804
1.1999999 10.8 0.34 10.886198 26.356058 -33.231552
1.23 10.5199995 0.42 5.7295775 25.7831 -34.377464
0.89 10.349999 0.28 1.7188734 28.07493 -35.523384
0.63 10.32 0.9 -0.57295775 30.939718 -30.939718
0.82 10.28 0.91999996 1.7188734 29.793804 -29.220846
1.11 10.49 0.22999999 9.167324 28.64789 -28.64789
1.3 10.46 -0.22999999 10.886198 29.793804 -29.793804
0.42 10.44 -0.13 7.448451 29.793804 -36.669296
0.56 10.309999 -0.89 9.740283 30.939718 -36.669296
0.53999996 10.49 -1.3199999 11.459155 29.220846 -36.09634
0.84999996 10.349999 -1.93 7.448451 28.64789 -35.523384
0.65 9.92 -1.3399999 -5.15662 28.64789 -36.669296
-0.32999998 9.719999 -0.72999996 -13.178029 30.939718 -40.680004
-0.21 9.429999 -1.56 -9.167324 30.366762 -33.231552
0.02 9.36 -1.67 -9.740283 29.220846 -29.220846
0.12 9.17 -1.22 -17.761692 25.7831 -27.501974
0.42 8.84 -0.48 -19.480566 25.210142 -28.07493
0.0 8.139999 0.37 -17.761692 26.929016 -34.950428
-0.89 7.89 -1.13 9.167324 20.053522 -42.398876
-0.63 7.29 -2.26 16.615776 14.896902 -33.80451
-0.79999995 7.0499997 -1.93 6.3025355 18.334648 -28.07493
-1.17 6.8199997 -1.22 4.0107045 18.907606 -25.210142
-0.98999995 6.73 -1.09 4.0107045 18.907606 -25.210142
-1.39 6.3999996 -1.56 9.167324 5.7295775 -25.7831
-2.47 6.39 -0.42999998 4.583662 5.15662 -25.210142
-2.1699998 6.3599997 -0.24 0.57295775 5.15662 -21.199438
-2.01 7.0 -0.07 1.1459155 6.8754935 -5.15662
-1.99 7.1499996 -0.48 6.3025355 8.594366 -1.7188734
-2.6599998 7.56 -0.34 3.4377468 12.032113 0.0
-2.6699998 7.6699996 -0.29999998 -5.15662 15.469859 6.3025355
-2.53 7.98 0.77 -18.334648 19.480566 14.896902
-1.15 8.429999 2.28 -27.501974 26.929016 23.49127
-0.57 8.78 2.18 -21.199438 30.939718 26.929016
-0.66999996 8.88 1.14 -13.750987 31.51268 22.345354
-2.4099998 9.059999 1.13 -7.448451 31.51268 5.7295775
-2.35 9.11 1.25 -9.740283 32.658592 7.448451
-1.4399999 9.0199995 1.3199999 -10.886198 28.07493 22.91831
-0.96999997 9.34 1.13 -8.594366 28.07493 25.7831
-0.79999995 9.54 0.89 -4.0107045 30.939718 25.7831
-0.29999998 9.42 0.78 -5.15662 33.231552 24.064226
-0.5 9.13 0.79999995 -6.3025355 37.242256 21.199438
-0.96999997 9.2 0.84 -5.7295775 40.680004 18.334648
-1.0 9.309999 0.98999995 -4.0107045 41.825916 21.772396
-0.35999998 9.33 0.79999995 -0.57295775 44.69071 28.64789
0.02 9.23 0.61 2.291831 45.83662 31.51268
-0.08 9.28 0.78 2.8647888 48.128452 30.939718
0.17999999 9.38 0.64 4.0107045 49.84733 31.51268
0.68 9.37 0.0 6.3025355 48.128452 30.939718
1.0 9.71 -0.34 2.8647888 47.555496 26.929016
0.61 9.92 -0.39999998 -3.4377468 44.69071 21.199438
0.07 10.219999 -0.03 -8.594366 45.263664 18.334648
0.69 10.429999 -0.14999999 -10.31324 42.971836 23.49127
1.38 10.75 -0.38 -9.167324 42.971836 29.793804
1.8 10.889999 -1.25 -6.8754935 38.961132 25.210142
0.82 10.82 -0.76 -12.032113 37.815212 16.615776
0.21 10.8 -0.24 -15.469859 40.680004 16.042818
1.01 10.92 -1.48 -12.032113 42.398876 25.210142
1.28 11.17 -1.3 -9.740283 47.555496 36.09634
1.5999999 11.13 -0.9 -14.896902 50.420284 36.669296
1.91 11.389999 -1.27 -10.886198 44.11775 30.366762
1.27 11.03 -0.59999996 -7.448451 38.38817 18.334648
1.3399999 10.75 -0.58 -6.8754935 40.107044 16.042818
1.93 10.469999 -1.5799999 -2.291831 40.107044 17.188732
1.4699999 10.889999 -2.29 4.583662 38.38817 14.896902
1.5899999 11.78 -2.45 4.0107045 34.377464 17.188732
1.9499999 12.349999 -2.4199998 0.0 20.62648 21.199438
1.77 12.24 -1.8 -2.8647888 17.188732 17.761692
1.93 11.87 -1.14 -5.7295775 14.896902 12.032113
1.9799999 11.7 -1.66 2.8647888 14.323945 10.886198
2.09 11.69 -2.44 13.750987 14.323945 8.594366
1.91 11.42 -2.95 14.896902 10.31324 4.583662
1.77 11.259999 -2.73 12.605071 8.021409 2.291831
1.77 10.86 -2.12 3.4377468 0.0 -0.57295775
1.93 10.46 -2.0 4.583662 -5.15662 -2.291831
1.7099999 10.19 -2.11 5.7295775 -6.3025355 -3.4377468
1.7099999 10.13 -2.36 6.3025355 -8.021409 -4.0107045
1.9599999 10.04 -3.09 6.8754935 -10.886198 -3.4377468
1.76 9.75 -3.04 1.1459155 -16.615776 -5.15662
1.38 9.429999 -2.61 -6.8754935 -22.345354 -6.3025355
1.41 9.4 -1.81 -12.032113 -29.220846 -4.583662
1.73 9.46 -1.76 -9.740283 -33.231552 -2.291831
1.5699999 9.61 -2.07 -4.583662 -36.669296 -1.7188734
1.9699999 9.66 -2.1599998 -4.583662 -41.825916 0.0
1.76 9.719999 -1.89 -6.3025355 -46.98254 0.0
1.2099999 9.9 -1.39 -6.8754935 -49.84733 -0.57295775
1.75 9.95 -0.89 -5.15662 -52.139156 2.8647888
2.18 10.12 -1.36 1.1459155 -54.43099 3.4377468
2.28 10.17 -1.9399999 1.7188734 -56.14986 1.1459155
1.61 10.05 -1.52 -5.15662 -60.160564 -2.291831
1.7099999 9.929999 -0.51 -12.032113 -64.17127 -0.57295775
2.62 10.0199995 -0.71999997 -10.31324 -65.890144 0.0
2.6 10.01 -1.06 -4.583662 -68.75493 -4.583662
1.92 9.67 -0.77 -6.3025355 -69.900856 -7.448451
1.4399999 9.55 0.04 -11.459155 -72.19268 -9.740283
2.07 9.69 -0.11 -9.740283 -73.33859 -4.583662
2.3899999 9.74 -0.64 -5.15662 -73.33859 -1.7188734
1.4 9.57 0.0 -10.886198 -75.630424 -5.15662
1.38 9.61 0.42999998 -14.323945 -76.203384 -5.15662
1.88 9.88 0.66999996 -14.896902 -76.203384 0.0
2.45 9.92 0.22 -8.594366 -73.33859 5.15662
1.8399999 9.9 0.59 -10.886198 -72.76564 1.1459155
1.77 9.969999 1.1999999 -11.459155 -72.76564 1.1459155
2.1599998 9.96 1.28 -8.594366 -72.19268 2.291831
2.72 10.0199995 0.7 -5.7295775 -70.47381 3.4377468
1.55 9.94 0.52 -6.3025355 -68.75493 -2.291831
1.9599999 9.82 1.0 -12.032113 -69.32789 2.291831
2.28 9.83 1.05 -12.032113 -69.32789 2.291831
2.53 9.94 0.89 -8.594366 -67.60902 2.291831
2.78 9.88 0.69 -9.167324 -66.463104 0.0
1.48 9.61 1.48 -12.032113 -67.03606 -3.4377468
2.05 9.639999 1.31 -10.886198 -63.02536 -4.0107045
2.1699998 9.71 0.83 -1.7188734 -61.879436 0.0
1.8399999 9.45 0.78999996 -1.7188734 -60.733524 -0.57295775
1.37 9.349999 1.4499999 -8.594366 -59.58761 -2.291831
1.68 9.23 2.21 -9.167324 -58.441692 1.1459155
2.37 9.639999 1.8199999 1.7188734 -52.712116 5.15662
2.37 9.73 1.8199999 3.4377468 -50.993244 5.15662
1.73 9.65 1.89 3.4377468 -47.555496 1.1459155
1.39 9.62 2.34 1.7188734 -46.40958 1.1459155
1.54 9.69 2.6599998 2.291831 -41.825916 5.15662
1.73 9.78 2.35 3.4377468 -38.38817 6.3025355
1.9699999 9.8 2.1699998 0.57295775 -31.51268 6.8754935
2.05 9.69 2.6399999 -8.594366 -26.356058 6.3025355
1.4499999 9.8 3.81 -16.042818 -24.637184 3.4377468
1.3199999 10.45 4.04 -11.459155 -19.480566 1.7188734
1.75 10.849999 2.75 0.57295775 -13.178029 3.4377468
1.5 10.86 2.24 5.15662 -6.3025355 -0.57295775
1.17 11.04 2.74 0.0 -2.8647888 -1.7188734
1.6999999 11.37 2.55 0.0 2.8647888 0.57295775
1.64 11.469999 1.92 1.7188734 7.448451 0.0
1.23 11.62 2.2 -0.57295775 9.740283 -3.4377468
1.4499999 11.88 2.53 -2.291831 11.459155 -3.4377468
1.9499999 12.059999 2.22 0.57295775 14.896902 -3.4377468
1.88 12.16 2.29 1.7188734 18.907606 -6.8754935
1.9499999 12.13 2.53 0.0 26.356058 -12.032113
1.65 12.13 2.08 2.8647888 30.939718 -16.615776
1.49 11.92 1.41 4.583662 35.523384 -20.053522
1.3299999 11.71 1.26 0.0 37.242256 -20.62648
1.61 11.36 1.5999999 -8.594366 40.107044 -20.053522
1.66 11.3 1.8399999 -11.459155 42.398876 -21.199438
1.56 10.969999 1.41 -7.448451 45.263664 -24.064226
1.4 10.7 0.62 -4.583662 45.263664 -25.210142
0.96 10.71 0.34 -4.0107045 44.11775 -25.7831
1.51 10.76 0.52 -9.740283 42.971836 -21.772396
2.28 10.78 0.69 -13.750987 41.825916 -17.761692
2.3999999 10.42 0.83 -13.750987 44.11775 -22.345354
2.1499999 9.9 0.98999995 -10.31324 44.69071 -31.51268
1.4499999 9.28 0.53999996 0.0 43.544792 -42.971836
0.47 8.849999 -0.13 8.594366 42.971836 -48.128452
0.03 8.83 -0.16 11.459155 42.398876 -43.544792
1.2099999 8.78 -0.41 12.032113 41.25296 -31.51268
1.43 8.54 -1.48 17.188732 39.53409 -27.501974
0.19 8.15 -1.02 16.615776 34.950428 -34.950428
-0.39999998 7.7799997 -0.59999996 11.459155 30.366762 -37.242256
-0.42999998 7.6699996 -1.4499999 15.469859 29.793804 -30.939718
-0.51 7.94 -1.86 15.469859 27.501974 -22.345354
-0.32999998 8.059999 -2.1499999 8.021409 24.637184 -15.469859
-0.82 8.13 -1.99 0.57295775 20.62648 -12.605071
-0.82 8.25 -0.85999995 -4.583662 18.907606 -10.886198
-0.45 8.599999 -0.37 -12.605071 15.469859 -4.583662
-0.29999998 8.84 -0.65999997 -8.594366 14.896902 -0.57295775
-0.35 8.92 -0.69 -0.57295775 14.323945 0.0
0.0 9.16 -0.049999997 0.57295775 12.032113 -1.7188734
0.07 9.25 -0.19999999 5.7295775 11.459155 -6.8754935
-0.79999995 9.2 -0.87 13.178029 13.178029 -14.896902
-1.28 8.86 -1.03 13.178029 9.740283 -14.323945
-1.5699999 9.05 -0.65999997 10.31324 7.448451 -6.8754935
-1.01 9.48 -0.90999997 10.886198 5.7295775 1.1459155
-0.42 9.61 -1.25 11.459155 3.4377468 4.0107045
-0.84 9.719999 -0.94 5.7295775 1.7188734 -0.57295775
-1.3399999 9.809999 -0.78999996 2.291831 0.0 -1.7188734
-1.26 9.95 -0.57 -0.57295775 0.0 3.4377468
-0.66999996 9.82 -0.22999999 -2.8647888 -1.1459155 7.448451
-0.51 9.929999 0.089999996 -1.1459155 -2.291831 6.3025355
-0.59999996 10.13 -0.14999999 1.1459155 -1.1459155 5.7295775
-0.66999996 10.25 -0.5 6.8754935 -0.57295775 4.0107045
-0.65 10.2699995 -0.65999997 6.3025355 -1.7188734 3.4377468
-0.61 10.25 -0.34 -0.57295775 -1.1459155 3.4377468
-0.41 10.23 -0.32999998 -1.1459155 -0.57295775 4.0107045
-0.52 10.24 -0.25 -1.1459155 -0.57295775 4.0107045
-0.62 10.13 -0.02 0.0 -1.1459155 1.7188734
-0.64 10.13 -0.02 0.57295775 -1.7188734 1.1459155
-0.53 10.13 -0.02 2.291831 -1.1459155 1.1459155
-0.52 10.09 -0.42 5.15662 -0.57295775 0.57295775
-0.55 10.0199995 -0.61 4.583662 -1.1459155 0.0
-0.65 10.17 -0.24 0.57295775 -2.8647888 -0.57295775
-0.52 10.24 -0.17999999 0.0 -2.8647888 0.0
-0.42999998 10.13 -0.37 0.0 -1.7188734 -0.57295775
-0.7 9.94 -0.22 -0.57295775 -0.57295775 -1.7188734
-0.72999996 10.04 -0.19999999 0.0 -1.1459155 -1.7188734
-0.76 10.059999 -0.14 0.57295775 -2.8647888 -0.57295775
-0.69 10.05 -0.26 1.1459155 -2.291831 0.0
-0.53999996 10.08 -0.34 2.291831 -1.7188734 1.1459155
-0.41 10.01 -0.32 1.1459155 -2.291831 0.57295775
-0.88 9.929999 0.19 -0.57295775 -2.8647888 -2.291831
-0.78999996 9.86 -0.01 0.0 -1.7188734 -1.1459155
-0.53999996 9.9 -0.089999996 2.8647888 -1.1459155 0.0
-0.81 9.929999 -0.42999998 2.8647888 -0.57295775 0.0
-0.82 10.03 -0.48999998 1.7188734 -1.1459155 -0.57295775
-0.69 9.94 -0.03 -2.8647888 -1.7188734 0.0
-0.76 9.94 0.07 -3.4377468 -1.7188734 -0.57295775
-0.78 9.99 0.0 -1.7188734 -0.57295775 0.0
-0.63 10.05 -0.28 0.0 0.0 1.1459155
-0.62 10.059999 -0.39 0.0 0.0 0.57295775
-0.5 10.01 -0.26 -0.57295775 -1.1459155 0.0
-0.78 10.0 -0.19 -1.1459155 -1.7188734 -2.8647888
-0.89 10.15 -0.21 -0.57295775 -1.7188734 -3.4377468
-0.76 10.12 -0.24 -0.57295775 -1.7188734 -2.291831
-0.72999996 10.179999 -0.14999999 -4.0107045 -0.57295775 0.57295775
-0.62 10.179999 0.0 -4.0107045 -0.57295775 1.1459155
-0.62 10.179999 0.0 -4.0107045 -0.57295775 1.1459155
-0.71999997 10.04 -0.03 -1.7188734 0.0 0.57295775
-0.88 9.95 0.0 2.291831 -0.57295775 0.0
-0.59999996 10.05 -0.32999998 5.15662 -1.1459155 2.291831
-0.71999997 10.099999 -0.53 4.0107045 0.0 2.8647888
-0.59999996 10.07 -0.38 0.57295775 0.0 3.4377468
-0.53 10.01 -0.11 -1.1459155 -0.57295775 2.291831
-0.64 9.87 -0.089999996 -0.57295775 -0.57295775 0.0
-0.78 9.809999 -0.34 0.57295775 -0.57295775 0.57295775
-0.65999997 9.83 -0.22 0.0 -0.57295775 2.291831
-0.56 9.84 -0.08 -1.1459155 -1.7188734 1.7188734
-0.84999996 9.889999 -0.08 0.57295775 -2.291831 0.0
-0.71999997 9.79 -0.099999994 1.7188734 -2.8647888 0.57295775
-0.61 9.849999 -0.16 2.291831 -2.291831 2.291831
-0.71 10.08 -0.22999999 1.1459155 -0.57295775 2.8647888
-0.44 10.139999 -0.38 1.1459155 -1.7188734 2.8647888
-0.48 10.21 -0.099999994 0.0 -1.7188734 1.7188734
