2.2601955 9.665688 0.32083282 6.580175 -5.9809046 -5.886755
2.482863 9.663293 0.31604427 6.4751754 -9.865905 -4.556755
2.238647 9.692024 0.4189981 -2.974825 -7.870905 3.6332452
2.0590763 9.591465 0.4764607 -6.6498246 -2.480905 0.72824496
1.9872481 9.567522 0.5913859 -8.119825 -0.90590495 -1.5467551
2.0447106 9.483723 0.6153286 -7.769825 -3.2159052 -1.791755
2.1189332 9.502876 0.6560313 -6.369825 -4.580905 -1.476755
2.1069617 9.5244255 0.6703969 -5.424825 -1.360905 -0.321755
2.135693 9.536397 0.77574503 -4.374825 0.354095 0.413245
2.1548474 9.617802 0.8140534 -3.289825 -1.290905 -0.076755
2.2123098 9.809344 0.86912173 -1.7148249 -3.810905 -0.776755
2.2458298 10.252285 0.7972935 -0.034825 -5.0359054 -0.601755
2.1213274 11.375199 0.6943397 0.455175 -5.560905 -0.216755
1.812466 12.885987 1.1660118 -1.8198249 -4.860905 0.58824503
1.6975409 15.450255 2.4349775 -9.484825 -3.2509053 3.248245
3.512401 18.62267 4.80531 -22.119825 -5.1759048 8.043244
6.2179317 19.539677 5.4110613 -34.684826 -13.435905 17.563246
7.8101244 19.853327 5.217125 -40.00483 -8.850904 28.798246
7.450983 18.411974 4.573065 -27.054825 10.714095 25.543243
6.4765134 17.037659 3.9984388 -2.799825 25.099096 -2.666755
5.4062724 15.15576 2.9736893 21.525175 20.409096 -43.126755
4.314483 13.077529 2.3751206 38.150177 12.954095 -76.65675
3.2274826 11.6649065 2.3799093 42.385178 16.209095 -97.90176
2.4637089 10.379181 2.3248408 37.345177 28.144094 -111.13175
1.89866 8.763046 1.1875603 31.115175 31.399094 -118.691765
1.5490957 7.920261 -0.4166038 31.290176 28.739094 -114.31675
0.68715686 7.21395 -2.0087965 39.970177 32.379097 -105.916756
0.679974 6.6848154 -2.2362528 49.945175 44.454098 -102.87175
0.87630457 6.246663 -2.5092 49.665176 47.919098 -105.391754
0.57223165 5.786962 -2.2937152 35.210175 24.644096 -103.60676
-0.38547826 4.6329217 -1.7406378 16.765175 -1.2209051 -94.43676
-0.17478207 4.577853 -1.2067145 -5.249825 -1.500905 -86.80676
-0.42618093 4.618556 -0.8643332 -23.484825 10.504095 -85.44176
-1.1660118 4.2618093 -0.53871185 -29.434826 10.364096 -87.15676
-1.7406378 3.605778 -0.36871833 -27.754826 -2.4109051 -89.15176
-2.5570855 3.4022646 0.04070267 -27.509825 -6.295905 -88.90675
-3.4453614 3.4573328 0.28731298 -31.954824 4.309095 -89.32676
-3.8643596 3.2729738 0.4668836 -37.624825 28.774094 -71.37176
-4.4294086 3.1700199 0.5027977 -32.129826 28.459097 -65.42176
-4.790944 3.3232534 0.5363176 -26.319824 26.149096 -58.316757
-5.1788163 3.3400133 0.7326481 -25.549828 27.059093 -49.356754
-5.260222 3.3400133 0.9816527 -27.124826 33.219097 -38.85676
-5.3464155 3.694366 0.8930645 -28.069826 37.769096 -27.831755
-5.212336 3.9002736 0.9433443 -30.064823 42.284096 -15.861755
-4.8843207 3.981679 0.9577099 -34.719826 48.269096 -2.491755
-5.29853 4.3839173 1.185166 -39.374825 55.829094 8.848246
-5.897099 4.5874305 1.4700848 -43.364826 64.2641 16.723246
-5.899493 4.697567 2.6097596 -45.814827 66.4341 25.438246
-4.436591 4.187587 2.3799093 -39.899822 60.659096 40.873245
-3.1341057 4.103787 1.3120626 -24.604826 51.2091 61.803246
-2.4637089 4.364763 0.8140534 -15.434826 50.439095 79.40824
-3.9505534 4.7741838 2.8204558 -26.739824 61.149094 82.59325
-4.14449 5.0207944 4.4844766 -44.099823 72.5941 75.80325
-1.6185298 4.6544704 3.7685885 -38.009827 75.3591 92.60325
0.5913859 4.5467277 1.7047237 -9.904825 75.814095 124.94326
1.776552 5.0423427 1.2474172 11.935175 89.1841 142.72324
0.55786604 5.626546 2.4182177 13.860175 100.1391 138.27824
0.6249057 6.091035 2.3416007 11.865176 94.39909 121.05824
2.5115943 7.142122 0.3423813 24.675175 93.34909 126.37825
5.1596622 8.504464 -1.4940275 40.460175 106.5791 152.52325
4.946572 9.61062 0.14126222 32.235172 122.95908 166.83824
2.19555 10.108628 3.1293173 8.260175 124.8491 145.87325
2.569057 11.669696 2.013585 2.1701753 110.98909 108.458244
5.8180876 12.955421 -1.7502149 35.735172 96.744095 113.95325
7.515629 12.790216 -3.7709827 68.14517 90.93409 143.70325
6.794952 11.949825 -3.1293173 58.485176 98.6691 142.93326
4.0966043 12.308967 0.098165266 16.135176 94.2241 111.32825
3.972102 13.003306 1.3407938 -26.599827 82.3941 73.63325
6.0766697 12.304178 -0.5770202 -36.364826 73.329094 76.013245
6.8955116 11.681666 -1.0008069 -17.744825 80.329094 96.663246
6.4405994 11.051972 -0.20590763 -10.324825 79.2441 94.87825
6.708758 11.636175 0.63208854 -11.444824 64.71909 77.903244
8.672064 12.366429 -2.0949905 27.825176 39.134094 79.30325
9.3280945 12.902747 -3.4836698 52.815174 35.879097 72.47825
8.363202 12.610645 -3.859571 58.800175 16.559095 39.158245
6.2706056 12.852468 -4.0295644 58.170174 -7.030905 3.2132452
6.2059603 12.737542 -5.6504884 61.705177 -14.240905 -5.7817545
7.0271964 11.978557 -6.9553685 54.145176 -13.855906 4.543245
8.152506 10.94423 -6.186806 26.250174 -17.110905 10.528246
8.437425 10.05356 -5.62894 -2.869825 -23.550905 6.433245
7.850827 9.124581 -5.0375543 -21.874825 -30.900904 -5.116755
6.969734 8.300951 -3.9098508 -37.204826 -33.070904 -15.791756
6.550736 7.6353426 -3.3759274 -44.029827 -37.480907 -21.461754
6.184412 7.273807 -3.4309957 -40.389824 -47.525906 -23.386755
5.767808 7.0271964 -3.8140798 -33.984825 -57.115906 -23.106756
5.463735 7.190007 -3.4214187 -34.194828 -64.01091 -21.181755
5.3966956 7.3025384 -3.0455174 -40.039825 -71.15091 -18.416756
5.6935854 7.599428 -2.954535 -43.539825 -80.5309 -15.196754
5.7462597 7.8460383 -2.7917244 -46.584827 -87.04091 -12.011755
5.8611846 7.9394155 -2.0016139 -51.659824 -92.71091 -12.851755
6.057515 7.759845 -1.4221992 -56.279827 -101.3559 -16.386755
6.1125836 7.5299945 -1.2138973 -55.789825 -108.5659 -18.626757
6.014418 7.699988 -1.1516461 -53.969826 -111.54091 -18.591755
5.837242 7.6544967 -1.0199611 -53.37483 -113.43091 -19.221754
5.8587904 7.597034 -0.4668836 -54.00482 -118.7859 -22.581755
5.6576715 7.3480296 -0.07422252 -55.544823 -122.7059 -23.491756
4.4629283 7.822096 0.38068968 -54.21483 -123.0209 -23.771755
3.8883023 8.195602 -0.0047885496 -48.369823 -123.58091 -26.151754
4.740664 8.356019 -0.32801566 -42.384823 -127.150894 -21.776754
5.5906315 8.427847 0.19393626 -46.479828 -129.8109 -6.201755
5.166845 8.827691 1.2306572 -59.46483 -127.1859 3.8782454
4.9609375 9.033599 1.7885233 -70.48983 -122.1459 -0.111755
5.3727527 8.909097 1.4964218 -68.844826 -123.23091 -6.831755
5.482889 8.660092 1.3144568 -58.869823 -127.71091 -7.216755
5.2219133 8.834874 1.924997 -54.669823 -129.67091 -6.726755
4.908263 8.636149 2.7294734 -60.444824 -122.950905 -9.281755
4.6065845 8.43503 3.0287576 -63.839832 -116.160904 -16.526754
4.233078 8.396722 2.7558103 -58.169827 -113.53591 -22.126755
4.07745 8.609812 2.5762396 -45.39483 -113.43091 -22.406755
4.2977233 8.971348 2.971295 -39.199825 -113.36091 -10.576755
4.680807 8.935433 3.2777622 -39.899822 -107.34091 -7.251755
4.479688 8.954588 3.0910087 -32.654823 -102.26591 -10.436755
3.972102 8.925857 2.8803127 -24.849825 -100.09591 -14.181756
3.737463 8.576292 2.753416 -25.619825 -96.38591 -13.691754
3.6369035 8.514041 3.4046588 -36.364826 -85.88591 -6.936755
3.6895776 8.535589 4.067873 -44.869823 -69.89091 0.51824504
3.9577363 8.408693 4.328849 -41.579826 -62.750908 4.8932447
3.9768906 8.085466 4.364763 -30.414825 -62.575912 5.4882455
3.2633965 8.020821 4.252232 -17.919825 -54.910908 2.653245
2.9617178 8.334471 4.580248 -6.6848254 -45.110905 1.918245
3.3735332 8.767835 4.415043 3.360175 -43.255905 7.8682446
3.7733772 9.335278 3.6560576 15.295176 -41.435905 12.558246
3.8763309 9.814133 3.2801564 17.850176 -31.425905 16.303247
3.8045027 10.357633 4.2977233 8.225175 -15.080906 16.828245
4.04393 10.565935 4.908263 -1.7498251 -3.1109052 15.918244
4.522785 10.951413 4.443774 -0.244825 2.4890952 16.443245
4.908263 11.169292 4.206741 4.410175 11.204096 16.478247
4.6496816 11.135772 4.35758 2.940175 27.584097 12.383245
4.1947694 11.068732 4.225895 4.0951753 40.814095 2.793245
4.338426 11.11183 3.380716 13.3351755 44.419094 -4.4167547
4.644893 11.068732 2.6552508 23.205175 44.524094 -5.991755
4.563488 11.028029 2.3799093 25.445175 49.739094 -9.561755
4.245049 10.6497345 2.1404817 22.575176 57.0891 -15.931756
4.242655 10.237919 2.1332989 20.090176 61.989098 -20.481754
4.434197 10.082292 2.4684973 19.250175 63.9841 -21.076756
4.867561 10.24989 1.4102279 23.030176 61.7441 -21.986755
5.116565 9.9889145 0.87151605 32.51518 63.599102 -25.591755
4.2115293 9.562734 0.57462597 36.99518 67.69409 -31.961758
3.213117 9.514848 -0.679974 39.795174 64.22909 -43.546757
3.3639562 9.440625 -1.3168511 41.755177 58.629093 -48.061756
3.344802 9.007262 -0.69194543 27.720175 60.764095 -40.116756
3.067066 8.801354 0.3902668 1.8201749 74.0641 -31.821756
3.1676257 8.664881 0.34477556 -13.194825 81.9741 -27.271755
3.3304362 8.71516 0.021548472 -9.8348255 75.7441 -24.296755
2.8611584 8.566715 -0.06464542 1.8551753 66.8191 -25.241755
2.2601955 8.447001 -0.23463893 10.360175 63.074093 -30.736755
2.2003386 8.638543 -0.92658436 16.520176 64.0191 -33.711754
2.700742 8.729526 -1.9106313 31.955177 53.414093 -26.011757
2.3128695 8.523619 -2.1644244 29.890175 51.874096 -30.106756
1.4054393 8.408693 -2.0590763 22.225176 53.6241 -35.356754
1.1708003 8.454185 -2.403852 18.270176 53.554096 -31.401756
1.5012103 8.317711 -2.5427198 19.110176 44.104095 -22.756754
1.3838909 8.159689 -2.6504622 19.215176 34.479095 -20.621758
1.2833313 8.279403 -2.9904492 19.390175 29.369097 -20.271755
1.2234744 8.279403 -2.8204558 16.310175 21.774096 -17.786755
1.0678465 8.351231 -2.3655436 9.730175 16.559095 -16.071754
0.90982443 8.353624 -1.8603516 5.600175 13.199096 -14.671755
0.9624985 8.521224 -1.9824595 6.8251753 8.194095 -12.396755
0.9696813 8.693612 -2.176396 9.100175 4.239095 -8.651755
0.9026416 8.856422 -1.3647367 2.485175 4.624095 -5.676755
0.80208206 8.945011 -0.8140534 -6.7198253 7.5640955 -3.751755
0.86193895 9.158101 -0.76616794 -6.0548253 7.8090954 -0.601755
0.9912298 9.323306 -0.9601042 1.3651751 2.629095 1.008245
1.1372806 9.4095 -1.0079896 5.0751753 -1.535905 0.90324503
0.9601042 9.61062 -0.63208854 3.500175 -3.425905 1.253245
0.66321415 9.634562 -0.40463245 0.94517505 -4.7209053 0.44824505
0.8667275 9.660899 -0.68236834 0.665175 -4.125905 -0.181755
1.1708003 9.842864 -0.7781393 1.400175 -4.440905 3.388245
1.1995317 9.838076 -0.44772938 -0.69982505 -6.855905 5.4532447
1.1636176 9.857229 -0.13168511 -6.0548253 -6.4359055 2.828245
1.1564348 9.885961 -0.21309046 -9.8348255 -4.125905 0.658245
1.2546 9.996098 -0.062251143 -10.464826 -2.165905 1.323245
1.0534809 9.929058 0.2466103 -10.639826 -1.9209049 2.198245
1.1348863 9.888355 0.18196489 -10.044826 -2.5859048 -0.496755
1.3743137 9.931452 -0.15562786 -7.2798247 -3.0409052 -1.196755
1.2881198 9.91948 0.062251143 -5.529825 -3.320905 0.203245
1.0319325 9.744699 0.6249057 -7.9798245 -2.235905 -0.95175505
1.0534809 9.718362 0.6488485 -10.044826 -0.87090504 -3.366755
1.3144568 9.845258 0.28252444 -5.984825 -0.205905 -2.141755
1.4054393 9.945818 -0.062251143 0.77017504 -1.185905 0.13324499
1.3312168 9.897932 0.011971374 3.220175 -0.45090497 -1.266755
1.1612233 9.838076 -0.0047885496 1.3651751 2.5590951 -3.8217552
0.77574503 9.751882 -0.19154198 1.610175 0.319095 -5.9217553
0.61293435 9.624985 -0.10774237 0.98017496 -1.045905 -7.6017556
0.7733508 9.591465 0.31365 -4.584825 4.169095 -5.501755
1.0079896 9.617802 0.6201172 -10.4998255 6.1990952 -0.74175495
1.2138973 9.624985 0.26337022 -3.184825 -0.940905 0.553245
1.0702409 9.651321 -0.11253092 -0.034825 0.284095 -1.266755
0.8547561 9.58907 0.11492519 -4.1648254 4.624095 -2.1067553
0.68236834 9.514848 0.7805336 -9.134825 5.7790947 -1.7567551
0.6751855 9.656111 0.8236305 -5.984825 3.9240952 -0.46175498
1.063058 9.747093 0.25139886 3.885175 0.389095 1.988245
1.1013664 9.715967 -0.18196489 9.380175 -1.3259051 2.3382452
1.0486923 9.711179 0.11971374 5.635175 0.9840949 0.58824503
1.0941836 9.682447 0.2466103 1.645175 1.999095 0.378245
0.85236186 9.665688 0.17238778 2.520175 0.109095 -0.35675502
0.84039044 9.675264 0.27294734 2.730175 -0.660905 -1.4067551
1.1396748 9.768641 0.22266756 2.0301752 -0.485905 0.48324502
1.0199611 9.80695 -0.117319465 3.885175 -1.185905 1.4282451
0.81644773 9.814133 0.011971374 3.815175 -0.87090504 -1.161755
0.88588166 9.778218 0.26097596 -0.41982502 1.1240951 -1.6167551
0.96489275 9.766247 0.08140534 -1.644825 3.434095 0.623245
0.9289786 9.759064 -0.098165266 1.715175 3.609095 1.603245
0.8547561 9.835681 -0.15323359 3.0451748 2.5590951 1.498245
1.0295382 9.830893 -0.019154198 1.400175 2.8740952 2.583245
1.2546 9.91948 -0.12210801 0.595175 2.4890952 3.458245
1.2210802 9.883567 -0.22985038 2.205175 1.159095 3.248245
1.0295382 9.964972 -0.22985038 2.590175 0.949095 1.253245
1.1061549 9.917087 -0.090982445 1.050175 1.579095 0.30824503
1.1660118 9.8548355 -0.102953814 -0.38482502 1.089095 0.238245
1.0846065 9.869201 -0.34477556 0.385175 0.459095 -0.041755
