2.3655436 9.857229 0.5961744 1.960175 -10.110905 6.013245
2.1452703 10.034406 0.9337672 1.1901749 -4.580905 5.978245
2.2985039 10.156514 1.0295382 -2.274825 -2.130905 6.573245
2.545114 10.388759 0.9792584 -4.969825 -0.975905 5.6632447
2.2721667 11.01127 1.1468576 -4.5498247 -1.9909052 5.103245
1.8364087 11.657724 1.3838909 -2.974825 -2.760905 4.2982454
2.2123098 12.397555 1.6831752 -2.799825 -0.17090501 1.638245
2.7510219 13.652155 1.7286664 -4.094825 2.139095 -2.5617552
2.6935592 14.770281 2.3966691 -7.2448254 3.259095 -2.2117548
3.0957973 15.31857 3.6512692 -10.114825 6.759095 1.218245
3.8643596 15.974602 4.189981 -21.524826 16.874096 -5.8167553
4.7358756 16.345715 3.8619652 -14.699825 23.839094 -9.4917555
4.608979 16.52289 3.2298768 7.4551754 23.174095 -15.266755
4.11097 15.99615 2.5810282 31.850176 14.599095 -29.476753
4.3025117 15.397581 1.9273912 48.405178 6.374095 -51.526756
4.40786 14.432689 1.0127783 54.670177 0.214095 -66.681755
3.912245 13.075134 0.91461295 51.34518 0.389095 -72.806755
3.4908526 12.16531 1.3455825 35.525173 5.6390953 -79.596756
3.3424077 11.217177 1.4365649 12.705174 15.789094 -86.52676
3.1388943 10.235525 0.92658436 -2.1698248 24.014095 -90.34176
2.8420043 9.323306 0.28013015 -3.744825 26.044096 -95.27676
2.3823035 8.456578 -0.32083282 0.42017502 22.859095 -104.02675
0.9696813 7.106208 -0.7398309 1.505175 15.369095 -111.76176
0.083799616 6.342434 -0.50998056 -4.829825 8.2290945 -120.09176
-0.13168511 5.808511 -0.58420306 -18.479824 12.779096 -130.45177
-0.5027977 4.8723493 -0.4070267 -30.204824 18.834097 -130.97676
-0.8356019 3.7254915 -0.339987 -35.664825 11.9390955 -124.85176
-1.2091088 2.6983478 -0.22027329 -40.914825 3.1190948 -123.311745
-2.2554069 1.9872481 -0.026337024 -48.894825 3.084095 -122.36676
-2.935381 1.515576 0.2753416 -59.219822 8.509095 -113.791756
-3.859571 0.11013664 0.98404694 -70.73483 20.969095 -101.43676
-5.288953 -0.54350036 2.4613144 -84.45483 39.5891 -93.876755
-6.4525704 -0.3615355 3.284945 -97.96482 50.859097 -88.41675
-6.818895 -0.5698374 3.1915684 -100.344826 57.614094 -75.85176
-6.8883286 -0.5506832 3.5004299 -85.92483 58.454098 -53.521755
-6.1987777 -0.45012367 3.605778 -65.69483 58.419098 -25.941755
-5.236279 0.6081458 2.8252442 -52.079823 67.90409 4.438245
-4.1756153 1.462902 1.1995317 -36.119823 79.13909 36.918243
-3.5363438 2.0279508 1.690358 -11.339825 79.9091 70.37825
-3.0886145 2.5331428 3.1029801 5.880175 75.8841 91.76325
-2.4900458 3.694366 3.337619 -2.029825 63.389095 93.54825
-1.3647367 4.1947694 2.5738454 -13.824824 63.2841 92.81325
0.04070267 4.4030714 1.9896424 -7.489825 65.979095 104.29324
-0.035914123 5.3535986 3.1460772 3.780175 69.1641 120.88324
0.22506183 5.8204823 3.9529476 1.0151751 75.4291 130.85825
2.1189332 5.880339 3.0024207 -14.034824 88.09909 133.86826
3.4645157 7.118179 2.2410412 -11.934825 99.8241 153.99326
3.9433706 8.662486 2.3248408 2.3101752 96.6391 163.33826
4.932206 8.403905 1.8651401 11.515176 92.92909 165.54324
4.8124924 8.693612 1.036721 20.230175 86.8391 161.13324
6.2753944 9.091062 -0.24900457 28.910175 83.65409 148.98824
6.7566433 9.598648 -0.92658436 35.350174 79.979095 147.79825
4.5443335 10.364816 1.3072741 36.050175 74.83409 150.42323
4.2378664 11.183658 1.9441512 22.575176 73.119095 136.45825
6.840443 12.936267 -0.062251143 14.245175 72.6991 126.83324
10.149331 15.088719 -3.512401 31.570173 73.0841 144.54324
11.329708 15.344907 -5.8659735 78.155174 66.924095 149.58325
8.669669 15.0480175 -5.2482505 62.860176 49.004097 97.92324
6.648901 16.056007 -2.597788 30.520174 36.4741 46.228245
8.099832 15.12224 -5.442187 33.670177 39.869095 44.793243
9.545974 14.693665 -7.273807 61.775173 19.359095 56.798244
9.708784 13.549201 -7.728719 63.245174 -2.235905 49.168243
8.9498 12.802187 -6.682421 35.770176 -3.2509053 31.283243
8.775017 12.028836 -5.8013277 2.135175 0.739095 18.788246
7.901107 10.810151 -5.652883 -15.994824 -2.025905 12.698245
6.9146657 9.687236 -5.2075477 -19.914825 -13.505905 -1.9317548
6.3352513 8.679246 -4.6544704 -23.799826 -31.950905 -20.411757
6.0335727 7.6688623 -4.3073006 -29.189825 -47.490906 -29.196754
5.643306 7.8173075 -3.902668 -35.734825 -55.995907 -28.881756
5.9234357 7.656891 -3.8811195 -41.684826 -60.125904 -25.906755
6.1030064 7.458166 -3.9505534 -43.259823 -72.30591 -24.191755
5.583449 7.7957587 -3.5339496 -46.724827 -85.6059 -25.276754
5.442187 7.893924 -2.9042554 -57.469826 -91.9759 -28.671755
5.9042816 8.063917 -1.924997 -69.929825 -95.93091 -28.951756
6.1054006 8.011244 -1.647261 -77.59482 -102.895905 -26.991755
6.177229 8.090255 -1.4916332 -78.32983 -114.27091 -26.221756
6.8955116 7.82449 0.28970724 -82.45982 -122.3209 -25.626755
6.919454 7.702382 2.083019 -95.969826 -124.4209 -23.176754
6.3903193 7.6544967 2.2625897 -97.929825 -127.1159 -26.851757
6.0838523 8.164477 0.4740664 -72.764824 -132.6109 -36.336758
6.0335727 8.509253 -0.409421 -40.284824 -136.1809 -37.911755
5.751048 8.490098 0.20351335 -27.579826 -137.8959 -33.571754
5.401484 8.209969 1.3982565 -49.244827 -141.6059 -38.086754
5.516409 8.016032 1.2091088 -52.219826 -138.94589 -36.196754
5.106988 8.260248 1.3886794 -53.19983 -134.2559 -32.276756
4.685596 7.8532214 2.8731298 -59.289818 -133.03091 -35.566753
4.443774 7.7526617 3.632115 -56.594826 -137.3359 -38.436756
4.7334814 7.4797144 3.0957973 -39.759827 -142.48091 -34.026756
4.3073006 7.745479 2.8467927 -25.934826 -143.4609 -26.291754
3.8092911 7.778999 3.615355 -25.024824 -135.65591 -22.406755
3.74704 7.7909703 4.173221 -21.104826 -128.02591 -19.571756
3.3424077 8.226728 2.2865324 1.8201749 -127.60591 -16.421755
3.232271 8.719949 1.6400782 16.415174 -130.3359 -8.756755
3.5650752 8.794171 2.7127132 0.245175 -124.63091 2.303245
3.4740927 8.923462 4.3863115 -23.589825 -107.795906 10.773245
3.0263634 9.481328 4.235472 -24.114824 -95.825905 14.028246
3.7709827 9.464568 3.7422516 -9.239824 -99.78091 17.703245
4.3887057 9.122187 4.556305 -8.749825 -99.185905 24.388247
4.1349125 8.925857 5.3464155 -18.829826 -82.42091 24.388247
3.5794408 8.966559 5.4158497 -19.284826 -69.96091 18.018244
3.46691 9.115005 5.0998054 -10.814825 -65.02591 15.078243
3.7925313 9.031204 5.1452966 -7.559825 -50.745903 17.318245
3.902668 9.289786 4.9154463 -7.559825 -34.190907 18.438244
3.8835137 9.591465 4.352792 -3.289825 -26.455904 15.813246
3.9361877 9.601042 4.333637 -2.0648248 -17.915905 12.908246
4.173221 9.735122 4.8986864 -10.324825 -3.6709054 11.648246
4.6065845 10.084685 5.5978146 -19.354824 9.139094 12.453245
4.7789726 10.168485 5.3440213 -18.934824 16.209095 12.103245
4.697567 10.178062 4.8340406 -9.379826 27.899094 8.113245
4.7526355 10.151725 4.3623686 1.9951749 40.56909 1.6732451
4.556305 10.355239 4.309695 8.855175 47.184093 -3.366755
4.601796 10.553964 3.8571768 10.850175 56.5641 -5.361755
4.8484063 10.482135 3.0335462 14.945174 66.88909 -5.641755
4.80531 10.362421 2.5044115 20.755177 73.6441 -6.726755
4.6544704 10.345661 2.2841382 23.590176 78.47409 -11.206755
4.5491223 10.441432 1.7789462 22.505175 80.784096 -16.561756
4.853195 10.242707 1.1444633 21.630175 85.75409 -18.206755
4.903475 9.859624 0.6440599 23.485176 89.46409 -17.891756
4.355186 9.586677 0.7446195 23.765175 86.06909 -22.126755
3.9002736 9.660899 0.8786988 12.985176 91.59909 -31.401756
3.929005 9.62259 -0.06464542 19.110176 95.869095 -28.251757
4.051113 9.519637 -1.1540405 27.825176 93.244095 -28.251757
4.024776 9.557945 -1.6185298 28.420176 89.46409 -31.401756
4.2618093 9.371192 -2.22907 26.215176 85.92909 -32.906754
3.605778 9.019233 -2.6791935 22.610174 79.104095 -34.30675
2.6648278 8.595447 -2.2458298 10.465175 76.059105 -37.561756
2.0806248 8.379962 -1.1444633 -5.039825 76.65409 -37.106754
1.8076775 8.344048 -0.75659084 -7.2798247 76.65409 -28.076756
1.8579572 8.2027855 -1.6233183 8.575175 68.42909 -20.866755
1.9393626 8.28898 -2.1811843 26.320175 55.094097 -18.381756
1.620924 8.353624 -2.2673783 33.075172 44.909096 -19.221754
1.0175668 8.387145 -2.4254005 35.945175 40.324093 -20.621758
0.84996754 8.542772 -2.5546913 39.690174 33.219097 -18.661755
1.2929084 8.676852 -2.7318676 38.850174 22.824097 -14.706755
1.4437478 8.827691 -2.7390504 32.375175 20.234097 -9.666755
1.3719195 8.9186735 -2.6265194 25.130175 22.264095 -6.796755
1.2665714 8.904308 -2.0614705 17.745174 20.409096 -6.306755
1.4293821 8.889942 -1.951334 10.780175 15.334096 -6.306755
1.5012103 9.038387 -1.8244374 8.470175 8.859096 -4.4167547
0.9816527 9.103033 -1.2426286 5.810175 4.309095 -4.311755
1.0606637 9.165284 -0.6703969 0.245175 3.714095 -5.746755
1.5059988 9.246689 -0.7398309 -2.6598248 1.9290949 -3.9267552
1.5634614 9.560339 -0.9696813 0.910175 -0.380905 -0.636755
1.2761484 9.4932995 -0.6895511 3.360175 -0.485905 -1.721755
1.1971374 9.5244255 -0.36392978 -0.069825 0.459095 -4.766755
1.3719195 9.648928 -0.47167215 -2.589825 -0.135905 -4.556755
1.3791022 9.636956 -0.42378664 -1.9248252 -1.8859051 -2.351755
1.2450229 9.586677 -0.11253092 -2.519825 -2.970905 -2.5267549
1.1396748 9.663293 -0.07422252 -4.479825 -2.9009051 -3.716755
1.1779832 9.761458 -0.21548474 -4.304825 -3.075905 -3.716755
1.3048798 9.708784 -0.13647367 -3.044825 -3.355905 -2.3167548
1.2593886 9.718362 0.10774237 -4.619825 -2.445905 -0.776755
1.1660118 9.703996 0.22985038 -7.2098255 -0.520905 -0.74175495
1.1037607 9.737515 0.33759275 -7.4548244 -0.485905 -1.6867551
1.1253091 9.732727 0.057462595 -5.7398252 -2.025905 -2.351755
1.0774237 9.742304 -0.071828246 -2.624825 0.56409496 0.44824505
0.9792584 9.73991 -0.043096945 -5.1798253 1.999095 1.1482451
1.0295382 9.699207 0.10055954 -9.169826 3.9940948 2.583245
1.3695252 9.696813 0.26097596 -10.989825 5.6390953 4.788245
1.9704882 9.61062 1.3120626 -8.434825 1.6840951 3.7732453
1.3814965 9.737515 1.1229149 5.705175 -10.985905 -5.641755
0.89067024 9.859624 -0.5602603 25.585176 -17.110905 -13.656755
1.0127783 9.701602 -1.1995317 23.975174 -8.185905 -8.126756
1.0199611 9.6896305 -0.083799616 0.560175 5.009095 1.043245
1.0391153 9.720756 0.49082634 -15.714826 11.029095 5.5932455
1.158829 9.761458 0.0047885496 -13.649825 9.034095 5.908245
1.5203645 9.737515 0.07901107 -7.6998253 6.864095 5.6982455
1.4605076 9.682447 0.43575802 -7.804825 5.9890947 2.933245
1.3695252 9.651321 0.21069619 -5.1798253 5.674095 -1.9317548
1.1109436 9.601042 0.062251143 -0.69982505 6.654095 -5.431755
0.93616146 9.591465 0.05506832 -0.069825 6.374095 -6.5867553
0.8834874 9.648928 0.08140534 -0.174825 2.944095 -4.731755
0.8643332 9.7135725 -0.14126222 -0.48982498 1.369095 -1.126755
0.91461295 9.653716 -0.2681588 -2.0648248 3.364095 2.7582452
1.2091088 9.682447 0.22027329 -6.6498246 6.759095 7.133245
1.6257126 9.79019 0.4166038 -10.044826 7.109095 9.548245
1.5874043 9.835681 0.24900457 -6.334825 2.2440948 7.098245
1.3743137 9.8237095 0.15323359 -1.0848249 -1.045905 2.023245
1.2546 9.730332 0.16281068 1.085175 -1.955905 -0.811755
1.1253091 9.826104 0.2657645 0.84017503 -2.095905 -0.496755
1.3431882 9.830893 0.29210153 0.175175 -1.6759051 0.413245
1.4221992 9.771035 0.36632404 -0.41982502 -0.660905 1.8482451
1.333611 9.821315 0.24182175 1.7500001E-4 -0.100905 1.4282451
1.2450229 9.814133 0.076616794 1.9951749 -0.135905 -0.14675501
1.2593886 9.749487 0.16041641 2.625175 -0.625905 -1.161755
1.2833313 9.73991 0.34477556 0.28017503 -0.205905 -0.811755
1.3288225 9.730332 0.339987 -2.4148252 1.404095 0.238245
1.4605076 9.696813 0.19154198 -2.0648248 2.5240948 0.90324503
1.1971374 9.687236 0.16759923 0.175175 1.2990949 0.658245
1.0822122 9.648928 0.1987248 1.3651751 -0.45090497 -1.5467551
1.3168511 9.692024 0.22985038 1.085175 -0.660905 -2.2817552
1.2833313 9.620196 0.21069619 0.42017502 -0.415905 -0.496755
1.1444633 9.6585045 0.2083019 0.21017501 0.56409496 0.098245
1.1923488 9.653716 0.16520496 0.87517506 0.9840949 -0.46175498
1.1827718 9.703996 0.16520496 2.660175 -1.500905 -0.216755
1.063058 9.699207 0.19154198 2.695175 -1.360905 -0.35675502
1.2258687 9.737515 0.06464542 2.905175 -0.87090504 0.868245
1.4078336 9.747093 -0.062251143 2.240175 -0.24090502 2.478245
1.2641771 9.754275 0.13168511 -0.69982505 1.2990949 2.198245
1.2546 9.77343 0.30886146 -2.484825 1.2290951 1.498245
1.4006507 9.77343 0.22506183 -0.944825 -0.660905 1.2882451
1.5347302 9.737515 0.13886794 0.315175 -0.765905 1.323245
1.3360053 9.70639 0.16759923 -1.224825 1.159095 0.378245
1.1396748 9.651321 0.3232271 -3.989825 2.909095 -0.95175505
0.9984126 9.677659 0.37350687 -5.809825 4.239095 -0.566755
1.3096683 9.759064 0.43815228 -6.089825 5.464095 2.198245
1.4868447 9.811738 0.4166038 -5.004825 4.939095 4.053245
1.3312168 9.8237095 0.29928434 -2.3448248 3.1540952 2.233245
1.3671309 9.816526 -0.038308397 0.28017503 1.6490949 -0.216755
1.3096683 9.6896305 0.028731298 0.245175 0.879095 -0.916755
1.0271438 9.725544 0.38068968 -3.9548252 2.2790952 -1.336755
1.1660118 9.6585045 0.5818088 -6.1948247 2.909095 -0.566755
1.3886794 9.708784 0.5027977 -4.514825 2.2440948 1.918245
