1.38 9.83 -0.94 10.886198 -5.15662 2.291831
1.4699999 9.84 -1.04 14.323945 -12.605071 1.7188734
1.8399999 10.139999 -0.91999996 18.334648 -19.480566 5.15662
1.89 10.2699995 -0.84 18.334648 -16.042818 5.7295775
1.9599999 10.599999 -0.94 17.188732 -12.032113 3.4377468
1.77 10.7699995 -1.11 9.167324 -4.0107045 1.1459155
1.54 10.95 -0.25 -4.0107045 7.448451 0.57295775
1.87 11.29 1.06 -1.1459155 6.3025355 1.1459155
1.88 11.33 0.32999998 16.615776 -4.583662 -1.1459155
1.52 11.599999 -0.01 22.91831 -1.7188734 -2.291831
1.53 12.099999 -0.35999998 22.91831 -1.7188734 -2.291831
1.81 12.15 -0.48999998 20.62648 0.57295775 -0.57295775
2.36 12.11 -0.29999998 5.7295775 5.7295775 0.57295775
2.52 12.009999 -0.12 1.7188734 3.4377468 -1.7188734
2.02 11.559999 0.47 0.0 3.4377468 -10.886198
1.81 11.509999 0.82 -2.8647888 9.167324 -13.750987
2.12 11.71 2.58 -4.0107045 26.929016 -9.167324
3.1399999 11.71 0.45 20.053522 24.637184 -5.7295775
3.56 11.679999 -1.87 61.879436 21.772396 -17.761692
3.27 11.469999 -2.87 61.879436 23.49127 -25.7831
2.8 11.33 -2.87 54.43099 26.929016 -34.377464
1.77 10.78 -2.79 18.334648 33.80451 -42.398876
1.65 10.55 -2.28 10.31324 34.377464 -41.25296
1.4699999 10.57 -1.5 4.583662 34.377464 -40.680004
2.21 10.54 -1.0 14.896902 25.210142 -33.231552
2.52 10.86 -2.09 22.345354 24.064226 -32.658592
1.9499999 10.9 -2.74 29.793804 32.658592 -40.680004
2.12 10.7 -2.87 21.772396 25.7831 -42.971836
2.03 10.349999 -2.96 18.334648 26.929016 -44.69071
1.37 10.12 -3.1 14.896902 29.220846 -46.98254
0.93 9.74 -3.58 8.594366 33.231552 -46.40958
0.98999995 9.179999 -3.1599998 0.0 33.80451 -42.398876
1.03 9.62 -2.59 -2.8647888 30.366762 -42.971836
1.1999999 9.23 -3.51 4.583662 22.345354 -40.680004
0.63 8.91 -3.4299998 10.31324 23.49127 -45.83662
0.24 8.34 -2.8999999 4.583662 25.7831 -48.128452
-0.099999994 8.139999 -2.96 5.15662 23.49127 -46.98254
-0.13 7.71 -3.82 10.886198 19.480566 -42.398876
-0.42999998 7.31 -3.84 6.8754935 18.907606 -38.38817
-0.26 6.6 -3.62 0.0 15.469859 -33.80451
-0.58 6.2799997 -3.21 -3.4377468 13.750987 -30.366762
-0.47 5.7599998 -3.6799998 0.0 14.323945 -28.64789
-1.03 5.21 -2.59 -11.459155 21.199438 -28.07493
-1.1999999 4.96 -2.18 -11.459155 21.199438 -28.07493
-1.53 4.73 -1.41 -19.480566 22.345354 -25.210142
-1.64 4.8399997 -1.18 -19.480566 22.91831 -21.772396
-1.92 5.0299997 -1.3399999 -10.886198 20.053522 -10.886198
-2.07 5.6099997 -0.9 -11.459155 25.210142 5.7295775
-1.62 5.8399997 -0.83 -11.459155 25.210142 5.7295775
-1.25 6.8599997 -0.78 -8.594366 26.929016 10.886198
-0.78999996 7.5099998 -0.79999995 -6.3025355 28.07493 10.886198
-0.26999998 6.98 -1.9 4.0107045 25.7831 10.886198
-0.56 7.06 -2.24 6.8754935 33.231552 4.583662
-2.02 8.03 -0.69 -2.291831 42.971836 2.8647888
-1.1899999 9.0199995 -0.34 -8.594366 40.680004 12.032113
0.59 8.99 -1.48 2.8647888 33.80451 25.210142
0.55 9.25 -1.76 0.57295775 36.669296 24.064226
0.17999999 9.63 -0.81 -15.469859 48.701412 19.480566
0.089999996 9.74 -1.0799999 -18.907606 62.4524 20.053522
0.9 9.79 -2.4299998 -12.032113 64.17127 25.210142
0.97999996 10.09 -2.76 -15.469859 60.733524 27.501974
0.89 10.469999 -1.74 -22.345354 57.29578 27.501974
1.5999999 10.349999 -1.3199999 -37.242256 50.420284 30.366762
1.68 10.41 -1.26 -36.669296 50.420284 30.939718
1.8 10.61 -1.67 -33.231552 56.72282 30.366762
1.4399999 10.67 -1.4399999 -30.366762 59.58761 30.366762
1.7099999 10.62 -1.79 -24.637184 56.72282 28.64789
1.9 10.57 -2.22 -13.178029 51.5662 28.07493
1.49 10.889999 -3.48 -5.15662 51.5662 30.939718
1.41 11.08 -3.08 -14.323945 55.576904 36.669296
1.48 11.33 -2.4099998 -24.064226 59.014652 42.398876
1.5899999 11.75 -2.6299999 -16.615776 65.890144 46.40958
2.74 11.75 -3.6299999 1.1459155 72.19268 49.84733
3.27 11.45 -4.95 13.178029 62.4524 42.971836
2.8899999 11.87 -4.08 12.032113 48.128452 31.51268
2.96 12.17 -3.6699998 13.750987 37.815212 26.356058
3.31 11.88 -4.35 19.480566 30.366762 25.210142
3.29 11.75 -4.04 12.032113 26.356058 21.199438
3.08 11.849999 -2.8999999 2.8647888 16.042818 14.896902
3.47 11.66 -2.98 4.0107045 12.032113 12.032113
3.85 11.09 -3.9299998 8.021409 11.459155 7.448451
3.0 10.01 -3.4299998 -9.740283 12.605071 -3.4377468
2.76 9.8 -2.83 -16.042818 12.605071 -6.3025355
3.06 9.63 -2.75 -12.032113 8.594366 -6.8754935
3.52 9.21 -4.19 4.583662 0.0 -3.4377468
3.04 8.66 -5.0699997 9.740283 -2.8647888 -5.15662
2.37 8.36 -4.8399997 0.0 -5.15662 -9.740283
2.31 8.34 -4.25 -7.448451 -11.459155 -4.583662
3.05 8.54 -4.42 -6.3025355 -21.199438 3.4377468
3.46 8.48 -4.8399997 -5.15662 -30.366762 8.021409
2.98 8.61 -4.14 -12.032113 -28.64789 2.8647888
3.09 8.67 -3.1599998 -16.615776 -28.07493 -0.57295775
3.09 9.0199995 -3.1599998 0.0 -25.210142 -2.8647888
2.79 8.58 -4.73 25.210142 -34.377464 0.0
2.28 8.65 -4.89 24.637184 -38.961132 0.0
2.21 8.99 -4.0899997 12.032113 -48.128452 4.0107045
3.4399998 9.19 -3.3 0.57295775 -53.285076 14.323945
3.77 9.17 -3.56 1.7188734 -51.5662 21.199438
3.07 9.36 -3.46 2.291831 -55.576904 19.480566
2.96 9.54 -2.99 0.0 -57.868736 18.907606
3.26 9.67 -2.6 -9.740283 -61.30648 20.053522
4.38 8.82 -3.12 -10.886198 -67.03606 22.345354
3.54 8.75 -2.4299998 -15.469859 -60.733524 12.032113
3.3799999 9.17 -1.55 -13.750987 -61.30648 11.459155
3.3799999 9.44 -1.74 -1.7188734 -68.18198 9.740283
3.75 9.24 -2.4199998 4.0107045 -78.49522 22.91831
4.2 9.12 -2.49 0.57295775 -82.50592 25.210142
4.22 9.26 -2.26 -5.15662 -82.50592 23.49127
3.81 9.16 -1.7199999 -23.49127 -84.79775 21.199438
3.77 9.179999 -0.93 -28.07493 -84.22479 24.064226
3.7099998 9.96 -0.41 -32.658592 -84.79775 31.51268
4.3399997 10.19 -0.41 -34.950428 -87.089584 37.242256
4.06 10.04 0.48 -39.53409 -88.80846 32.085636
4.0699997 10.219999 1.6899999 -37.242256 -80.21409 24.064226
3.6799998 10.16 1.3299999 -18.907606 -76.77634 21.199438
3.26 10.34 0.24 0.57295775 -73.91155 20.053522
3.4199998 10.3 0.17 0.57295775 -71.61973 25.7831
3.8999999 10.76 0.84 -5.15662 -61.879436 27.501974
3.97 10.55 0.32999998 -1.7188734 -62.4524 25.210142
3.27 10.17 -0.71999997 -0.57295775 -63.598316 18.334648
3.02 10.599999 0.62 -17.188732 -52.139156 16.042818
3.32 11.05 1.77 -26.356058 -42.971836 15.469859
3.6299999 10.88 1.36 -15.469859 -42.398876 14.323945
3.24 10.61 0.84 -6.8754935 -44.69071 9.740283
2.96 10.74 1.5 -10.31324 -35.523384 5.7295775
2.79 10.92 1.63 -6.8754935 -21.772396 4.0107045
3.09 10.73 0.75 2.291831 -18.334648 4.0107045
2.85 11.15 0.17 6.3025355 -20.62648 -1.7188734
2.78 11.639999 0.13 -0.57295775 -18.334648 -2.8647888
2.86 11.66 0.07 -4.583662 -14.896902 -3.4377468
2.8899999 11.53 0.47 -9.167324 -10.31324 -4.583662
3.03 11.889999 1.4 -16.042818 -2.8647888 -8.021409
3.6 11.74 0.74 -9.740283 0.0 -8.594366
3.1499999 11.759999 0.53999996 0.0 4.0107045 -17.188732
2.6499999 11.91 0.48 3.4377468 14.896902 -26.929016
3.0 11.84 0.19999999 4.0107045 19.480566 -28.64789
3.1799998 11.55 -0.39 5.7295775 23.49127 -29.793804
2.61 11.34 -0.12 4.0107045 25.7831 -35.523384
2.6299999 11.46 0.04 5.15662 26.929016 -38.38817
3.3999999 11.46 -0.74 14.896902 26.356058 -36.669296
3.09 11.16 -1.6899999 22.345354 29.220846 -40.680004
2.57 10.88 -1.87 16.615776 30.366762 -49.84733
2.46 10.7699995 -1.7099999 10.886198 32.085636 -50.420284
2.69 10.25 -1.89 0.0 36.669296 -45.83662
2.72 9.61 -1.8499999 -1.7188734 40.680004 -44.69071
2.19 9.429999 -1.88 -0.57295775 41.25296 -45.83662
2.25 9.4 -2.32 6.8754935 35.523384 -48.128452
2.09 9.09 -2.58 8.594366 33.231552 -42.398876
1.91 8.87 -2.24 6.3025355 32.085636 -41.825916
1.8499999 8.92 -2.34 8.021409 30.939718 -40.107044
2.08 8.95 -3.12 13.750987 29.220846 -36.669296
2.05 8.38 -3.3899999 13.178029 27.501974 -34.377464
1.23 8.429999 -2.6799998 4.0107045 29.793804 -39.53409
1.15 8.44 -2.85 4.583662 31.51268 -38.961132
1.25 8.309999 -2.85 8.021409 28.64789 -36.09634
1.25 7.8999996 -3.46 10.31324 22.91831 -31.51268
1.0 7.79 -3.07 6.3025355 22.91831 -33.231552
0.44 7.73 -3.04 5.7295775 22.91831 -31.51268
0.56 7.74 -3.6399999 11.459155 21.199438 -22.91831
0.84999996 7.72 -3.87 12.032113 19.480566 -16.615776
0.61 7.69 -3.86 8.594366 16.615776 -18.334648
0.19 7.8399997 -3.83 8.021409 12.605071 -17.761692
0.29 7.98 -4.15 1.1459155 6.8754935 -9.167324
0.25 7.99 -3.8799999 -4.583662 7.448451 -7.448451
0.06 8.389999 -2.77 -9.167324 9.740283 -5.7295775
0.39999998 8.79 -2.3999999 -0.57295775 4.583662 2.291831
0.59999996 9.179999 -3.1 6.3025355 2.291831 3.4377468
0.61 9.38 -3.6899998 13.750987 2.291831 1.1459155
0.65 9.53 -3.46 6.8754935 1.1459155 0.0
0.28 9.48 -2.83 -9.167324 5.15662 -0.57295775
0.12 9.49 -2.72 -10.886198 5.15662 -1.1459155
0.25 9.49 -2.71 -6.8754935 3.4377468 -0.57295775
0.59999996 9.5 -3.07 1.1459155 0.0 1.7188734
0.17 9.599999 -3.34 4.0107045 0.57295775 1.1459155
0.22999999 9.73 -3.04 -0.57295775 1.1459155 1.7188734
0.53999996 9.74 -3.23 -2.8647888 -0.57295775 3.4377468
0.19999999 9.55 -3.1499999 -5.7295775 -0.57295775 2.291831
0.22 9.73 -2.46 -11.459155 -0.57295775 2.8647888
0.51 9.929999 -2.19 -12.605071 -4.583662 5.15662
0.52 9.98 -2.1399999 -9.167324 -2.291831 5.7295775
0.35 10.04 -2.01 -6.8754935 -1.1459155 3.4377468
0.55 10.139999 -1.9599999 -4.0107045 -1.7188734 2.291831
0.78999996 10.0199995 -2.36 0.0 -4.0107045 2.291831
0.32 9.98 -2.3899999 0.57295775 -4.0107045 -1.1459155
0.24 9.969999 -2.18 -1.7188734 -1.7188734 -2.291831
0.42999998 9.9 -2.1 -4.0107045 -2.291831 0.57295775
0.39999998 9.86 -2.1 -5.15662 0.0 0.57295775
0.21 9.849999 -2.0 -5.7295775 1.7188734 0.0
0.29 10.0 -1.81 -4.0107045 0.57295775 1.1459155
0.7 10.179999 -2.45 0.57295775 -2.8647888 1.7188734
0.37 10.16 -2.59 0.57295775 -2.8647888 0.0
0.35999998 10.13 -2.26 -2.291831 -1.1459155 -1.1459155
0.58 10.05 -1.5699999 -7.448451 0.0 -0.57295775
0.42999998 9.98 -2.18 0.57295775 0.57295775 -1.7188734
0.45 9.94 -2.44 4.583662 0.57295775 -2.291831
0.38 9.67 -2.53 0.57295775 -1.7188734 -3.4377468
0.19 9.639999 -2.34 -5.15662 -2.291831 -3.4377468
0.099999994 9.58 -2.1399999 -8.021409 -1.7188734 -3.4377468
0.0 9.59 -1.54 -10.886198 -2.8647888 -2.291831
0.13 9.83 -1.31 -9.167324 -3.4377468 -1.1459155
0.53999996 10.0199995 -2.4299998 1.7188734 -4.0107045 0.57295775
0.39 9.91 -2.36 -2.291831 0.0 0.0
0.24 9.79 -2.1599998 -8.594366 -0.57295775 -2.291831
0.25 9.7699995 -1.61 -6.8754935 -1.7188734 -0.57295775
0.39 9.76 -2.09 -0.57295775 -1.7188734 1.1459155
0.17 9.75 -2.1299999 -1.7188734 0.57295775 1.7188734
0.37 9.95 -1.55 -6.3025355 1.1459155 3.4377468
0.53 10.03 -1.67 -2.291831 -0.57295775 2.8647888
0.37 10.0199995 -1.91 2.291831 0.57295775 1.1459155
0.22999999 9.98 -1.91 1.1459155 1.1459155 0.0
0.38 9.969999 -2.1399999 2.8647888 2.8647888 2.291831
0.48999998 9.91 -2.22 1.1459155 1.1459155 2.8647888
0.35 9.969999 -1.8 0.0 1.7188734 1.1459155
0.5 9.92 -1.8199999 2.291831 0.0 1.1459155
0.52 9.94 -2.4299998 9.740283 -1.7188734 0.57295775
0.53999996 9.9 -2.52 7.448451 -0.57295775 0.57295775
0.26 9.86 -2.1399999 0.0 0.0 0.0
0.28 9.96 -1.5899999 -4.0107045 1.1459155 1.7188734
0.63 10.01 -1.73 -1.7188734 1.1459155 2.8647888
0.71 9.91 -2.27 4.0107045 -1.7188734 2.291831
0.39 9.91 -2.4099998 3.4377468 0.0 0.0
0.35999998 9.91 -2.3 0.0 0.0 -0.57295775
0.51 9.91 -2.06 -3.4377468 0.0 1.1459155
0.32999998 9.98 -1.9 -4.0107045 2.291831 1.1459155
0.5 10.04 -2.19 0.57295775 1.1459155 1.7188734
0.7 10.05 -2.32 1.1459155 0.57295775 2.291831
0.61 10.04 -2.55 0.57295775 -0.57295775 1.1459155
0.31 10.05 -1.92 -6.8754935 -0.57295775 0.0
0.47 10.07 -1.5999999 -8.021409 -0.57295775 0.0
0.68 10.0 -1.4599999 -2.291831 0.0 0.0
