1.3096683 9.366403 0.9529214 9.453815 -8.618259 -2.748095
2.5522969 9.349643 0.80208206 9.558815 -16.24826 9.256905
3.179597 9.584282 0.85236186 4.343815 -11.55826 17.621904
1.9848539 9.615408 0.7110996 0.108815 -1.89826 11.146906
1.5395187 9.4932995 0.6751855 0.213815 2.8617399 -2.9580948
1.611347 9.385557 0.6608198 -0.346185 1.14674 -6.353095
1.6783867 9.423865 0.7134939 -1.5361851 -0.53326005 -2.2930949
1.9106313 9.390346 0.75180227 -2.411185 2.33674 0.68190503
1.9010541 9.371192 0.8236305 -3.391185 2.7917402 2.396905
1.8100717 9.402317 0.7901107 -2.796185 2.61674 2.0819051
1.7238779 9.395134 0.7996878 -0.83618504 2.72174 1.8369049
1.759792 9.395134 0.7829279 0.563815 2.6867402 2.816905
2.1093562 9.431048 0.7589851 1.508815 1.74174 5.2669053
2.1835787 9.495694 0.80687064 1.648815 0.69174004 7.541905
2.1476645 9.490906 0.91461295 1.543815 -0.49826 7.2619047
2.0447106 9.282603 0.9122187 2.6638153 -3.05326 4.3919053
1.9537282 9.371192 0.93616146 4.378815 -4.9432597 4.181905
1.9106313 9.771035 0.818842 6.128815 -6.79826 6.561905
1.977671 10.826911 1.0846065 4.728815 -10.053261 8.696904
1.9273912 12.162916 1.5778271 -4.0561852 -9.87826 11.881906
1.8268317 13.764686 2.657645 -17.601185 -5.67826 11.006906
1.8579572 15.754328 4.1612496 -26.246185 -1.12826 8.661905
3.0886145 17.360888 4.477294 -21.801186 3.49174 12.826905
5.00164 18.656189 4.11097 -4.1961846 3.17674 13.701905
4.932206 18.984205 3.1700199 17.363815 -4.17326 -4.043095
4.065479 18.411974 2.4637089 31.188816 -4.13826 -34.528095
3.6656346 17.523697 2.2075214 31.048815 5.52174 -55.493095
3.440573 16.19727 2.2745612 24.748816 11.926741 -63.963097
2.7989073 14.921121 1.9034485 24.118814 12.24174 -70.2281
2.7342618 13.759897 1.4126221 28.773815 7.16674 -74.4631
3.4118416 12.335304 1.4054393 28.108816 -0.77826 -70.68309
3.2298768 11.293795 1.3000913 18.973814 1.8817402 -67.953094
2.9497466 10.178062 0.7853221 8.578815 18.85674 -65.923096
2.82285 9.134158 0.89545876 1.333815 31.73674 -61.8631
2.5307484 8.118986 1.185166 -5.8061852 31.071743 -67.49809
1.7478206 7.0870533 0.6943397 -8.571185 27.011742 -72.67809
0.64166564 6.28976 -0.40223816 -2.901185 23.33674 -69.423096
1.3791022 5.664854 -0.7996878 4.518815 13.88674 -61.09309
2.0016139 5.1357193 -0.6296943 3.8888152 0.76173997 -58.328094
0.65124273 4.9274178 0.14844504 -2.306185 -8.93326 -67.67309
-0.6296943 4.45814 0.5363176 -7.2061853 -9.24826 -87.09809
-1.1396748 3.9074564 0.5123748 -6.016185 -6.97326 -98.12309
-2.0782306 4.206741 0.7805336 -1.571185 -9.423261 -94.5881
-2.343995 4.355186 0.42139238 -0.101185 -6.9382596 -85.94309
-2.3487835 4.350397 0.531529 -3.391185 1.3217402 -77.368095
-3.1293173 3.7494342 1.5778271 -17.006186 14.131741 -70.298096
-4.1325183 3.6129606 2.2721667 -33.596188 28.86674 -67.35809
-3.8380225 3.9266107 2.6863763 -36.606182 35.86674 -59.728092
-3.0527003 3.7398572 2.4684973 -24.741186 26.62674 -45.763092
-3.5746522 3.5315554 2.0925963 -11.091185 20.15174 -37.11809
-4.103787 3.459727 2.020768 -3.181185 24.84174 -37.95809
-4.460534 3.1245286 1.934574 -2.516185 24.10674 -38.133095
-4.7598186 3.1580484 2.2123098 -12.281185 32.29674 -28.613094
-4.6832013 3.1029801 2.6025767 -27.646187 50.91674 -10.098095
-3.9050622 3.3902931 2.3966691 -36.361183 64.39174 6.5969048
-3.5507095 3.9074564 2.2937152 -35.101185 67.29674 24.971907
-3.0263634 3.615355 1.5299416 -37.586185 76.29175 34.071907
-3.3639562 3.677606 1.9202085 -44.586185 87.59674 42.436905
-3.3639562 3.7661943 3.5985951 -57.606186 85.98674 43.871906
-2.6097596 3.964919 4.02717 -54.071186 82.52174 52.411903
-0.9074302 4.503631 0.9385557 -24.671185 86.30174 74.84691
0.05506832 4.865166 0.13886794 -5.526185 83.53674 90.491905
-0.88109314 5.564295 3.1149516 -25.161186 75.27674 84.82191
-0.5770202 6.237086 4.005622 -41.401184 80.03674 79.5369
1.7933118 6.4693303 0.7853221 -14.241185 89.69673 104.87691
3.677606 7.1971903 -0.70870537 12.988814 90.011734 128.6419
2.3894863 8.439818 2.6169424 -4.7561846 83.01174 120.9069
2.7222905 8.834874 3.0119977 -28.766186 82.27674 105.01691
5.03516 8.526012 -0.13168511 -3.5661852 83.36174 119.0519
5.2051535 8.609812 0.071828246 24.363815 74.99674 131.2669
2.6959534 8.93304 4.350397 2.383815 68.31174 111.7369
2.7031362 10.178062 6.2179317 -28.276186 75.83675 92.976906
7.091842 11.174081 -0.4860378 8.263815 83.60674 119.506905
10.362421 11.176475 -4.9944572 78.018814 74.051735 151.14691
7.802942 11.696033 -3.519584 85.26381 59.421738 135.3269
3.2993107 12.198831 2.1404817 21.843815 50.286743 85.521904
5.2458563 12.972181 -0.29689008 -30.936184 71.70674 70.89191
8.686429 13.714406 -4.862772 -11.861185 87.561745 107.29191
7.0128307 14.322552 -3.1125572 9.803815 73.35174 116.49691
5.5379577 15.443072 -1.1708003 -12.876185 55.711742 81.28691
7.5467544 15.818974 -3.5938065 -24.741186 47.66174 64.906906
8.966559 15.517295 -5.5307746 -0.241185 39.26174 73.16691
8.887548 14.696059 -4.1564612 11.728814 33.241737 69.0369
7.850827 13.884399 -2.691165 -2.096185 26.06674 49.646904
7.151699 12.835708 -2.8611584 -5.946185 15.74174 31.096905
6.8476257 12.2155905 -3.8021083 9.208815 5.62674 18.916906
7.0559278 11.162109 -4.6664414 28.528816 -5.0132604 10.411905
6.6417184 10.190034 -4.9393888 36.788815 -16.42326 1.5219051
5.734288 9.603436 -4.7167215 31.433819 -27.518261 -11.603095
4.948966 9.047964 -4.965726 9.733814 -43.19826 -29.978096
5.1189594 8.4781275 -5.157268 1.4038149 -56.53326 -28.158094
5.355993 8.150111 -4.573065 -14.346186 -69.41327 -24.833096
5.3512044 8.140534 -3.8763309 -34.296185 -72.66826 -22.488096
5.272193 8.042369 -2.9904492 -47.666187 -76.51826 -23.748095
5.7007685 7.901107 -2.7941186 -50.116184 -85.618256 -21.753096
5.7821736 7.5036573 -2.2937152 -48.786182 -93.948265 -18.008097
5.9042816 7.333664 -2.1452703 -48.856186 -97.02826 -16.153095
6.0479383 7.4821086 -1.9297855 -49.311184 -104.79826 -17.588097
6.098218 7.2881727 -1.376708 -53.301186 -108.508255 -20.353094
5.478101 7.106208 -0.86912173 -54.666183 -109.103264 -20.388094
5.1692395 7.18043 -0.8834874 -46.791187 -121.42325 -18.463095
5.2434616 7.537177 -1.1420691 -40.981182 -135.07326 -15.943094
6.081458 7.743085 -0.22985038 -50.781185 -135.59827 -9.503096
6.3328567 7.5252056 1.5467016 -70.871185 -124.67826 -0.508095
6.1317377 7.5659084 2.954535 -79.06119 -116.55826 1.976905
6.23948 8.18842 1.4126221 -54.596184 -123.383255 -1.628095
6.6608725 8.413482 -0.2083019 -16.166185 -132.93826 -5.7230954
6.081458 8.365596 0.083799616 -4.511185 -134.37326 -9.048095
5.2314906 8.655303 1.2426286 -21.836187 -125.34326 -10.308095
5.870762 9.110215 1.376708 -36.431183 -120.72325 -5.793095
7.312115 9.354432 1.0008069 -33.211185 -127.54826 1.416905
7.21395 9.115005 1.4557191 -27.891188 -133.00826 0.71690506
6.1652575 8.971348 2.535537 -33.876183 -128.31825 -9.643095
5.8444247 8.667274 2.640885 -41.611187 -116.66326 -19.198095
5.978504 8.571504 2.3296294 -35.591183 -109.80326 -21.298096
5.461341 8.399116 2.803696 -24.776186 -114.213264 -20.983093
4.5682764 8.265037 3.3735332 -23.411186 -110.36326 -21.333096
4.3264546 8.018426 3.2490308 -22.711185 -98.88326 -19.688093
4.410254 8.243488 2.7366562 -15.536185 -92.65327 -12.408095
4.582642 8.358414 2.535537 -5.841185 -94.26326 -3.518095
4.206741 8.241094 3.15326 -2.586185 -100.493256 1.7669051
3.902668 8.329682 3.5602865 -8.081185 -96.95826 2.291905
4.2618093 8.865999 3.3687446 -11.126185 -88.03326 3.7269046
4.4749 9.268238 3.1365 -7.311186 -82.78326 8.136905
3.8116856 9.155706 4.417437 -4.3711853 -79.56326 9.641905
3.78056 9.474146 5.6792197 -11.616185 -77.07826 5.651905
3.8356283 10.448615 4.661653 -17.146185 -68.46826 4.986905
3.938582 10.989721 3.6823947 11.973815 -42.04326 15.346906
3.8523881 11.092675 3.5483153 9.348815 -36.19826 16.676905
3.840417 11.420691 4.170827 -2.166185 -32.24326 16.991905
4.2833576 11.976163 4.3264546 -10.6711855 -23.21326 18.426907
5.2147307 12.198831 4.206741 -15.781186 -10.64826 19.511906
4.9417834 12.371218 4.455745 -18.231186 -0.11326 9.326905
4.235472 12.210801 4.37434 -15.536185 8.49674 -6.8780947
3.615355 11.863631 3.9146392 -9.306185 18.75174 -16.083096
3.634509 11.7750435 3.4214187 -3.846185 28.16674 -16.608095
4.233078 11.844478 2.631308 1.473815 32.01674 -14.403095
4.228289 11.722369 1.8866886 3.223815 37.616737 -16.153095
3.6967604 11.382382 1.2593886 0.808815 45.03674 -20.598095
3.7685885 11.135772 1.1875603 -4.2661853 48.92174 -20.843096
4.802915 10.913105 1.3048798 -11.441185 52.421738 -16.573093
4.6113734 10.783813 0.89545876 -15.816184 56.48174 -17.028095
4.0199876 10.589877 0.58420306 -13.261185 59.876736 -26.618093
3.9673133 10.118205 0.7805336 -11.301185 60.26174 -33.023098
4.242655 9.943423 0.6656084 -12.316185 64.35674 -34.248096
4.520391 9.79019 -0.08858817 -10.426185 72.51174 -33.198097
3.8787253 9.560339 0.038308397 -5.141185 71.216736 -38.9731
2.6648278 9.150918 0.11253092 -3.2511852 66.24674 -51.398094
2.3559663 8.992896 -0.12210801 -0.031185 65.58174 -56.333096
2.516383 8.887548 -0.37111259 2.698815 67.47173 -49.963093
3.1700199 8.822903 -0.4668836 1.263815 70.51674 -40.61809
3.047912 8.825297 -0.3998439 0.108815 68.94174 -36.803093
2.1117504 8.616995 -0.08858817 2.033815 61.976746 -42.648094
1.7693691 8.542772 -0.2466103 5.708815 56.166744 -49.893093
1.9321798 8.60263 -0.42618093 11.098815 50.21674 -45.693096
2.4493432 8.628966 -0.44772938 12.358815 49.93674 -35.788097
2.185973 8.411087 -0.87630457 11.168815 49.586742 -30.713093
1.6951466 8.130958 -1.8507744 14.808815 44.75674 -34.178097
1.515576 7.6185822 -2.5499027 22.333815 38.77174 -36.208096
1.333611 7.1229677 -2.7582045 25.623816 27.88674 -33.023098
1.4221992 6.859597 -2.9689007 20.093815 21.34174 -30.293095
0.12929083 6.490879 -2.0973847 8.718815 21.761742 -29.103094
-0.91461295 6.349617 -1.690358 -4.8611846 12.52174 -36.103092
-0.82123625 6.58665 -1.7813405 1.5788151 0.41174 -25.883097
-0.42378664 7.1133904 -1.5658557 -1.361185 0.58674 -10.168095
0.03351985 7.5515428 -0.6177229 -9.726185 2.93174 0.64690506
0.16759923 8.028004 -0.07901107 -9.796185 2.8617399 4.216905
0.39266106 8.528407 -0.55307746 2.838815 -2.21326 5.2319055
0.7733508 9.289786 -1.1492519 14.318815 -6.72826 7.2619047
0.8332076 9.500483 -0.7805336 9.278815 -4.10326 8.416905
0.3615355 9.613013 0.0047885496 -2.901185 2.4417398 5.931905
0.2681588 9.75667 0.14365649 -5.141185 3.63174 5.4419055
0.3902668 9.8787775 -0.18435916 2.3138149 -2.31826 6.841905
0.20590763 9.938635 -0.27294734 8.053816 -8.51326 5.931905
0.2849187 10.034406 -0.090982445 5.218815 -8.12826 4.986905
0.7110996 10.173274 -0.102953814 -0.41618502 -4.38326 8.276905
0.94095 10.094262 0.16281068 -3.6361852 -3.99826 10.236905
0.6249057 9.981731 0.89067024 -6.7861853 -3.6832597 6.141905
0.5243462 9.98652 0.94573855 -6.156185 -4.76826 1.5219051
0.7805336 10.010463 0.45012367 -0.031185 -5.7482605 1.101905
0.74222517 10.00328 0.40223816 4.343815 -4.66326 1.9069052
0.4070267 9.996098 0.76616794 1.8938149 -2.10826 0.506905
0.43575802 10.024829 0.73743665 -0.41618502 -0.07826 0.156905
0.9768641 10.063137 -0.011971374 2.6638153 -0.95326006 2.2569048
0.8475733 10.065532 -0.07422252 6.233815 -4.03326 2.886905
0.36392978 9.964972 0.37350687 2.033815 -4.87326 -1.8380951
0.4764607 9.744699 0.81644773 -5.9111853 -1.40826 -4.9880953
0.4860378 9.6896305 0.9768641 -8.851186 1.53174 -3.028095
0.4644893 9.737515 0.75659084 -5.421185 2.54674 -1.698095
0.54350036 9.75667 0.31843856 0.843815 0.76173997 -1.9080949
0.6153286 9.735122 0.31365 4.5888147 -0.25326 -1.0680951
0.5554718 9.79019 0.50040346 3.3988152 0.90174 0.68190503
0.45970076 9.768641 0.15083931 2.698815 1.0417401 -0.508095
0.6081458 9.677659 -0.17957062 6.058815 -1.05826 -2.818095
0.48843205 9.660899 -0.083799616 6.6188154 -1.4782599 -2.363095
0.2753416 9.63935 0.24900457 2.943815 -1.23326 -1.873095
0.28731298 9.634562 0.1987248 -1.396185 -0.35826 -1.488095
0.38308397 9.711179 0.047885496 -3.111185 -0.04326 1.311905
0.3232271 9.718362 0.44294083 -6.541185 2.30174 2.816905
0.2849187 9.754275 0.72546524 -7.4511847 1.63674 1.8719051
0.6703969 9.763853 0.44054657 -2.761185 -0.11326 3.516905
0.80208206 9.931452 -0.08619389 3.223815 -0.39326 4.146905
0.7110996 9.941029 0.045491222 2.453815 -1.12826 1.311905
0.58420306 9.828498 0.55786604 -4.091185 -0.39326 -0.19309501
0.54828894 9.818921 0.6560313 -6.8911853 2.89674 0.78690505
0.600963 9.8548355 0.52913475 -2.4461849 1.8117402 2.1519048
0.43336374 9.787795 0.38787252 3.538815 -2.14326 0.29690498
0.3615355 9.771035 0.29210153 4.763815 -2.28326 -1.488095
0.56265455 9.816526 -0.043096945 3.8888152 -1.19826 0.506905
0.5027977 9.794978 0.24900457 1.7188151 0.79674 2.0819051
0.45012367 9.718362 0.58420306 -2.866185 2.1967402 1.136905
0.7350424 9.737515 0.34477556 -2.306185 -0.39326 1.346905
0.84996754 9.890749 0.08858817 1.333815 -2.7032602 1.311905
0.63208854 9.826104 0.35914123 0.073815 -2.00326 -0.648095
0.40223816 9.761458 0.6895511 -5.876185 1.28674 -1.348095
0.4764607 9.70639 0.7948992 -9.411185 3.42174 -0.543095
0.65363705 9.7135725 0.6440599 -6.7861853 2.0217397 0.92690504
0.50998056 9.703996 0.7350424 -1.991185 -0.81326 -0.018095
0.3998439 9.617802 0.7589851 0.073815 -1.19826 -1.313095
