1.2099999 10.05 -0.22 9.167324 -30.939718 8.594366
1.3299999 10.219999 -0.29 14.323945 -36.09634 9.167324
1.17 10.49 -0.35999998 12.605071 -30.366762 10.886198
1.41 11.0 0.14 10.886198 -13.178029 12.605071
1.54 11.33 0.28 14.323945 -6.3025355 10.886198
1.65 11.57 -0.049999997 17.188732 -5.15662 9.167324
1.6999999 11.7 -0.16 19.480566 -5.15662 7.448451
1.53 11.889999 0.32 17.761692 -1.7188734 4.0107045
1.54 12.25 0.95 6.3025355 0.0 0.57295775
1.92 12.33 0.95 3.4377468 2.291831 -1.1459155
1.78 12.33 0.84 4.583662 8.594366 -5.7295775
1.73 12.3 0.77 3.4377468 12.605071 -8.594366
1.91 12.12 0.56 3.4377468 20.053522 -11.459155
2.1499999 11.91 0.7 6.3025355 23.49127 -17.188732
1.8399999 11.849999 0.37 12.605071 25.7831 -25.7831
1.65 11.75 -0.089999996 17.188732 25.7831 -29.793804
1.53 11.71 -0.19999999 19.480566 29.220846 -32.658592
1.6899999 11.71 -0.29999998 15.469859 31.51268 -32.085636
1.76 11.61 -0.42999998 13.178029 30.366762 -32.658592
1.61 11.37 -0.83 13.750987 32.085636 -33.80451
1.43 11.21 -1.0699999 13.750987 35.523384 -37.242256
1.1 11.29 -1.3399999 12.605071 34.950428 -38.38817
1.29 11.07 -1.4599999 4.583662 35.523384 -37.242256
1.27 10.46 -1.49 -1.1459155 32.085636 -34.377464
0.88 10.24 -1.39 -5.15662 32.658592 -33.80451
-0.07 9.61 -1.25 -2.8647888 45.83662 -13.750987
1.1 9.63 -1.79 0.0 52.712116 -4.583662
1.8299999 9.67 -1.66 -0.57295775 52.139156 -0.57295775
1.14 9.719999 -1.8 -8.594366 30.939718 -13.750987
0.82 9.36 -1.89 -5.15662 21.772396 -16.615776
0.71 9.48 -1.9499999 0.0 21.199438 -10.31324
1.81 9.429999 -1.9 1.1459155 21.199438 -5.7295775
1.88 9.76 -1.87 0.0 17.188732 -5.15662
1.63 9.83 -1.91 4.0107045 18.334648 -18.334648
1.5 9.75 -2.48 10.886198 16.615776 -27.501974
1.13 9.33 -2.9199998 9.167324 14.323945 -32.085636
0.48 8.69 -2.35 -0.57295775 13.178029 -35.523384
0.21 8.51 -2.45 0.0 14.323945 -32.658592
-0.26 7.73 -2.6399999 0.0 12.605071 -26.929016
0.04 7.47 -2.6799998 0.57295775 9.167324 -22.91831
-0.11 7.3599997 -2.9199998 0.57295775 4.583662 -20.053522
-0.39999998 6.96 -2.8 -1.7188734 7.448451 -20.62648
-0.29999998 6.7999997 -2.36 -4.583662 7.448451 -17.761692
-0.22999999 6.49 -2.22 -4.583662 -0.57295775 -17.188732
-0.59 6.18 -1.68 -6.3025355 -2.291831 -15.469859
-0.71 5.8199997 -0.87 -11.459155 -1.1459155 -14.323945
-0.94 5.7999997 -0.48999998 -13.750987 -1.7188734 -13.178029
-1.7099999 5.94 0.19999999 -14.896902 2.291831 -8.021409
-2.1299999 6.43 0.25 -7.448451 4.583662 2.8647888
-0.96 6.31 -0.82 1.7188734 9.167324 19.480566
-0.26999998 6.44 -1.06 -4.583662 14.323945 30.939718
-0.53999996 6.77 -0.53999996 -20.053522 21.199438 31.51268
-0.95 7.17 0.099999994 -29.220846 20.62648 29.220846
-0.48999998 7.6 0.71999997 -29.220846 16.615776 32.658592
-0.17999999 7.71 0.51 -22.91831 13.178029 36.09634
0.38 8.559999 0.75 -19.480566 20.053522 40.107044
0.84 9.13 1.06 -17.188732 28.07493 41.25296
1.25 9.44 0.9 -18.907606 29.220846 38.38817
1.3199999 9.45 0.29999998 -18.907606 30.939718 35.523384
1.65 9.309999 0.16 -22.345354 35.523384 28.07493
0.87 9.03 0.22999999 -30.366762 40.107044 21.772396
0.14999999 9.34 1.4699999 -40.680004 44.69071 21.199438
1.15 10.09 1.8 -42.971836 44.69071 30.366762
2.26 10.19 0.25 -26.929016 35.523384 40.107044
2.2 10.63 0.17 -11.459155 38.961132 39.53409
2.25 10.86 0.26999998 -12.032113 36.09634 37.242256
2.61 11.16 0.39 -16.615776 30.939718 33.80451
2.46 11.059999 0.01 -14.896902 34.950428 28.07493
2.3 11.259999 0.11 -14.896902 39.53409 21.199438
2.35 11.23 0.48999998 -19.480566 35.523384 17.761692
1.93 11.139999 0.13 -17.188732 40.680004 17.188732
1.5799999 10.86 -0.53 -13.750987 62.4524 24.064226
1.9599999 10.719999 -0.71999997 -20.053522 80.21409 38.961132
2.1299999 10.8 -0.47 -31.51268 80.21409 46.40958
2.12 10.69 0.14 -35.523384 76.203384 45.263664
2.53 11.059999 0.93 -33.80451 61.879436 36.09634
2.86 11.04 0.35 -12.605071 51.5662 29.793804
2.72 11.34 0.31 6.3025355 50.420284 25.210142
3.02 11.429999 0.31 9.167324 42.971836 16.042818
2.87 11.309999 -0.049999997 9.740283 34.950428 9.740283
2.44 11.42 -0.03 10.31324 36.09634 5.7295775
2.53 11.42 0.01 8.021409 34.950428 8.021409
2.78 11.259999 -0.48999998 9.740283 29.793804 8.594366
2.3 11.36 -0.5 14.323945 28.07493 4.583662
2.57 11.2 -1.05 27.501974 24.064226 4.0107045
2.72 11.13 -1.91 37.815212 17.188732 1.7188734
2.3999999 10.9 -2.3899999 38.38817 18.334648 0.0
2.3799999 10.67 -2.3899999 31.51268 14.323945 0.0
2.6799998 10.46 -2.55 29.220846 3.4377468 0.0
2.8999999 10.11 -3.11 30.939718 -0.57295775 0.57295775
2.75 9.849999 -3.27 28.07493 -9.740283 -4.0107045
2.58 9.48 -3.03 22.91831 -14.323945 -5.15662
2.27 9.429999 -2.76 14.896902 -21.772396 -5.15662
2.44 9.349999 -2.8899999 16.042818 -24.637184 -3.4377468
2.81 9.28 -2.86 18.907606 -32.658592 1.7188734
3.11 9.48 -2.76 19.480566 -42.971836 2.8647888
3.09 9.59 -2.9399998 23.49127 -47.555496 2.291831
2.8999999 9.4 -3.1399999 27.501974 -47.555496 2.291831
2.57 9.4 -3.21 22.91831 -46.98254 4.583662
2.85 9.4 -3.26 19.480566 -49.27437 6.8754935
4.0499997 9.4 -2.99 13.750987 -56.14986 9.740283
3.6299999 8.2699995 -3.28 20.62648 -60.160564 -3.4377468
3.33 8.95 -3.32 32.085636 -61.30648 -14.323945
2.58 8.679999 -3.21 45.83662 -71.61973 4.583662
2.53 9.04 -2.87 41.25296 -74.48451 14.896902
2.81 9.38 -2.6699998 34.950428 -79.641136 21.199438
4.11 9.67 -2.86 21.772396 -92.81916 29.220846
4.25 9.95 -2.56 12.032113 -94.53803 27.501974
4.54 10.12 -2.3799999 5.15662 -93.96508 22.91831
4.19 9.73 -1.01 -1.7188734 -92.81916 20.62648
3.9099998 9.41 -0.04 -15.469859 -92.24621 20.053522
3.86 10.12 0.7 8.594366 -88.80846 16.615776
4.14 9.5 -1.56 44.69071 -78.49522 20.053522
3.4199998 9.19 -2.12 35.523384 -75.630424 20.053522
3.05 9.48 -1.9699999 26.929016 -78.49522 22.91831
3.58 9.61 -1.78 14.323945 -82.50592 32.658592
3.82 9.37 -1.74 2.8647888 -84.79775 35.523384
3.4399998 9.58 -0.65 -11.459155 -83.07887 33.80451
3.31 9.71 -0.42999998 -18.907606 -80.78705 36.09634
3.3799999 9.86 -0.21 -17.761692 -68.18198 37.242256
3.6899998 9.639999 -0.57 -12.032113 -68.75493 33.80451
3.47 10.55 -0.34 -12.032113 -64.17127 32.658592
3.49 10.71 -0.34 -12.032113 -64.17127 32.658592
3.33 10.9 0.31 -18.334648 -63.02536 32.658592
3.27 11.21 0.84999996 -23.49127 -56.14986 27.501974
3.6599998 11.15 0.71 -20.053522 -47.555496 24.064226
3.47 10.99 0.5 -12.605071 -40.107044 17.188732
2.9099998 10.78 0.65 -8.021409 -32.658592 10.886198
3.11 11.2699995 0.13 1.1459155 -28.07493 9.740283
3.25 11.509999 -0.25 -1.1459155 -24.637184 8.594366
2.8799999 11.469999 0.22999999 -16.042818 -18.907606 4.583662
3.1299999 11.67 1.15 -29.220846 -14.323945 2.8647888
3.33 11.86 1.13 -29.793804 -12.032113 3.4377468
3.37 11.9 1.0 -24.064226 -2.8647888 -1.7188734
3.23 11.7699995 0.98999995 -20.053522 2.8647888 -10.31324
2.96 11.88 0.94 -15.469859 6.8754935 -15.469859
3.1399999 11.69 0.17 -9.740283 15.469859 -17.761692
2.82 11.66 0.0 -12.032113 25.210142 -24.637184
2.82 11.78 -0.099999994 -13.178029 26.356058 -25.210142
2.8799999 11.84 -1.4 -9.740283 29.793804 -27.501974
2.83 11.63 -2.1 -8.594366 32.658592 -29.793804
2.81 11.28 -0.48999998 -23.49127 36.09634 -33.80451
2.6599998 10.96 0.5 -40.107044 27.501974 -36.09634
2.81 10.96 0.65999997 -29.793804 29.220846 -36.669296
3.3 11.0199995 -0.22 -2.8647888 37.815212 -36.669296
3.36 10.969999 -1.5899999 20.62648 40.107044 -41.25296
2.74 10.92 -2.47 32.658592 44.69071 -49.27437
2.52 10.86 -2.4099998 26.356058 45.83662 -53.285076
2.44 10.429999 -2.03 9.167324 40.107044 -52.139156
2.34 10.38 -2.07 0.0 38.38817 -50.993244
2.37 10.16 -2.48 1.7188734 39.53409 -48.701412
2.05 9.76 -2.1499999 -2.8647888 37.242256 -48.701412
1.73 9.58 -1.9399999 -4.583662 33.80451 -46.98254
1.75 9.429999 -1.9599999 -2.291831 34.377464 -44.11775
1.6999999 9.26 -2.03 -1.1459155 33.80451 -41.25296
1.86 8.98 -2.59 0.57295775 30.939718 -38.961132
1.8199999 8.53 -3.1999998 0.0 31.51268 -38.961132
1.7099999 8.309999 -3.33 -2.8647888 33.231552 -38.961132
0.07 7.18 -3.31 -21.772396 38.38817 -33.231552
-0.089999996 7.21 -2.8799999 -28.07493 40.107044 -26.929016
0.45999998 7.33 -2.33 -26.356058 31.51268 -10.886198
1.17 7.8199997 -2.74 -10.31324 16.042818 -4.0107045
1.18 8.38 -3.1299999 9.740283 16.615776 -8.594366
1.01 8.59 -3.1399999 15.469859 15.469859 -16.042818
0.63 8.25 -3.11 6.3025355 12.032113 -20.053522
0.22 8.059999 -2.29 -4.583662 14.896902 -19.480566
0.26 8.23 -1.63 -7.448451 12.032113 -15.469859
0.48 8.29 -2.26 6.3025355 8.594366 -12.032113
0.08 8.42 -2.6599998 17.188732 10.886198 -12.605071
-0.089999996 8.69 -2.55 14.896902 9.167324 -10.31324
0.01 8.88 -2.58 9.167324 5.7295775 -5.7295775
0.16 9.0 -2.6599998 4.0107045 4.583662 -2.291831
0.07 9.11 -2.45 -1.7188734 2.291831 -2.291831
0.03 9.25 -1.77 -6.8754935 1.1459155 -1.1459155
0.099999994 9.32 -1.76 -4.583662 0.57295775 0.0
0.0 9.54 -1.9399999 1.1459155 2.291831 0.0
-0.04 9.66 -2.45 5.7295775 2.8647888 -1.1459155
-0.24 9.73 -2.4199998 4.0107045 2.291831 -1.1459155
-0.03 9.809999 -2.03 -4.0107045 0.0 2.291831
0.049999997 9.86 -1.5999999 -7.448451 -1.7188734 4.583662
0.07 9.98 -1.23 -5.7295775 -0.57295775 4.583662
-0.049999997 10.13 -1.15 0.57295775 -1.7188734 2.8647888
0.06 10.2 -1.4599999 9.167324 0.57295775 0.57295775
0.02 9.929999 -2.44 14.896902 2.291831 0.0
0.08 10.01 -2.35 10.886198 1.7188734 0.0
0.28 9.9 -2.1499999 2.291831 0.0 1.1459155
0.01 9.96 -1.9599999 -4.0107045 -2.8647888 0.57295775
-0.14999999 10.0199995 -1.4499999 -7.448451 -0.57295775 0.0
0.42999998 10.04 -1.41 -5.7295775 -2.8647888 2.8647888
0.45999998 9.95 -1.62 -3.4377468 -3.4377468 2.8647888
-0.06 9.99 -1.77 1.1459155 -1.1459155 0.0
0.03 10.05 -1.7199999 2.8647888 -1.7188734 -1.1459155
0.25 9.87 -2.1399999 1.7188734 -2.8647888 -1.1459155
-0.12 9.92 -1.9399999 -2.8647888 0.57295775 -1.1459155
0.0 10.0 -1.66 -6.3025355 0.0 0.57295775
0.42999998 9.969999 -1.43 -6.8754935 -4.0107045 2.291831
0.03 9.929999 -1.38 -2.8647888 -1.7188734 1.1459155
-0.06 10.09 -1.54 2.8647888 -0.57295775 -0.57295775
0.16 10.139999 -1.79 2.291831 0.0 1.7188734
0.35999998 9.91 -2.22 1.7188734 -1.1459155 1.7188734
0.29 9.87 -2.1699998 -1.7188734 -1.1459155 1.1459155
0.049999997 9.76 -1.67 -8.021409 -3.4377468 0.0
-0.01 9.65 -0.61 -6.8754935 -4.583662 0.57295775
0.02 9.75 -0.71999997 2.8647888 -4.583662 3.4377468
0.099999994 10.17 -2.1 14.323945 -1.1459155 5.15662
0.31 10.13 -2.26 9.740283 -0.57295775 6.8754935
0.37 10.07 -2.1599998 4.583662 -2.8647888 5.7295775
-0.01 10.03 -1.9699999 -2.8647888 -5.15662 1.1459155
0.01 9.9 -1.8 -5.15662 -4.0107045 2.291831
0.29 9.83 -1.55 -9.167324 -7.448451 5.15662
0.29999998 9.69 -1.39 -6.8754935 -5.7295775 5.15662
0.17 10.01 -1.31 0.57295775 -4.0107045 4.583662
0.51 10.12 -1.93 5.15662 -2.8647888 5.15662
0.35 10.13 -2.05 2.8647888 -1.7188734 1.7188734
0.13 10.139999 -1.77 0.0 -1.7188734 0.0
0.55 10.219999 -1.28 -5.15662 -3.4377468 2.291831
0.42999998 10.2 -1.3299999 -4.0107045 -2.291831 0.57295775
0.25 10.13 -1.37 -2.291831 0.0 -0.57295775
0.29999998 10.0199995 -1.56 1.1459155 -1.1459155 -0.57295775
0.099999994 10.03 -1.78 4.0107045 -1.1459155 -1.1459155
0.16 10.05 -1.76 2.8647888 0.0 0.0
0.38 10.09 -1.7099999 0.57295775 -0.57295775 1.1459155
0.32999998 10.0199995 -1.75 -0.57295775 -1.1459155 0.0
0.06 10.05 -1.67 -0.57295775 -1.1459155 0.0
