1.4652961 9.584282 0.17478207 10.954125 -5.10832 4.1461353
1.4748733 9.581888 0.2083019 4.549125 -3.7783198 6.596135
1.4365649 9.565128 0.11253092 1.784125 -6.75332 7.331135
1.2641771 9.543579 0.2849187 2.239125 -8.36332 5.721135
1.3623424 9.500483 0.4166038 2.9741251 -8.99332 3.9711347
1.5012103 9.567522 0.2681588 3.3591251 -9.168321 3.796135
1.6759924 9.761458 -0.11971374 5.4241247 -9.20332 5.441135
1.8268317 10.134965 -0.17957062 9.8341255 -9.728319 6.631135
2.1069617 10.9490185 0.0047885496 11.549126 -9.76332 6.946135
2.2841382 12.076722 0.4860378 7.559126 -7.5583196 7.681135
1.4844503 13.917919 0.22266756 0.664125 -6.0883203 9.221134
1.2929084 16.403177 0.505192 -6.335875 -7.06832 10.166135
1.2569942 21.091167 4.2642035 -11.235874 -7.90832 13.561135
3.9768906 24.656242 6.402291 -25.935875 -1.6783199 17.341135
7.745479 25.127914 3.0886145 -38.395878 -1.60832 16.221136
10.35045 23.918806 -0.7829279 -11.515876 -3.49832 14.891136
9.711179 20.827797 -1.9728824 49.384125 -22.71332 9.326135
6.797346 17.396801 -1.759792 83.78912 -51.69332 -22.103865
4.0918155 13.216397 0.16520496 63.594128 -58.20332 -70.40387
3.6177492 10.735929 1.2761484 16.589125 -35.24332 -117.93386
3.8116856 7.965752 2.030345 -34.965878 -13.543321 -143.41386
3.4980354 5.3895125 1.4772675 -69.86088 -7.31332 -145.19887
3.1245286 3.5962007 1.0510867 -88.060875 3.18668 -123.25387
2.439766 1.9704882 1.7143008 -91.17587 14.876681 -117.79387
1.3791022 0.8044763 2.8731298 -110.46088 32.90168 -119.22886
0.25858167 0.18675344 2.7294734 -102.69088 41.58168 -116.98888
-1.0223553 -0.31125572 2.3368123 -81.270874 49.211685 -109.91887
-2.0447106 -0.7709565 2.116539 -55.895878 45.256683 -105.71887
-2.7318676 -1.2617828 1.9920366 -32.305874 30.24168 -112.26387
-3.8906965 -1.5538844 1.6257126 -12.705874 21.736681 -116.60387
-5.1859994 -2.0686533 0.9337672 -0.070875 26.916681 -112.99887
-6.60341 -2.3296294 0.74701375 1.0841249 33.04168 -98.89387
-7.637737 -2.6169424 1.0079896 -7.5258756 38.95668 -74.77886
-8.181237 -2.6983478 1.8914771 -22.225876 50.54168 -43.103867
-8.317711 -2.5283542 2.3870919 -29.645876 62.616676 -6.0038652
-6.7805862 -2.2314641 2.2673783 -22.785875 71.506676 32.986137
-4.477294 -1.036721 1.359948 -5.775875 78.05168 70.05113
-2.8252442 -0.3902668 0.67757976 11.409125 78.506676 94.02614
-1.4317763 0.22506183 0.0023942748 17.744125 75.49668 102.006134
-1.3982565 1.9058428 -0.34477556 12.424126 78.47168 108.23614
-1.0965779 2.8874955 0.7829279 -3.010875 86.59168 118.94613
-0.29689008 3.6919718 2.1548474 -20.265875 91.31668 130.04114
1.9154198 5.482889 2.0902019 -20.580875 88.48168 141.62613
4.8747435 7.4007034 0.12210801 3.7441254 79.87168 157.90114
6.0263896 7.573091 -1.2761484 31.884125 71.82168 167.49113
3.241848 8.803748 1.3838909 33.879128 68.88168 152.51114
3.5171897 10.582695 0.9433443 21.559126 75.14668 126.89114
7.735902 11.317737 -2.82285 33.389126 74.51668 139.91113
8.616995 10.858036 -3.8883023 48.649124 69.406685 170.01114
4.2809634 11.329708 0.8140534 29.259123 63.596676 153.98114
2.865947 13.63779 2.1572416 -2.625875 55.47668 105.54114
8.253065 13.474978 -3.407053 6.089125 55.30168 111.24613
10.163696 13.5922985 -4.6927786 38.009125 55.126682 158.56613
5.4852834 15.067171 0.17957062 29.679125 50.89168 150.51614
5.05192 18.297049 -0.08858817 -1.9258752 40.63668 94.83114
10.371999 17.947483 -5.2913475 9.694125 46.20168 92.80114
12.881199 17.585949 -9.466963 46.584126 54.741676 129.23615
7.127756 17.26751 -5.130931 42.139126 61.811684 114.18614
6.0000525 16.996958 -4.3623686 -0.420875 50.43668 46.146133
9.320911 15.091114 -8.638543 -17.010874 35.036682 9.746136
8.633755 12.323333 -10.307353 2.344125 -10.113319 -0.613865
5.6672482 10.625792 -7.7766047 -47.600876 -5.56332 -26.933867
4.4988422 9.198804 -4.4988422 -92.155876 -7.2783194 -33.688866
5.2650104 8.7822 -2.9234095 -94.22088 -26.63332 -23.678865
6.1077952 8.597841 -3.380716 -65.38088 -52.00832 -18.953863
6.203566 8.267431 -4.070267 -35.805878 -69.61332 -23.398865
5.384724 8.655303 -3.4980354 -21.560875 -82.31832 -33.82887
5.0231886 8.820508 -3.1508656 -13.370875 -94.11332 -43.52387
5.4062724 8.992896 -3.7781656 -2.5558748 -106.11832 -44.118866
5.454158 8.882759 -4.790944 5.319125 -118.78833 -43.383865
5.3033185 8.703189 -3.9529476 -4.515875 -128.97331 -46.008865
5.2314906 8.600235 -1.6951466 -27.230875 -136.74332 -47.128864
6.0239954 8.231517 -1.0055954 -39.305878 -144.05832 -43.138863
6.0934296 7.8268843 -0.7015225 -36.155876 -152.80832 -40.478867
5.322473 7.814913 0.6392714 -34.895874 -158.89832 -44.013866
4.640105 8.130958 2.2937152 -37.485874 -159.00334 -46.393864
4.6472874 8.38475 2.4637089 -29.225874 -159.66832 -40.653866
4.087027 8.827691 2.2721667 -7.7008753 -166.07333 -33.793865
4.292935 9.545974 1.6855695 11.969125 -169.81833 -28.368864
5.2578273 9.914692 1.6807809 21.104126 -168.20833 -18.393866
5.3009243 9.77343 2.0279508 20.999125 -164.14833 -9.678865
4.041536 9.8237095 2.4206119 20.019125 -159.21332 -9.783865
3.6704233 9.984126 1.5969813 22.434126 -154.17332 -11.813865
4.948966 10.072714 1.1444633 22.084126 -149.51833 -5.338865
5.384724 9.8237095 3.1939626 5.1441255 -142.79831 6.806135
4.249838 9.447808 4.62095 -20.545876 -132.92833 7.9611344
3.7326744 9.071907 5.260222 -32.725876 -118.89332 1.521135
3.902668 9.201198 6.3831367 -32.095875 -105.383316 5.2311354
3.476487 9.895537 7.515629 -27.755875 -93.55332 12.826136
3.4118416 10.501289 6.859597 -15.470876 -80.39332 15.276136
3.5650752 11.358439 5.3009243 6.579125 -64.468315 16.781134
3.615355 11.959403 5.0423427 20.754126 -48.43832 18.111134
3.6871831 12.304178 5.2937417 15.154125 -32.128323 17.131136
3.189174 12.419104 5.2051535 2.484125 -18.478321 13.001135
2.710319 12.301784 5.1237483 -8.190875 -5.45832 6.701135
2.770176 12.1054535 5.401484 -17.465876 9.90668 1.801135
3.11974 12.0025 5.523592 -26.705875 24.95668 -0.018864999
3.3400133 11.909122 4.8220696 -27.825874 39.411682 -2.083865
3.2298768 11.8349 3.6081722 -9.870875 55.89668 -12.548865
2.8611584 11.418297 2.667222 -10.395875 66.921684 -15.208864
2.6097596 10.94423 2.5929997 -18.550877 76.72168 -11.358866
2.918621 10.989721 2.640885 -21.525873 77.73668 -5.093865
3.849994 10.822123 1.3288225 -13.475875 68.95168 3.0261352
5.482889 10.652128 0.21309046 -3.255875 66.501686 6.036135
5.1261425 10.130177 -0.17478207 -4.725875 80.15168 -7.648865
2.9401696 9.380769 -0.17238778 -5.390875 93.731674 -29.348866
2.1476645 8.897125 -0.7134939 1.2241249 95.62169 -41.84387
1.6783867 8.710372 -1.3407938 9.589125 92.75168 -39.463867
2.6863763 8.514041 -2.5499027 14.944124 89.14668 -30.818865
2.9066496 8.219545 -3.2346652 16.589125 78.926674 -25.253864
1.5083932 7.944204 -2.5618742 9.764125 74.90169 -33.478867
0.3974496 7.745479 -2.473286 1.819125 79.76668 -40.793865
1.1803775 7.6113997 -3.3855045 6.089125 73.08169 -35.263866
1.0678465 7.5252056 -4.1971636 13.124125 58.731678 -24.483866
0.24182175 7.4605603 -3.3783216 7.1391253 52.571682 -20.633865
0.05027977 7.5323887 -2.3846977 -5.250875 46.271683 -17.063866
1.0127783 7.7502675 -2.954535 -4.375875 32.061684 -10.378865
2.1093562 7.946598 -3.1245286 4.9341254 17.606678 -3.973865
1.3431882 8.25546 -2.1380875 2.519125 15.261681 -8.208865
0.5363176 8.454185 -1.158829 -5.040875 15.541678 -16.013865
0.81644773 8.58587 -1.5706443 -2.2758749 12.46168 -16.048864
1.3216397 8.712766 -2.2314641 8.889125 8.68168 -9.503865
1.3024855 8.89952 -1.489239 13.194126 4.9366803 -5.723865
0.80208206 9.091062 -0.57223165 4.2341247 7.3866806 -6.493865
0.6608198 9.067119 -0.6368771 0.45412502 9.66168 -8.453865
0.6153286 9.074302 -1.3360053 7.804125 5.7066803 -8.313865
0.6488485 9.227535 -0.82123625 13.334125 2.06668 -5.933865
0.37111259 9.316123 -0.3615355 8.609125 2.4516802 -3.798865
0.32801566 9.498088 -0.51955765 6.9291253 1.54168 -3.553865
0.19154198 9.6585045 -1.4078336 12.704124 -2.62332 -3.833865
0.49800915 9.6896305 -1.1109436 16.729124 -3.7783198 -3.0288649
0.58420306 9.703996 -0.25379312 8.294125 -1.74832 -0.26386502
0.4189981 9.718362 0.0071828244 -2.870875 0.14168 1.101135
0.6488485 9.771035 -0.3232271 -3.220875 -0.90832007 0.226135
0.7015225 9.766247 -0.29689008 2.309125 -4.09332 0.36613497
0.15802214 9.811738 0.17717634 -0.315875 -1.85332 -1.6988649
0.409421 9.869201 0.028731298 0.55912507 -0.52332 -1.0688651
0.8739103 9.828498 -0.35674694 3.5691252 -2.20332 2.361135
0.8332076 9.869201 -0.45491222 3.2541249 -2.8683202 2.501135
0.6847626 9.8237095 -0.15562786 -0.59587497 -2.6933198 0.541135
0.679974 9.833286 -0.045491222 -4.060875 -0.31332 -0.893865
0.8044763 9.90272 -0.3328042 -3.5708752 0.28168002 -0.508865
0.32801566 9.924269 -0.11253092 -3.185875 -1.46832 -2.503865
0.2370332 9.797373 0.05985687 -4.095875 -0.66332 -4.638865
0.6703969 9.79019 -0.22027329 -1.9258752 0.17668 -2.8888652
0.7302538 9.909904 -0.4644893 0.83912504 1.4716799 -1.138865
0.6656084 9.830893 -0.39505535 0.279125 1.71668 -2.6788652
0.32083282 9.708784 -0.21787901 -1.5408751 0.42168 -4.498865
0.2561874 9.660899 -0.28013015 -2.135875 1.36668 -4.428865
0.55786604 9.701602 -0.38308397 -1.680875 1.6466801 -1.873865
0.50998056 9.73991 -0.22027329 -1.9608749 0.10668 -0.33386502
0.5650489 9.711179 -0.14844504 -1.8908751 -1.88832 -1.453865
0.6656084 9.73991 -0.16759923 -0.91087496 -3.6383202 -1.558865
0.34477556 9.871595 -0.14365649 0.314125 -4.79332 -2.7138648
0.30646718 9.8548355 -0.3902668 1.364125 -4.02332 -3.5888653
0.39505535 9.816526 -0.3304099 2.0641253 -3.1133199 -2.153865
0.28252444 9.802161 -0.30167863 0.52412504 -1.57332 -0.823865
0.5770202 9.768641 -0.29689008 -1.0158751 0.80667996 0.261135
0.57462597 9.850046 -0.28252444 -1.260875 1.22668 1.4511349
0.38547826 9.818921 -0.24421602 0.10412501 -0.83831996 -0.893865
0.16041641 9.785401 -0.44054657 1.714125 -1.43332 -3.7638655
0.34956414 9.720756 -0.5698374 2.2041252 -1.2933201 -3.658865
0.38547826 9.703996 0.07901107 -1.575875 0.35167998 0.296135
0.38308397 9.598648 0.18196489 -6.4408746 1.33168 2.501135
0.52674043 9.663293 -0.29689008 -4.200875 0.73668 1.836135
0.55786604 9.692024 -0.7685622 1.399125 -0.9433201 2.186135
0.723071 9.641745 -0.3423813 0.699125 -0.66332 3.4811351
0.4932206 9.624985 0.12450229 -8.330874 2.7666802 5.336135
0.41420954 9.814133 0.31604427 -14.105876 5.56668 4.706135
0.5123748 9.909904 -0.028731298 -11.235874 5.11168 2.466135
0.5506832 9.948212 -0.18914771 -3.5358748 1.05168 0.78613496
0.44772938 9.8787775 -0.083799616 -0.210875 0.21168001 -0.578865
0.43096948 9.873989 0.016759925 -1.715875 1.33168 -0.92886496
0.55307746 9.897932 0.0071828244 -1.050875 0.87668 -0.613865
0.57462597 9.881172 0.08140534 -0.38587502 0.94668 -1.173865
0.54350036 9.833286 0.08140534 0.594125 1.2966801 -1.383865
0.47885495 9.847652 0.009577099 1.3291249 1.01668 -0.998865
0.67279124 9.847652 -0.25379312 1.1891251 1.85668 0.15613501
0.6249057 9.797373 -0.31843856 0.83912504 1.71668 -0.193865
0.31604427 9.720756 0.019154198 -1.575875 1.6466801 -2.538865
0.19154198 9.6896305 0.2083019 -2.660875 1.61168 -3.2038653
0.4668836 9.727939 -0.11013664 0.38412502 0.73668 -1.0688651
0.749408 9.718362 -0.4070267 3.394125 0.03668 0.78613496
