-0.56 11.88 0.59 -0.57295775 5.7295775 1.1459155
0.61 12.79 3.1699998 -16.615776 -20.62648 10.886198
1.86 13.9 1.63 9.167324 -37.242256 17.188732
1.7199999 15.259999 3.1 38.961132 1.1459155 0.0
1.39 15.91 3.1599998 46.40958 8.021409 -9.167324
1.52 17.06 1.15 53.858032 10.31324 -17.188732
2.51 17.4 0.42999998 25.7831 9.167324 -25.210142
2.8 16.82 2.3999999 -24.064226 18.907606 -39.53409
2.76 15.16 4.36 -41.25296 30.366762 -57.29578
2.74 14.4 4.0899997 -41.25296 30.366762 -57.29578
2.46 14.09 3.9599998 -9.740283 37.815212 -68.75493
3.1599998 13.09 1.8299999 20.053522 34.377464 -74.48451
2.6399999 11.49 -0.98999995 29.793804 34.950428 -81.36001
2.62 10.82 -1.14 24.637184 41.825916 -86.516624
2.47 9.429999 -1.6999999 7.448451 49.27437 -88.80846
1.91 7.71 -2.25 -2.291831 49.27437 -90.52733
0.41 6.17 -2.4299998 -12.032113 54.43099 -89.38142
-0.01 5.39 -2.1599998 -18.907606 55.576904 -85.37071
-0.45 4.17 -3.1599998 -13.750987 41.825916 -77.349304
-0.77 3.1399999 -3.52 -10.31324 46.98254 -68.75493
-2.1 2.52 -3.6599998 -9.740283 54.43099 -63.598316
-2.6299999 2.22 -3.1599998 -16.042818 46.98254 -49.84733
-2.74 2.05 -2.53 -16.615776 37.815212 -36.09634
-3.1699998 2.73 -2.1 -17.188732 31.51268 -25.210142
-3.34 2.87 -2.52 -19.480566 28.07493 -8.594366
-2.69 3.54 -0.39 -41.825916 32.658592 6.3025355
-2.0 4.0099998 0.76 -55.00395 28.64789 15.469859
-2.25 4.0 0.83 -49.27437 34.950428 22.345354
-3.23 4.5499997 2.01 -46.40958 46.98254 27.501974
-2.99 6.0899997 3.6599998 -45.83662 37.815212 34.950428
-0.91999996 6.93 3.12 -30.366762 21.199438 46.98254
-0.26 6.68 1.17 -22.345354 19.480566 48.701412
-1.1 6.6099997 1.36 -48.701412 47.555496 36.09634
-1.53 6.71 3.1499999 -69.32789 56.14986 33.80451
-1.24 6.47 4.1 -92.81916 56.14986 44.69071
0.06 6.18 2.83 -85.37071 53.858032 48.701412
0.72999996 6.3999996 2.37 -63.598316 59.58761 56.14986
0.17999999 7.64 3.54 -61.879436 64.74423 48.128452
0.39 7.39 3.3899999 -65.317184 58.441692 59.014652
-0.049999997 7.68 4.11 -53.858032 63.598316 68.75493
0.26999998 8.5 4.58 -36.09634 66.463104 80.21409
3.34 10.29 2.06 -11.459155 41.825916 96.256905
3.1699998 10.28 2.28 -20.62648 49.27437 94.53803
2.76 9.69 3.1499999 -47.555496 77.349304 80.21409
2.6399999 9.55 3.6399999 -59.58761 80.21409 69.32789
-0.22 11.53 4.5699997 -35.523384 67.03606 81.36001
2.3899999 11.82 2.26 20.053522 48.701412 115.16451
4.5899997 13.139999 0.12 29.220846 50.420284 116.31043
4.83 13.45 -1.02 24.064226 55.00395 105.997185
3.62 12.71 -0.55 -6.8754935 46.40958 87.662544
0.78999996 12.639999 2.31 -34.950428 64.17127 69.32789
1.1999999 13.62 4.31 -23.49127 65.317184 76.77634
6.44 14.15 1.02 21.772396 32.658592 92.24621
5.58 14.309999 -4.19 50.420284 24.637184 65.890144
3.57 15.33 1.9 -18.907606 41.25296 38.38817
5.37 13.58 2.0 -19.480566 20.62648 28.64789
5.29 12.309999 0.45 -6.8754935 33.80451 24.637184
3.56 11.849999 -0.19 0.57295775 65.317184 12.605071
3.56 12.509999 0.69 7.448451 57.29578 3.4377468
4.11 11.99 -2.19 51.5662 31.51268 -10.31324
3.4399998 10.5 -5.7999997 75.630424 6.8754935 -23.49127
2.6699998 9.4 -6.74 75.630424 6.8754935 -23.49127
1.87 9.469999 -4.29 25.210142 29.220846 -29.220846
2.6 9.75 -3.61 27.501974 26.356058 -28.64789
3.4499998 9.09 -6.0099998 60.733524 -12.605071 -21.772396
3.56 7.98 -7.23 80.78705 -36.09634 -12.032113
3.36 8.8 -6.0 59.58761 -37.242256 -9.167324
5.12 8.78 -5.0 32.085636 -24.064226 -5.7295775
4.7599998 9.309999 -4.88 20.053522 -16.615776 -26.356058
2.24 10.5199995 -4.31 30.366762 -30.366762 -54.43099
2.8 9.96 -4.36 35.523384 -57.29578 -28.07493
4.6 9.599999 -3.72 17.188732 -88.2355 13.178029
6.29 10.24 -2.77 4.0107045 -101.41353 17.188732
5.79 10.389999 -1.81 3.4377468 -115.16451 14.323945
6.02 11.11 -1.63 18.334648 -127.76959 9.740283
6.43 10.99 -3.4099998 33.231552 -143.81241 7.448451
6.19 9.96 -2.48 1.7188734 -153.55267 5.7295775
6.73 10.63 1.17 -38.961132 -148.96902 9.740283
7.6299996 12.259999 1.68 -27.501974 -160.42818 18.334648
8.09 11.15 0.04 -12.605071 -175.89804 16.042818
6.2799997 10.12 2.01 -18.907606 -185.63832 2.291831
5.48 9.889999 5.45 -47.555496 -142.66649 -13.178029
5.64 10.63 3.75 -4.583662 -150.6879 2.291831
6.02 10.11 2.4199998 22.345354 -162.14705 7.448451
6.39 9.9 2.71 33.231552 -162.72002 10.31324
5.81 9.7699995 3.35 12.605071 -130.06142 -5.15662
4.2599998 10.19 5.31 8.021409 -114.59156 -6.3025355
4.5099998 10.139999 4.36 29.220846 -126.05072 2.291831
3.3 8.92 4.98 0.0 -115.73747 0.0
3.3 8.92 4.98 0.0 -115.73747 0.0
3.33 9.679999 8.5 -24.637184 -87.089584 4.0107045
2.9399998 10.74 6.91 10.31324 -99.1217 11.459155
2.57 11.389999 4.18 -8.594366 -90.52733 1.1459155
1.54 11.34 9.11 -103.70536 -12.032113 -10.886198
1.55 11.349999 10.63 -104.85127 0.0 -10.886198
1.27 11.139999 10.67 -60.160564 5.7295775 -13.178029
0.9 11.24 9.099999 -28.07493 11.459155 -14.323945
1.13 12.429999 4.64 42.971836 20.62648 -14.323945
1.92 12.58 2.95 38.38817 29.793804 -12.605071
1.79 12.82 2.6399999 25.210142 36.669296 -16.615776
1.8 12.34 4.0499997 -7.448451 45.83662 -24.064226
1.5999999 12.92 5.2 -18.334648 46.40958 -29.220846
2.62 12.74 3.34 -1.7188734 50.420284 -28.07493
3.29 11.91 0.38 -5.15662 77.349304 -40.107044
3.52 11.5199995 0.84 -20.62648 90.52733 -44.11775
2.8899999 11.67 2.49 -36.09634 117.456345 -49.27437
2.8899999 11.67 2.49 -36.09634 117.456345 -49.27437
1.25 10.219999 2.59 -28.64789 85.37071 -68.75493
1.43 10.2 3.23 -28.64789 81.36001 -51.5662
2.23 10.28 2.11 4.583662 84.79775 -37.242256
2.85 10.3 -0.82 33.231552 90.52733 -32.658592
2.26 9.94 -1.12 25.210142 81.93296 -41.825916
1.79 9.3 -1.5699999 16.615776 74.48451 -51.5662
1.4 8.99 -1.51 13.750987 68.18198 -51.5662
0.79999995 8.51 -0.9 3.4377468 68.75493 -47.555496
0.95 8.05 -0.95 -0.57295775 66.463104 -35.523384
0.66999996 7.73 -1.6899999 10.31324 57.868736 -22.345354
1.25 7.8799996 -2.0 13.178029 44.69071 -16.615776
1.3299999 7.75 -2.3 12.605071 33.80451 -17.188732
0.85999995 7.49 -3.36 9.167324 33.231552 -21.772396
0.66999996 7.27 -3.34 -6.3025355 25.210142 -24.064226
0.35 7.06 -3.1699998 -24.637184 23.49127 -22.345354
-0.12 6.5 -1.61 -23.49127 23.49127 -15.469859
-0.57 6.58 -1.4599999 -2.8647888 24.637184 -13.178029
-0.71 7.2 -1.55 21.199438 24.637184 -8.594366
-0.16 7.98 -3.1999998 26.356058 19.480566 -6.3025355
-0.57 7.9199996 -3.6799998 19.480566 13.750987 -4.0107045
-1.31 8.58 -1.36 4.0107045 14.896902 -5.7295775
-0.75 8.87 -1.88 5.7295775 8.021409 2.291831
-0.34 9.29 -3.0 15.469859 0.57295775 8.021409
-0.65999997 9.36 -2.33 1.1459155 3.4377468 3.4377468
-0.66999996 9.69 -0.72999996 -8.594366 4.0107045 0.57295775
-0.84999996 9.98 -0.78999996 -4.0107045 1.1459155 1.1459155
-0.88 9.54 -1.04 -0.57295775 -2.291831 1.7188734
-1.06 9.74 -0.02 -0.57295775 -6.8754935 3.4377468
-0.91999996 10.2 -0.65 2.291831 -7.448451 5.15662
-0.82 10.2699995 -1.42 10.31324 -6.8754935 6.3025355
-0.93 10.26 -0.38 -11.459155 2.8647888 3.4377468
-0.68 10.03 0.32999998 -13.750987 -2.8647888 1.7188734
-0.79999995 9.7699995 0.26999998 -1.1459155 -7.448451 0.57295775
-1.13 9.63 -0.089999996 10.31324 -5.7295775 4.583662
-0.57 10.29 -0.45999998 13.750987 -5.15662 9.167324
-0.39 10.45 -1.03 13.750987 -5.7295775 7.448451
-0.93 10.3 -0.72999996 -6.3025355 1.7188734 0.0
-1.09 10.24 -0.26999998 -6.3025355 1.7188734 0.0
-0.91999996 10.17 0.39 -12.032113 -1.1459155 0.57295775
-0.69 10.139999 -0.37 0.57295775 -1.7188734 5.15662
-0.75 10.309999 -0.57 3.4377468 0.0 3.4377468
-0.61 10.219999 -0.78 1.1459155 -1.1459155 1.1459155
-0.59 10.08 -0.45 -4.0107045 0.0 2.291831
-1.05 10.05 -0.38 -1.1459155 -0.57295775 1.7188734
-0.52 10.19 -0.56 2.8647888 -4.0107045 4.0107045
-0.39999998 10.219999 -0.26999998 -2.291831 -2.291831 4.0107045
-0.81 10.04 0.089999996 -5.7295775 0.0 0.0
-0.97999996 10.03 0.0 -2.8647888 0.57295775 -1.1459155
-0.7 10.01 -0.22999999 1.7188734 -1.7188734 1.1459155
-0.68 9.95 -0.37 4.0107045 -1.1459155 1.7188734
-0.32 10.16 0.02 4.0107045 0.57295775 0.57295775
0.26999998 10.23 -0.26 5.7295775 1.1459155 -9.167324
-0.79999995 9.75 -0.17999999 4.583662 2.8647888 -17.188732
-1.9499999 9.559999 -0.45 1.1459155 -1.1459155 -27.501974
-2.02 9.36 -0.71 0.0 -5.15662 -24.637184
-2.02 9.36 -0.71 0.0 -5.15662 -24.637184
-1.11 9.48 0.31 -18.334648 0.0 -1.7188734
-0.93 9.92 0.29 -11.459155 4.0107045 3.4377468
-0.93 9.92 0.29 -11.459155 4.0107045 3.4377468
-0.85999995 10.13 -1.04 6.3025355 -5.15662 2.8647888
-0.97999996 10.13 0.19 -6.3025355 -0.57295775 2.8647888
-0.97999996 10.13 0.19 -6.3025355 -0.57295775 2.8647888
-0.84999996 10.2 0.06 -5.15662 1.7188734 4.583662
-0.76 10.3 -0.39999998 1.1459155 -1.1459155 5.15662
-0.76 10.3 -0.39999998 1.1459155 -1.1459155 5.15662
-0.84999996 10.25 0.34 -1.7188734 4.0107045 4.0107045
-0.65999997 10.34 -0.95 8.594366 1.1459155 3.4377468
-0.57 10.2 -0.9 0.0 0.57295775 2.8647888
-0.78 10.08 0.0 -5.7295775 1.1459155 0.0
-0.79999995 10.01 -0.08 -2.291831 0.0 -0.57295775
-0.79999995 10.01 -0.08 -2.291831 0.0 -0.57295775
-0.74 10.05 -0.19999999 0.0 1.1459155 0.57295775
-0.97999996 10.01 -0.39 0.57295775 1.7188734 0.0
-0.87 10.05 -0.42 1.1459155 0.57295775 0.0
-0.53 10.08 -0.48 0.0 -0.57295775 2.291831
-0.74 10.099999 -0.55 -1.7188734 -1.1459155 0.57295775
-0.74 10.099999 -0.55 -1.7188734 -1.1459155 0.57295775
-0.98999995 9.95 0.25 -6.3025355 -0.57295775 -1.7188734
-1.09 9.87 0.14999999 -1.1459155 0.0 -2.291831
-0.98999995 9.87 -0.22999999 5.7295775 -1.1459155 0.57295775
-0.72999996 10.08 -0.58 6.3025355 -4.583662 1.7188734
-0.58 10.01 -0.14999999 -6.3025355 0.0 0.0
-1.0 9.79 0.39999998 -9.167324 -1.1459155 -2.8647888
-0.96 9.65 0.7 -1.7188734 -1.7188734 -0.57295775
-0.91999996 9.73 0.47 4.0107045 -1.7188734 0.57295775
-0.69 10.07 -0.53999996 16.615776 -2.291831 2.8647888
-0.52 10.25 -1.16 17.761692 -0.57295775 3.4377468
-0.71999997 10.2699995 -0.97999996 11.459155 0.57295775 0.57295775
-1.0799999 10.01 0.03 -8.594366 1.1459155 -4.583662
-1.14 9.79 0.35999998 -9.740283 -2.291831 -4.583662
-1.05 9.66 0.32999998 -4.583662 -1.7188734 -1.7188734
-1.05 9.66 0.32999998 -4.583662 -1.7188734 -1.7188734
-0.56 10.17 -0.37 4.0107045 2.291831 4.0107045
-0.72999996 10.17 -0.26 0.0 5.7295775 2.8647888
-1.04 10.07 -0.25 -0.57295775 0.57295775 0.0
-0.84999996 9.94 -0.42 0.0 -4.0107045 0.0
-0.88 10.0 -0.17999999 0.0 -2.8647888 0.57295775
-0.84999996 10.13 0.17 -4.583662 2.291831 2.291831
-0.7 10.17 0.14 -4.0107045 3.4377468 2.291831
-0.84 9.96 -0.35999998 0.57295775 2.291831 -0.57295775
-0.97999996 9.9 -0.72999996 1.7188734 0.57295775 -1.1459155
-0.65999997 9.99 -0.17999999 0.0 -1.1459155 0.57295775
-0.65999997 9.99 -0.17999999 -4.0107045 -0.57295775 2.8647888
-0.63 10.17 0.45 -1.7188734 0.57295775 2.291831
