2.5403256 10.204399 1.9202085 4.83707 5.5307 -2.614045
2.597788 9.933846 1.9728824 1.19707 2.5207 -4.5740447
2.310475 9.742304 2.0423164 -0.30793 -1.0493 -7.514045
2.1811843 9.60583 1.9848539 0.07707 0.28070003 -8.459045
2.221887 9.4932995 1.8196489 -0.02793 2.6257 -6.149045
2.176396 9.366403 1.8771114 -0.79793 1.3657 -4.9590454
2.020768 9.268238 2.013585 -2.47793 -0.8743 -6.044045
1.9058428 9.344854 2.2410412 -3.07293 -0.8043 -4.714045
2.1596358 9.569917 2.3918805 -0.20293 -1.3293 -0.584045
2.2434354 9.93624 2.281744 5.9570704 -3.4993 2.1109552
2.3870919 10.489318 2.360755 10.43707 -5.0043 2.250955
2.5403256 11.092675 2.4277947 11.417069 -5.7043 1.865955
2.3152637 11.705609 2.7127132 9.947071 -5.3193 -0.934045
1.89866 12.44544 3.1748085 6.5520697 -2.7293 -4.9940453
1.9417568 14.62423 3.6823947 3.7520702 -1.5043 -7.4440446
2.3344178 16.82457 4.295329 3.61207 -1.3993 -5.7990456
3.3855045 18.098324 4.747847 10.22707 -6.7893004 -7.7590456
4.0966043 18.696892 5.619363 17.26207 -15.2243 -19.204044
4.896292 18.773508 6.23948 19.60707 -13.5793 -30.299047
6.409474 18.048044 5.681614 28.98707 -5.8093 -37.684044
6.5651016 16.599506 4.4413795 46.76707 -3.2893 -50.63405
5.5283804 14.949852 3.6129606 58.142075 -6.6143003 -76.88405
4.7550297 12.869227 3.1867797 53.732075 -9.6943 -106.00404
3.4309957 10.884374 2.5858169 37.80707 -7.9093003 -125.81405
2.8635526 9.371192 2.0183737 18.20707 3.8857002 -133.30405
1.9226027 7.865193 1.3982565 0.70707005 25.9707 -134.98404
0.5602603 6.490879 0.80208206 -13.39793 38.0457 -141.42404
-0.18675344 5.461341 0.74222517 -25.437931 40.2507 -147.79404
-0.33759275 3.6297207 1.4293821 -39.47293 37.9057 -148.21404
-0.64166564 1.1181264 2.2362528 -58.37293 29.365698 -146.39404
-1.0989721 -0.39505535 2.3200524 -76.467926 29.750698 -142.50905
-1.6424725 -1.6568382 1.7143008 -82.20793 47.145702 -128.15904
-2.5475085 -2.8539755 0.7781393 -75.522934 72.1707 -108.90905
-3.869148 -3.371139 0.4070267 -67.82292 92.3657 -95.224045
-5.7893567 -3.2250881 0.7733508 -66.982925 105.56071 -85.389046
-6.7494607 -2.918621 1.5347302 -67.19293 103.845695 -54.274044
-6.016813 -2.7031362 1.4174107 -51.44293 87.5007 -25.084045
-5.6385174 -1.7478206 0.6392714 -32.01793 71.260704 4.070955
-5.813299 -0.41181526 1.0965779 -32.19293 71.6457 25.980955
-5.770202 0.016759925 2.7582045 -55.99293 72.590706 46.140953
-6.002447 1.4389591 5.7199225 -81.08793 69.5807 69.940956
-3.328042 3.2681851 6.404685 -73.70293 69.9657 115.23096
-0.5363176 4.3791285 4.9010806 -33.27793 92.925705 170.81096
2.291321 3.9505534 3.0862203 -3.17793 124.35571 195.27597
4.0463243 4.1349125 2.597788 -3.10793 122.0457 182.53596
4.3073006 5.672037 2.6863763 -11.22793 98.6307 161.99097
4.249838 6.3927135 2.3368123 -5.3129296 85.1557 161.60596
4.4126487 5.0375543 2.238647 6.5870705 85.8907 171.86096
5.9665327 5.7103453 1.89866 6.4470696 82.2857 168.85095
8.978531 7.1397276 -0.61293435 7.42707 78.6457 174.73097
9.2490835 7.1756415 -1.9633054 15.37207 87.395706 194.19095
6.8883286 6.5052447 0.7685622 0.63707 91.1757 177.91595
6.3208857 7.893924 2.700742 -28.867931 72.7307 138.85596
10.180456 8.858817 -1.8627458 -20.432932 62.9307 145.33095
10.494106 10.324113 -3.5674694 9.177071 85.01571 178.82596
7.745479 9.799767 -0.79250497 -5.3829303 91.9457 166.05095
5.06868 13.388784 2.9832664 -48.57293 64.6457 121.98596
9.694419 12.979363 -0.5363176 -47.97793 34.7557 122.30096
12.888381 13.546807 -2.9904492 7.56707 29.9607 172.42097
12.593885 14.399169 -3.0550947 32.312073 28.910702 174.76596
11.961797 18.131844 -0.56265455 18.73207 7.8757 131.22595
14.016085 17.729605 -2.640885 0.46207 -5.9143 94.89595
12.996123 16.532467 -3.9433706 3.47207 4.4457 80.47596
11.051972 15.783059 -3.3639562 -0.93793 13.9307 43.865955
9.505271 14.9714 -2.1189332 -15.357929 -1.9592999 -2.614045
9.002473 14.075942 -1.7190893 -22.95293 -36.504303 -30.334045
8.494887 13.518076 -2.4613144 -18.157932 -58.344303 -39.11905
8.700794 12.186859 -2.8898897 -8.532929 -71.5043 -39.364048
8.679246 9.457385 -2.6432793 -17.87793 -87.6043 -39.609043
7.970541 7.613794 -1.8914771 -39.68293 -94.7443 -46.784046
7.7694216 6.201172 -1.0008069 -60.36793 -93.2743 -58.47405
7.5683026 5.5116205 -1.1229149 -67.89294 -92.3643 -60.924046
7.022408 5.724711 -1.0822122 -62.712933 -99.4693 -54.799046
7.0080423 5.6576715 -0.818842 -58.33793 -113.9593 -49.619045
7.5299945 5.4158497 0.08858817 -65.827934 -127.1543 -47.414047
7.802942 5.2865586 0.11492519 -67.577934 -135.4143 -44.754047
7.23071 5.686403 0.4166038 -64.91793 -135.4843 -40.624046
7.187613 5.7390766 1.2306572 -66.00293 -136.3243 -37.299046
7.5299945 5.9856873 1.7430321 -63.86793 -144.0943 -34.499046
7.922655 6.016813 1.6592325 -52.52793 -150.21931 -27.989046
7.735902 6.4405994 1.350371 -40.382935 -153.8593 -21.724047
7.49408 6.708758 1.5874043 -37.89793 -150.81429 -17.629044
7.9777236 7.082265 2.185973 -43.602932 -149.0643 -13.849045
8.877971 7.1540933 1.8723229 -41.887928 -149.2043 -9.054046
8.41827 7.099025 1.4389591 -33.067932 -150.14929 -8.809045
7.3671837 7.2977495 1.934574 -33.17293 -148.08429 -12.134046
7.728719 7.1780357 2.6863763 -40.76793 -145.4593 -11.854045
8.085466 7.0559278 2.6097596 -40.557934 -148.3293 -8.739045
7.5922456 7.0343795 2.3751206 -31.177929 -152.2493 -8.529045
7.3049326 6.715941 2.8180614 -29.11293 -152.8443 -7.3740454
7.211556 6.6225643 3.2969165 -37.932926 -148.9593 -1.739045
6.9721284 6.7303066 3.2466366 -40.69793 -142.7993 4.805955
7.3384523 6.768615 2.8779182 -32.01793 -140.9443 9.215955
7.405492 6.960157 3.2035396 -25.367931 -144.65431 13.730955
6.699181 7.309721 4.479688 -31.282928 -149.2393 15.620955
5.784568 7.7766047 4.9585433 -41.43293 -143.4643 13.905954
6.2155375 8.174054 4.450957 -39.50793 -127.46931 13.240955
6.6848154 8.351231 4.0128045 -30.057932 -112.4893 16.985954
5.8252707 8.356019 4.992063 -28.622929 -103.5643 17.650955
5.130931 8.372779 6.079064 -36.602932 -94.1493 9.285955
5.2434616 8.760652 6.1724405 -37.61793 -85.7843 3.8959553
6.014418 9.165284 5.691191 -25.437931 -77.909294 9.180955
6.7662206 9.617802 5.8228765 -14.552931 -62.999294 17.615955
7.1564875 10.297776 6.2275085 -15.392931 -45.604298 19.785957
6.986494 10.470163 6.1269493 -19.277931 -29.1543 14.395956
6.605804 10.24989 5.8755503 -18.26293 -9.0993 3.020955
6.229903 9.869201 5.849213 -17.107931 14.280701 -7.059045
6.1700463 9.60583 6.160469 -20.04793 34.860703 -13.044045
6.2514515 9.921875 5.7965393 -20.99293 49.9107 -16.264044
6.510033 9.8548355 4.96812 -10.45793 63.315704 -19.134047
6.897906 9.883567 3.9266107 23.00207 78.5057 -23.859045
7.1732473 10.30017 3.11974 30.492067 86.4157 -29.284044
7.168459 10.508472 2.3392065 29.16207 96.8457 -34.814045
6.9888883 10.460587 1.3575538 26.22207 102.7957 -38.769047
6.8907228 10.6641 0.67757976 22.23207 104.7907 -42.864044
6.8667803 10.395941 0.30646718 13.762071 107.4857 -47.93905
6.368771 9.663293 0.3304099 4.62707 112.3507 -53.399044
5.6313343 9.27542 0.7805336 0.32207 111.1607 -59.524048
4.7885494 8.674458 0.28013015 2.80707 109.550705 -62.114048
4.187587 8.461368 -0.2777359 7.28707 114.3807 -56.339043
4.3432145 8.389539 -0.05506832 5.57207 121.3807 -44.439045
4.5467277 8.274613 -0.047885496 3.08707 117.2507 -37.789047
3.8906965 8.162083 -0.7972935 10.052071 103.6357 -40.554047
3.632115 8.279403 -0.8044763 17.89207 93.415695 -39.784046
3.529161 8.408693 -0.49800915 15.407071 87.3257 -32.679043
3.7925313 8.511647 -0.76616794 13.06207 84.4207 -29.074045
3.9313993 8.22194 -1.5059988 20.86707 81.20071 -28.234045
3.2346652 7.9681463 -1.8364087 28.567072 73.5357 -33.519043
2.2985039 7.8747697 -1.7238779 25.90707 63.9107 -40.029045
2.3056867 7.7143536 -1.7382435 21.70707 55.3357 -37.719048
2.3751206 7.570697 -1.9465454 22.512072 46.8657 -29.109043
1.8220432 7.8173075 -2.5858169 25.55707 37.1007 -25.084045
1.8651401 7.9944835 -2.5834224 23.98207 32.5157 -25.399046
2.5499027 8.059129 -1.6855695 11.592071 29.1557 -21.339045
2.3320236 7.7167478 -1.5083932 -1.4629301 20.6857 -17.664045
1.7693691 7.695199 -1.4844503 -3.4229298 16.8707 -22.634045
1.525153 7.623371 -0.8236305 -4.2629304 19.0757 -24.629045
1.3431882 7.9418097 0.05506832 -10.387931 17.5357 -18.679045
1.1229149 8.219545 0.14605077 -9.337931 10.0457 -12.519045
1.089395 8.406299 -0.15802214 1.1270701 4.1307 -8.389045
1.1803775 8.806143 -0.102953814 11.69707 5.2156997 -3.034045
1.4174107 9.107821 0.0670397 14.91707 5.0056996 2.950955
1.4652961 9.431048 0.16520496 12.677071 0.38570002 3.580955
1.5299416 9.648928 0.023942748 12.11707 -3.5343 1.970955
1.7095122 9.668081 -0.0023942748 14.882071 -4.2343 2.740955
1.7286664 9.79019 0.06464542 13.622069 -4.8293004 3.685955
1.56825 9.845258 0.22985038 6.93707 -5.3893 2.705955
1.4317763 9.850046 0.55307746 -1.07793 -2.5542998 3.8959553
1.7813405 9.8548355 0.9313729 -10.247931 -1.5393001 6.275955
2.013585 10.041589 0.6368771 -6.01293 -6.0893 4.490955
1.8507744 10.039194 0.5243462 -1.6029301 -7.0693 0.850955
1.5083932 9.8787775 0.8475733 -4.3679304 -7.699301 -4.2240453
1.4581133 9.80695 1.2617828 -8.14793 -7.4893007 -6.604045
1.515576 9.768641 0.9888355 -4.12293 -6.6143003 -4.049045
1.4317763 9.862018 0.86193895 1.61707 -4.6193 -0.79404503
1.6975409 9.759064 0.9385557 1.19707 -2.7642999 1.865955
1.8459859 9.732727 0.94095 -0.34293002 -3.0443 2.810955
1.6855695 9.775824 0.7781393 2.10707 -3.1143 2.0409548
1.5921928 9.711179 0.7996878 4.38207 -2.5893 0.25595498
1.673598 9.653716 0.88588166 2.73707 -4.0943003 -0.619045
1.620924 9.684841 0.8667275 0.84707004 -4.0593 -0.199045
1.5778271 9.692024 0.82123625 1.16207 -2.1693 0.990955
1.6520497 9.627379 0.98404694 1.05707 -2.6243002 1.410955
1.6592325 9.651321 0.9505271 -0.58792996 -3.8493 0.150955
1.6855695 9.703996 0.6943397 -0.02793 -2.3793 0.18595499
1.6831752 9.569917 0.72785956 0.56707 -0.7343 1.2709551
1.5203645 9.478934 1.0822122 -2.58293 -1.6793001 0.045955
1.4605076 9.490906 1.2426286 -6.18793 -1.1893 -1.249045
1.5921928 9.529214 1.0462981 -4.54293 0.3507 0.675955
1.6161355 9.483723 0.81644773 0.53207 0.0357 2.3909552
1.5490957 9.557945 0.7948992 3.01707 -0.8043 1.865955
1.6712039 9.617802 0.86193895 0.88207006 -1.1543001 1.7259551
1.690358 9.57231 0.9289786 -2.1979299 -0.66429996 2.250955
1.5059988 9.519637 1.0486923 -3.3879302 0.3507 2.0759552
1.446142 9.545974 1.0941836 -3.3879302 0.31570002 1.095955
1.5323359 9.62259 0.88109314 -1.63793 0.5957 1.7259551
1.7717633 9.668081 0.74701375 0.63707 0.77070004 3.195955
1.7358493 9.687236 0.83081335 0.0070700003 1.2607 4.525955
1.6496553 9.6896305 1.0534809 -2.47793 2.1357 4.595955
1.7190893 9.751882 1.0870007 -3.6679304 1.1207001 3.020955
1.8052832 9.783007 0.84996754 -1.00793 -1.9243002 1.130955
1.8842943 9.735122 0.600963 2.84207 -2.2742999 1.130955
1.7813405 9.6896305 0.7685622 3.64707 -0.3143 1.7259551
1.5802214 9.656111 1.0343267 -0.02793 0.1057 0.745955
1.5993756 9.684841 1.1420691 -4.08793 -1.0843 -1.494045
1.7573977 9.668081 0.9529214 0.63707 -1.4343001 0.360955
1.7358493 9.636956 0.8140534 3.61207 -1.2593 0.675955
1.7023294 9.696813 0.85236186 2.56207 -0.4893 0.500955
