1.498816 9.538791 1.185166 7.6845646 -3.24513 9.425815
1.2953026 9.560339 1.3096683 4.709565 -0.86513 10.195815
1.5131817 9.581888 1.297697 -0.890435 -0.41013 8.095816
1.7957062 9.62259 1.1779832 -3.095435 -3.31513 7.0458155
1.5969813 9.627379 1.0271438 -1.7304349 -7.20013 7.640815
1.3886794 9.586677 1.1037607 0.40456498 -9.790131 7.0458155
1.6041641 9.474146 1.1660118 0.36956498 -9.335131 4.315815
1.6233183 9.608225 1.3743137 -1.7654351 -7.935129 2.8108149
1.5562786 9.656111 1.4269878 -4.075435 -7.5501304 3.160815
1.4772675 9.598648 1.5658557 -5.860435 -7.3751307 3.160815
1.4940275 9.581888 1.515576 -5.615435 -5.90513 1.5858151
1.5083932 9.668081 1.3695252 -4.4954348 -4.78513 0.780815
1.3934679 10.010463 1.3192455 -1.5554351 -5.34513 1.480815
1.2162915 10.719169 1.7382435 0.194565 -6.0451303 3.8608153
0.94573855 11.597867 2.2937152 -6.1054354 -7.65513 4.525815
-0.098165266 13.170906 2.8348215 -16.850435 -7.30513 5.0508146
0.37590113 15.239559 4.2019525 -26.860435 -2.37013 4.840815
2.3846977 16.491764 4.9872746 -34.385433 -1.95013 7.9558144
3.7829542 17.353704 5.446975 -35.610435 -2.61513 16.985815
3.050306 17.353704 5.813299 -29.870436 1.0948701 16.390816
2.7079248 16.882032 6.196383 -21.295433 6.6948705 -2.754185
2.2697725 16.398388 5.7821736 -12.020435 9.38987 -23.509186
3.0215747 15.581941 4.635316 2.504565 5.67987 -31.874187
3.9433706 14.322552 3.545921 20.704565 1.0948701 -31.839186
4.3240604 13.067952 2.760599 33.164566 -0.30513 -32.329185
3.5890179 11.60505 2.4613144 32.849567 4.13987 -39.224186
3.4549387 10.759871 2.5834224 23.574566 13.65987 -48.954185
2.80609 9.979338 2.9641123 10.939565 19.889872 -58.159184
3.0263634 8.93304 2.0231621 0.684565 22.02487 -63.094185
3.2490308 8.018426 0.9864412 -1.905435 28.604872 -67.329185
2.7893302 6.8859344 0.67757976 7.9995646 24.43987 -69.70918
1.4868447 6.1101894 1.4557191 3.3795652 11.489871 -77.689186
0.8236305 5.3105016 1.5514901 -1.8704349 7.11487 -87.76919
0.19154198 5.130931 0.74222517 3.099565 8.05987 -89.97419
0.12210801 4.8819265 0.11492519 14.404565 6.16987 -77.44418
0.339987 4.398283 -0.3232271 20.424566 1.3748701 -67.22418
-0.3902668 4.1851926 -0.2657645 16.714563 -2.47513 -68.16919
-1.446142 4.1540666 0.20111908 5.8645654 -0.30513 -73.34919
-2.5546913 3.9529476 0.6656084 -6.980435 10.36987 -75.86919
-2.813273 3.545921 1.1061549 -14.680434 20.309872 -73.17419
-2.9856608 2.8252442 1.201926 -13.875436 14.989869 -67.539185
-3.5219781 2.8539755 1.2857256 -10.550435 10.96487 -61.37919
-3.955342 2.9928436 1.9106313 -13.245435 19.679873 -52.279186
-4.3192716 3.040729 2.885101 -21.750435 30.70487 -41.009186
-4.12773 2.9473522 3.031152 -25.320435 36.58487 -28.269184
-3.79732 3.2466366 2.597788 -18.250435 41.13487 -14.654184
-4.0535073 3.8045027 1.7214836 -4.7054353 47.434868 -0.059185002
-4.235472 4.1325183 2.3535721 7.0895653 51.00487 9.775815
-3.8212626 3.9050622 2.8180614 9.714565 47.92487 12.2958145
-3.4860642 4.189981 1.6879637 10.379565 47.329872 12.680815
-3.014392 4.905869 0.7039168 17.694567 52.82487 23.985815
-3.2250881 5.626546 2.1069617 4.289565 79.94987 61.820812
-2.9114382 5.31529 3.6584518 -8.835435 81.244865 62.520813
-1.3192455 5.609786 2.6193366 10.589565 72.669876 77.29082
0.6201172 6.3208857 -0.409421 44.084568 67.80486 101.79082
1.5874043 7.450983 -2.4445546 48.529568 76.09987 112.88582
-0.5219519 7.9322324 0.6703969 11.219565 84.88487 94.58082
-1.6520497 7.6305537 4.2139235 -22.345436 93.354866 72.98582
1.9824595 7.580274 0.41181526 5.619565 85.16487 93.91582
4.702356 8.174054 -2.832427 53.464565 77.324875 127.025826
4.348003 8.411087 -3.545921 50.419563 79.70487 125.55582
1.3575538 7.328875 2.3416007 0.194565 81.97987 90.905815
-0.50758624 8.684034 4.903475 -34.140434 93.144875 68.155815
4.453351 9.732727 1.960911 -1.100435 92.37486 101.58081
8.880365 10.436644 -3.215511 66.44956 73.54487 150.12581
9.239507 9.871595 -5.114171 88.18457 70.35987 143.9658
5.255433 10.1206 -3.964919 56.124565 63.989872 98.67582
2.013585 13.008095 -0.0047885496 2.399565 69.30987 57.620815
4.455745 12.366429 -2.710319 -16.885437 85.40987 71.20082
6.754249 11.76786 -4.2546263 -4.5654354 84.98987 101.37082
5.334444 11.415902 -3.1029801 -12.615436 73.50987 99.445816
4.3025117 12.77585 -0.9505271 -36.69544 63.53487 75.295815
6.1077952 13.369631 -2.753416 -43.555435 56.49987 72.00581
8.0687065 13.12302 -3.9768906 -26.895435 48.974873 84.22082
8.171659 12.687263 -3.5554981 -20.385435 43.12987 79.740814
7.5228114 13.553989 -2.5522969 -24.165436 34.799873 58.285816
8.360807 13.977777 -2.753416 -22.135435 21.289871 40.540817
9.25866 13.161328 -4.2019525 -6.490435 3.22987 33.33082
8.739103 12.107848 -5.1979704 11.289565 -8.39013 24.965815
6.8715687 11.585896 -4.6305275 13.144565 -13.11513 7.710816
6.282577 10.972961 -4.11097 1.594565 -21.79513 -9.579185
6.2921543 10.235525 -3.684789 -10.270435 -33.62513 -17.699184
6.8332605 9.215564 -3.8643596 -15.940435 -43.18013 -17.839186
7.1660647 8.705584 -4.0391417 -18.285437 -49.16513 -16.019186
6.5746784 8.530801 -3.3591676 -22.695436 -55.570133 -17.699184
6.064698 8.214757 -2.6983478 -29.590435 -67.40014 -28.689184
6.0503325 7.759845 -2.9617178 -32.950436 -81.47013 -39.46919
6.019207 7.379155 -2.8827069 -32.495434 -92.49513 -40.974186
5.6552773 7.3384523 -2.1572416 -38.690437 -95.92513 -38.524185
5.3081074 7.3145094 -1.673598 -54.055435 -100.93013 -36.949184
5.200365 7.2809896 -1.7693691 -50.975437 -110.55513 -36.634186
4.896292 7.2762012 -1.8148603 -51.430435 -117.55514 -33.344185
4.5084195 7.4174633 -1.036721 -62.525436 -114.895134 -27.499186
4.6137676 7.518023 0.5865973 -73.65543 -113.39013 -20.324184
5.7295 7.666468 1.1229149 -70.085434 -118.11514 -12.939185
5.7175283 8.159689 0.5363176 -53.705437 -125.115135 -10.804185
5.078257 8.250671 0.2657645 -39.250435 -130.82013 -16.369184
4.9609375 8.487704 0.9074302 -37.465435 -137.40013 -21.059185
5.9449844 8.296163 0.90982443 -40.195435 -136.87514 -18.224184
5.9641385 8.4230585 1.0558752 -42.190434 -129.98013 -12.484185
5.394301 8.554744 1.5754328 -45.900436 -123.36513 -14.094185
5.688797 8.394327 1.8603516 -46.845436 -127.25014 -17.139187
5.808511 7.850827 2.0542877 -45.200436 -129.56013 -17.279184
5.1812105 7.501263 2.710319 -45.480434 -121.96513 -17.489185
4.2546263 7.8460383 2.7151077 -44.045433 -109.54013 -17.244184
4.3695517 8.10462 1.8675344 -33.265434 -104.71013 -14.199184
4.8723493 7.8388557 1.2905141 -20.245436 -116.75013 -7.339185
4.4461684 7.8795586 1.9585168 -21.295433 -118.43012 -3.104185
4.000833 8.250671 2.4086404 -30.920433 -106.495125 -2.019185
3.8236568 8.597841 2.578634 -31.305437 -97.71013 -0.724185
4.3599744 8.810931 2.248224 -23.535435 -96.94013 1.7958149
4.5682764 9.265843 1.9800652 -15.2754345 -101.700134 7.325815
4.5275736 9.277815 2.813273 -16.570435 -97.11513 7.9558144
4.314483 9.172467 3.842811 -26.370436 -87.91013 3.6858146
4.0726614 9.25866 4.2905407 -30.605433 -84.55013 2.3908148
4.309695 9.526819 4.0128045 -25.530434 -82.66013 6.380815
4.8364353 9.4142885 4.276175 -21.330435 -75.27512 11.840816
4.865166 9.220352 5.516409 -26.440435 -66.91013 14.850816
4.415043 9.3592205 6.6273527 -33.965435 -56.27013 12.680815
4.1157584 9.531608 6.0000525 -27.665436 -49.060127 7.5708146
4.4653225 9.876384 5.0423427 -10.025435 -40.76513 5.785815
4.678413 10.288198 4.539545 0.124565 -25.99513 8.060815
4.5251794 10.439038 4.5539107 0.054565 -13.920131 8.095816
4.434197 10.589877 4.896292 -4.3554354 -3.5251303 3.440815
4.6305275 10.618608 4.6712303 -8.975435 7.1848707 -0.619185
4.659259 10.568329 4.2594147 -7.540435 16.80987 -3.069185
4.575459 10.391152 4.2402606 -1.8004351 34.83487 -10.349185
4.235472 10.403124 3.9601305 1.664565 43.93487 -13.954185
4.3216662 10.448615 3.179597 9.574565 49.70987 -16.334187
4.206741 10.419884 2.4349775 16.119564 52.15987 -19.519184
3.9697077 10.211582 2.1644244 15.734565 56.53487 -23.124186
3.7302802 10.118205 2.030345 14.719564 59.92987 -23.999186
3.8260512 10.00328 1.5107874 16.644566 61.60987 -23.369184
3.6584518 9.871595 1.0726352 19.164566 59.89487 -23.649185
3.3902931 9.77343 1.0343267 16.399567 60.69987 -25.259186
3.7350688 9.962578 0.87151605 12.689565 63.954865 -24.699184
4.0319586 9.663293 0.25858167 13.109565 62.62487 -23.369184
3.3615618 9.299363 0.26097596 11.569565 59.404865 -28.094185
2.578634 9.179649 0.73743665 3.764565 59.439873 -34.569187
2.8515813 9.074302 1.0486923 -3.130435 59.194874 -34.184185
2.978478 8.976136 0.9864412 -3.235435 61.04987 -29.319185
2.7294734 8.9186735 0.45730647 3.2745652 63.989872 -28.479183
2.5738454 9.016839 -0.32562137 14.999565 58.42487 -32.434185
2.6360965 9.071907 -0.7948992 23.049564 48.58987 -34.394184
2.1668186 9.198804 -1.0295382 23.119566 46.13987 -33.344185
1.5227587 9.28021 -0.9433443 16.959564 53.31487 -31.139187
1.5443072 9.318518 -0.79250497 10.694566 52.89487 -28.479183
2.0710478 9.380769 -1.1564348 8.664565 46.03487 -24.734184
2.2338583 9.069513 -1.4844503 9.399566 40.71487 -21.129187
2.0710478 8.631361 -1.2665714 6.109565 39.41987 -20.919186
2.0902019 8.2387 -1.2737542 0.019565 41.064873 -21.549185
1.8747171 8.028004 -1.6688095 0.64956504 35.11487 -20.814186
1.2737542 7.92505 -1.6855695 6.6345654 25.13987 -21.234186
0.749408 7.6688623 -1.5131817 10.379565 18.06987 -23.439184
0.7206767 7.6616793 -1.5299416 9.364565 15.899871 -22.109186
0.5985687 7.884347 -1.2162915 7.649565 16.949871 -15.984184
0.44294083 8.001666 -1.175589 7.1945653 15.30487 -9.894186
0.6296943 8.389539 -1.0798179 9.399566 12.43487 -6.4291854
0.6177229 8.581081 -1.0151725 13.144565 7.32487 -2.229185
0.5123748 8.894731 -0.94573855 13.249565 3.75487 0.010815
0.5913859 9.124581 -1.0199611 7.7545657 5.2948704 3.9308152
0.65124273 9.45978 -0.77574503 3.099565 2.42487 4.525815
0.818842 9.569917 -0.22266756 -1.100435 -3.0001302 3.7908146
0.9313729 9.747093 0.13647367 -2.815435 -3.5251303 5.0508146
1.1492519 9.656111 0.42378664 -3.5854352 -2.54513 6.975815
1.2953026 9.696813 0.2849187 -0.71543497 -5.0651298 7.3608155
1.3216397 9.742304 0.16759923 3.099565 -7.9001307 5.610815
1.089395 9.785401 0.3328042 2.504565 -6.60513 3.7908146
0.7877164 9.763853 0.37350687 1.069565 -4.96013 2.565815
1.2402344 9.873989 0.10774237 0.999565 -5.90513 4.4558153
1.5131817 10.000886 0.19393626 -0.47043505 -7.02513 7.780815
1.376708 9.974549 0.65363705 -4.4954348 -5.13513 7.255815
1.1708003 9.895537 0.76137936 -5.720435 -2.89513 3.7208152
1.3192455 9.900327 0.2777359 -1.2054352 -4.08513 2.250815
1.324034 9.914692 0.17957062 2.2595649 -4.82013 2.985815
1.1899546 9.821315 0.50998056 -0.365435 -2.47513 2.320815
1.3455825 9.821315 0.4189981 -2.920435 -0.79513 1.095815
1.3360053 9.833286 -0.03351985 -0.71543497 -2.51013 0.74581504
1.1947432 9.761458 0.3328042 -0.50543493 -2.93013 0.74581504
1.1300977 9.692024 0.5889916 -4.8454347 -3.2101302 0.36081502
1.4557191 9.737515 0.600963 -6.420435 -2.40513 1.375815
1.4676905 9.768641 0.6249057 -4.425435 -2.58013 2.670815
1.132492 9.766247 0.84996754 -2.1504352 -2.33513 0.640815
1.1875603 9.75667 0.6344828 0.544565 -2.7901301 -1.9491849
1.3575538 9.8548355 0.047885496 5.5495653 -6.1151304 -1.2491851
1.333611 9.818921 0.3040729 6.389565 -5.31013 1.410815
1.3479767 9.70639 0.7972935 -0.54043496 -0.41013 2.7058148
1.4317763 9.737515 0.6105401 -3.7604349 0.70987004 2.425815
1.2426286 9.663293 0.30886146 0.579565 -1.84513 1.130815
1.0199611 9.651321 0.5219519 3.519565 -1.2501299 -0.54918504
1.132492 9.668081 0.7781393 1.5595651 0.32487 -0.96918505
1.3192455 9.771035 0.43815228 1.839565 -0.65512997 0.15081501
1.297697 9.869201 0.2083019 6.5645647 -2.75513 0.850815
1.3455825 9.914692 0.028731298 8.454565 -3.5601301 -0.23418501
1.5012103 9.888355 -0.13168511 6.5995655 -3.84013 -0.9341849
1.2761484 9.792584 0.12929083 3.4845648 -3.2101302 -0.584185
1.0199611 9.665688 0.5865973 -2.045435 -0.79513 -1.529185
1.036721 9.591465 0.7039168 -6.2804356 1.4448701 -2.404185
1.175589 9.615408 0.55786604 -5.335435 1.75987 -1.284185
1.1875603 9.668081 0.25858167 3.589565 -1.00513 0.9558151
1.2617828 9.680053 0.1987248 4.814565 -2.05513 0.850815
1.3192455 9.632168 0.22745611 3.0645652 -0.62013006 0.605815
1.211503 9.70639 0.31125572 1.594565 0.35987 0.18581499
1.1684061 9.742304 0.20351335 2.189565 0.14987001 0.115815
1.1995317 9.720756 0.09337672 3.2045648 -0.48013002 0.67581505
1.2785428 9.703996 0.12450229 1.9795649 -1.18013 0.88581496
1.1947432 9.768641 0.3232271 -0.960435 -0.69013 0.605815
1.1899546 9.744699 0.28970724 -1.6604351 0.28987 -0.304185
1.1061549 9.73991 0.29210153 -0.47043505 -0.93513006 -0.54918504
1.1300977 9.763853 0.27294734 -0.33043504 -0.48013002 -0.164185
1.3024855 9.744699 0.37111259 -0.99543506 0.53486997 1.515815
1.2881198 9.692024 0.4285752 -1.695435 1.2698699 2.005815
1.1492519 9.768641 0.39505535 -0.855435 1.3748701 0.81581503
1.2785428 9.77343 0.16520496 0.89456505 0.77987003 0.535815
