3.3 8.86 -0.34 6.8754935 -13.178029 -1.7188734
2.71 8.92 0.65999997 -3.4377468 -20.62648 0.57295775
3.29 8.67 1.5799999 -4.0107045 -21.199438 5.15662
3.33 8.72 1.16 0.0 -10.886198 4.583662
3.28 8.91 0.87 -4.583662 -5.15662 4.0107045
3.07 8.889999 1.4399999 -9.167324 -2.291831 1.1459155
3.09 8.98 2.19 1.1459155 -12.605071 1.7188734
2.83 9.2699995 2.11 8.594366 -17.761692 4.583662
3.1 10.179999 2.1399999 6.8754935 -14.896902 5.7295775
3.29 11.0199995 2.96 5.7295775 -7.448451 4.583662
3.3899999 11.849999 3.98 9.740283 -12.605071 5.7295775
4.04 14.809999 5.64 24.637184 -8.021409 1.1459155
4.08 16.56 4.88 26.929016 -5.15662 0.0
5.16 19.31 4.71 8.021409 -3.4377468 -4.583662
8.48 20.27 4.87 -20.62648 8.021409 -20.62648
9.599999 18.48 6.0699997 -43.544792 43.544792 -59.014652
8.12 16.35 7.6099997 -30.939718 65.317184 -90.52733
7.24 14.41 6.18 36.669296 68.18198 -109.43494
7.1499996 12.46 2.36 55.00395 68.18198 -118.029305
6.5099998 10.44 -0.34 60.733524 62.4524 -127.76959
4.97 8.71 -2.07 64.17127 65.890144 -131.78029
3.1499999 6.91 -3.31 63.02536 74.48451 -124.33183
2.8899999 5.45 -4.7799997 49.84733 57.868736 -113.44564
1.22 2.97 -5.5 38.38817 38.961132 -107.716064
0.0 1.8 -5.71 28.07493 26.929016 -100.26762
-1.67 0.81 -5.21 9.167324 24.064226 -88.2355
-2.8 0.66999996 -3.6599998 -5.15662 21.199438 -65.890144
-2.77 0.72999996 -2.69 -12.032113 12.605071 -40.680004
-1.99 1.51 -1.5799999 -20.053522 -2.8647888 -15.469859
-0.78999996 1.51 -0.5 -26.356058 -4.583662 -11.459155
-1.3 1.4499999 0.95 -34.950428 5.15662 -6.8754935
-1.93 1.4 2.37 -34.950428 14.896902 5.15662
-1.8 1.54 3.46 -26.356058 10.31324 17.188732
-1.91 1.87 3.86 -21.199438 7.448451 33.231552
-2.76 4.0699997 5.33 -21.772396 17.188732 54.43099
0.22999999 4.79 5.5499997 -20.62648 25.7831 71.61973
2.6799998 5.02 4.93 -16.615776 42.971836 65.890144
2.04 5.16 4.58 -17.188732 53.858032 50.993244
0.07 5.5499997 4.99 -21.772396 55.576904 50.420284
0.16 5.62 5.0099998 -33.80451 57.29578 75.057465
1.88 5.8799996 4.65 -42.971836 60.160564 87.089584
3.4099998 6.64 4.91 -46.98254 64.74423 90.52733
3.9499998 7.47 5.6 -37.242256 69.900856 90.52733
4.54 8.36 4.8599997 -23.49127 71.61973 94.53803
5.1099997 9.22 3.53 -26.356058 71.04677 105.997185
5.74 11.87 3.83 -18.907606 72.19268 104.27831
7.22 12.82 1.48 -4.583662 75.057465 104.85127
8.66 13.429999 0.26999998 -15.469859 79.06818 102.55944
7.24 14.059999 1.8 -25.7831 84.79775 81.93296
6.73 14.15 1.43 -9.167324 81.93296 73.33859
7.21 13.429999 -0.95 3.4377468 89.38142 69.900856
7.56 13.21 -1.67 1.7188734 88.2355 59.014652
6.66 13.95 -0.9 18.907606 71.04677 42.971836
6.0699997 13.809999 -1.91 40.680004 50.993244 29.793804
5.92 13.61 -3.8899999 41.25296 32.658592 16.615776
5.81 13.0199995 -4.89 25.7831 22.345354 -14.896902
3.8899999 12.3 -4.16 13.750987 18.334648 -5.7295775
4.16 11.42 -4.2599998 10.886198 2.291831 -2.291831
4.37 10.69 -4.08 9.740283 -4.583662 0.57295775
4.7799997 9.98 -4.12 7.448451 -15.469859 -0.57295775
5.37 8.97 -3.9299998 3.4377468 -29.793804 -4.0107045
5.45 8.179999 -3.5 0.0 -49.84733 -10.886198
5.1 7.85 -3.34 0.0 -59.014652 -10.31324
5.46 7.5699997 -3.6399999 -5.7295775 -68.75493 -9.740283
5.8399997 7.04 -3.6299999 -10.31324 -76.203384 -10.886198
5.89 6.68 -3.57 -12.032113 -84.79775 -8.594366
6.0899997 6.52 -3.77 -21.772396 -102.55944 -6.8754935
7.7599998 5.75 -3.1799998 -40.107044 -103.70536 -12.032113
7.5 5.2599998 -1.1999999 -53.285076 -102.55944 -20.62648
5.97 5.72 0.97999996 -41.825916 -109.43494 -20.62648
6.2599998 6.27 1.55 -14.323945 -124.33183 -4.0107045
7.77 6.2599998 1.25 6.8754935 -137.50986 5.7295775
6.89 5.96 1.16 16.042818 -139.80171 10.886198
5.41 6.54 1.73 12.605071 -147.25015 31.51268
5.7799997 7.5 2.52 -1.1459155 -151.8338 49.27437
6.66 7.81 3.86 -12.605071 -151.8338 53.285076
6.35 8.82 5.93 -3.4377468 -156.41748 60.733524
7.06 10.3 6.3999996 4.0107045 -156.41748 63.02536
7.58 11.36 8.17 -24.064226 -122.61296 44.69071
6.8999996 11.889999 10.13 -25.7831 -102.55944 38.38817
6.96 12.309999 9.37 -13.178029 -84.22479 29.220846
6.16 12.05 8.429999 -21.199438 -58.441692 16.042818
6.23 11.78 9.51 -29.220846 -39.53409 6.3025355
5.94 12.28 10.179999 4.583662 -18.907606 -8.594366
5.08 12.71 8.36 18.907606 -2.291831 -16.615776
4.49 12.96 6.3599997 8.021409 10.886198 -17.761692
5.71 13.41 6.54 1.7188734 16.615776 -22.345354
6.6499996 14.37 6.52 2.8647888 29.220846 -37.242256
7.0099998 14.17 5.27 -6.8754935 45.263664 -55.576904
6.6099997 12.78 5.14 -20.62648 67.60902 -68.18198
6.68 11.7699995 4.24 -15.469859 81.36001 -76.77634
6.17 10.54 2.21 -8.594366 88.2355 -84.22479
5.8599997 9.389999 0.08 -8.594366 89.95437 -85.37071
5.52 7.8399997 -1.5699999 -16.615776 89.95437 -84.22479
4.69 6.23 -2.21 -26.929016 85.37071 -76.203384
3.6399999 5.17 -1.8399999 -18.907606 74.48451 -65.317184
2.85 4.56 -1.62 1.7188734 60.160564 -49.27437
2.62 4.17 -2.6 21.199438 45.263664 -34.377464
2.35 4.74 -3.6799998 24.064226 32.085636 -26.356058
3.1 5.0499997 -4.36 9.740283 23.49127 -20.62648
2.1599998 6.02 -3.21 -10.31324 20.053522 -18.334648
2.6299999 5.85 -3.22 -34.377464 16.615776 -10.886198
1.31 5.79 -1.3299999 -61.30648 18.907606 -9.740283
0.39 7.08 1.67 -61.879436 9.740283 1.7188734
1.9799999 7.89 2.3 -35.523384 -2.291831 11.459155
3.7099998 7.6299996 0.85999995 -4.583662 -6.3025355 2.291831
2.45 7.66 0.32999998 -16.042818 -2.291831 0.57295775
1.74 8.17 1.42 -28.07493 2.291831 8.021409
2.69 8.309999 2.36 -21.199438 6.8754935 9.167324
2.9199998 8.16 2.37 -5.15662 2.8647888 5.15662
2.28 8.5 2.59 14.323945 -2.291831 7.448451
2.78 9.12 0.56 21.199438 -6.8754935 9.740283
2.3899999 9.13 0.42 7.448451 -5.7295775 8.021409
2.35 9.54 1.48 -9.167324 -2.8647888 11.459155
2.98 9.599999 2.22 -13.178029 -1.7188734 12.032113
3.1799998 9.38 2.29 -6.8754935 -2.8647888 9.167324
2.6699998 9.42 2.37 -1.7188734 -6.3025355 7.448451
2.84 9.78 2.6599998 -1.1459155 -3.4377468 5.7295775
3.11 9.92 2.55 -1.7188734 1.1459155 3.4377468
3.3799999 9.53 2.27 -2.8647888 2.8647888 -1.7188734
2.84 9.19 2.5 0.0 0.0 -2.8647888
2.61 9.09 2.85 7.448451 -2.291831 -1.1459155
2.77 9.09 1.48 15.469859 1.1459155 0.57295775
3.02 9.11 1.16 3.4377468 2.291831 1.1459155
2.95 9.2 2.1 -8.021409 4.0107045 -0.57295775
2.51 9.16 2.62 -4.0107045 3.4377468 -1.7188734
2.52 8.98 2.27 5.15662 0.57295775 0.0
2.56 8.95 2.04 13.178029 0.0 1.1459155
2.3 8.849999 2.1 20.62648 0.0 3.4377468
2.12 8.91 1.55 25.210142 0.57295775 7.448451
2.8799999 9.37 0.69 18.334648 0.0 8.021409
3.1799998 9.53 0.38 2.8647888 4.0107045 4.0107045
3.1399999 9.24 1.0699999 -6.8754935 6.3025355 1.1459155
2.86 8.86 2.23 1.1459155 1.7188734 0.0
2.6699998 8.75 1.76 9.167324 0.0 0.57295775
2.6399999 8.94 1.66 5.7295775 -2.291831 1.7188734
2.74 9.09 1.9399999 -0.57295775 0.0 2.8647888
3.12 9.099999 2.1299999 -1.7188734 0.0 2.291831
3.02 8.94 2.1 1.7188734 -1.1459155 -0.57295775
2.6299999 8.889999 2.03 3.4377468 -4.583662 0.0
2.4299998 9.01 2.05 2.8647888 -4.0107045 2.8647888
2.72 9.19 1.9499999 0.57295775 -2.291831 3.4377468
3.02 9.25 1.8399999 -1.1459155 -1.1459155 1.7188734
2.9199998 9.17 2.03 -0.57295775 -1.1459155 0.57295775
2.49 9.059999 2.36 5.7295775 -0.57295775 1.1459155
2.8 9.09 2.21 15.469859 -3.4377468 3.4377468
3.02 9.16 1.49 24.637184 -4.583662 2.291831
2.83 9.36 0.88 21.199438 -3.4377468 1.7188734
2.97 9.55 0.96 8.021409 -0.57295775 2.8647888
3.1899998 9.53 1.63 -0.57295775 2.291831 0.0
3.11 9.309999 2.1 5.7295775 1.1459155 -1.7188734
3.03 9.139999 1.7199999 13.178029 0.0 -2.8647888
2.6499999 9.04 0.83 6.3025355 0.0 -1.7188734
2.57 9.08 0.95 -3.4377468 -0.57295775 -1.1459155
2.73 9.05 1.73 0.0 -1.1459155 -1.1459155
3.03 8.929999 1.52 5.7295775 -0.57295775 -1.7188734
2.62 8.9 0.95 3.4377468 -0.57295775 -1.7188734
2.61 8.99 1.31 -6.3025355 0.57295775 0.0
3.04 9.059999 2.0 -10.31324 0.0 0.57295775
3.05 9.08 2.37 -2.8647888 -1.1459155 -1.1459155
2.8799999 8.98 1.92 7.448451 -1.1459155 -2.291831
2.6399999 9.0 1.31 1.1459155 1.7188734 -0.57295775
2.62 9.15 1.53 -5.15662 4.583662 0.0
2.99 9.28 1.9599999 -0.57295775 3.4377468 0.0
3.21 9.2 1.76 6.3025355 0.0 -2.8647888
2.4199998 8.94 1.04 2.291831 0.0 -4.0107045
2.21 9.0 1.5 -6.3025355 3.4377468 0.0
2.76 9.13 1.9399999 -5.7295775 4.0107045 3.4377468
3.51 9.34 1.8 2.291831 0.0 1.7188734
3.09 9.36 1.1899999 8.021409 -1.7188734 -3.4377468
2.48 9.15 0.71 0.57295775 0.0 -4.583662
2.3999999 8.929999 1.43 -15.469859 5.15662 -0.57295775
2.78 8.91 2.4199998 -6.8754935 4.0107045 0.57295775
2.97 9.03 2.3899999 6.3025355 0.0 0.0
2.9099998 9.09 1.65 11.459155 -1.7188734 -1.7188734
2.58 9.139999 1.1 5.7295775 0.57295775 -0.57295775
2.59 9.139999 1.67 -7.448451 1.7188734 0.0
2.81 9.17 2.26 -5.7295775 2.8647888 0.0
2.87 9.21 2.06 4.0107045 0.0 -0.57295775
2.79 9.03 1.48 8.021409 -1.1459155 -1.7188734
2.45 8.889999 1.36 2.291831 1.7188734 0.0
2.45 9.07 1.9699999 -3.4377468 2.8647888 1.7188734
3.04 9.429999 2.31 7.448451 0.0 0.57295775
3.36 9.5199995 1.93 13.750987 -1.7188734 -4.583662
2.86 9.2 1.5999999 9.740283 -0.57295775 -6.8754935
2.19 9.0199995 1.77 5.7295775 2.291831 -2.8647888
2.22 9.16 1.81 4.0107045 6.3025355 1.7188734
3.1499999 9.309999 1.35 8.021409 4.583662 -1.7188734
2.71 9.11 1.18 9.740283 0.0 -5.15662
2.22 8.95 1.14 8.021409 0.0 -5.15662
2.1299999 8.88 0.89 4.0107045 2.291831 -1.1459155
2.53 8.96 0.9 -1.1459155 3.4377468 2.291831
3.03 8.99 1.31 -5.15662 0.57295775 2.291831
2.6299999 9.11 1.81 -2.291831 -0.57295775 0.0
2.57 9.179999 2.0 0.57295775 0.0 0.0
2.6599998 9.07 1.78 2.291831 1.7188734 0.0
2.6499999 9.059999 1.6999999 3.4377468 3.4377468 0.57295775
2.81 9.09 1.5 5.7295775 0.57295775 0.0
2.4299998 9.09 1.05 4.583662 0.57295775 0.0
2.6 9.12 1.1899999 1.1459155 0.0 1.1459155
2.6399999 9.2 1.31 -1.1459155 1.1459155 1.7188734
2.82 9.2699995 1.4499999 -2.291831 1.7188734 1.7188734
2.84 9.12 1.38 0.0 -0.57295775 0.57295775
2.3799999 9.11 1.41 1.7188734 -1.7188734 0.57295775
2.6799998 9.22 1.37 -3.4377468 0.57295775 2.8647888
2.8799999 9.429999 1.66 -5.15662 2.291831 1.1459155
3.04 9.48 1.9599999 1.1459155 -1.1459155 -1.1459155
2.83 9.29 1.66 6.3025355 -0.57295775 -2.291831
2.4199998 9.16 1.2099999 0.57295775 0.57295775 0.0
2.9299998 9.22 1.73 -2.291831 2.8647888 2.291831
3.1599998 9.32 1.73 2.291831 0.0 -0.57295775
2.6799998 9.2 1.3399999 6.8754935 -2.291831 -3.4377468
2.52 9.15 1.12 4.0107045 -2.8647888 -2.291831
2.5 9.05 1.41 -1.7188734 -0.57295775 -1.1459155
2.6 9.11 1.77 -2.8647888 1.7188734 0.0
2.77 9.21 1.8199999 2.291831 0.0 0.0
2.71 9.25 1.54 4.0107045 -0.57295775 -0.57295775
2.72 9.22 1.2099999 1.1459155 -1.1459155 -1.1459155
2.57 9.099999 1.27 -2.291831 0.57295775 -0.57295775
2.6499999 9.08 1.55 -3.4377468 1.1459155 0.0
2.7 9.09 1.75 2.291831 -0.57295775 -0.57295775
2.54 8.97 1.42 5.15662 -0.57295775 -0.57295775
2.48 8.92 1.17 2.8647888 0.0 0.0
