1.5347302 9.574705 -0.08140534 0.629125 4.86668 2.8511348
1.690358 9.670476 0.014365649 0.38412502 -0.66332 2.291135
1.6185298 9.624985 -0.06464542 0.944125 -5.2133203 0.926135
1.5658557 9.627379 -0.15562786 1.609125 -3.14832 0.261135
1.5083932 9.481328 -0.11253092 1.119125 -1.08332 0.226135
1.6161355 9.452597 0.057462595 -0.630875 -0.52332 0.261135
1.515576 9.574705 0.43336374 -1.995875 -1.6433201 0.47113502
1.23784 10.134965 0.7302538 -0.665875 -3.7783198 0.856135
1.0223553 11.643358 1.23784 3.4641252 -7.8033204 2.571135
1.5802214 13.508498 1.1731946 6.544125 -10.14832 5.406135
1.3934679 16.55641 0.9505271 1.784125 -9.90332 7.821135
0.4189981 20.794277 3.4333901 -17.290876 -5.2133203 8.906135
2.667222 22.736034 7.1828246 -48.860874 10.29168 18.671135
8.4781275 23.985846 7.0774765 -49.280872 21.31668 35.821136
9.58907 23.485441 4.642499 2.519125 4.58668 27.841135
8.13814 21.941133 2.657645 55.089127 -21.978321 -23.993866
7.4988685 18.390425 0.9601042 71.88912 -30.16832 -77.438866
5.90907 14.638597 -0.45012367 57.469124 -17.25332 -109.60387
3.6536634 11.686456 -0.5889916 29.574125 2.7666802 -132.59888
2.3032923 9.483723 -0.9194015 4.8991246 14.52668 -148.62886
1.8771114 7.398309 -2.4086404 0.909125 5.7766805 -154.85887
2.0973847 5.442187 -2.8108785 4.479125 -26.773321 -148.06888
1.8723229 3.5483153 -1.7669748 -13.475875 -53.898323 -133.61386
1.4844503 1.7741576 0.70870537 -53.690876 -53.40832 -119.54387
0.5554718 0.61293435 2.4684973 -92.19087 -38.74332 -103.82886
-0.062251143 0.04070267 3.8811195 -105.80587 -26.878319 -89.86386
-0.9433443 -1.0199611 3.0886145 -92.61088 -19.21332 -78.87386
-2.3152637 -1.5730386 2.0518935 -60.130882 -18.37332 -75.023865
-4.0894213 -1.6927522 2.0375278 -35.875877 -13.68332 -80.93886
-5.106988 -2.1285102 2.770176 -33.740875 -2.37832 -86.36387
-5.6409116 -2.3823035 3.5483153 -45.255875 8.92668 -81.84887
-5.4852834 -2.3463893 4.2618093 -62.160877 58.24168 -34.703865
-5.1213536 -2.3535721 4.7526355 -54.355877 79.45168 -9.118865
-5.078257 -1.9896424 4.8723493 -35.665874 88.51668 12.756135
-4.644893 -1.664021 4.786155 -10.185875 95.201675 33.336136
-2.6001825 -1.1899546 3.11974 19.319126 98.87668 53.181137
-1.0654523 -0.45012367 1.1085492 42.839123 100.59168 67.49613
-0.43096948 0.45251793 -0.49800915 43.189125 110.18168 74.91613
-0.6464542 1.1061549 0.028731298 20.509125 121.73169 77.61113
-0.031125572 1.8555629 0.29928434 -4.1308756 125.826675 84.75114
1.3623424 3.668029 -0.4860378 -17.850876 130.16669 106.20614
3.4812756 5.4517636 -0.16759923 -26.705875 138.07669 128.53615
3.641692 6.3280683 0.75659084 -28.525875 127.75168 133.19113
3.4429672 8.578687 0.5961744 -15.330875 100.836685 123.25113
5.6169686 10.953807 -2.1740015 8.294125 89.42668 129.06114
7.613794 11.423085 -3.6536634 20.299124 95.90167 145.86113
5.731894 11.760678 -0.9912298 5.284125 97.86168 132.94614
4.1373067 13.345688 -0.06464542 -11.760875 89.18168 96.12614
6.9505796 12.727965 -4.6281333 6.7191253 86.48668 99.06614
7.5084457 12.615434 -6.854809 27.299126 73.74669 122.20114
2.8348215 14.710424 -0.87151605 -5.670875 58.45168 111.45613
2.779753 17.198076 2.4062462 -61.320877 61.251675 90.24613
8.324894 16.812597 -2.7462332 -52.010876 71.086685 111.491135
12.349669 15.625037 -9.584282 8.329124 56.701683 137.49614
7.3192983 16.726404 -7.987301 25.619125 32.62168 113.06614
1.6137413 19.817413 0.44533512 -30.380873 18.166681 52.411137
5.312896 19.9898 -3.4094474 -75.950874 31.221684 23.956135
10.520444 18.20846 -9.45978 -25.130875 31.956678 48.491135
11.123801 15.194068 -11.375199 28.559126 3.8866804 54.721134
5.6935854 12.988941 -7.4653487 9.4141245 -15.3283205 9.326135
3.0263634 11.590684 -4.843618 -44.135876 -14.873321 -46.078865
3.1580484 10.755082 -4.62095 -68.04088 -18.82832 -65.64386
4.063084 10.345661 -4.3073006 -53.375877 -47.52832 -58.363865
4.680807 9.538791 -3.0646718 -34.300877 -83.40332 -51.748867
4.6041903 8.858817 -2.5642684 -24.885874 -103.493324 -53.778866
3.7422516 8.427847 -3.0886145 -9.345875 -109.58331 -58.538868
2.4780743 8.458973 -3.2107224 12.389125 -114.798325 -63.788864
3.1819913 8.439818 -3.0957973 22.959126 -125.823326 -67.18387
4.3791285 8.621783 -2.142876 9.519125 -147.90834 -37.748863
4.1420956 8.930645 -1.3958622 4.7941246 -160.47333 -34.00387
3.7709827 9.172467 -1.0439038 5.459125 -170.37831 -36.068867
4.5060253 8.760652 -1.1492519 4.549125 -175.45331 -28.088865
5.157268 8.528407 -0.019154198 -7.560875 -178.88333 -13.248864
5.8444247 8.277008 1.8938714 -24.640873 -181.01831 -1.593865
5.774991 8.2578535 3.4429672 -31.465876 -182.17331 4.251135
5.4757066 8.13814 2.875524 -22.610874 -179.05832 7.9611344
5.461341 8.150111 2.9641123 -19.775875 -171.18332 17.586136
4.9992456 8.624178 4.3192716 -27.580873 -162.43332 22.661135
5.0207944 8.990502 4.948966 -27.195875 -157.95331 20.281136
5.4254265 9.268238 4.2474437 -9.240874 -155.39832 13.771135
5.334444 9.797373 3.0191805 16.029125 -153.43831 5.896135
4.807704 9.945818 2.7725701 29.924128 -147.66331 -1.2788651
4.6041903 9.91948 3.0239692 26.179125 -137.58333 -2.7838652
4.7095385 10.130177 3.2969165 14.804126 -125.01833 1.9761351
4.9441776 10.237919 3.5698638 3.7091248 -114.16833 9.886135
5.4517636 9.708784 4.182798 -4.865875 -99.713326 18.566135
4.5467277 9.653716 5.61218 -9.065875 -91.13832 15.381135
4.067873 10.182851 5.9042816 -6.405875 -86.27332 7.7511344
4.4653225 10.774237 5.1045938 1.714125 -71.11832 12.126135
5.3727527 11.083098 4.68799 9.099125 -50.18832 21.646135
5.140508 11.564347 5.276982 6.789125 -38.74332 20.701136
4.5874305 12.086299 5.899493 -2.8008752 -26.49332 10.9011345
4.415043 12.045596 5.5571117 -7.5258756 -3.49832 4.531135
4.4294086 11.9953165 5.559506 -5.600875 14.56168 3.2711349
4.4820824 12.241927 6.22272 -3.9558752 25.30668 1.3811351
5.140508 12.6298 4.702356 -0.35087502 43.08668 -3.7638655
5.2267017 12.610645 2.578634 16.939125 59.991684 -11.533866
4.5419393 12.162916 1.5203645 33.389126 71.78668 -24.938866
3.6129606 11.492519 1.8364087 28.594126 81.20168 -38.938866
2.6265194 10.836488 1.8914771 9.6241255 100.45168 -46.253864
2.8539755 9.984126 1.1061549 -5.705875 131.04169 -42.718864
3.1939626 9.081485 0.15802214 -6.860875 146.68669 -32.743866
3.4429672 8.990502 -0.22985038 -2.2408752 130.86668 -21.963865
3.7709827 8.614601 -0.5554718 -0.280875 116.97169 -14.683866
3.1221344 8.858817 -1.1899546 0.174125 111.79168 -14.193865
2.1093562 9.055147 -2.1285102 7.7341256 110.251686 -22.138865
2.047105 8.746285 -2.8994668 19.879124 101.78168 -35.613865
1.951334 8.159689 -2.935381 8.924126 90.79168 -35.543865
1.3168511 7.9920893 -2.5475085 -2.2408752 77.98168 -36.523865
0.54828894 7.9585695 -2.3727264 -7.3158755 69.93169 -34.703865
0.72546524 7.7909703 -2.2961094 -9.660874 63.77168 -28.228867
1.7143008 7.7047763 -2.281744 -8.470876 54.181683 -19.443865
1.8364087 7.5276 -2.4684973 -2.1008751 44.10168 -18.533865
0.46209505 7.4653487 -2.578634 6.894125 37.48668 -27.703863
0.0 7.5515428 -2.80609 14.524126 28.246681 -31.518864
0.49082634 7.49408 -3.2921278 16.764124 21.77168 -23.503866
0.5913859 7.735902 -2.8803127 10.464126 20.266682 -13.073865
0.22506183 7.989695 -2.1069617 0.52412504 19.07668 -10.833866
0.3902668 8.248277 -1.8435916 -2.1008751 11.65668 -12.093865
0.75659084 8.535589 -2.1620302 5.739125 3.18668 -7.2288647
0.7805336 8.746285 -2.0878077 12.389125 0.80667996 -3.273865
0.85954463 8.990502 -1.5634614 8.259126 0.49168003 -3.623865
1.2593886 9.306546 -1.3431882 0.45412502 0.91168 -2.048865
1.0391153 9.404712 -1.2641771 -1.6108749 2.3466802 0.226135
0.9912298 9.356826 -0.84039044 -2.660875 2.83668 -2.258865
1.1684061 9.39274 -0.5458947 -7.3858747 2.55668 -5.583865
0.76137936 9.404712 -0.5602603 -8.5408745 3.7116802 -7.578865
0.08140534 9.486116 -0.3304099 -5.530875 6.2316804 -11.393865
-0.25858167 9.641745 -0.28731298 -2.2758749 5.1466804 -13.003865
-0.2753416 9.869201 -0.47167215 2.904125 -1.2583201 -9.153866
-0.117319465 10.060742 -0.7972935 7.6641254 -5.10832 -4.1488647
0.53392327 10.26665 -0.7637737 7.5941243 -4.16332 0.506135
0.88588166 10.225947 -0.51955765 1.9241251 -3.0433202 5.301135
0.6751855 10.182851 -0.2466103 -4.270875 -3.0083199 5.336135
0.38787252 10.041589 -0.06464542 -6.300875 -2.7283201 0.961135
0.55307746 9.905115 0.04070267 -6.020875 -2.9383202 -2.223865
0.45491222 9.759064 0.07422252 -5.530875 -2.8683202 -1.733865
0.05985687 9.701602 0.07422252 -3.7808752 -2.97332 -2.013865
0.0 9.608225 -0.014365649 -2.5558748 -2.37832 -2.7838652
0.2370332 9.665688 -0.105348095 -2.905875 -0.41832 0.226135
0.8571504 9.703996 -0.12689656 -4.340875 1.4016801 6.211135
0.9577099 9.802161 0.052674048 -6.405875 1.22668 8.696135
0.54828894 9.883567 0.19154198 -5.775875 0.63168 -1.243865
0.4285752 9.8548355 -0.1340794 -1.0158751 -0.06832 -3.8688655
0.54828894 9.763853 -0.4166038 1.2591251 -0.87332 -2.328865
0.62251145 9.727939 -0.19393626 -4.725875 0.28168002 -0.438865
0.3998439 9.73991 0.49082634 -13.195875 3.92168 -0.613865
0.3998439 9.737515 0.65124273 -13.440875 4.4466796 -0.998865
0.6464542 9.613013 0.117319465 -4.060875 1.05168 0.576135
0.43096948 9.514848 -0.26097596 3.884125 -0.59332 0.611135
0.09337672 9.567522 0.14605077 2.519125 -1.08332 -2.608865
0.03351985 9.672871 0.4189981 -2.1008751 -1.2933201 -3.098865
0.5889916 9.72315 0.102953814 -0.38587502 1.12168 2.6761348
0.88588166 9.799767 -0.22027329 4.7941246 0.52668 5.896135
0.6608198 9.845258 -0.44772938 6.6141253 -2.16832 1.5911349
0.53392327 9.938635 -0.56744313 3.779125 -2.27332 -2.8888652
0.55307746 9.979338 -0.4166038 -1.7858751 -1.32832 -3.3438652
0.57223165 9.835681 -0.11492519 -8.015875 -0.87332 -3.3788652
0.27055305 9.80695 0.12929083 -11.830875 -0.73332 -5.4088655
0.062251143 9.778218 0.0071828244 -10.360875 -0.38332 -6.178865
0.3328042 9.747093 -0.031125572 -6.300875 -2.48332 -3.8688655
0.35435268 9.6896305 0.14365649 -6.090875 -4.3383203 -0.403865
0.28013015 9.727939 0.16759923 -6.7908754 -1.74832 1.346135
0.45491222 9.75667 0.10055954 -5.075875 0.14168 2.151135
0.61293435 9.749487 0.14365649 -3.290875 -2.16832 2.011135
0.47885495 9.840469 0.2370332 -2.4508748 -4.86332 -0.053865
0.33519846 9.864412 0.14126222 -1.120875 -5.7733197 -1.033865
0.4189981 9.821315 0.102953814 0.594125 -5.4933195 -0.22886501
0.52913475 9.72315 0.12929083 -0.17587501 -3.6383202 0.926135
0.64166564 9.711179 0.34716985 -2.7658749 -2.06332 1.661135
0.25858167 9.816526 0.5027977 -3.675875 -2.23832 1.101135
0.34477556 9.787795 0.31843856 -1.505875 -2.7633202 -0.823865
0.5554718 9.660899 -0.028731298 2.834125 -2.55332 0.086135
0.5698374 9.641745 -0.031125572 4.549125 -2.20332 2.011135
