1.2067145 9.641745 -0.45491222 8.679125 -6.1933203 4.461135
0.8284191 9.534002 -0.15562786 1.6791251 -3.0783203 0.506135
0.818842 9.402317 -0.014365649 -2.0308752 -1.88832 0.821135
0.9385557 9.304152 -0.07422252 -1.365875 -4.23332 3.551135
0.97446984 9.404712 -0.014365649 0.034125004 -6.50832 4.986135
1.036721 9.636956 0.1987248 -0.105875 -7.0333204 5.686135
1.132492 10.10384 0.36632404 -0.210875 -5.0733204 7.156135
1.3072741 10.810151 0.505192 1.9591252 -5.0383196 8.871135
0.7948992 12.122213 0.4668836 3.6041248 -7.6283197 10.411136
0.52674043 13.716801 1.1372806 0.349125 -8.18832 11.146135
0.9074302 14.219598 1.8747171 -9.905875 -5.35332 12.161135
1.8699286 14.590711 2.1548474 -18.235874 1.4016801 13.771135
2.0399222 14.743944 0.35435268 -13.405874 15.716681 11.9861355
1.4581133 14.523671 -0.06464542 1.539125 16.766682 1.9761351
-0.6464542 14.9067545 1.4437478 4.374125 1.6466801 -15.628864
-2.1668186 16.058401 3.5938065 -6.230875 -12.77332 -31.133867
-1.063058 17.585949 4.802915 -14.350875 -2.30832 -34.668865
1.6137413 19.017725 4.7885494 -4.795875 12.18168 -23.608864
4.4916596 19.393625 3.3687446 24.674126 8.50668 -14.403865
5.1644506 18.644218 1.8148603 55.964127 1.54168 -23.433865
5.047131 16.963436 -0.28013015 74.72413 -4.23332 -45.448868
3.7230973 14.6074705 -1.2067145 73.42912 -7.4183197 -62.493866
2.5139885 12.737542 -1.403045 49.419125 0.10668 -70.858864
3.3759274 10.506078 -1.812466 20.229124 13.686681 -71.13886
4.515602 8.528407 -2.2458298 1.784125 9.10168 -62.983864
4.09421 6.7805862 -2.5738454 -8.470876 -19.318321 -56.298866
2.5307484 5.195576 -2.3846977 -19.740875 -37.273323 -62.70387
2.4469488 3.79732 -1.211503 -37.940876 -33.983322 -82.478874
2.3368123 2.6767993 -0.035914123 -60.340878 -27.858322 -85.17387
1.3814965 1.7430321 1.4126221 -88.58588 -3.9883199 -78.41886
0.6344828 0.19633053 1.1731946 -81.37588 20.82668 -80.37887
-0.5243462 -0.7110996 0.8739103 -64.36588 34.05668 -79.95887
-1.9178141 -1.1995317 1.2426286 -56.700874 32.551678 -81.11387
-4.577853 -1.2306572 2.6983478 -54.70588 26.181679 -82.093864
-5.3966956 -1.541913 3.3831103 -46.655876 27.056679 -78.94386
-5.643306 -1.1229149 3.11974 -25.340874 28.38668 -60.28887
-4.8579836 -0.72546524 1.8172545 -0.560875 29.296679 -34.668865
-4.1325183 -0.15802214 1.6520497 5.914125 38.606678 -6.773865
-3.6177492 0.3328042 2.099779 -4.270875 56.21168 13.421135
-3.3663504 1.4605076 2.9425638 -13.580875 71.43668 28.996134
-2.6528566 1.8819 2.4158232 -12.810875 85.75168 46.111137
-1.8507744 2.2434354 1.4652961 -10.010875 105.17668 61.65113
-1.2737542 2.8491871 1.7023294 -14.315875 116.55169 69.73614
-2.300898 3.397476 2.3775148 -25.235876 112.03668 64.48613
-0.9624985 5.1620564 2.719896 -29.050875 104.616684 64.83613
1.7262721 6.3280683 0.12210801 -17.780874 99.22668 88.25114
3.0287576 6.2346916 -1.0391153 -7.1408753 100.13669 110.82613
1.7406378 6.1030064 0.84996754 -17.920876 98.45669 109.77614
0.9577099 8.425453 3.912245 -43.645874 89.84668 92.80114
4.4653225 9.90272 1.8507744 -42.245876 89.21668 109.32114
7.405492 9.703996 0.18675344 -8.820875 82.77668 144.53113
4.98488 11.01127 2.5235655 5.809125 72.241684 135.71114
3.9888618 12.644165 3.4956412 4.654125 72.34668 103.266136
7.206767 12.24911 -0.16041641 28.489126 76.30168 105.54114
8.427847 11.368017 -2.7151077 67.23413 71.54168 124.96614
5.130931 13.599481 1.2138973 71.67912 68.18169 111.31614
4.5610933 14.72479 2.0399222 46.514126 73.22169 79.116135
8.688824 15.246742 -5.8444247 63.909122 87.60668 84.99614
11.676878 14.219598 -10.690437 105.909134 87.53668 110.61613
7.5084457 14.229176 -8.889942 90.43913 86.171684 102.601135
2.6217308 14.506911 -2.7390504 21.384125 84.38668 52.376133
3.859571 14.154953 -3.9792848 -31.010876 85.19169 19.721134
6.9457912 13.673703 -8.945011 -12.775875 74.62168 34.176136
9.749487 12.586702 -12.340093 23.099127 64.54168 53.006138
7.6904106 12.198831 -11.394354 19.179125 52.95668 47.826134
4.889109 11.466182 -7.8101244 -18.410873 28.07168 14.016134
4.72151 9.993703 -7.6305537 -59.15088 14.001679 -16.958864
5.482889 9.256267 -7.7526617 -65.905876 -0.48832 -18.988865
5.681614 9.143736 -7.333664 -59.360874 -22.60832 -13.843865
4.853195 9.560339 -6.423839 -57.750874 -66.07832 -29.698864
4.271386 9.727939 -5.899493 -54.845875 -88.89832 -35.928867
4.680807 9.39274 -5.111777 -52.185875 -109.82832 -34.038864
4.889109 9.763853 -4.166038 -49.420876 -122.743324 -32.953865
5.2290964 9.900327 -3.7111259 -40.880875 -136.39331 -36.418865
6.100612 9.44302 -4.1085753 -25.305874 -158.2333 -38.903866
6.203566 8.45179 -3.9050622 -21.175875 -175.73332 -42.64886
4.7885494 8.200391 -1.9226027 -34.230877 -179.05832 -44.643864
4.1373067 8.430242 0.40463245 -47.810875 -181.61333 -42.64886
5.06868 8.688824 0.48843205 -42.700874 -190.57332 -32.183865
6.122161 8.583475 0.2370332 -25.340874 -199.35834 -20.038864
6.3113084 8.648121 1.0917894 -17.780874 -197.46832 -11.533866
6.5220046 8.786988 1.5658557 -14.175875 -190.18832 -7.4038644
6.665661 8.789383 1.1731946 -5.355875 -189.03333 -4.428865
6.2059603 8.631361 0.76137936 1.749125 -188.47331 -5.793865
5.6744313 8.516436 1.9800652 -2.975875 -181.50832 -7.9288645
5.540352 8.456578 3.476487 -16.625875 -168.59332 -4.7788653
5.5714774 8.657698 3.8835137 -22.190874 -158.58331 -0.998865
5.940196 9.143736 3.3663504 -14.560876 -151.82832 4.2861347
6.265817 9.244295 3.6369035 -8.190875 -146.89333 9.396135
6.1724405 9.419077 5.0375543 -15.190875 -139.29832 10.726135
5.774991 9.483723 6.299337 -26.390877 -125.26332 9.221134
5.3464155 9.759064 6.402291 -28.840874 -107.72832 7.2261353
5.5283804 10.067925 6.0335727 -22.505877 -89.03832 6.176135
5.856396 10.118205 6.840443 -15.925876 -77.27832 7.366135
5.152479 10.395941 7.190007 -13.300875 -68.493324 4.1461353
4.187587 10.728745 6.2538457 -5.390875 -54.24832 -3.973865
3.7159145 10.874796 5.1452966 7.314125 -35.52332 -6.9488654
4.067873 11.10704 5.375147 10.639125 -22.433321 -3.6938648
4.4246197 11.557164 6.572284 -1.750875 -13.47332 3.236135
4.640105 11.9953165 7.1588817 -18.655874 3.08168 8.696135
5.0662856 12.263475 6.58665 -22.575876 23.381681 7.856135
5.255433 12.356853 5.7031627 -13.440875 40.916683 2.8511348
4.8723493 12.184464 5.1859994 -2.2058752 50.68168 -6.178865
4.1947694 12.119819 4.6113734 2.554125 60.93668 -16.783865
3.9984388 11.7750435 3.4238129 4.479125 73.676674 -22.733864
5.0375543 11.466182 2.2362528 8.224125 83.44168 -21.263865
4.929812 10.903527 2.0925963 1.574125 97.02168 -16.923864
4.1588554 10.541992 2.3416007 0.209125 110.70668 -21.263865
4.4270144 10.106234 0.600963 15.154125 116.41168 -20.038864
4.12773 9.718362 -0.71588814 34.929127 104.30168 -22.838865
3.1053743 9.464568 -1.2785428 41.019127 93.06668 -29.978865
2.9497466 9.5244255 -2.3200524 38.954124 95.37668 -30.328865
3.2705793 9.273026 -3.510007 37.90413 96.81168 -26.933867
3.057489 8.91149 -3.869148 31.289127 95.97169 -28.683865
2.2266755 8.46855 -3.0910087 15.924125 95.93668 -34.248867
1.4605076 8.10462 -2.5235655 5.319125 88.83168 -39.288864
0.9720756 7.6018224 -2.944958 10.184125 75.356674 -37.678864
1.5802214 7.283384 -4.070267 19.949125 62.75668 -29.628866
1.6975409 6.8691745 -4.3791285 20.159126 54.741676 -21.718864
0.94095 6.7398834 -3.849994 7.9441247 54.14668 -22.768866
0.7446195 6.6608725 -3.8906965 -1.5408751 50.26168 -23.293867
1.1253091 6.5004563 -3.9433706 -0.980875 36.92668 -17.728865
0.8978531 6.5004563 -3.4453614 -5.460875 32.65668 -13.213865
0.38787252 6.7303066 -2.3918805 -20.055874 37.87168 -9.678865
-0.39266106 6.857203 -1.2498114 -31.745876 47.216682 -6.6338654
-0.32083282 7.0942364 -0.44533512 -28.840874 45.64168 -5.093865
0.17478207 7.7167478 -1.5083932 -8.225875 29.541681 -1.6638651
0.32562137 8.351231 -2.2889266 21.699125 8.08668 0.086135
0.40463245 8.770228 -2.3128695 35.944122 -6.2283196 -2.503865
0.54828894 9.246689 -1.9585168 28.699127 -8.18832 -4.3238654
0.8571504 9.58907 -1.5778271 14.734125 -0.97832 0.086135
1.0439038 9.670476 -1.0917894 3.2891252 8.71668 6.911135
1.211503 9.816526 -1.0534809 -2.3458753 11.48168 7.9611344
1.4054393 9.883567 -0.9768641 -1.505875 7.87668 5.196135
0.8356019 9.761458 -0.5554718 -0.735875 2.9766798 0.821135
0.6703969 9.775824 -0.3040729 -4.095875 0.56168 -3.1338649
0.9577099 9.783007 -0.22985038 -2.695875 1.6466801 -1.6988649
1.0462981 9.79019 -0.6895511 2.659125 -2.20332 0.226135
1.0558752 9.909904 -0.6560313 8.574125 -6.50832 -0.613865
0.80208206 9.881172 -0.54350036 8.504125 -5.5983195 -2.398865
0.6608198 9.909904 -0.4644893 5.3891253 -1.5033201 -3.973865
0.84996754 9.785401 -1.010384 5.179125 0.21168001 -3.553865
0.90503585 9.871595 -1.3455825 8.224125 -3.7783198 -1.873865
0.8643332 9.950606 -0.87151605 7.524125 -7.5583196 -1.3138651
1.0917894 9.979338 -0.50998056 -8.050876 -3.1133199 -0.368865
0.9864412 9.953 -0.40223816 -7.945875 -3.7433202 -0.71886504
1.0055954 9.993703 -0.49800915 -4.515875 -4.72332 -2.503865
1.1396748 9.897932 -0.53392327 -3.8508751 -5.80832 -3.798865
1.1708003 9.821315 -0.50040346 -5.7408752 -3.42832 -4.428865
0.79250497 9.703996 -0.2849187 -7.805875 0.52668 -4.043865
0.45012367 9.510059 0.27055305 -9.625875 1.82168 -4.743865
0.73743665 9.421472 0.29928434 -8.295875 0.98168004 -3.728865
0.7948992 9.502876 -0.05027977 -2.415875 0.56168 -0.47386503
0.6464542 9.624985 -0.37829542 1.609125 2.90668 1.4161351
0.9289786 9.62259 -0.4070267 0.804125 3.11668 3.2011352
1.0846065 9.687236 -0.15323359 -3.045875 1.9266801 3.8661351
0.8739103 9.818921 -0.062251143 -4.585875 1.6466801 2.746135
0.88588166 9.871595 -0.1987248 -1.715875 1.82168 1.031135
0.72546524 9.732727 -0.49800915 1.119125 -0.03332 -0.613865
0.77574503 9.668081 -0.4932206 0.45412502 -0.62832004 -1.6638651
0.73743665 9.696813 -0.14844504 -4.620875 2.17168 0.506135
0.74222517 9.684841 0.11013664 -8.260876 3.99168 1.4161351
0.8044763 9.63935 0.098165266 -6.300875 1.7866801 0.611135
1.036721 9.615408 -0.011971374 -0.87587494 -2.58832 0.401135
0.92658436 9.536397 -0.0670397 3.149125 -4.5833197 -0.403865
0.61293435 9.737515 -0.11013664 4.724125 -3.46332 -2.3638651
0.77574503 9.814133 -0.32562137 5.179125 1.36668 -0.788865
1.0343267 9.8237095 -0.63208854 5.7741256 3.8166797 3.3061352
1.1109436 9.8548355 -0.8475733 5.809125 2.59168 4.531135
0.9601042 9.883567 -0.70631105 3.7091248 0.35167998 2.151135
0.9122187 9.905115 -0.48843205 -1.155875 -0.66332 -1.173865
0.76137936 9.751882 -0.20351335 -4.445875 -1.1533201 -2.538865
0.57462597 9.737515 -0.076616794 -5.005875 -0.87332 -3.5888653
0.7709565 9.656111 -0.28013015 -3.325875 -0.34832 -4.0088654
0.76616794 9.627379 -0.30886146 -0.525875 -1.36332 -2.4338648
0.50758624 9.670476 -0.05985687 -0.805875 -0.9433201 -1.6638651
0.6608198 9.711179 0.090982445 -2.8008752 1.15668 -0.613865
0.96489275 9.72315 -0.06943397 -1.6108749 0.38668 2.011135
1.1492519 9.725544 -0.2681588 1.819125 0.03668 3.9011352
1.1013664 9.641745 -0.3232271 4.2341247 1.4366801 3.3061352
