0.94 9.66 0.25 6.8754935 -14.323945 13.178029
0.11 9.5199995 0.07 8.021409 -24.064226 20.62648
0.7 9.559999 -0.14 9.167324 -33.231552 20.62648
1.1899999 9.5 0.12 10.31324 -29.793804 17.761692
1.2099999 9.74 0.11 6.8754935 -20.62648 14.323945
1.25 9.78 0.0 5.7295775 -17.188732 12.032113
0.97999996 9.55 0.48 14.896902 -22.91831 9.740283
0.7 9.29 0.049999997 12.605071 -19.480566 11.459155
0.34 9.179999 -0.16 5.15662 -18.334648 14.896902
0.19999999 9.23 0.42 -0.57295775 -18.334648 19.480566
0.37 9.29 1.18 1.7188734 -17.761692 22.91831
0.72999996 9.92 2.03 11.459155 -21.199438 24.064226
0.16 11.11 1.89 4.583662 -19.480566 28.07493
-0.049999997 13.63 2.37 -14.323945 -8.021409 29.793804
1.8499999 15.889999 2.36 -31.51268 4.0107045 10.31324
2.77 17.369999 4.2999997 -14.323945 -9.167324 -4.0107045
0.13 21.14 8.84 29.220846 -40.107044 1.7188734
1.87 25.449999 9.7699995 36.669296 -25.210142 -28.07493
9.92 23.369999 4.92 3.4377468 64.17127 -96.256905
8.0199995 21.08 5.7 20.053522 65.317184 -131.20734
6.66 17.69 3.75 34.377464 63.02536 -146.67719
5.8399997 14.62 1.1 21.772396 70.47381 -146.10423
6.75 10.94 0.08 9.167324 79.06818 -148.39606
6.12 7.2 -0.47 12.032113 106.57015 -148.96902
3.9399998 4.0299997 -2.04 16.042818 107.143105 -138.65578
1.29 1.73 -3.5 19.480566 86.516624 -114.59156
0.26999998 0.03 -4.81 12.605071 61.30648 -95.11099
0.0 -1.02 -5.52 -1.7188734 54.43099 -81.36001
-1.12 -1.37 -5.0699997 -10.31324 46.98254 -65.317184
-1.52 -1.9699999 -4.92 -20.053522 37.242256 -45.263664
-2.77 -2.1399999 -3.6799998 -24.064226 28.07493 -28.64789
-3.06 -1.5699999 -2.87 -34.950428 18.334648 -13.178029
-2.45 -1.1899999 -1.6999999 -50.420284 12.605071 0.0
-2.26 -0.71 0.42999998 -56.14986 21.772396 8.021409
-3.1599998 0.57 2.72 -43.544792 26.929016 21.199438
-1.48 1.6999999 3.82 -4.583662 27.501974 18.907606
-1.4 3.12 3.6499999 -1.1459155 36.09634 22.91831
-0.59 3.73 2.6299999 -16.042818 45.83662 24.637184
-0.75 4.23 2.62 -33.80451 51.5662 32.085636
-1.7199999 5.21 3.87 -45.83662 55.576904 47.555496
-1.1 6.5 3.3799999 -76.77634 68.75493 63.02536
0.77 6.68 4.7599998 -120.32113 99.69466 65.890144
1.3199999 6.39 7.17 -98.54874 96.256905 68.75493
2.06 6.29 6.74 -60.160564 104.27831 79.641136
1.66 7.39 4.21 -29.220846 119.17522 85.94367
2.4299998 8.28 1.64 -20.053522 111.72677 87.089584
2.23 10.309999 1.18 -12.605071 99.1217 92.81916
2.98 12.78 0.31 -12.605071 97.402824 89.95437
3.03 14.179999 -1.24 -21.199438 93.96508 87.662544
3.05 15.03 -1.63 -20.62648 85.37071 81.36001
2.4099998 16.31 -0.88 -7.448451 78.49522 80.21409
3.1399999 17.06 -1.9599999 -4.0107045 66.463104 76.203384
4.27 17.09 -3.54 0.0 48.128452 47.555496
3.83 17.34 -1.8399999 27.501974 41.825916 30.939718
3.34 16.38 -4.47 33.80451 33.80451 23.49127
3.4499998 15.139999 -6.5699997 9.167324 23.49127 14.896902
2.9199998 13.889999 -5.93 -9.740283 18.907606 5.15662
2.4099998 12.94 -3.97 3.4377468 3.4377468 0.0
1.9399999 12.389999 -4.0699997 27.501974 -24.064226 0.0
2.79 11.69 -5.75 17.761692 -37.242256 -5.7295775
3.0 10.66 -6.58 2.291831 -41.25296 -9.740283
2.6299999 9.82 -6.0299997 -4.0107045 -52.139156 -7.448451
2.06 9.059999 -5.38 -4.0107045 -64.17127 -0.57295775
2.6499999 8.57 -4.63 0.0 -73.91155 2.291831
4.74 6.8199997 -3.76 9.740283 -86.516624 -0.57295775
4.47 5.18 -3.82 17.188732 -96.829865 -1.1459155
2.52 4.68 -3.32 30.939718 -111.15381 2.8647888
1.04 5.19 -2.95 53.285076 -128.34254 24.637184
3.07 6.04 -4.3399997 63.02536 -147.25015 48.701412
5.18 6.21 -5.5299997 46.98254 -154.69861 53.285076
5.02 6.45 -5.5899997 -3.4377468 -146.67719 59.58761
4.73 7.3199997 -4.0099998 -21.772396 -150.11493 67.03606
5.99 8.23 -1.99 -22.91831 -148.39606 63.02536
7.52 9.15 -1.1 -17.188732 -153.55267 53.858032
7.69 9.309999 0.02 -2.8647888 -153.55267 50.420284
7.18 9.92 1.16 13.750987 -159.28227 56.72282
7.66 11.45 -0.03 0.0 -155.84453 53.285076
8.13 11.49 0.47 -14.896902 -143.23946 45.263664
7.6499996 12.19 2.08 -18.907606 -142.66649 39.53409
7.5099998 12.509999 3.1799998 -19.480566 -144.38536 32.085636
7.1099997 12.0 2.73 -29.220846 -131.20734 24.637184
6.6099997 11.3 3.34 -44.69071 -115.16451 19.480566
5.95 11.7699995 5.72 -37.815212 -103.1324 16.042818
5.5099998 12.389999 6.97 -25.7831 -91.67324 6.8754935
5.5 12.09 6.62 -17.761692 -76.77634 -5.15662
4.5699997 11.49 6.2 -12.032113 -65.317184 -10.886198
3.82 10.62 5.75 -6.3025355 -60.733524 -8.594366
2.72 11.059999 5.5299997 -14.323945 -46.98254 -7.448451
3.4499998 11.929999 5.25 -20.62648 -32.658592 -14.896902
3.09 12.32 6.39 -12.032113 -24.637184 -21.199438
2.73 13.0199995 6.18 -6.8754935 -18.334648 -23.49127
2.07 13.66 5.48 -14.896902 2.291831 -24.637184
2.4099998 14.889999 6.2799997 -16.615776 12.605071 -24.064226
3.6899998 16.1 6.02 -17.188732 34.950428 -44.11775
5.12 15.929999 5.2999997 -13.750987 51.5662 -68.75493
4.79 14.809999 4.94 1.1459155 58.441692 -82.50592
4.0 14.009999 4.36 12.032113 60.733524 -88.80846
4.27 13.219999 2.87 9.167324 68.18198 -93.96508
4.5899997 12.08 1.37 0.57295775 79.641136 -97.97578
3.9599998 10.98 -1.01 -20.62648 88.2355 -93.96508
3.52 7.72 -1.5 -31.51268 93.39212 -90.52733
2.49 6.1 -2.3 -38.38817 99.1217 -80.21409
1.38 4.54 -3.03 -40.680004 98.54874 -65.890144
0.63 3.79 -2.6699998 -28.07493 88.2355 -52.712116
0.21 3.37 -2.5 -2.291831 68.75493 -38.38817
0.08 3.1299999 -2.96 36.09634 42.398876 -24.637184
-0.68 3.4199998 -3.51 42.398876 27.501974 -10.31324
-0.17 4.42 -4.5699997 23.49127 20.62648 -8.021409
0.5 5.2999997 -5.17 -8.594366 21.199438 -14.323945
0.32 5.89 -4.23 -25.7831 22.345354 -16.615776
-0.35999998 6.3599997 -2.29 -21.199438 14.896902 -11.459155
-0.68 7.04 -1.24 -14.896902 13.178029 -2.291831
-0.45 7.52 -0.71999997 -12.032113 17.188732 -0.57295775
-0.39 7.7 -0.26999998 0.57295775 16.042818 0.0
-0.45999998 8.04 -0.57 16.615776 6.8754935 1.1459155
-0.34 8.65 -1.66 21.199438 -1.1459155 3.4377468
0.06 8.84 -2.4199998 9.167324 -1.7188734 0.0
-0.93 8.91 -2.01 -10.31324 -0.57295775 9.740283
-1.75 9.12 -1.5999999 -20.62648 -4.583662 24.637184
-0.78999996 9.53 -0.79999995 -21.199438 -6.3025355 28.07493
0.14 10.19 0.14999999 -12.605071 -8.021409 21.199438
0.87 10.8 0.65999997 -0.57295775 -9.740283 12.032113
0.89 10.95 0.53999996 6.8754935 -10.886198 1.7188734
-0.14999999 10.61 0.16 5.7295775 -5.15662 3.4377468
-0.17 10.45 -0.04 1.1459155 -3.4377468 6.8754935
0.31 10.53 0.17 0.57295775 -2.8647888 5.15662
0.29999998 10.69 0.45 5.7295775 -3.4377468 1.1459155
0.04 10.559999 -0.02 8.594366 -2.8647888 0.0
0.17 10.24 -0.45 0.0 -1.7188734 -1.7188734
0.07 9.9 -0.26999998 -2.8647888 -1.1459155 -1.1459155
-0.22999999 9.86 0.22999999 0.0 -2.8647888 0.0
-0.07 9.95 0.52 5.15662 -4.0107045 -1.1459155
0.48999998 9.94 0.17 5.7295775 -0.57295775 -6.8754935
0.38 9.74 -0.47 0.0 0.0 -10.31324
-0.29 9.33 -0.59999996 -4.583662 -1.7188734 -4.0107045
-0.48999998 9.11 0.21 -2.8647888 -1.1459155 0.0
-0.42999998 9.2 0.24 -0.57295775 0.57295775 1.7188734
-0.04 9.49 0.11 1.1459155 -1.7188734 1.1459155
0.19999999 9.5199995 -0.24 2.291831 -3.4377468 -2.291831
-0.22999999 9.349999 -0.29 -0.57295775 -2.8647888 -3.4377468
-0.64 9.3 0.049999997 -1.7188734 -3.4377468 0.57295775
-0.48999998 9.2699995 0.26 -2.291831 0.0 3.4377468
-0.28 9.32 0.35 -1.7188734 2.291831 5.15662
-0.14 9.57 0.41 0.57295775 0.0 4.0107045
0.0 9.78 0.55 6.8754935 -3.4377468 0.57295775
0.17 9.809999 0.37 6.8754935 -4.583662 -0.57295775
-0.32999998 9.59 -0.17999999 -6.8754935 2.291831 1.7188734
-0.45 9.79 0.5 -7.448451 4.0107045 5.15662
0.02 9.79 0.62 0.0 1.7188734 4.583662
0.45 9.87 0.26999998 3.4377468 2.8647888 0.0
0.02 9.86 0.099999994 4.0107045 1.1459155 -2.291831
-0.31 9.84 0.19999999 4.583662 0.0 -0.57295775
-0.35 9.7 0.14999999 4.583662 2.291831 0.57295775
-0.29 9.78 -0.11 0.57295775 3.4377468 1.7188734
-0.02 9.679999 -0.42 -2.291831 2.8647888 0.57295775
-0.01 9.76 -0.19 -1.1459155 1.1459155 0.0
-0.049999997 9.809999 -0.07 0.0 -0.57295775 0.0
-0.14999999 9.559999 -0.16 4.0107045 -8.021409 2.8647888
-0.44 9.48 -0.13 4.583662 -9.740283 6.3025355
0.099999994 9.69 0.01 4.0107045 -6.8754935 5.7295775
0.39 9.87 -0.04 0.57295775 -0.57295775 2.291831
0.17999999 9.719999 -0.099999994 -4.583662 2.8647888 0.0
-0.049999997 9.7 0.25 -6.3025355 3.4377468 0.57295775
0.0 9.66 0.53999996 0.0 0.0 0.0
0.11 9.71 0.71 8.021409 0.0 0.0
0.06 9.679999 0.35999998 9.167324 0.57295775 0.0
-0.08 9.61 -0.19999999 5.15662 1.1459155 0.0
-0.16 9.66 -0.26 1.1459155 0.0 1.1459155
-0.03 9.75 -0.17 -0.57295775 1.1459155 0.57295775
0.01 9.83 -0.35999998 -5.7295775 1.7188734 0.0
0.03 9.76 0.02 -5.7295775 0.0 -0.57295775
