2.32 10.05 0.62 -2.291831 -4.583662 7.448451
1.8399999 9.91 0.57 -3.4377468 -16.615776 8.021409
1.31 9.79 1.02 -1.1459155 -21.199438 16.615776
1.75 10.32 2.22 10.886198 -15.469859 19.480566
2.22 10.929999 2.09 28.07493 -10.31324 13.178029
1.67 11.88 1.4 31.51268 -8.594366 8.021409
0.74 13.7699995 1.8 18.907606 -14.323945 15.469859
1.9499999 16.02 3.78 13.178029 -18.334648 21.772396
3.9499998 17.66 5.0899997 20.053522 -8.594366 -1.7188734
4.65 19.439999 5.45 12.605071 4.0107045 -27.501974
5.5099998 19.48 5.2799997 0.57295775 18.907606 -50.420284
4.8599997 18.449999 5.8199997 12.605071 32.658592 -60.160564
4.65 17.119999 6.48 41.825916 40.107044 -72.76564
4.69 15.75 5.85 72.76564 41.25296 -80.78705
7.64 14.42 0.53999996 77.349304 49.27437 -113.44564
7.22 12.32 -2.09 44.11775 63.598316 -138.08282
5.21 9.059999 -3.1799998 -5.7295775 87.662544 -140.94762
3.1799998 6.16 -3.24 -56.14986 96.829865 -128.9155
0.82 3.98 -1.74 -71.04677 91.10028 -110.0079
-0.12 3.27 0.19999999 -2.8647888 67.03606 -89.95437
0.35999998 2.52 -0.25 41.825916 53.285076 -92.24621
-0.42999998 2.07 -2.8 43.544792 40.107044 -84.22479
-1.38 1.8399999 -4.16 16.042818 33.231552 -68.18198
-1.63 1.51 -4.24 -10.31324 34.377464 -53.285076
-2.1299999 0.96 -3.6 -19.480566 33.80451 -41.825916
-2.8899999 0.71 -1.49 -22.345354 24.064226 -22.91831
-2.83 0.38 -1.02 -34.377464 20.053522 -10.886198
-3.4399998 0.59999996 0.65 -41.25296 20.62648 4.0107045
-3.01 1.0699999 2.3799999 -34.377464 20.62648 15.469859
-2.3 1.43 3.1999998 -24.637184 29.220846 18.907606
-2.01 1.9499999 3.1899998 -31.51268 49.27437 32.658592
-1.88 1.99 2.69 -37.242256 53.858032 39.53409
-1.7199999 2.37 3.3 -33.80451 52.139156 45.83662
-1.54 2.9199998 3.1299999 -44.69071 57.29578 50.420284
-0.78999996 3.61 2.23 -76.203384 66.463104 55.00395
-1.18 3.76 2.95 -104.85127 61.879436 75.630424
2.57 3.3799999 5.3199997 -107.716064 75.630424 87.089584
3.34 3.55 6.0099998 -87.662544 88.80846 85.94367
1.36 5.68 7.4199996 -44.11775 88.2355 92.24621
3.4199998 8.38 5.42 14.323945 84.79775 97.402824
3.97 10.2 0.78 16.615776 89.95437 91.67324
3.1299999 11.78 -1.11 -20.62648 77.922264 107.716064
2.69 13.849999 -0.14 -60.733524 69.32789 131.78029
4.56 15.08 1.01 -56.14986 72.19268 131.78029
6.8599997 16.369999 1.14 -34.377464 60.160564 108.86198
6.91 17.63 1.7099999 4.0107045 48.701412 83.65183
5.7599998 18.5 1.75 33.80451 45.83662 70.47381
6.3999996 18.76 -3.62 16.042818 56.72282 52.712116
4.25 17.52 -3.08 1.7188734 49.27437 47.555496
5.16 17.65 -1.81 28.64789 21.772396 32.658592
5.96 16.89 -4.11 50.993244 12.605071 7.448451
5.38 15.469999 -6.44 37.242256 -1.7188734 -10.886198
3.3799999 13.38 -6.5099998 12.032113 -17.188732 -13.178029
2.86 12.28 -5.2599998 9.167324 -38.38817 -0.57295775
4.27 11.559999 -5.71 5.7295775 -53.285076 -9.167324
5.17 10.91 -5.8399997 1.1459155 -69.900856 -20.62648
5.3199997 9.929999 -5.15 2.8647888 -77.922264 -28.07493
4.2799997 8.929999 -4.8199997 4.0107045 -93.39212 -24.637184
4.33 8.389999 -5.04 -6.8754935 -111.72677 -16.042818
4.66 7.3999996 -3.5 -4.583662 -120.89409 -10.31324
4.9 7.93 -2.28 12.032113 -128.9155 -4.0107045
6.15 8.37 -3.1899998 18.907606 -139.22873 -4.583662
6.6299996 7.8199997 -3.87 2.291831 -143.23946 -9.740283
5.5299997 7.5 -2.01 -6.8754935 -145.53128 -1.7188734
5.8599997 7.3599997 -0.59 5.15662 -158.13635 13.750987
7.1299996 7.41 -0.74 6.3025355 -163.29297 10.886198
7.23 6.64 -0.48999998 4.0107045 -167.30367 14.896902
5.7999997 6.12 1.9599999 24.637184 -174.75212 29.793804
5.8199997 6.89 3.59 51.5662 -171.88734 40.680004
6.35 7.3599997 2.29 34.377464 -165.5848 51.5662
6.74 9.26 2.73 9.740283 -166.73071 58.441692
7.79 10.349999 4.25 -4.0107045 -157.5634 52.139156
7.6099997 11.19 5.74 -20.62648 -133.49916 34.950428
6.5299997 11.2 7.0099998 -45.263664 -114.59156 30.366762
6.16 10.559999 8.889999 -53.285076 -100.84057 28.07493
5.6099997 10.8 10.429999 -5.7295775 -57.868736 14.896902
5.21 11.09 9.42 14.896902 -40.107044 5.15662
4.0299997 11.23 7.18 11.459155 -36.09634 3.4377468
3.81 11.809999 6.24 1.7188734 -27.501974 0.0
3.6499999 12.5 6.6099997 -3.4377468 -13.750987 -5.7295775
3.87 13.03 6.49 -17.761692 4.0107045 -16.615776
3.9099998 13.48 7.62 -17.761692 20.62648 -22.345354
4.16 13.469999 7.99 2.8647888 37.242256 -28.64789
4.69 13.45 6.39 26.356058 50.993244 -41.25296
4.65 13.219999 4.24 34.950428 59.014652 -52.712116
4.47 12.889999 2.34 27.501974 64.17127 -57.29578
4.69 12.45 1.1999999 0.0 69.900856 -65.890144
4.42 11.58 0.84999996 -10.31324 76.77634 -64.74423
3.9399998 10.71 1.03 -8.021409 77.922264 -61.30648
4.04 9.559999 0.59 0.0 78.49522 -59.014652
3.61 8.8 -0.099999994 8.594366 79.641136 -54.43099
3.1899998 8.05 -1.9499999 -0.57295775 76.203384 -45.83662
2.6299999 7.02 -2.71 2.291831 70.47381 -38.38817
2.1 7.08 -2.6 19.480566 66.463104 -33.80451
2.1299999 7.0299997 -4.49 18.907606 55.00395 -29.793804
1.9499999 6.7799997 -5.52 -0.57295775 42.971836 -28.07493
1.8399999 6.6299996 -4.2 -8.021409 34.377464 -26.929016
1.78 6.7599998 -2.78 2.291831 29.793804 -26.356058
1.4499999 6.71 -2.8899999 0.0 29.220846 -22.345354
1.1899999 6.81 -2.9199998 -3.4377468 18.334648 -20.053522
1.48 6.94 -2.29 4.0107045 14.896902 -21.772396
0.89 7.0699997 -1.1999999 22.345354 14.323945 -19.480566
0.42999998 7.6099997 -1.65 16.042818 9.167324 -14.896902
0.71 7.58 -3.01 -0.57295775 10.31324 -13.750987
0.26999998 7.7999997 -1.5699999 -3.4377468 7.448451 -6.8754935
0.39 8.0199995 -1.1899999 3.4377468 6.3025355 -3.4377468
0.52 8.29 -1.62 3.4377468 5.15662 -2.8647888
0.48999998 8.599999 -1.77 -4.0107045 1.7188734 0.0
0.64 8.63 -1.35 -8.594366 0.0 0.57295775
0.51 8.8 -0.58 -2.291831 2.291831 1.1459155
0.58 9.139999 -0.58 -1.7188734 0.0 2.291831
1.0 9.099999 -1.1 -5.7295775 0.0 0.57295775
0.89 9.11 -0.81 -5.7295775 -1.7188734 1.1459155
0.7 9.22 -0.14 0.0 -1.7188734 4.0107045
0.84999996 9.53 -0.16 6.8754935 -1.7188734 5.7295775
1.06 9.71 -0.59999996 6.3025355 -3.4377468 5.15662
1.13 9.91 -0.75 1.1459155 -2.291831 4.0107045
1.18 9.809999 -0.51 -4.583662 -2.291831 4.583662
1.13 9.92 0.31 0.0 -0.57295775 4.0107045
1.42 10.179999 0.39999998 13.750987 3.4377468 -2.8647888
1.56 10.03 -0.22 12.605071 7.448451 -7.448451
0.90999997 9.73 -1.01 4.583662 6.3025355 -4.583662
0.39 9.59 -0.71999997 2.291831 2.291831 0.57295775
0.62 9.46 -0.48999998 4.0107045 1.1459155 1.7188734
0.9 9.45 -0.84 2.8647888 1.1459155 -1.1459155
0.69 9.59 -0.95 -6.8754935 0.0 -0.57295775
0.69 9.59 -0.53999996 -9.167324 -0.57295775 1.1459155
0.88 9.57 -0.19 -7.448451 -0.57295775 1.1459155
0.84999996 9.45 -0.26999998 -5.7295775 2.291831 1.7188734
0.76 9.33 -0.53999996 -7.448451 1.1459155 2.291831
0.88 9.599999 -0.19 -5.15662 -1.1459155 1.1459155
1.11 9.94 -0.089999996 -3.4377468 0.57295775 0.0
1.27 10.0199995 -0.69 -9.740283 0.0 -2.8647888
0.78999996 9.59 -0.57 -10.31324 -2.291831 -1.1459155
0.68 9.5 0.39999998 -1.7188734 -1.7188734 1.1459155
0.90999997 9.76 0.68 3.4377468 1.1459155 2.291831
1.23 9.73 -0.38 0.0 -0.57295775 -1.7188734
0.91999996 9.599999 -0.14 0.0 0.0 -1.7188734
0.77 9.37 -0.049999997 -2.291831 1.7188734 0.57295775
0.57 9.37 0.35 0.0 1.1459155 3.4377468
0.93 9.57 0.25 6.3025355 -0.57295775 3.4377468
1.13 9.78 -0.03 9.167324 -0.57295775 0.0
1.1 9.889999 -0.19 5.7295775 1.1459155 -0.57295775
0.93 9.809999 -0.41 -0.57295775 3.4377468 0.0
0.69 9.59 -0.42 -2.8647888 3.4377468 2.291831
0.74 9.45 -0.07 1.7188734 2.8647888 2.291831
0.78999996 9.55 0.07 8.594366 0.0 1.1459155
1.01 9.69 -0.84999996 6.8754935 1.7188734 -1.1459155
0.7 9.639999 -0.82 -1.7188734 1.1459155 0.57295775
0.77 9.599999 -0.37 -5.15662 0.0 2.8647888
1.1 9.71 -0.03 -0.57295775 0.0 2.8647888
1.48 9.91 -0.26999998 0.57295775 2.291831 -2.291831
0.88 9.65 -0.87 -9.167324 0.0 -1.1459155
0.48 9.49 -0.22 -7.448451 -0.57295775 2.8647888
0.90999997 9.61 0.52 2.8647888 0.0 1.7188734
1.3199999 9.76 0.37 9.167324 1.7188734 -1.1459155
1.1899999 9.67 -0.29 6.8754935 2.291831 -1.7188734
0.82 9.58 -0.59999996 1.1459155 0.0 0.0
0.84 9.29 0.35999998 7.448451 0.0 1.7188734
0.84 9.41 0.04 14.323945 -0.57295775 1.1459155
