1.74 9.25 1.23 30.939718 -3.4377468 -0.57295775
1.18 9.24 -0.29999998 33.80451 1.1459155 0.57295775
0.53999996 9.61 -0.57 21.199438 -10.31324 5.15662
2.08 9.87 1.29 8.594366 -22.345354 10.886198
0.87 10.25 1.54 2.8647888 -12.032113 1.1459155
0.62 10.98 1.78 1.7188734 0.57295775 2.291831
1.36 11.59 2.19 3.4377468 4.0107045 6.3025355
1.7099999 12.24 2.18 12.032113 -2.291831 5.15662
1.81 12.719999 1.8499999 17.188732 -9.167324 0.57295775
1.74 13.15 2.28 9.740283 -5.15662 -3.4377468
1.74 13.53 3.21 -4.0107045 17.761692 -11.459155
1.91 13.66 3.73 0.57295775 26.929016 -17.188732
1.8199999 13.46 4.2799997 13.750987 24.064226 -24.064226
1.5 13.2699995 4.11 34.950428 20.053522 -27.501974
1.3199999 13.4 2.26 46.98254 22.345354 -27.501974
1.42 13.639999 2.31 37.815212 26.929016 -30.366762
2.4199998 13.63 2.6799998 29.220846 33.80451 -34.950428
2.25 13.719999 2.31 35.523384 37.242256 -42.398876
2.27 13.58 0.55 41.25296 38.38817 -52.139156
2.1 13.45 -0.22999999 30.939718 38.38817 -56.72282
2.45 13.21 1.0699999 7.448451 40.107044 -61.30648
1.9 12.889999 2.3899999 -4.0107045 38.961132 -64.74423
1.8 12.65 2.77 18.907606 42.398876 -61.30648
3.08 12.32 1.38 46.40958 37.242256 -57.868736
3.6399999 11.41 -0.5 57.29578 32.085636 -64.74423
3.26 10.04 -1.4499999 56.14986 35.523384 -73.33859
2.11 9.099999 -3.1599998 57.29578 43.544792 -73.33859
3.1699998 5.2999997 -6.0899997 45.263664 38.38817 -68.18198
2.18 3.78 -5.02 2.8647888 43.544792 -79.641136
0.51 2.71 -3.83 -16.042818 48.701412 -89.95437
-0.82 1.3 -3.35 -21.199438 44.11775 -87.662544
-1.75 0.63 -2.6 -16.042818 35.523384 -78.49522
-2.3799999 0.19999999 -1.77 -9.740283 22.345354 -67.60902
-2.78 0.11 -1.36 0.0 12.032113 -55.00395
-2.3999999 0.0 -1.4399999 2.291831 -3.4377468 -34.377464
-2.8899999 -0.14 -1.37 -16.615776 8.021409 -26.356058
-3.48 0.39999998 0.22 -40.680004 20.053522 -15.469859
-3.04 0.64 2.05 -49.27437 16.615776 -1.1459155
-2.3 1.1999999 3.1299999 -44.69071 14.323945 7.448451
-3.04 2.4199998 3.48 -43.544792 26.356058 9.740283
-2.1599998 2.49 3.29 -56.14986 62.4524 18.334648
-2.29 2.86 5.1099997 -69.32789 68.75493 28.64789
-3.4299998 4.02 7.0899997 -62.4524 65.317184 33.80451
-2.05 5.2999997 4.87 -22.91831 71.61973 48.128452
1.09 5.6 1.05 6.3025355 88.80846 69.900856
2.0 5.85 0.0 -21.199438 89.38142 69.900856
0.48999998 6.48 3.46 -92.24621 121.46705 57.868736
-0.75 8.42 6.77 -72.19268 130.63437 64.17127
1.75 9.49 3.85 -9.740283 112.29972 83.07887
6.15 9.65 -0.79999995 1.1459155 90.52733 88.2355
4.4 9.7699995 -1.26 -55.00395 97.97578 68.75493
0.9 13.71 5.56 -79.06818 137.50986 61.30648
6.6299996 15.559999 -1.8199999 55.576904 88.80846 119.17522
9.7699995 16.49 -8.01 91.10028 57.29578 119.17522
7.43 16.41 -7.44 38.961132 48.128452 77.922264
4.08 17.55 -4.3199997 -17.761692 89.95437 40.107044
5.92 16.699999 -5.43 -20.62648 96.256905 49.84733
7.54 15.349999 -6.85 -2.8647888 72.76564 53.285076
5.74 14.5199995 -7.0299997 14.323945 49.27437 20.62648
4.61 13.309999 -7.6499996 23.49127 29.220846 17.188732
5.41 12.719999 -8.05 25.7831 10.31324 16.615776
6.18 11.13 -9.349999 26.356058 1.1459155 6.3025355
5.2799997 9.69 -9.55 25.210142 -16.615776 -4.583662
2.76 8.55 -9.59 22.91831 -40.680004 -6.3025355
5.02 8.07 -10.54 12.605071 -69.32789 18.907606
7.73 7.3799996 -11.969999 4.583662 -92.81916 24.064226
6.71 5.7799997 -12.49 -8.594366 -123.75887 13.750987
4.8599997 5.8199997 -8.7 -48.701412 -133.49916 1.1459155
5.95 6.27 -5.38 -73.33859 -127.76959 16.042818
8.54 6.35 -4.81 -57.29578 -155.27156 40.107044
10.29 6.1 -4.5299997 -34.950428 -190.22198 46.98254
9.75 7.12 -2.27 -37.815212 -187.3572 38.961132
9.84 7.96 -0.08 -33.80451 -190.22198 38.961132
10.41 6.94 0.58 -23.49127 -190.22198 37.242256
8.63 7.19 1.23 -13.178029 -184.49242 36.669296
10.13 9.179999 3.0 -11.459155 -193.08678 53.285076
9.13 9.09 4.14 -28.07493 -181.05466 48.701412
7.96 9.059999 6.14 -29.793804 -176.471 44.11775
7.52 11.5199995 8.059999 -23.49127 -189.64903 50.993244
8.23 13.53 7.79 -25.7831 -173.03325 56.72282
7.73 13.5199995 9.389999 -49.84733 -145.53128 40.107044
4.4 11.83 13.29 -74.48451 -111.72677 8.594366
2.3 12.32 14.049999 -14.896902 -95.11099 9.167324
3.37 12.94 9.61 26.356058 -86.516624 16.615776
2.98 12.95 7.71 7.448451 -60.733524 2.8647888
2.12 13.25 8.889999 -18.334648 -26.929016 -6.3025355
2.51 13.46 9.349999 -17.761692 -14.323945 -9.167324
0.58 14.86 9.3 -6.8754935 -5.15662 -16.615776
2.24 17.41 8.65 8.594366 7.448451 -21.772396
5.94 17.99 4.13 31.51268 7.448451 -14.896902
4.8599997 17.23 4.19 4.583662 28.64789 -42.971836
3.33 16.99 6.43 -26.356058 56.14986 -75.057465
5.21 15.7699995 5.33 -10.886198 57.29578 -75.057465
6.49 14.53 3.37 14.323945 60.160564 -79.06818
6.19 13.28 1.37 24.064226 72.76564 -99.69466
5.4 11.5199995 -0.42 12.605071 77.349304 -105.42423
4.66 9.37 -2.37 -8.021409 83.07887 -101.41353
5.22 6.8799996 -3.24 -37.242256 88.2355 -95.11099
4.15 4.15 -3.02 -54.43099 99.69466 -91.67324
1.2099999 2.3899999 -3.21 -42.398876 100.26762 -82.50592
-0.04 1.89 -4.7 0.0 77.349304 -71.04677
-0.24 2.2 -5.8799996 14.323945 60.733524 -48.128452
0.03 2.87 -4.56 6.3025355 37.242256 -29.220846
0.24 3.61 -3.07 1.7188734 21.772396 -16.615776
0.52 4.99 -3.3 17.188732 11.459155 -10.886198
1.09 5.6099997 -4.4 16.615776 8.021409 -10.31324
1.03 5.97 -4.0899997 -6.8754935 23.49127 -16.615776
-0.45 6.23 -2.48 -16.042818 20.62648 -22.345354
-1.25 6.72 -1.51 -6.8754935 10.31324 -13.750987
-0.42999998 6.93 -2.4199998 1.7188734 1.1459155 -3.4377468
-0.29999998 7.5499997 -2.21 -4.0107045 -1.7188734 -4.583662
-0.79999995 8.55 -0.26999998 -7.448451 0.57295775 -2.291831
-1.01 8.73 -0.69 2.8647888 1.7188734 0.0
-0.38 9.0 -0.71999997 9.740283 -5.15662 9.167324
0.17999999 9.82 -0.44 10.886198 -5.7295775 11.459155
0.42 10.219999 -1.43 13.750987 -4.583662 9.167324
0.13 10.23 -1.73 7.448451 -1.1459155 1.7188734
-0.59 10.19 -0.35999998 -13.178029 0.0 -1.7188734
-0.65 10.21 0.74 -9.740283 -2.291831 3.4377468
-0.26999998 10.2 0.39 4.0107045 -8.021409 6.8754935
0.32999998 10.32 0.03 8.021409 -10.31324 5.15662
0.22 10.41 0.57 6.8754935 -5.7295775 1.1459155
-0.35999998 10.17 0.76 12.605071 -1.7188734 0.0
0.099999994 9.889999 -0.59 20.62648 -6.8754935 5.7295775
0.26 10.0 -0.62 18.334648 -10.886198 4.583662
0.07 10.26 -0.77 14.896902 -5.7295775 0.0
0.08 9.82 -1.3 5.15662 1.1459155 -2.291831
-0.14 9.54 -0.71999997 -6.8754935 5.7295775 -4.0107045
-0.22999999 9.48 -0.39 -9.167324 0.0 -6.3025355
-0.089999996 9.51 -0.45 -3.4377468 -6.3025355 -5.7295775
-0.48 9.23 -0.089999996 -5.7295775 -2.8647888 -7.448451
-0.63 9.22 0.17999999 -4.583662 1.1459155 -4.0107045
-0.47 9.21 -0.07 -2.291831 2.8647888 0.0
-0.14 9.37 0.12 0.57295775 2.291831 0.57295775
-0.25 9.21 -0.04 9.167324 -2.8647888 -0.57295775
-0.26 9.559999 -0.32999998 15.469859 -8.021409 0.57295775
-0.14999999 9.49 -0.53999996 12.605071 -3.4377468 2.291831
-0.13 9.57 -1.26 10.31324 0.0 1.7188734
-0.049999997 9.8 -1.35 1.7188734 0.57295775 1.1459155
-0.02 9.82 -0.35999998 -10.886198 2.8647888 -0.57295775
-0.31 9.69 0.02 -12.605071 1.1459155 -3.4377468
-0.44 9.61 0.19999999 -3.4377468 0.0 -2.8647888
-0.35 9.559999 0.21 5.7295775 -1.7188734 -1.7188734
-0.32 9.599999 -0.39 13.178029 -2.8647888 -0.57295775
-0.35 9.679999 -1.18 9.740283 1.1459155 0.0
-0.44 9.639999 -1.22 0.57295775 2.291831 0.0
-0.07 9.73 -0.64 -3.4377468 -1.1459155 0.57295775
-0.35 9.57 -0.41 -2.8647888 0.0 -1.1459155
-0.5 9.44 0.02 -4.0107045 3.4377468 0.0
-0.5 9.5199995 0.28 -0.57295775 1.7188734 2.291831
-0.29 9.91 -0.21 10.31324 -2.291831 5.15662
0.049999997 9.92 -0.71 17.188732 -8.021409 4.583662
0.08 9.91 -1.13 13.178029 -8.021409 1.1459155
-0.22999999 9.66 -0.90999997 -5.15662 3.4377468 -2.291831
-0.59 9.57 -0.049999997 -10.31324 5.7295775 -1.7188734
-0.29999998 9.55 0.19999999 -2.8647888 2.291831 1.7188734
-0.24 9.38 -0.39999998 5.7295775 0.0 1.7188734
-0.31 9.58 -0.83 5.15662 0.0 1.1459155
-0.22 9.71 -0.78999996 0.0 1.1459155 0.57295775
-0.049999997 9.559999 -0.65999997 -2.291831 1.1459155 0.0
-0.25 9.7 -0.59 -2.8647888 2.291831 0.0
-0.099999994 9.7 -0.24 -4.583662 2.8647888 -1.1459155
-0.32 9.76 0.03 -2.8647888 1.7188734 -1.1459155
-0.32 9.67 -0.44 4.0107045 1.1459155 -1.1459155
-0.21 9.61 -0.71 5.7295775 0.0 0.57295775
-0.07 9.73 -0.65 2.291831 1.7188734 1.7188734
0.099999994 9.92 -1.13 0.0 1.1459155 0.57295775
0.03 9.84 -0.95 -8.594366 1.7188734 -2.291831
-0.42 9.719999 0.03 -10.886198 1.7188734 -3.4377468
-0.42 9.639999 0.42 -3.4377468 0.0 0.0
-0.04 9.69 -0.06 5.7295775 -1.1459155 1.1459155
-0.22999999 9.67 -0.76 8.021409 0.0 0.0
-0.45 9.62 -0.94 1.1459155 2.291831 -1.7188734
-0.19 9.61 -0.28 -6.8754935 4.0107045 0.0
-0.19 9.65 0.22999999 -6.8754935 1.7188734 0.57295775
-0.17999999 9.69 -0.14 2.291831 -1.1459155 0.57295775
-0.16 9.69 -0.65 6.8754935 -3.4377468 0.57295775
