3.1365 9.47654 0.04070267 4.973815 8.56674 11.426905
2.7055306 9.502876 0.6105401 5.253815 -0.49826 9.711905
1.951334 9.519637 1.1109436 -1.3261851 -11.17326 2.711905
2.0494993 9.486116 1.0486923 -6.856185 -7.7082596 -2.678095
2.3846977 9.44302 0.72785956 -5.771185 -3.75326 0.331905
2.648068 9.490906 0.7350424 -2.376185 -4.4182596 3.656905
2.5403256 9.555551 0.9888355 -2.971185 -3.99826 3.271905
2.1548474 9.538791 1.2522057 -7.1711845 -0.21826 -2.398095
2.073442 9.512454 1.350371 -5.211185 0.37674 -2.1880949
2.2075214 9.462174 1.0582695 -0.241185 -1.89826 0.12190501
2.3559663 9.416683 0.95531565 2.173815 -3.33326 1.8719051
2.3224466 9.368797 0.98404694 1.088815 -2.73826 2.641905
2.3032923 9.2419 1.0127783 -0.906185 -1.58326 2.711905
2.2458298 9.07909 1.0822122 -1.1161851 -1.19826 2.711905
2.1596358 9.059936 1.0606637 0.24881499 -1.9332601 2.816905
2.1931558 9.244295 1.0151725 2.453815 -3.12326 2.816905
2.3392065 9.529214 1.1133378 3.5038152 -4.76826 2.991905
2.291321 10.199611 1.4437478 2.138815 -5.81826 2.8519049
1.8507744 11.480548 1.9034485 -0.521185 -5.0482597 3.411905
1.324034 13.297802 2.2554069 -3.181185 -3.5782602 4.4969053
1.8411974 14.784647 3.2538195 -11.721185 -1.30326 7.331905
2.753416 16.800627 4.68799 -27.436186 8.49674 15.941906
5.593026 18.816607 4.731087 -32.371185 23.651741 23.361904
6.63693 19.185324 4.843618 -19.141186 24.94674 16.466906
6.431022 18.546053 5.008823 -0.801185 15.531741 -16.258095
5.906676 17.286665 4.304906 15.753815 13.29174 -51.9231
5.255433 16.185297 2.9329867 30.418818 18.12174 -74.743095
4.460534 14.820561 1.8914771 41.233814 19.31174 -89.2331
3.553104 13.527653 1.611347 38.363815 20.92174 -100.4331
3.46691 12.347275 1.0846065 25.938816 28.761738 -105.99809
3.040729 11.190841 0.20351335 16.523815 36.14674 -104.7381
2.4804688 9.8237095 0.1699935 8.648815 38.59674 -101.798096
3.007209 8.834874 0.0071828244 -5.071185 39.64674 -99.8381
2.8803127 7.82449 -0.22985038 -20.296185 39.54174 -97.2831
1.838803 6.632141 0.21069619 -32.966187 40.976738 -100.7481
1.1540405 5.499649 0.51716334 -44.971184 43.42674 -107.6081
0.82602483 4.6832013 0.3998439 -53.196186 42.97174 -106.2431
0.2944958 4.051113 0.4285752 -53.511185 40.62674 -95.2881
-0.15562786 3.3352249 1.0439038 -53.231186 39.12174 -83.8781
-0.29928434 2.310475 1.5395187 -55.436184 40.73174 -79.15309
-1.1253091 1.5778271 1.8507744 -50.991184 37.40674 -78.27809
-2.2458298 1.4916332 1.8651401 -34.961185 28.131739 -78.8731
-3.301705 0.7637737 1.6664152 3.153815 13.53674 -87.6231
-3.737463 0.22745611 1.8100717 9.313815 7.62174 -91.6131
-4.7550297 0.102953814 1.7430321 5.8838153 18.01674 -88.5681
-5.9378014 0.39266106 2.944958 -10.846185 49.97174 -70.368095
-6.342434 0.27055305 4.5539107 -20.716187 68.06674 -44.398094
-5.9617443 0.17478207 4.1612496 -6.6811852 61.90674 -17.693094
-5.5188036 0.5123748 2.3320236 16.698814 56.90174 9.746905
-4.276175 0.7853221 1.7885233 18.658815 68.06674 36.836906
-3.1412885 1.0199611 2.205127 0.87881505 78.04174 60.321907
-2.5906053 2.020768 2.8874955 -16.621187 81.156746 72.50191
-2.3032923 2.8420043 3.8260512 -24.951187 82.20674 72.256905
-2.2793496 3.213117 3.46691 -20.681185 80.351746 70.366905
-0.6177229 3.7638 2.6624336 -9.621184 79.091736 81.5669
0.6105401 5.1045938 0.6440599 -2.516185 83.50175 103.12691
1.132492 5.9976583 0.39266106 -5.946185 88.89175 116.00691
0.9577099 7.3192983 3.1269228 -27.226187 85.601746 114.85191
0.6057515 8.542772 5.3033185 -50.326187 80.59674 109.84691
2.597788 9.70639 3.1029801 -40.876186 80.351746 117.476906
5.238673 10.606637 -0.45251793 -1.9211851 77.90173 144.74191
5.209942 10.458193 2.1141446 14.668817 64.74174 152.2669
2.5092 10.556357 5.054314 -14.066186 59.246742 118.0019
4.2187123 10.673677 2.5211713 -25.616184 75.94174 97.281906
7.352818 10.474953 -3.0383348 21.003815 80.701744 125.28191
7.1756415 9.993703 -2.8467927 54.81382 60.821743 143.41191
4.5874305 10.3743925 2.7222905 17.573816 59.106735 127.59191
5.4685235 10.929865 4.6760187 -42.801186 82.03174 117.791916
8.310528 10.8700075 0.10055954 -33.911186 105.30674 140.47191
9.364009 10.836488 -2.2434354 35.773815 91.691734 158.2169
6.718335 12.44544 -1.297697 73.25881 64.146736 136.8319
6.1532865 13.644972 -2.4445546 65.24381 57.35674 106.2069
7.6257653 13.98496 -6.385531 67.93881 75.90674 104.1419
9.399923 14.040028 -7.6257653 92.78882 67.89175 115.34191
8.2387 14.346495 -5.916253 86.83882 50.18174 106.8019
7.51084 15.074354 -4.905869 52.153816 42.44674 80.201904
8.827691 14.231569 -7.450983 35.318817 45.981743 58.326904
8.631361 13.266677 -8.820508 53.868813 33.10174 49.436905
7.0870533 11.913912 -8.549955 42.318813 -5.67826 1.416905
6.2251143 10.379181 -6.732701 8.613814 -14.953259 -13.318095
6.2682114 9.189227 -6.124555 -15.116185 -21.00826 -12.198095
6.2346916 8.3129225 -5.6552773 -22.606186 -31.50826 -12.303095
5.705557 7.379155 -4.9944572 -24.846184 -49.39326 -18.883095
5.1979704 6.88354 -5.106988 -27.156185 -61.71326 -22.593096
5.1812105 6.656084 -4.946572 -35.521187 -68.60826 -17.763096
5.6504884 6.4860907 -4.130124 -50.046185 -76.34326 -11.008095
6.124555 6.3927135 -3.469304 -62.646187 -86.35326 -7.8230953
6.201172 6.426234 -2.9736893 -70.941185 -92.268265 -5.268095
6.117372 6.8955116 -3.0550947 -75.21119 -96.398254 -1.523095
7.0104365 6.9457912 -3.0287576 -76.401184 -104.30826 2.4319048
8.4230585 7.398309 -0.723071 -79.72619 -119.14826 3.586905
7.285778 7.6449194 -0.5363176 -72.37619 -138.18826 -6.248095
6.0072355 7.719142 -2.6145482 -43.886185 -148.58327 -20.458096
6.1628633 7.515629 -2.762993 -34.681187 -147.25327 -16.748095
6.63693 7.379155 -1.5443072 -55.506184 -147.18327 -2.048095
7.597034 7.2354984 -0.6177229 -74.75619 -144.13826 9.221906
7.9849067 7.26423 0.19154198 -76.75118 -147.81326 10.691905
6.7997403 7.371972 0.083799616 -64.99118 -155.72325 -0.228095
6.246663 7.3480296 -0.6273 -49.626183 -160.86826 -12.863094
6.778192 7.3049326 -0.22745611 -44.586185 -165.17325 -11.848095
7.3815494 7.388732 1.5059988 -57.956184 -165.48825 1.381905
7.3432407 7.5874567 2.47568 -71.746185 -153.09827 10.096906
6.5387645 7.927444 0.9960183 -60.091187 -144.90825 4.566905
6.5818615 8.250671 -1.2785428 -26.281185 -156.00325 -3.238095
7.283384 7.9513865 -0.50040346 -11.476185 -167.09825 1.2769051
7.8268843 7.8197017 1.5538844 -34.191185 -160.51826 14.961906
7.7143536 8.190814 1.0582695 -56.766182 -140.60326 21.646906
6.639324 8.174054 0.36871833 -50.641186 -125.13326 15.416904
6.2083545 7.963358 1.0391153 -39.371185 -122.61326 5.2669053
6.4980617 8.12138 2.1740015 -37.971188 -134.30327 5.0569053
6.8955116 8.382356 2.310475 -37.55119 -138.53825 13.2119055
6.897906 8.640938 2.176396 -32.196186 -128.87827 21.436905
6.9290314 8.703189 2.5403256 -27.436186 -115.26325 23.956903
6.4525704 8.885154 2.5594797 -26.981186 -102.59326 22.976906
5.715134 9.220352 2.4852571 -21.906185 -98.183266 18.706905
5.870762 9.404712 3.031152 -15.956186 -98.14826 16.081903
5.873156 9.620196 3.318465 -19.666185 -92.898254 20.141905
6.2155375 10.30017 2.80609 -21.941185 -68.188255 23.536903
6.533976 10.695226 2.2410412 -19.351185 -67.34826 21.611906
6.122161 10.604243 2.8635526 -31.076185 -59.928257 14.611904
5.935407 10.716774 3.8978794 -47.876183 -42.988262 10.411905
5.995264 10.541992 4.9010806 -58.341187 -22.96826 12.966905
5.899493 10.599455 5.5451403 -55.506184 -8.09326 12.406905
6.3735595 10.460587 5.341627 -38.426186 -1.0932599 5.1969047
5.9832926 10.40073 4.4629283 -16.376186 7.5517406 -5.058095
5.011217 10.498895 3.8619652 -2.796185 22.53174 -15.173095
4.8723493 10.776631 3.2825508 0.633815 39.05174 -17.728096
5.7127395 10.898739 2.5929997 1.823815 47.871742 -13.528095
5.9258304 10.879584 2.6073654 0.983815 53.89174 -13.633095
5.4685235 10.843671 2.6360965 -1.221185 63.411743 -20.738094
5.1620564 10.874796 1.9369683 2.138815 70.79674 -28.648094
5.253039 10.8149395 1.089395 11.518815 70.656746 -32.778095
5.05192 10.575512 0.531529 15.613816 69.36174 -34.843094
5.03516 10.362421 0.4932206 9.908815 73.45674 -35.718094
5.154874 10.240314 0.5027977 0.003815 81.26174 -34.283096
5.0806513 10.106234 0.5794145 -5.946185 87.87674 -34.073097
4.929812 9.694419 0.14605077 -3.6361852 88.646736 -37.993095
4.6305275 9.407105 0.15562786 1.9638151 83.32674 -42.018097
4.6640472 9.316123 -0.057462595 2.5938148 80.77174 -42.123096
4.867561 9.196409 -0.7446195 2.733815 83.08174 -38.693092
4.2618093 8.909097 -0.8667275 3.8188152 83.53674 -40.688095
3.6967604 8.741497 -0.65124273 0.24881499 83.64174 -47.303097
3.284945 8.722343 -0.50758624 -3.986185 80.07174 -46.918095
3.2202997 8.607418 -0.32801566 -2.411185 74.051735 -42.018097
3.9146392 8.475733 -0.61293435 2.558815 67.96174 -38.273094
3.9792848 8.48531 -1.0965779 8.263815 62.04674 -35.928093
3.0263634 8.516436 -1.472479 13.513815 60.646744 -39.148098
2.3679378 8.145323 -1.3982565 17.293816 62.57174 -46.253094
2.1380875 7.6305537 -1.637684 14.738814 62.57174 -48.458096
2.152453 7.5659084 -2.52596 12.743815 62.116737 -42.438095
2.2697725 7.398309 -3.241848 17.048815 57.21674 -34.458096
1.733455 7.0367737 -3.0694604 20.023815 45.73674 -31.938095
0.8643332 6.840443 -3.4262073 15.7888155 36.741737 -37.258095
0.011971374 6.7997403 -4.1181526 14.213816 21.58674 -41.843098
0.25379312 6.9745226 -3.519584 2.0688152 16.581741 -29.418097
0.6560313 7.2211328 -2.083019 -21.276184 19.62674 -15.068096
0.9960183 7.580274 -0.83081335 -33.281185 23.33674 -7.4730954
0.9960183 8.006455 -0.32562137 -26.841185 17.31674 -7.053095
0.79250497 8.152506 -0.19633053 -15.221184 11.436739 -8.628095
0.7398309 8.365596 -0.1340794 -7.1711845 10.56174 -7.578095
0.7637737 8.595447 0.2083019 -1.7461851 7.3417406 -4.253095
0.45730647 8.813326 0.028731298 4.203815 4.0867405 -4.008095
0.2681588 9.038387 -0.03351985 9.138815 1.0767399 -4.428095
0.30886146 9.198804 -0.03351985 9.698815 -0.35826 -0.963095
0.51716334 9.445415 -0.098165266 10.643815 -2.49326 3.796905
0.71828246 9.751882 -0.3304099 11.553815 -6.3432603 6.8069053
1.0032011 9.943423 -0.48124924 8.298815 -6.97326 6.561905
1.0079896 10.067925 -0.38787252 1.8938149 -5.22326 6.456905
0.9122187 10.134965 0.21069619 -4.7911854 -5.0132604 6.316905
0.9696813 9.962578 1.0247496 -11.231186 -6.4482603 5.406905
1.1492519 10.07032 0.89067024 -12.596186 -5.85326 5.546905
1.3048798 10.039194 0.7637737 -7.8361845 -4.48826 6.036905
1.132492 9.883567 1.0965779 -5.421185 -4.97826 4.251905
1.0127783 9.852441 1.0486923 -4.2311854 -5.57326 1.416905
0.95531565 9.857229 0.679974 -0.83618504 -4.87326 0.891905
1.0199611 9.79019 0.7877164 0.983815 -2.3882601 1.7669051
0.89067024 9.696813 1.063058 -1.361185 -0.25326 0.576905
0.73743665 9.687236 0.90024734 -2.131185 1.2517401 -3.2030952
0.9624985 9.828498 0.4189981 2.2438152 0.27174002 -4.953095
1.2402344 9.907509 0.45970076 7.8088155 -7.14826 -3.098095
0.92658436 9.814133 0.61293435 7.878815 -13.44826 -2.608095
0.89067024 9.804555 0.50758624 3.258815 -7.9182596 -3.6580951
1.1564348 9.780613 0.5985687 0.458815 -3.75326 -0.718095
1.1564348 9.711179 1.0343267 -2.271185 -0.81326 3.691905
1.2138973 9.72315 0.88588166 -3.846185 1.2517401 3.796905
1.1803775 9.890749 0.28970724 0.458815 -1.79326 1.9419049
1.1109436 9.912297 0.15562786 5.358815 -2.66826 0.086905
0.9385557 9.759064 0.679974 4.343815 -2.24826 -1.2780951
0.81165916 9.732727 0.89545876 -0.976185 0.06174 -2.013095
0.94573855 9.77343 0.41420954 -1.4661851 1.63674 -0.963095
0.9337672 9.869201 0.08858817 5.218815 -1.75826 0.821905
1.0247496 9.79019 0.27294734 7.9838147 -2.73826 1.066905
1.1660118 9.744699 0.6057515 -1.5011849 3.94674 2.0819051
1.3455825 9.677659 0.44533512 -0.101185 3.9817402 0.78690505
1.0558752 9.715967 0.5770202 1.508815 3.38674 -2.923095
0.85954463 9.648928 0.7350424 1.788815 0.97174 -5.373095
0.82602483 9.641745 0.600963 3.258815 0.58674 -3.098095
0.9601042 9.72315 0.4932206 4.623815 1.60174 0.68190503
1.1923488 9.821315 0.34477556 4.168815 2.1967402 2.571905
1.2450229 9.857229 0.2849187 2.978815 2.26674 1.6269051
0.9337672 9.826104 0.38308397 1.683815 0.41174 -1.698095
0.6656084 9.852441 0.5506832 0.983815 -0.21826 -3.763095
0.85236186 9.871595 0.45970076 0.703815 -0.42826 -2.083095
1.1157321 9.862018 0.052674048 1.543815 1.00674 1.696905
1.3575538 9.871595 -0.09577099 1.543815 1.3917401 3.131905
1.1109436 9.859624 0.36871833 -2.131185 -1.02326 0.47190496
0.87630457 9.79019 0.57462597 -5.841185 -2.35326 -3.5880952
0.9888355 9.665688 0.35674694 -4.546185 -0.56826 -3.6230948
1.0199611 9.670476 0.21548474 -1.5361851 0.30674002 -1.558095
1.0486923 9.629773 0.3998439 -2.131185 2.4417398 -0.368095
1.1348863 9.677659 0.85954463 -6.086185 4.01674 0.156905
1.0391153 9.797373 0.9217958 -6.576185 3.70174 -0.47309503
0.8930645 9.785401 0.6081458 -0.801185 1.3217402 -2.9930952
0.82123625 9.70639 0.42139238 5.288815 -1.30326 -4.673095
0.86193895 9.701602 0.4836435 5.638815 -2.14326 -3.7280953
0.8930645 9.766247 0.4932206 2.453815 -1.12826 -1.173095
