1.673598 9.665688 0.8379962 -2.220435 -3.1051302 3.440815
1.8004947 9.603436 0.8667275 -3.7254353 -1.8801302 6.520815
1.6448668 9.730332 0.93616146 -3.935435 -1.77513 7.185815
1.5921928 9.751882 0.8978531 -2.325435 -0.58513004 4.525815
1.6592325 9.759064 0.7948992 0.474565 -0.90013003 2.4608152
1.6185298 9.8237095 0.69194543 2.819565 -2.61513 1.9708152
1.6089526 9.900327 0.82123625 3.4845648 -2.58013 1.2008151
1.6520497 10.055954 1.0343267 1.9095651 -1.8801302 0.290815
1.6017698 10.326508 1.2689656 -0.365435 -1.46013 -0.584185
1.541913 10.73114 1.350371 -1.100435 -0.44513002 -1.389185
1.594587 11.250697 1.3575538 2.9595652 0.77987003 -1.144185
1.4748733 11.9713745 1.5012103 0.754565 1.1298699 -1.424185
0.95531565 13.233157 1.8579572 -5.230435 5.7498703 -2.8591847
0.9816527 14.949852 2.083019 -10.795436 11.419869 -2.9291852
1.3575538 16.850906 2.4852571 -16.290436 15.40987 -1.144185
2.4086404 17.698479 3.756617 -23.885435 17.859869 -5.449185
2.8683412 18.014524 4.336032 -22.975435 17.99987 -19.939184
3.7159145 17.863684 4.45814 -10.900435 15.619871 -37.439186
4.02717 17.063997 3.902668 5.059565 15.09487 -53.749187
3.6512692 15.840522 3.4836698 18.149567 15.584869 -71.704185
3.014392 14.425506 3.083826 24.274565 14.184871 -89.204185
2.4684973 12.730359 2.17879 25.849566 14.35987 -99.66919
1.6951466 11.34168 1.5658557 22.699566 17.82487 -102.29419
1.0798179 10.192428 1.297697 14.404565 20.65987 -99.35419
0.94573855 8.954588 0.7206767 5.3745646 17.61487 -93.789185
0.66800267 8.10462 -0.038308397 -1.030435 17.96487 -90.25418
0.17478207 7.041562 -0.71828246 -5.755435 24.089869 -88.57418
-0.15802214 6.1700463 -0.31843856 -16.605434 24.68487 -89.65919
-0.40463245 5.360781 0.016759925 -33.720432 21.324871 -92.80919
-0.9337672 4.6640472 0.5913859 -46.460434 19.50487 -94.69919
-1.403045 3.9050622 0.93616146 -50.62544 18.76987 -93.75418
-1.8962656 3.1365 0.505192 -46.985435 16.074871 -92.07419
-2.5115943 2.516383 0.12450229 -39.670437 13.62487 -89.90418
-3.0431232 1.9752767 0.7206767 -38.655434 10.229871 -83.77919
-3.1077688 1.2761484 1.2761484 -48.840435 9.77487 -75.23918
-3.5147953 1.0989721 1.4700848 -60.635433 16.074871 -63.794186
-4.3001175 1.1372806 2.300898 -67.35543 26.959871 -48.009186
-4.3456087 0.79250497 3.2610023 -74.460434 38.89487 -35.479187
-3.8045027 0.8356019 3.833234 -77.750435 45.544872 -23.964186
-2.9856608 1.3838909 3.3902931 -65.67543 45.85987 -6.044185
-3.2705793 2.073442 2.7055306 -43.73044 46.559868 17.020817
-3.2250881 1.8196489 3.100586 -28.120436 54.224873 32.350815
-3.981679 3.3040993 4.3839173 -29.660435 58.42487 33.960815
-3.4309957 4.4126487 3.6967604 -28.225433 53.27987 39.140816
-2.753416 4.6041903 1.063058 -5.860435 51.634872 52.510815
-3.1149516 4.6544704 0.6273 17.554565 53.52487 68.225815
-3.8236568 4.225895 2.6696165 -30.535437 62.344875 55.730816
-3.8978794 4.948966 4.4389853 -50.975437 70.32487 66.405815
-0.89545876 5.973716 1.8962656 -28.995438 78.61987 108.30082
0.84996754 6.361588 -0.22506183 -3.235435 73.12487 140.50081
-0.1340794 6.193989 2.0973847 -20.735435 65.074875 131.01582
-0.9912298 7.0128307 5.2865586 -50.065437 69.379875 111.73082
1.9633054 7.573091 2.9473522 -27.490437 71.86487 138.50581
4.913052 8.561927 -1.3360053 21.194565 55.869873 176.76083
3.7159145 8.262642 -0.18435916 23.504566 39.73487 165.21082
1.776552 9.09585 2.8779182 -21.435436 38.22987 123.35082
3.964919 10.522838 0.87630457 -37.045437 51.31987 132.73082
7.759845 11.432662 -2.5499027 -21.855436 47.50487 173.57582
7.2618356 10.410307 -1.3216397 -39.950436 32.73487 171.09082
1.9896424 9.905115 5.0806513 -93.11543 23.949871 115.58082
0.17957062 11.911517 8.743892 -117.65043 25.34987 74.73582
4.8723493 13.338505 5.767808 -73.55044 18.76987 102.45582
9.277815 13.709618 1.8244374 -2.290435 9.949869 147.74582
8.351231 15.014498 1.5921928 34.844566 4.59487 139.10081
6.718335 16.12544 2.516383 35.08957 3.0198703 93.04082
6.8165 15.059989 1.3048798 35.08957 6.62487 68.05081
5.791751 13.692858 1.2833313 41.249565 3.5448701 56.185814
4.9633317 13.63779 1.8316202 38.414566 2.24987 41.065815
5.255433 14.985766 1.2546 33.269566 6.90487 37.775818
6.818895 15.30181 -0.22266756 38.799564 9.66987 47.820816
7.7047763 14.480574 -1.0774237 46.009567 1.19987 46.980816
6.385531 12.749514 -0.92658436 43.73457 -15.775131 22.165815
4.5491223 10.97775 -0.339987 31.729565 -25.54013 -13.429185
4.6736245 10.132571 -0.5889916 20.774565 -25.85513 -33.169186
5.1213536 9.318518 -1.2809371 19.689566 -31.945133 -34.359184
4.9992456 9.088667 -1.472479 20.984566 -42.725132 -33.869183
5.3512044 9.014444 -1.2546 15.909565 -50.07513 -35.129185
5.3248672 8.628966 -0.9241901 5.5495653 -54.80013 -34.674187
4.7071443 8.286585 -0.5602603 0.264565 -59.175133 -38.034184
4.4198313 8.231517 -1.0774237 4.779565 -67.29513 -45.594185
4.3073006 8.360807 -1.211503 12.444566 -78.04013 -47.659184
4.824464 8.439818 -0.77574503 7.9645658 -80.73513 -40.974186
5.0806513 8.396722 -0.40463245 -6.700435 -77.27013 -30.124187
4.903475 8.310528 -0.14844504 -15.835435 -75.62512 -23.299185
4.3264546 8.427847 -0.0670397 -13.455435 -79.16013 -25.399185
4.5419393 8.621783 -0.56265455 -5.755435 -85.88013 -29.809185
4.608979 8.956982 -1.1229149 2.119565 -91.130135 -30.404184
4.3671575 8.877971 -0.90503585 -1.975435 -102.92513 -29.354185
4.2570205 8.729526 -0.30167863 -17.200434 -105.51513 -28.024185
4.3887057 8.806143 0.06943397 -28.400434 -104.81513 -23.194185
4.288146 8.8636055 0.600963 -35.435436 -108.700134 -20.954185
4.331243 8.736709 1.1899546 -41.140434 -114.58013 -22.424183
4.6927786 8.664881 1.5490957 -41.385437 -118.95513 -21.549185
4.640105 8.3679905 1.4796618 -36.765438 -120.77512 -19.414186
3.7638 8.514041 1.802889 -33.895435 -119.130135 -19.904184
3.632115 8.581081 2.2362528 -33.475437 -113.635124 -19.099184
4.0559015 8.432636 2.0854135 -28.960436 -113.91513 -13.779184
3.9577363 8.382356 1.977671 -21.365435 -115.10513 -10.069185
3.6440864 8.406299 2.300898 -18.390434 -113.98513 -7.3741856
3.4573328 8.9186735 2.8898897 -19.335436 -111.185135 -2.9291852
3.5914123 9.148524 3.2633965 -16.990435 -106.81013 1.095815
3.8667538 9.354432 3.0646718 -8.730434 -107.160126 1.690815
4.209135 9.464568 2.7989073 3.0645652 -110.80013 0.18581499
3.8954852 9.557945 2.6145482 9.014565 -111.29013 -0.199185
3.6584518 9.39274 3.0622776 4.779565 -105.79513 -0.619185
3.5890179 9.239507 3.1484714 -4.9154353 -95.26013 -0.304185
3.8739367 9.182044 2.8539755 -8.975435 -85.21513 1.3408151
4.206741 9.0838785 3.1915684 -13.035435 -81.01514 3.370815
3.3663504 8.652909 4.4030714 -23.290436 -79.090126 1.725815
2.7845416 8.494887 5.138114 -31.830437 -72.37013 -3.804185
3.0335462 8.3129225 5.1812105 -29.765434 -62.850136 -2.964185
3.2993107 8.298556 5.1859994 -19.790436 -56.76013 3.4758153
3.050306 8.707977 5.360781 -11.320436 -50.39013 5.820815
2.9497466 9.007262 4.9274178 -4.635435 -40.66013 4.140815
3.0167863 9.215564 4.4461684 3.519565 -29.250132 4.070815
2.865947 9.7135725 4.0559015 8.664565 -19.20513 4.2458153
3.2250881 10.041589 3.9457648 9.469564 -9.51013 4.735815
3.4333901 10.142148 4.216318 3.2045648 1.19987 7.5708146
3.5387383 10.281016 4.333637 -5.5454354 15.479871 8.550816
3.3304362 10.314536 4.230684 -7.8554354 26.04987 6.065815
3.572258 10.364816 3.6991546 -2.8504353 31.684872 1.655815
3.9673133 10.309748 3.2490308 4.744565 34.48487 -0.12918499
3.816474 10.391152 3.1652312 7.824565 38.50987 -0.96918505
3.7183087 10.415095 2.9090438 2.469565 60.979874 -4.714185
3.8308396 10.331296 2.4110348 6.284565 62.554867 -6.009185
3.902668 10.292988 1.6999351 10.554565 61.364872 -8.879185
3.605778 10.261862 1.4078336 8.979566 64.02487 -12.029185
3.4286015 10.180456 1.4198049 2.504565 68.60987 -15.179185
3.5698638 10.130177 1.2498114 -1.7654351 71.339874 -15.179185
3.9194279 10.096657 1.1277034 -1.6604351 70.149864 -15.109184
3.8116856 10.058349 1.175589 -1.590435 70.88487 -18.294186
3.512401 9.979338 0.92658436 -0.155435 75.88987 -23.579185
3.241848 9.830893 0.45491222 4.954565 76.93987 -27.569185
3.0814316 9.804555 0.062251143 9.329565 71.75987 -29.529186
2.8707354 9.862018 -0.24182175 10.869566 71.12987 -27.674185
2.743839 10.134965 -0.38308397 10.0995655 70.67487 -23.719185
2.7175019 10.115811 -0.4956149 9.434565 65.074875 -23.264185
2.7653873 10.084685 -0.69673395 7.9645658 60.104866 -26.869186
2.2601955 10.039194 -1.0271438 7.8595653 58.66987 -30.544186
1.951334 9.57231 -1.1372806 7.789564 56.56987 -35.514187
1.7981004 9.06233 -1.0151725 2.679565 52.19487 -38.174183
1.5179702 8.578687 -0.6368771 -5.5104346 50.51487 -36.074184
1.1540405 8.293768 -0.44294083 -12.440435 53.62987 -31.734186
1.0678465 8.150111 -0.39505535 -13.280436 56.74487 -26.449184
0.89067024 7.843644 -0.5554718 -8.240436 55.37987 -20.989185
0.7302538 7.7909703 -0.7853221 1.244565 46.489872 -20.744184
0.6273 7.7694216 -1.2929084 14.929565 30.73987 -22.634184
0.19393626 7.9418097 -1.5467016 25.954565 15.479871 -22.459185
0.33519846 8.107015 -1.4221992 25.324566 10.15987 -19.449186
0.57223165 8.245882 -0.9337672 14.754566 11.03487 -11.574186
0.34716985 8.564321 -0.3328042 2.714565 13.029871 -3.7341847
0.4932206 8.904308 -0.19633053 -2.1154351 12.88987 -0.724185
0.7446195 9.160496 -0.2561874 1.7345649 6.34487 1.2358149
0.7589851 9.320911 0.102953814 5.2345653 -0.72512996 3.125815
0.69912827 9.440625 0.4956149 2.504565 -1.7051301 3.300815
0.81644773 9.550762 0.4740664 -0.12043501 -0.62013006 4.175815
0.818842 9.684841 0.4836435 0.9295651 -0.69013 5.8558154
0.679974 9.751882 0.7972935 1.419565 -2.37013 6.2058153
0.6057515 9.742304 0.9385557 -0.645435 -3.1051302 4.735815
0.69912827 9.895537 0.7110996 -0.855435 -3.70013 4.000815
0.845179 10.010463 0.6273 1.419565 -4.96013 4.875815
0.6895511 9.967366 1.0965779 1.524565 -6.0801296 6.5558147
0.7996878 9.9889145 1.3719195 -5.090435 -3.0001302 5.2608147
1.132492 10.055954 1.1779832 -1.9404352 -3.94513 5.925815
1.1181264 10.106234 1.0702409 1.034565 -5.10013 4.490815
1.0486923 9.974549 1.2953026 0.15956502 -3.1051302 1.935815
1.0774237 9.835681 1.4389591 -1.170435 -1.11013 1.095815
0.9241901 9.821315 1.2809371 0.474565 0.18486999 0.36081502
0.85236186 9.914692 0.9194015 4.114565 0.044869997 -0.409185
0.8284191 9.835681 0.967287 5.2345653 -0.51513004 -0.724185
0.8092649 9.73991 0.9601042 3.4495652 0.46486998 -0.899185
0.8140534 9.744699 0.85236186 3.4495652 0.67487 -0.759185
0.7398309 9.775824 0.74222517 5.1295652 -0.72512996 -0.829185
0.7541966 9.70639 0.7685622 4.779565 -1.53013 -0.9341849
0.84278476 9.672871 0.9385557 2.399565 -0.02513 -0.024185
0.9313729 9.694419 0.84039044 1.699565 1.2348701 1.165815
0.91461295 9.735122 0.7805336 3.3795652 0.53486997 1.2008151
0.81644773 9.696813 0.7709565 3.9745653 -0.62013006 -0.409185
0.7901107 9.701602 0.6847626 3.169565 -0.27012998 -1.214185
0.8475733 9.751882 0.74222517 2.644565 -0.41013 -0.584185
0.723071 9.663293 0.83081335 1.629565 -0.62013006 -0.724185
0.8140534 9.591465 0.89067024 0.89456505 -0.095130004 -0.864185
0.845179 9.646533 0.8930645 0.82456505 -0.02513 0.290815
0.89067024 9.665688 1.0008069 1.279565 0.044869997 0.92081493
0.83081335 9.670476 0.8236305 1.629565 -0.095130004 0.395815
0.8547561 9.735122 0.6392714 3.2395651 0.9898701 0.710815
0.845179 9.780613 0.4932206 3.9745653 0.74487 1.410815
0.90982443 9.701602 0.5865973 2.924565 0.25487 1.305815
0.8284191 9.62259 0.69194543 0.40456498 0.28987 0.780815
0.5865973 9.584282 0.7781393 -1.240435 0.67487 0.325815
0.43815228 9.646533 0.749408 -0.50543493 1.16487 0.18581499
0.66321415 9.725544 0.45251793 2.504565 0.39487 1.2008151
0.88588166 9.835681 0.22745611 5.304565 -1.00513 2.985815
0.9313729 9.871595 0.28013015 5.9695654 -2.54513 4.175815
1.0032011 9.883567 0.4836435 4.009565 -3.07013 2.985815
1.1420691 9.845258 0.6153286 0.859565 -3.94513 2.285815
1.1492519 9.869201 0.7541966 -1.415435 -4.0501304 1.900815
1.0702409 9.835681 0.79250497 -1.065435 -3.31513 0.9558151
1.0391153 9.792584 0.7541966 -0.61043495 -2.40513 0.500815
1.0917894 9.754275 0.7302538 -0.47043505 -2.19513 0.605815
0.845179 9.766247 0.7302538 -0.71543497 -1.67013 -0.23418501
0.74701375 9.732727 0.74701375 -0.785435 -1.84513 -0.864185
0.90982443 9.711179 0.7302538 -0.820435 -2.33513 0.36081502
0.9601042 9.720756 0.70870537 -1.1354351 -1.8801302 1.515815
0.85954463 9.696813 0.85954463 -2.1504352 -1.8101301 1.060815
