0.13 9.429999 1.31 16.042818 0.57295775 1.7188734
-0.39999998 9.26 0.19 16.615776 -3.4377468 11.459155
-0.38 9.9 0.19 12.032113 -21.199438 22.345354
0.66999996 10.04 0.71 12.032113 -26.929016 22.345354
1.65 10.059999 0.59 11.459155 -23.49127 15.469859
1.78 9.889999 -0.13 2.291831 -8.021409 6.8754935
1.3399999 9.75 -0.19 -12.605071 5.15662 0.0
0.59999996 9.48 0.81 -4.583662 -2.8647888 1.7188734
0.12 9.22 1.51 10.31324 -18.334648 5.15662
0.02 9.0 1.12 14.896902 -21.199438 9.740283
-0.13 9.11 0.63 9.167324 -18.907606 14.323945
-0.25 9.59 0.9 -1.1459155 -14.896902 17.188732
-1.05 11.969999 3.28 1.1459155 -16.615776 22.345354
-1.31 14.299999 4.61 21.772396 -38.38817 33.80451
-0.39 16.59 4.54 25.210142 -40.107044 39.53409
0.66999996 20.39 6.42 22.345354 -25.210142 34.377464
3.9099998 23.41 8.0199995 29.793804 -10.886198 6.8754935
6.89 23.58 7.14 35.523384 18.907606 -41.825916
6.5099998 21.74 6.2 34.377464 59.014652 -98.54874
4.92 19.41 5.8599997 46.40958 64.74423 -110.0079
4.2799997 17.17 5.06 58.441692 63.02536 -115.16451
4.1 14.589999 3.51 61.30648 58.441692 -114.0186
3.79 11.57 0.96 44.11775 61.30648 -105.997185
3.53 8.69 -1.15 21.772396 67.03606 -95.11099
5.4 3.62 -2.85 13.178029 65.890144 -104.85127
3.07 1.5799999 -3.27 24.637184 72.19268 -111.72677
0.44 0.28 -4.5699997 24.637184 65.317184 -101.41353
-0.9 -0.84 -5.7599998 1.7188734 53.858032 -88.2355
-1.8299999 -2.01 -5.42 -19.480566 56.14986 -68.75493
-2.59 -2.35 -4.43 -20.62648 52.139156 -38.38817
-3.61 -2.3999999 -4.08 -20.62648 25.210142 -13.178029
-3.35 -2.02 -4.1 -44.11775 10.31324 3.4377468
-2.32 -2.1399999 -3.36 -77.922264 11.459155 13.750987
-2.36 -1.73 -0.32999998 -94.53803 10.31324 24.637184
-2.31 -0.32999998 3.83 -80.21409 12.605071 34.950428
-2.07 1.29 6.92 -32.658592 38.38817 56.14986
0.56 2.56 7.25 -11.459155 66.463104 50.420284
0.08 4.17 7.33 -5.15662 85.94367 52.139156
0.39999998 5.92 6.6499996 -17.761692 102.55944 68.75493
1.81 6.3399997 5.75 -42.971836 117.456345 73.91155
3.02 7.56 5.85 -59.58761 124.9048 74.48451
4.27 8.03 5.8399997 -54.43099 140.94762 60.733524
3.6999998 8.349999 5.38 -39.53409 149.54198 64.74423
2.58 9.54 4.0299997 -38.38817 137.50986 84.22479
4.21 10.91 1.24 -63.598316 125.47776 85.37071
5.16 12.389999 0.12 -71.04677 127.19663 81.93296
4.74 14.75 2.31 -29.220846 121.46705 81.36001
6.08 16.88 1.9399999 49.84733 114.0186 56.72282
9.3 17.81 -6.37 52.139156 105.42423 17.761692
4.13 17.8 -7.46 42.398876 106.57015 -3.4377468
1.68 18.029999 -7.27 48.701412 71.61973 15.469859
4.04 17.4 -9.33 41.25296 38.38817 17.188732
6.3399997 16.21 -10.719999 10.886198 23.49127 -4.583662
4.89 14.4 -9.4 -13.750987 30.366762 -35.523384
1.92 12.91 -6.81 6.3025355 5.7295775 -23.49127
1.77 11.17 -7.37 8.594366 -32.085636 -14.896902
2.8899999 9.36 -8.679999 -10.31324 -50.993244 -13.750987
2.19 8.29 -7.5099998 -20.62648 -57.868736 -5.15662
1.76 8.26 -5.0299997 -6.3025355 -73.91155 6.8754935
4.27 7.2999997 -6.06 5.15662 -95.68395 8.594366
4.5099998 6.52 -6.47 -9.740283 -112.29972 8.021409
3.6599998 5.8799996 -4.7999997 -20.053522 -120.32113 14.323945
3.33 6.1 -2.9199998 -16.042818 -127.76959 29.220846
4.42 6.49 -1.93 -5.7295775 -132.35324 41.25296
6.24 6.58 -1.8 8.021409 -142.09354 42.398876
6.5099998 6.49 -1.66 18.334648 -155.27156 37.815212
5.54 7.3199997 -0.52 16.615776 -154.69861 41.825916
5.15 7.6 -0.16 8.021409 -143.81241 53.858032
6.1 7.0699997 -0.29 0.0 -150.6879 56.14986
6.15 7.1499996 0.97999996 1.7188734 -159.85522 57.29578
5.2599998 8.15 2.6299999 10.31324 -161.5741 63.598316
6.19 8.4 2.98 6.3025355 -154.69861 67.60902
5.22 9.95 5.22 2.291831 -151.26085 69.32789
5.22 11.929999 6.97 9.740283 -138.08282 70.47381
5.97 12.509999 6.93 14.323945 -114.0186 59.58761
4.94 12.83 7.19 15.469859 -101.41353 49.84733
4.18 14.549999 7.72 17.761692 -94.53803 45.83662
5.08 15.57 6.89 -2.8647888 -66.463104 22.345354
4.83 14.92 6.02 -23.49127 -42.398876 10.31324
2.71 15.36 7.22 -23.49127 -38.38817 9.167324
2.3999999 16.449999 8.8 -5.7295775 -32.085636 2.8647888
3.82 17.199999 8.92 13.178029 -6.3025355 -15.469859
5.25 17.33 7.1099997 26.929016 13.750987 -48.128452
4.54 17.32 4.91 30.939718 30.366762 -60.733524
4.89 16.44 2.8899999 22.91831 50.420284 -73.33859
4.74 15.28 1.12 8.021409 60.733524 -82.50592
5.1 13.799999 0.02 -5.15662 63.02536 -88.80846
4.8399997 11.96 -0.87 -14.896902 65.317184 -91.10028
4.63 10.07 -1.99 -34.377464 66.463104 -88.2355
4.38 8.03 -2.77 -45.83662 73.91155 -84.79775
3.51 6.46 -2.71 -48.128452 73.91155 -75.057465
2.74 5.45 -2.31 -42.398876 65.317184 -64.74423
2.3 4.64 -2.23 -32.658592 56.14986 -56.72282
2.1699998 4.1 -2.35 -21.199438 52.712116 -50.420284
1.5699999 3.79 -2.5 -13.750987 48.128452 -36.09634
1.37 3.6799998 -3.03 -13.750987 40.107044 -32.658592
1.18 4.27 -2.45 -10.886198 31.51268 -30.366762
1.41 5.1 -1.6899999 -0.57295775 16.615776 -30.939718
0.65999997 5.2999997 -1.49 9.167324 16.042818 -26.929016
-0.16 6.23 -1.73 6.8754935 18.907606 -17.188732
-0.5 6.7599998 -2.05 -12.605071 9.740283 -1.7188734
-0.049999997 7.37 -1.25 -14.896902 5.15662 3.4377468
0.42999998 8.11 -0.48999998 -10.31324 5.15662 4.0107045
0.79999995 8.48 -0.22 -1.1459155 2.8647888 0.57295775
0.98999995 8.54 -0.17999999 4.583662 2.8647888 -4.0107045
0.26999998 8.71 -0.44 2.8647888 3.4377468 0.0
-0.17999999 8.83 -0.7 -4.0107045 -1.1459155 9.167324
0.32999998 9.46 -0.53999996 -5.15662 -5.15662 13.178029
0.98999995 9.929999 -0.31 -5.15662 -7.448451 9.740283
1.2099999 10.26 -0.099999994 -8.021409 -6.8754935 4.0107045
0.89 10.349999 0.02 -13.178029 -2.291831 1.1459155
0.52 10.2 0.44 -14.323945 -1.1459155 1.7188734
0.55 10.21 1.04 -3.4377468 -4.583662 3.4377468
0.84999996 10.25 1.01 0.57295775 -1.7188734 1.7188734
0.9 10.179999 0.64 1.7188734 0.0 0.0
0.66999996 10.13 0.48999998 4.583662 -2.8647888 0.0
0.75 9.969999 0.39 6.3025355 -4.0107045 -0.57295775
0.7 9.96 0.01 2.291831 -3.4377468 0.0
0.41 9.969999 0.02 -0.57295775 -5.15662 0.0
0.76 9.91 0.42999998 -0.57295775 -2.8647888 -1.1459155
0.65999997 9.969999 0.39999998 -0.57295775 -4.583662 -2.291831
0.66999996 9.92 0.22999999 -2.291831 -6.3025355 -4.0107045
0.64 9.69 0.22 -6.8754935 -5.7295775 -5.15662
0.29999998 9.54 0.77 -8.021409 -4.0107045 -4.0107045
0.24 9.45 1.11 -1.1459155 0.57295775 0.0
0.48 9.37 1.03 3.4377468 2.8647888 -0.57295775
0.45 9.38 0.79999995 9.167324 1.1459155 -0.57295775
0.25 9.45 0.57 14.323945 -5.15662 0.57295775
0.44 9.63 0.22 11.459155 -5.15662 1.1459155
0.45 9.639999 -0.63 -4.583662 -2.8647888 0.57295775
0.56 9.76 0.68 -16.042818 0.57295775 -1.1459155
0.45 9.559999 1.48 -5.7295775 0.0 -0.57295775
0.26 9.5 1.63 9.167324 -1.7188734 0.57295775
0.39 9.55 0.71999997 14.896902 0.0 2.8647888
0.47 9.639999 -0.01 8.594366 0.57295775 2.8647888
0.83 9.929999 0.06 2.291831 -0.57295775 0.57295775
1.09 9.83 0.21 1.7188734 -2.8647888 -5.15662
0.47 9.73 0.17 -2.291831 -2.8647888 -3.4377468
0.13 9.62 0.22 -6.3025355 -0.57295775 0.0
0.44 9.5 0.56 -5.15662 0.57295775 0.57295775
0.5 9.45 0.88 0.57295775 1.7188734 0.57295775
0.44 9.5199995 0.96999997 7.448451 0.0 1.7188734
0.44 9.5 0.19999999 8.021409 2.291831 1.1459155
0.32999998 9.54 -0.17999999 2.8647888 0.57295775 4.0107045
0.79999995 9.53 -0.14 -1.1459155 -1.7188734 3.4377468
1.0699999 9.639999 0.21 -1.1459155 -1.7188734 0.0
0.65 9.7 0.42 0.0 -1.7188734 -0.57295775
0.35999998 9.63 0.38 0.0 -1.7188734 0.57295775
0.53 9.53 0.26999998 -2.8647888 0.0 2.291831
0.65999997 9.48 0.48999998 -2.291831 1.7188734 2.8647888
0.47 9.59 0.84999996 2.8647888 0.0 4.0107045
1.03 9.76 0.81 9.167324 -1.7188734 0.0
0.96 9.7 0.28 8.021409 -1.1459155 -1.1459155
0.66999996 9.67 -0.06 0.0 -1.1459155 -0.57295775
0.45999998 9.44 0.34 -9.167324 1.1459155 0.57295775
0.42999998 9.5 0.74 -7.448451 1.1459155 2.291831
0.59 9.61 0.97999996 -0.57295775 0.0 2.8647888
0.69 9.599999 0.82 5.7295775 0.0 2.291831
0.64 9.69 0.29 6.8754935 -0.57295775 2.291831
0.78999996 9.75 -0.14 0.0 0.57295775 2.291831
0.71 9.79 0.06 -5.15662 0.0 1.7188734
0.58 9.78 0.39999998 -2.8647888 -1.1459155 2.8647888
0.61 9.809999 0.65 1.1459155 -3.4377468 2.8647888
0.9 9.95 0.71999997 4.0107045 -2.291831 1.1459155
0.97999996 9.969999 0.37 0.57295775 -0.57295775 0.0
0.79999995 9.92 0.35999998 -1.7188734 1.7188734 1.1459155
0.63 9.87 0.89 1.1459155 1.1459155 1.7188734
0.78999996 9.889999 0.69 5.7295775 0.57295775 1.1459155
1.01 9.94 0.22999999 4.583662 0.0 -1.1459155
0.79999995 9.87 0.17999999 2.291831 -0.57295775 -3.4377468
0.53 9.78 0.26999998 0.0 0.0 -1.7188734
0.61 9.809999 0.45999998 -2.8647888 0.0 -0.57295775
0.77 9.7699995 0.72999996 0.0 1.7188734 -1.1459155
0.72999996 9.73 0.89 4.0107045 0.0 -1.7188734
0.66999996 9.7699995 0.83 6.3025355 -0.57295775 -2.291831
0.65 9.73 0.45 4.0107045 1.1459155 -2.291831
0.71 9.69 0.28 0.0 2.8647888 -2.8647888
0.59 9.53 0.19999999 -2.291831 1.1459155 -1.1459155
0.58 9.62 0.90999997 2.291831 0.0 0.0
0.85999995 9.75 0.65999997 5.7295775 1.1459155 -1.7188734
0.71999997 9.679999 0.25 4.583662 2.291831 -3.4377468
0.63 9.58 0.16 2.291831 0.57295775 -2.8647888
