2.01 9.94 0.25 -4.583662 -7.448451 4.583662
2.1599998 9.79 0.25 -9.740283 -24.637184 8.021409
1.9799999 9.469999 0.049999997 -7.448451 -32.085636 7.448451
1.79 9.48 0.19 -1.1459155 -23.49127 4.583662
1.7199999 9.32 0.39999998 1.7188734 -17.188732 4.583662
1.7199999 9.12 0.66999996 2.8647888 -18.907606 7.448451
1.66 9.37 0.65999997 10.31324 -16.615776 12.032113
1.89 9.45 0.049999997 19.480566 -13.178029 12.605071
1.93 9.94 0.01 17.188732 -10.31324 11.459155
1.8299999 10.309999 0.41 6.3025355 -8.594366 13.178029
1.4499999 11.09 1.29 1.1459155 -9.167324 13.750987
2.04 12.16 1.9799999 -1.1459155 -9.740283 16.042818
2.04 12.16 1.9799999 -1.1459155 -9.740283 16.042818
1.49 14.92 2.86 6.8754935 -7.448451 13.178029
1.74 16.699999 4.22 -0.57295775 -8.021409 13.178029
3.61 18.3 4.15 1.7188734 -7.448451 15.469859
5.2799997 19.63 4.2799997 0.0 -2.291831 9.740283
6.0 19.68 5.46 -16.042818 8.021409 -12.032113
5.42 19.699999 7.46 -21.199438 29.793804 -45.263664
7.25 17.619999 5.6299996 26.929016 52.139156 -76.77634
7.0899997 16.97 4.89 45.263664 59.58761 -89.95437
6.73 15.66 2.6799998 73.33859 67.60902 -113.44564
8.059999 12.799999 -2.51 96.829865 81.36001 -126.05072
8.32 11.7 -3.29 88.80846 87.662544 -131.20734
6.6499996 6.8399997 -5.13 56.72282 81.36001 -159.28227
2.97 4.5699997 -4.67 48.701412 80.21409 -167.30367
0.66999996 3.07 -3.56 26.929016 83.07887 -165.5848
-0.45 2.1 -3.53 28.07493 75.057465 -139.80171
-1.25 1.79 -4.56 53.285076 57.29578 -117.456345
-1.81 1.74 -5.94 73.33859 28.07493 -98.54874
-1.9799999 2.0 -6.17 60.733524 9.740283 -79.06818
-1.91 1.75 -5.52 23.49127 -1.7188734 -59.014652
-2.55 1.7199999 -3.5 -20.053522 0.0 -42.971836
-2.8 1.55 -1.4699999 -51.5662 11.459155 -28.64789
-2.84 1.39 -0.71999997 -55.00395 14.323945 -19.480566
-2.81 1.16 -0.78 -49.27437 13.178029 -12.032113
-3.23 1.03 -0.5 -57.29578 14.896902 -8.021409
-3.7099998 0.96 1.01 -73.33859 24.637184 1.1459155
-3.73 0.90999997 1.5799999 -79.06818 25.210142 8.594366
-3.59 1.24 2.85 -75.057465 28.07493 30.366762
-3.32 1.29 2.9099998 -67.60902 29.793804 35.523384
-1.63 0.79999995 3.46 -51.5662 26.929016 47.555496
-1.1 0.65999997 3.9399998 -42.398876 18.907606 55.00395
-1.49 2.0 4.47 -41.825916 13.178029 52.712116
-0.44 3.37 4.33 -51.5662 27.501974 63.02536
1.3 4.02 4.35 -68.75493 50.420284 85.37071
2.49 4.69 4.2 -80.78705 64.17127 96.829865
1.68 7.3199997 4.5699997 -77.349304 74.48451 101.98649
3.86 8.889999 3.9199998 -69.900856 85.94367 116.883385
5.5 10.429999 2.8 -65.890144 100.26762 127.19663
4.11 12.7699995 1.7199999 -54.43099 143.23946 118.60226
4.19 14.5 1.06 -46.40958 148.39606 123.18592
5.7999997 15.25 -0.44 -44.69071 112.29972 120.89409
5.12 16.34 -0.65 -49.84733 93.39212 104.85127
4.92 17.73 0.84999996 -42.398876 79.06818 95.68395
7.0899997 17.63 -0.63 -26.929016 73.33859 91.67324
4.0499997 17.55 -1.49 0.57295775 71.61973 64.17127
3.54 17.99 -0.91999996 9.167324 72.76564 60.160564
6.39 16.359999 -3.84 37.815212 53.285076 62.4524
3.98 15.889999 -4.7599998 45.83662 43.544792 41.25296
3.48 14.92 -3.3 30.366762 40.107044 20.62648
3.87 13.57 -3.6399999 28.07493 14.323945 13.750987
3.84 11.889999 -4.5099998 28.64789 5.15662 4.583662
3.05 11.599999 -2.8 11.459155 -1.1459155 2.8647888
3.8799999 10.82 -2.5 12.032113 -6.8754935 3.4377468
3.74 10.28 -4.77 42.971836 -28.64789 -8.021409
3.6399999 9.719999 -6.94 44.69071 -41.25296 -16.042818
4.04 8.73 -6.66 8.021409 -52.712116 -16.042818
3.1 7.97 -4.44 -35.523384 -57.29578 -12.605071
3.36 8.22 -3.8799999 -32.658592 -68.75493 -8.594366
4.46 8.05 -5.22 -14.323945 -87.662544 -5.7295775
4.92 7.89 -6.0 -10.886198 -98.54874 -8.021409
4.8199997 7.3999996 -5.67 -15.469859 -104.27831 -8.021409
4.5499997 7.1099997 -4.5 -26.929016 -114.59156 -8.021409
5.7799997 6.8999996 -4.7999997 -25.210142 -126.62367 -0.57295775
6.75 7.3599997 -5.0299997 -16.042818 -146.10423 10.31324
7.44 7.3799996 -4.83 -20.053522 -161.5741 12.605071
6.91 7.69 -2.0 -40.107044 -175.89804 12.605071
7.5 8.29 -0.44 -50.420284 -186.78424 15.469859
9.11 8.12 -0.76 -33.231552 -190.22198 21.772396
9.26 7.87 -0.66999996 -18.907606 -184.49242 22.345354
8.179999 7.8199997 0.62 -14.323945 -189.64903 18.334648
7.89 9.0 2.08 -19.480566 -194.23268 19.480566
9.37 8.4 1.9 -23.49127 -182.77353 30.366762
8.95 6.83 3.21 -29.793804 -170.74142 26.356058
7.79 7.0699997 4.67 -20.62648 -173.03325 23.49127
5.74 9.849999 3.6399999 27.501974 -156.41748 38.38817
8.41 9.809999 1.52 28.64789 -146.67719 45.83662
9.889999 9.94 1.9 16.615776 -145.53128 49.84733
7.5699997 12.12 5.85 -29.793804 -156.99043 29.220846
6.94 11.71 5.27 -22.345354 -123.75887 25.7831
6.94 11.71 5.27 -22.345354 -123.75887 25.7831
7.3399997 12.58 9.33 -47.555496 -101.98649 29.793804
7.44 13.2 9.79 -47.555496 -94.53803 21.772396
7.0299997 12.4 9.24 -43.544792 -80.78705 12.605071
5.17 10.76 9.83 -30.366762 -33.80451 -17.188732
5.04 10.96 7.5499997 6.3025355 -17.188732 -22.91831
4.3199997 11.59 4.41 32.658592 5.15662 -27.501974
4.0299997 11.65 3.8 16.042818 15.469859 -28.07493
4.44 12.509999 4.7799997 -0.57295775 9.740283 -25.7831
3.56 14.09 4.89 0.0 17.188732 -26.356058
1.22 17.15 6.77 4.0107045 41.25296 -25.7831
5.7599998 19.699999 5.79 41.25296 50.420284 -12.605071
12.92 19.699999 -0.61 73.33859 55.00395 -31.51268
11.55 19.08 -3.6299999 16.042818 84.79775 -95.68395
8.059999 14.42 -0.53 -36.09634 90.52733 -118.029305
5.99 10.75 4.0499997 -127.19663 91.10028 -135.79099
5.98 8.36 6.5899997 -143.23946 103.1324 -121.46705
5.98 7.19 5.6299996 -87.662544 122.61296 -105.42423
5.24 6.41 3.37 -2.291831 136.36395 -99.69466
4.27 6.23 -0.06 57.868736 137.50986 -91.67324
4.2 5.8799996 -3.4199998 79.06818 132.92621 -76.77634
3.99 5.83 -3.8799999 66.463104 122.61296 -69.32789
3.47 5.8199997 -3.55 5.15662 108.289024 -55.00395
3.1399999 5.5299997 -3.58 -8.594366 104.27831 -52.139156
2.3 5.5 -4.35 -11.459155 91.10028 -54.43099
0.84999996 5.35 -3.0 -32.658592 85.37071 -54.43099
0.21 5.64 -1.74 -41.825916 77.349304 -47.555496
0.65999997 5.74 -2.46 -26.929016 65.890144 -32.085636
0.51 5.81 -2.81 -20.053522 60.733524 -26.356058
-0.13 6.15 -2.22 -9.167324 55.576904 -22.91831
0.06 6.46 -2.6499999 5.15662 50.420284 -22.91831
-0.03 6.41 -3.21 21.199438 39.53409 -18.334648
-0.41 6.83 -3.4399998 26.929016 36.09634 -18.907606
-0.90999997 7.16 -4.39 27.501974 25.7831 -18.907606
-1.29 7.2599998 -3.87 10.886198 20.053522 -9.740283
-1.3299999 7.72 -2.22 -10.31324 10.886198 8.021409
0.48 8.429999 -1.18 -8.594366 5.15662 10.886198
0.45999998 8.71 -1.0 -1.7188734 1.7188734 8.021409
-0.29999998 9.28 -0.19999999 2.8647888 1.7188734 -0.57295775
-0.39 9.45 -0.48999998 8.021409 3.4377468 0.0
-0.28 9.37 -1.1 9.740283 6.8754935 3.4377468
-0.37 9.5 -0.48 -2.8647888 6.3025355 5.7295775
-0.22999999 9.62 0.14999999 -2.8647888 1.1459155 5.7295775
-0.52 9.62 -0.84999996 12.032113 -0.57295775 3.4377468
-0.68 9.929999 -0.78 12.605071 1.7188734 4.583662
-0.14 9.849999 -0.38 7.448451 1.7188734 6.8754935
0.0 10.179999 -0.14999999 3.4377468 -1.7188734 10.886198
-0.11 10.349999 -0.65999997 4.0107045 0.0 6.3025355
-0.37 10.26 -0.14999999 -1.7188734 2.8647888 4.583662
-0.14999999 10.059999 0.44 -5.7295775 1.7188734 4.583662
-0.14 9.92 0.03 -1.1459155 2.291831 5.15662
-0.63 10.09 -0.24 8.594366 2.291831 1.7188734
-0.19 10.24 -0.28 11.459155 -2.291831 1.7188734
-0.19999999 10.44 -0.58 11.459155 -1.7188734 2.291831
-0.31 10.25 -0.96999997 6.3025355 1.7188734 2.291831
0.02 10.26 -0.48999998 -1.7188734 0.57295775 2.8647888
-0.02 10.179999 -0.35999998 -5.15662 0.0 0.57295775
-0.51 9.99 -0.17999999 -5.15662 2.291831 -0.57295775
-0.26999998 9.929999 0.049999997 -2.8647888 0.0 0.57295775
0.08 9.91 -0.11 2.291831 -3.4377468 0.57295775
-0.55 10.2 -0.31 4.0107045 -1.1459155 -1.7188734
-0.34 10.45 -0.44 0.0 0.57295775 1.1459155
-0.19999999 10.099999 -0.74 -8.594366 2.291831 4.0107045
-0.44 10.15 -0.47 -12.605071 3.4377468 1.7188734
-0.089999996 10.09 0.19 -21.199438 0.0 0.57295775
-0.47 10.17 0.62 -15.469859 -2.291831 -3.4377468
-0.39 9.99 0.48999998 -6.8754935 -1.7188734 -2.8647888
-0.26 9.99 0.59 -4.0107045 0.0 0.0
-0.17 10.05 0.62 -2.291831 2.291831 0.0
-0.14999999 10.01 0.42 2.8647888 1.7188734 -1.1459155
-0.29999998 9.87 -0.39 8.021409 -2.8647888 -4.0107045
-0.68 9.88 -0.38 5.7295775 -4.0107045 -6.3025355
-0.53999996 9.88 0.37 -5.15662 -0.57295775 -1.1459155
-0.08 9.92 0.87 -10.31324 0.0 2.8647888
-0.099999994 9.84 0.94 -8.021409 0.0 1.7188734
-0.34 9.559999 0.31 9.740283 0.0 -3.4377468
-0.71 9.53 0.28 13.750987 -0.57295775 -4.0107045
-0.56 9.54 -0.22 14.896902 -1.1459155 -2.8647888
-0.48999998 9.65 -0.76 15.469859 -1.1459155 0.0
-0.55 9.82 -0.47 6.8754935 0.57295775 1.7188734
-0.45999998 9.8 -0.47 -3.4377468 4.0107045 2.8647888
-0.47 9.929999 0.22999999 -7.448451 0.57295775 3.4377468
-0.42 9.98 0.39999998 -6.8754935 -0.57295775 1.7188734
-0.29999998 9.94 0.22 -4.583662 -1.1459155 3.4377468
-0.53999996 9.929999 0.25 -3.4377468 4.0107045 3.4377468
-0.29999998 10.11 0.41 -2.291831 2.8647888 5.15662
0.049999997 10.17 -0.02 2.291831 1.1459155 4.0107045
-0.11 10.16 -0.29999998 4.0107045 0.57295775 0.57295775
-0.45999998 10.2 0.099999994 0.0 0.0 0.0
-0.17 10.19 0.19 -1.1459155 0.0 1.7188734
-0.17999999 10.21 0.14 -1.1459155 3.4377468 2.8647888
-0.14999999 10.24 -0.17999999 -0.57295775 3.4377468 2.8647888
-0.14 10.3 0.0 -2.291831 2.291831 2.291831
-0.04 10.2 0.0 -2.8647888 1.7188734 0.0
-0.19 10.07 -0.099999994 -0.57295775 -0.57295775 -1.7188734
-0.35999998 10.05 0.0 0.0 -0.57295775 -2.8647888
-0.22999999 10.05 0.12 -2.8647888 1.1459155 -0.57295775
-0.32999998 9.929999 0.32 -4.583662 2.8647888 0.57295775
-0.32999998 9.969999 0.29 -1.7188734 2.291831 0.0
-0.19999999 10.12 -0.11 3.4377468 -1.1459155 0.0
-0.049999997 10.12 -0.25 4.0107045 -0.57295775 0.0
-0.11 9.849999 -0.26 -1.7188734 0.0 -1.7188734
-0.44 9.57 0.22 -8.594366 0.57295775 -2.291831
-0.66999996 9.719999 1.0799999 -10.31324 0.57295775 0.0
-0.12 9.91 0.96999997 0.0 -1.7188734 2.8647888
0.06 10.08 0.049999997 14.323945 -1.7188734 1.7188734
-0.01 10.07 -0.52 16.042818 0.0 1.1459155
-0.13 10.25 -0.049999997 6.8754935 1.1459155 0.0
-0.089999996 10.11 -0.19 -1.1459155 0.0 0.0
-0.35 9.88 -0.14999999 -3.4377468 2.291831 -0.57295775
-0.45 9.87 0.03 -5.15662 2.291831 -1.7188734
-0.29999998 10.04 0.39 -5.7295775 0.0 0.0
-0.13 10.0199995 0.47 -4.583662 0.57295775 2.291831
-0.12 10.05 0.14 1.1459155 0.57295775 0.57295775
-0.17999999 10.0 -0.28 5.15662 -0.57295775 -0.57295775
-0.45999998 10.0199995 -0.12 2.8647888 -0.57295775 -2.291831
-0.29 9.889999 0.14999999 -1.7188734 0.0 -0.57295775
-0.089999996 9.73 0.45 -2.291831 -0.57295775 0.0
-0.29999998 9.71 0.69 1.7188734 -1.1459155 0.0
-0.58 9.929999 0.57 6.8754935 -0.57295775 0.0
0.04 10.059999 0.22999999 8.021409 1.7188734 4.583662
0.19 10.08 -0.26 8.594366 1.7188734 4.0107045
-0.32999998 10.01 -0.42999998 9.167324 1.7188734 -2.291831
-0.48 9.92 -0.21 4.583662 -1.1459155 -4.0107045
-0.51 9.76 -0.11 -0.57295775 -0.57295775 -1.1459155
