1.35 11.05 1.66 -17.761692 -47.555496 29.220846
1.35 11.05 1.66 -21.199438 -60.160564 32.658592
2.1699998 11.23 1.88 -17.761692 -65.890144 33.80451
2.55 11.73 0.91999996 13.750987 -26.356058 13.178029
1.49 12.84 1.53 12.032113 0.57295775 2.291831
1.5 13.54 1.9 8.594366 4.0107045 2.291831
2.02 14.0 1.51 8.021409 3.4377468 4.583662
2.73 14.92 1.4 3.4377468 10.886198 -0.57295775
2.82 14.799999 2.7 -6.8754935 19.480566 -5.7295775
2.98 14.49 3.29 -9.167324 11.459155 -10.886198
3.11 15.08 3.4099998 -1.1459155 5.15662 -24.637184
3.01 14.809999 3.57 -11.459155 27.501974 -36.669296
2.95 13.389999 4.7 -29.793804 44.69071 -38.38817
3.11 12.63 4.8399997 -19.480566 47.555496 -42.971836
3.3 12.13 3.03 6.8754935 47.555496 -55.00395
2.4299998 12.389999 1.36 21.199438 52.712116 -66.463104
1.37 12.23 0.17 18.334648 68.18198 -72.19268
1.9499999 11.37 -0.34 6.3025355 76.77634 -68.75493
2.87 10.17 -0.75 -6.8754935 72.19268 -65.890144
2.87 10.17 -0.75 -6.8754935 72.19268 -65.890144
1.4 8.54 0.12 -38.38817 79.06818 -85.94367
1.02 7.79 0.39999998 -39.53409 79.06818 -83.07887
0.04 6.8199997 0.32999998 -32.085636 76.77634 -79.641136
-1.62 6.35 1.01 -23.49127 69.32789 -72.19268
-1.38 6.0 0.62 -17.761692 63.598316 -65.317184
-1.39 5.5699997 -0.58 -4.0107045 60.160564 -60.160564
-2.34 5.19 -1.09 -2.8647888 56.14986 -55.00395
-2.31 4.5899997 -0.42999998 -5.7295775 52.139156 -48.128452
-2.55 4.36 -0.56 -5.15662 38.38817 -40.680004
-3.4199998 4.46 -1.48 5.15662 36.669296 -40.680004
-3.83 4.49 -1.41 5.15662 40.680004 -33.80451
-4.3399997 4.72 -0.11 -11.459155 35.523384 -19.480566
-4.0699997 4.98 -0.22 -17.761692 33.231552 -9.740283
-3.98 4.75 -0.35 -9.740283 42.398876 0.0
-4.11 4.88 0.28 -9.740283 43.544792 12.605071
-3.54 5.42 0.72999996 1.7188734 28.64789 16.615776
-3.48 5.6299996 -0.25 15.469859 25.210142 13.178029
-3.09 5.8599997 -0.34 8.594366 34.950428 21.199438
-2.47 5.8799996 -0.14 -12.032113 36.669296 36.09634
-2.62 6.0699997 0.03 -24.064226 39.53409 40.107044
-3.09 6.56 1.22 -44.11775 50.420284 44.11775
-2.6799998 6.6299996 1.23 -49.27437 55.00395 52.712116
-2.51 6.91 -0.26999998 -43.544792 57.868736 59.014652
-1.9699999 7.68 1.02 -53.858032 77.922264 59.58761
-0.95 7.8199997 2.61 -64.74423 72.76564 59.014652
-0.61 8.099999 3.08 -53.285076 52.139156 49.27437
-0.98999995 8.0199995 1.89 -34.377464 38.961132 48.701412
-1.9499999 8.62 3.6399999 -41.25296 40.107044 59.58761
-0.53999996 8.5199995 4.5 -32.085636 40.107044 76.203384
1.78 9.34 2.02 0.0 34.950428 75.630424
1.9399999 9.74 0.32999998 -5.7295775 49.84733 53.858032
0.76 9.57 1.73 -42.398876 56.72282 46.40958
0.38 9.28 1.53 -58.441692 45.83662 52.139156
0.59 8.94 2.28 -79.641136 34.377464 59.58761
1.61 8.679999 4.04 -92.24621 52.712116 72.76564
0.58 9.679999 6.2799997 -81.93296 24.637184 68.18198
-0.14 10.96 6.29 -63.598316 24.637184 69.32789
1.8299999 11.5199995 2.83 -40.107044 36.09634 77.349304
3.46 11.059999 1.3 -40.680004 75.630424 93.39212
2.02 10.83 6.49 -116.883385 94.53803 97.97578
2.1699998 11.34 9.54 -138.65578 72.19268 92.81916
5.25 10.16 6.45 -59.58761 30.939718 83.65183
4.15 10.19 3.08 17.761692 36.09634 58.441692
0.68 11.65 2.9199998 25.210142 61.30648 36.669296
2.56 11.21 2.26 10.31324 64.74423 52.712116
3.36 10.87 1.8 -5.7295775 41.825916 56.14986
2.54 11.16 2.23 -21.199438 26.356058 37.242256
1.7199999 11.32 3.81 -24.637184 20.62648 34.950428
2.98 11.24 3.4499998 -10.31324 14.896902 37.242256
3.1999998 11.469999 2.03 18.334648 20.053522 32.658592
3.12 11.74 2.01 27.501974 22.345354 21.772396
3.24 11.49 1.48 28.64789 3.4377468 14.323945
3.23 11.05 1.28 30.366762 4.583662 11.459155
3.87 10.309999 0.91999996 41.25296 3.4377468 13.750987
3.61 10.139999 0.16 45.83662 -1.1459155 11.459155
3.3 10.0199995 -1.63 50.420284 -2.291831 4.583662
4.0099998 9.4 -2.8899999 42.398876 -8.021409 5.7295775
4.0099998 9.4 -2.8899999 42.398876 -8.021409 5.7295775
3.3799999 7.8199997 -2.59 -20.62648 -10.886198 0.0
3.22 9.53 -0.68 -39.53409 12.032113 0.57295775
3.87 9.389999 -0.19 -26.929016 14.896902 0.57295775
3.87 9.389999 -0.19 -26.929016 14.896902 0.57295775
3.98 9.83 -0.63 19.480566 -42.398876 -6.3025355
6.15 10.63 -0.64 33.80451 -68.75493 -1.7188734
6.15 10.63 -0.64 27.501974 -72.76564 -2.291831
6.83 10.03 -0.07 5.15662 -83.65183 -9.167324
5.8599997 9.62 1.9599999 -8.594366 -89.38142 -16.042818
5.18 8.82 2.4199998 -16.042818 -101.98649 -32.085636
4.8599997 9.59 2.9199998 -1.1459155 -119.74818 -38.38817
5.5699997 9.57 2.44 17.761692 -129.48846 -24.064226
5.65 9.58 1.37 32.658592 -139.22873 -22.345354
5.3199997 9.75 1.81 29.793804 -141.52058 -24.637184
5.94 10.0 2.45 16.042818 -147.25015 -20.62648
5.94 10.0 2.45 16.042818 -147.25015 -20.62648
5.77 9.2 3.27 2.291831 -148.39606 -30.939718
5.68 9.5199995 3.7099998 -7.448451 -154.69861 -33.231552
5.68 9.5199995 3.7099998 -7.448451 -154.69861 -33.231552
5.83 8.21 4.43 -10.31324 -152.97972 -21.199438
5.6299996 7.39 7.41 -28.07493 -158.7093 -18.334648
5.46 7.4199996 7.8799996 -21.199438 -160.42818 -15.469859
4.44 8.51 7.2799997 9.167324 -147.25015 -21.772396
3.4499998 8.92 7.0499997 16.042818 -136.36395 -24.064226
3.4499998 9.32 7.44 -2.8647888 -119.74818 -0.57295775
3.82 9.7699995 6.97 0.0 -110.0079 2.8647888
3.1899998 10.059999 6.29 1.1459155 -103.1324 -0.57295775
1.79 10.0199995 7.58 -12.605071 -84.79775 -8.594366
2.57 9.96 8.65 -22.91831 -62.4524 -0.57295775
2.46 10.9 6.42 2.291831 -48.701412 -2.8647888
2.46 10.9 6.42 2.291831 -48.701412 -2.8647888
1.65 10.92 6.6499996 -5.15662 -32.658592 -16.042818
1.78 11.01 6.96 -17.761692 -29.220846 -15.469859
2.61 11.0199995 5.35 -21.199438 -8.021409 -12.605071
1.63 10.4 5.2999997 -14.896902 6.3025355 -19.480566
2.46 11.0199995 6.1099997 -14.323945 5.7295775 -16.042818
3.09 11.01 5.38 -1.7188734 10.31324 -12.605071
2.8899999 10.84 3.84 18.334648 25.7831 -17.761692
2.1299999 11.05 3.78 13.178029 33.231552 -25.210142
2.45 11.4 3.3799999 1.7188734 33.80451 -20.053522
3.08 11.82 2.1 -5.7295775 28.07493 -10.31324
3.6499999 10.78 2.18 -27.501974 16.615776 -4.583662
3.9399998 10.599999 3.1799998 -42.398876 6.8754935 -6.3025355
3.54 11.16 4.5 -51.5662 17.761692 -26.356058
4.18 10.58 4.31 -28.64789 35.523384 -21.199438
3.53 10.15 3.79 -16.042818 42.398876 -22.91831
2.82 10.219999 3.9299998 1.1459155 57.868736 -29.793804
3.37 10.51 2.84 25.210142 66.463104 -29.793804
3.46 10.23 2.81 34.377464 65.890144 -30.939718
2.44 10.17 0.81 50.993244 65.317184 -44.11775
2.3799999 10.139999 0.66999996 48.701412 65.317184 -45.263664
2.7 9.9 -0.24 29.220846 58.441692 -40.107044
2.7 9.9 -0.24 29.220846 58.441692 -40.107044
2.4299998 9.0199995 -0.65 -4.0107045 61.879436 -37.242256
1.4399999 8.5 0.35999998 -29.220846 73.33859 -33.80451
0.45999998 8.07 0.90999997 -37.815212 77.922264 -30.366762
0.85999995 8.51 1.52 -30.939718 68.18198 -22.91831
2.02 8.61 0.88 -20.62648 52.139156 -19.480566
2.03 8.26 -0.089999996 -13.178029 55.00395 -24.637184
0.65999997 8.25 0.16 -13.178029 59.014652 -28.64789
0.22999999 7.97 0.7 -17.188732 59.014652 -29.220846
0.26 7.5899997 0.45999998 -13.750987 52.712116 -23.49127
0.32999998 7.72 0.74 -5.7295775 41.825916 -23.49127
-0.17 7.77 0.79999995 1.7188734 31.51268 -23.49127
-0.24 7.91 0.45999998 26.929016 32.085636 -12.032113
0.049999997 7.8799996 -0.78999996 33.80451 29.793804 -8.594366
0.17 8.0 -1.36 30.939718 26.356058 -4.583662
-0.19 8.22 -1.8499999 0.57295775 18.334648 0.0
-0.29999998 8.28 -1.54 -12.032113 20.053522 3.4377468
-0.39 8.07 0.41 -41.25296 21.199438 6.8754935
-0.24 8.55 1.8499999 -33.231552 10.886198 1.1459155
-0.24 8.55 1.8499999 -33.231552 10.886198 1.1459155
-0.57 9.08 1.49 12.605071 9.740283 0.0
-0.7 9.2699995 0.07 36.09634 0.0 0.0
-0.71999997 9.49 0.24 28.07493 0.0 4.0107045
-0.34 9.73 0.56 21.199438 0.0 6.3025355
-0.04 9.78 0.83 9.740283 -4.583662 5.15662
-0.32999998 9.94 1.23 2.8647888 -5.15662 1.7188734
-0.32999998 9.94 1.23 2.8647888 -5.15662 1.7188734
-0.14999999 9.679999 1.91 -1.7188734 0.0 1.7188734
-0.31 8.929999 0.87 2.8647888 -4.583662 -1.1459155
-0.59999996 9.2 0.7 3.4377468 -1.1459155 -1.1459155
-0.53 9.469999 0.83 -5.15662 3.4377468 4.0107045
-0.28 9.7699995 1.41 -20.053522 3.4377468 6.3025355
-0.22 9.84 2.02 -27.501974 2.291831 5.7295775
-0.11 9.62 2.8999999 -18.907606 -0.57295775 3.4377468
-0.29999998 9.95 2.2 1.7188734 -5.7295775 0.0
-0.45 10.179999 1.65 21.199438 0.0 1.7188734
-0.089999996 10.16 1.31 22.345354 0.0 6.3025355
0.0 10.139999 1.12 16.615776 -2.8647888 7.448451
0.0 10.139999 1.12 11.459155 1.7188734 5.15662
0.04 10.48 1.26 6.8754935 1.7188734 5.15662
0.31 10.099999 1.43 -1.7188734 -4.583662 2.291831
-0.39999998 10.11 1.54 -0.57295775 0.0 -2.291831
-0.049999997 9.86 1.5899999 -1.7188734 -1.1459155 0.0
0.04 9.719999 1.76 -4.583662 -3.4377468 0.0
-0.16 9.73 1.9499999 -6.8754935 -3.4377468 -1.7188734
-0.34 9.78 1.99 -2.291831 -1.1459155 -2.8647888
-0.04 9.67 1.61 2.8647888 -2.8647888 -2.8647888
-0.62 9.599999 1.49 4.583662 2.291831 0.57295775
-0.62 9.599999 1.49 4.583662 2.291831 0.57295775
0.19999999 9.84 1.24 4.583662 -1.7188734 4.583662
0.19999999 9.84 1.24 4.583662 -1.7188734 4.583662
-0.37 9.96 1.4599999 -0.57295775 1.1459155 -1.1459155
-0.089999996 9.62 1.2099999 -2.291831 -2.8647888 -0.57295775
-0.5 9.65 1.4 -3.4377468 -2.8647888 -0.57295775
-0.29 9.79 1.8399999 -2.291831 -0.57295775 2.8647888
0.26999998 9.76 1.55 2.8647888 -7.448451 2.291831
-0.13 9.809999 1.3299999 4.583662 -2.291831 0.0
-0.47 9.88 1.56 2.291831 0.0 -1.1459155
0.03 9.74 1.7099999 -1.7188734 -2.8647888 0.57295775
0.19 9.49 1.62 -2.291831 -5.15662 0.57295775
-0.42999998 9.5199995 1.3399999 0.0 -2.291831 0.0
-0.58 9.78 1.4599999 3.4377468 -1.1459155 0.57295775
0.13 10.0 1.7199999 3.4377468 -5.7295775 7.448451
0.39 10.07 1.22 5.7295775 -6.3025355 9.167324
0.28 10.01 0.96999997 6.8754935 -1.7188734 5.7295775
-0.049999997 9.8 1.25 -1.7188734 -2.291831 2.8647888
-0.16 10.01 2.1299999 -11.459155 -4.583662 1.1459155
0.17 9.94 2.1599998 -8.021409 -5.15662 3.4377468
0.14 9.87 2.0 -0.57295775 -1.7188734 4.0107045
-0.04 9.9 2.07 2.291831 -3.4377468 0.57295775
0.08 9.8 1.74 5.15662 -5.15662 -1.1459155
-0.19 9.62 1.76 5.7295775 -2.8647888 0.0
-0.22999999 9.889999 1.9 6.3025355 -1.1459155 0.0
0.31 9.99 1.53 8.594366 -2.8647888 0.0
0.29 9.96 1.26 12.032113 -2.8647888 2.291831
-0.01 10.0 1.1899999 9.167324 0.0 0.57295775
0.06 9.849999 1.17 1.1459155 0.0 -1.1459155
0.02 9.83 1.66 -9.167324 2.8647888 0.57295775
0.03 9.78 1.89 -11.459155 3.4377468 0.0
0.12 9.8 1.9399999 -9.167324 1.7188734 -0.57295775
0.14 9.719999 1.55 -1.1459155 0.57295775 -0.57295775
0.02 9.75 1.48 2.8647888 0.57295775 -2.8647888
-0.22 9.8 1.54 1.7188734 2.8647888 -1.1459155
-0.02 9.79 1.4399999 2.291831 4.0107045 2.8647888
