2.47 9.7 0.55 12.032113 -6.8754935 0.0
2.07 9.929999 -0.55 2.8647888 -22.345354 0.57295775
1.74 9.79 -0.39999998 -13.178029 -32.658592 2.291831
1.37 9.86 1.13 -22.345354 -32.658592 8.021409
1.5999999 10.11 1.99 -18.907606 0.0 13.178029
1.8299999 10.48 2.3 -18.907606 8.594366 12.032113
1.65 11.0199995 2.6 -17.188732 -5.7295775 13.178029
1.87 12.17 3.83 -6.3025355 -17.188732 10.886198
1.68 13.46 5.42 12.605071 -4.0107045 7.448451
0.96999997 15.17 5.8399997 29.220846 -2.8647888 12.032113
2.79 17.58 5.8199997 23.49127 -7.448451 -13.178029
6.62 20.619999 6.77 8.021409 6.3025355 -49.27437
6.49 19.89 7.46 7.448451 35.523384 -76.77634
5.73 18.69 6.81 17.188732 75.057465 -86.516624
5.62 17.5 4.87 26.356058 95.11099 -96.829865
3.25 16.72 3.27 38.961132 86.516624 -95.68395
3.6799998 16.25 2.09 65.317184 18.334648 -79.641136
6.54 14.67 -0.35999998 49.27437 3.4377468 -82.50592
8.33 11.95 -1.9 14.323945 37.815212 -91.10028
10.309999 9.07 -2.98 -11.459155 93.96508 -104.85127
7.8799996 5.66 -2.33 -5.15662 111.15381 -116.31043
5.7999997 3.1799998 -2.27 20.62648 101.41353 -158.7093
-0.69 -1.09 -3.59 34.377464 70.47381 -148.96902
-2.49 -2.29 -4.3199997 5.7295775 54.43099 -120.32113
-4.0499997 -2.9099998 -3.6699998 -25.7831 55.576904 -86.516624
-5.15 -2.6 -2.31 -39.53409 48.701412 -52.139156
-4.41 -2.3799999 -1.65 -39.53409 29.793804 -33.231552
-4.1 -2.12 -1.01 -52.139156 19.480566 -18.334648
-3.99 -2.04 0.24 -61.30648 28.64789 -5.7295775
-4.47 -2.28 2.03 -58.441692 34.950428 13.178029
-5.15 -1.6999999 3.47 -45.83662 38.38817 33.231552
-4.46 -1.52 3.48 -28.64789 37.815212 44.11775
-2.86 -0.39 3.07 -16.042818 32.658592 42.398876
-2.4099998 0.5 2.6 -17.188732 33.231552 47.555496
-0.9 1.3199999 1.25 -49.27437 46.40958 60.733524
-1.87 2.26 2.62 -87.089584 59.58761 83.65183
0.26999998 2.62 4.42 -92.24621 59.014652 100.26762
2.82 2.49 4.79 -75.630424 71.04677 94.53803
2.9099998 2.44 4.22 -71.61973 73.91155 96.256905
3.55 2.77 4.5699997 -61.30648 70.47381 110.58085
5.27 3.1599998 5.29 -36.669296 71.04677 110.58085
2.95 6.6 7.14 14.323945 63.02536 123.18592
5.2599998 8.57 6.15 60.733524 56.14986 127.19663
7.68 11.95 2.6799998 57.868736 73.33859 125.47776
7.0699997 14.589999 -1.22 2.291831 77.922264 150.11493
9.92 20.0 -0.52 -61.30648 78.49522 143.23946
9.849999 20.439999 0.35 -69.32789 73.33859 115.16451
7.81 20.8 2.52 -35.523384 63.02536 95.11099
7.3799996 20.43 2.83 23.49127 60.733524 71.61973
7.18 19.279999 0.29 56.72282 77.349304 52.139156
6.2 18.34 -1.77 56.14986 72.19268 37.242256
5.73 17.75 -3.37 56.14986 45.83662 6.8754935
6.2999997 16.119999 -5.0499997 43.544792 19.480566 -13.750987
6.5699997 13.469999 -5.62 21.772396 13.178029 -26.929016
2.8 11.01 -5.23 12.605071 2.291831 -13.750987
1.27 9.7 -3.35 24.064226 -28.64789 -1.7188734
3.52 8.83 -2.6799998 41.825916 -44.69071 -17.761692
5.38 7.33 -5.0099998 25.7831 -51.5662 -23.49127
3.75 6.18 -4.97 10.31324 -54.43099 -14.896902
3.55 5.85 -4.29 9.740283 -68.18198 -7.448451
4.75 5.83 -4.9 9.740283 -85.94367 -7.448451
5.14 5.83 -5.37 -1.1459155 -94.53803 -8.594366
3.8999999 5.5099998 -5.5099998 -30.939718 -105.997185 13.750987
4.69 5.06 -4.35 -24.064226 -119.74818 24.064226
5.16 5.7 -3.03 -1.1459155 -136.36395 28.64789
6.15 6.96 -2.31 18.907606 -150.6879 28.07493
7.58 8.139999 -2.47 32.085636 -153.55267 22.345354
8.53 7.9199996 -3.49 31.51268 -159.85522 21.199438
6.5 8.55 -2.87 6.3025355 -169.5955 55.00395
8.99 8.78 -2.1 -11.459155 -178.18987 58.441692
9.0199995 7.68 -0.72999996 -6.3025355 -183.91945 50.993244
6.69 7.8999996 0.41 2.8647888 -189.07607 65.890144
7.8799996 9.32 0.34 -4.583662 -186.21129 85.94367
11.099999 9.599999 0.26999998 -30.366762 -171.31438 73.33859
9.62 8.38 2.32 -20.62648 -166.73071 67.60902
7.5299997 8.74 5.3199997 16.615776 -163.29297 73.33859
8.53 10.63 5.0899997 22.345354 -140.37466 61.879436
9.8 11.37 2.8 -9.740283 -124.9048 53.285076
7.8799996 10.09 2.7 -25.7831 -124.9048 64.17127
6.69 11.259999 5.56 -12.605071 -118.60226 60.733524
9.53 14.17 5.8199997 -32.085636 -78.49522 18.334648
7.54 12.99 6.5299997 -58.441692 -57.868736 4.583662
5.65 11.96 8.61 -40.680004 -40.107044 3.4377468
5.72 12.349999 8.03 -5.15662 -21.199438 -2.8647888
6.35 12.969999 5.42 -0.57295775 -12.605071 -19.480566
6.2999997 12.96 4.21 -27.501974 5.7295775 -36.669296
5.15 12.61 4.2799997 -35.523384 18.334648 -38.38817
5.25 12.33 4.44 -36.669296 36.09634 -44.69071
5.04 11.599999 4.5499997 -26.929016 46.40958 -44.69071
5.25 11.42 4.94 -7.448451 53.285076 -47.555496
6.19 11.45 4.02 8.021409 63.598316 -59.014652
5.8399997 10.7 0.71 -1.1459155 68.18198 -68.18198
5.21 10.2699995 0.61 -14.323945 77.349304 -63.598316
5.43 9.679999 0.17 -20.62648 85.94367 -59.58761
5.37 8.92 -0.42999998 -22.345354 87.662544 -57.868736
5.43 8.29 -1.24 -21.772396 85.94367 -56.72282
5.06 7.7799997 -2.28 -26.929016 87.089584 -51.5662
4.24 7.1 -2.45 -27.501974 84.79775 -44.69071
3.6999998 6.3799996 -2.1399999 -20.053522 84.22479 -36.09634
2.72 6.16 -2.4199998 -13.750987 69.900856 -24.637184
2.77 5.81 -3.02 -9.740283 51.5662 -20.053522
3.35 5.95 -2.76 2.8647888 40.107044 -20.62648
3.1499999 6.41 -2.4199998 30.366762 33.231552 -24.637184
2.6599998 6.68 -3.1299999 29.793804 29.220846 -22.91831
2.3899999 6.5299997 -3.55 18.334648 29.220846 -16.615776
2.06 6.58 -3.07 8.594366 23.49127 -10.31324
1.9799999 6.92 -2.04 10.31324 16.042818 -5.15662
2.7 7.49 -1.75 17.188732 12.605071 -3.4377468
2.96 7.81 -2.27 13.178029 14.323945 -7.448451
2.37 7.74 -2.2 7.448451 12.605071 -5.7295775
1.88 7.69 -1.52 6.8754935 10.886198 0.0
1.8499999 8.19 -0.97999996 8.594366 7.448451 3.4377468
2.6699998 8.49 -1.0699999 7.448451 12.605071 1.1459155
2.59 8.62 -1.3399999 -4.0107045 6.3025355 1.1459155
2.4099998 9.059999 -0.17999999 -2.8647888 1.1459155 0.0
2.36 8.96 0.24 10.31324 1.7188734 -0.57295775
2.21 8.69 -0.42 16.042818 0.0 -0.57295775
2.1499999 8.69 -0.82 10.886198 -3.4377468 3.4377468
1.81 8.92 -0.42 2.8647888 -3.4377468 9.167324
1.9399999 9.15 0.19999999 10.886198 -8.594366 12.032113
2.71 9.51 0.25 15.469859 -6.8754935 8.021409
3.1599998 9.59 -0.32999998 12.032113 -2.291831 5.15662
2.7 9.88 -0.25 7.448451 2.8647888 5.7295775
2.85 9.82 -0.39 2.8647888 4.583662 5.7295775
3.11 9.639999 -0.63 0.0 4.0107045 2.291831
2.78 9.57 -0.42999998 3.4377468 2.291831 1.1459155
2.85 9.5 -0.69 5.7295775 1.7188734 -1.1459155
2.44 9.29 -0.9 3.4377468 0.0 0.0
2.56 9.59 -0.7 0.57295775 0.0 2.291831
2.86 9.58 -0.74 -1.1459155 1.7188734 1.1459155
2.75 9.63 -0.55 -1.1459155 -0.57295775 1.1459155
2.8999999 9.429999 -0.42 1.1459155 -1.1459155 -1.7188734
2.9199998 9.469999 -0.31 2.291831 -0.57295775 -3.4377468
2.71 9.5 -0.39999998 0.57295775 0.57295775 -2.291831
2.6299999 9.389999 -0.41 -1.1459155 1.7188734 -2.291831
2.58 9.16 -0.32999998 0.57295775 0.57295775 -0.57295775
2.7 9.26 -0.35 5.15662 0.0 -2.8647888
2.59 9.22 -0.71 4.0107045 -0.57295775 -4.0107045
2.32 9.07 -0.91999996 -3.4377468 -1.1459155 -1.7188734
2.33 9.13 -0.45999998 -8.594366 -1.1459155 1.7188734
2.77 9.13 -0.07 -6.8754935 -0.57295775 1.1459155
2.99 9.15 -0.13 -4.583662 0.0 -2.291831
2.4299998 9.17 -0.06 -3.4377468 0.0 -1.1459155
2.55 9.09 -0.16 -2.8647888 0.0 -0.57295775
2.69 8.96 -0.12 -1.1459155 0.0 0.0
2.3899999 8.98 -0.11 -1.1459155 0.57295775 2.291831
2.5 9.12 -0.049999997 -1.1459155 1.7188734 2.8647888
2.6699998 9.28 -0.19999999 -2.291831 0.57295775 0.57295775
2.77 9.37 -0.26 -2.291831 0.0 -0.57295775
2.59 9.389999 0.0 2.291831 0.0 0.0
2.52 9.25 -0.39999998 4.0107045 0.57295775 0.0
2.3999999 9.22 -0.57 0.0 -0.57295775 1.7188734
2.71 9.559999 -0.19 0.0 -1.7188734 2.8647888
3.07 9.7 -0.11 4.0107045 0.57295775 -4.0107045
2.6699998 9.5199995 -0.32 1.7188734 0.0 -2.8647888
2.27 9.17 -0.45999998 -0.57295775 0.0 2.291831
2.26 9.179999 -0.14999999 0.57295775 0.0 6.3025355
2.58 9.46 -0.12 1.7188734 -0.57295775 4.583662
3.1599998 9.67 -0.39999998 -1.7188734 0.0 -0.57295775
2.6399999 9.62 0.049999997 -2.291831 0.0 -2.291831
2.6 9.48 0.17999999 0.0 0.0 -1.7188734
2.6 9.34 0.14 1.1459155 2.291831 -1.7188734
2.7 9.36 0.0 1.7188734 2.8647888 -1.7188734
2.82 9.21 -0.39 1.7188734 1.7188734 -4.0107045
2.34 9.15 -0.45999998 0.0 0.0 -3.4377468
