1.4599999 10.639999 0.5 4.583662 -5.7295775 -1.7188734
1.05 10.23 -0.06 -12.605071 4.0107045 8.594366
0.61 9.92 -0.65999997 -30.939718 -12.605071 17.761692
0.97999996 9.99 0.84999996 -25.210142 -45.83662 18.334648
2.12 10.309999 1.25 -6.8754935 -40.107044 3.4377468
1.29 9.32 1.0699999 13.750987 -2.8647888 -8.021409
0.29999998 9.03 0.65 13.178029 5.7295775 1.1459155
0.5 8.74 0.64 12.032113 -1.1459155 8.594366
1.27 8.75 0.91999996 20.053522 -6.3025355 6.8754935
1.29 8.82 0.59 28.64789 -6.3025355 2.291831
0.71 8.57 -0.17 25.210142 -2.8647888 6.8754935
-0.049999997 8.34 -0.13 13.178029 -8.021409 23.49127
0.28 8.72 0.39 7.448451 -8.021409 28.07493
0.24 9.62 0.95 4.0107045 -5.7295775 35.523384
0.42 11.79 1.87 0.0 -5.15662 41.825916
0.45 15.259999 3.0 -1.7188734 -15.469859 40.107044
1.43 19.71 6.8799996 20.053522 -33.80451 33.231552
8.83 27.71 10.5199995 57.868736 18.334648 -42.971836
8.48 26.55 8.33 72.19268 68.18198 -98.54874
6.52 23.039999 5.35 88.2355 83.65183 -127.76959
6.06 19.359999 1.87 96.829865 79.06818 -146.10423
5.43 15.5 -1.0699999 92.81916 67.03606 -161.5741
4.06 11.88 -2.82 56.72282 35.523384 -152.40677
3.8799999 8.639999 -3.9199998 26.356058 21.199438 -127.19663
4.35 5.54 -4.46 -0.57295775 28.64789 -110.58085
4.11 2.28 -5.72 -28.07493 57.868736 -109.43494
3.12 -0.87 -5.3199997 -41.825916 75.057465 -107.716064
1.03 -2.97 -4.46 -44.69071 73.33859 -103.1324
-1.9499999 -4.0099998 -3.6999998 -41.25296 20.053522 -70.47381
-3.35 -3.6499999 -0.59 -44.11775 5.15662 -43.544792
-2.75 -3.87 0.03 -57.29578 19.480566 -18.334648
-2.29 -3.6899998 1.24 -76.77634 30.366762 7.448451
-1.13 -3.26 4.0699997 -85.37071 29.220846 20.053522
-1.22 -3.22 6.29 -76.77634 35.523384 25.210142
-1.3299999 -3.37 6.7 -76.77634 63.02536 51.5662
0.049999997 -3.58 6.66 -110.58085 64.74423 72.19268
1.61 -4.08 9.55 -112.29972 59.58761 90.52733
3.08 -3.99 12.05 -76.77634 97.97578 105.42423
4.77 -2.62 10.16 -50.420284 142.66649 118.029305
4.65 0.39 6.5699997 -38.38817 149.54198 135.79099
3.05 6.43 3.85 -6.8754935 155.27156 170.16847
8.71 18.43 -7.6 -23.49127 185.63832 155.84453
6.5099998 19.91 -10.8 -57.868736 172.4603 152.97972
5.14 22.99 -6.2799997 -37.815212 109.43494 139.22873
5.87 24.109999 -5.22 31.51268 65.890144 136.9369
10.51 24.91 -8.8 73.33859 43.544792 104.85127
10.62 24.35 -10.92 95.68395 33.80451 24.064226
8.62 21.89 -11.55 97.97578 6.3025355 -5.7295775
6.77 17.449999 -12.889999 84.79775 -21.772396 -24.064226
5.52 12.94 -14.719999 60.160564 -51.5662 -30.366762
3.57 8.58 -15.41 30.939718 -87.662544 -11.459155
1.48 6.66 -13.24 15.469859 -128.34254 22.91831
6.77 7.94 -10.53 15.469859 -183.91945 51.5662
9.28 7.5499997 -10.099999 3.4377468 -190.79494 35.523384
8.59 7.06 -7.5699997 2.8647888 -190.79494 22.345354
6.87 6.7599998 -5.44 10.31324 -199.38931 35.523384
7.8799996 7.5699997 -3.9299998 17.761692 -211.99437 49.84733
9.21 7.2 -4.99 0.0 -212.56734 56.14986
9.059999 6.5499997 -3.55 -36.09634 -205.69185 70.47381
9.429999 7.1499996 -0.63 -40.107044 -201.10818 70.47381
9.65 8.179999 1.4 -38.38817 -192.51381 65.890144
9.54 8.349999 2.53 -48.701412 -189.64903 64.17127
9.79 9.179999 5.33 -56.14986 -171.31438 59.58761
9.24 11.2 8.8 -52.139156 -128.9155 38.38817
7.79 11.63 9.54 -70.47381 -111.72677 25.210142
5.6099997 11.9 12.0 -61.879436 -91.67324 13.750987
4.0699997 11.61 11.599999 -20.053522 -65.890144 8.021409
4.36 11.03 8.26 -1.7188734 -60.160564 -0.57295775
3.46 12.799999 8.22 -18.334648 -55.00395 0.0
2.52 16.039999 10.62 -38.961132 -22.345354 5.15662
5.04 17.859999 11.24 -30.939718 1.7188734 -9.167324
7.5 18.859999 10.51 -17.761692 26.356058 -40.107044
6.3399997 21.51 11.63 0.0 43.544792 -71.04677
6.95 22.07 10.849999 17.188732 70.47381 -98.54874
7.23 19.65 7.81 36.09634 89.95437 -114.59156
7.08 16.91 4.46 48.701412 93.39212 -134.07211
6.5299997 11.639999 -2.27 25.210142 89.38142 -138.65578
5.5499997 8.75 -3.4099998 -6.8754935 83.65183 -128.34254
5.14 5.9 -4.5299997 -30.366762 76.77634 -110.58085
4.21 2.6699998 -5.2 -40.680004 81.93296 -100.26762
2.44 0.84999996 -5.17 -19.480566 88.2355 -92.81916
0.83 0.13 -6.04 6.3025355 67.03606 -83.07887
-0.88 0.13 -6.91 0.0 45.263664 -63.02536
-1.86 0.48999998 -7.22 -25.210142 29.793804 -41.25296
-1.29 1.77 -6.14 -46.40958 30.366762 -24.064226
-1.31 2.82 -4.69 -52.712116 33.80451 -10.31324
-1.1 3.4099998 -4.16 -48.128452 24.064226 -9.740283
-0.66999996 3.6999998 -2.9099998 -12.605071 9.740283 -12.032113
-1.86 5.44 -2.1399999 -0.57295775 4.0107045 0.0
-1.77 5.79 -2.6799998 -6.8754935 0.0 11.459155
-0.7 7.0499997 -1.9499999 -14.896902 0.0 13.750987
-1.04 7.85 -0.96 -17.188732 0.0 16.615776
-0.98999995 8.82 -0.03 -9.740283 -1.1459155 21.199438
-0.42 9.37 -0.81 -13.178029 -6.3025355 18.907606
-0.02 9.42 -0.85999995 -21.199438 -2.8647888 17.761692
-0.48999998 9.73 0.48999998 -18.334648 -1.1459155 24.064226
-0.42999998 10.0199995 1.51 -4.583662 -1.1459155 25.7831
0.099999994 9.94 1.56 10.886198 2.291831 20.053522
0.91999996 10.55 0.74 17.761692 2.291831 8.021409
0.12 11.0 -0.44 13.750987 -1.7188734 2.8647888
-0.16 10.73 -0.89 0.0 -1.7188734 7.448451
-0.089999996 10.5 -0.57 -15.469859 -2.291831 11.459155
0.08 10.46 0.25 -20.053522 -3.4377468 10.886198
0.56 10.66 0.53 -12.605071 -2.8647888 5.15662
0.55 10.42 0.24 -10.886198 -4.0107045 -1.1459155
0.07 10.219999 0.71999997 -5.7295775 -4.583662 -0.57295775
-0.12 9.86 1.17 0.57295775 -1.7188734 2.291831
-0.22999999 9.88 0.88 2.8647888 -5.7295775 4.0107045
0.12 10.099999 0.71 6.8754935 -11.459155 0.0
0.71 10.29 0.77 4.583662 -2.291831 -5.7295775
-0.03 10.2 -0.17999999 -12.605071 0.0 -1.1459155
-0.21 9.58 1.1 -21.772396 1.7188734 6.3025355
0.38 9.48 1.9399999 -7.448451 1.1459155 6.8754935
0.7 9.53 1.77 8.594366 0.57295775 -1.7188734
0.06 9.469999 1.27 18.907606 0.0 -5.7295775
-0.17 9.54 0.51 20.053522 -0.57295775 -2.8647888
-0.06 9.469999 -0.01 13.178029 0.0 0.0
-0.08 9.5 -0.13 0.57295775 5.15662 0.57295775
-0.17 9.83 -0.14999999 -5.7295775 -0.57295775 0.57295775
0.24 9.7699995 -0.03 -9.167324 -1.1459155 -0.57295775
0.16 9.49 0.38 -9.167324 3.4377468 1.1459155
-0.32 9.48 1.0799999 0.0 0.0 4.0107045
0.14999999 9.719999 1.5799999 17.188732 0.57295775 -1.7188734
0.14999999 9.8 -0.32999998 12.032113 1.7188734 -2.8647888
-0.04 9.92 -0.44 -2.291831 -1.1459155 -2.291831
-0.099999994 9.889999 0.07 -8.594366 0.0 0.57295775
-0.03 9.58 0.56 -8.594366 0.0 1.1459155
0.049999997 9.5199995 1.39 1.1459155 -0.57295775 1.7188734
0.29999998 9.54 1.52 18.334648 0.57295775 0.57295775
0.14 9.63 0.95 21.772396 0.0 -1.1459155
0.01 9.82 0.17 14.323945 0.0 -0.57295775
0.17999999 9.74 -0.55 -0.57295775 5.15662 1.1459155
0.089999996 9.809999 -0.34 -10.31324 5.15662 2.8647888
-0.04 9.86 0.35999998 -5.7295775 1.1459155 0.57295775
0.13 9.84 0.93 1.1459155 2.8647888 0.0
0.089999996 9.86 0.35 0.0 1.7188734 0.0
0.07 9.88 0.39999998 1.7188734 3.4377468 -1.1459155
0.13 9.84 0.049999997 2.8647888 2.8647888 -0.57295775
0.16 9.61 -0.13 -1.1459155 3.4377468 -2.8647888
-0.17 9.71 0.24 -4.0107045 3.4377468 0.0
0.0 9.7699995 0.44 0.0 1.7188734 -0.57295775
0.16 9.599999 0.07 0.0 0.0 -0.57295775
0.22 9.53 0.07 -0.57295775 0.0 -1.7188734
0.01 9.63 0.5 0.0 1.7188734 0.0
0.07 9.69 0.72999996 2.291831 6.8754935 0.57295775
0.03 9.719999 0.57 5.15662 6.3025355 0.0
0.11 9.95 0.0 3.4377468 5.15662 -2.291831
0.12 9.87 -0.26999998 -0.57295775 3.4377468 -3.4377468
-0.14999999 9.54 -0.07 -3.4377468 4.0107045 -1.1459155
-0.28 9.49 0.26 -2.8647888 0.57295775 1.7188734
0.12 9.65 0.48999998 -0.57295775 2.291831 2.291831
0.21 9.73 0.47 0.0 1.7188734 1.7188734
0.21 9.78 0.65 7.448451 -1.1459155 -1.1459155
0.04 9.75 0.55 9.167324 -1.7188734 -0.57295775
0.17999999 9.7 -0.01 3.4377468 -2.291831 -1.7188734
0.13 9.57 -0.07 -2.8647888 1.1459155 -0.57295775
-0.14999999 9.66 0.42 -5.15662 1.1459155 1.7188734
0.07 9.7699995 0.84999996 3.4377468 0.0 0.0
0.32999998 9.75 0.31 3.4377468 -1.1459155 -3.4377468
-0.08 9.73 0.41 1.1459155 0.57295775 -2.291831
-0.02 9.78 0.21 -2.8647888 5.15662 0.0
-0.01 9.49 0.049999997 -8.021409 4.583662 2.8647888
-0.03 9.49 0.71 -1.7188734 0.57295775 2.291831
0.19 9.639999 0.42999998 6.3025355 -0.57295775 -2.291831
0.24 9.67 -0.35999998 -2.291831 0.0 -3.4377468
-0.24 9.639999 -0.35999998 -11.459155 0.0 1.7188734
-0.19 9.57 0.37 -11.459155 1.1459155 5.15662
0.24 9.71 1.03 -3.4377468 2.8647888 4.0107045
0.37 9.61 0.82 2.291831 3.4377468 1.7188734
0.04 9.7 0.63 5.15662 -0.57295775 0.0
0.13 9.83 0.76 5.15662 1.1459155 0.0
0.06 9.78 0.44 3.4377468 1.1459155 1.1459155
0.26999998 9.75 0.29999998 2.8647888 0.0 -1.1459155
0.29 9.76 0.25 3.4377468 0.0 -2.291831
0.13 9.75 0.26999998 0.57295775 1.1459155 -3.4377468
-0.13 9.73 0.68 4.0107045 1.1459155 0.0
0.0 9.69 0.74 11.459155 -4.583662 -1.1459155
0.31 9.8 0.96999997 19.480566 -5.15662 -5.7295775
0.48 10.03 0.47 16.615776 -4.583662 -10.31324
0.13 9.94 -0.14999999 5.7295775 0.57295775 -6.8754935
-0.34 9.74 -0.19 -3.4377468 2.291831 -0.57295775
-0.14999999 9.63 0.25 3.4377468 0.57295775 0.0
