0.29999998 9.559999 -0.55 24.064226 -5.15662 -2.8647888
1.51 9.54 -0.72999996 11.459155 -15.469859 5.7295775
2.12 9.559999 -0.76 4.0107045 -12.605071 14.896902
1.5999999 9.71 -0.71999997 6.3025355 -3.4377468 8.594366
1.31 9.74 -0.59 9.167324 -4.583662 3.4377468
1.5 9.67 -0.78999996 8.021409 -11.459155 4.583662
1.5799999 9.73 -0.55 4.0107045 -9.167324 6.3025355
1.4699999 9.809999 -0.32 0.0 -4.583662 8.594366
1.74 9.9 -0.31 2.291831 -0.57295775 10.31324
1.86 9.91 -0.42999998 7.448451 -2.8647888 9.167324
1.4599999 9.91 -0.59999996 9.740283 -3.4377468 8.594366
1.4 9.95 -0.53 9.167324 -1.7188734 6.8754935
1.43 9.99 -0.06 3.4377468 -1.7188734 8.594366
1.5899999 10.01 0.41 2.291831 -1.7188734 10.886198
1.74 10.55 0.42999998 9.167324 -1.1459155 11.459155
1.1999999 11.55 0.34 11.459155 -2.8647888 10.886198
1.36 12.82 0.66999996 12.605071 -1.7188734 12.032113
2.04 14.849999 -0.29999998 15.469859 -1.7188734 16.042818
2.46 16.16 0.59 10.886198 -5.15662 8.594366
2.85 16.49 0.78999996 -3.4377468 0.0 10.31324
2.6599998 17.96 2.4199998 -15.469859 11.459155 -6.3025355
4.0099998 18.75 2.6699998 -5.15662 9.740283 -17.188732
3.9499998 19.25 2.36 0.0 9.167324 -25.7831
4.21 19.07 2.74 2.291831 19.480566 -45.263664
5.48 18.119999 1.77 8.594366 27.501974 -59.58761
5.62 16.9 -0.08 26.356058 32.658592 -77.922264
4.83 15.11 -0.38 28.07493 48.128452 -99.69466
3.62 13.4 -0.089999996 18.907606 49.27437 -112.29972
3.26 11.219999 -0.72999996 22.345354 49.84733 -115.16451
2.1 9.62 -2.1 32.658592 50.420284 -115.73747
1.74 8.13 -2.59 28.64789 55.576904 -112.29972
2.2 6.2 -3.11 18.334648 38.38817 -96.829865
1.56 4.0899997 -4.0899997 7.448451 22.91831 -90.52733
0.14 2.53 -3.4399998 -6.8754935 24.637184 -89.95437
-0.52 1.53 -2.95 -18.907606 26.356058 -77.922264
-0.9 0.52 -3.08 -17.761692 26.356058 -61.30648
-1.5699999 0.39999998 -2.9399998 -13.178029 26.929016 -53.285076
-2.05 0.21 -2.57 -9.740283 17.188732 -46.98254
-2.6 0.31 -2.6599998 1.1459155 6.8754935 -40.680004
-3.4099998 0.57 -2.57 4.0107045 4.583662 -38.38817
-3.6699998 1.14 -1.78 -5.7295775 0.57295775 -16.042818
-2.62 1.53 -1.09 -13.750987 -1.1459155 -6.3025355
-2.6699998 2.19 0.38 -31.51268 -3.4377468 6.8754935
-3.49 3.03 1.88 -48.701412 4.0107045 14.896902
-2.33 3.48 2.6599998 -53.285076 18.334648 30.939718
-1.22 4.02 3.6599998 -48.701412 21.772396 46.40958
-0.31 4.54 4.64 -51.5662 19.480566 52.712116
0.089999996 4.02 5.1099997 -46.98254 23.49127 50.993244
0.29999998 3.58 4.3199997 -22.345354 38.961132 46.40958
1.7199999 2.31 4.39 -5.15662 52.139156 50.993244
1.55 2.4199998 4.68 -16.042818 48.128452 63.02536
0.61 3.0 3.7099998 -8.021409 67.03606 71.04677
0.65 3.37 3.32 -1.7188734 84.79775 78.49522
0.28 4.3199997 3.22 -1.7188734 91.67324 90.52733
3.1899998 6.3799996 2.07 -8.594366 83.65183 116.883385
5.66 7.66 1.24 -13.178029 84.22479 123.18592
4.7799997 9.429999 1.9599999 -17.188732 85.94367 122.61296
6.08 12.83 0.75 -17.188732 95.11099 114.0186
8.42 13.79 -0.87 -5.7295775 88.80846 116.883385
7.43 14.73 -0.65 -19.480566 81.36001 118.60226
8.04 17.859999 0.96 -36.669296 96.256905 116.31043
9.099999 18.49 0.099999994 -2.8647888 86.516624 100.84057
9.33 16.69 -5.06 50.993244 92.24621 80.78705
4.81 18.279999 -4.58 64.17127 104.85127 49.84733
4.67 18.44 -6.0099998 63.02536 89.38142 45.83662
6.0499997 17.6 -7.72 50.420284 71.04677 46.98254
5.62 16.01 -7.7 12.032113 73.33859 35.523384
3.9099998 15.38 -5.29 -26.929016 78.49522 21.772396
4.23 13.74 -6.17 -24.637184 67.03606 12.605071
3.8999999 11.98 -7.29 -20.62648 57.29578 4.0107045
3.33 10.809999 -6.04 -45.83662 46.40958 3.4377468
2.72 10.9 -2.8999999 -59.58761 34.377464 2.8647888
4.31 10.71 -3.26 -25.7831 7.448451 0.0
5.41 10.2 -5.2599998 12.605071 -12.605071 -18.907606
4.27 9.2699995 -6.42 20.053522 -18.907606 -32.085636
2.8 8.82 -6.1299996 12.605071 -26.929016 -38.961132
3.4399998 8.9 -5.5 -1.1459155 -35.523384 -22.91831
5.02 8.98 -5.54 -10.886198 -60.733524 -10.886198
5.87 8.66 -5.72 -22.91831 -85.37071 -17.188732
5.24 7.64 -4.39 -40.107044 -90.52733 -26.929016
4.63 7.25 -2.8999999 -44.11775 -94.53803 -28.64789
5.47 7.29 -3.6 -17.188732 -109.43494 -20.62648
5.6299996 7.29 -4.54 18.334648 -130.63437 -9.740283
5.71 7.68 -4.45 20.62648 -137.50986 -5.15662
7.2599998 7.68 -4.08 16.615776 -148.39606 9.167324
7.25 8.29 -2.28 0.57295775 -143.23946 9.740283
6.75 8.559999 0.11 1.7188734 -140.37466 8.594366
7.27 8.76 0.19 29.220846 -142.09354 10.886198
7.71 8.71 -2.22 68.75493 -144.38536 10.31324
6.6499996 8.0 -3.07 75.057465 -143.23946 7.448451
5.7799997 8.25 -2.3999999 54.43099 -153.55267 11.459155
6.62 8.42 -1.56 16.615776 -152.97972 38.38817
8.12 6.5899997 -0.59 -19.480566 -136.9369 50.993244
7.39 6.5099998 4.77 -63.02536 -135.21803 50.993244
6.44 7.1299996 6.19 -64.17127 -142.09354 49.27437
6.81 8.98 2.55 5.15662 -128.34254 60.160564
7.37 9.37 1.53 41.25296 -118.029305 65.317184
6.5699997 10.42 2.9199998 9.167324 -115.16451 67.60902
6.43 12.679999 2.57 -1.7188734 -107.716064 68.75493
6.49 12.7 2.35 -21.772396 -97.402824 60.160564
6.5 12.13 5.43 -48.701412 -88.80846 55.576904
5.5899997 13.09 8.13 -71.61973 -77.349304 38.961132
5.45 13.34 7.0 -20.62648 -52.139156 26.929016
4.96 14.08 5.62 -3.4377468 -42.398876 19.480566
5.2 14.92 5.2999997 3.4377468 -31.51268 8.021409
5.33 15.57 3.6599998 8.021409 -18.907606 -1.7188734
5.2599998 15.44 2.7 1.1459155 -5.15662 -17.188732
4.24 15.28 4.47 -25.210142 7.448451 -29.793804
5.19 15.23 5.8399997 -36.09634 17.188732 -33.231552
6.5 15.42 3.54 -6.8754935 26.356058 -43.544792
6.5899997 15.71 1.5799999 8.021409 42.398876 -61.30648
6.42 16.16 2.7 -13.178029 55.00395 -76.77634
6.68 16.43 3.24 -26.929016 67.60902 -86.516624
7.2799997 17.56 2.3 -16.615776 74.48451 -94.53803
8.53 17.869999 1.55 -28.64789 75.630424 -108.289024
9.3 15.059999 1.65 -55.576904 95.68395 -121.46705
8.58 12.559999 2.12 -55.00395 120.89409 -135.79099
7.6299996 10.9 -0.48999998 -13.750987 125.47776 -150.11493
7.27 8.83 -4.15 16.615776 126.05072 -152.97972
5.58 6.94 -5.41 -4.0107045 118.029305 -153.55267
4.25 5.16 -5.52 -29.793804 118.60226 -137.50986
3.33 3.4099998 -5.79 -36.669296 116.31043 -126.62367
2.5 2.6499999 -5.8399997 -41.25296 103.70536 -104.27831
0.88 2.6299999 -5.22 -30.939718 86.516624 -90.52733
-0.29 3.25 -4.98 -13.178029 61.879436 -79.06818
-0.39 3.37 -5.48 -2.8647888 44.69071 -56.72282
-0.12 3.85 -5.02 -13.178029 34.950428 -36.09634
0.25 4.89 -3.3999999 -30.366762 38.961132 -17.761692
0.26999998 5.0699997 -3.0 -30.366762 36.09634 -16.042818
-1.35 5.5299997 -3.1399999 -11.459155 29.220846 -22.91831
-1.9799999 5.72 -2.52 -6.3025355 30.939718 -21.199438
-0.82 6.0699997 -2.2 -9.167324 21.199438 -4.583662
-1.3199999 7.04 -2.45 -1.1459155 12.032113 -2.291831
-1.8 7.46 -2.62 2.291831 13.178029 -2.8647888
-1.99 7.6499996 -1.12 -10.886198 6.8754935 5.15662
-1.87 8.09 0.31 -14.896902 -2.291831 10.31324
-1.4499999 8.9 0.22 -6.3025355 -5.7295775 12.032113
-0.39 9.13 -0.51 12.032113 -6.3025355 17.188732
-0.72999996 9.469999 0.16 15.469859 -4.0107045 17.761692
-1.02 9.929999 0.11 14.323945 -1.1459155 11.459155
-0.98999995 10.37 -0.68 23.49127 -5.15662 7.448451
-1.06 10.54 -0.96 21.772396 -5.7295775 4.0107045
-1.0 10.5 -0.56 4.583662 0.0 6.3025355
-0.7 10.13 0.38 -10.31324 4.0107045 9.740283
-0.97999996 10.2 0.71999997 -11.459155 1.7188734 7.448451
-0.94 10.07 0.32 1.7188734 2.291831 5.15662
-1.12 9.91 -0.5 10.886198 4.583662 1.7188734
-1.02 9.969999 -0.53 9.740283 4.0107045 2.291831
-0.82 10.0 -0.85999995 8.594366 0.57295775 1.7188734
-0.95 10.09 -1.17 4.583662 2.8647888 0.57295775
-0.89 10.16 -1.04 -6.3025355 3.4377468 0.57295775
-0.58 9.719999 -0.78 -9.167324 0.57295775 0.0
-1.05 9.53 -0.21 -8.594366 0.0 -3.4377468
-1.56 9.719999 0.62 -4.583662 -1.1459155 -2.291831
-1.06 9.74 -0.14 4.0107045 0.0 1.1459155
-1.05 9.87 -0.47 6.8754935 4.0107045 4.0107045
-0.96999997 10.07 -0.96 6.3025355 9.167324 4.583662
-1.15 10.0 -1.17 0.0 1.7188734 1.7188734
-1.2099999 9.96 -1.06 -1.7188734 1.1459155 0.57295775
-0.84 9.8 -0.51 -9.740283 0.0 2.291831
-0.95 9.8 -0.12 -12.605071 -1.7188734 2.291831
-1.15 9.849999 0.11 -6.8754935 0.0 1.1459155
-0.90999997 10.04 -0.22 2.291831 -1.7188734 3.4377468
-0.53 10.29 -0.77 6.8754935 -1.1459155 2.8647888
-0.53 10.389999 -0.65 5.7295775 -1.1459155 1.7188734
-0.72999996 10.4 -0.63 -1.7188734 -0.57295775 0.0
-0.90999997 10.19 -0.42999998 -7.448451 1.1459155 0.0
-1.13 9.87 0.11 -9.167324 2.291831 3.4377468
-1.0 9.969999 -0.14999999 -4.0107045 2.8647888 4.0107045
-0.81 10.2699995 -1.06 10.31324 0.57295775 0.57295775
-0.85999995 10.219999 -1.51 14.323945 -1.1459155 0.0
-1.0699999 10.17 -0.84999996 2.291831 -1.7188734 -1.1459155
-0.78 9.87 -0.34 -8.021409 -4.583662 0.0
-0.97999996 9.62 -0.099999994 -9.740283 -4.583662 0.0
-1.3 9.63 0.45 -10.31324 -3.4377468 0.0
-0.84999996 9.75 0.48999998 -6.3025355 -6.8754935 2.291831
-0.42999998 9.84 0.049999997 3.4377468 -7.448451 2.8647888
-0.79999995 9.9 -0.42 7.448451 -5.15662 -1.1459155
-1.04 9.94 -0.17999999 1.7188734 -2.8647888 -2.8647888
-0.91999996 9.889999 0.11 -4.583662 -2.291831 0.0
-0.94 10.0 0.07 -4.583662 -2.291831 0.0
-0.89 10.04 0.07 -3.4377468 -1.1459155 -0.57295775
-0.75 9.929999 0.19 -1.7188734 -0.57295775 0.57295775
-0.64 9.98 0.06 -0.57295775 -1.1459155 0.57295775
-0.75 10.059999 0.21 0.0 -1.1459155 -1.1459155
-0.96 9.889999 0.52 -2.8647888 0.57295775 -0.57295775
-0.84999996 9.83 0.59 -3.4377468 0.57295775 0.0
-0.84 9.76 0.32999998 3.4377468 1.7188734 1.1459155
-0.96 9.78 -0.39 11.459155 0.57295775 -0.57295775
-1.04 10.0199995 -0.96 13.178029 0.0 -0.57295775
-0.97999996 10.059999 -1.11 8.021409 1.1459155 0.0
-1.0 10.01 -1.01 0.0 1.1459155 1.7188734
-0.90999997 10.07 -0.47 -8.021409 0.0 3.4377468
-0.64 10.059999 0.03 -12.032113 -0.57295775 2.8647888
-0.59999996 9.98 0.14 -8.021409 0.0 1.7188734
-0.76 9.99 0.11 -2.291831 1.7188734 -1.1459155
-0.81 9.78 0.089999996 -1.1459155 1.1459155 -1.7188734
-1.29 9.74 0.089999996 0.0 3.4377468 -1.7188734
-1.05 9.7699995 0.0 4.583662 3.4377468 0.57295775
-0.71 9.9 -0.47 6.3025355 0.57295775 1.7188734
-0.75 10.17 -0.48 6.3025355 0.57295775 1.7188734
-0.68 10.13 -0.22 1.1459155 1.1459155 1.7188734
-0.65999997 9.88 0.0 -1.7188734 0.0 0.0
-1.1 9.91 0.19999999 0.0 0.57295775 -1.1459155
-1.0 10.139999 0.12 3.4377468 2.291831 0.0
-0.39 10.16 -0.47 6.8754935 1.1459155 2.291831
-0.69 10.219999 -0.78 6.8754935 2.291831 -0.57295775
-0.96 10.05 -0.65 0.0 4.583662 -2.291831
-1.05 9.88 -0.02 -9.167324 3.4377468 -1.7188734
-0.93 9.73 0.14999999 -9.167324 4.0107045 1.1459155
-0.82 9.78 -0.06 0.0 4.0107045 0.57295775
-0.75 10.03 -0.42 6.8754935 1.1459155 0.57295775
-0.74 10.13 -0.91999996 6.8754935 1.1459155 0.0
-0.9 10.179999 -0.56 -1.1459155 2.291831 0.0
-0.48 10.03 -0.26 -8.594366 0.57295775 2.291831
-0.83 9.83 -0.08 -8.021409 2.8647888 -0.57295775
-1.16 9.849999 0.26999998 -6.3025355 2.291831 -1.1459155
-0.74 9.84 0.28 3.4377468 -1.1459155 0.0
-0.77 10.059999 0.13 6.8754935 -0.57295775 0.57295775
-0.66999996 10.19 -0.37 12.032113 3.4377468 1.7188734
-0.63 10.25 -0.53 9.740283 4.583662 2.8647888
