2.5020173 9.644139 0.80687064 5.005175 -1.150905 4.438245
2.6815877 9.550762 0.61293435 4.2001753 -1.780905 5.768245
2.4900458 9.601042 0.63208854 3.0801752 -4.090905 5.068245
2.2601955 9.634562 0.7948992 1.3301749 -4.615905 2.233245
2.2673783 9.751882 0.94573855 -1.5048249 -3.7759054 0.69324505
2.3751206 9.998491 0.96489275 -2.939825 -2.200905 1.358245
2.456526 10.3743925 0.95531565 -1.5748249 -1.710905 2.5132449
2.2769554 11.09507 0.8379962 0.735175 -2.8659048 2.583245
1.977671 12.251504 1.2761484 0.735175 -3.7759054 1.743245
1.3719195 13.589904 2.063865 -4.374825 -2.725905 1.2882451
2.3751206 14.933092 3.1221344 -12.9148245 -1.8859051 1.953245
4.7765784 15.864465 3.265791 -17.534826 3.7840948 10.178246
5.5547175 16.451063 3.2370596 -13.159825 9.034095 20.223246
5.2674046 16.88682 3.684789 -1.959825 13.864095 11.683246
5.2506447 16.759924 3.6440864 10.080176 13.794095 -11.311754
5.688797 16.398388 2.8587642 25.865175 6.514095 -34.201756
5.9258304 15.701654 1.647261 48.615177 1.789095 -64.721756
5.516409 14.497334 1.1396748 40.845177 4.029095 -77.391754
5.193182 13.266677 1.6783867 22.470175 7.389095 -91.53175
5.28177 11.827718 1.9465454 7.8751755 12.849095 -100.73676
4.7095385 10.245102 2.0087965 4.3751755 15.859095 -109.17175
3.929005 9.0838785 1.647261 8.680175 17.294096 -118.621765
2.7175019 7.7574506 1.0917894 16.870174 15.334096 -127.75676
1.7909175 6.9074826 0.22506183 24.535177 8.754095 -135.38675
1.6281068 6.3735595 -0.36871833 28.665176 -0.975905 -134.30174
1.2498114 5.897099 -0.9385557 22.120176 -3.7759054 -128.03674
0.65842557 5.506832 -0.64166564 5.5301747 5.324095 -122.68177
-0.071828246 4.7167215 -0.22027329 -13.929825 16.349096 -120.61675
-0.6656084 4.4844766 -0.30646718 -25.199823 21.494095 -119.56675
-1.3791022 4.415043 -1.4389591 -25.514826 27.339096 -115.71677
-2.3416007 3.7230973 -1.5802214 -28.209826 30.699095 -110.78175
-3.476487 2.875524 -0.73743665 -43.224823 29.264095 -112.986755
-4.846012 2.3679378 0.016759925 -59.46483 29.789095 -116.24176
-5.681614 2.2673783 0.17957062 -62.85983 32.939095 -108.22675
-6.167652 1.6927522 -0.14365649 -54.949825 31.014095 -91.46176
-6.196383 0.723071 -0.31843856 -48.194824 26.009094 -74.97676
-6.5459476 0.6177229 0.31604427 -49.699825 23.909094 -57.441753
-7.0559278 0.9888355 0.7877164 -53.444824 25.274096 -36.791756
-7.283384 1.1037607 1.2857256 -52.744823 23.524096 -14.706755
-6.9577627 0.9984126 2.4421604 -57.469826 20.584095 1.778245
-6.979311 1.8699286 3.7183087 -70.594826 24.574095 19.138245
-5.5714774 2.456526 3.7781656 -71.11983 31.469095 44.968243
-3.964919 2.1572416 3.4980354 -54.704823 32.064095 75.90825
-2.7558103 2.4541316 3.205934 -40.109825 34.899094 97.78325
-1.9369683 3.1341057 3.1221344 -32.549828 44.209095 109.40325
-2.6025767 3.1388943 4.7981267 -28.349825 54.779095 115.94825
-2.5283542 3.0742488 6.1125836 -30.624826 63.739094 111.083244
-0.09577099 4.1157584 4.3863115 -21.874825 65.8041 110.663246
1.8364087 5.0614967 2.0064023 16.940176 67.34409 134.91824
2.0902019 5.5379577 1.6424725 56.665176 80.119095 163.68826
0.37350687 6.2777886 2.8874955 49.770176 83.96909 139.67824
1.9369683 6.567496 2.7989073 52.220177 95.9741 152.52325
4.865166 6.8021345 -0.21548474 70.84017 113.439095 187.62825
4.95136 7.8891354 -0.37590113 70.84017 117.95409 188.99324
4.37434 9.749487 1.3671309 51.100178 102.589096 163.82825
6.0599093 10.879584 -1.0295382 57.435177 95.939095 166.87325
6.857203 12.241927 -3.8452053 70.24518 94.4341 175.58826
6.711152 13.30738 -3.7422516 50.365177 85.089096 163.26823
7.2618356 13.731166 -2.9689007 15.400174 69.9341 148.84825
7.80773 14.315369 -2.1452703 -7.804825 66.5741 141.28824
8.358414 14.542825 -1.4820561 -9.029825 67.659096 136.10825
9.976943 14.391986 -2.0183737 10.815175 59.154095 130.05325
11.856449 15.069566 -6.612987 48.720173 45.609093 120.81325
12.093482 15.380821 -9.80695 81.51518 32.8691 101.66824
11.427874 15.095902 -10.551569 78.26017 15.684095 68.59325
8.8085375 13.501316 -10.005674 50.575172 -6.8909054 26.488245
7.4653487 11.4757595 -9.186832 17.850176 -16.795906 -5.7817545
6.8428373 9.517242 -8.059129 -12.809825 -19.630905 -17.646755
5.8013277 7.84125 -6.794952 -37.729828 -24.600904 -20.341755
5.4062724 7.2450757 -5.707951 -54.144825 -29.920908 -17.891756
5.9282246 6.715941 -5.130931 -60.68983 -44.13091 -9.141755
6.694392 6.1101894 -5.4350038 -59.814827 -58.725906 -0.531755
6.567496 6.2682114 -4.992063 -60.234825 -69.82091 2.303245
6.7039695 6.4789076 -4.3073006 -69.89483 -76.96091 -0.776755
6.6608725 6.6608725 -3.1077688 -82.249825 -81.7209 -4.4167547
6.8859344 6.969734 -2.9305923 -88.19982 -88.020905 -7.7767553
7.3025384 7.0439563 -2.7246847 -84.76983 -98.8709 -8.511755
7.6449194 6.986494 -1.6831752 -81.75983 -109.72091 -10.401754
6.7853746 7.3145094 -0.67757976 -82.21483 -119.59092 -17.366755
6.5028505 7.5922456 -1.2689656 -78.609825 -122.63591 -25.731756
7.6544967 7.5754857 -1.7166951 -66.35983 -129.8109 -23.106756
7.49408 7.7718163 -1.2929084 -60.864826 -145.2109 -16.631756
7.6904106 7.379155 -0.10774237 -70.41983 -146.3659 -17.051756
8.001666 7.039168 2.604971 -86.23983 -136.7409 -17.191755
6.8667803 7.326481 2.8779182 -92.22483 -137.23091 -18.906755
6.3735595 7.2163444 0.95531565 -70.31483 -154.59091 -26.711756
6.9122715 7.285778 1.7382435 -42.069828 -160.3309 -27.936754
6.028784 7.678439 2.2170985 -40.84483 -158.2659 -20.096756
5.1285367 7.9849067 2.2123098 -43.329826 -162.8859 -21.356754
5.6576715 7.9418097 1.7071179 -33.494823 -151.12592 -10.786755
5.8779445 7.781393 1.2426286 -30.169827 -141.22092 1.1482451
5.209942 7.805336 1.201926 -31.359827 -130.4059 4.683245
4.800521 7.9920893 1.2210802 -35.349827 -123.89591 6.538245
5.5307746 7.886741 1.462902 -39.129826 -120.99091 12.243245
5.837242 8.047157 1.6041641 -40.879826 -116.6509 14.588246
5.6385174 8.370385 2.2865324 -41.159824 -110.17591 11.438246
5.217125 8.420665 3.275368 -43.994827 -104.68091 5.803245
5.4326096 8.578687 3.6536634 -42.664825 -97.505905 2.023245
5.9042816 9.002473 3.859571 -36.259827 -90.75091 2.583245
5.849213 8.909097 4.886715 -36.679825 -84.380905 4.4032454
5.0591025 8.973742 6.316097 -41.229824 -72.02591 5.068245
4.496448 9.474146 6.1484976 -33.634827 -58.270905 5.5582447
5.1045938 9.847652 5.672037 -18.199825 -45.670902 13.223246
5.9042816 10.101445 6.304126 -12.074825 -33.59591 22.743246
5.724711 10.570724 6.529187 -8.9598255 -20.925905 20.643246
5.5283804 11.01127 5.4924664 4.1651754 -8.290905 10.948245
6.3137026 11.09507 4.5275736 17.955175 4.624095 6.503245
6.797346 11.092675 4.3073006 19.495174 19.499096 4.508245
6.4621477 10.953807 4.3456087 15.365175 33.7091 -4.906755
5.95935 10.525232 4.022382 14.770175 45.329098 -17.471756
5.899493 10.436644 3.2035396 18.830175 55.794094 -24.891756
6.114978 10.194822 2.317658 24.500175 65.6641 -25.591755
5.9665327 9.787795 1.5083932 27.860176 75.14909 -25.801756
5.195576 9.641745 1.063058 27.265175 83.479095 -30.596754
4.783761 9.608225 0.6895511 24.885176 88.869095 -36.126755
4.9633317 9.553157 -0.13168511 23.275175 93.4891 -35.566753
4.80531 9.244295 -0.66321415 22.680174 97.1291 -30.736755
4.479688 9.105427 -0.52674043 18.375174 100.769104 -31.226757
4.5275736 9.07909 -0.16041641 12.075175 103.1841 -35.041756
4.350397 9.215564 -0.8332076 11.760176 98.9841 -37.386753
4.415043 9.251478 -1.9106313 21.735174 92.8241 -40.851753
4.285752 9.016839 -2.875524 32.340176 87.5741 -42.426754
3.3424077 8.875577 -2.7366562 32.690178 82.49909 -45.716755
2.9401696 9.076695 -2.423006 20.090176 77.0741 -51.806755
3.3615618 8.837268 -2.691165 5.845175 77.704094 -50.616753
2.901861 8.545167 -2.6360965 0.175175 78.894104 -40.991756
2.3416007 8.327288 -2.4277947 -1.7498251 64.40409 -43.091755
2.3799093 8.142929 -2.5020173 -0.559825 55.549095 -41.341755
2.0351336 7.9394155 -3.2202997 3.465175 50.649094 -35.566753
1.6328955 7.7071705 -3.1269228 2.1701753 48.514095 -32.521755
1.5850099 7.6018224 -2.5139885 -4.374825 40.534096 -30.036758
1.2330515 7.7047763 -2.3727264 -5.704825 31.679096 -27.796755
0.8547561 7.8460383 -2.3966691 -3.114825 29.439095 -24.821754
1.0750294 7.8556156 -1.908237 -5.669825 25.624096 -20.341755
0.8930645 8.284191 -1.3886794 -8.994825 19.954094 -15.196754
0.77574503 8.581081 -1.2689656 -7.384825 18.309093 -11.941755
1.1660118 8.605023 -0.9122187 -3.779825 12.289095 -8.931755
1.175589 9.009656 -0.7733508 -1.329825 7.6340957 -5.256755
1.4341706 9.335278 -0.76137936 2.555175 7.249095 -1.9317548
1.7909175 9.402317 -0.9385557 6.405175 2.6990948 -0.39175498
1.6879637 9.553157 -0.76137936 6.965175 -1.6409049 -1.091755
1.4198049 9.615408 -0.50040346 3.3951752 0.214095 -2.2817552
1.2450229 9.534002 -0.18914771 -0.244825 2.0690951 -2.8417552
1.350371 9.545974 -0.03351985 -1.8548249 1.194095 -2.0367548
1.2737542 9.792584 -0.12210801 -0.76982504 -0.065905005 0.378245
1.4221992 9.7135725 0.011971374 0.665175 -0.030905003 1.708245
1.5754328 9.63935 0.27055305 -0.13982499 -2.025905 1.253245
1.5059988 9.732727 0.11013664 -0.209825 -2.9009051 0.868245
1.2857256 9.857229 0.09577099 2.345175 -3.1109052 0.063245006
1.359948 9.680053 0.36632404 2.905175 -4.545905 -1.336755
1.3407938 9.818921 0.14126222 1.1901749 -3.915905 -0.531755
1.5850099 9.938635 -0.21787901 1.890175 -1.5709051 1.463245
1.3551595 9.862018 0.29928434 1.120175 -1.535905 2.233245
1.1684061 9.732727 0.6656084 -4.479825 -1.535905 -0.636755
1.2881198 9.725544 0.6153286 -7.174825 -0.17090501 -2.596755
1.4341706 9.684841 0.45491222 -4.7598248 -0.625905 -0.98675495
1.2713599 9.577099 0.6895511 -1.959825 -1.745905 -0.251755
1.3192455 9.483723 0.7206767 -2.484825 -0.730905 -1.5817549
1.4533248 9.560339 0.4740664 -1.5048249 0.949095 -0.636755
1.3527653 9.5483675 0.3998439 2.065175 1.4740951 1.2882451
1.2474172 9.608225 0.4764607 4.8301754 1.3340951 0.273245
1.4221992 9.692024 -0.12210801 6.440175 1.719095 2.373245
1.4772675 9.751882 -0.32562137 5.670175 2.349095 3.4232452
1.2953026 9.720756 0.076616794 -0.244825 2.419095 2.233245
1.3192455 9.737515 0.49800915 -4.479825 2.5240948 1.393245
1.5490957 9.780613 0.20590763 -1.364825 1.6490949 2.5132449
1.4940275 9.763853 -0.083799616 3.185175 -0.520905 2.1282449
1.2713599 9.727939 0.023942748 2.240175 -0.17090501 0.13324499
1.498816 9.703996 0.2753416 -1.8548249 1.789095 1.253245
1.5323359 9.660899 0.2561874 -2.624825 2.734095 3.143245
1.350371 9.63935 0.13647367 0.630175 1.2290951 1.253245
1.2737542 9.651321 0.026337024 3.710175 -1.955905 -0.636755
1.4317763 9.593859 0.028731298 3.430175 -1.9209049 -0.181755
1.4652961 9.696813 0.023942748 1.2951751 -0.17090501 1.813245
1.4102279 9.708784 0.12929083 -0.069825 0.249095 1.918245
1.4078336 9.694419 0.3423813 -1.049825 -0.80090505 0.868245
1.5131817 9.754275 0.22266756 -0.69982505 -1.535905 0.44824505
1.5634614 9.742304 -0.0023942748 1.3651751 -1.4309051 1.4282451
1.4102279 9.744699 0.1340794 1.750175 -1.605905 1.708245
1.4245936 9.668081 0.34716985 -0.69982505 -0.835905 1.043245
1.56825 9.680053 0.31365 -1.889825 0.704095 1.4282451
1.4341706 9.718362 0.32562137 -0.314825 1.089095 1.743245
1.3719195 9.797373 0.2849187 1.575175 0.669095 0.833245
1.6065584 9.852441 -0.11013664 3.360175 0.459095 1.113245
1.7550035 9.835681 -0.4166038 5.635175 -0.24090502 2.548245
1.4174107 9.778218 0.07422252 4.1651754 -1.395905 1.2882451
1.3838909 9.737515 0.35914123 -1.119825 -0.275905 -1.5467551
1.4748733 9.749487 0.10055954 -2.484825 0.039095 -1.3017551
1.5610672 9.727939 -0.22985038 1.470175 -0.940905 -0.006755
1.5012103 9.646533 -0.05985687 3.220175 -1.5709051 -0.041755
1.3288225 9.624985 0.19633053 -0.209825 -0.730905 -0.636755
1.4365649 9.620196 0.098165266 -3.324825 0.949095 -0.84675497
1.4772675 9.555551 0.12210801 -2.449825 1.089095 0.623245
