1.8220432 9.6896305 1.359948 -0.349825 -5.000905 2.723245
1.6759924 9.629773 1.5036045 -4.619825 -3.915905 2.5132449
1.7909175 9.541185 1.4868447 -8.504826 0.214095 2.653245
1.951334 9.58907 1.5634614 -8.889825 -0.90590495 3.3182452
1.8268317 9.5794935 1.7526091 -9.134825 -2.165905 2.093245
1.7047237 9.486116 1.9704882 -7.629825 -2.8309052 0.51824504
1.7358493 9.534002 1.8411974 -2.6598248 -4.475905 0.868245
1.8483802 9.593859 1.690358 2.905175 -5.6309047 1.813245
1.7310607 9.792584 1.5299416 5.3201747 -4.755905 1.638245
1.0271438 10.695226 1.89866 4.795175 -4.370905 0.623245
1.1540405 11.619415 2.2506182 3.710175 -5.4909053 1.2882451
1.8435916 12.878804 2.6959534 4.0251746 -7.905905 3.843245
2.9473522 13.958622 3.1269228 5.810175 -8.640904 5.103245
3.459727 14.909149 3.4190245 8.015175 -8.150906 4.508245
4.1516724 16.000938 3.5219781 12.460175 -4.650905 3.353245
3.4142358 17.348915 3.641692 20.475176 -3.075905 -3.8217552
3.605778 17.459051 3.8523881 29.750175 -10.075905 -23.106756
5.140508 17.293846 3.3424077 38.710175 -22.150906 -38.261757
6.134132 16.530073 1.8172545 47.320175 -26.420904 -44.876755
5.786962 15.177308 1.0846065 46.200176 -25.300905 -60.731754
4.35758 13.300197 1.2210802 27.685175 -21.065905 -87.47176
2.8539755 10.97775 1.3407938 2.485175 -11.790905 -111.096756
1.8675344 9.557945 1.1660118 -13.439825 1.0190951 -121.87675
1.472479 7.8292785 1.4221992 -21.279825 6.5490947 -124.57175
0.9984126 6.32328 1.2593886 -25.514826 4.589095 -123.03176
-0.1987248 5.774991 1.0271438 -23.169825 4.869095 -122.26175
-1.5299416 5.956956 0.8930645 -16.274824 12.184095 -122.61175
-0.6895511 5.688797 0.8739103 -8.364825 10.364096 -114.176765
0.30646718 5.1285367 0.74701375 -5.9498253 -8.150906 -96.221756
0.14605077 4.7071443 -0.038308397 -7.5248256 -20.260906 -82.15176
-1.2785428 4.06069 -0.22506183 -12.459825 -7.3109045 -82.85175
-2.4182177 3.4956412 0.4285752 -29.434826 13.829095 -91.636765
-3.4214187 3.258608 1.0008069 -52.11483 28.739094 -93.84176
-4.187587 2.7917244 1.2713599 -64.71483 34.759094 -83.86675
-4.6688356 2.4206119 1.3743137 -64.99482 40.709095 -72.28176
-5.5331693 2.063865 1.7358493 -56.979824 41.724094 -64.51175
-5.767808 2.0399222 1.733455 -46.23483 32.834095 -57.336754
-5.9234357 2.083019 1.7645805 -38.009827 25.729095 -46.311756
-6.526793 2.169213 2.310475 -36.399826 28.529095 -30.421755
-6.3376455 1.8268317 2.657645 -38.114826 38.469093 -15.511756
-6.0766697 1.8316202 2.439766 -34.439827 43.719093 -5.466755
-5.899493 2.116539 1.9393626 -9.274825 37.069096 23.268246
-6.201172 2.4469488 2.4445546 -7.174825 39.869095 35.203247
-5.9210415 2.5762396 2.762993 -8.469826 42.914097 46.683247
-5.0591025 3.179597 2.3487835 -1.329825 43.509094 65.12824
-3.215511 3.7781656 1.3719195 4.550175 49.039097 89.24325
-3.047912 4.304906 1.6137413 -1.7498251 62.584103 106.498245
-3.3759274 4.96812 3.1221344 -12.249825 67.9741 108.49325
-1.7214836 5.5331693 2.5499027 -4.7248254 58.31409 114.09325
0.17957062 6.0479383 0.80208206 20.790176 52.469097 133.06325
1.3360053 6.6848154 -0.44533512 31.990175 59.259098 145.10324
0.69912827 7.101419 1.1109436 19.180176 65.06909 139.08325
0.8092649 7.3576064 2.3463893 4.6901746 57.894096 129.56323
2.2530127 8.332076 1.5371244 13.405175 48.479095 139.32823
4.601796 9.021627 -0.08619389 34.300175 50.649094 162.70825
5.33205 9.237112 -0.41181526 41.650177 59.7841 170.75826
4.757424 9.155706 0.81165916 37.555176 54.569096 155.07825
4.862772 10.161303 0.05027977 40.810177 41.374096 138.10326
7.0128307 10.76466 -2.3535721 57.925175 37.104095 143.10826
8.600235 11.705609 -3.529161 60.34018 47.324097 157.17824
7.90829 13.259494 -1.9010541 34.265175 64.7541 151.64824
7.6090055 14.533248 -0.505192 4.3751755 71.0191 134.28824
9.873989 15.48138 -2.7653873 3.9901752 69.1291 129.91324
11.612233 15.256319 -6.2921543 29.855173 69.2691 136.31824
10.405519 14.799012 -7.091842 43.085175 60.37909 110.76824
8.564321 13.896371 -5.36557 24.815176 35.284096 59.458244
7.5323887 12.450229 -3.3591676 -7.5948253 9.384095 18.613245
7.345635 11.317737 -3.067066 -28.384825 -5.2459054 3.073245
7.4270406 10.192428 -3.3112822 -30.309826 -7.0659056 3.703245
6.818895 9.450203 -3.3831103 -25.829826 -7.135905 7.273246
6.1484976 9.481328 -3.294522 -22.609827 -11.755905 6.083245
6.0599093 9.560339 -3.1484714 -20.194826 -23.025906 1.5682449
6.179623 9.565128 -3.3998702 -18.969826 -39.755905 -2.2817552
6.1987777 9.486116 -3.4788814 -20.124826 -50.605907 -6.831755
6.057515 9.431048 -2.7055306 -27.019823 -53.615906 -11.836756
5.7797794 9.454991 -1.8220432 -38.289825 -58.41091 -20.656755
5.5379577 9.320911 -1.4557191 -43.854824 -71.0809 -29.651752
5.3488097 9.366403 -1.4605076 -41.474823 -82.42091 -34.866756
5.566689 9.289786 -1.5227587 -37.659824 -86.37591 -34.41176
5.9258304 9.007262 -1.0989721 -35.87483 -92.6409 -33.361755
6.0527267 8.600235 -0.48124924 -39.794823 -101.285904 -33.571754
5.6361227 8.12138 -0.18675344 -49.87483 -101.53091 -35.91676
5.358387 7.7933645 -0.29210153 -52.744823 -97.68091 -33.991756
5.1979704 7.666468 0.23942748 -59.884823 -94.740906 -28.671755
4.7334814 7.6257653 1.2833313 -68.59982 -95.40591 -22.651756
4.781367 7.4964743 1.776552 -70.90983 -93.58591 -19.431755
5.195576 7.4270406 1.541913 -64.78482 -93.02591 -16.281755
5.011217 7.573091 1.6137413 -58.064823 -93.51591 -14.111754
4.8124924 7.434223 2.47568 -57.819824 -95.195915 -15.756757
4.678413 7.59464 2.9832664 -54.599827 -97.99591 -17.051756
4.455745 8.123775 2.430189 -43.154827 -99.185905 -15.301755
4.067873 8.487704 3.083826 -38.884823 -96.630905 -11.836756
4.02717 9.026416 4.065479 -43.329826 -94.70591 -8.931755
5.1596622 9.387952 3.5890179 -39.444824 -96.66591 -2.5267549
5.4589467 9.325701 2.7725701 -30.029825 -100.02591 4.1232452
5.2650104 8.858817 3.5243726 -36.539825 -96.4559 1.743245
4.905869 8.456578 5.9641385 -58.799828 -82.42091 -1.371755
4.7957325 8.023215 5.784568 -64.08482 -71.29091 -4.556755
4.242655 7.3863378 4.35758 -41.054825 -69.19091 -10.3667555
3.0622776 7.0511394 4.166038 -22.434826 -63.835903 -15.966756
2.3966691 7.18043 4.2546263 -19.459826 -52.250904 -15.196754
2.6145482 7.3600006 3.727886 -13.369825 -45.88091 -7.286755
3.1125572 7.5395713 2.5738454 3.0451748 -48.295906 2.548245
3.0694604 7.8125186 1.934574 18.305176 -53.580906 6.923245
2.9617178 7.82449 1.8723229 22.015177 -54.140903 6.7482452
2.9665065 8.274613 2.3487835 16.100174 -51.830906 7.4482455
3.1819913 8.636149 2.439766 8.855175 -49.345905 10.808245
3.668029 9.007262 2.1907616 5.5301747 -45.775906 15.673245
4.0798445 9.402317 2.7151077 2.1701753 -41.540905 22.288246
4.022382 9.883567 3.5554981 -6.824825 -34.750904 26.033245
4.1181526 10.558752 4.5946136 -14.139825 -28.205904 25.228247
4.680807 11.209994 4.2977233 -12.564824 -23.655907 23.163246
5.827665 11.736735 3.921822 0.175175 -20.260906 22.183245
6.8955116 11.906729 3.849994 12.390175 -21.800905 22.008244
7.0894475 11.595473 4.3408203 13.3351755 -21.415905 17.248243
6.6800265 11.24112 5.2051535 5.495175 -11.370905 5.4182453
6.2059603 10.790997 5.4589467 -2.8348253 5.1840954 -7.356755
6.012024 10.436644 4.460534 -0.48982498 21.459095 -17.716755
5.7582307 10.237919 3.6225379 26.915174 32.344097 -32.486755
5.0638914 9.998491 3.1341057 29.715176 39.134094 -39.136757
4.6113734 9.816526 2.8515813 28.035175 46.239098 -42.601753
4.599402 9.703996 2.430189 28.350176 49.354095 -42.811756
4.608979 9.5483675 1.462902 29.960175 53.169094 -42.706757
4.333637 9.335278 0.72785956 27.580175 60.309093 -43.021755
3.9313993 9.167678 0.7901107 19.600176 65.034096 -44.771755
3.5842295 9.462174 1.036721 12.9151745 64.579094 -46.031757
4.070267 10.142148 0.1340794 13.020174 66.1191 -43.371758
4.853195 9.787795 -0.9888355 14.420176 71.05409 -37.141754
4.889109 9.344854 -1.1899546 8.400176 73.2241 -37.771755
4.2043467 9.217958 -0.37829542 -1.329825 69.96909 -48.481754
3.981679 8.846846 -0.21548474 -5.389825 64.3341 -59.121754
3.0000262 8.616995 -0.42618093 0.035175 58.139095 -64.86175
2.0590763 8.2578535 -0.65363705 4.795175 58.594097 -68.67675
2.1309047 8.166871 -0.71588814 4.8301754 60.414097 -64.96676
2.205127 8.2578535 -1.1468576 5.670175 58.629093 -55.691757
1.6496553 8.214757 -1.4341706 7.805175 55.7241 -50.756756
1.0175668 8.001666 -1.2234744 7.9451747 50.124096 -52.996758
0.6249057 7.9561753 -0.7206767 5.705175 42.109097 -54.011757
0.53871185 8.073495 -1.0870007 5.950175 38.259098 -48.866756
0.46927786 8.006455 -1.6688095 10.920176 36.894096 -40.886757
0.43336374 8.073495 -1.3360053 12.460175 35.4591 -36.546753
0.31365 7.8340673 -1.3479767 9.030175 32.554096 -36.896755
0.014365649 7.9561753 -1.8483802 11.970175 27.934095 -36.266758
-0.39505535 7.9561753 -1.8076775 19.460175 17.959095 -33.536755
-0.9912298 7.9968777 -1.0295382 18.970175 5.6390953 -33.081757
-1.201926 8.195602 -0.845179 14.000175 3.3290951 -30.386757
-0.9026416 8.557138 -1.2474172 13.825175 4.169095 -20.131756
-0.15323359 9.040782 -1.3264283 13.370174 4.869095 -5.326755
0.19633053 9.26345 -1.1684061 8.505176 6.374095 6.328245
0.014365649 9.411894 -0.5363176 2.205175 6.4790955 8.848246
-0.2370332 9.502876 0.062251143 -3.3598251 5.674095 4.8932447
-0.08858817 9.593859 0.023942748 -4.864825 3.434095 1.603245
0.076616794 9.648928 -0.21069619 -1.1898249 2.734095 2.793245
-0.09337672 9.670476 0.0071828244 3.5701752 1.999095 4.578245
-0.24182175 9.759064 -0.07422252 4.445175 0.389095 2.7582452
-0.13168511 9.895537 -0.3040729 4.480175 -0.065905005 1.183245
-0.1699935 9.838076 -0.24900457 4.655175 -0.17090501 2.793245
-0.22506183 9.857229 -0.11013664 2.345175 -0.205905 3.738245
-0.023942748 9.972155 0.062251143 -1.644825 -2.200905 3.038245
0.28970724 9.960183 0.090982445 -3.044825 -2.200905 5.523245
0.2083019 9.943423 0.33759275 -3.989825 -0.45090497 4.998245
0.22266756 9.943423 0.51716334 -3.4648252 -0.520905 3.248245
0.43575802 10.015251 0.38308397 -0.874825 -1.5709051 2.723245
0.48843205 10.055954 0.045491222 2.205175 -0.90590495 2.303245
0.28252444 9.912297 0.13168511 1.1551751 1.4740951 0.413245
0.17238778 9.833286 0.36392978 -1.644825 1.089095 -1.021755
0.22985038 9.845258 0.34716985 -2.204825 0.599095 -0.70675504
0.20111908 9.833286 0.2753416 -1.5048249 1.3340951 0.168245
0.21069619 9.708784 0.42618093 -1.154825 1.9290949 -0.35675502
0.06943397 9.718362 0.29210153 -0.209825 0.844095 -2.1067553
-0.1699935 9.897932 -0.04070267 0.735175 0.9840949 -2.736755
0.047885496 9.852441 0.083799616 -4.794825 5.8840947 -0.041755
0.31125572 9.907509 0.4764607 -14.174825 10.504095 4.8582454
0.31125572 9.876384 1.0295382 -18.094824 10.679095 5.6982455
0.15083931 9.802161 1.1540405 -13.754826 7.2840943 1.463245
0.1340794 9.727939 0.66321415 -2.624825 1.8590951 -2.7017553
0.11492519 9.727939 0.20111908 7.1401753 -1.150905 -3.296755
-0.08619389 9.766247 0.2657645 8.505176 -0.590905 -2.736755
-0.05027977 9.778218 0.3902668 5.145175 0.389095 -2.421755
0.102953814 9.90272 0.25139886 2.800175 0.914095 -0.916755
0.1987248 9.8787775 0.13168511 2.555175 2.034095 1.1482451
0.117319465 9.809344 0.26097596 1.470175 3.504095 1.498245
0.11253092 9.768641 0.30886146 0.315175 3.7490952 0.34324503
0.18675344 9.77343 0.14365649 1.1901749 2.2440948 0.273245
0.16520496 9.732727 0.105348095 2.625175 1.6840951 0.238245
0.05506832 9.727939 0.2753416 2.1701753 2.4890952 -0.181755
-0.07901107 9.763853 0.2944958 1.505175 2.419095 -1.0567551
-0.021548472 9.742304 0.22745611 2.625175 1.6840951 -1.196755
0.090982445 9.751882 0.16759923 4.305175 0.389095 -0.496755
0.090982445 9.75667 0.07901107 5.040175 -0.415905 0.378245
0.090982445 9.828498 0.12929083 4.480175 0.074094996 0.97324497
0.14844504 9.778218 0.09577099 2.8701751 0.52909505 0.378245
0.20111908 9.780613 -0.05027977 1.715175 0.249095 -0.006755
0.18196489 9.749487 0.10774237 0.175175 1.6490949 0.13324499
-0.03351985 9.701602 0.50998056 -2.939825 2.7690952 0.168245
-0.0023942748 9.775824 0.52674043 -5.284825 2.734095 -1.091755
0.11253092 9.876384 0.11492519 -2.589825 0.844095 -0.916755
0.17478207 9.828498 -0.038308397 3.535175 0.739095 0.798245
0.09577099 9.797373 0.31843856 -0.349825 1.1240951 0.168245
0.052674048 9.787795 0.4285752 -1.469825 0.914095 -0.321755
0.011971374 9.797373 0.3519584 0.595175 0.109095 -0.286755
0.12689656 9.778218 0.31843856 2.3801749 0.389095 0.34324503
0.1987248 9.670476 0.3902668 3.675175 -0.275905 0.798245
-0.03351985 9.641745 0.57462597 5.110175 -1.2209051 -1.196755
0.071828246 9.737515 0.30886146 7.9101744 -2.060905 -1.5467551
0.31843856 9.909904 0.021548472 11.305176 -1.9209049 1.253245
0.39505535 9.984126 -0.28731298 11.620175 0.039095 3.003245
0.33519846 9.941029 -0.05506832 8.715176 -0.45090497 0.798245
0.17717634 9.895537 0.13886794 4.515175 -0.625905 -1.4417549
