1.7047237 9.830893 0.2657645 0.874125 4.30668 1.9061351
1.446142 9.727939 0.41181526 0.034125004 -1.18832 -2.7838652
1.1420691 9.703996 0.51716334 0.349125 -9.62332 -7.6138644
0.92658436 9.720756 0.6201172 0.83912504 -10.88332 -7.998865
1.1085492 9.864412 0.7996878 1.014125 -8.57332 -4.043865
1.6999351 10.269045 0.94095 3.0791252 -8.50332 0.541135
2.2410412 11.023241 1.0726352 6.2291255 -10.813321 3.4811351
2.370332 12.77585 1.4676905 8.119124 -12.248321 2.9211352
1.333611 14.480574 1.7023294 5.879125 -11.23332 0.331135
0.27055305 16.697672 2.3296294 1.9241251 -12.808321 -5.793865
1.9178141 18.227613 2.370332 -3.290875 -10.77832 -7.018865
2.0662591 19.949099 2.691165 -6.405875 -0.76831996 -4.0088654
1.4796618 21.388058 5.0207944 -10.115875 3.92168 -10.798865
4.9633317 21.112715 5.6552773 -11.725876 -0.83831996 -26.968864
6.593833 20.078388 3.8212626 10.044126 -11.548321 -36.523865
6.395108 18.227613 2.52596 42.069126 -23.37832 -51.573868
5.1285367 15.1030855 1.7573977 48.999126 -18.93332 -81.60386
3.3831103 12.833313 0.9792584 35.454124 -1.7133201 -112.508865
2.0327394 10.338479 0.11253092 23.974127 9.836679 -140.12387
1.7621863 7.84125 -0.9577099 3.8141248 -6.5783205 -156.43387
1.6544439 5.851608 -1.8555629 -19.075874 -9.588321 -149.22386
1.063058 3.8619652 -1.8411974 -55.79088 -3.3933198 -142.22386
-0.15562786 2.0614705 -0.63208854 -98.700874 7.3866806 -133.85886
-0.31604427 0.65842557 0.6392714 -133.10588 20.02168 -121.503876
-1.0678465 0.083799616 2.0423164 -151.20088 27.336681 -107.74887
-2.6552508 -0.37590113 2.8156672 -148.12088 26.84668 -95.53386
-3.9313993 -1.0151725 3.1556542 -128.55588 27.371681 -89.79387
-5.420638 -1.7095122 3.4716985 -99.96087 32.27168 -89.09387
-6.3927135 -2.1931558 3.4190245 -63.385876 31.396683 -82.478874
-6.754249 -2.3344178 2.3751206 -20.160875 18.79668 -70.01887
-6.6201696 -2.0854135 1.2953026 15.609125 5.42668 -49.438866
-5.8228765 -1.9010541 0.9696813 26.774124 2.48668 -22.908865
-5.5451403 -1.4964218 1.6616267 17.429125 16.38168 4.1461353
-5.403878 -1.201926 2.3655436 3.8141248 41.161682 29.276138
-4.000833 -0.81644773 2.3200524 0.314125 61.35668 53.531136
-2.3296294 -0.56265455 1.7310607 8.784125 71.99668 76.94613
-1.8842943 0.18914771 1.4341706 20.019125 74.69168 91.086136
-1.8268317 1.0606637 0.93616146 27.264126 74.90169 93.95613
-0.65124273 1.9106313 0.035914123 28.909124 73.88668 98.75114
1.2091088 2.52596 -1.1420691 23.309126 80.22168 116.42613
2.2769554 3.9098508 -0.8978531 4.6891246 95.48168 138.44113
1.6831752 5.233885 0.8140534 -26.495876 104.406685 145.89613
3.46691 7.223527 1.4940275 -52.95588 102.16669 138.47614
7.269018 8.830086 -0.39505535 -50.015877 94.57168 148.66113
5.846819 9.596253 0.85954463 -35.280876 93.45168 159.72113
1.472479 11.782227 3.8906965 -40.600876 91.491684 127.766136
5.255433 13.661732 0.4860378 -36.36588 85.99668 96.82614
9.433443 14.210021 -2.865947 2.414125 70.21168 125.73613
5.566689 13.609058 -1.1995317 29.154127 60.446682 142.11613
-0.75180227 14.751127 1.7573977 10.044126 55.47668 93.60613
2.4852571 16.580353 -0.79250497 -9.765875 55.75668 59.446136
8.767835 16.19248 -5.0184 5.564125 53.51668 105.43614
5.686403 16.52289 -2.5331428 18.199125 40.041683 146.94614
1.934574 17.5644 1.9728824 -9.940875 24.53668 107.39613
4.479688 18.5269 -0.58420306 -40.005875 21.141682 55.49114
8.135746 17.84932 -7.802942 39.934124 21.49168 71.766136
9.182044 16.685701 -9.215564 35.97913 6.8966804 42.996136
4.228289 15.735174 -4.304906 -19.460876 -0.38332 -4.498865
2.0925963 14.564374 -1.9393626 -42.59588 -1.46832 -25.428864
3.675212 13.925102 -4.3432145 -5.705875 -24.078321 -9.783865
5.715134 12.953027 -6.016813 29.469124 -48.788322 0.78613496
5.863579 11.897152 -5.688797 30.204124 -56.87332 -6.913865
4.972909 11.068732 -5.1213536 21.454126 -62.40332 -25.043865
4.1181526 10.336084 -5.2745876 20.194126 -76.75332 -39.638866
4.1349125 9.651321 -4.702356 14.174125 -95.82832 -43.663864
3.6967604 9.308941 -3.7494342 -3.185875 -108.14832 -39.568867
3.213117 9.234718 -2.2147043 -20.545876 -115.63831 -36.033867
4.12773 9.522031 -0.82602483 -32.060875 -123.93332 -30.188866
4.800521 9.522031 -0.7134939 -29.645876 -131.56332 -25.568867
3.9960446 9.2419 -0.16759923 -19.810877 -139.15833 -28.893866
3.3639562 9.07909 0.967287 -14.910875 -142.55333 -35.158863
3.7230973 9.131764 0.600963 -10.010875 -144.58333 -32.323868
3.9697077 9.086273 0.4166038 -2.380875 -146.75333 -24.938866
4.558699 9.081485 1.2737542 -5.915875 -145.66832 -20.423864
4.024776 9.122187 2.4613144 -15.190875 -142.62332 -20.738865
3.2107224 9.055147 2.4996228 -13.055875 -143.77832 -27.878866
2.9808722 9.091062 2.3775148 -1.8558749 -144.47832 -30.923866
3.0119977 9.1940155 2.7749646 3.394125 -141.25833 -27.738865
3.0383348 9.692024 2.7486274 4.654125 -136.53333 -25.918865
2.6863763 9.833286 2.4421604 9.904125 -132.33331 -26.933867
2.2362528 9.452597 3.110163 12.144125 -127.29332 -26.093864
2.1021733 9.069513 3.840417 6.2291255 -117.45833 -21.753866
3.0910087 9.155706 3.2346652 6.194125 -102.82832 -13.563866
2.588211 9.229929 2.5115943 17.779123 -95.79332 -5.373865
1.690358 9.06233 2.8156672 26.319126 -95.72332 -6.143865
2.0494993 9.059936 3.859571 19.109125 -91.45332 -5.2338653
3.5985951 9.70639 3.8116856 8.714126 -86.41333 5.581135
3.1317115 10.213976 4.2737803 7.4541254 -83.36832 15.4861355
2.0399222 10.38397 6.0072355 7.174125 -76.40332 11.811135
1.6831752 10.850853 6.2777886 1.714125 -63.488316 4.846135
2.0375278 11.466182 5.3464155 3.8491254 -46.05832 7.5761347
2.2673783 12.244322 5.0184 10.814126 -23.728321 13.106135
1.6257126 12.397555 5.9880815 8.679125 -11.75832 13.316135
-0.14605077 12.213196 6.88354 -4.865875 -3.8833199 9.256135
1.8531687 12.550789 5.4302154 -1.470875 21.03668 12.301136
3.1867797 13.029643 4.7789726 3.0791252 26.46168 20.246136
1.8052832 12.723176 5.0830455 -2.1008751 41.091682 6.3511353
-0.08858817 12.323333 4.336032 -2.3458753 51.73168 -4.2188654
-0.68236834 11.648147 3.1556542 1.0491251 53.656677 3.761135
3.6823947 11.360834 2.9066496 -9.240874 57.57668 26.651134
5.3703585 11.300977 3.1819913 -19.110876 62.616676 34.666138
2.7725701 10.867614 2.6791935 -10.080875 79.06668 -0.33386502
1.7789462 10.158908 0.68236834 9.099125 96.11169 -24.168865
0.8140534 9.751882 -0.5147691 16.379126 93.55668 -27.528864
1.5802214 9.500483 -0.062251143 1.3291249 96.56667 -21.123865
3.3519847 9.299363 -0.22745611 -14.980876 96.076675 -9.503865
1.9968252 9.390346 -0.31365 -13.300875 88.09668 -18.253864
1.201926 9.002473 -0.7901107 -1.470875 81.44668 -35.403866
0.5554718 8.581081 -1.3479767 10.009125 70.73669 -39.603867
0.44294083 8.341654 -1.6281068 13.124125 64.99668 -34.423866
1.5586729 8.315316 -2.17879 11.724126 60.866676 -24.903866
1.673598 8.020821 -2.4014575 10.884125 53.096684 -20.843864
0.6943397 7.8197017 -2.2242813 8.364125 49.45668 -27.283865
0.27294734 7.6281595 -2.205127 5.074125 50.016678 -30.328865
0.12929083 7.474926 -1.8292259 5.879125 45.18668 -24.938866
0.69673395 7.6688623 -1.8435916 11.864125 32.76168 -16.888865
1.3551595 8.006455 -2.3631492 20.299124 23.03168 -8.943866
0.87151605 8.226728 -3.0790374 27.999125 18.86668 -5.478865
0.4764607 8.200391 -3.1173458 29.014124 16.10168 -10.308866
0.22506183 8.320105 -2.3487835 19.179125 14.4216795 -11.183866
0.65842557 8.564321 -1.5443072 5.564125 14.17668 -8.1388645
1.3096683 8.7822 -1.6017698 -1.120875 12.70668 -3.4138649
1.0127783 8.818114 -1.7789462 1.539125 9.591681 -1.6638651
-0.19393626 8.870789 -1.5059988 5.0041246 7.736681 -6.6338654
-0.71588814 8.777411 -1.2785428 3.1841252 11.16668 -12.618865
-0.12210801 8.980925 -1.3934679 1.6791251 10.99168 -10.133864
0.4189981 9.234718 -1.2617828 2.659125 7.3866806 -0.22886501
-0.05985687 9.435837 -0.72546524 1.0841249 6.8966804 4.461135
-0.2753416 9.567522 -0.9960183 0.944125 6.7916803 0.856135
-0.13886794 9.744699 -1.8747171 8.434125 1.5766801 -2.573865
-0.028731298 9.816526 -1.5179702 13.859125 -1.9583198 -0.64886504
-0.047885496 9.833286 -0.71828246 4.8991246 1.12168 2.571135
0.14605077 9.938635 -0.53392327 -6.895875 4.06168 3.3411353
0.16041641 10.010463 -1.0127783 -6.650875 1.82168 3.236135
0.014365649 9.926663 -1.0462981 1.714125 -4.40832 -1.138865
-0.25379312 9.828498 -0.47167215 -4.305875 -2.37832 -1.803865
-0.098165266 9.771035 -0.031125572 -7.9108753 0.17668 -0.403865
0.19633053 9.75667 -0.30646718 -5.320875 3.9566798 2.746135
0.052674048 9.715967 -0.55307746 -1.260875 7.0366797 2.3261352
-0.16041641 9.531608 -0.14844504 -2.625875 7.5966797 -0.018864999
-0.15562786 9.500483 0.047885496 -4.6908755 7.0366797 -0.26386502
-0.07422252 9.634562 -0.14126222 -1.365875 7.3516803 2.6761348
-0.0071828244 9.747093 -0.5506832 4.8641253 6.7216797 4.2161355
0.07422252 9.804555 -0.6392714 7.9441247 4.79668 3.726135
0.2083019 9.885961 -0.6560313 6.6141253 2.6616802 2.3961349
0.21069619 9.931452 -0.75659084 4.0941253 1.33168 0.751135
0.3519584 9.778218 -0.6296943 1.399125 1.4366801 -0.788865
0.23463893 9.613013 -0.54828894 -1.6458751 1.4366801 -2.118865
-0.16281068 9.593859 -0.2681588 -3.710875 1.5766801 -3.973865
-0.3902668 9.653716 -0.18675344 -4.165875 1.68168 -5.688865
-0.0071828244 9.703996 -0.51955765 -1.5408751 0.07168 -4.1838646
0.19154198 9.802161 -0.74222517 1.0841249 -1.53832 -0.053865
0.1699935 9.914692 -0.43336374 -0.945875 0.98168004 0.99613494
0.05027977 9.950606 -0.083799616 -5.145875 3.15168 -0.368865
0.2083019 9.979338 -0.50758624 -3.675875 2.17168 -0.893865
0.22985038 9.953 -0.90503585 2.2741249 -0.38332 0.121135004
0.2466103 10.034406 -0.5554718 3.0791252 -1.53832 -0.9638651
0.40463245 9.972155 -0.20590763 -2.135875 -0.9433201 -3.273865
0.047885496 9.917087 -0.5554718 -3.395875 0.0016800001 -5.793865
-0.38308397 9.91948 -0.81165916 1.119125 2.4516802 -7.9288645
-0.4764607 9.797373 -0.67757976 2.834125 3.99168 -8.768865
-0.18196489 9.8237095 -0.50998056 -0.455875 1.15668 -7.6138644
-0.071828246 9.811738 -0.5123748 -3.045875 -0.97832 -4.253865
-0.083799616 9.885961 -0.39266106 -3.500875 -0.03332 -2.048865
0.0047885496 9.881172 -0.339987 -3.4658751 0.63168 -1.6638651
-0.07901107 9.869201 -0.35674694 -2.2758749 -2.20332 -2.153865
-0.31125572 9.826104 -0.42139238 0.209125 -4.93332 -2.7138648
-0.098165266 9.783007 -0.51716334 1.6791251 -3.9183202 -2.8888652
0.19154198 9.799767 -0.5818088 0.699125 -1.18832 -0.33386502
-0.24421602 9.845258 -0.34956414 -0.210875 -1.85332 1.031135
-0.2944958 9.876384 -0.3974496 -1.295875 -2.97332 -2.153865
-0.047885496 9.747093 -0.4668836 -0.700875 -2.58832 -3.518865
-0.13886794 9.646533 -0.43815228 -0.070875 -2.90332 -0.893865
-0.22266756 9.727939 -0.25379312 -2.3458753 -0.73332 -1.208865
-0.014365649 9.754275 -0.05506832 -3.395875 0.07168 -0.92886496
