2.0902019 9.557945 1.333611 -9.573865 0.083545 4.488015
2.063865 9.507666 1.525153 -11.253865 -1.421455 5.398015
1.9752767 9.529214 1.611347 -9.503865 -0.371455 3.8230147
1.9872481 9.507666 1.5610672 -7.2288647 0.188545 3.228015
2.0447106 9.510059 1.6305012 -4.7088647 -1.0014551 3.018015
1.9585168 9.5244255 1.4916332 -1.208865 -3.276455 1.933015
1.9465454 9.531608 1.324034 1.836135 -5.411455 0.673015
1.9441512 9.569917 1.2881198 1.206135 -6.006455 0.673015
1.9202085 9.495694 1.4533248 -2.993865 -3.8364549 1.618015
1.8914771 9.498088 1.6137413 -6.7388654 -1.176455 2.948015
1.9968252 9.464568 1.6759924 -7.018865 -0.546455 3.9630153
2.1093562 9.419077 1.6089526 -5.1288652 -1.316455 4.5230155
2.1045675 9.3280945 1.5826156 -1.8388652 -2.401455 3.683015
2.047105 9.227535 1.350371 1.9061351 -4.501455 2.283015
1.951334 9.115005 1.1827718 4.811135 -5.901455 1.3030149
1.9824595 9.0288105 1.1420691 4.986135 -5.866455 1.408015
1.9441512 9.026416 1.2186859 4.566135 -7.161455 2.633015
1.9680939 9.438231 0.8978531 6.071135 -9.401456 4.593015
1.960911 10.046377 0.8044763 8.661136 -11.221456 7.358015
1.8340145 11.528433 1.0127783 5.5111356 -11.081455 11.348015
0.9960183 13.762292 2.403852 -2.9588652 -11.326455 15.548014
1.0079896 15.409553 3.8883023 -14.333866 -9.051455 16.983017
2.631308 16.867666 4.120547 -19.093866 -6.951455 18.558016
4.7550297 17.990582 3.0048149 -5.863865 -5.306455 20.798016
5.0423427 18.17494 3.4573328 10.761135 -4.0814548 15.1280155
4.659259 17.612286 4.7071443 13.386135 -10.311456 -7.3419857
4.6927786 16.173326 4.355186 13.246135 -12.971456 -36.741985
4.3073006 15.222799 3.397476 24.691135 -5.0614552 -58.126987
3.7302802 14.028056 2.3128695 40.266132 -0.12645501 -73.49199
2.9521408 13.055981 1.7454263 46.811134 -2.506455 -85.49698
2.1979442 12.069539 1.620924 40.161133 -0.546455 -92.81198
1.594587 11.006481 1.1468576 25.566133 8.553545 -96.87199
1.5706443 10.278622 0.38308397 14.716134 15.658546 -95.471985
2.0375278 9.569917 -0.12210801 4.6711354 6.0335455 -79.37199
2.7486274 8.3679905 -0.2753416 -11.218864 0.048545 -81.29698
2.2434354 7.2091613 -0.18675344 -33.233864 5.8935447 -89.97698
1.3168511 6.517216 0.48124924 -54.338863 17.688545 -93.75699
0.723071 5.7821736 1.611347 -67.32386 19.998547 -92.18199
0.6368771 4.767001 2.1045675 -66.44886 14.118545 -91.306984
0.20590763 4.295329 1.9154198 -51.853867 7.9235444 -89.41699
-0.79250497 4.0391417 1.8651401 -33.513866 2.043545 -90.816986
-1.6759924 3.833234 2.0542877 -20.493864 -5.6214547 -94.66699
-1.7454263 3.4908526 1.9034485 -9.608865 -14.266456 -93.61699
-1.8172545 3.3926873 1.462902 -0.053865 -16.016455 -84.83198
-2.5642684 3.529161 0.9888355 2.8511348 -10.521455 -75.03198
-2.9593236 3.4549387 1.4964218 -11.078865 1.728545 -67.12199
-3.222694 3.2083282 3.040729 -40.163864 19.333546 -53.891987
-2.5139885 3.205934 4.6041903 -58.993866 34.558544 -38.38699
-3.572258 2.796513 3.9050622 -50.698864 40.50855 -23.896986
-3.2729738 3.46691 3.2993107 -27.843866 43.238544 -10.596986
-2.9473522 3.6919718 3.172414 -14.193865 41.873547 -6.2219853
-3.0622776 3.8835137 3.1269228 -10.833866 40.543545 -1.111985
-3.2346652 3.7302802 2.360755 -8.453865 50.168545 3.4030151
-3.093403 3.9505534 2.142876 -8.733866 62.593548 11.278015
-3.5435266 4.616162 3.0957973 -19.408865 68.22854 21.463017
-3.8212626 4.8220696 4.113364 -32.428867 66.72354 24.683016
-3.3160706 4.8412237 3.2538195 -32.04386 65.148544 28.323015
-2.0447106 5.0184 1.8196489 -16.468864 65.91855 44.738014
-1.0678465 5.4134555 1.786129 -8.908865 65.813545 68.74802
-1.6688095 5.9617443 3.7829542 -23.958864 67.63355 81.52302
-2.013585 6.4956675 4.790944 -44.958866 72.603546 78.16302
-0.81165916 7.065505 3.4166303 -39.673862 76.20855 82.293015
0.9074302 8.066312 1.4150164 -5.513865 75.78854 101.57802
1.7406378 8.05434 1.3479767 21.366135 69.103546 112.288025
1.4748733 8.387145 1.8459859 20.841135 63.678543 103.818016
1.9393626 8.897125 1.0343267 16.641134 67.87854 97.028015
1.8603516 9.407105 0.35435268 29.521135 70.08355 103.013016
1.4820561 9.399923 0.90024734 43.906136 66.12855 106.47802
1.010384 10.3743925 0.8356019 42.611137 67.10855 101.22802
2.4852571 10.963385 -1.158829 37.851135 74.38855 101.96302
4.6472874 11.085492 -3.1412885 43.766136 82.82354 121.63302
6.3927135 10.206794 -3.6009893 45.551136 79.49854 140.84802
5.5810547 9.98652 -2.011191 -9.538865 70.50355 125.51802
3.972102 10.472558 0.7733508 -32.04386 72.813545 108.01801
4.5874305 10.46777 0.10774237 -16.398867 65.95355 103.29302
5.6552773 10.422278 -1.7166951 16.256136 50.728546 101.57802
5.849213 9.950606 -1.8196489 27.316135 42.25855 93.598015
4.3001175 10.903527 0.50998056 15.696135 38.688545 80.36801
4.2043467 12.397555 0.014365649 19.441135 42.188545 77.67302
5.686403 13.132597 -3.1652312 48.596138 44.218544 89.18802
6.471725 13.855668 -4.8292522 66.76114 32.983543 86.84302
6.308914 14.540431 -4.946572 53.846134 22.133545 67.87301
5.95935 15.0552 -4.635316 24.761135 25.458546 52.158016
6.3352513 14.897178 -4.922629 2.3961349 30.673546 44.843018
6.5148215 14.119039 -4.6640472 -10.938866 20.593544 36.128014
5.9856873 13.264282 -3.6177492 -23.398865 6.733545 19.013016
5.6768255 12.213196 -2.8587642 -29.348866 -4.256455 0.81301504
6.0886407 11.391959 -3.067066 -25.288866 -16.121454 -8.986985
5.913859 10.462981 -2.9904492 -19.828865 -25.046453 -13.151985
5.1429024 9.845258 -1.9489397 -21.053865 -31.801456 -20.466984
5.138114 9.265843 -1.8220432 -20.913864 -42.196457 -28.831984
5.427821 8.73192 -2.6025767 -12.548865 -54.271454 -31.806986
5.1716337 8.27222 -3.1125572 -6.913865 -62.81146 -31.211985
4.757424 8.142929 -2.3272352 -17.798864 -67.78145 -28.796986
5.0231886 7.7837873 -1.7119064 -38.413864 -69.84646 -25.716986
5.420638 7.4629545 -1.2402344 -51.538864 -72.68146 -19.101986
5.1979704 7.5467544 -1.0654523 -55.668865 -75.76145 -15.181984
5.047131 7.599428 -0.90503585 -53.183865 -77.72146 -17.176985
4.3839173 7.82449 0.031125572 -48.248867 -82.061455 -24.316986
3.938582 8.0711 0.38547826 -45.028866 -86.54145 -31.001986
4.209135 8.375174 -0.65124273 -37.188866 -86.29646 -30.441986
5.176422 8.717555 -1.8747171 -20.913864 -87.48646 -21.516985
5.195576 8.664881 -1.3192455 -15.698865 -93.78645 -14.971985
4.781367 8.164477 0.31843856 -34.87887 -98.79146 -19.101986
4.398283 7.865193 1.6233183 -62.073864 -94.62646 -21.096987
4.556305 8.032792 1.9417568 -76.98387 -85.59646 -9.826985
5.2434616 8.044764 1.8268317 -70.54387 -89.30645 5.153015
6.284971 7.642525 1.5610672 -52.168865 -107.08646 10.298016
6.0862465 7.2546525 1.2186859 -36.208866 -121.821465 10.718015
4.8316464 7.980118 1.3551595 -29.978865 -123.36145 7.0430155
4.9968514 8.262642 1.3551595 -32.463863 -115.20645 1.9680151
5.9114647 8.174054 1.5347302 -39.253864 -110.69146 1.8630149
6.612987 7.74069 2.3032923 -45.728863 -112.44146 5.993015
6.1077952 7.8747697 3.031152 -54.618866 -121.78645 -1.3569851
5.715134 7.9346266 2.597788 -48.213867 -115.451454 -5.836985
6.1125836 7.7239304 2.3727264 -43.068863 -115.55645 -3.6319852
6.411868 7.8268843 3.2298768 -44.293865 -122.55646 -1.181985
6.0335727 8.439818 3.6081722 -44.468864 -124.341446 -2.966985
5.672037 8.91628 3.9481592 -41.738865 -118.67145 -5.416985
5.5020437 8.966559 4.017593 -38.483864 -109.29146 -7.9019856
5.183605 8.786988 4.0559015 -34.983864 -100.89146 -10.316984
4.7526355 8.921068 4.642499 -35.368866 -98.12646 -9.441985
4.5419393 8.822903 6.237086 -42.298862 -97.11146 -5.906985
4.242655 8.830086 6.8284717 -45.798866 -87.13646 -2.6519852
4.371946 8.739103 6.3400397 -32.918865 -71.281456 -1.216985
4.022382 8.710372 5.930619 -16.153866 -68.726456 -1.3219849
3.5004299 8.921068 6.2682114 -10.238865 -67.88645 -4.751985
3.5794408 9.160496 6.5483418 -12.408865 -58.751457 -3.4219851
4.0535073 9.390346 6.421445 -14.368865 -46.326454 3.228015
4.2618093 9.4142885 5.39909 -9.188866 -30.296455 6.728015
3.9505534 9.466963 4.7334814 0.99613494 -21.231455 3.088015
3.7159145 9.371192 4.642499 4.951135 -21.966455 -6.186985
3.469304 9.416683 5.190788 -0.123865 -15.526454 -9.931985
3.5076127 9.766247 5.2075477 -6.178865 2.533545 -6.991985
4.352792 10.443827 4.6664414 -0.088865004 15.903543 -1.9869851
4.6760187 10.872402 4.4629283 11.356135 13.383545 0.043015
4.740664 11.138166 5.236279 12.1961355 12.438545 -3.4219851
4.989669 11.092675 5.4685235 4.6711354 25.598545 -6.1169853
5.2027593 11.269852 4.7622128 7.891135 42.888542 -8.286984
5.427821 11.207601 3.6608462 24.131136 49.888546 -13.046985
4.800521 10.769448 3.040729 38.271137 49.958546 -22.811985
4.268992 10.470163 2.6720107 40.54614 54.823544 -35.061985
4.173221 10.180456 2.1332989 37.256138 63.713543 -40.871986
4.3025117 10.144543 1.525153 33.091137 69.20854 -38.63199
4.455745 9.840469 1.2641771 28.541136 73.758545 -35.726986
4.1516724 9.677659 1.2593886 24.551136 75.15854 -35.376984
3.46691 9.5794935 1.1492519 21.856136 75.47354 -38.38699
3.7829542 9.75667 0.59378016 23.956135 74.14354 -41.046986
4.2809634 9.70639 -0.09577099 29.346136 71.62354 -39.576984
4.0726614 9.435837 -0.031125572 23.676136 74.98354 -48.186985
3.4142358 9.536397 -0.17717634 21.016134 72.813545 -55.816986
2.7941186 9.725544 -0.71828246 23.431137 67.17854 -57.706985
2.4469488 9.402317 -0.69673395 20.561136 63.15355 -55.22199
2.1716073 9.273026 -0.9217958 16.606134 64.51855 -51.651985
2.056682 9.0838785 -1.6927522 19.091135 64.62355 -42.516987
2.4780743 8.772623 -1.9968252 17.796137 61.228546 -31.351986
2.9210153 8.27222 -1.690358 9.186135 59.478542 -24.876986
2.7031362 7.702382 -1.4844503 2.151135 56.048546 -26.451984
2.3416007 7.187613 -1.6999351 6.141135 47.36854 -29.671984
2.1093562 6.7279124 -2.3942747 16.151134 37.393547 -27.186985
1.5730386 6.5842557 -2.4780743 22.206135 30.708544 -24.701984
1.489239 6.3352513 -2.4780743 19.791136 26.333546 -21.621986
1.3743137 6.5459476 -2.8994668 18.076136 19.298546 -16.511986
0.85236186 6.8093176 -2.8013015 14.541135 14.783545 -13.2919855
0.5554718 7.020014 -1.776552 0.821135 14.118545 -12.031985
0.50998056 7.431829 -1.089395 -12.268866 12.998546 -7.971985
0.6273 8.023215 -0.8643332 -13.773865 11.528545 -1.4969851
1.1037607 8.480521 -0.5865973 -8.698865 7.573545 3.438015
1.4245936 9.012051 -0.44054657 -4.358865 2.078545 3.9630153
1.2857256 9.251478 -0.57462597 -0.823865 1.203545 1.688015
0.9074302 9.301758 -0.17717634 0.226135 3.618545 -0.901985
0.679974 9.3280945 0.21548474 -2.643865 3.793545 -2.861985
0.8667275 9.536397 -0.14844504 -2.048865 2.883545 -2.0919852
0.7446195 9.708784 -0.31365 3.6911354 1.413545 0.35801497
0.5219519 9.730332 -0.25858167 4.741135 0.083545 -0.62198496
0.43815228 9.842864 -0.04070267 2.3961349 -2.121455 -1.9869851
0.4644893 9.976943 -0.18196489 0.99613494 -4.641455 -0.726985
0.5794145 9.960183 -0.07422252 0.891135 -4.431455 2.283015
0.90982443 9.926663 0.31365 -2.7138648 -2.541455 4.9080153
1.2162915 9.957788 0.3232271 -8.348865 1.273545 8.303016
1.1229149 10.0200405 0.43815228 -9.993865 4.073545 9.493015
0.9792584 9.909904 0.5554718 -8.033865 1.973545 6.063015
0.888276 9.862018 0.20111908 -4.848865 -1.0714551 0.98801506
0.9217958 9.933846 -0.045491222 -0.368865 -2.576455 -1.076985
0.85954463 9.873989 -0.0023942748 2.746135 -5.131455 -0.48198506
0.75659084 9.797373 0.26337022 1.521135 -6.2164555 -0.236985
1.0391153 9.802161 0.11971374 -2.573865 -3.7314548 0.008015
1.0462981 9.885961 0.16041641 -3.9388652 -3.6964552 1.618015
0.7996878 9.775824 0.5243462 -7.4038644 -4.011455 -0.376985
0.80687064 9.720756 0.6560313 -8.663864 -2.366455 -0.34198502
0.87630457 9.80695 0.4070267 -6.0038652 -3.031455 1.4780151
1.1181264 9.842864 0.43096948 -4.078865 -4.816455 3.088015
0.86912173 9.749487 0.45491222 -6.6338654 -3.7314548 3.7180147
0.80687064 9.804555 0.5770202 -8.803865 -0.021455 3.368015
0.7589851 9.763853 0.5219519 -9.468865 1.448545 4.873015
0.86193895 9.715967 0.48843205 -9.188866 1.693545 6.133015
1.063058 9.720756 0.6847626 -9.433865 0.433545 7.1130147
1.3551595 9.785401 1.1420691 -9.608865 -3.276455 6.0980153
1.1923488 9.73991 1.1827718 -5.863865 -7.021455 2.248015
1.1803775 9.768641 0.80208206 0.611135 -7.4414554 -0.166985
1.2593886 9.859624 0.53871185 4.741135 -6.6714554 0.393015
1.2450229 9.816526 0.679974 2.3261352 -3.8714554 0.708015
1.1085492 9.768641 1.1348863 -3.6938648 -0.651455 0.21801502
1.0415095 9.826104 1.0870007 -4.883865 0.22354501 -0.586985
1.1085492 9.830893 0.8739103 1.101135 -1.456455 -0.726985
1.1516461 9.792584 0.5458947 7.051135 -2.716455 -0.901985
1.1277034 9.787795 0.42139238 9.3611355 -3.6264548 -2.0219848
0.91700727 9.833286 0.57223165 7.331135 -4.606455 -3.491985
0.9385557 9.842864 0.6608198 3.4811351 -3.6614552 -3.7369852
0.91700727 9.8237095 0.5219519 2.046135 -1.9464551 -1.671985
0.91700727 9.885961 0.52913475 2.6761348 -0.406455 -0.096985
1.158829 9.895537 0.44533512 2.886135 -0.651455 0.043015
1.2785428 9.847652 0.3974496 1.731135 -0.476455 0.428015
1.063058 9.866806 0.4956149 -0.018864999 0.81854504 -0.026985
0.7877164 9.826104 0.55786604 -0.33386502 -0.231455 -1.881985
0.845179 9.771035 0.5698374 0.506135 -3.346455 -3.8419852
1.0798179 9.75667 0.41181526 0.191135 -3.101455 -2.8269851
