1.4599999 9.929999 0.48 -1.1459155 0.57295775 3.4377468
1.62 9.75 0.24 2.291831 -18.334648 4.583662
1.9 9.719999 -0.35 6.8754935 -25.7831 6.8754935
1.65 9.99 -0.71 2.8647888 -23.49127 6.8754935
2.1 9.92 0.02 -5.7295775 -14.896902 10.886198
2.27 9.86 0.16 -6.8754935 -14.323945 8.594366
2.18 9.66 -0.04 -2.291831 -11.459155 5.7295775
1.87 9.7699995 -0.11 0.0 -6.8754935 2.291831
1.9499999 9.57 0.03 -1.1459155 -5.7295775 4.0107045
1.77 9.71 0.42999998 -1.1459155 -5.7295775 4.0107045
2.1299999 9.78 0.44 2.8647888 -7.448451 6.8754935
2.27 9.79 0.02 8.021409 -10.31324 5.15662
1.6999999 9.76 0.55 4.583662 -7.448451 4.0107045
1.05 10.139999 1.26 3.4377468 -6.3025355 5.15662
1.3 10.389999 1.3 7.448451 -9.740283 10.886198
2.05 13.09 2.02 12.605071 -18.334648 20.053522
2.05 13.09 2.02 12.605071 -18.334648 20.053522
2.28 14.759999 2.4199998 5.7295775 -17.761692 19.480566
2.72 16.67 4.16 -9.740283 -13.178029 19.480566
3.57 17.779999 5.41 -25.210142 -13.750987 18.334648
4.45 18.26 5.95 -28.07493 -1.1459155 -4.583662
5.74 18.5 5.73 -21.772396 9.740283 -12.605071
5.43 18.41 5.2599998 -6.3025355 34.377464 -30.939718
3.47 18.63 4.96 22.345354 57.29578 -64.17127
3.51 18.74 4.95 38.38817 63.598316 -67.60902
4.8399997 17.789999 1.16 105.997185 61.879436 -69.32789
10.28 16.1 -5.27 111.72677 61.30648 -69.900856
9.809999 14.889999 -5.94 72.19268 50.993244 -82.50592
9.7699995 10.969999 -6.3399997 24.064226 65.890144 -110.58085
4.1 6.49 -3.26 -14.896902 79.06818 -144.95831
2.21 3.48 -2.06 -44.69071 92.81916 -151.26085
1.26 1.8499999 -1.01 -44.11775 87.089584 -132.92621
0.66999996 0.85999995 -2.03 -16.615776 68.18198 -116.31043
-0.19 0.34 -3.55 17.188732 49.27437 -103.1324
-0.77 -0.37 -3.6499999 27.501974 37.815212 -93.39212
-1.49 -0.42 -3.59 21.199438 24.637184 -87.089584
-2.96 -0.7 -2.95 14.896902 22.91831 -76.77634
-3.25 -0.85999995 -3.0 8.021409 20.62648 -60.160564
-4.11 -0.87 -2.4099998 -9.740283 24.064226 -42.971836
-4.3399997 -0.65 -0.97999996 -25.7831 18.907606 -22.91831
-4.2 -0.28 -0.59 -29.793804 20.053522 -5.7295775
-4.8199997 0.48 0.84 -25.7831 22.91831 9.167324
-3.9499998 1.38 1.42 -8.594366 9.740283 25.7831
-2.35 2.06 0.84999996 -0.57295775 5.7295775 30.939718
-3.21 3.62 1.0799999 -1.1459155 12.032113 34.950428
-2.72 4.29 1.86 -20.053522 32.658592 45.263664
-1.37 5.43 3.3799999 -42.971836 41.825916 65.890144
-0.47 6.16 3.75 -56.72282 49.27437 80.78705
0.64 6.0899997 2.56 -44.69071 81.36001 84.79775
0.28 6.62 1.2099999 -25.210142 104.85127 80.21409
0.03 7.04 0.77 -17.188732 102.55944 72.19268
0.88 7.1299996 -1.36 -12.032113 93.96508 70.47381
0.04 7.99 -0.57 -26.929016 87.089584 67.03606
0.04 8.059999 -0.57 -48.128452 87.662544 71.61973
2.3899999 8.59 2.6599998 -101.98649 61.879436 105.997185
4.83 8.98 2.8 -95.11099 61.30648 113.44564
3.8 10.07 4.0099998 -89.38142 65.317184 105.42423
4.41 11.0 4.6 -57.868736 48.128452 92.81916
5.6 12.23 1.8 -36.669296 45.263664 93.96508
4.77 14.53 0.87 -8.594366 62.4524 89.95437
5.73 15.23 1.12 -31.51268 67.60902 92.81916
6.77 16.14 0.76 -51.5662 50.420284 93.96508
5.23 16.48 -0.37 -47.555496 59.014652 79.06818
4.24 17.05 0.55 -49.27437 72.19268 65.890144
5.0699997 16.68 -0.34 -32.085636 64.17127 63.598316
6.0699997 16.71 -2.24 0.57295775 46.98254 51.5662
6.31 15.17 -4.13 14.896902 38.961132 39.53409
5.0699997 13.49 -3.37 -6.3025355 30.366762 17.188732
3.9599998 12.55 -1.79 -21.199438 20.053522 4.0107045
4.31 11.5199995 -1.65 -15.469859 0.57295775 0.0
4.2 11.08 -2.19 2.8647888 -10.886198 -9.167324
4.2799997 9.86 -2.6399999 8.021409 -22.345354 -13.178029
4.14 9.349999 -2.99 8.594366 -29.793804 -18.334648
4.73 9.0 -4.44 14.323945 -41.825916 -20.053522
4.27 8.389999 -5.06 4.583662 -57.868736 -21.772396
3.81 8.349999 -4.15 -8.021409 -62.4524 -21.772396
4.94 8.3 -1.61 -31.51268 -76.77634 -16.615776
5.23 8.21 -2.12 -22.345354 -92.24621 -17.188732
5.39 8.0 -3.07 5.15662 -94.53803 -20.62648
5.5699997 7.62 -3.79 18.334648 -103.70536 -20.62648
5.31 7.37 -3.4499998 13.750987 -122.04 -20.053522
5.29 7.68 -2.55 2.291831 -128.9155 -14.323945
6.35 7.45 -2.7 0.0 -134.07211 0.57295775
7.27 7.2799997 -1.36 -7.448451 -142.66649 6.3025355
7.14 6.85 -0.51 8.594366 -154.69861 2.291831
6.94 7.85 -1.65 45.263664 -169.02255 4.583662
7.74 8.99 -3.86 50.993244 -170.74142 13.178029
8.15 8.3 -2.07 0.57295775 -168.44958 22.91831
7.85 8.42 1.7199999 -27.501974 -184.49242 37.815212
8.48 9.49 2.31 -27.501974 -184.49242 37.815212
9.63 9.74 2.96 -2.291831 -171.88734 38.38817
7.52 9.559999 5.0499997 0.57295775 -163.86592 30.366762
7.0699997 11.139999 5.58 13.178029 -161.5741 30.366762
8.929999 13.29 3.74 40.107044 -144.38536 40.107044
7.46 12.21 5.33 -1.7188734 -126.62367 24.637184
6.27 12.58 7.23 -36.09634 -117.456345 16.042818
6.12 12.67 6.89 -30.939718 -99.69466 10.31324
5.3199997 11.44 6.66 -31.51268 -81.93296 -0.57295775
4.7999997 11.07 6.8799996 -31.51268 -67.60902 -7.448451
5.15 11.639999 5.49 -14.896902 -56.14986 -9.740283
4.58 11.759999 4.46 -9.167324 -38.961132 -18.907606
3.9099998 11.099999 6.0699997 -34.377464 -30.366762 -24.064226
4.12 11.23 6.99 -38.961132 -20.62648 -21.199438
4.62 11.719999 5.12 -8.021409 -2.291831 -24.637184
4.41 11.719999 3.8 0.57295775 9.740283 -36.09634
3.6299999 11.469999 5.3199997 -24.637184 18.907606 -38.961132
4.08 10.9 5.35 -29.793804 23.49127 -36.09634
4.23 10.78 4.42 -9.167324 34.377464 -37.242256
3.97 11.33 3.9199998 10.886198 37.815212 -43.544792
4.45 11.889999 2.77 14.323945 44.69071 -42.398876
4.93 11.599999 2.19 4.583662 61.30648 -42.398876
5.0299997 11.309999 1.8199999 -5.7295775 72.76564 -44.11775
4.71 11.3 1.1999999 -9.167324 71.04677 -50.420284
4.56 10.92 1.24 -13.750987 75.057465 -53.858032
4.7799997 10.139999 1.16 -18.334648 81.36001 -51.5662
5.33 9.76 0.02 -6.8754935 84.22479 -48.701412
4.66 9.34 -1.52 10.31324 86.516624 -51.5662
3.9199998 8.48 -3.01 19.480566 91.10028 -55.00395
2.8 7.66 -3.97 20.053522 88.2355 -53.285076
1.9599999 6.95 -4.2 10.31324 85.94367 -43.544792
2.24 6.7 -3.07 1.7188734 76.77634 -24.064226
2.6299999 6.95 -2.86 2.8647888 68.75493 -16.042818
3.6899998 7.2599998 -4.36 36.669296 53.285076 -10.31324
2.3899999 6.99 -4.66 40.680004 47.555496 -18.907606
1.48 7.0899997 -3.84 34.377464 46.40958 -22.91831
1.77 6.94 -4.08 21.199438 32.658592 -12.605071
2.3899999 7.14 -4.11 6.8754935 27.501974 -6.8754935
1.99 7.21 -2.9099998 -2.8647888 30.939718 -4.583662
1.04 7.46 -1.42 -17.188732 34.377464 -8.594366
1.0699999 7.6 -1.29 -5.7295775 23.49127 -9.740283
1.13 8.32 -1.92 14.896902 10.886198 -9.740283
1.66 8.75 -2.85 21.199438 9.167324 -6.3025355
1.4699999 9.07 -2.44 8.021409 12.032113 -6.3025355
1.42 9.099999 -1.86 -4.0107045 8.594366 -4.583662
1.09 9.22 -1.0699999 -8.021409 8.021409 -3.4377468
1.22 9.44 -1.02 0.0 6.3025355 -1.7188734
1.41 9.25 -1.63 4.0107045 4.0107045 -1.7188734
0.98999995 9.58 -1.4 8.021409 1.1459155 -2.291831
1.25 9.84 -1.63 10.31324 1.1459155 -1.1459155
1.5799999 9.7699995 -1.6999999 8.021409 0.0 1.1459155
1.5999999 9.76 -1.56 2.8647888 -0.57295775 0.0
1.15 9.78 -0.95 -0.57295775 -1.1459155 -3.4377468
1.15 9.71 -0.62 -4.0107045 0.0 -2.8647888
1.15 9.5 -0.82 -1.7188734 1.1459155 0.0
1.22 9.86 -0.81 3.4377468 0.0 0.0
1.4 10.01 -1.14 6.8754935 -4.0107045 0.0
1.1899999 9.92 -1.26 5.15662 -1.7188734 0.0
1.02 9.91 -0.9 -1.7188734 0.0 0.0
1.5 9.95 -0.45999998 -5.7295775 -0.57295775 2.8647888
1.55 9.969999 -0.91999996 0.0 -1.1459155 0.0
1.03 9.99 -0.97999996 1.7188734 0.57295775 -2.8647888
1.06 10.2 -0.77 0.0 0.57295775 -2.291831
1.55 10.07 -0.77 -0.57295775 -2.291831 0.0
1.31 10.09 -1.23 1.7188734 -4.0107045 -3.4377468
0.76 10.04 -1.03 -1.7188734 0.0 -3.4377468
1.39 10.0 -0.42999998 -5.7295775 0.0 -0.57295775
1.5699999 10.0199995 -0.22 -6.3025355 0.0 2.291831
1.27 10.17 -0.79999995 6.3025355 0.0 -4.0107045
1.18 10.0199995 -1.5899999 12.605071 0.0 -6.3025355
1.05 10.11 -1.66 16.042818 -1.7188734 -9.740283
0.90999997 10.09 -0.96 0.57295775 -5.7295775 -8.021409
1.13 10.04 -0.48999998 -5.7295775 -4.0107045 -5.15662
1.1999999 9.92 -0.17 -14.323945 -0.57295775 -0.57295775
0.93 9.7699995 -0.65 -3.4377468 1.1459155 -2.291831
0.98999995 9.75 -0.96999997 4.583662 0.0 -2.291831
0.83 9.73 -1.35 2.8647888 0.0 -2.8647888
0.94 9.75 -1.22 -4.583662 0.57295775 0.0
1.4699999 9.88 -0.97999996 -8.021409 -0.57295775 0.57295775
1.51 9.809999 -1.05 -9.740283 -1.7188734 -2.291831
0.78 9.7 -0.94 -10.886198 -0.57295775 -4.583662
0.51 9.639999 -0.42 -13.750987 2.8647888 -4.0107045
0.96 9.54 -0.16 -13.178029 0.0 0.57295775
1.17 9.66 -0.42 -4.0107045 -0.57295775 2.8647888
1.03 9.71 -0.94 4.583662 1.1459155 0.0
0.89 9.62 -1.16 3.4377468 1.7188734 0.0
0.87 9.679999 -0.84 0.0 2.8647888 2.8647888
1.01 9.71 -0.65999997 0.57295775 1.1459155 3.4377468
1.27 9.83 -1.41 8.594366 -4.583662 1.1459155
0.98999995 10.09 -1.51 3.4377468 -4.583662 -0.57295775
0.96999997 10.01 -0.69 -16.615776 -3.4377468 4.583662
1.14 9.96 0.28 -22.91831 -1.7188734 7.448451
1.43 9.92 0.12 -9.740283 -2.291831 5.7295775
1.42 10.099999 -0.22999999 1.7188734 -2.291831 4.583662
1.4 10.17 -0.42999998 3.4377468 0.0 3.4377468
1.43 10.24 -0.62 3.4377468 0.57295775 2.8647888
1.18 10.11 -0.95 1.7188734 1.1459155 -0.57295775
1.11 10.0 -0.9 -1.1459155 1.7188734 0.0
1.26 10.01 -0.7 -1.7188734 0.0 0.0
1.37 10.16 -0.74 -0.57295775 -2.8647888 0.57295775
