2.3894863 9.502876 0.82602483 -9.223865 3.7585452 9.808015
2.2625897 9.560339 0.86912173 -3.2038653 -0.966455 4.873015
2.2937152 9.603436 0.7039168 0.47113502 -1.316455 2.108015
2.2099156 9.601042 0.62251145 2.361135 -2.401455 0.63801503
2.063865 9.603436 0.6368771 1.696135 -1.2814552 -0.061985
2.1668186 9.61062 0.6344828 -0.053865 0.048545 0.918015
2.2099156 9.615408 0.66321415 -1.488865 1.168545 1.898015
2.1668186 9.601042 0.69673395 -1.488865 1.1335449 1.268015
2.1500587 9.57231 0.6249057 -0.788865 0.503545 0.35801497
2.176396 9.57231 0.6608198 -1.348865 0.923545 0.428015
2.169213 9.526819 0.7877164 -2.9588652 1.8335449 1.1630149
2.135693 9.505271 0.8379962 -2.818865 1.518545 1.3030149
2.1572416 9.471751 0.7781393 -0.508865 0.29354498 1.0930151
2.1309047 9.411894 0.64166564 2.046135 -0.931455 1.023015
2.1979442 9.452597 0.5363176 2.746135 -0.686455 1.128015
2.2673783 9.510059 0.47885495 2.011135 0.188545 1.583015
2.2147043 9.569917 0.57223165 0.086135 1.973545 2.0380151
2.0686533 9.761458 0.66321415 -2.328865 3.7585452 2.633015
1.9752767 10.168485 0.7805336 -4.7788653 4.143545 4.453015
1.3575538 11.133378 1.4006507 -8.768865 3.933545 8.058016
0.5363176 12.874016 3.0383348 -17.028866 7.363546 12.888015
1.0175668 14.662539 3.605778 -23.223866 14.048546 17.998016
2.8970726 16.994562 2.6265194 -13.948865 19.228544 26.048016
4.393494 18.423944 1.6592325 7.5061355 21.258545 28.918013
3.8284454 18.419157 2.0327394 21.261135 13.138545 12.468015
3.7709827 17.708057 2.4852571 22.941135 3.9685447 -17.526985
4.0295644 16.585142 2.248224 23.011137 3.408545 -33.941986
4.4389853 15.581941 1.8795058 23.396135 6.3835454 -39.016983
4.932206 14.617047 1.6759924 21.856136 8.413546 -42.796986
4.225895 13.48695 2.2625897 16.991135 7.5035453 -52.806988
3.605778 12.440652 1.8076775 12.896134 6.803545 -70.62199
3.0024207 11.4757595 1.0462981 16.466135 4.808545 -80.80699
3.2705793 10.336084 0.5219519 18.216137 2.7785451 -79.16199
3.806897 9.58907 -0.1987248 9.466135 2.2185452 -70.971985
3.8308396 8.640938 -0.062251143 -8.698865 7.6785455 -63.341988
2.9736893 7.455772 0.69912827 -33.968864 19.858545 -65.09198
2.4613144 6.6848154 1.4245936 -57.698864 31.583546 -72.30199
2.1141446 5.7582307 1.1995317 -69.773865 35.818546 -75.27699
1.5179702 4.865166 1.4581133 -68.65386 36.273544 -73.03698
0.90503585 4.5012364 2.4014575 -65.328865 36.378548 -72.40698
0.6488485 4.4318027 2.5499027 -50.908867 24.933546 -80.07199
0.28252444 4.3456087 2.0590763 -29.173866 17.373545 -83.74699
-0.42378664 4.07745 1.9058428 -12.688865 11.773544 -89.31198
-0.9505271 3.476487 1.8962656 -2.923865 6.733545 -95.08698
-1.8627458 3.0119977 1.7693691 3.9011352 1.413545 -97.04699
-2.1740015 3.1173458 2.0710478 4.566135 2.288545 -92.28699
-3.74704 2.3368123 2.300898 -4.463865 5.8235455 -81.05199
-4.192375 2.2099156 3.4214187 -18.743864 18.178547 -62.781986
-4.0367475 2.4254005 4.0798445 -32.14887 36.483543 -39.016983
-3.2490308 2.8827069 4.149278 -30.258865 50.868546 -10.491985
-2.4445546 3.5435266 3.440573 -16.013865 60.213547 11.243014
-2.1309047 3.9409764 2.7749646 -1.4188651 67.03854 19.713015
-1.9752767 4.2642035 2.3535721 5.021135 72.04354 21.288015
-2.4613144 4.72151 2.4493432 4.0761347 76.20855 22.408016
-2.597788 5.0638914 2.6959534 0.99613494 79.63854 21.498014
-2.7677817 5.0758624 3.3352249 2.536135 75.89355 17.403017
-2.4158232 4.8292522 2.5427198 11.461135 69.94354 12.643016
-1.8531687 5.5619006 1.2162915 26.826136 67.63355 18.173016
-0.9577099 6.646507 0.24421602 33.406136 72.25355 35.673016
-0.531529 6.88354 1.2665714 21.611135 77.78355 50.163013
-0.7589851 7.16367 2.22907 0.99613494 81.353546 51.773014
0.04070267 7.989695 1.1037607 -3.098865 88.423546 56.778015
1.5897985 8.648121 -0.95531565 12.756135 90.838554 73.05301
1.4940275 8.4781275 -0.32801566 20.106136 87.16355 80.22802
0.505192 8.516436 1.2450229 5.196135 85.58854 69.44802
1.1899546 8.458973 0.35674694 -7.2288647 91.258545 64.33801
1.7143008 8.564321 -0.75659084 5.406135 91.71355 78.09302
1.3623424 8.38475 0.2370332 18.391136 88.84355 88.278015
0.89545876 8.724737 1.7071179 10.376135 89.228546 84.638016
2.657645 9.591465 -0.6344828 10.971136 93.11354 86.668015
4.8771377 9.787795 -4.1851926 44.081135 92.23855 107.14302
4.9393888 9.270632 -4.6712303 75.19614 83.03355 119.39302
3.4286015 8.779806 -1.8244374 62.56114 71.55354 104.37801
2.0351336 9.893144 0.9122187 19.371136 74.31854 84.00801
5.193182 10.561146 -2.6025767 2.501135 85.48354 93.17802
6.7805862 11.552376 -4.2833576 33.966137 88.31855 127.05802
6.1461034 11.686456 -3.4549387 61.68614 77.81854 133.95302
3.8284454 13.695251 -2.1979442 56.401134 73.51355 110.74802
5.734288 14.959429 -5.0375543 66.69113 85.51855 98.46302
8.016032 16.154173 -8.820508 93.67614 77.01354 100.07301
8.279403 15.00492 -11.724764 92.101135 59.96854 71.96802
6.0263896 13.96341 -9.890749 47.861137 36.763546 27.973017
3.938582 12.502903 -6.5459476 -7.6838655 23.568546 -2.301985
3.8547823 11.162109 -5.3727527 -29.383867 17.128546 -4.3669853
4.2737803 10.757477 -6.3903193 -17.833866 7.9235444 6.6580153
4.6472874 10.549175 -6.349617 -8.068866 -7.4064546 7.1480155
4.45814 9.653716 -5.794145 -10.273866 -18.291454 -1.146985
4.6137676 8.980925 -5.7462597 -14.788864 -27.496456 -5.5919847
4.879532 8.458973 -5.9832926 -19.618864 -35.336456 -3.526985
5.071074 8.58587 -5.523592 -30.783865 -41.566456 2.108015
5.626546 8.439818 -5.140508 -46.358868 -47.096455 7.743016
5.8587904 8.186026 -4.4461684 -60.848866 -52.381454 9.808015
5.7725964 7.7047763 -4.0104103 -71.243866 -58.191456 6.693015
5.626546 7.8460383 -3.2562137 -78.13887 -64.07145 4.803015
5.1021996 8.078283 -2.0806248 -82.30386 -73.27646 2.213015
5.1093826 8.12138 -1.5203645 -82.968864 -79.71645 -1.426985
5.5355635 7.972935 -2.3559663 -76.14387 -81.36145 -1.7069851
5.7103453 7.90829 -2.4206119 -66.79886 -86.226456 -0.796985
5.61218 7.743085 -0.7733508 -69.633865 -90.70646 -2.581985
5.7630196 7.520417 -0.5770202 -73.62386 -94.27646 -7.2019844
5.5882373 7.206767 -0.86193895 -63.158867 -102.99146 -10.841985
4.9968514 7.5683026 -0.41420954 -52.763866 -108.87146 -12.311985
4.913052 7.893924 0.48843205 -50.31387 -111.076454 -12.171986
5.2578273 8.023215 0.15562786 -46.918865 -115.34646 -11.331985
5.705557 7.884347 -1.5395187 -33.583866 -121.33145 -8.741984
5.305713 8.226728 -0.90024734 -25.113867 -125.28646 -5.0669847
4.8220696 8.502069 0.8667275 -36.803867 -125.07646 -2.966985
5.193182 8.662486 -0.05506832 -46.953865 -130.39645 -6.746985
5.724711 8.516436 -0.9074302 -36.173862 -136.66145 -5.136985
5.8204823 8.346442 -0.6057515 -33.373863 -136.83644 1.4780151
6.3998966 8.612206 1.9968252 -49.228867 -131.23645 9.213016
7.0894475 8.887548 3.4549387 -66.30886 -130.78145 11.348015
6.4358106 8.834874 2.5235655 -57.278866 -140.82645 3.4030151
5.276982 8.810931 0.79250497 -25.183865 -146.63646 -10.386986
4.747847 8.791777 0.61293435 -4.988865 -141.66646 -14.551986
4.731087 8.854029 1.3551595 -11.638865 -133.33646 -5.0319853
4.7071443 8.930645 1.1061549 -28.298866 -126.686455 5.993015
4.9633317 8.741497 0.1340794 -23.958864 -122.241455 9.4580145
4.7286925 8.341654 0.031125572 -25.323866 -122.451454 6.693015
4.113364 7.881953 1.5586729 -35.228867 -120.70146 3.7880151
4.166038 8.030397 2.056682 -37.013863 -119.23146 6.833015
4.6065845 8.049552 1.1971374 -22.873867 -117.23646 12.118015
4.2402606 8.681641 0.9984126 -9.853866 -120.10646 11.663015
4.4725056 9.031204 1.3455825 -13.703865 -120.24645 12.258015
4.9776974 9.428655 2.3823035 -32.953865 -105.16146 25.208015
6.1748347 9.931452 3.9888618 -48.388866 -85.03645 37.913017
6.1125836 10.321719 4.479688 -44.223866 -81.60646 34.97302
5.2674046 10.309748 4.4030714 -25.708864 -82.27146 17.648016
4.4198313 10.032011 3.7422516 -12.793865 -75.726456 8.128015
4.529968 9.859624 3.232271 -7.1938653 -72.82146 11.943015
5.3009243 9.840469 3.387899 -10.063866 -67.256454 19.083014
5.217125 10.034406 4.249838 -20.283865 -47.481453 20.238016
4.889109 10.079897 4.661653 -25.813868 -25.011456 13.553016
4.503631 10.324113 3.9146392 -15.208864 -9.226455 3.8580153
3.972102 10.750294 2.640885 3.9011352 0.888545 -4.2269845
4.0391417 11.092675 2.5522969 12.441135 11.703546 -7.971985
4.5251794 11.3656225 2.7079248 7.086135 23.148546 -5.9419856
4.4892654 11.573924 2.6169424 1.731135 35.678543 -4.9619846
4.278569 11.617022 2.0518935 3.8661351 43.938545 -10.071985
4.35758 11.614627 1.5467016 9.256135 47.753544 -16.826986
4.520391 11.403931 1.2641771 8.836136 52.338543 -20.886986
4.640105 11.233937 1.5083932 0.926135 60.73855 -23.126986
4.9106574 10.812545 1.8627458 -5.548865 65.84854 -25.961987
4.6472874 10.455798 1.5036045 -4.3238654 67.00355 -32.33199
4.1756153 10.161303 0.7206767 3.831135 68.68355 -41.711987
3.5411325 10.07032 -0.090982445 11.391136 70.71354 -47.381985
3.493247 10.146936 -0.6249057 12.406136 69.523544 -44.756985
3.9577363 9.8237095 -0.8571504 7.401135 68.01855 -36.146988
4.513208 9.466963 -1.3575538 1.871135 67.03854 -28.761984
3.9768906 9.201198 -0.8356019 -4.638865 61.788548 -30.896986
3.3256476 8.751075 0.32562137 -18.918865 59.37355 -42.411983
2.8180614 8.4781275 1.1660118 -33.408867 64.37854 -50.776985
2.135693 8.554744 0.5961744 -31.833866 67.45855 -50.601986
2.6935592 8.8085375 -0.7446195 -12.373865 65.18355 -47.41699
3.4238129 8.894731 -1.1205206 6.071135 62.523544 -39.716984
2.4349775 8.901914 -0.13647367 5.756135 63.81855 -34.186985
1.8292259 8.880365 0.071828246 2.746135 71.063545 -43.461987
1.7526091 8.868394 -0.505192 17.761135 63.39854 -39.261986
2.3200524 8.822903 -1.6161355 29.941135 57.763546 -32.051983
2.0925963 8.81572 -1.977671 34.526134 54.928547 -30.091986
1.4652961 8.74868 -1.8651401 27.876135 57.133545 -32.821983
0.99362403 8.389539 -1.9393626 19.021135 60.283543 -31.316988
0.9984126 8.181237 -2.6552508 19.441135 53.77355 -24.281984
1.1300977 8.130958 -3.2107224 21.471134 44.078545 -15.7069845
1.1636176 7.719142 -2.648068 10.761135 41.978542 -9.896985
1.0846065 7.371972 -1.7262721 -6.1088653 42.188545 -10.001985
1.1540405 7.3240867 -1.9297855 -10.238865 38.688545 -9.756985
0.9888355 7.5299945 -2.300898 -0.47386503 25.738544 -10.526984
0.3040729 7.599428 -1.8076775 3.9711347 14.258546 -13.396985
0.23463893 7.798153 -1.6257126 -0.578865 13.173546 -12.346985
0.8475733 8.332076 -1.7406378 -3.0638652 13.173546 -2.9319851
0.9888355 8.739103 -1.4844503 -5.653865 12.508545 4.698015
1.1564348 9.11261 -0.5961744 -10.168865 11.948545 6.4480147
1.2593886 9.301758 -0.15802214 -12.093865 8.763545 4.453015
1.3383996 9.507666 -0.65363705 -5.653865 3.6535451 0.463015
1.1923488 9.780613 -0.57462597 3.061135 -1.6314551 -1.7069851
0.98404694 9.703996 0.18675344 -0.858865 1.1335449 -2.266985
0.9289786 9.692024 0.5650489 -9.468865 7.5385456 -1.881985
0.8571504 9.780613 0.29210153 -7.4738655 6.348545 -1.741985
0.49800915 9.821315 0.23463893 0.64613503 2.3235452 -2.896985
0.5027977 9.900327 0.27055305 2.046135 3.268545 -4.2269845
0.53392327 9.96976 -0.028731298 0.576135 4.248545 -3.4219851
0.34477556 10.063137 -0.23942748 2.151135 3.373545 -2.161985
0.531529 10.017646 -0.090982445 2.3261352 2.673545 -0.936985
0.7877164 9.964972 -0.08619389 -2.083865 2.253545 1.128015
0.82123625 9.929058 -0.083799616 -5.863865 2.7785451 2.668015
0.75659084 9.885961 0.22745611 -7.263865 2.463545 2.143015
0.72546524 9.696813 0.63208854 -9.468865 2.988545 1.408015
1.1444633 9.735122 0.5411061 -11.918865 5.1585445 2.213015
1.0199611 9.862018 0.3974496 -8.803865 3.9685447 3.893015
0.9984126 9.826104 0.16759923 -4.253865 0.99354506 2.3180149
0.8571504 9.718362 0.51716334 -5.653865 2.533545 -1.0069851
0.86193895 9.742304 0.68236834 -7.333865 4.6335454 -0.866985
0.7948992 9.787795 0.62251145 -3.973865 4.283545 -1.181985
0.90503585 9.814133 0.4070267 0.121135004 2.988545 -1.4969851
0.84039044 9.809344 0.41420954 0.576135 2.708545 -1.6369851
0.5985687 9.811738 0.4189981 -0.26386502 3.513545 -3.246985
0.4070267 9.751882 0.38787252 0.64613503 1.728545 -5.136985
0.42618093 9.663293 0.27294734 1.241135 0.783545 -4.751985
0.65842557 9.711179 0.22506183 0.36613497 0.013545001 -2.721985
0.4764607 9.778218 0.53871185 -1.593865 -1.316455 -1.951985
0.51955765 9.730332 0.71588814 -3.273865 -1.2814552 -3.001985
0.5650489 9.794978 0.35914123 -0.368865 -1.771455 -2.616985
0.7015225 9.720756 0.15562786 4.426135 -2.611455 -0.866985
0.5123748 9.72315 0.36392978 3.796135 -2.401455 -0.446985
0.7039168 9.730332 0.3902668 1.031135 -0.896455 -0.586985
0.8044763 9.715967 0.20351335 0.78613496 -1.561455 0.078015
0.6488485 9.7135725 0.22506183 1.871135 -2.086455 -0.69198495
0.56744313 9.668081 0.2944958 1.3811351 -1.8414551 -1.8119849
0.65363705 9.62259 0.26097596 -0.123865 -1.246455 -1.181985
0.7039168 9.701602 0.17478207 -0.683865 -1.316455 -0.201985
0.56744313 9.711179 0.27294734 -0.47386503 -1.806455 0.113015
0.56265455 9.744699 0.28013015 -1.6638651 -1.246455 -0.096985
0.5961744 9.862018 0.39266106 -3.483865 -1.0714551 1.058015
0.6273 9.909904 0.65842557 -6.178865 0.398545 3.088015
0.80687064 9.890749 0.8332076 -7.578865 2.113545 5.048015
0.9529214 9.921875 0.60335726 -5.198865 0.85354507 5.363015
0.9481328 9.948212 0.4644893 -1.523865 -0.161455 3.7880151
0.84278476 9.866806 0.6177229 -1.208865 -0.33645502 1.653015
0.7733508 9.818921 0.84278476 -3.098865 0.85354507 0.183015
0.72785956 9.797373 0.9289786 -3.623865 2.078545 -0.096985
0.8092649 9.840469 0.66321415 -1.628865 2.988545 0.463015
0.84996754 9.833286 0.39266106 2.6061351 2.3235452 1.023015
