2.3463893 9.332883 1.3814965 18.942072 -8.9943 -2.439045
2.1572416 9.320911 1.7957062 8.58207 -6.7893004 1.865955
2.2194927 9.354432 2.0782306 -5.4879303 -0.10430001 3.4409552
2.3272352 9.3831625 1.8866886 -10.84293 1.6107 3.300955
2.4541316 9.445415 1.6137413 -7.0279303 -4.3743005 4.8409553
2.3918805 9.423865 1.5443072 -0.02793 -11.444301 6.2059546
2.3751206 9.366403 1.9441512 2.1420698 -11.8993 4.035955
2.4517374 9.4095 2.2099156 -1.8479301 -8.9593 3.300955
2.4780743 9.45978 2.47568 -6.95793 -6.1243 3.160955
2.4900458 9.629773 2.5810282 -8.637929 -4.6893 3.195955
2.6696165 9.938635 2.727079 -6.85293 -4.7243 2.8459551
2.6696165 10.776631 3.1365 -3.5629299 -5.7043 3.020955
1.6424725 12.584309 4.103787 -2.61793 -5.3193 3.7909553
1.3288225 14.669722 5.7438655 -5.83793 -3.7793 3.7909553
2.885101 17.442291 7.719142 -11.857931 -5.0743 1.760955
5.5307746 19.348135 8.492493 -16.96793 -8.539301 5.435955
6.8787518 19.803047 9.483723 -10.66793 -13.2643 17.055956
8.171659 18.845337 9.708784 6.6220703 -11.0943 19.470955
8.600235 17.210047 7.798153 23.73707 3.2207 4.980955
8.13814 15.292233 5.1237483 47.50207 10.9207 -17.349047
6.873963 13.494133 2.5379312 79.59707 7.7707005 -40.414043
5.1620564 11.162109 1.089395 100.00207 7.9457006 -64.319046
3.912245 9.617802 1.376708 93.70207 17.8157 -86.50905
3.3519847 7.8963184 1.733455 29.792068 31.850702 -115.13904
2.535537 6.3567996 0.89067024 6.23707 30.835701 -113.87904
2.1309047 5.5379577 0.18435916 0.25207004 39.550697 -110.62405
2.135693 4.2019525 -0.17717634 5.57207 40.8107 -110.93905
0.9888355 2.7510219 -0.043096945 3.33207 20.3707 -124.55405
-0.56744313 1.977671 0.56265455 -4.2979302 33.775703 -134.10905
-1.8316202 1.403045 0.32083282 -1.07793 48.5107 -135.68404
-2.3799093 0.71588814 -0.55307746 13.30707 43.4007 -132.67404
-2.8970726 0.014365649 -0.79250497 20.762072 32.935703 -130.18904
-3.6967604 -0.10774237 -0.8834874 17.402071 27.9307 -123.46904
-5.0231886 0.15562786 -1.063058 10.052071 31.7457 -109.85404
-5.4086666 -0.03351985 -0.8140534 -1.8129301 38.990704 -91.059044
-5.4350038 -0.10774237 -0.24421602 -17.87793 42.805702 -66.20904
-4.9274178 0.026337024 -0.3232271 -32.40293 50.9257 -33.72905
-4.532362 0.35435268 -0.26097596 -45.772934 64.4357 -0.654045
-3.9361877 0.35435268 0.22266756 -60.997932 77.1407 25.840958
-3.2825508 0.5818088 1.350371 -74.36793 84.6307 44.600956
-3.083826 1.1372806 1.6400782 -77.58793 85.0857 58.95096
-2.988055 1.7047237 1.7813405 -68.10293 80.3257 68.29596
-2.6432793 2.3272352 2.152453 -55.11793 74.7957 77.605965
-1.3814965 2.6983478 2.2937152 -43.07793 65.4507 91.46595
-0.27055305 3.7087317 2.2410412 -32.85793 56.5957 110.190956
0.32801566 5.276982 1.977671 -20.852932 57.750706 127.620964
2.056682 6.1724405 2.1380875 -9.89793 65.590706 141.83095
4.355186 6.0694866 1.733455 0.46207 68.9157 158.07095
4.7957325 6.902694 0.9888355 14.532071 64.260704 161.53595
5.00164 8.691217 0.12929083 27.37707 67.5857 158.45595
6.8165 9.885961 -0.5602603 37.31707 79.5557 165.24596
7.9777236 9.91948 -2.2673783 43.30207 81.6557 170.95094
6.7494607 10.4294615 -3.0981915 45.927074 74.3057 158.84096
5.3105016 12.536423 -1.1684061 32.34707 64.925705 139.20596
8.049552 13.45343 -1.0127783 1.7570701 60.585697 142.56595
12.033626 14.3321295 -2.6983478 -10.52793 62.825706 176.48096
12.433469 14.559586 -4.558699 -1.74293 53.9007 190.69096
10.290593 15.857282 -1.7645805 -4.3679304 32.7957 163.11096
10.496501 15.8429165 -1.4006507 -33.137928 24.1157 125.10095
11.3656225 15.613066 -3.2897336 -45.282932 31.3607 109.84096
11.47097 15.407159 -4.5012364 -24.35293 29.5057 104.205956
10.783813 15.012103 -4.5467277 -7.06293 -3.9893 52.195953
9.941029 13.735954 -4.800521 -4.8229303 -19.3893 23.915955
9.167678 11.6649065 -5.3799353 -0.41293 -29.6793 3.580955
8.413482 10.271439 -5.5547175 -0.06293 -40.2143 -12.029045
7.211556 9.091062 -5.322473 -4.2979302 -54.5293 -24.594046
6.0455437 8.231517 -4.70475 -11.99793 -69.5793 -30.859043
6.3400397 7.7239304 -4.4198313 -22.18293 -84.9793 -25.679045
7.74069 7.2977495 -4.3623686 -34.78293 -97.054306 -11.644045
8.839663 6.5842557 -3.6895776 -51.827934 -103.809296 -2.439045
8.415876 6.3735595 -2.3655436 -69.88793 -109.794304 -5.1690454
7.5276 6.6153812 -0.9385557 -80.492935 -119.8393 -16.019047
8.152506 6.5818615 -0.81644773 -80.17793 -130.58429 -18.819046
9.059936 6.2706056 -1.2689656 -72.897934 -133.8743 -9.159045
9.251478 6.091035 -0.70631105 -72.162926 -133.4543 -4.014045
8.466156 6.1892004 0.8571504 -77.72793 -136.70929 -10.209045
7.764633 6.6704497 0.69912827 -73.10793 -142.0643 -17.874044
8.2027855 6.897906 -0.74701375 -53.43793 -141.0143 -15.809045
8.758257 6.8021345 -0.8786988 -40.20793 -138.8443 -6.989045
8.40151 6.7135468 0.15802214 -46.15793 -137.2693 -6.499045
7.553937 7.0607166 0.845179 -54.767933 -133.83931 -14.584045
7.563514 7.355212 0.13168511 -48.60793 -130.82932 -17.489046
7.4366174 7.5228114 -0.17238778 -35.517933 -131.8443 -11.574045
7.285778 7.537177 0.5698374 -33.27793 -135.6243 -8.704044
7.2809896 7.336058 1.3192455 -41.25793 -143.14929 -10.489045
7.642525 6.9912825 1.472479 -46.75293 -148.6443 -7.549045
7.699988 6.830866 1.9680939 -50.987934 -147.17429 1.445955
6.9481854 7.0008597 3.2274826 -61.452934 -141.3643 8.235955
7.4629545 6.936214 4.0822387 -74.717926 -132.6143 11.875956
7.4198575 7.1588817 4.8388295 -81.367935 -127.014305 18.735956
5.9832926 7.9681463 4.642499 -75.83794 -124.56431 18.525955
6.2969427 8.186026 5.1189594 -62.082928 -119.3843 12.785955
6.854809 8.341654 6.0670924 -57.14793 -112.9443 16.390955
6.5986214 8.356019 6.0838523 -54.34793 -106.3293 19.750956
5.8779445 8.559532 5.604997 -39.052933 -97.544304 12.645954
5.968927 8.545167 5.734288 -22.88293 -89.10931 4.035955
6.1077952 9.007262 6.4358106 -22.25293 -76.7893 4.420955
6.395108 9.560339 6.656084 -28.517931 -60.444298 8.235955
6.6345353 10.084685 6.3927135 -29.147932 -41.7893 8.760956
6.4765134 10.494106 5.973716 -15.847931 -4.3743005 -0.86404496
6.3711653 10.716774 5.4589467 -10.98293 9.1357 -5.484045
6.6441126 10.953807 5.1237483 -9.407929 22.6457 -5.764045
7.2594414 10.886767 4.807704 -8.35793 34.335697 -7.724045
7.352818 10.707197 4.4749 -5.2779303 47.250698 -15.214045
7.2546525 10.700014 3.6177492 0.77707005 61.7757 -23.964045
7.1133904 10.245102 2.935381 7.9170704 69.370705 -31.734045
6.572284 9.804555 2.7510219 10.78707 73.3957 -39.889046
6.150892 9.677659 2.291321 14.112071 81.0607 -44.544044
6.4142623 9.335278 1.4700848 21.952068 83.6157 -42.129044
5.99287 8.964165 1.0127783 26.88707 87.04571 -41.534046
6.0072355 8.964165 0.6560313 28.742071 94.5357 -41.149044
6.316097 8.755863 -0.6105401 34.20207 94.5357 -38.874046
6.3137026 8.499676 -1.4293821 39.592068 90.965706 -40.13405
6.038361 8.109408 -1.812466 36.44207 89.5307 -46.924046
4.905869 7.745479 -1.7550035 23.80707 93.90569 -55.884045
4.2211065 7.6736507 -1.6400782 13.06207 96.635704 -61.51905
3.8643596 7.4797144 -1.812466 11.13707 88.7257 -59.524048
3.4286015 7.3240867 -2.2769554 12.57207 83.47569 -54.86905
3.1915684 7.1780357 -2.8635526 14.427071 82.9507 -50.38905
2.8994668 6.960157 -3.215511 14.847069 79.7657 -45.769047
2.1644244 6.732701 -3.1412885 9.527071 75.7757 -43.599045
1.5443072 6.5842557 -3.0431232 2.1420698 71.8207 -43.144047
0.9577099 6.5842557 -3.0957973 -3.28293 68.4607 -39.08404
1.0175668 6.682421 -2.5546913 -6.9229302 67.760704 -29.704046
1.4126221 6.962551 -1.977671 -9.51293 63.0007 -18.959045
1.8052832 7.369578 -2.1811843 -5.13793 50.1907 -14.339045
2.1332989 7.9944835 -2.6145482 6.83207 37.380703 -12.1690445
2.0758362 8.310528 -2.595394 14.777072 25.4457 -6.849045
1.8627458 8.739103 -1.934574 12.11707 14.0007 -3.279045
2.3392065 8.973742 -1.0271438 2.59707 8.7507 -2.2290452
2.6528566 9.167678 -0.71828246 -5.97793 6.2307 2.600955
2.4900458 9.395134 -0.69194543 -6.18793 4.3057 6.275955
2.3559663 9.44302 -0.37350687 -1.70793 1.1207001 4.455955
2.221887 9.586677 0.026337024 -1.42793 -2.6243002 1.970955
2.0327394 9.701602 0.16520496 -2.86293 -3.8493 1.445955
2.0949905 9.694419 0.12210801 -2.09293 -3.8843 2.565955
2.1811843 9.747093 0.011971374 -0.86793 -2.4143 5.190955
2.3344178 9.785401 0.21787901 -0.37793002 -1.5393001 7.5359545
2.3152637 9.775824 0.600963 -6.15293 -3.2193 4.5609555
2.3032923 9.828498 0.6081458 -7.2379303 -1.8893001 4.1059556
2.5235655 9.883567 0.6895511 -6.08293 -2.9743 6.030955
2.7725701 9.842864 1.1396748 -6.32793 -5.7743 6.590955
2.6504622 9.797373 1.3479767 -4.9979305 -6.8592997 3.7559547
2.4948344 9.77343 1.0654523 0.42707002 -6.7542996 0.885955
2.5618742 9.751882 0.92658436 3.68207 -6.7893004 0.080955006
2.6289136 9.660899 0.9289786 2.0020702 -5.8093 0.220955
2.5906053 9.560339 0.9984126 -0.09793001 -4.8643 -0.094045
2.5307484 9.469357 1.0989721 -1.5329301 -4.7592998 -1.9140451
2.7366562 9.390346 1.0941836 -2.75793 -5.0043 -2.5090451
2.3679378 9.397529 1.4317763 -4.8579297 -1.9943 -1.5640451
1.8507744 9.495694 1.6520497 -4.05293 0.3507 -4.609045
1.9752767 9.478934 0.9696813 3.08707 -1.6093 -5.484045
2.6241252 9.593859 0.46209505 9.387071 -2.3093 -1.214045
2.5235655 9.586677 0.6105401 6.5520697 -1.3643 1.620955
2.19555 9.490906 0.9385557 0.112069994 2.4157 -1.214045
2.22907 9.466963 0.9816527 -1.77793 4.2357 -3.244045
2.3152637 9.560339 0.35674694 3.12207 2.1707 -2.0540452
2.257801 9.5483675 0.13647367 8.37207 1.4707 -0.79404503
2.1189332 9.454991 0.44294083 5.9570704 1.6107 -1.809045
2.1548474 9.42626 0.5770202 0.42707002 1.9957 -2.369045
2.1500587 9.450203 0.58420306 -0.06293 1.0507001 -1.039045
2.1883671 9.3831625 0.6368771 1.47707 0.28070003 -0.79404503
2.3655436 9.462174 0.57223165 1.7570701 0.21069999 -0.759045
2.6097596 9.512454 0.30167863 2.45707 0.7007 1.0259551
2.3248408 9.5483675 0.30886146 3.47207 -0.7343 1.2709551
1.9441512 9.397529 0.7302538 2.0020702 -2.8343 -2.159045
1.7933118 9.462174 0.85954463 -2.5479302 -0.8743 -4.399045
2.0973847 9.562734 0.50040346 -3.07293 1.3306999 -1.669045
2.4876516 9.591465 0.35435268 0.81207 0.31570002 2.2159553
2.545114 9.510059 0.52913475 1.8620701 -1.5043 3.3359551
2.2793496 9.428655 0.85236186 -1.74293 -0.034300003 1.900955
2.0351336 9.411894 0.95531565 -4.2629304 2.3107 -0.164045
2.1141446 9.4142885 0.70870537 -1.6029301 1.2607 -1.284045
2.3990633 9.457385 0.34716985 3.9970698 -0.8393 0.080955006
2.257801 9.5244255 0.4189981 7.2520704 -1.3293 2.6709552
2.1716073 9.536397 0.6273 4.17207 -1.6093 0.045955
2.2769554 9.617802 0.53871185 4.34707 -1.8893001 0.220955
2.4876516 9.703996 0.090982445 6.13207 -1.9943 1.410955
2.3679378 9.648928 0.16041641 3.68207 -1.2943 0.990955
2.221887 9.591465 0.600963 -2.5479302 0.5257 -0.654045
2.3751206 9.58907 0.723071 -4.7179303 0.4207 0.220955
2.3990633 9.608225 0.6057515 -2.02293 -0.2793 1.3759551
2.3344178 9.553157 0.5411061 0.49707 -1.3293 0.29095498
2.2721667 9.593859 0.70631105 -0.13293001 -1.3293 -0.82904506
2.3272352 9.569917 0.8092649 -1.35793 -0.2443 -1.109045
2.3152637 9.596253 0.6440599 0.46207 0.1057 -0.72404504
2.2242813 9.581888 0.38547826 3.22707 -0.17430001 -0.759045
2.2506182 9.557945 0.44772938 2.63207 0.24569999 -0.654045
2.3727264 9.608225 0.6560313 -0.93793 1.5407 -0.23404503
2.3942747 9.584282 0.56744313 -2.05793 1.9957 -0.269045
2.2745612 9.560339 0.37111259 0.39207003 1.0507001 -1.004045
2.073442 9.526819 0.48843205 1.40707 0.0357 -1.9490451
