2.0279508 9.742304 -0.14844504 5.896135 -3.2414548 2.3530152
2.030345 9.644139 0.043096945 1.346135 -2.751455 1.898015
1.9441512 9.660899 0.19154198 -1.2788651 -1.0714551 1.058015
2.020768 9.60583 0.17238778 -0.47386503 -0.476455 1.128015
2.0542877 9.593859 0.11971374 1.696135 -0.581455 1.618015
2.0949905 9.569917 0.038308397 3.131135 -0.33645502 1.268015
2.030345 9.57231 0.08858817 3.236135 0.083545 0.56801504
2.099779 9.57231 0.052674048 2.886135 0.64354503 0.498015
2.0327394 9.567522 0.038308397 3.3761349 0.398545 0.428015
1.960911 9.510059 -0.04070267 4.531135 0.22354501 -0.48198506
1.8819 9.5244255 -0.12210801 5.476135 -0.33645502 -0.376985
1.9824595 9.488511 -0.16281068 4.916135 0.64354503 1.0930151
2.0518935 9.608225 -0.090982445 3.2011352 0.67854506 2.738015
1.9489397 9.802161 0.10055954 1.486135 -0.091455005 2.773015
2.0279508 10.082292 -0.047885496 -0.193865 0.923545 3.298015
2.7222905 10.64734 -0.3615355 -1.138865 3.8635447 5.748015
2.22907 11.6649065 0.071828246 -6.598865 9.183545 7.603015
0.87151605 12.689656 1.0702409 -18.743864 19.543545 3.053015
0.3902668 14.011296 1.7358493 -26.163866 24.373545 -2.161985
1.6999351 15.7327795 1.6328955 -18.743864 18.493546 2.808015
2.8108785 17.286665 0.30886146 -0.438865 11.808545 12.923015
3.2107224 18.014524 0.083799616 12.336134 9.743545 8.338015
3.294522 17.708057 1.7789462 1.1711351 14.188545 -13.116985
3.510007 17.291452 2.4254005 -13.913865 17.338547 -33.41699
3.5315554 16.271492 1.9752767 -5.968865 12.508545 -45.176987
3.275368 14.779859 1.2665714 14.086136 5.9285455 -54.346985
3.2179053 13.625818 0.77574503 25.846136 5.1585445 -62.221985
3.3663504 12.641771 -0.11253092 25.321136 8.133545 -66.526985
2.5115943 11.396749 -0.17957062 18.566135 10.128545 -70.48199
1.7047237 10.496501 0.24182175 5.5111356 11.143545 -76.011986
1.3455825 9.737515 0.8667275 -11.253865 13.943545 -76.50198
2.3559663 9.153313 0.15323359 -21.998867 14.643545 -69.956985
3.2873392 8.597841 -0.76616794 -22.033865 12.1585455 -59.56198
2.5499027 8.008849 -0.409421 -22.663866 11.598545 -55.326984
1.7071179 7.099025 0.86193895 -35.158863 12.718545 -69.78199
1.1396748 6.5842557 0.9792584 -47.338867 7.853545 -89.276985
0.8643332 6.177229 0.53392327 -31.098866 -19.271456 -98.13199
0.41181526 5.499649 0.7996878 -34.178867 -21.511456 -91.72698
0.15323359 4.781367 1.690358 -50.663868 -15.666454 -88.40199
-0.39266106 4.005622 2.4684973 -62.213863 1.273545 -87.84198
-1.5179702 3.9960446 2.7869358 -56.613865 9.778544 -83.32698
-1.9273912 3.6392977 2.8827069 -42.298862 7.3285456 -74.43699
-2.6241252 3.502824 2.7486274 -28.578865 7.4685454 -65.54699
-2.8156672 2.8611584 2.4158232 -17.098866 12.578546 -60.401985
-3.1149516 2.6456738 2.2266755 -6.493865 9.463545 -53.751984
-3.9481592 2.423006 2.832427 -4.393865 8.938545 -48.25699
-3.7781656 2.2242813 3.737463 -12.758865 16.183546 -35.656986
-3.4238129 2.4182177 4.1085753 -18.148865 30.463545 -11.016985
-3.047912 2.9569294 3.9242165 -10.448865 44.113544 9.808015
-2.928198 3.5794408 3.6464806 2.8511348 51.11355 19.153015
-2.5714512 3.459727 3.7685885 10.586135 54.54355 18.943016
-2.370332 3.799714 3.0694604 16.431135 57.658543 19.748014
-2.0016139 4.434197 1.7741576 26.196135 60.213547 27.868015
-2.0614705 4.695173 1.5227587 25.846136 68.01855 38.263016
-2.3751206 4.800521 2.8563697 4.1461353 81.353546 43.548016
-2.0375278 5.008823 4.063084 -23.433865 94.618546 46.943016
-0.8547561 5.090228 2.6839821 -25.183865 102.59856 59.193016
-0.043096945 5.6002088 0.5458947 -0.71886504 102.14355 79.00301
-0.102953814 6.304126 2.4277947 9.781135 99.203545 90.06301
-0.749408 6.8476257 5.9808984 -13.878865 96.68354 86.14301
0.29689008 7.982512 3.545921 -23.188864 102.31855 78.54801
3.684789 8.820508 -2.4086404 29.661135 105.08355 94.89301
4.7789726 9.098245 -5.1596622 82.44113 101.16354 122.29802
3.2202997 9.012051 -1.5490957 72.39613 94.40855 121.49301
0.4189981 10.362421 4.0367475 3.166135 89.19355 87.193016
2.9521408 9.471751 0.052674048 -32.358864 104.978546 74.27802
6.3831367 9.320911 -4.1588554 18.041136 105.71354 107.84302
6.062304 8.463761 -4.2378664 60.916134 82.85855 129.96301
3.0910087 10.348056 0.31365 37.536133 78.41355 110.39802
4.3264546 9.653716 0.19393626 -11.743866 86.148544 84.04302
7.211556 8.557138 -2.1931558 -5.1288652 89.298546 93.87801
7.1924014 8.008849 -2.3296294 38.341137 69.55854 107.108025
5.7797794 9.184438 -1.7047237 55.736134 59.408546 76.13302
6.0431495 9.256267 -4.790944 74.531136 63.608547 77.81302
5.863579 9.301758 -5.5882373 78.766136 63.958546 79.458015
4.3456087 11.3344965 -3.7207031 53.321136 63.81855 75.29302
5.751048 14.071153 -4.9154463 40.54614 71.938545 86.10802
7.901107 15.749539 -8.111803 66.48113 64.30855 98.113014
8.157294 15.807002 -9.182044 80.09613 41.908546 77.32302
5.899493 15.538843 -7.307327 57.626137 32.738544 37.318016
4.7167215 15.943476 -7.23071 34.421135 34.418545 13.343016
5.3919067 15.955447 -9.352037 32.951138 35.923542 8.058016
5.672037 14.322552 -9.694419 29.871136 23.953545 2.738015
5.2219133 12.816553 -7.597034 -0.26386502 5.963545 -9.826985
4.9633317 10.30017 -5.2865586 -33.408867 -5.4814553 -18.016985
4.946572 8.439818 -3.981679 -43.943867 -12.901455 -21.551985
4.824464 7.4366174 -4.1013927 -28.053867 -23.541456 -26.661985
4.355186 7.1157846 -5.0926223 -2.503865 -36.141457 -33.556984
4.0582957 7.151699 -5.913859 13.246135 -48.076458 -38.911987
4.065479 7.0128307 -6.0934296 10.4461355 -58.821453 -37.126987
4.0750556 6.794952 -5.8204823 -6.143865 -66.976456 -28.131985
4.7622128 6.7039695 -5.688797 -28.753864 -73.41645 -15.076985
5.238673 6.9505796 -4.9800916 -53.883865 -76.881454 1.9680151
5.5355635 6.7734036 -3.5842295 -79.74886 -79.43646 12.538015
5.454158 6.4860907 -2.2793496 -96.688866 -85.21146 14.323015
5.3895125 6.5148215 -2.0447106 -97.87887 -88.991455 12.363014
5.0614967 7.161276 -2.1548474 -86.01387 -91.37146 12.538015
4.486871 7.7742105 -2.473286 -67.81386 -99.91145 7.7780147
4.592219 7.9513865 -2.6696165 -48.948864 -115.171455 -2.1969852
4.8364353 7.7718163 -2.997632 -39.673862 -126.96645 -3.246985
5.95935 7.860404 -2.49244 -42.333866 -129.90645 6.0980153
6.3807425 8.063917 -1.3383996 -54.198864 -128.15646 21.638016
6.1628633 8.207574 -0.5794145 -65.04887 -129.06645 25.418015
6.062304 8.150111 -1.1612233 -60.428864 -136.52147 17.683014
6.1101894 8.157294 -0.7350424 -47.303864 -142.89145 14.848015
6.778192 8.375174 -0.23463893 -49.403866 -132.81146 31.683018
6.4980617 8.930645 0.35435268 -45.658867 -130.46646 29.513016
6.055121 9.304152 0.38068968 -34.178867 -133.37144 20.063015
5.90907 9.725544 0.2753416 -21.963865 -136.55646 14.778014
5.873156 9.862018 0.56744313 -16.888865 -134.63145 13.203015
5.569083 9.804555 0.8356019 -14.088865 -129.34645 11.173016
5.7127395 9.581888 0.45251793 -8.1388645 -123.57146 10.823015
5.9282246 9.296969 -0.24421602 -0.47386503 -122.97645 11.943015
5.566689 9.380769 -0.14126222 -0.788865 -122.66145 10.228015
5.071074 9.478934 0.8284191 -10.938866 -117.096466 8.758016
5.2578273 9.39274 1.3288225 -19.548866 -106.281456 11.138015
5.6313343 9.601042 0.55786604 -12.653866 -99.14146 12.468015
5.516409 9.529214 -0.5219519 2.7111351 -103.69146 6.5180154
4.7550297 9.167678 0.031125572 0.611135 -107.89146 -1.111985
4.4222255 8.717555 1.2809371 -18.988865 -99.80646 0.63801503
4.249838 8.463761 2.013585 -32.04386 -88.46645 6.4130154
3.8787253 8.341654 1.8842943 -27.248865 -82.83146 9.283015
3.6440864 8.2578535 1.7382435 -16.258863 -81.64146 10.403015
3.4836698 8.408693 1.8531687 -11.253865 -75.37646 12.048015
3.8452053 8.6433325 1.6305012 -10.343864 -66.52146 15.968014
3.7685885 8.844451 1.7023294 -10.273866 -59.20645 19.538013
3.5076127 9.059936 1.8747171 -11.008865 -50.911453 18.558016
3.6081722 9.550762 1.802889 -9.818865 -43.316456 17.123016
3.668029 10.067925 1.1277034 -5.758865 -35.581455 17.578016
3.6919718 10.577906 1.0175668 -2.118865 -27.321457 17.158016
3.0814316 10.951413 1.8699286 -5.828865 -18.781454 16.318016
3.4118416 11.296188 2.3152637 -11.743866 -9.506455 13.483015
4.304906 12.23235 2.3320236 -10.5538645 -1.421455 13.518015
4.9585433 13.044009 2.2841382 -2.083865 3.7585452 12.958015
4.982486 13.376813 1.9369683 8.696135 8.343545 5.048015
4.846012 13.513287 1.0558752 19.511133 20.488544 -6.991985
4.4126487 13.343293 -0.30646718 27.561134 35.08354 -20.326986
4.216318 13.041615 -0.95531565 33.231136 40.088547 -34.571987
3.981679 12.581914 -0.9984126 29.941135 41.803543 -45.631985
3.790137 12.1054535 -0.88109314 17.656136 48.173546 -53.156986
4.225895 11.827718 -1.2043202 7.611135 52.653545 -56.726986
4.661653 11.32492 -1.6520497 0.99613494 58.113544 -55.921986
4.3240604 10.546781 -1.3024855 -5.1288652 63.15355 -56.866985
3.806897 9.926663 -0.8475733 -12.653866 63.083546 -64.84699
3.2538195 9.39274 -0.8547561 -15.348866 69.69855 -72.93199
2.49244 8.7534685 -0.67279124 -7.8938656 72.18355 -67.96199
3.5267668 8.561927 -1.175589 1.9411348 71.97354 -58.476986
4.453351 8.207574 -2.49244 13.281135 70.048546 -52.351986
3.9840732 8.219545 -2.638491 14.541135 69.41855 -61.976986
3.1341057 8.044764 -2.6648278 11.356135 66.79355 -75.591995
2.0159793 7.9609637 -3.3256476 12.336134 61.05355 -81.401985
1.0343267 7.762239 -4.3791285 10.201135 58.183548 -77.026985
0.9624985 7.800547 -4.455745 -7.4038644 62.593548 -63.446987
1.1229149 8.099832 -3.962525 -33.723866 66.51354 -47.241985
1.376708 8.085466 -3.4453614 -48.388866 62.76855 -39.716984
1.0127783 7.7502675 -3.1748085 -46.813866 49.923546 -44.161983
0.3328042 7.3145094 -2.935381 -37.818867 34.593544 -54.38199
-0.19393626 7.0559278 -2.7486274 -30.643866 24.303545 -57.88199
-0.2370332 6.969734 -2.3583608 -26.828865 18.493546 -52.106987
-0.023942748 6.804529 -2.2362528 -23.153866 14.398544 -43.251984
0.102953814 7.185219 -2.6624336 -16.258863 9.813545 -34.606987
-0.15083931 7.225921 -3.0191805 -9.748865 3.6535451 -27.501986
-0.68236834 7.1373334 -2.7127132 -10.5538645 4.0385447 -22.741985
-0.86193895 7.269018 -2.1644244 -16.748865 6.418545 -15.986987
-0.6296943 7.721536 -2.169213 -18.323864 6.418545 -4.541985
-0.03351985 8.195602 -2.439766 -14.508865 6.208545 8.618015
0.11013664 8.693612 -2.2961094 -13.423865 4.2135453 16.598013
0.31125572 9.012051 -2.0375278 -17.203865 6.313545 18.208015
0.15083931 9.138947 -1.2809371 -21.473866 8.308545 17.578016
-0.17957062 9.380769 -0.40463245 -25.533865 9.813545 15.898015
-0.11492519 9.598648 -0.47885495 -22.733864 11.143545 15.233016
0.29210153 10.010463 -1.2258687 -10.483865 8.973545 15.793015
0.44533512 10.139753 -1.6257126 2.501135 3.8635447 14.883017
0.14605077 10.156514 -0.88588166 2.3961349 2.8485448 10.5430155
-0.083799616 10.084685 -0.531529 -7.0888653 6.208545 5.923015
0.021548472 10.072714 -0.600963 -7.753865 6.7685456 4.558015
0.009577099 10.127783 -0.84278476 -1.453865 3.023545 5.083015
-0.045491222 10.199611 -0.9481328 2.746135 0.64354503 4.873015
-0.19633053 10.101445 -0.76137936 0.99613494 1.763545 4.558015
-0.07422252 10.067925 -0.75180227 -3.658865 2.183545 4.733015
0.021548472 10.079897 -0.6057515 -6.458865 3.093545 7.1480155
0.3423813 10.065532 -0.65842557 -9.398865 3.793545 10.263015
0.39505535 9.943423 -0.3519584 -11.463865 3.618545 10.508015
0.28252444 9.821315 -0.07901107 -12.618865 -0.33645502 3.7530153
0.2753416 9.761458 0.045491222 -10.728866 -0.161455 2.563015
0.38068968 9.73991 0.0 -8.173865 -0.196455 2.738015
0.44533512 9.6896305 0.24900457 -7.6838655 1.0635451 2.458015
0.38787252 9.768641 0.14605077 -5.198865 0.153545 1.128015
0.24182175 9.780613 0.05985687 -0.92886496 -1.666455 -0.586985
0.16520496 9.732727 -0.009577099 -0.053865 -0.896455 -1.671985
0.31604427 9.677659 0.057462595 -1.138865 -0.581455 -0.761985
0.2944958 9.672871 0.15323359 -2.608865 0.433545 0.008015
0.22266756 9.694419 0.16041641 -2.223865 1.098545 -0.62198496
0.27055305 9.730332 0.090982445 -0.47386503 0.29354498 -2.231985
0.19393626 9.759064 -0.098165266 1.486135 -0.33645502 -3.9819849
0.076616794 9.751882 -0.23224466 2.816135 -0.721455 -5.1719847
-0.0071828244 9.715967 -0.047885496 1.4161351 -1.3864549 -4.6119847
-0.062251143 9.696813 0.32562137 -2.398865 -0.33645502 -2.6519852
0.16281068 9.73991 0.28013015 -3.098865 1.413545 0.63801503
0.409421 9.869201 -0.11253092 1.1711351 1.203545 3.193015
0.42378664 9.914692 -0.18914771 4.356135 0.22354501 2.703015
0.2753416 9.98652 -0.14365649 3.061135 0.67854506 1.3380151
0.13886794 9.953 -0.0670397 0.36613497 2.463545 0.35801497
0.090982445 9.897932 -0.11492519 0.121135004 1.4835451 -0.271985
0.27055305 9.80695 -0.29928434 0.99613494 1.203545 0.043015
0.2083019 9.8787775 -0.15562786 0.436135 1.553545 1.023015
0.1987248 9.8787775 -0.06943397 -1.803865 2.1485448 0.56801504
0.15323359 9.840469 -0.009577099 -2.7488651 1.693545 -0.201985
0.24182175 9.835681 -0.06464542 -2.048865 0.608545 -0.971985
0.20590763 9.842864 -0.16281068 -0.123865 -0.091455005 -1.146985
0.23942748 9.804555 -0.14605077 1.9061351 -0.33645502 -1.7069851
0.25379312 9.744699 0.04070267 1.5911349 -0.231455 -2.686985
0.21548474 9.780613 0.04070267 -0.26386502 0.99354506 -2.231985
0.21548474 9.794978 -0.023942748 -0.64886504 2.9185452 -0.796985
0.16281068 9.761458 -0.08858817 1.101135 2.603545 -0.34198502
0.14365649 9.730332 -0.102953814 1.9061351 1.378545 -1.041985
0.05985687 9.747093 -0.04070267 1.206135 1.763545 -0.656985
0.04070267 9.771035 0.0023942748 0.926135 2.673545 0.043015
