2.5139885 9.8548355 0.8786988 1.1270701 -1.6093 4.770955
2.6504622 9.833286 0.9074302 -0.72793 0.8057 5.7509546
2.4900458 9.93624 1.0391153 -3.00293 -1.5743 5.610955
2.5929997 9.924269 1.010384 -2.47793 -5.7743 2.740955
2.6552508 9.921875 0.9194015 -0.83292997 -9.2393 0.640955
2.4972286 9.890749 1.0223553 -1.14793 -8.1193 -1.109045
2.3751206 9.826104 1.2043202 -3.14293 -4.3743005 -3.419045
2.3320236 9.830893 1.2091088 -4.2279296 -0.8743 -5.099045
2.4541316 9.931452 1.1827718 -2.51293 -0.2093 -4.749045
2.5738454 9.98652 1.2234744 -0.41293 0.1057 -3.979045
2.5139885 10.194822 1.1899546 0.88207006 0.91069996 -3.9440448
2.578634 10.431855 1.4221992 2.28207 1.9957 -6.114045
2.6025767 11.142955 1.472479 2.49207 3.0107 -8.144045
1.8819 12.294601 1.4198049 2.21207 3.9557002 -8.319046
1.6927522 13.795812 1.9106313 0.81207 4.3057 -10.839046
2.5499027 15.124634 2.657645 -5.59293 6.6857 -13.359045
3.8547823 16.50613 3.4046588 -14.20293 11.1657 -10.524045
4.7693954 17.102304 3.5435266 1.9320699 16.5557 -15.739044
4.697567 16.961042 3.0742488 20.657068 13.8257 -37.089046
4.537151 16.685701 3.205934 33.607067 8.8557005 -58.82404
4.6329217 16.139807 3.0431232 43.967068 5.7407 -73.419044
4.4844766 14.961823 1.786129 57.23207 1.2957 -85.14404
3.921822 14.202838 0.679974 64.09207 -6.4043 -97.779045
3.258608 13.802995 0.06943397 59.08707 -11.7593 -110.48405
3.2873392 12.452623 -1.0151725 52.402073 -17.7793 -119.864044
3.5171897 10.364816 -1.7502149 41.202072 -25.6193 -123.01405
3.2466366 7.6018224 -2.4421604 11.87207 -24.5693 -127.59904
2.760599 5.90907 -1.6257126 -35.79793 -14.454301 -138.79903
0.9194015 4.331243 0.6368771 -86.86293 -1.1893 -149.01904
-0.81165916 3.205934 1.6544439 -116.122925 22.575699 -153.46405
-1.8603516 2.3128695 1.7119064 -115.352936 45.9207 -151.22403
-2.7222905 1.908237 1.9561225 -97.50293 51.100704 -147.54904
-3.1412885 1.5562786 1.8771114 -70.97293 41.5457 -139.28905
-3.79732 1.3264283 1.4581133 -40.24293 18.8307 -126.794044
-4.573065 1.1779832 1.0582695 -12.59293 -5.0393 -116.99405
-5.1859994 0.74701375 0.7996878 1.68707 -17.1493 -109.64405
-6.0479383 0.57223165 0.9720756 0.70707005 -11.1993 -102.11905
-7.082265 1.0678465 1.9441512 -9.89793 3.9557002 -91.79404
-6.9673395 1.0343267 2.700742 -20.88793 16.835701 -74.18905
-6.6417184 1.3024855 2.5858169 -21.272932 21.2457 -51.159046
-5.873156 1.6544439 2.3344178 -14.69293 23.135702 -25.434046
-5.025583 1.6975409 2.6025767 -16.23293 27.4407 -2.544045
-4.5347567 1.5778271 3.2969165 -31.142931 32.6907 13.380955
-4.896292 2.011191 4.4389853 -52.42293 41.1957 26.540956
-4.697567 1.8340145 5.31529 -67.26293 55.4407 38.650955
-3.9864676 1.324034 5.030371 -61.38293 71.43571 52.685955
-3.7661943 1.664021 4.4988422 -37.757927 73.7107 67.07095
-3.1580484 2.7462332 4.652076 -16.19793 65.1357 77.25596
-1.089395 3.0455174 4.1588554 -6.50293 61.215702 90.66095
1.0055954 3.040729 1.8531687 9.70207 76.6857 115.86095
0.8332076 3.5171897 -0.24421602 35.77707 98.49071 134.09596
-0.45251793 5.583449 1.3407938 42.28707 99.6807 131.85596
0.96489275 6.136526 1.2713599 14.28707 89.9507 116.735954
3.806897 6.0886407 -2.6648278 2.52707 102.9007 131.57596
2.9305923 6.098218 -3.921822 26.047071 111.5107 159.96097
0.011971374 8.147717 1.3288225 -46.962933 64.3657 129.58096
0.7398309 9.210775 2.0854135 -74.54293 91.5957 149.14595
3.8954852 9.26345 -1.2210802 -27.43293 108.92071 201.22595
7.4845033 9.134158 -3.6440864 14.147069 75.9857 219.56596
6.3903193 10.1541195 -0.5219519 -8.46293 22.4007 195.13596
6.0599093 11.897152 1.0678465 -54.38293 36.9257 191.49596
9.938635 12.6298 -0.27294734 -50.252934 86.4157 228.80595
13.556384 12.407132 -2.423006 -9.1629305 77.4557 245.39594
11.2914 12.914719 -1.786129 18.66207 34.4757 204.86595
7.678439 14.980977 -0.7685622 19.22207 20.720701 152.75095
10.896344 15.024075 -3.6919718 27.23707 37.3107 145.50597
11.748707 15.912351 -6.3759537 55.132072 48.6157 149.14595
11.1453495 16.451063 -6.447782 58.387074 32.3407 116.35096
10.386364 17.265116 -5.6361227 36.61707 11.4807005 78.025955
10.867614 18.184517 -7.4270406 26.047071 6.9657 56.080956
12.129396 17.370464 -9.608225 31.857067 1.1906999 46.665955
11.851661 13.786234 -9.289786 14.70707 -21.944302 28.710957
9.953 10.7479 -6.2538457 -34.22293 -35.4543 -9.334045
7.8556156 8.322499 -2.9377751 -80.84293 -36.1543 -47.729046
6.7638264 6.3975024 -2.0375278 -84.44793 -38.569298 -65.474045
6.8667803 6.3328567 -2.7246847 -51.37293 -58.239304 -63.02404
7.642525 5.954561 -3.4046588 -17.24793 -88.9693 -50.319046
7.429435 5.8180876 -3.6225379 -5.69793 -108.7093 -40.659046
7.412675 5.6935854 -3.3687446 -9.89793 -114.6943 -40.169044
7.683228 5.6504884 -2.5929997 -22.56793 -120.8893 -36.284046
8.006455 5.540352 -2.1213274 -37.65293 -124.52929 -29.564043
7.7167478 5.6504884 -1.8244374 -45.84293 -125.544304 -24.909044
7.3384523 6.1077952 -1.23784 -48.81793 -130.47931 -23.754045
7.5299945 6.426234 -0.73743665 -52.912933 -136.3243 -24.209045
7.860404 6.941003 -1.0415095 -52.94793 -137.82932 -22.179045
8.490098 7.74069 -1.4293821 -46.262928 -144.3743 -16.264044
8.466156 8.722343 -1.3048798 -45.177933 -148.78429 -8.109046
8.81572 8.945011 -0.16759923 -53.052933 -141.8543 -7.2340455
8.743892 8.763046 0.1987248 -59.947937 -132.1243 -16.019047
8.442213 8.43503 -0.21309046 -52.352932 -138.3893 -28.059046
7.2450757 8.224334 -0.16520496 -38.03793 -148.88931 -34.674046
6.768615 7.84125 0.54828894 -34.64293 -151.54929 -35.794044
6.938608 7.4174633 1.7669748 -45.98293 -151.3043 -32.784042
6.794952 7.249864 2.1811843 -58.057934 -153.8243 -24.314045
6.2777886 7.2881727 2.7582045 -54.52293 -157.6043 -16.789045
6.1125836 7.2881727 3.4190245 -52.87793 -150.0093 -14.724046
5.6169686 7.0439563 3.3208592 -40.557934 -136.7443 -9.614044
4.436591 7.2977495 3.4477558 -22.88293 -132.5443 -10.419045
4.130124 7.989695 3.2514253 -13.81793 -136.6743 -9.719045
4.7765784 8.293768 3.0239692 -12.73293 -131.3893 3.9659548
4.4677167 8.466156 2.935381 -12.66293 -115.5693 13.450955
4.0391417 8.279403 3.9936504 -20.46793 -110.5993 11.665956
3.9361877 8.667274 4.599402 -30.967932 -107.3443 12.400955
3.7829542 9.009656 4.2019525 -29.427929 -93.4143 18.525955
3.2011454 8.909097 4.3240604 -23.65293 -81.514305 19.855953
3.3998702 9.086273 5.157268 -30.617928 -78.7493 19.085957
4.3863115 9.167678 6.0311785 -41.74793 -68.5293 25.595957
4.515602 9.677659 6.038361 -39.75293 -50.4693 30.985956
4.3001175 10.077502 5.7989335 -25.857931 -36.1193 26.400955
4.6065845 10.56354 5.6002088 -14.937929 -26.319302 20.660955
5.2578273 11.6098385 4.896292 -10.317929 -16.9043 19.785957
5.499649 12.033626 4.2737803 -11.40293 -1.3643 19.995956
5.2267017 12.100665 4.9537544 -24.142931 23.2407 14.290955
5.147691 12.244322 6.244269 -42.13293 49.770702 4.630955
5.6361227 12.359246 5.95935 -40.20793 60.2357 -0.269045
6.1748347 12.440652 3.6871831 -12.73293 58.5557 -4.4690447
6.3711653 12.277842 2.3583608 11.87207 62.9657 -13.184045
5.949773 11.98574 2.7414446 9.31707 73.6407 -23.264044
5.8013277 11.76786 3.162837 -6.01293 84.70071 -32.924046
6.079064 11.152532 2.1883671 -8.56793 92.0157 -35.864044
5.830059 10.63058 1.5586729 1.5120701 95.900696 -37.54405
5.1285367 10.213976 1.2929084 7.9170704 99.2257 -43.844048
4.577853 10.312141 1.0510867 8.302071 99.2257 -51.754047
4.826858 10.149331 0.42378664 9.177071 99.7507 -53.399044
5.0998054 9.828498 -0.4166038 15.722069 101.9907 -46.539043
4.616162 9.668081 -0.9816527 23.912071 98.175705 -44.614044
4.35758 9.613013 -1.0917894 25.41707 93.31071 -51.264046
4.173221 9.093455 -1.2138973 20.13207 94.815704 -56.304047
3.2562137 8.504464 -1.3910737 16.49207 96.9507 -54.16905
3.1556542 8.245882 -1.4150164 14.427071 96.6707 -53.539047
3.2298768 7.982512 -1.8052832 9.87707 95.690704 -52.034042
2.604971 7.683228 -2.030345 7.9870696 91.8057 -46.294044
1.9154198 7.2618356 -2.0159793 12.25707 77.2807 -45.279045
1.5921928 7.125362 -2.1117504 11.66207 71.925705 -46.504044
1.7909175 7.352818 -2.8420043 15.05707 65.9057 -38.699047
1.541913 7.1947956 -3.6512692 22.89707 57.0157 -32.609043
0.5650489 6.838049 -3.3735332 22.40707 46.4807 -36.424046
-0.5219519 6.6249585 -3.0287576 16.142069 35.525703 -43.039043
-0.6105401 6.873963 -3.5674694 17.22707 25.830702 -38.244045
-0.3304099 6.9649453 -4.0367475 17.68207 22.4007 -22.039045
-0.5554718 7.0152254 -3.2011454 3.9620702 19.320702 -13.639045
-0.6081458 7.3169036 -2.1883671 -14.20293 18.8657 -10.839046
-0.44533512 7.82449 -1.4174107 -21.20293 14.8407 -5.449045
-0.11253092 8.284191 -1.0127783 -17.31793 11.515699 2.5309553
0.32801566 8.470944 -0.8092649 -9.75793 8.9607 6.520955
0.51955765 8.961771 -0.8547561 -0.16792999 1.0157 5.680955
0.39266106 9.2490835 -1.0032011 10.12207 -8.8543 2.2159553
0.15323359 9.28021 -0.8739103 11.207071 -12.2143 -1.004045
0.0670397 9.397529 -0.69673395 5.29207 -8.399301 -0.514045
0.16520496 9.574705 -0.2466103 -1.6729301 -3.4643002 3.545955
0.409421 9.567522 -0.071828246 -5.87293 -2.1342998 6.3109546
0.50040346 9.675264 0.08140534 -6.18793 -3.4293 6.170955
0.29210153 9.816526 0.27294734 -3.87793 -5.9493003 5.2959547
0.21309046 9.761458 0.3328042 -1.70793 -7.2443 2.705955
0.46209505 9.675264 0.08140534 -0.20293 -6.6843 2.1109552
0.4956149 9.735122 0.038308397 1.02207 -4.8643 3.930955
0.35914123 9.816526 0.27294734 -0.09793001 -4.2343 3.8959553
0.25379312 9.763853 0.5027977 -2.75793 -3.9193003 1.865955
0.14365649 9.852441 0.58420306 -3.8429303 -3.4643002 0.640955
0.36632404 9.962578 0.44294083 -1.4979299 -3.8493 0.95595497
0.52674043 9.993703 0.28970724 2.42207 -6.7542996 2.1459548
0.5219519 9.998491 0.18435916 3.50707 -7.5242996 1.8309549
0.51955765 9.943423 0.24421602 0.53207 -3.1843 2.0409548
0.76137936 9.682447 0.4166038 -3.5629299 -0.8393 2.740955
0.5650489 9.634562 0.6608198 -7.377929 -3.3943 1.5859551
0.32083282 9.708784 0.91461295 -10.70293 -3.4643002 -0.23404503
0.20590763 9.663293 1.0989721 -12.277931 -1.7143 -1.669045
0.25379312 9.785401 1.089395 -9.93293 -3.3243 -3.034045
0.2944958 10.005674 0.55786604 -3.4229298 -6.4043 -2.9290452
0.4932206 9.972155 0.105348095 10.052071 -5.0043 2.1459548
0.72785956 9.962578 0.14605077 5.9920697 -0.8743 2.810955
0.7326481 10.000886 0.24182175 1.68707 0.5257 2.495955
0.46209505 9.998491 0.35674694 0.25207004 1.6457 0.57095504
0.38547826 9.890749 0.14126222 1.2670699 1.5757 -1.109045
0.6201172 9.960183 0.12689656 1.30207 -0.4543 -0.164045
0.48843205 9.91948 0.34956414 -1.4629301 0.7007 0.780955
0.38787252 9.766247 0.5794145 -3.45793 2.9407 -0.164045
0.48124924 9.72315 0.43336374 -0.23792998 0.7007 -0.269045
0.54828894 9.77343 0.17238778 4.59207 -1.9592999 0.57095504
0.5602603 9.694419 0.22027329 4.90707 -0.8393 0.780955
0.4956149 9.593859 0.4166038 2.1770701 0.1057 -0.304045
0.28970724 9.577099 0.4189981 1.5120701 0.28070003 -0.514045
0.22985038 9.644139 0.3040729 3.64707 0.21069999 0.29095498
0.39266106 9.718362 0.22985038 5.01207 0.3507 1.095955
0.5027977 9.835681 0.038308397 5.01207 0.7357 2.180955
0.3998439 9.907509 -0.0670397 4.5220704 1.2607 2.8459551
0.4070267 9.8548355 -0.0071828244 2.66707 1.4007 2.2159553
0.42378664 9.830893 0.17717634 -0.44793 0.5607 1.760955
0.5027977 9.917087 0.3974496 -3.45793 1.2607 2.0759552
0.57223165 9.938635 0.38787252 -4.3679304 2.5557 2.775955
0.65842557 9.926663 0.11013664 -2.1279302 2.6957 3.020955
0.49800915 9.862018 0.117319465 0.63707 1.2957 2.285955
0.38308397 9.862018 0.2466103 0.18207 0.84070003 0.57095504
0.4956149 9.847652 0.28970724 -1.70793 2.1357 0.080955006
0.5027977 9.917087 0.19154198 -1.8129301 2.2057 1.2709551
0.5243462 9.842864 0.2777359 -0.44793 1.5057 1.620955
0.56265455 9.804555 0.45491222 0.81207 0.1057 0.60595495
0.6249057 9.8237095 0.26337022 2.59707 -1.2943 0.010954999
0.6296943 9.93624 0.05506832 5.32707 -0.9793 0.395955
0.7110996 9.842864 0.021548472 6.93707 -0.2443 0.500955
0.7350424 9.682447 0.009577099 5.60707 -0.7343 -0.619045
0.6608198 9.6585045 -0.009577099 3.26207 -0.2793 -1.9140451
0.82602483 9.624985 0.009577099 0.53207 0.7007 -3.034045
0.54350036 9.58907 0.22985038 -3.70293 1.3306999 -5.204045
0.22266756 9.555551 0.3974496 -8.77793 2.2407 -8.984045
-0.08140534 9.672871 0.59378016 -12.24293 3.3607001 -12.029045
0.08140534 9.732727 0.5770202 -12.172931 3.6057 -8.389045
0.05506832 9.864412 0.5889916 -9.93293 3.4657001 -4.399045
0.043096945 9.914692 0.531529 -6.85293 3.0807002 -1.214045
0.13886794 9.885961 0.39266106 -3.5629299 2.4857 1.3409549
0.2657645 9.91948 0.36632404 -2.82793 1.7507 2.775955
0.2657645 9.98652 0.50998056 -3.98293 2.6257 3.510955
0.39505535 10.024829 0.6081458 -3.7379303 3.2907002 4.000955
0.5985687 10.029617 0.5554718 -0.58792996 1.2607 4.1059556
0.72785956 10.039194 0.4285752 3.19207 -1.1193 3.020955
0.56744313 10.067925 0.32083282 5.25707 -1.6093 0.745955
0.45970076 9.960183 0.35435268 5.04707 -0.2093 -1.004045
