2.4349775 9.47654 1.5299416 -0.101185 -4.2082596 3.236905
2.5044115 9.557945 1.3455825 2.383815 -2.77326 5.476905
2.6241252 9.543579 1.1133378 2.733815 2.4417398 5.931905
2.6025767 9.469357 0.9960183 2.173815 4.47174 4.6369047
2.2841382 9.399923 1.0415095 1.9638151 0.27174002 0.71690506
2.0351336 9.349643 1.0726352 1.613815 -3.8232603 -3.168095
2.0327394 9.282603 1.1013664 0.38881502 -4.24326 -2.8880951
2.2123098 9.191621 1.1684061 -1.1161851 -1.19826 0.29690498
2.3679378 9.086273 1.2330515 -1.956185 1.00674 2.7469049
2.0518935 9.038387 1.324034 -1.676185 1.35674 2.1869051
1.9704882 9.033599 1.2713599 -0.031185 1.3217402 0.331905
2.1332989 9.057542 1.0798179 3.223815 -0.63826007 0.68190503
2.264984 9.158101 0.96489275 6.6188154 -4.06826 2.536905
2.3463893 9.237112 1.0223553 7.003815 -4.9432597 3.936905
2.2745612 9.531608 1.4102279 3.748815 -3.5782602 4.4619045
2.073442 10.460587 2.1883671 -1.781185 -3.01826 4.776905
1.9417568 11.569136 2.8276386 -6.576185 -4.10326 6.3519053
2.0518935 13.0966835 3.3232534 -7.5561852 -5.88826 9.221906
2.7582045 15.012103 4.565882 -8.396185 -7.28826 11.741905
2.954535 16.226 5.61218 -17.496185 -9.14326 16.081903
3.3424077 17.643412 7.0176196 -27.716185 1.4267399 15.941906
4.6736245 18.62267 7.2977495 -26.841185 23.40674 13.036906
6.201172 18.749565 5.403878 -2.271185 36.63674 7.5069056
6.7207294 18.285076 2.865947 85.85882 2.8617399 -26.373095
6.220326 17.202864 1.0726352 100.38382 -11.80326 -51.9231
5.516409 15.895591 0.55307746 86.41881 -9.98326 -72.7481
5.1812105 14.210021 -0.4956149 63.21381 2.5117402 -83.8081
4.702356 12.399949 -1.1348863 35.458817 17.24674 -86.5731
4.1373067 11.332103 -0.5243462 1.158815 34.11674 -90.17809
3.2705793 9.833286 -0.011971374 -27.471186 47.59174 -98.4031
2.638491 8.571504 0.22027329 -40.666187 51.651737 -105.19309
2.2003386 7.8891354 0.021548472 -39.406185 45.141743 -105.01809
1.541913 6.811712 -0.09577099 -36.536186 36.95174 -105.0531
1.3288225 5.2506447 0.37350687 -40.841187 30.72174 -106.453094
0.888276 4.398283 0.22266756 -44.411182 24.24674 -105.9631
0.1699935 3.9529476 -0.15083931 -42.346188 25.40174 -101.8331
-0.18196489 2.9617178 0.44533512 -42.486183 25.99674 -99.13809
-0.6105401 2.1548474 0.7853221 -44.481186 19.55674 -98.8931
-1.0702409 2.1835787 1.3216397 -39.511185 9.09174 -95.9881
-2.1069617 1.8938714 0.8667275 -30.026184 0.44674 -91.6131
-2.3152637 1.1636176 0.7972935 -23.796185 1.98674 -87.063095
-2.762993 0.6608198 0.88588166 -27.856186 9.931741 -78.9081
-3.981679 0.5650489 0.7446195 -37.481186 23.72174 -66.938095
-4.853195 0.4860378 1.541913 -51.901184 40.80174 -53.813095
-5.6792197 0.11013664 2.8084843 -70.941185 59.17674 -39.498096
-5.6409116 -0.15562786 4.168432 -80.566185 70.79674 -24.798094
-5.3296556 0.2849187 3.9936504 -70.136185 68.241745 -3.2730951
-4.800521 0.7948992 2.743839 -45.041187 64.21674 22.381905
-4.2378664 1.7143008 2.9329867 -30.166185 73.07174 45.516907
-3.4046588 1.4772675 3.8523881 -36.221188 83.32674 58.676907
-2.8539755 1.7095122 4.695173 -44.726185 85.076744 61.161907
-1.8220432 2.5762396 4.122941 -37.691185 78.671745 64.76691
-1.4868447 3.5267668 3.222694 -17.286184 70.48174 74.46191
-1.7502149 3.6536634 3.8021083 -3.1461852 66.106735 82.1619
-1.8411974 4.3599744 5.3440213 -9.796185 65.47674 85.20691
-0.105348095 5.054314 4.4988422 -18.406185 68.73174 100.8169
2.6624336 6.177229 1.9273912 -6.296185 77.16674 136.34192
4.11097 7.6473136 2.3392065 13.688816 80.42174 170.1519
3.7925313 7.695199 4.5706706 3.7838151 74.61174 172.7769
4.9274178 8.58587 4.537151 -30.796186 85.39174 159.58191
7.3025384 10.005674 1.3695252 -5.561185 80.77174 179.42691
6.7662206 10.743111 2.5307484 -6.226185 72.16174 170.32692
5.0231886 9.60583 7.16367 -37.901188 69.57174 130.11191
5.856396 10.343267 7.439012 -24.706186 63.411743 113.34691
8.834874 10.807756 2.0064023 45.013817 52.91174 136.5519
9.227535 12.162916 -0.32801566 92.893814 44.231743 147.99689
7.240287 12.122213 3.3687446 74.30881 41.29174 120.62691
5.8947043 14.19805 4.4749 53.238815 53.99674 100.9919
8.789383 14.530854 -1.7047237 95.02881 84.201744 121.991905
11.190841 14.8516865 -6.873963 149.45381 84.69174 139.5969
10.656918 14.77507 -6.2921543 144.30882 60.96174 115.3069
8.509253 14.79183 -3.6871831 94.74882 44.441742 77.1219
8.763046 14.315369 -4.271386 58.803818 51.89674 59.236904
9.069513 13.417516 -5.4302154 53.098816 51.96674 57.311905
7.573091 12.519663 -4.6903844 45.398815 34.921738 39.601906
6.280183 11.6649065 -3.397476 23.068815 24.10674 13.911905
6.759038 10.958596 -4.1181526 9.138815 20.57174 4.356905
7.046351 10.173274 -5.195576 12.218816 13.95674 6.001905
6.7734036 9.289786 -5.3727527 13.338816 3.21174 0.43690503
5.9617443 8.712766 -4.7262983 3.223815 -9.45826 -12.968095
5.569083 8.032792 -4.245049 -10.6711855 -21.393261 -24.028097
5.322473 7.6880164 -3.8116856 -20.961185 -28.49826 -24.518095
5.0854397 7.4533772 -3.0766432 -29.326185 -32.34826 -21.158094
5.3081074 7.290567 -2.4062462 -35.101185 -39.488262 -21.018095
6.136526 7.26423 -2.892284 -29.606186 -56.25326 -21.823095
6.4334164 7.082265 -3.842811 -18.091183 -70.673256 -21.718096
5.5619006 6.998465 -3.7087317 -13.436186 -77.91826 -22.628094
5.2674046 6.9553685 -2.2985039 -22.711185 -81.908264 -27.143095
5.6504884 6.9840994 -2.1668186 -32.021187 -94.018265 -30.853094
5.3919067 6.943397 -3.6488748 -26.911184 -110.923256 -30.643097
5.4326096 7.108602 -2.4948344 -21.206184 -114.73826 -27.353096
5.583449 7.269018 -1.175589 -35.906185 -116.033264 -23.153095
5.8156934 7.5443597 -1.5371244 -45.251186 -131.39827 -23.888094
6.246663 7.735902 -2.073442 -37.936184 -142.80826 -19.688093
6.1628633 7.8388557 -1.2210802 -37.761185 -138.88826 -7.9280953
6.342434 8.190814 0.0071828244 -51.446186 -133.00826 -0.718095
6.9505796 8.442213 -0.16041641 -58.55118 -135.98326 -0.053095
7.0511394 8.408693 -0.21069619 -53.721188 -133.25327 2.7819052
6.282577 8.18842 0.2466103 -52.531185 -129.89328 -2.013095
5.8875217 8.456578 0.70870537 -46.196182 -133.42827 -8.453095
6.1030064 8.624178 -0.062251143 -34.576183 -140.46326 -9.153095
6.012024 8.801354 -0.20351335 -29.326185 -139.16826 -6.598095
6.079064 8.686429 0.117319465 -36.816185 -134.09326 -4.603095
6.1269493 8.566715 0.15323359 -42.661182 -128.98326 -2.748095
6.261029 8.348836 -0.13886794 -41.821182 -129.05325 -0.963095
5.9976583 8.300951 0.82123625 -43.78119 -135.28326 1.066905
5.8156934 8.56911 1.1923488 -50.851185 -132.86826 1.9069052
6.035967 8.710372 0.9313729 -50.991184 -124.573265 3.586905
5.856396 8.801354 1.403045 -46.161186 -122.61326 3.586905
5.751048 9.213169 2.6839821 -48.261185 -125.48325 5.966905
6.2921543 9.435837 2.8587642 -51.446186 -112.00826 11.146906
5.5954204 9.356826 1.1540405 -33.771187 -90.063255 8.906905
5.786962 9.37598 0.9026416 -8.7111845 -92.478264 -3.3080952
4.7262983 9.378374 1.0846065 -1.711185 -108.57826 -10.903095
4.3695517 9.270632 1.2689656 -6.576185 -113.408264 -4.358095
5.1883936 9.033599 1.2138973 -17.356186 -103.22326 6.3869047
5.8252707 8.940222 2.1069617 -28.311186 -93.38826 17.936905
4.9968514 8.8085375 3.962525 -38.986187 -91.25326 17.971905
4.455745 8.8324795 3.9050622 -37.306187 -87.78826 7.996905
4.1612496 9.035994 2.2338583 -14.101185 -79.38826 0.71690506
4.350397 8.973742 1.7573977 10.433816 -79.45826 -0.088095
4.393494 9.050359 2.7318676 7.668815 -84.42826 3.516905
4.12773 9.39274 3.46691 -12.666185 -76.06326 4.9519053
3.6536634 9.668081 3.5315554 -20.506186 -57.89826 3.796905
3.849994 9.5244255 4.5706706 -16.096184 -50.65326 5.3019047
4.3408203 9.897932 5.0998054 -15.291185 -57.61826 7.331905
5.2937417 10.822123 3.5219781 -8.781185 -52.508263 10.691905
6.1125836 11.004087 2.2841382 9.873816 -43.68826 16.011906
5.7127395 10.700014 2.6528566 12.288815 -43.86326 17.796906
4.2019525 10.211582 3.9074564 -11.091185 -29.33826 9.781905
3.6392977 9.727939 4.1947694 -34.296185 -3.85826 -1.488095
3.476487 9.715967 4.5970078 -38.63619 12.45174 -5.5130954
4.1540666 10.13736 4.3791285 -29.781185 14.20174 -3.8330953
4.896292 10.68086 3.6704233 -16.761185 15.811739 1.066905
5.0160055 10.841276 2.719896 0.738815 40.206738 4.566905
4.5682764 10.984933 2.4684973 -0.206185 53.08674 -8.278094
4.781367 10.915499 2.3990633 -5.421185 61.38174 -9.258095
5.3248672 11.10704 1.9680939 -8.011186 68.76674 -7.333095
5.4230323 10.951413 1.5778271 -7.9061856 74.89174 -10.903095
5.0638914 10.599455 1.6855695 -9.166184 82.03174 -19.968096
4.565882 10.259467 1.9489397 -8.641186 89.451744 -26.583094
3.9840732 9.998491 1.2761484 -0.27618504 92.601746 -28.718094
3.8380225 9.866806 0.6440599 13.198814 88.33174 -25.988094
4.9178405 9.8787775 -0.023942748 21.318815 82.80174 -19.863094
5.339233 10.146936 -0.7996878 23.488813 84.44674 -15.663095
4.5970078 10.046377 -0.5506832 19.848814 90.676735 -25.323093
4.0343533 9.61062 -0.39266106 15.543815 90.81674 -38.483097
3.921822 9.608225 -0.9720756 19.533815 84.55174 -42.788097
3.842811 9.747093 -1.9417568 29.683815 79.26674 -41.003098
3.2466366 9.419077 -1.8603516 31.328814 74.68174 -44.503094
3.0814316 9.071907 -1.6975409 21.108816 72.30174 -49.403095
2.8180614 9.47654 -2.047105 16.698814 70.37674 -45.658096
2.4780743 9.751882 -2.0279508 19.393814 66.771736 -39.113094
3.0527003 9.198804 -2.281744 17.503815 62.04674 -35.193096
3.4357843 8.4781275 -2.640885 11.168815 58.161743 -32.568092
2.6504622 8.118986 -1.7981004 2.208815 54.13674 -34.773098
1.1947432 7.233104 -0.84039044 -8.606185 52.421738 -41.878098
0.4285752 6.6249585 -1.3144568 -10.881186 56.13174 -44.1181
0.71828246 6.2155375 -2.6241252 3.608815 53.926743 -36.908096
1.7645805 6.56989 -3.6871831 23.243816 37.51174 -24.623095
1.3910737 6.768615 -3.1843855 28.108816 22.00674 -17.238094
0.32801566 7.041562 -2.17879 15.123815 19.486742 -24.378096
0.2777359 7.082265 -1.7286664 2.873815 20.04674 -29.033094
0.5698374 7.4222517 -1.9537282 -0.66118497 17.17674 -23.363096
0.7709565 7.9418097 -1.7382435 2.3138149 12.24174 -15.313094
0.67279124 8.178843 -1.1037607 1.543815 8.91674 -12.163095
0.3902668 8.61939 -0.8092649 -4.511185 8.98674 -12.688095
0.46927786 8.854029 -0.77574503 -7.3811855 10.28174 -9.608095
0.50040346 8.91628 -0.93616146 -5.421185 8.811741 -3.903095
0.3423813 9.119793 -0.7781393 -2.306185 5.73174 0.366905
0.4932206 9.407105 -0.54350036 -0.976185 3.52674 2.0819051
0.43575802 9.478934 -0.6105401 0.633815 -1.68826 2.711905
0.35435268 9.751882 -0.77574503 1.7538149 -0.49826 3.236905
0.68715686 9.890749 -0.32801566 0.073815 -4.2082596 5.721905
0.87630457 9.950606 -0.035914123 -3.286185 -3.50826 6.841905
1.0391153 10.084685 -0.117319465 -2.656185 -3.12326 7.331905
1.0678465 10.099051 -0.052674048 -0.171185 -4.69826 5.931905
0.9912298 9.833286 0.21548474 -1.361185 -4.27826 2.886905
1.0774237 9.883567 0.23463893 -2.306185 -4.9432597 1.556905
1.0199611 9.924269 0.090982445 -0.171185 -6.72826 1.346905
1.0534809 9.842864 0.18435916 0.458815 -4.10326 0.016905
1.0151725 9.742304 0.35914123 -1.8861852 -1.37326 -2.153095
0.9481328 9.91948 0.25379312 -0.906185 -1.4432601 -4.848095
0.8930645 9.897932 0.13168511 3.223815 -6.30826 -7.2980947
0.8332076 9.828498 0.076616794 5.393815 -11.27826 -10.238095
0.84278476 9.881172 0.038308397 4.133815 -12.433261 -9.468096
0.82602483 9.921875 0.06943397 1.7188151 -9.423261 -5.758095
0.8547561 9.835681 0.38787252 -3.6361852 -1.58326 -1.698095
0.8667275 9.833286 0.4764607 -9.656185 4.68174 0.22690499
0.86193895 9.797373 0.31365 -8.046185 3.35174 0.366905
0.65124273 9.771035 0.36392978 -2.726185 -1.33826 -1.0680951
0.4860378 9.672871 0.2849187 0.108815 -3.4732602 -3.133095
0.67757976 9.737515 0.057462595 0.983815 -2.80826 -2.538095
0.7637737 9.797373 -0.021548472 1.8588151 -3.19326 0.051905002
0.50040346 9.656111 0.35435268 1.158815 -2.9832602 1.066905
0.5602603 9.620196 0.41420954 -2.096185 0.93674004 0.331905
0.8930645 9.761458 0.08619389 -0.976185 3.38674 2.8519049
0.96489275 9.73991 -0.0047885496 2.6638153 2.65174 5.966905
0.8475733 9.761458 0.35435268 0.318815 2.12674 4.916905
0.8667275 9.830893 0.4070267 -4.3011847 1.70674 3.061905
0.888276 9.890749 0.26337022 -3.7761848 1.0417401 2.676905
0.89545876 9.811738 0.31843856 -0.101185 0.06174 2.291905
0.98404694 9.871595 0.22027329 0.108815 -0.18326001 1.311905
1.0534809 9.979338 0.21787901 -0.27618504 1.21674 1.9069052
0.7398309 9.921875 0.25379312 0.24881499 0.27174002 1.311905
0.7134939 9.866806 0.057462595 0.738815 0.55174 -2.468095
0.89067024 9.950606 -0.14844504 1.7538149 -0.07826 -0.298095
0.7996878 9.864412 -0.031125572 -0.696185 1.00674 -0.088095
0.69673395 9.761458 0.10774237 -4.441185 3.1067402 -1.138095
0.8284191 9.754275 0.13168511 -5.3861847 1.46174 -0.788095
0.88588166 9.744699 0.13168511 -4.546185 -1.37326 -0.543095
0.74701375 9.672871 0.37350687 -5.7361856 -0.74325997 -2.083095
0.6895511 9.553157 0.57462597 -6.961185 0.27174002 -2.8880951
0.7326481 9.648928 0.5458947 -4.931185 0.09674 -1.348095
0.73743665 9.6896305 0.4166038 -1.711185 -0.53326005 -0.088095
0.76616794 9.646533 0.38308397 -0.171185 -0.98826 0.156905
