1.3 9.78 0.84999996 8.021409 -1.1459155 4.0107045
0.48999998 9.69 -1.1899999 -0.57295775 -9.740283 6.8754935
0.90999997 9.37 -0.31 -4.0107045 -21.772396 9.740283
1.62 9.389999 1.0799999 5.7295775 -18.334648 6.8754935
1.43 9.59 0.42999998 13.750987 -13.178029 5.7295775
1.4699999 9.679999 -0.78 5.15662 -8.594366 1.1459155
1.04 9.45 -0.35999998 -2.291831 -5.7295775 0.57295775
0.95 9.34 0.26999998 0.57295775 -5.7295775 5.15662
1.0 9.2 0.14999999 0.0 -5.15662 7.448451
1.2099999 9.16 -0.26999998 -4.583662 -1.7188734 6.8754935
0.82 8.99 0.06 0.0 -2.8647888 8.594366
0.9 9.309999 0.96 11.459155 -9.167324 9.740283
0.77 9.41 0.65 7.448451 -4.0107045 11.459155
-1.14 10.04 0.57 -1.1459155 -1.1459155 16.042818
-2.45 11.759999 2.19 -1.7188734 9.740283 33.231552
-2.33 14.9 3.1699998 5.15662 16.615776 52.712116
0.29 18.43 3.9599998 13.178029 0.57295775 54.43099
4.19 23.529999 6.35 27.501974 -16.615776 33.231552
8.349999 26.51 6.6099997 24.064226 18.907606 -46.98254
8.5 26.25 5.69 14.896902 48.701412 -93.39212
6.81 23.99 6.2799997 34.950428 50.993244 -117.456345
6.22 21.27 6.58 71.61973 41.25296 -131.20734
7.68 18.289999 4.62 84.22479 40.680004 -146.67719
7.5499997 14.429999 -0.06 55.576904 47.555496 -153.55267
7.58 9.96 -2.95 10.31324 71.04677 -167.30367
2.9099998 3.21 -2.6499999 16.615776 53.858032 -158.13635
1.89 1.18 -3.6999998 20.62648 26.929016 -138.65578
1.54 -0.9 -5.0499997 4.0107045 28.07493 -129.48846
-0.13 -2.03 -4.99 -22.345354 38.38817 -116.31043
-1.75 -2.56 -3.75 -35.523384 37.815212 -92.81916
-2.28 -3.0 -3.52 -42.398876 29.220846 -62.4524
-2.44 -3.3899999 -3.48 -46.40958 21.772396 -46.40958
-3.1399999 -3.1 -2.24 -48.701412 16.042818 -25.7831
-3.01 -2.75 -1.1899999 -58.441692 20.62648 -7.448451
-2.74 -2.6 -0.38 -67.60902 27.501974 6.3025355
-2.97 -2.24 1.24 -62.4524 26.929016 20.053522
-3.26 0.0 5.17 -28.07493 32.085636 38.961132
-1.53 1.64 4.7799997 -11.459155 46.40958 42.398876
-0.81 2.3999999 4.08 -28.07493 33.80451 59.58761
-0.32 2.37 4.71 -62.4524 46.40958 69.900856
-1.48 4.75 7.8399997 -76.203384 66.463104 83.65183
0.29 6.45 8.01 -87.089584 81.93296 99.69466
4.89 6.3599997 7.52 -104.85127 105.997185 77.349304
3.4499998 7.54 8.849999 -88.80846 128.9155 79.641136
2.19 8.41 8.389999 -56.14986 144.95831 96.829865
4.29 9.2 5.2599998 -45.263664 148.39606 99.69466
4.96 9.55 2.33 -55.00395 146.67719 99.69466
3.6399999 11.08 0.9 -64.17127 144.38536 111.72677
5.5299997 16.6 -0.06 -47.555496 134.07211 118.60226
7.5499997 17.26 -2.1599998 -34.377464 117.456345 92.81916
4.38 17.9 -2.32 -17.188732 99.69466 75.630424
3.76 18.539999 -1.81 10.31324 78.49522 78.49522
4.99 18.84 -4.1 28.64789 73.33859 75.057465
4.37 18.949999 -5.74 20.053522 50.420284 53.285076
4.22 19.47 -5.3399997 18.907606 20.053522 36.09634
5.98 18.539999 -5.46 12.032113 9.167324 12.032113
6.66 16.529999 -5.74 -10.31324 4.0107045 -9.740283
3.8 13.75 -4.98 -14.896902 -2.8647888 -10.886198
1.7199999 12.55 -2.6699998 14.323945 -22.91831 2.291831
3.31 11.78 -2.52 55.576904 -43.544792 -8.594366
5.0499997 10.58 -5.38 54.43099 -59.58761 -22.345354
3.7099998 9.469999 -5.74 42.971836 -68.75493 -22.345354
3.1499999 8.849999 -5.85 25.7831 -81.36001 -10.886198
4.13 8.3 -5.97 4.0107045 -95.11099 -4.0107045
5.0699997 7.75 -5.35 -14.323945 -106.57015 -0.57295775
5.43 7.3799996 -3.4399998 -10.886198 -129.48846 -1.7188734
4.97 7.5299997 -1.66 16.615776 -140.94762 -1.1459155
5.7999997 7.58 -1.4399999 36.09634 -150.11493 -2.8647888
5.97 6.6499996 -2.1699998 32.085636 -149.54198 -2.8647888
4.0299997 6.3599997 -1.52 19.480566 -151.8338 13.178029
3.27 7.5899997 -0.14 18.334648 -161.00114 32.658592
5.49 7.89 0.31 23.49127 -157.5634 28.07493
4.94 8.21 -0.45999998 4.0107045 -163.29297 32.085636
5.0099998 8.69 1.31 -13.178029 -161.00114 32.085636
5.58 7.8999996 2.33 -16.042818 -156.41748 34.950428
5.24 8.28 3.4199998 -16.615776 -151.8338 40.107044
5.27 9.639999 4.8199997 -20.62648 -146.67719 38.961132
5.3399997 10.2699995 5.83 -16.615776 -124.33183 25.7831
4.99 9.62 6.12 1.1459155 -117.456345 26.356058
3.83 9.849999 6.19 12.605071 -109.43494 30.366762
3.79 10.83 5.49 2.8647888 -96.256905 26.356058
3.76 11.04 4.72 -12.605071 -81.93296 20.053522
3.6499999 10.559999 5.0699997 -13.178029 -75.057465 21.199438
3.72 11.83 5.65 -6.3025355 -64.17127 9.167324
2.62 11.41 5.14 -8.594366 -46.98254 2.8647888
2.05 10.98 5.5099998 -5.15662 -39.53409 8.021409
2.4099998 11.8 5.93 6.8754935 -30.939718 11.459155
3.29 12.74 4.75 9.167324 -21.772396 2.291831
3.05 12.719999 3.6999998 -1.1459155 -13.750987 -9.167324
2.23 12.91 4.58 -3.4377468 -5.7295775 -10.886198
2.53 13.59 4.99 -4.0107045 6.3025355 -17.188732
3.04 13.88 4.21 -14.896902 20.053522 -29.220846
2.76 13.809999 3.6799998 -16.615776 24.064226 -37.815212
2.8 13.65 4.6 -1.1459155 25.7831 -42.398876
3.46 13.62 4.47 9.740283 39.53409 -53.285076
3.01 12.45 1.76 -5.7295775 52.712116 -64.17127
3.07 11.78 2.03 -8.021409 57.29578 -65.890144
3.1899998 10.91 1.4399999 -2.291831 62.4524 -68.18198
3.26 9.73 0.099999994 0.0 58.441692 -70.47381
2.59 8.47 -0.94 0.0 56.72282 -69.32789
1.9699999 7.5499997 -1.4599999 -1.1459155 56.14986 -60.733524
1.52 6.8399997 -2.21 -10.31324 54.43099 -45.83662
1.5999999 6.24 -2.76 -16.042818 41.825916 -40.680004
2.02 6.0499997 -2.48 -10.31324 33.80451 -39.53409
1.81 5.7799997 -2.11 1.1459155 36.669296 -36.669296
1.0699999 5.6299996 -2.09 7.448451 33.80451 -30.366762
0.42 5.3599997 -2.09 15.469859 25.210142 -16.042818
0.38 6.2 -2.1299999 17.188732 22.345354 -8.594366
0.69 6.64 -2.72 10.31324 18.907606 -6.8754935
0.45 7.0899997 -2.3999999 6.3025355 14.896902 -6.8754935
0.39 7.5299997 -1.9799999 9.167324 9.740283 -5.15662
0.42 7.66 -2.4199998 8.594366 8.021409 -2.291831
0.22999999 7.75 -2.4299998 -7.448451 5.7295775 0.0
-0.19999999 7.91 -1.8 -12.605071 2.291831 5.7295775
-0.17 7.91 -0.9 -5.15662 3.4377468 10.886198
0.12 8.61 -0.48 2.8647888 1.7188734 13.178029
0.39999998 9.34 -1.03 5.15662 -5.7295775 13.178029
0.77 9.7699995 -1.48 1.1459155 -9.740283 9.740283
0.53 9.86 -1.05 0.0 -9.740283 12.605071
0.66999996 10.65 0.0 2.8647888 -8.021409 14.323945
1.1899999 11.01 -0.24 2.291831 -4.583662 11.459155
1.36 11.179999 -0.17 1.7188734 -5.7295775 2.8647888
0.88 10.96 -0.04 6.8754935 -7.448451 -3.4377468
0.29999998 10.639999 -0.21 9.740283 -8.021409 -2.291831
0.32999998 10.349999 -0.53999996 1.1459155 -8.021409 0.0
0.44 10.219999 -0.28 -1.7188734 -8.021409 -0.57295775
0.62 10.23 0.16 -0.57295775 -7.448451 -2.291831
0.75 10.099999 0.56 1.1459155 -4.0107045 -4.583662
0.44 9.969999 0.71 2.8647888 0.0 -4.0107045
0.28 9.69 0.26999998 1.7188734 -0.57295775 -4.0107045
0.16 9.25 -0.17 -2.291831 -1.1459155 -0.57295775
0.71999997 9.65 0.76 1.7188734 0.57295775 -3.4377468
0.45 9.73 0.39999998 6.3025355 1.7188734 -6.3025355
0.12 9.46 -0.22999999 1.7188734 2.291831 -6.3025355
-0.13 9.29 -0.099999994 -3.4377468 2.291831 -4.0107045
0.02 9.389999 0.47 0.57295775 4.0107045 -1.1459155
0.12 9.55 0.47 12.032113 4.0107045 -2.291831
0.17 9.69 -0.19999999 7.448451 2.291831 -2.291831
0.45999998 9.679999 -1.04 -5.15662 2.291831 -5.15662
0.29999998 9.59 -0.76 -13.178029 2.8647888 -4.583662
-0.03 9.469999 0.06 -11.459155 3.4377468 -0.57295775
0.19999999 9.44 0.56 -5.15662 5.7295775 0.0
0.71 9.5199995 0.53999996 9.167324 6.8754935 -2.8647888
0.19 9.469999 -0.32 10.31324 8.021409 -2.8647888
0.02 9.48 -1.02 0.57295775 6.8754935 -1.1459155
0.08 9.41 -0.71 -5.7295775 8.021409 -0.57295775
0.07 9.38 -0.17 0.0 6.3025355 0.0
0.01 9.4 -0.32 8.021409 4.0107045 1.7188734
0.45 9.55 -1.06 0.57295775 0.57295775 0.57295775
0.47 9.62 -1.0799999 -6.3025355 2.8647888 0.0
0.049999997 9.599999 -0.39999998 -4.0107045 2.291831 2.291831
0.049999997 9.58 0.099999994 4.583662 0.57295775 3.4377468
0.42999998 9.61 -0.049999997 10.31324 -1.1459155 2.291831
0.72999996 9.9 -0.58 5.15662 0.0 -0.57295775
0.16 9.78 -0.78 -9.167324 -0.57295775 -0.57295775
-0.04 9.55 -0.13 -8.594366 0.0 1.1459155
0.28 9.599999 0.32 -0.57295775 -1.7188734 3.4377468
0.59999996 9.719999 0.02 5.7295775 0.0 1.7188734
0.45999998 9.74 -0.38 6.8754935 -0.57295775 -0.57295775
0.32 9.67 -0.44 4.583662 -1.7188734 -0.57295775
0.19999999 9.67 -0.62 -0.57295775 -0.57295775 1.1459155
0.19 9.719999 -0.71 -5.7295775 -1.1459155 1.7188734
0.26999998 9.7 -0.26 -2.8647888 -2.8647888 1.1459155
0.45999998 9.63 0.01 0.0 -4.583662 0.57295775
0.61 9.54 -0.02 -1.1459155 -1.7188734 -0.57295775
0.32 9.51 0.06 0.0 -0.57295775 0.57295775
0.16 9.46 0.35999998 5.7295775 -2.291831 4.0107045
0.56 9.65 -0.14 7.448451 -2.291831 4.0107045
