1.8399999 11.099999 0.22999999 29.793804 -40.680004 3.4377468
1.79 11.49 0.93 17.188732 -43.544792 4.583662
2.28 12.83 2.78 4.583662 -28.07493 8.594366
3.21 14.099999 2.21 17.761692 -0.57295775 5.7295775
3.61 14.17 2.1499999 17.188732 3.4377468 0.0
3.46 13.469999 3.06 14.323945 9.740283 -16.615776
1.9699999 13.509999 4.33 15.469859 10.31324 -26.356058
1.52 14.4 3.6799998 30.939718 8.594366 -30.366762
3.1599998 14.44 1.78 41.825916 7.448451 -20.053522
4.66 14.349999 1.63 25.7831 23.49127 -16.042818
4.54 13.98 2.9399998 -2.8647888 41.25296 -32.085636
3.28 12.219999 2.4199998 -6.3025355 38.961132 -71.61973
2.1 11.309999 2.55 -0.57295775 48.701412 -81.36001
1.26 11.53 2.98 5.7295775 59.58761 -81.36001
2.48 11.84 1.5699999 29.220846 55.00395 -70.47381
3.24 11.599999 -0.35999998 49.84733 40.107044 -66.463104
2.81 11.17 -1.73 40.680004 46.40958 -85.37071
1.53 10.15 -1.86 25.7831 50.993244 -89.38142
0.91999996 9.98 -0.75 9.167324 56.14986 -92.24621
0.53 9.71 0.5 -4.0107045 50.993244 -87.662544
1.9799999 8.139999 -1.52 3.4377468 41.825916 -81.36001
1.42 6.5499997 -1.65 1.1459155 34.950428 -74.48451
0.77 6.08 -0.79999995 -21.199438 53.858032 -84.22479
-1.26 5.13 -0.02 -22.91831 65.890144 -90.52733
-1.41 4.77 -0.59999996 -12.605071 61.879436 -89.38142
-1.9799999 4.21 -2.33 16.042818 49.27437 -73.91155
-2.6299999 4.06 -1.5899999 5.7295775 50.993244 -65.890144
-3.27 4.45 -1.24 -8.021409 52.139156 -60.160564
-2.9399998 3.46 -2.72 -1.7188734 55.576904 -40.107044
-2.76 2.96 -3.06 -9.167324 53.858032 -32.085636
-4.11 2.95 -1.16 -36.669296 53.285076 -25.210142
-4.47 3.3899999 0.13 -50.993244 49.27437 -19.480566
-4.39 4.22 0.049999997 -45.263664 43.544792 -12.605071
-3.02 3.75 -1.68 -19.480566 36.669296 19.480566
-3.0 3.77 -1.5699999 -35.523384 43.544792 27.501974
-3.4099998 4.17 -0.06 -52.139156 44.69071 30.939718
-3.27 5.0899997 0.76 -50.420284 40.680004 40.107044
-1.74 5.39 0.25 -49.27437 34.950428 53.285076
-1.4699999 4.8399997 -0.04 -55.576904 36.09634 54.43099
-1.8499999 5.5299997 1.91 -70.47381 57.868736 49.84733
-1.55 6.97 3.07 -65.890144 60.160564 53.858032
0.96999997 7.8599997 0.96 -40.680004 56.72282 63.02536
0.0 6.77 -2.06 -33.80451 72.19268 56.14986
-2.12 7.21 1.8 -79.06818 99.69466 44.69071
-3.6499999 9.12 4.85 -99.69466 80.21409 41.825916
0.89 9.36 3.08 -63.598316 49.84733 75.630424
2.54 8.32 -0.06 -37.242256 43.544792 90.52733
-0.7 9.03 3.04 -76.203384 60.733524 70.47381
-0.58 10.66 6.33 -98.54874 56.72282 65.317184
3.82 10.28 3.99 -56.72282 34.950428 87.662544
3.82 10.28 3.99 -56.72282 34.950428 87.662544
-0.13 11.389999 5.5499997 -64.17127 48.701412 57.868736
3.01 12.44 4.44 -45.83662 25.7831 76.77634
3.01 12.44 4.44 -45.83662 25.7831 76.77634
3.8 9.95 -0.42999998 -16.615776 36.09634 75.630424
-2.21 10.809999 5.19 -63.598316 44.69071 49.27437
-2.2 13.38 8.83 -99.1217 55.576904 73.91155
4.72 12.7 4.88 -67.60902 48.701412 108.86198
4.8599997 13.65 2.8 6.8754935 41.25296 78.49522
2.77 14.91 3.83 10.31324 30.366762 60.160564
3.4199998 14.29 1.5899999 17.761692 21.772396 52.139156
3.08 13.719999 -0.44 18.907606 26.929016 49.84733
2.76 13.719999 1.8499999 -35.523384 26.929016 34.377464
3.07 13.41 2.08 -43.544792 15.469859 31.51268
3.1899998 12.809999 2.27 -44.69071 6.3025355 28.64789
2.8999999 11.809999 2.06 -24.064226 3.4377468 16.615776
3.1999998 11.62 0.96 13.178029 4.583662 12.605071
3.27 11.13 -0.14 29.793804 -10.886198 12.605071
3.03 11.09 -0.72999996 34.377464 -17.761692 10.886198
3.0 10.62 -1.03 30.939718 -22.345354 4.0107045
3.76 10.63 -1.01 25.210142 -24.637184 2.291831
4.42 10.179999 -0.90999997 12.032113 -31.51268 2.8647888
3.47 9.79 -0.31 2.291831 -38.961132 -5.7295775
3.03 9.75 0.14 -2.8647888 -49.84733 -18.907606
3.58 9.62 -0.14 1.7188734 -64.74423 -18.334648
4.0899997 9.45 -0.38 6.8754935 -73.33859 -18.334648
4.17 9.05 0.13 -9.167324 -79.641136 -18.907606
4.0899997 9.03 2.03 -19.480566 -80.21409 -22.91831
4.66 8.929999 2.46 -4.0107045 -85.94367 -26.356058
4.5099998 8.5199995 1.7099999 14.896902 -90.52733 -30.366762
3.6399999 8.2 1.17 9.167324 -95.68395 -32.658592
3.72 8.65 2.84 -14.323945 -88.80846 -32.658592
4.0299997 8.559999 2.76 -20.62648 -81.36001 -26.929016
4.0 8.11 2.9099998 -8.021409 -69.900856 -26.356058
3.09 9.099999 2.58 17.188732 -71.04677 -34.377464
3.73 10.219999 2.06 44.69071 -91.67324 -20.053522
4.2799997 9.54 -0.41 48.701412 -107.716064 -8.021409
4.14 9.12 1.1899999 10.886198 -105.42423 -16.615776
4.0 9.19 2.4299998 -9.740283 -101.98649 -20.62648
5.0699997 9.63 3.54 -12.605071 -114.59156 -13.178029
4.97 9.49 3.1999998 -1.1459155 -119.17522 -12.605071
3.83 10.21 4.06 4.0107045 -113.44564 -21.199438
4.7 10.21 3.53 9.167324 -95.68395 -17.188732
5.1099997 10.08 2.62 20.053522 -92.24621 -13.178029
4.38 9.58 0.65 37.242256 -108.289024 -16.042818
3.83 9.929999 2.05 10.31324 -111.15381 -20.053522
4.8399997 9.83 2.8799999 -5.15662 -108.289024 -14.896902
4.7 9.75 2.2 6.3025355 -110.58085 -17.761692
4.6 8.48 2.79 5.7295775 -118.60226 -21.772396
4.15 8.72 6.04 -9.740283 -119.17522 -19.480566
3.4099998 9.7 5.7599998 0.0 -109.43494 -17.188732
4.33 8.97 4.37 5.7295775 -101.41353 -10.31324
4.5099998 8.54 5.08 -25.210142 -76.203384 -8.594366
2.76 9.03 8.3 -22.345354 -67.60902 -16.042818
2.9399998 9.01 6.5699997 -4.583662 -67.03606 -14.323945
2.6799998 8.66 6.62 20.053522 -58.441692 -4.0107045
2.01 9.179999 7.77 9.740283 -46.40958 -8.594366
1.78 9.639999 7.7799997 7.448451 -31.51268 -8.594366
2.6799998 10.16 5.46 19.480566 -11.459155 0.0
1.99 10.429999 5.68 12.032113 3.4377468 -4.0107045
2.04 11.29 6.99 -5.15662 14.896902 -12.032113
2.98 11.46 5.38 3.4377468 24.637184 -9.740283
2.6299999 10.96 3.8 14.323945 30.366762 -12.032113
1.78 11.059999 4.92 -4.583662 41.25296 -21.199438
1.91 11.69 5.3599997 -18.334648 49.27437 -18.907606
3.33 12.009999 4.83 -16.042818 53.285076 -14.896902
3.8799999 11.639999 3.49 -1.7188734 60.733524 -16.615776
2.9199998 11.5199995 3.48 -1.1459155 71.61973 -32.658592
2.71 11.38 3.3999999 -0.57295775 76.203384 -32.658592
3.4399998 10.929999 2.44 6.8754935 80.21409 -27.501974
3.9599998 10.59 1.4499999 14.896902 83.65183 -23.49127
3.31 10.79 0.44 21.199438 84.79775 -24.064226
3.29 10.71 -0.24 16.615776 79.641136 -28.64789
3.27 10.2699995 -0.32999998 1.7188734 73.33859 -30.939718
2.96 9.99 -0.17 -12.605071 76.203384 -33.231552
2.3999999 9.83 0.39 -14.896902 83.65183 -29.793804
2.56 9.21 -0.19 -5.7295775 68.18198 -16.042818
2.12 8.599999 -0.57 0.57295775 66.463104 -17.188732
2.06 8.7699995 -0.97999996 7.448451 64.17127 -20.62648
2.18 8.44 -1.93 14.896902 50.993244 -19.480566
2.08 8.2 -1.3299999 9.167324 57.868736 -17.188732
2.08 8.2 -1.3299999 9.167324 57.868736 -17.188732
1.42 6.87 -3.31 13.178029 55.00395 -10.31324
1.42 6.87 -3.31 13.178029 55.00395 -10.31324
0.78999996 6.81 -1.5 -3.4377468 53.858032 -6.3025355
1.12 7.3399997 -1.02 6.3025355 33.80451 0.57295775
1.29 7.5899997 -2.11 18.334648 20.62648 0.57295775
1.3299999 7.9199996 -2.1599998 32.658592 7.448451 2.8647888
0.51 8.36 -2.4099998 32.658592 0.57295775 0.0
0.84999996 8.95 -1.4 17.188732 -2.291831 0.57295775
1.37 8.929999 -0.71999997 -4.0107045 -6.3025355 6.3025355
0.96 9.01 0.21 -15.469859 -1.7188734 4.583662
0.74 9.24 0.88 -12.032113 0.57295775 0.0
0.71999997 9.69 0.04 9.740283 -5.15662 0.0
0.64 9.65 -0.45999998 10.886198 0.0 1.1459155
0.53 9.75 -0.03 4.0107045 3.4377468 2.291831
0.78 9.98 0.72999996 -4.583662 5.15662 1.1459155
0.78 9.99 0.31 2.8647888 2.8647888 1.7188734
0.32 10.04 -0.37 9.740283 2.291831 -0.57295775
0.66999996 10.19 0.19999999 1.1459155 -1.7188734 2.291831
0.91999996 10.25 0.32999998 -0.57295775 -5.15662 2.8647888
0.96999997 10.17 -0.03 -1.7188734 -7.448451 0.0
0.47 9.95 0.52 -8.021409 -2.291831 -5.15662
0.41 9.889999 0.85999995 -12.605071 -0.57295775 -5.15662
0.56 9.92 1.52 -16.042818 -0.57295775 -2.8647888
0.5 10.16 1.04 -0.57295775 -4.0107045 0.0
0.55 10.38 0.64 6.8754935 -5.7295775 0.0
0.79999995 10.21 0.39 6.8754935 -4.583662 0.57295775
0.61 10.12 0.26 4.0107045 -3.4377468 0.0
0.42999998 10.13 0.69 -1.1459155 -0.57295775 -2.291831
0.89 9.86 0.88 -5.7295775 -3.4377468 -0.57295775
0.58 9.7699995 0.74 -3.4377468 -3.4377468 -2.291831
0.13 9.86 0.96999997 -0.57295775 1.7188734 -5.15662
0.42999998 9.78 0.95 0.0 1.1459155 -1.7188734
0.66999996 9.87 0.71999997 3.4377468 0.57295775 1.7188734
0.75 9.88 0.13 7.448451 0.57295775 1.7188734
0.61 9.78 0.14 0.0 -2.291831 -4.0107045
0.45999998 9.8 0.31 -1.7188734 -2.291831 -4.583662
0.29999998 9.75 0.48 -4.583662 -2.8647888 -2.291831
0.42 9.67 0.65999997 -8.021409 -2.291831 0.57295775
0.42999998 9.69 1.02 -10.31324 -1.7188734 1.1459155
0.69 10.059999 1.66 2.291831 -0.57295775 2.8647888
0.84999996 10.05 0.78 9.167324 0.0 2.8647888
0.47 9.87 0.35999998 11.459155 0.0 -1.1459155
0.37 9.469999 0.56 2.8647888 1.7188734 -1.1459155
0.29999998 9.2699995 0.77 0.0 2.291831 1.1459155
0.42999998 9.45 0.52 6.8754935 1.1459155 4.0107045
0.53 9.63 0.19 10.31324 0.0 5.15662
1.01 10.03 0.04 9.167324 -1.7188734 5.15662
0.72999996 10.05 0.26 2.291831 -4.0107045 -1.1459155
0.42 9.98 0.29999998 -2.291831 -1.7188734 -0.57295775
0.57 9.91 0.52 -8.021409 -1.7188734 2.291831
0.75 10.01 0.96 -11.459155 -1.1459155 3.4377468
0.75 10.19 1.39 -6.3025355 -1.1459155 3.4377468
0.75 10.19 1.13 -2.291831 -3.4377468 1.7188734
0.65 10.09 0.74 2.8647888 -2.8647888 1.1459155
0.7 10.099999 0.48 4.0107045 1.7188734 1.1459155
0.90999997 10.09 0.57 0.57295775 2.291831 1.7188734
0.75 10.28 0.75 -2.291831 3.4377468 2.291831
0.94 10.21 0.45999998 1.1459155 0.0 1.1459155
0.68 10.08 0.12 3.4377468 -2.291831 0.0
0.58 9.99 0.63 -2.8647888 -1.7188734 -0.57295775
0.77 10.0199995 1.1 -8.594366 0.0 1.1459155
0.9 10.01 0.91999996 -5.15662 -0.57295775 1.1459155
0.90999997 10.059999 0.97999996 -0.57295775 0.0 0.57295775
0.69 9.969999 0.76 1.7188734 -1.1459155 -1.7188734
0.47 9.889999 0.48 4.583662 0.0 -2.291831
0.62 9.849999 0.25 0.57295775 1.1459155 0.57295775
0.96 9.91 1.02 -5.7295775 -0.57295775 3.4377468
0.97999996 10.05 1.0 -5.15662 -1.1459155 3.4377468
0.78999996 9.87 0.35999998 -1.7188734 0.0 -1.1459155
0.55 9.809999 0.75 -5.15662 0.57295775 -2.291831
0.38 9.78 1.24 -7.448451 0.0 -2.8647888
0.66999996 9.82 0.75 0.0 0.0 1.1459155
0.95 9.929999 0.72999996 4.583662 -1.1459155 4.0107045
0.94 10.099999 0.68 3.4377468 -2.8647888 1.7188734
0.47 9.98 0.93 1.1459155 0.0 0.0
0.5 9.95 0.88 1.1459155 1.1459155 0.57295775
0.5 9.95 0.88 1.1459155 1.1459155 0.57295775
0.81 9.969999 0.59 6.3025355 1.1459155 2.8647888
0.91999996 9.98 0.47 6.3025355 0.57295775 1.7188734
0.90999997 10.05 0.63 3.4377468 1.1459155 1.1459155
0.75 9.86 0.57 1.1459155 0.0 0.0
0.52 9.929999 0.52 0.57295775 1.1459155 0.0
0.74 9.94 0.59 1.1459155 0.0 1.7188734
0.96 9.99 0.62 1.7188734 -2.291831 1.1459155
0.71999997 10.01 0.19999999 2.291831 -0.57295775 -1.1459155
0.69 9.98 0.21 2.291831 -0.57295775 -1.1459155
0.62 9.99 0.84 -5.15662 0.57295775 0.0
0.83 10.059999 1.22 -7.448451 1.1459155 1.1459155
0.95 10.15 0.83 0.0 -0.57295775 1.7188734
0.91999996 10.33 0.19 4.583662 -1.7188734 0.0
