1.81 9.4 -0.32 3.4377468 -2.291831 8.594366
2.28 9.33 -1.5699999 0.0 -3.4377468 4.583662
1.3399999 9.21 -2.1699998 -18.907606 -21.772396 5.15662
0.83 9.16 -1.09 -33.231552 -37.242256 12.605071
1.51 9.16 0.099999994 -34.950428 -36.669296 15.469859
2.04 9.04 0.89 -14.896902 -13.178029 8.594366
1.91 8.95 0.84999996 -5.7295775 -0.57295775 7.448451
1.41 8.94 0.17999999 -7.448451 -4.0107045 9.740283
1.06 9.28 0.44 -6.8754935 -6.8754935 13.178029
1.26 9.639999 0.74 -5.7295775 -6.3025355 13.178029
1.75 10.099999 1.13 -2.8647888 -2.8647888 10.31324
1.16 11.88 1.76 -5.7295775 -0.57295775 15.469859
1.65 13.09 2.1399999 -10.886198 0.57295775 14.896902
1.81 14.809999 2.8899999 -14.323945 1.1459155 13.178029
2.96 16.4 3.78 -16.615776 0.57295775 4.583662
3.98 17.449999 4.56 -17.761692 6.3025355 -16.615776
3.98 17.96 4.5899997 -18.334648 20.62648 -36.09634
4.02 17.46 4.17 -39.53409 35.523384 -53.858032
3.29 16.67 4.68 -38.961132 38.38817 -56.14986
3.59 16.4 5.99 -14.896902 40.680004 -64.74423
4.87 15.33 5.43 12.032113 54.43099 -77.922264
5.0499997 14.299999 4.11 33.80451 73.91155 -88.80846
5.33 12.809999 1.09 26.929016 77.922264 -99.69466
3.52 8.71 -1.93 23.49127 66.463104 -101.41353
2.57 6.72 -2.18 33.231552 57.29578 -102.55944
0.65 5.2799997 -2.9199998 45.83662 55.576904 -93.39212
-0.22 4.31 -4.45 43.544792 45.83662 -79.06818
-0.68 3.47 -5.39 26.356058 32.085636 -65.890144
-1.15 2.6699998 -4.91 9.740283 13.750987 -49.84733
-1.7199999 2.45 -4.14 0.57295775 4.583662 -38.961132
-2.1 2.11 -3.4399998 -9.167324 1.7188734 -27.501974
-1.8399999 1.93 -2.48 -15.469859 1.7188734 -22.345354
-1.81 1.75 -1.09 -16.615776 2.8647888 -17.761692
-1.86 1.5 -0.089999996 -17.761692 5.7295775 -5.7295775
-3.3 1.37 2.1299999 -14.896902 10.31324 9.740283
-3.3 1.65 2.4099998 -16.615776 14.896902 30.366762
-2.44 2.44 3.1799998 -20.053522 17.188732 44.11775
-1.0 2.97 3.84 -13.750987 24.064226 45.83662
-0.32 2.87 3.75 -5.7295775 33.80451 45.83662
-0.55 2.6799998 4.11 -21.772396 44.69071 49.27437
-1.68 2.75 6.0499997 -18.334648 52.712116 62.4524
-0.68 2.86 7.0699997 -6.8754935 65.317184 69.32789
0.9 3.1599998 6.48 -3.4377468 73.91155 78.49522
1.65 3.9399998 6.02 1.1459155 85.37071 92.24621
2.9099998 5.54 5.25 1.1459155 110.0079 95.11099
5.19 8.67 1.54 -24.637184 132.35324 87.662544
5.5099998 9.69 1.14 -42.398876 127.19663 86.516624
4.8199997 10.79 1.27 -52.712116 129.48846 88.2355
4.42 12.139999 1.3299999 -61.30648 124.33183 101.98649
6.45 13.299999 1.0 -57.868736 122.04 102.55944
7.5299997 14.33 0.64 -30.366762 130.63437 83.65183
6.6499996 15.46 0.59 -5.15662 124.9048 73.91155
6.7799997 16.06 0.31 18.907606 114.59156 60.160564
7.35 16.49 -1.9399999 26.929016 110.0079 42.971836
7.1099997 16.18 -4.22 17.761692 103.70536 37.815212
6.18 15.219999 -5.92 11.459155 83.65183 36.09634
5.0499997 14.63 -6.1299996 21.772396 46.40958 24.064226
4.5699997 15.16 -6.24 28.64789 25.7831 18.334648
5.45 14.849999 -7.72 12.605071 3.4377468 9.740283
5.74 14.09 -7.45 -16.042818 -12.605071 0.0
5.6099997 13.07 -5.74 -31.51268 -23.49127 -5.7295775
5.22 11.99 -4.44 -14.896902 -40.680004 -12.605071
4.66 11.05 -3.33 17.761692 -54.43099 -13.178029
4.74 10.179999 -3.6799998 46.40958 -68.75493 -16.042818
5.72 9.679999 -5.13 56.72282 -85.37071 -24.064226
5.75 9.16 -5.96 50.420284 -95.11099 -25.210142
5.67 8.099999 -6.52 29.793804 -100.84057 -20.62648
5.72 6.6099997 -5.2599998 8.021409 -118.029305 -6.3025355
6.19 6.22 -4.41 5.7295775 -129.48846 -4.0107045
5.97 6.47 -3.6599998 8.021409 -146.10423 0.57295775
6.75 6.23 -3.73 5.7295775 -153.55267 4.0107045
6.85 5.8599997 -3.62 -3.4377468 -154.69861 11.459155
6.87 6.27 -2.9399998 -18.334648 -159.28227 21.199438
7.48 6.73 -2.1 -42.398876 -162.72002 28.64789
7.54 6.47 -0.21 -41.25296 -169.02255 34.377464
7.33 6.69 1.62 -29.220846 -170.16847 39.53409
7.2999997 7.66 2.6399999 -21.772396 -162.72002 40.680004
7.37 8.179999 2.98 -20.62648 -150.11493 38.38817
6.17 7.94 4.1 10.886198 -142.66649 49.27437
7.1 9.49 5.37 37.242256 -132.92621 46.40958
7.74 10.94 4.2 29.220846 -113.44564 32.658592
6.04 11.25 3.73 -3.4377468 -99.1217 22.91831
4.6 10.4 4.43 -30.366762 -93.39212 32.085636
5.72 10.03 5.48 -30.366762 -92.24621 37.242256
6.49 11.5 7.08 -14.323945 -73.91155 14.323945
6.0299997 12.44 6.8799996 -24.637184 -51.5662 2.291831
4.5499997 12.73 6.48 -47.555496 -35.523384 2.8647888
4.4 12.38 6.93 -49.27437 -18.907606 0.0
3.9299998 11.84 7.93 -19.480566 -6.3025355 -5.15662
3.54 11.719999 7.8599997 24.064226 1.1459155 -19.480566
4.46 14.24 4.89 15.469859 17.761692 -31.51268
4.14 14.15 3.8899999 -9.740283 28.07493 -38.38817
3.6899998 13.389999 4.66 -17.761692 34.950428 -38.961132
4.06 13.17 4.9 -9.167324 41.825916 -43.544792
4.23 13.28 3.84 -4.583662 52.139156 -50.993244
4.3399997 13.03 3.22 -16.042818 59.014652 -56.14986
4.2599998 12.389999 3.85 -6.3025355 65.317184 -56.72282
4.69 11.45 4.0699997 14.896902 80.21409 -57.29578
5.0499997 10.62 3.31 31.51268 101.41353 -55.576904
4.97 9.5 1.5 33.80451 119.74818 -50.420284
4.67 8.46 -1.13 5.15662 93.39212 -51.5662
5.2999997 6.27 -3.4499998 -3.4377468 85.37071 -63.02536
3.6799998 5.19 -3.54 0.57295775 84.79775 -69.32789
1.8499999 4.58 -4.13 1.1459155 81.36001 -61.30648
0.85999995 4.37 -4.39 -5.7295775 67.60902 -42.971836
0.59999996 4.39 -4.44 -13.178029 50.420284 -28.64789
0.29999998 4.99 -3.07 0.0 27.501974 -12.605071
0.88 5.73 -2.58 9.740283 21.772396 -9.167324
1.66 6.0499997 -3.53 12.032113 21.772396 -13.178029
1.1899999 6.43 -3.56 14.896902 10.31324 -10.886198
0.61 6.98 -2.9099998 12.605071 -1.1459155 -5.15662
1.11 7.8399997 -2.57 -9.167324 1.1459155 -4.0107045
1.53 8.78 -1.93 -24.064226 7.448451 -6.8754935
0.74 8.57 -0.57 -25.210142 4.583662 -5.15662
0.53999996 8.7699995 0.38 -15.469859 0.0 1.1459155
1.51 8.9 0.28 -4.0107045 0.0 1.1459155
1.1 8.7699995 0.0 4.583662 4.583662 -1.1459155
0.66999996 8.96 0.0 18.907606 -6.3025355 2.8647888
1.0799999 9.16 -0.37 18.907606 -1.1459155 2.8647888
1.18 9.74 -1.02 6.3025355 -1.1459155 1.1459155
1.22 10.03 -1.38 -4.583662 -7.448451 0.0
1.43 10.059999 -0.71999997 -7.448451 -6.3025355 -4.583662
1.37 9.86 -0.35 -9.740283 -2.291831 -4.0107045
0.57 9.49 0.19 -9.740283 -2.8647888 0.0
0.85999995 9.66 0.55 -7.448451 -2.291831 4.0107045
1.29 9.809999 0.63 -2.8647888 0.0 2.8647888
1.28 9.96 0.53999996 0.0 1.1459155 0.0
1.2099999 9.84 0.5 5.7295775 -1.1459155 -2.291831
1.24 9.7699995 -0.04 4.583662 3.4377468 -4.583662
0.84 9.809999 -0.45999998 -4.583662 2.291831 -1.1459155
0.5 9.719999 -0.14999999 -6.3025355 -1.1459155 1.1459155
0.94 9.63 0.28 -0.57295775 -2.291831 0.0
1.3 9.58 0.31 1.7188734 0.0 -4.0107045
1.25 9.69 -0.099999994 -2.291831 -1.7188734 -5.7295775
0.52 9.29 0.52 -0.57295775 0.0 0.57295775
0.66999996 9.17 0.87 6.3025355 0.0 3.4377468
1.0 9.17 0.89 13.178029 2.8647888 4.583662
0.87 9.2 -0.01 13.750987 3.4377468 6.3025355
0.71 9.12 -0.65999997 6.3025355 -3.4377468 7.448451
0.93 9.4 -0.25 -3.4377468 -9.167324 9.740283
1.51 9.54 0.08 -4.0107045 -1.7188734 6.8754935
1.36 9.71 0.38 -2.8647888 0.57295775 5.15662
1.41 9.58 0.41 -0.57295775 0.0 3.4377468
1.24 9.55 0.71 4.0107045 0.0 3.4377468
1.4 9.34 0.38 8.021409 2.8647888 2.291831
1.3 9.719999 -0.42 4.0107045 0.57295775 4.0107045
1.64 9.95 -0.5 -2.8647888 0.57295775 2.8647888
1.4599999 9.82 -0.32 -5.7295775 0.57295775 0.57295775
1.1899999 9.71 0.089999996 -4.583662 -1.1459155 0.0
1.4599999 9.69 0.38 2.291831 -3.4377468 -1.1459155
1.4 9.65 0.22999999 6.3025355 -0.57295775 -0.57295775
1.3 9.71 -0.16 -0.57295775 0.0 0.0
1.39 9.79 -0.12 -5.15662 3.4377468 0.0
1.25 9.66 0.17 -0.57295775 0.57295775 0.0
1.3199999 9.62 0.51 9.167324 -2.8647888 -1.1459155
1.4 9.719999 0.59999996 17.761692 -1.7188734 -2.8647888
1.1999999 9.889999 -0.5 13.750987 1.1459155 -4.583662
1.23 9.98 -0.96999997 -1.1459155 0.0 -2.291831
1.31 9.82 -0.22999999 -8.594366 -0.57295775 -4.0107045
1.0 9.55 0.34 -2.8647888 0.0 -3.4377468
0.78 9.51 0.19 1.1459155 -1.1459155 -1.1459155
1.03 9.54 0.0 0.57295775 -3.4377468 0.57295775
1.39 9.59 -0.01 -0.57295775 0.57295775 -0.57295775
1.29 9.73 0.08 -1.1459155 0.57295775 -2.291831
1.0699999 9.48 -0.07 -0.57295775 -0.57295775 -1.1459155
0.91999996 9.33 0.22 1.1459155 -2.291831 0.0
1.13 9.38 0.26 2.291831 -1.1459155 0.0
1.23 9.46 0.0 -0.57295775 0.57295775 -1.1459155
1.04 9.53 0.16 -1.7188734 0.0 0.0
1.24 9.44 0.29 0.0 1.7188734 0.0
1.05 9.429999 0.25 2.8647888 1.7188734 0.0
1.13 9.3 -0.17999999 3.4377468 0.57295775 0.0
1.12 9.36 -0.28 -0.57295775 0.0 1.1459155
1.09 9.57 -0.13 -6.3025355 0.0 0.57295775
1.09 9.679999 -0.19999999 -10.886198 -2.291831 0.57295775
1.27 9.7 0.22 -8.021409 -3.4377468 0.0
