2.0590763 9.749487 1.5538844 -0.20293 3.5707002 -4.9590454
2.5546913 9.62259 1.9202085 -6.46793 -1.9943 0.92095506
2.413429 9.641745 1.8555629 -9.30293 -5.8093 3.2659547
2.0159793 9.624985 1.6424725 -6.78293 -2.0643 -0.094045
1.733455 9.4932995 1.802889 -3.91293 1.9257001 -3.279045
2.0542877 9.431048 1.9537282 -3.03793 -0.8043 0.080955006
2.482863 9.517242 2.0375278 0.63707 -4.7943 3.055955
2.5283542 9.72315 1.9058428 5.18707 -5.8443 0.29095498
1.802889 9.991309 1.9058428 7.6720695 -2.5542998 -7.199045
1.3886794 10.465375 2.3032923 7.7420707 4.5856996 -10.209045
2.0949905 11.121407 2.5283542 10.12207 4.4807 -4.1190453
2.9090438 11.763072 2.5618742 16.49207 -2.1693 2.180955
2.9760835 12.677685 2.52596 19.95707 -6.2643003 0.815955
2.7917244 13.134992 3.189174 16.66707 -1.1543001 -6.7440453
2.4421604 13.563567 3.275368 13.622069 7.6307 -12.3790455
1.9034485 14.559586 3.040729 18.31207 14.560699 -14.304045
1.541913 15.759117 2.7869358 28.322071 10.885699 -19.169044
2.0662591 16.369658 3.241848 38.99707 -7.5593 -26.659044
3.3136764 17.052025 3.727886 45.752075 -20.9993 -33.204044
5.217125 17.17174 3.6105664 52.54207 -18.7943 -36.914043
6.0048413 16.407965 2.7941186 60.94207 -17.709301 -47.379044
5.602603 15.095902 2.2434354 63.00707 -20.1593 -70.47905
4.3839173 13.058374 1.6975409 51.387074 -14.1043 -100.15904
3.371139 11.990528 1.8866886 29.197071 -2.2742999 -123.04906
2.0854135 10.077502 1.908237 6.4120703 5.7757 -134.28404
1.5850099 8.76544 1.3192455 -5.94293 11.4807005 -134.77406
1.2426286 7.5659084 1.0247496 -9.02293 15.6456995 -135.22905
0.7733508 6.2969427 1.2210802 -12.24293 10.2907 -134.73904
-0.1987248 4.786155 1.4389591 -19.45293 5.2156997 -135.85904
-0.6344828 3.6919718 1.4365649 -28.377932 13.9307 -135.12405
-1.0582695 2.9234095 1.036721 -36.427933 35.4557 -124.51905
-1.7909175 2.221887 0.9720756 -38.52793 50.0157 -111.569046
-2.4948344 1.5658557 0.94573855 -35.76293 40.4257 -105.724045
-3.1987512 0.749408 0.70870537 -31.00293 27.300701 -103.099045
-3.8188684 0.45012367 0.16281068 -26.83793 30.345701 -93.75404
-4.4844766 0.28970724 -0.10774237 -27.29293 43.5757 -78.529045
-5.3919067 0.1987248 0.102953814 -32.40293 57.1907 -63.164047
-5.9042816 -0.07422252 0.5147691 -38.772926 64.0507 -49.72405
-6.1532865 -0.043096945 0.8571504 -44.33793 63.070698 -35.094044
-6.2706056 0.22745611 0.6488485 -47.10293 66.8157 -12.274045
-5.6337285 0.50758624 0.84278476 -44.05793 70.8757 16.880955
-5.0160055 0.6344828 1.132492 -40.557934 73.0107 42.990955
-3.9098508 1.1277034 1.56825 -39.75293 74.3407 60.385956
-2.8779182 1.4437478 1.951334 -38.597927 71.050705 77.18595
-2.2769554 1.4054393 2.403852 -29.637932 63.105694 103.995964
-2.1045675 1.5921928 2.8204558 -22.07793 65.4157 108.37096
-0.45730647 2.0973847 3.0359404 -10.177931 67.0607 122.12595
0.38068968 2.2554069 2.9066496 7.28707 68.0407 141.30595
1.4916332 3.1365 1.9058428 26.81707 72.1007 155.37596
3.6823947 4.7071443 -0.03351985 43.127068 76.7207 176.27095
4.723904 6.8165 -0.11971374 43.26707 75.0757 187.82095
6.203566 8.746285 -0.08140534 33.08207 80.535706 188.17094
8.286585 9.416683 -1.934574 26.43207 91.9457 187.71596
8.559532 9.897932 -2.7486274 19.29207 104.5457 182.32596
6.7398834 10.357633 -0.7972935 -3.6329298 106.43571 164.93095
5.9186473 11.719975 1.3958622 -30.26793 96.4257 144.52596
7.778999 12.87641 -0.73743665 -20.852932 87.3257 151.87596
12.306573 13.937074 -4.592219 15.05707 75.915695 175.60596
13.079924 13.115837 -5.978504 26.11707 51.8007 172.14096
8.674458 14.645779 -2.875524 -5.17293 21.4557 124.78596
7.7670274 16.625845 -1.7358493 -45.737926 33.0407 79.11096
12.672896 15.244348 -5.9617443 -39.262928 54.705704 93.88095
13.893977 13.958622 -7.7718163 -8.88293 36.9257 105.675964
11.976163 12.356853 -7.16367 -7.342931 8.1557 70.955956
8.8636055 11.78462 -5.0495257 -36.18293 -5.8443 28.150953
8.032792 11.243514 -4.1085753 -62.992935 -3.9893 8.6209545
8.786988 10.826911 -3.8667538 -66.702934 -10.5343 12.610955
10.281016 10.795785 -4.4677167 -51.58293 -33.4593 16.705956
10.6497345 10.276228 -5.008823 -32.26293 -62.999294 9.775955
9.93624 9.14613 -4.9106574 -25.47293 -88.23431 -7.1640444
8.837268 8.171659 -3.6536634 -38.07293 -97.054306 -22.389044
8.458973 7.743085 -2.7175019 -59.317932 -97.36931 -29.354046
8.825297 7.4605603 -1.8938714 -72.82793 -105.7693 -29.949047
9.126976 6.969734 -1.4389591 -76.187935 -121.09931 -27.604044
8.913885 6.6417184 -0.84278476 -74.12293 -134.5043 -26.239046
8.48531 6.6608725 -0.31604427 -73.00293 -142.16931 -28.234045
9.071907 6.941003 -0.6368771 -69.08293 -146.2993 -30.509045
9.323306 6.6872096 -0.9241901 -60.612934 -155.6093 -29.354046
8.806143 6.359194 -0.16759923 -57.88293 -168.03429 -29.984045
8.372779 6.438205 1.1085492 -69.36294 -172.30429 -32.014046
8.557138 6.5627074 1.4054393 -83.607925 -167.8943 -29.249046
8.71516 6.526793 1.472479 -87.24793 -162.3993 -23.264044
7.9513865 6.474119 2.3248408 -85.11293 -158.33931 -19.519045
7.4964743 6.591439 3.4094474 -88.19293 -157.8493 -24.909044
7.537177 6.8667803 3.4309957 -78.11293 -158.3743 -23.859045
8.102226 6.7566433 2.403852 -60.68293 -153.08931 -18.539045
8.336864 6.2586346 2.6337023 -55.467934 -145.2493 -15.8790455
7.8292785 5.8587904 3.902668 -60.01793 -137.72429 -23.789045
5.870762 6.2538457 5.2865586 -52.94793 -130.4443 -34.184044
4.2211065 6.8476257 4.6927786 -23.16293 -123.40931 -37.124046
4.503631 7.352818 2.8587642 12.74707 -120.5743 -25.714046
5.569083 8.207574 2.1644244 26.992071 -124.66931 -5.694045
6.325674 8.413482 3.047912 12.88707 -131.5643 9.530954
6.0670924 8.190814 4.2115293 -13.67793 -128.86931 15.690954
5.377541 8.3679905 5.296136 -33.94293 -109.3393 16.495955
5.1261425 8.621783 6.517216 -47.48793 -88.5493 20.905956
5.521198 8.660092 8.224334 -57.917927 -79.3793 28.850954
6.5603127 8.940222 8.91149 -55.22293 -72.239296 33.855957
6.708758 9.541185 8.133351 -34.292927 -60.829304 31.405954
5.873156 10.486923 7.065505 -7.76293 -39.339302 20.695955
5.837242 10.582695 6.4429936 3.8220701 -16.2743 9.985955
5.851608 10.762265 5.995264 -0.27293 2.5907 6.275955
5.8851275 11.102252 5.607392 -7.2029295 24.0107 2.8459551
6.079064 10.987327 5.2410674 -9.89793 40.4257 -2.4040449
6.160469 11.054367 4.8484063 -8.322929 46.2707 -7.864045
6.6584783 11.193234 4.168432 -4.64793 54.040703 -10.104046
7.292961 11.133378 3.4357843 -0.48293 64.2957 -11.679045
7.204373 10.929865 2.9473522 1.1270701 76.580696 -15.564044
6.9314256 10.790997 2.3368123 2.59707 86.8007 -22.914045
7.125362 10.297776 1.3647367 8.40707 88.8307 -28.549046
6.8332605 10.099051 1.0558752 14.81207 88.9007 -34.324047
6.3807425 9.91948 1.0702409 14.74207 95.44571 -44.159046
5.7199225 9.545974 0.47885495 13.97207 105.1407 -50.984047
5.0136113 9.495694 -0.31365 22.75707 105.7007 -53.294044
5.047131 9.172467 -1.1013664 35.18207 98.0357 -56.514046
4.7933383 9.124581 -1.4365649 35.25207 91.4557 -62.569046
4.5275736 8.703189 -1.664021 22.79207 87.885704 -65.92905
4.1971636 8.0711 -1.6400782 9.667069 89.8807 -60.85405
3.45015 7.4222517 -1.3024855 -2.2679303 90.3707 -55.289047
3.1748085 7.005648 -1.4126221 -5.73293 82.18071 -48.254044
2.8874955 6.629747 -2.2841382 8.65207 76.6507 -41.639046
2.691165 6.426234 -3.3400133 21.84707 66.220695 -36.634045
2.1476645 6.4525704 -3.3232534 21.60207 55.2657 -36.879047
1.673598 6.629747 -2.5570855 11.34707 44.0307 -36.949047
1.7813405 6.9218483 -2.2769554 5.39707 36.0857 -29.074045
1.9992194 7.1780357 -2.2434354 3.7520702 35.3857 -18.854044
2.0662591 7.448589 -1.9202085 1.79207 33.2857 -14.619045
1.7933118 7.637737 -1.3958622 1.1270701 24.850698 -14.234045
1.620924 7.920261 -1.0534809 4.5220704 14.0357 -13.149045
1.6831752 8.197997 -1.0510867 10.262071 6.6857 -10.069045
1.6879637 8.475733 -1.1061549 13.02707 4.2007 -6.499045
1.6999351 8.763046 -0.8092649 8.89707 5.5307 -4.014045
1.802889 9.071907 -0.4668836 2.70207 4.4107003 -2.9290452
1.8579572 9.337671 -0.18435916 -0.34293002 2.0307 -1.809045
1.733455 9.457385 -0.23942748 0.63707 1.1207001 -1.144045
1.8052832 9.440625 -0.12929083 1.72207 -1.3993 -1.704045
1.6855695 9.454991 0.29210153 -1.4979299 -3.6743 -2.159045
1.4365649 9.486116 0.7110996 -5.3829303 -2.9043 -2.159045
1.4509305 9.541185 0.7948992 -5.45293 -2.7293 -0.934045
1.5634614 9.541185 0.5961744 -1.63793 -4.1643 1.900955
1.5467016 9.680053 0.82123625 -0.41293 -2.8343 3.6509552
1.7909175 9.730332 0.9074302 -2.47793 -2.0293002 3.195955
1.8890828 9.780613 1.0558752 -3.10793 -4.0593 2.740955
1.8459859 9.883567 1.0606637 -1.9879299 -5.5293 1.7259551
1.9369683 9.93624 0.9194015 -0.76293 -5.3543 0.430955
2.1452703 9.890749 0.7733508 -0.72793 -1.8542999 0.430955
2.0518935 9.818921 1.0008069 -2.82793 1.5407 0.71095496
1.7885233 9.811738 1.3192455 -6.99293 1.6807001 -1.459045
1.838803 9.72315 1.0486923 -7.5179305 0.87570006 -3.874045
1.7621863 9.648928 0.9912298 -3.14293 -0.6293 -3.6990452
1.8220432 9.481328 1.0822122 -1.42793 -0.8743 -4.364045
1.8771114 9.500483 1.3144568 -2.75793 -1.3993 -5.449045
1.812466 9.581888 1.472479 -4.43793 -1.6093 -5.5190454
1.6783867 9.550762 1.3958622 -3.3879302 -0.2793 -4.609045
1.5634614 9.47654 1.158829 1.09207 -0.9793 -5.869045
1.4054393 9.486116 0.9960183 5.32707 -2.7642999 -7.3040457
1.3288225 9.526819 0.8140534 6.27207 -2.7293 -6.989045
1.4341706 9.550762 1.1181264 3.61207 -0.0693 -5.0290446
1.525153 9.632168 1.3312168 -2.3029299 2.8007 -2.2990448
1.4676905 9.711179 1.297697 -5.6279297 4.3057 -0.23404503
1.4102279 9.687236 1.0079896 4.48707 1.4707 0.010954999
1.5658557 9.711179 0.74701375 6.9020696 0.8057 0.115955
1.7166951 9.692024 0.67279124 4.80207 1.9957 1.865955
1.5562786 9.670476 0.93616146 0.07707 2.9407 1.1659551
1.4269878 9.591465 1.0223553 -1.8129301 2.6607 -0.47904497
1.472479 9.557945 0.8284191 0.32207 1.5757 0.430955
1.5921928 9.598648 0.84039044 2.1770701 0.4207 1.970955
1.5610672 9.629773 1.0247496 0.9170701 -0.3493 1.200955
1.6065584 9.711179 0.91700727 0.56707 1.3306999 1.3409549
1.786129 9.744699 0.51716334 2.73707 2.1357 2.2159553
1.7645805 9.72315 0.5985687 2.66707 0.1057 0.850955
1.525153 9.670476 0.9194015 -1.8479301 0.9807 -2.124045
1.5706443 9.684841 1.0032011 -4.75293 2.5207 -1.5640451
1.6089526 9.708784 0.7350424 -1.77793 1.0157 0.360955
1.7286664 9.660899 0.75659084 1.19707 -0.6993 -0.304045
1.6688095 9.553157 0.8667275 -0.58792996 -1.2943 -2.019045
1.3910737 9.593859 1.0199611 -3.14293 0.21069999 -3.279045
1.2450229 9.656111 1.0510867 -3.14293 1.7857001 -3.454045
1.5610672 9.545974 0.7302538 0.21707 -0.034300003 -1.9140451
1.5658557 9.531608 0.6751855 3.4370701 -2.6943 0.25595498
1.4102279 9.624985 0.90503585 2.35207 -2.2742999 0.57095504
1.4964218 9.58907 1.185166 -0.58792996 -1.4693 0.675955
1.8004947 9.608225 0.9529214 -1.2179301 -1.1893 1.795955
1.7526091 9.663293 0.7637737 1.40707 -0.4543 3.2309551
1.489239 9.601042 0.9026416 1.9320699 1.0507001 2.320955
1.4940275 9.624985 1.1253091 -0.55292994 0.3507 0.115955
1.6496553 9.615408 1.010384 -2.37293 -0.6993 -0.304045
1.6257126 9.629773 0.91700727 -0.79793 -0.034300003 1.410955
1.6017698 9.629773 1.0008069 0.0070700003 0.45570004 1.2709551
1.6281068 9.596253 1.1037607 -1.63793 0.87570006 0.25595498
1.5203645 9.703996 1.0750294 -3.4229298 2.0657003 0.535955
1.5443072 9.692024 1.0750294 -2.5479302 2.6257 0.57095504
