1.55 9.62 -0.22 10.31324 -10.886198 8.594366
1.15 9.889999 0.76 6.8754935 -12.605071 8.021409
1.4699999 10.65 0.06 19.480566 -12.605071 8.594366
1.65 10.76 0.19999999 24.064226 -13.178029 10.31324
1.61 10.98 0.52 22.91831 -6.3025355 9.740283
1.65 12.17 0.59999996 22.91831 -2.291831 6.8754935
2.03 12.69 -0.11 23.49127 3.4377468 2.291831
1.9399999 12.98 -0.17999999 23.49127 3.4377468 2.291831
2.07 13.469999 0.72999996 13.178029 9.740283 -3.4377468
2.24 13.509999 1.1 8.021409 14.896902 -10.886198
2.36 13.299999 0.51 13.178029 15.469859 -19.480566
2.5 12.759999 0.7 9.740283 22.345354 -26.356058
2.1599998 12.04 0.45999998 8.594366 28.07493 -29.793804
1.99 11.75 0.55 6.3025355 40.107044 -33.80451
1.5899999 11.25 0.64 11.459155 45.263664 -36.669296
1.5699999 11.13 -0.19999999 21.199438 42.398876 -37.242256
1.4499999 11.099999 -2.01 30.366762 34.950428 -38.961132
1.05 10.8 -0.71999997 4.0107045 38.961132 -42.971836
1.05 10.8 -0.71999997 4.0107045 38.961132 -42.971836
1.15 10.7699995 -1.5899999 12.605071 38.38817 -42.398876
1.2099999 10.71 -1.52 14.896902 37.815212 -41.25296
1.36 10.92 -2.05 22.345354 33.80451 -42.971836
1.61 10.84 -3.03 20.62648 30.939718 -46.40958
1.49 10.75 -2.9299998 20.62648 30.939718 -46.40958
0.84999996 10.57 -1.93 2.8647888 37.815212 -50.420284
0.94 10.0199995 -1.66 9.167324 29.220846 -49.27437
0.74 9.74 -2.83 18.334648 25.7831 -50.420284
0.25 9.46 -3.1899998 12.605071 29.220846 -50.420284
0.42 9.05 -2.46 2.291831 27.501974 -45.263664
0.35999998 8.94 -2.09 2.291831 25.210142 -45.83662
-0.02 8.7699995 -2.9099998 12.032113 23.49127 -45.83662
-0.19999999 8.7 -3.04 13.750987 20.62648 -45.83662
-0.19 8.58 -3.11 14.896902 16.042818 -45.263664
-0.24 8.48 -3.85 15.469859 12.032113 -44.69071
-0.14999999 7.6099997 -3.86 11.459155 10.886198 -43.544792
-1.29 7.0099998 -4.16 6.8754935 9.740283 -51.5662
-2.3899999 6.81 -4.96 11.459155 5.7295775 -55.00395
-2.27 6.62 -4.5499997 4.583662 5.15662 -45.263664
-1.8199999 6.48 -3.55 -8.021409 1.7188734 -30.366762
-1.36 6.31 -3.11 -15.469859 -2.291831 -22.91831
-1.54 6.37 -2.05 -21.772396 -1.1459155 -20.62648
-1.27 5.89 -1.01 -29.220846 0.57295775 -19.480566
-2.09 5.38 -0.51 -27.501974 4.583662 -19.480566
-2.51 5.5899997 0.51 -21.199438 4.583662 -15.469859
-2.02 6.27 1.3299999 -15.469859 1.7188734 -2.8647888
-2.01 6.7999997 -1.17 6.8754935 10.31324 6.8754935
-2.01 7.1299996 -0.62 -5.7295775 18.334648 8.594366
-1.9799999 7.62 1.3199999 -29.793804 23.49127 13.750987
-1.9699999 7.7799997 1.73 -31.51268 25.7831 14.323945
-1.93 7.9199996 0.53999996 -24.064226 26.929016 15.469859
-1.42 7.97 -0.39999998 0.0 23.49127 19.480566
-1.9799999 8.42 -0.19999999 -3.4377468 26.929016 20.62648
-1.9799999 8.73 0.03 -15.469859 36.669296 24.637184
-1.0 9.28 -1.27 -16.042818 38.961132 32.085636
-0.51 9.34 -1.5899999 -18.907606 39.53409 38.961132
-0.61 9.63 -0.37 -35.523384 37.242256 39.53409
-0.62 10.46 1.16 -36.09634 41.25296 32.085636
0.089999996 10.01 -2.1299999 -8.594366 35.523384 32.085636
-0.19 10.08 -0.84 -9.167324 38.961132 30.366762
-0.53999996 10.389999 -0.14 -23.49127 45.83662 25.7831
-0.089999996 10.5199995 -0.78 -12.605071 40.107044 28.07493
0.38 10.46 -2.69 -4.0107045 38.38817 29.220846
0.61 10.2 -2.59 -19.480566 38.38817 28.07493
-0.19999999 10.309999 -0.14999999 -38.961132 45.83662 21.772396
0.099999994 10.3 0.44 -26.356058 40.680004 24.637184
1.42 10.179999 -0.87 -14.323945 36.669296 26.929016
1.3199999 9.67 -1.9 1.1459155 30.366762 26.356058
1.15 10.05 -0.65999997 -8.594366 33.80451 19.480566
0.85999995 10.599999 0.14999999 -18.334648 36.09634 13.178029
1.38 9.63 -0.35 -5.7295775 33.231552 4.0107045
0.5 9.809999 -2.34 4.0107045 10.886198 0.57295775
1.14 9.76 -1.8499999 -12.032113 16.042818 20.053522
1.03 9.61 -0.48999998 -40.107044 35.523384 24.637184
0.48 9.66 0.74 -46.40958 36.09634 16.042818
-0.049999997 11.389999 -0.42 -2.8647888 30.366762 12.032113
1.79 10.78 -2.1699998 7.448451 27.501974 36.09634
1.79 10.78 -2.1699998 -1.1459155 34.950428 34.377464
0.93 10.96 -2.21 -12.032113 38.38817 30.939718
0.87 11.25 -0.61 -27.501974 49.84733 26.356058
1.03 11.73 -1.09 -10.886198 45.263664 28.64789
1.56 11.78 -3.52 17.188732 40.107044 29.220846
1.65 11.44 -4.63 18.334648 35.523384 28.07493
0.53 12.0199995 -3.4099998 9.167324 33.80451 22.345354
1.03 11.82 -3.6699998 4.583662 33.231552 13.178029
1.4399999 11.49 -4.2799997 11.459155 28.64789 14.323945
1.48 11.179999 -4.62 14.323945 25.210142 12.032113
0.84 10.9 -4.6 10.31324 22.345354 2.291831
0.64 10.389999 -5.47 9.740283 16.615776 -1.7188734
1.24 9.22 -6.2599998 5.15662 1.1459155 1.7188734
0.78 8.46 -5.29 -8.594366 0.0 0.0
0.32 8.36 -4.5499997 -10.31324 -1.1459155 -1.1459155
0.55 8.34 -5.2799997 2.291831 -13.178029 3.4377468
2.53 7.47 -5.65 13.750987 -30.366762 16.042818
1.5799999 8.0 -4.77 13.178029 -42.971836 13.178029
1.12 8.45 -4.18 17.188732 -47.555496 0.0
1.39 8.61 -5.14 27.501974 -64.74423 16.042818
2.01 8.78 -5.46 24.064226 -75.630424 30.939718
2.85 9.13 -4.0 -9.167324 -74.48451 33.231552
2.74 9.66 -3.6499999 -13.178029 -76.77634 30.366762
2.77 9.82 -3.3899999 -9.740283 -85.94367 29.220846
2.87 9.67 -2.51 -10.886198 -92.24621 37.815212
3.1999998 9.8 -1.4 -9.740283 -88.80846 37.815212
3.54 9.82 -0.91999996 -5.15662 -88.2355 35.523384
4.0 9.83 -0.78 13.750987 -87.662544 31.51268
3.02 9.66 -1.9699999 37.815212 -82.50592 22.91831
2.5 10.96 -3.1599998 49.27437 -83.65183 22.91831
2.9199998 11.33 -3.6299999 46.98254 -92.81916 35.523384
4.43 11.429999 -3.8 25.210142 -97.97578 45.83662
4.3199997 10.349999 -1.52 -18.907606 -90.52733 26.929016
3.4499998 10.88 -0.5 -24.064226 -85.94367 20.053522
3.73 11.29 -1.23 -1.1459155 -88.2355 29.793804
4.2599998 10.679999 -2.3899999 4.0107045 -88.2355 28.07493
4.15 10.389999 -2.46 0.0 -84.22479 24.064226
3.6999998 10.45 -2.05 -11.459155 -80.78705 13.178029
3.3799999 9.95 -2.54 -10.886198 -81.36001 15.469859
3.49 9.71 -2.57 -12.605071 -83.07887 17.188732
3.4199998 9.0 -1.3199999 -22.345354 -81.36001 16.615776
2.95 9.559999 -0.87 -15.469859 -82.50592 25.7831
3.35 9.639999 -1.49 -8.021409 -85.37071 32.658592
4.67 9.25 -1.51 -4.583662 -90.52733 39.53409
3.9599998 10.179999 0.07 -13.178029 -92.24621 30.366762
3.77 10.71 0.65999997 -15.469859 -92.24621 29.793804
4.9 11.33 0.45999998 -10.31324 -77.922264 35.523384
4.92 10.8 0.14 -7.448451 -66.463104 25.210142
4.04 10.429999 0.88 -9.167324 -53.858032 8.594366
3.07 10.94 1.24 -5.7295775 -48.701412 -0.57295775
3.35 11.34 0.13 8.594366 -45.263664 6.3025355
3.6599998 11.67 -0.55 11.459155 -42.398876 8.594366
3.8 12.219999 0.42 -4.0107045 -34.377464 4.583662
3.4499998 13.049999 1.3 -18.334648 -27.501974 1.7188734
3.34 12.82 1.12 -21.199438 -18.907606 -1.1459155
3.55 12.84 2.34 -26.929016 -10.31324 -8.594366
3.26 13.429999 2.6699998 -22.345354 1.1459155 -16.042818
3.51 13.32 1.0699999 -3.4377468 8.021409 -20.62648
3.49 12.84 0.049999997 2.8647888 15.469859 -29.793804
2.96 12.67 0.32999998 0.0 18.907606 -34.950428
2.9399998 12.469999 0.049999997 -7.448451 25.210142 -41.25296
2.85 11.849999 -0.9 -6.3025355 31.51268 -44.69071
2.48 11.24 -0.77 -4.583662 37.242256 -49.84733
2.32 11.12 -0.38 -11.459155 44.69071 -50.993244
1.8399999 10.75 -0.22 -8.021409 55.00395 -47.555496
1.66 10.34 -1.54 1.7188734 57.868736 -37.815212
2.6799998 9.87 -1.64 -7.448451 49.84733 -21.199438
2.72 9.82 -1.4699999 -10.31324 46.98254 -20.053522
2.72 9.82 -1.4699999 -10.31324 46.98254 -20.053522
2.84 9.19 -3.37 5.7295775 38.38817 -20.62648
3.23 9.04 -3.6899998 2.291831 34.377464 -20.053522
2.8999999 8.95 -3.6999998 -13.750987 36.669296 -22.91831
2.1499999 9.01 -2.29 -29.220846 38.961132 -30.939718
2.28 8.74 -1.54 -27.501974 31.51268 -33.80451
1.3199999 8.66 -1.7099999 -17.761692 32.658592 -35.523384
1.22 8.48 -1.8399999 -10.886198 36.669296 -30.939718
1.41 8.7 -2.1399999 -7.448451 36.09634 -25.7831
1.41 8.7 -2.1399999 -7.448451 36.09634 -25.7831
1.9499999 8.929999 -3.4199998 -1.7188734 28.64789 -25.210142
1.38 8.679999 -3.1999998 -8.021409 29.793804 -29.220846
0.69 8.62 -1.42 -22.345354 32.658592 -34.377464
0.61 8.51 -1.39 -18.907606 32.085636 -33.231552
0.66999996 8.33 -1.93 -2.291831 29.793804 -29.220846
0.78 8.309999 -2.6499999 13.750987 20.62648 -28.64789
0.37 8.4 -3.01 17.188732 16.615776 -30.366762
0.16 8.36 -3.1499999 16.615776 17.188732 -30.939718
-0.34 8.21 -3.5 9.167324 18.334648 -28.64789
-0.07 8.26 -2.8999999 4.0107045 16.615776 -25.7831
0.14999999 8.559999 -1.86 -9.740283 12.032113 -14.896902
0.14999999 8.559999 -1.86 -9.740283 12.032113 -14.896902
-0.17 8.66 -1.91 -1.1459155 12.032113 -16.042818
-0.099999994 8.5 -2.1399999 0.0 14.323945 -14.896902
-0.51 8.559999 -1.99 0.0 15.469859 -13.750987
-0.52 8.61 -2.11 4.0107045 10.31324 -11.459155
-0.77 8.69 -2.85 9.167324 2.8647888 -9.740283
-0.77 8.69 -2.85 9.167324 2.8647888 -9.740283
-0.62 9.04 -2.5 -4.583662 3.4377468 -1.7188734
-0.14 9.01 -2.05 -8.594366 3.4377468 0.0
-0.32999998 9.17 -1.09 -9.740283 2.291831 0.0
-0.39999998 9.679999 -1.0699999 -6.8754935 1.7188734 -0.57295775
0.12 9.639999 -1.6999999 1.1459155 -1.1459155 1.7188734
-0.35 9.8 -1.6999999 4.0107045 -1.7188734 0.0
-0.25 9.58 -1.86 0.0 4.583662 -1.1459155
-0.55 9.559999 -1.61 -8.021409 9.167324 0.57295775
-0.68 9.7 -1.23 -9.740283 12.032113 1.7188734
-0.25 10.07 -1.36 -4.0107045 2.291831 6.3025355
-0.29999998 10.36 -2.3999999 2.291831 -1.1459155 6.8754935
-0.14 10.37 -2.4299998 -5.7295775 2.291831 8.594366
0.12 10.389999 -1.43 -25.7831 7.448451 9.167324
0.13 10.179999 -0.53999996 -33.231552 11.459155 8.594366
0.13 10.179999 -0.53999996 -29.793804 11.459155 6.3025355
0.03 10.15 -0.7 -15.469859 5.7295775 1.7188734
0.01 10.15 -0.93 -0.57295775 -1.1459155 0.0
-0.19999999 10.32 -1.36 6.8754935 -1.7188734 -0.57295775
0.07 10.21 -1.3399999 4.583662 1.7188734 0.0
0.06 10.219999 -1.3399999 0.57295775 -1.1459155 -0.57295775
-0.089999996 10.2 -1.31 -0.57295775 -1.1459155 -0.57295775
-0.049999997 10.08 -1.28 -1.7188734 -2.291831 0.0
-0.21 10.139999 -1.11 -3.4377468 -2.291831 -1.1459155
-0.16 10.17 -0.83 -2.8647888 -1.1459155 0.57295775
-0.089999996 10.33 -0.82 -0.57295775 -1.1459155 1.1459155
0.22999999 10.25 -1.01 0.0 -3.4377468 2.291831
0.16 10.25 -0.59999996 -2.291831 -2.291831 -1.7188734
0.089999996 10.2 -0.19 -0.57295775 -3.4377468 -3.4377468
-0.04 10.059999 -0.38 5.15662 -5.7295775 -6.3025355
-0.39 9.96 -0.95 5.7295775 0.0 -4.0107045
-0.22 9.99 -0.9 4.0107045 1.1459155 -2.291831
-0.04 10.01 -1.16 2.8647888 0.0 -1.7188734
-0.41 10.0 -1.4499999 1.1459155 0.57295775 -2.291831
-0.22 9.92 -1.38 -5.7295775 4.0107045 -1.1459155
-0.14999999 9.83 -0.93 -9.740283 5.7295775 0.0
-0.17 9.929999 -0.65999997 -5.7295775 5.7295775 -0.57295775
0.02 9.98 -1.17 3.4377468 -0.57295775 0.0
-0.24 9.94 -1.6899999 8.594366 -4.0107045 -3.4377468
-0.45999998 10.08 -1.4399999 4.0107045 -0.57295775 -2.8647888
-0.03 9.96 -1.2099999 -1.7188734 -0.57295775 0.0
-0.16 10.11 -0.97999996 -1.7188734 0.57295775 0.57295775
0.04 10.01 -1.13 2.291831 -1.7188734 0.0
0.01 10.01 -0.85999995 4.0107045 -2.8647888 -1.1459155
-0.28 10.15 -0.88 6.3025355 -2.8647888 -2.291831
-0.29 10.09 -1.4 8.021409 -1.7188734 -1.1459155
-0.16 9.94 -1.43 3.4377468 0.0 0.0
-0.31 9.969999 -0.93 0.0 0.0 0.0
-0.29 10.07 -1.13 -1.1459155 0.0 -0.57295775
-0.22 9.83 -1.61 3.4377468 -2.291831 -1.1459155
-0.38 9.91 -1.16 1.1459155 -0.57295775 -1.7188734
-0.29999998 9.889999 -0.83 -2.8647888 1.7188734 -0.57295775
-0.21 9.82 -1.27 0.0 0.57295775 0.0
-0.32 9.83 -1.5799999 4.583662 -2.291831 0.0
-0.42999998 9.87 -1.56 2.8647888 -1.1459155 -0.57295775
-0.29 9.96 -1.1 -2.291831 0.0 1.7188734
-0.26999998 9.99 -0.96 -4.0107045 2.291831 2.8647888
-0.11 10.0199995 -0.91999996 -1.7188734 0.57295775 2.8647888
-0.02 9.969999 -1.3399999 2.8647888 -2.8647888 0.0
-0.45 10.0 -1.56 2.8647888 -1.7188734 -1.1459155
-0.34 9.98 -1.36 0.0 0.0 0.0
0.14999999 9.849999 -0.68 -8.021409 2.8647888 4.0107045
0.26 9.87 -0.53 -3.4377468 0.57295775 1.1459155
-0.02 10.099999 -0.44 3.4377468 -1.7188734 -2.291831
-0.02 10.33 -0.91999996 6.8754935 0.0 -3.4377468
-0.08 10.05 -1.48 5.7295775 2.291831 -4.0107045
-0.61 10.08 -1.02 -1.1459155 7.448451 -5.15662
-0.39 9.94 -1.09 -1.7188734 4.0107045 -3.4377468
-0.32 9.94 -1.3 1.1459155 1.1459155 0.0
-0.29 10.0199995 -1.5999999 2.291831 0.57295775 0.0
-0.29999998 10.01 -1.3399999 -0.57295775 2.291831 1.7188734
-0.37 10.179999 -0.89 -4.583662 2.291831 1.1459155
-0.099999994 10.25 -1.0799999 0.0 0.57295775 2.291831
0.06 10.09 -1.3399999 2.291831 0.0 2.291831
-0.28 10.16 -1.16 0.57295775 0.0 0.0
-0.17 10.179999 -1.1999999 0.57295775 0.57295775 0.0
-0.11 10.2 -1.36 -1.1459155 1.7188734 1.7188734
-0.099999994 10.05 -1.28 -4.583662 1.1459155 1.1459155
-0.25 10.09 -0.65 -6.8754935 1.1459155 0.0
