2.4299998 9.53 0.61 -1.1459155 -36.669296 20.62648
2.19 10.15 0.78 3.4377468 -49.27437 1.7188734
2.78 10.469999 0.74 11.459155 -44.69071 -0.57295775
2.3799999 11.3 -0.95 34.377464 -34.950428 -7.448451
1.8 11.849999 -0.7 35.523384 -12.032113 -11.459155
1.81 12.11 0.71999997 1.7188734 -1.7188734 0.0
3.01 13.33 2.97 -20.053522 -0.57295775 9.167324
3.58 13.7699995 2.6399999 -6.3025355 1.7188734 2.8647888
3.6 14.42 2.62 -5.15662 11.459155 -9.167324
2.8899999 14.639999 3.59 -10.31324 22.345354 -14.323945
2.58 15.309999 3.49 -1.7188734 32.085636 -24.637184
2.54 15.5 3.83 -0.57295775 36.09634 -26.356058
3.8 15.54 4.43 -1.1459155 36.669296 -27.501974
5.0099998 15.259999 3.3899999 12.032113 41.25296 -39.53409
4.7799997 15.139999 2.95 17.761692 49.27437 -49.27437
3.85 14.48 3.55 14.323945 59.58761 -71.04677
3.82 13.79 2.72 28.07493 62.4524 -77.349304
3.82 13.79 2.72 28.07493 62.4524 -77.349304
4.12 12.929999 0.59999996 9.167324 66.463104 -87.662544
3.32 11.46 0.47 4.0107045 69.32789 -90.52733
3.32 11.46 0.47 4.0107045 69.32789 -90.52733
2.62 10.849999 0.06 5.7295775 67.60902 -95.68395
2.49 9.87 0.65999997 3.4377468 63.02536 -91.67324
2.8799999 8.8 -0.12 6.8754935 64.17127 -91.10028
2.4199998 7.0499997 -2.55 12.605071 76.203384 -96.829865
0.41 5.8199997 -1.87 -2.291831 83.65183 -99.69466
-0.01 4.6 -2.09 2.291831 77.349304 -90.52733
0.04 3.9399998 -4.5899997 26.356058 64.74423 -92.24621
-0.7 3.05 -6.19 17.188732 60.160564 -94.53803
-1.86 2.1 -5.54 -20.62648 57.29578 -83.65183
-2.8999999 1.41 -4.58 -52.139156 57.868736 -73.33859
-3.7099998 1.0 -3.4099998 -67.03606 56.14986 -57.868736
-4.15 1.29 -2.86 -68.18198 53.858032 -49.84733
-4.65 2.25 -1.86 -63.598316 42.398876 -29.793804
-4.13 2.85 -0.57 -55.00395 37.242256 -6.3025355
-3.76 3.48 -0.65999997 -45.263664 34.950428 -1.1459155
-3.8799999 3.77 -1.7199999 -24.637184 38.38817 4.0107045
-4.11 3.6599998 -1.23 -23.49127 46.40958 12.605071
-3.6 4.52 0.39999998 -32.085636 37.242256 28.07493
-2.6799998 5.17 0.22 -26.929016 28.07493 34.950428
-1.8199999 4.49 -0.71 -24.064226 35.523384 42.971836
-2.47 3.1799998 -0.32 -39.53409 51.5662 48.701412
-3.6899998 5.45 3.79 -65.317184 63.02536 36.09634
-3.73 6.8999996 4.91 -78.49522 60.733524 24.637184
-0.76 5.79 2.77 -79.06818 58.441692 42.398876
-2.5 4.65 5.14 -104.27831 76.77634 50.420284
-2.9399998 6.35 9.62 -105.42423 69.900856 69.32789
1.9 5.5899997 5.93 -31.51268 34.377464 87.089584
5.39 4.7799997 -0.049999997 28.64789 40.107044 73.91155
-0.98999995 5.0499997 0.84999996 -36.669296 69.32789 47.555496
-3.72 7.31 10.25 -93.39212 90.52733 56.72282
2.99 7.87 11.07 -140.94762 76.203384 115.73747
7.98 8.51 4.25 -48.128452 33.80451 150.6879
6.1299996 10.099999 2.45 36.09634 54.43099 124.33183
-0.32 15.049999 4.71 41.25296 115.16451 95.68395
0.77 16.88 1.66 41.825916 119.74818 84.22479
7.54 16.94 -1.56 59.014652 102.55944 91.10028
3.29 16.029999 -4.47 13.750987 102.55944 59.58761
-1.65 17.08 0.62 -66.463104 102.55944 56.14986
3.1699998 17.09 1.6899999 -72.19268 64.74423 97.97578
8.87 16.59 -2.86 -46.40958 48.128452 87.662544
1.67 15.429999 -0.65999997 -115.16451 68.18198 25.210142
-0.9 14.61 4.38 -106.57015 49.84733 34.950428
3.74 13.83 2.74 -21.199438 10.886198 55.576904
5.6 13.62 -2.1699998 57.29578 35.523384 22.345354
3.8799999 12.559999 -3.21 57.29578 35.523384 22.345354
1.0799999 11.45 -1.62 8.021409 49.27437 2.291831
2.1 10.9 -2.19 23.49127 26.929016 14.323945
3.1 11.07 -4.04 44.11775 13.750987 13.178029
2.1699998 11.25 -4.68 71.04677 -14.896902 -9.167324
2.55 10.67 -5.1 60.733524 -18.334648 -5.7295775
2.56 10.24 -5.3599997 55.00395 -13.178029 -0.57295775
3.59 10.29 -5.4 52.139156 -26.356058 2.8647888
4.13 9.94 -4.44 49.84733 -63.598316 -5.15662
4.11 9.929999 -4.21 53.285076 -72.19268 -10.31324
2.8799999 9.179999 -4.8599997 72.76564 -59.58761 -24.064226
1.99 9.05 -5.66 46.40958 -80.21409 -18.907606
3.1799998 8.97 -4.94 24.064226 -96.829865 -5.7295775
4.75 9.53 -3.87 -21.199438 -112.29972 12.032113
5.41 8.86 -2.9299998 -34.950428 -117.456345 17.188732
4.8599997 9.3 -2.19 -17.761692 -136.36395 10.31324
5.64 10.2699995 -2.12 -11.459155 -136.36395 7.448451
5.29 9.12 -1.26 -4.0107045 -139.80171 2.8647888
3.9199998 8.62 0.19 -16.042818 -156.41748 -3.4377468
4.63 10.059999 0.28 -24.064226 -147.8231 2.291831
6.47 10.73 -1.0 -4.0107045 -146.10423 14.896902
6.3399997 9.29 -0.96999997 9.740283 -156.41748 18.334648
5.0899997 9.389999 0.39999998 0.0 -151.8338 6.3025355
5.15 9.92 0.82 -9.167324 -146.67719 0.0
6.5899997 9.55 0.59999996 -1.1459155 -146.10423 10.886198
6.41 8.9 0.71999997 -6.8754935 -142.09354 16.615776
5.99 8.5 1.8 -27.501974 -143.23946 11.459155
6.77 10.07 3.77 -33.231552 -156.41748 9.167324
6.3799996 9.9 3.8999999 -22.345354 -152.40677 6.8754935
6.3799996 9.9 3.8999999 -22.345354 -152.40677 6.8754935
4.88 10.2 6.62 -25.210142 -136.36395 8.594366
3.85 9.599999 6.5699997 -31.51268 -103.1324 3.4377468
4.0299997 9.2 6.7799997 -28.07493 -75.630424 5.7295775
4.13 9.8 6.5499997 -6.8754935 -80.78705 13.178029
3.98 10.389999 6.1099997 18.334648 -76.203384 8.594366
3.25 10.05 5.38 21.772396 -69.900856 6.3025355
2.59 9.32 6.47 9.167324 -54.43099 4.583662
2.37 10.809999 6.56 5.7295775 -49.27437 8.021409
3.4399998 11.2 4.62 9.167324 -35.523384 14.323945
1.5999999 9.7 5.0499997 -7.448451 -21.199438 6.8754935
1.4599999 9.849999 5.7599998 -42.398876 -16.042818 0.0
3.25 10.4 5.92 -41.825916 -16.615776 8.594366
2.8999999 10.21 4.3399997 -18.907606 -1.1459155 -1.7188734
1.3 10.88 5.15 -20.62648 12.032113 -18.907606
1.5999999 11.7 5.3199997 -26.356058 12.605071 -13.178029
2.8 13.21 4.29 -16.042818 26.356058 3.4377468
2.3999999 12.809999 3.75 14.323945 38.38817 0.57295775
2.76 13.82 3.46 21.772396 34.950428 -14.323945
3.77 15.089999 1.5 29.220846 29.220846 -32.085636
4.06 13.21 0.69 4.0107045 44.69071 -34.950428
2.9299998 11.849999 2.4299998 -16.615776 49.84733 -40.107044
2.2 11.58 4.2599998 -53.285076 48.128452 -48.128452
2.86 10.84 4.63 -57.868736 53.285076 -36.09634
3.49 10.4 4.52 -33.80451 68.75493 -24.064226
4.0 10.469999 3.82 2.8647888 69.900856 -25.7831
4.25 10.24 1.9499999 33.80451 66.463104 -34.950428
4.14 9.83 0.03 41.25296 76.203384 -42.971836
2.9299998 9.71 -0.39999998 19.480566 85.94367 -46.98254
2.9299998 9.71 -0.39999998 19.480566 85.94367 -46.98254
1.9799999 8.98 -0.61 -28.64789 81.36001 -42.971836
1.26 8.65 0.11 -42.398876 77.922264 -37.815212
1.67 8.83 0.96999997 -53.285076 68.18198 -25.210142
3.08 8.54 0.78999996 -30.366762 64.74423 -8.594366
2.71 8.3 0.099999994 -17.761692 67.60902 -15.469859
1.02 8.49 0.24 1.7188734 73.91155 -30.939718
0.5 8.28 -0.52 13.178029 68.18198 -28.07493
0.97999996 7.98 -1.0699999 19.480566 61.879436 -11.459155
1.4599999 7.5899997 -1.36 16.615776 55.00395 -3.4377468
1.5899999 7.71 -1.0799999 16.042818 51.5662 -2.291831
1.3299999 8.2 -1.56 25.210142 42.971836 -7.448451
1.0699999 8.24 -2.77 40.680004 34.377464 -17.761692
0.21 7.7999997 -2.95 27.501974 34.950428 -20.62648
0.17 7.54 -2.21 15.469859 32.085636 -13.750987
0.69 7.52 -1.76 -1.1459155 13.178029 -4.583662
0.35 7.69 -1.49 -5.15662 4.0107045 -4.583662
-0.25 8.26 -0.94 -2.291831 5.7295775 -7.448451
-0.45 8.59 -0.53999996 0.0 0.57295775 -8.021409
-0.29 9.179999 0.07 16.615776 -4.0107045 4.0107045
0.37 9.69 -0.56 26.356058 -4.583662 6.8754935
0.62 9.88 -0.90999997 36.09634 -5.7295775 3.4377468
0.0 10.059999 -1.77 25.210142 -0.57295775 -4.0107045
-0.24 10.25 -1.5799999 14.896902 -3.4377468 -5.7295775
0.0 9.809999 -0.32999998 -12.032113 -14.896902 -3.4377468
-0.25 9.7 0.59 -14.896902 -13.750987 -2.291831
-0.32 9.98 0.98999995 -12.032113 -9.167324 0.0
-0.22 9.969999 0.94 -4.583662 -5.7295775 1.1459155
-0.099999994 10.099999 0.9 2.291831 -6.8754935 0.0
0.32999998 10.24 0.29999998 11.459155 -9.167324 -3.4377468
-0.28 10.139999 -0.21 9.167324 -5.15662 -8.594366
-0.69 10.099999 0.35999998 -3.4377468 0.0 -8.021409
-0.59 9.9 1.03 -14.323945 -1.1459155 -0.57295775
-0.17 9.79 1.29 -10.31324 -2.8647888 4.0107045
-0.26999998 9.82 1.03 2.8647888 -2.8647888 0.0
-0.59999996 9.76 0.39 12.605071 -0.57295775 -1.7188734
-0.38 9.79 -0.45999998 13.750987 -1.7188734 1.7188734
-0.17999999 9.73 -0.79999995 3.4377468 -2.291831 4.0107045
-0.22 9.99 0.14 -13.750987 -2.291831 4.583662
-0.11 9.809999 1.13 -20.053522 -3.4377468 5.15662
-0.26 9.849999 1.77 -19.480566 -2.291831 5.15662
-0.24 10.059999 1.5799999 -5.15662 -2.291831 1.1459155
0.06 10.07 0.39 12.032113 0.0 0.0
-0.26 9.91 -0.45 16.615776 5.7295775 1.1459155
-0.38 9.86 0.13 3.4377468 10.886198 1.1459155
0.12 9.969999 0.53 -9.167324 5.15662 4.583662
0.24 9.9 0.37 -5.7295775 -0.57295775 1.7188734
-0.34 9.86 0.17999999 2.8647888 0.57295775 -3.4377468
-0.29999998 9.929999 0.55 0.57295775 0.0 -2.291831
0.11 9.86 0.63 -3.4377468 -1.1459155 2.291831
0.03 9.8 0.58 -2.291831 2.8647888 4.583662
-0.13 9.98 0.77 0.0 2.291831 3.4377468
0.03 10.01 0.53 2.291831 -0.57295775 2.8647888
-0.28 10.07 0.31 6.3025355 4.0107045 2.8647888
0.07 10.389999 0.76 2.8647888 5.15662 4.0107045
0.7 10.219999 0.29 4.0107045 1.7188734 5.15662
-0.099999994 10.04 -0.44 7.448451 5.15662 -1.7188734
-0.59 10.2 0.04 5.7295775 7.448451 -4.583662
-0.26999998 10.15 0.35 -5.15662 3.4377468 1.7188734
0.55 10.36 0.75 -10.31324 -1.1459155 5.7295775
0.35999998 10.719999 0.25 -4.583662 3.4377468 1.1459155
0.13 10.23 0.089999996 -3.4377468 6.8754935 -8.021409
-0.16 10.07 0.52 -17.761692 6.3025355 -12.605071
-0.52 9.99 0.96 -21.772396 5.15662 -13.750987
-0.53 9.88 1.56 -17.761692 4.583662 -7.448451
-0.03 9.62 0.84999996 -5.15662 0.57295775 -0.57295775
0.02 10.01 0.52 0.0 0.57295775 -2.291831
-0.06 9.78 1.23 -8.021409 -4.0107045 -1.1459155
0.11 9.849999 1.4399999 -4.0107045 -5.7295775 -1.1459155
0.03 9.9 1.1899999 0.0 -2.8647888 -1.1459155
-0.35 9.95 0.47 4.583662 4.0107045 0.0
-0.28 9.94 0.51 0.0 4.0107045 2.8647888
0.26999998 10.0199995 0.84 -2.291831 -1.1459155 2.291831
-0.29 10.12 0.19 2.291831 0.57295775 -5.15662
-0.44 10.15 0.53 -0.57295775 0.57295775 -4.583662
-0.22 10.0 0.76 -6.3025355 -0.57295775 -2.8647888
-0.42999998 9.58 0.96 -9.740283 0.0 0.0
-0.63 9.599999 1.14 -6.3025355 1.7188734 -1.7188734
-0.26 9.86 1.2099999 1.7188734 -0.57295775 1.1459155
0.099999994 10.09 0.62 12.032113 -4.583662 2.8647888
-0.21 10.12 -0.16 16.042818 -0.57295775 0.57295775
-0.26999998 10.0199995 0.099999994 5.7295775 -1.1459155 -1.1459155
0.14999999 9.96 1.09 -8.594366 -5.7295775 0.0
0.06 9.9 1.13 -9.740283 -6.8754935 -1.7188734
-0.55 9.8 1.09 -1.7188734 1.1459155 -3.4377468
-0.53 9.87 1.29 0.57295775 1.1459155 0.0
0.0 10.04 0.78999996 6.3025355 0.0 4.583662
0.28 10.16 0.22 8.021409 0.0 1.7188734
0.21 10.08 0.22999999 4.0107045 -1.1459155 -0.57295775
-0.35999998 9.969999 0.52 -1.7188734 -0.57295775 -5.15662
-0.58 9.83 0.83 -4.583662 0.0 -4.583662
-0.29 9.849999 1.18 -5.7295775 0.0 0.0
0.07 9.83 1.06 -2.291831 0.0 4.0107045
-0.07 9.87 0.51 5.7295775 1.1459155 1.7188734
