2.27 9.11 0.72999996 18.907606 15.469859 2.291831
2.35 9.139999 -0.53 13.750987 5.7295775 -0.57295775
1.31 9.349999 0.13 3.4377468 -36.669296 9.740283
1.78 9.44 0.17 -3.4377468 -24.637184 10.31324
2.08 9.09 0.32999998 -4.0107045 -6.3025355 6.3025355
2.1299999 9.16 0.72999996 2.291831 -6.3025355 1.7188734
1.6899999 9.3 0.96999997 11.459155 -8.021409 4.0107045
1.73 9.25 1.0699999 23.49127 -8.594366 3.4377468
1.54 9.429999 0.75 34.950428 -13.750987 3.4377468
1.35 9.349999 0.65 38.961132 -12.032113 8.021409
0.88 9.49 0.32 33.231552 -10.31324 13.750987
0.82 10.29 0.96999997 26.929016 -6.8754935 14.896902
0.47 11.55 1.6999999 25.7831 -8.021409 19.480566
0.9 13.219999 2.24 18.334648 -6.8754935 22.345354
1.13 15.86 3.9399998 13.178029 -7.448451 10.31324
2.3999999 17.99 5.42 16.615776 -6.8754935 -6.3025355
3.6399999 19.01 6.1 22.91831 4.583662 -24.637184
3.79 20.369999 6.29 26.356058 18.907606 -40.107044
4.39 21.47 6.44 29.793804 30.939718 -60.160564
6.27 21.22 5.68 37.242256 40.107044 -87.662544
7.6 16.58 1.48 38.961132 56.14986 -128.34254
6.7799997 14.559999 0.26999998 37.242256 59.58761 -139.22873
6.58 11.73 -1.01 29.793804 63.02536 -147.25015
5.68 8.58 -2.47 13.178029 72.19268 -146.10423
4.96 5.38 -3.9599998 -2.8647888 72.76564 -136.9369
3.37 1.9399999 -4.7599998 -13.750987 76.203384 -126.62367
1.0699999 -0.17 -4.49 -5.15662 73.33859 -103.70536
-0.48999998 -0.45 -4.0699997 -5.7295775 34.377464 -84.79775
-1.04 -0.14 -3.6899998 -19.480566 23.49127 -62.4524
-0.72999996 -1.1 -3.85 -34.950428 37.242256 -48.701412
-1.36 -1.63 -3.1599998 -45.83662 33.231552 -32.658592
-2.09 -0.78 -1.73 -61.30648 32.085636 -11.459155
-1.65 -0.53999996 -1.0799999 -91.67324 36.669296 1.1459155
-1.4599999 -0.13 2.9099998 -94.53803 37.815212 5.7295775
-2.2 0.26 5.13 -75.630424 50.993244 22.345354
-2.0 0.84999996 5.3399997 -41.825916 67.60902 38.38817
-0.45999998 1.18 3.9499998 -24.637184 67.60902 42.971836
-0.41 0.78999996 3.31 -31.51268 74.48451 45.263664
-2.31 1.62 4.8399997 -9.740283 87.089584 78.49522
-0.91999996 2.9399998 4.39 3.4377468 102.55944 100.26762
1.51 3.36 0.65 -27.501974 111.15381 93.96508
1.4399999 5.5099998 -0.099999994 -59.58761 92.81916 94.53803
0.48 7.83 2.6799998 -40.107044 72.19268 112.87268
1.73 9.95 3.58 -13.178029 81.93296 124.33183
5.12 11.889999 1.1899999 -36.09634 91.10028 98.54874
4.5699997 16.47 2.05 -22.91831 77.349304 88.80846
5.99 17.97 1.49 12.032113 77.922264 82.50592
7.54 17.34 -2.18 24.064226 91.10028 55.576904
5.3599997 16.21 -4.2999997 15.469859 92.24621 37.242256
3.36 16.38 -3.6599998 20.053522 69.32789 36.09634
4.06 16.64 -4.58 38.961132 36.09634 30.366762
6.14 15.65 -6.75 28.64789 19.480566 5.7295775
6.29 13.7 -8.32 1.7188734 17.188732 -10.886198
3.9599998 11.679999 -7.7999997 -11.459155 8.594366 -4.583662
1.8499999 11.4 -5.8399997 7.448451 -16.615776 9.167324
3.3999999 10.87 -6.2999997 23.49127 -40.107044 4.583662
5.2 9.86 -7.8799996 1.7188734 -59.014652 -15.469859
5.06 6.2 -8.47 -14.896902 -76.77634 -14.896902
3.72 3.85 -7.21 -30.366762 -84.22479 -2.291831
2.69 3.0 -5.47 -10.886198 -100.84057 16.042818
3.35 2.69 -6.3399997 24.637184 -130.06142 34.950428
4.64 2.48 -7.95 37.242256 -154.69861 50.993244
5.2 2.55 -8.389999 15.469859 -162.72002 86.516624
6.0899997 3.55 -6.5099998 -26.929016 -166.15775 98.54874
7.54 5.5899997 -3.34 -24.637184 -167.30367 109.43494
9.719999 7.0099998 -0.98999995 -4.0107045 -170.74142 111.15381
11.21 8.72 -0.14 8.021409 -178.18987 104.85127
10.679999 10.95 1.06 2.291831 -179.90874 101.41353
10.63 14.88 4.79 -11.459155 -170.16847 100.84057
12.42 17.119999 7.1099997 -49.84733 -132.92621 59.58761
9.969999 15.4 8.389999 -57.868736 -114.59156 22.91831
6.42 12.98 9.08 -33.80451 -111.15381 20.053522
5.19 13.24 9.12 -4.583662 -100.26762 17.761692
5.65 13.049999 7.74 -8.594366 -87.662544 11.459155
5.66 13.04 7.22 -28.07493 -67.60902 0.0
4.71 12.66 7.85 -29.793804 -45.83662 -5.7295775
3.72 13.21 7.96 -17.761692 -34.377464 -8.021409
3.4299998 14.82 7.7999997 -5.7295775 -24.064226 -13.178029
3.6899998 17.1 7.3399997 8.021409 -10.886198 -22.345354
5.39 19.39 5.62 -5.7295775 6.8754935 -40.680004
7.16 20.93 3.6999998 -41.825916 20.62648 -69.900856
7.3199997 17.35 4.5899997 -67.60902 42.971836 -105.997185
6.96 15.49 5.8599997 -47.555496 49.27437 -114.0186
7.24 12.74 4.88 -12.605071 59.014652 -121.46705
6.44 10.3 3.46 16.615776 65.317184 -120.89409
5.94 8.61 1.7099999 26.356058 69.900856 -112.29972
5.52 7.0099998 -0.47 14.323945 73.91155 -100.84057
5.24 5.44 -2.3999999 -17.188732 78.49522 -87.089584
5.06 3.8 -3.4399998 -27.501974 78.49522 -86.516624
3.9299998 2.37 -3.77 -25.210142 73.91155 -89.38142
2.34 1.5799999 -3.49 -17.761692 64.17127 -83.07887
0.62 1.0799999 -3.1299999 -5.15662 48.701412 -64.17127
-0.07 0.96999997 -2.77 12.032113 32.658592 -48.701412
-0.64 3.22 -2.31 32.658592 20.053522 -23.49127
0.0 4.24 -3.4199998 25.7831 12.032113 -18.334648
-0.03 4.5299997 -3.3999999 9.740283 13.750987 -18.334648
-0.44 5.94 -1.9499999 4.583662 14.323945 -11.459155
-0.06 6.7799997 -1.65 12.032113 11.459155 -0.57295775
0.29 6.39 -2.59 11.459155 11.459155 -4.583662
-0.65999997 6.7999997 -2.3799999 1.7188734 0.0 -0.57295775
-0.45999998 7.89 -1.14 3.4377468 -4.583662 4.583662
0.07 8.429999 -0.7 6.3025355 0.57295775 5.15662
-0.14 8.51 -1.16 1.1459155 0.0 6.8754935
-0.29 8.65 -1.3299999 -5.15662 -1.7188734 13.178029
0.099999994 9.09 -0.85999995 -5.7295775 -3.4377468 11.459155
0.31 9.969999 0.03 -0.57295775 -10.31324 12.605071
0.55 9.94 -0.049999997 1.7188734 -8.021409 11.459155
0.42 10.16 0.11 3.4377468 -5.7295775 10.31324
0.72999996 10.8 0.28 5.7295775 -4.0107045 8.021409
0.91999996 10.57 -0.25 4.0107045 -3.4377468 4.0107045
0.79999995 10.29 -0.31 0.0 -6.3025355 0.0
0.35 10.26 -0.02 -3.4377468 -2.291831 0.57295775
0.29999998 10.2699995 0.11 -5.7295775 -1.7188734 0.57295775
0.35999998 10.15 0.26999998 -3.4377468 -3.4377468 0.0
0.57 9.99 0.59999996 2.8647888 -2.291831 -2.291831
0.34 9.76 0.47 7.448451 0.0 -1.1459155
0.08 9.5199995 -0.32 1.7188734 -1.1459155 0.57295775
0.48 9.59 0.11 -7.448451 -1.7188734 3.4377468
0.74 9.67 0.65 -2.8647888 0.0 0.0
0.35999998 9.75 0.72999996 4.0107045 2.291831 -1.7188734
0.35 9.67 0.31 6.3025355 2.291831 0.0
0.42 9.599999 -0.07 4.583662 2.8647888 0.0
0.19999999 9.65 -0.35 1.7188734 3.4377468 0.0
0.22999999 9.7 -0.41 -0.57295775 -3.4377468 0.57295775
0.83 9.8 -0.28 -2.8647888 2.291831 -3.4377468
0.26999998 9.79 -0.13 -7.448451 4.0107045 0.57295775
0.17 9.9 0.089999996 -9.167324 2.8647888 1.7188734
0.32999998 9.639999 0.13 -4.0107045 3.4377468 0.57295775
0.29999998 9.57 0.39 6.3025355 0.0 1.1459155
0.14 9.29 0.29 17.188732 -1.7188734 3.4377468
0.44 9.099999 -0.65 15.469859 -1.1459155 5.15662
0.45999998 9.24 -1.0799999 9.167324 0.57295775 5.7295775
0.55 9.65 -0.89 0.0 -2.8647888 5.15662
0.68 9.86 -0.099999994 -3.4377468 -4.0107045 4.583662
0.77 9.91 0.48999998 0.0 -2.291831 2.291831
0.69 10.03 0.53 10.31324 -0.57295775 0.0
0.55 9.809999 -0.13 5.7295775 0.0 0.0
0.26 9.74 -0.42 -0.57295775 0.0 2.8647888
0.42 9.9 -0.19999999 -2.8647888 -0.57295775 2.8647888
0.96999997 10.099999 0.12 0.0 0.0 -1.7188734
0.78 10.099999 0.06 2.291831 1.1459155 -3.4377468
0.31 9.73 -0.22999999 -2.8647888 1.7188734 1.1459155
0.65999997 9.95 0.0 -4.583662 0.0 2.291831
0.75 9.86 0.31 1.7188734 1.1459155 -0.57295775
0.52 9.78 0.0 9.167324 0.0 -3.4377468
0.28 9.58 -0.63 7.448451 0.0 -1.7188734
0.29999998 9.62 -0.65 0.0 1.1459155 0.57295775
0.32999998 9.53 -0.19999999 0.0 0.0 2.8647888
0.51 9.349999 0.16 7.448451 -1.1459155 1.7188734
0.59 9.2699995 0.14999999 12.032113 -2.8647888 0.0
0.63 9.26 -0.42 7.448451 -3.4377468 -0.57295775
0.29 9.2 -0.9 -2.291831 -0.57295775 2.291831
-0.08 9.19 -0.53999996 -5.15662 -2.291831 8.021409
0.52 9.46 0.19999999 7.448451 -1.7188734 1.7188734
0.7 9.78 -0.06 13.178029 -2.291831 -1.1459155
0.55 9.679999 -0.48999998 10.886198 -2.291831 -1.7188734
0.25 9.62 -0.71999997 3.4377468 1.1459155 0.0
0.25 9.61 -0.64 -2.8647888 2.291831 4.583662
0.64 9.7699995 -0.41 -2.8647888 -0.57295775 4.0107045
