1.2833313 9.6896305 -0.6105401 1.0841249 -5.42332 1.066135
1.2402344 9.751882 -0.11971374 -7.000875 -2.02832 3.131135
1.1085492 9.641745 0.045491222 -10.325875 -2.02832 2.361135
1.0965779 9.586677 0.052674048 -6.510875 -3.7083201 1.871135
1.2067145 9.57231 -0.13168511 -0.49087498 -6.4383197 2.6061351
1.2881198 9.7135725 -0.14844504 3.1841252 -8.433321 3.0261352
1.594587 10.218765 -0.10774237 3.9541254 -9.133321 3.4811351
1.2522057 11.040001 0.15323359 4.129125 -8.99332 2.781135
0.67757976 12.924295 0.25858167 3.2541249 -7.06832 1.3811351
-0.42378664 16.87485 0.74222517 1.784125 -6.54332 6.526135
2.0375278 20.234016 2.9689007 -6.195875 -1.1533201 22.591135
5.6983743 23.387276 3.553104 -3.150875 9.3816805 37.501137
7.8915296 25.597193 0.8044763 34.089127 0.87668 31.656134
8.8085375 24.622723 -2.343995 74.68913 -16.79832 -1.173865
8.193209 21.799871 -2.9329867 69.47412 -20.823318 -44.713863
6.56989 17.957062 -0.9481328 13.299126 -4.51332 -87.413864
5.3679643 14.889995 0.18914771 -47.670876 9.34668 -121.64387
3.5914123 11.427874 1.5586729 -84.98087 2.10168 -144.32388
3.0191805 8.250671 1.8651401 -106.645874 -4.37332 -150.72887
2.6097596 6.186806 1.0989721 -109.37588 12.77668 -146.38887
1.8268317 4.6927786 0.7589851 -91.77088 13.79168 -144.21886
1.1253091 3.2107224 1.5586729 -79.34588 -11.72332 -146.00388
0.23942748 1.7119064 1.7238779 -82.42587 -32.37332 -143.76387
-0.1699935 -0.05506832 1.4317763 -86.62588 -30.79832 -138.58386
-0.80208206 -1.5730386 1.1420691 -84.59588 -15.67832 -127.27887
-2.2458298 -2.3679378 1.063058 -82.18088 0.80667996 -115.58886
-4.0966043 -3.3591676 1.8866886 -84.52588 17.851679 -115.76386
-6.0239954 -4.3887057 2.3679378 -90.33588 34.161682 -118.10887
-7.491686 -4.5515165 2.6887705 -79.34588 68.70668 -87.90386
-7.7071705 -4.4126487 3.0622776 -65.73088 71.19167 -54.79387
-6.9457912 -4.0894213 3.2993107 -48.300877 72.38168 -16.328865
-6.1484976 -3.668029 3.1269228 -25.025877 73.921684 17.761135
-4.8723493 -2.8084843 2.719896 -0.38587502 69.65168 47.266136
-4.0463243 -1.5203645 2.3056867 20.649126 68.07668 69.70113
-3.2729738 -0.38068968 1.6927522 35.559128 75.32168 83.141136
-2.2314641 0.51716334 0.7350424 41.649124 79.20668 91.436134
-1.934574 1.8603516 0.19633053 32.934124 80.43168 99.41614
-2.0925963 2.5331428 1.0175668 9.8341255 91.421684 107.046135
-1.4150164 3.2681851 2.0902019 -17.080875 107.87168 117.05614
1.1420691 4.903475 2.1045675 -25.795876 115.08168 143.37614
2.4589202 6.0670924 2.317658 -15.330875 108.43169 159.75613
2.6432793 7.185219 1.9417568 3.884125 93.13669 146.35114
3.5076127 8.475733 0.16520496 34.159126 78.576675 142.88614
4.6041903 9.538791 -0.56744313 57.014126 68.84668 149.32613
4.8340406 11.195629 -1.2186859 59.42912 65.62668 149.92114
6.4621477 12.608252 -1.9202085 48.299126 68.11168 153.59613
6.6249585 13.774263 -1.5802214 30.204124 72.80168 161.68114
7.1732473 14.174107 -1.838803 15.889124 68.18169 151.42615
7.292961 15.610672 -3.050306 11.794125 55.126682 133.99614
7.788576 16.118258 -4.6496816 7.2791257 53.72668 122.97114
6.359194 15.914744 -3.3735332 -8.610875 57.29668 111.87614
4.731087 16.374445 -2.2889266 -30.975878 47.18168 82.72114
7.429435 16.922735 -4.7143273 -31.395876 34.09168 64.69613
9.538791 15.926716 -7.8125186 -13.160875 26.916681 74.671135
7.0080423 14.760704 -5.253039 -15.085875 21.701681 65.92114
4.819675 13.927497 -3.3926873 -40.460873 17.53668 25.391134
5.183605 14.049604 -4.865166 -38.500874 0.80667996 -0.088865004
7.3480296 12.902747 -7.228316 -6.5808754 -15.538321 4.846135
6.88354 11.916306 -7.4964743 12.774125 -28.103321 6.386135
4.242655 11.12859 -4.8484063 6.859125 -37.62332 -11.918865
3.5147953 10.606637 -4.3887057 -6.090875 -48.57832 -36.313866
3.9433706 10.537204 -5.506832 6.299125 -70.838326 -44.818863
3.4716985 10.412702 -5.1596622 28.489126 -94.813324 -41.073864
3.397476 10.146936 -2.9952378 23.274126 -107.83332 -39.21887
4.0128045 10.199611 -1.8507744 0.55912507 -111.64832 -34.458866
4.723904 10.326508 -2.6600394 7.629125 -129.18333 -26.653864
4.3456087 10.012857 -2.9832664 11.339126 -136.18333 -30.398867
3.45015 9.598648 -1.7573977 -8.750875 -137.23332 -31.833866
3.4333901 9.39274 -0.17717634 -29.820875 -139.40332 -24.553865
4.436591 9.215564 0.6153286 -35.70088 -143.88333 -13.388865
4.6281333 9.040782 0.72546524 -27.860876 -148.39832 -9.328865
3.6919718 8.657698 1.1612233 -19.775875 -147.94333 -14.228866
2.6217308 8.662486 2.0878077 -16.800875 -144.19832 -17.308865
3.3495905 9.232324 1.9034485 -10.465876 -141.71332 -9.713865
4.3958883 9.373586 1.0917894 -1.680875 -140.87332 1.9411348
3.7494342 9.074302 2.0087965 -2.4858751 -139.08832 1.4161351
2.9593236 9.191621 2.7486274 -9.135875 -133.7333 -7.3688655
2.8611584 9.251478 2.4541316 -6.020875 -129.98833 -7.8588653
3.6201434 9.052753 2.2865324 1.854125 -129.91832 0.36613497
3.4740927 9.234718 2.9377751 0.209125 -126.83832 8.031136
3.007209 9.174861 3.9888618 -5.810875 -119.978325 7.4361343
2.8108785 9.325701 4.1780095 -3.150875 -112.20832 9.5711355
3.5554981 10.142148 3.7087317 8.749125 -110.56332 15.556135
3.8619652 11.075915 3.955342 17.149124 -112.69832 21.366135
3.0622776 11.698426 4.9800916 12.879125 -101.60332 19.966135
2.648068 11.787015 5.0064287 7.4191246 -79.413315 15.766134
3.189174 12.167705 4.252232 10.534124 -60.758324 16.116135
3.78056 12.833313 4.80531 10.394126 -47.49332 20.036137
3.5387383 12.967392 5.540352 -4.340875 -34.018322 19.476135
3.057489 13.168511 5.8252707 -17.990875 -19.66832 11.951135
3.354379 13.161328 4.932206 -18.340876 -7.83832 3.6561348
3.9697077 12.94345 4.5898247 -15.960875 7.946681 -0.893865
3.6704233 12.292207 4.826858 -23.590874 28.07168 -3.308865
2.80609 11.44224 4.5898247 -33.215878 46.796684 -11.708865
2.8803127 10.881979 3.7207031 -32.16588 60.236683 -19.933867
3.7661943 10.697619 2.3846977 -24.500875 70.52667 -20.913864
3.6728175 10.194822 2.0782306 -19.145876 77.07168 -19.058867
2.152453 10.297776 1.3168511 -20.090876 83.336685 -27.598866
1.802889 9.897932 -0.39505535 -18.060875 92.68168 -42.053864
1.2450229 9.488511 0.18435916 -17.780874 101.78168 -42.543865
1.5897985 9.277815 1.0989721 -36.960876 108.43169 -32.358864
2.0016139 9.220352 0.18675344 -15.925876 90.72169 -32.463863
1.5850099 8.945011 -1.2426286 13.089126 77.946686 -38.833862
0.679974 8.628966 -1.8316202 27.299126 75.63668 -46.673866
-0.16041641 8.18842 -2.116539 29.259123 71.506676 -48.213867
-0.13886794 7.9753294 -2.6360965 26.214127 64.40168 -41.038864
0.7877164 7.9513865 -2.770176 20.684124 56.666683 -27.773865
0.7996878 7.6904106 -2.7294734 14.629125 49.946682 -21.053865
-0.26337022 7.3671837 -2.3679378 11.619125 45.92168 -24.238865
-0.39266106 7.161276 -2.4349775 12.144125 40.00668 -23.328865
0.16281068 7.0319853 -2.6504622 15.434126 31.886684 -15.453865
0.32801566 7.290567 -2.2458298 15.889124 25.55168 -8.698865
0.3328042 7.5299945 -1.7310607 11.969125 21.45668 -6.5288653
0.028731298 7.778999 -1.5323359 11.829125 16.17168 -5.793865
-0.19633053 8.320105 -1.9441512 18.094126 12.14668 -4.9188647
0.12929083 8.626573 -2.1668186 22.364124 8.22668 -2.503865
0.28731298 8.995291 -1.3455825 16.764124 5.7416797 0.191135
0.057462595 9.220352 -1.1061549 7.6641254 6.75668 0.506135
-0.0670397 9.246689 -1.3958622 8.574125 6.86168 -0.22886501
0.11253092 9.342461 -1.1708003 10.674125 4.20168 -0.578865
-0.0023942748 9.445415 -0.5818088 5.809125 4.30668 0.611135
-0.25139886 9.419077 -1.0008069 3.219125 5.6366796 -0.26386502
-0.3328042 9.452597 -1.403045 7.1391253 4.86668 -0.158865
-0.3902668 9.569917 -1.1636176 6.754125 4.79668 2.291135
-0.33759275 9.711179 -0.9289786 2.484125 3.0466802 3.586135
-0.16041641 9.845258 -0.86912173 1.0491251 -0.76831996 3.4811351
0.16520496 9.945818 -0.7805336 1.854125 -3.3933198 4.006135
-0.15083931 10.032011 -0.51716334 1.994125 -3.14832 4.531135
-0.05985687 10.101445 -0.54350036 2.484125 -3.2183201 1.4511349
0.409421 10.082292 -0.818842 4.479125 -2.48332 0.47113502
0.13647367 10.029617 -0.9241901 6.299125 -1.8183202 1.4161351
-0.19393626 9.883567 -0.9792584 6.8241253 -1.32832 -1.523865
0.038308397 9.766247 -0.93616146 4.8641253 -1.22332 -4.463865
-0.12929083 9.766247 -0.8571504 0.734125 -0.73332 -2.608865
-0.4285752 9.727939 -0.41420954 -7.0708747 3.2216802 -1.138865
-0.11971374 9.701602 -0.4189981 -4.585875 0.10668 -0.403865
-0.12689656 9.742304 -0.7853221 0.874125 -4.4433203 -0.438865
-0.15562786 9.835681 -0.8475733 0.55912507 -3.6033201 0.226135
-0.043096945 9.8548355 -0.5123748 -4.515875 -0.27831998 2.081135
0.023942748 9.850046 -0.28970724 -7.3858747 0.56168 2.2211351
0.14605077 9.799767 -0.409421 -5.110875 -0.83831996 1.101135
0.18196489 9.730332 -0.3615355 -2.870875 -1.2583201 0.47113502
-0.2681588 9.759064 -0.23942748 -2.2408752 0.14168 -0.403865
-0.4956149 9.665688 -0.16041641 0.874125 -0.55832 -2.4338648
-0.117319465 9.821315 -0.409421 4.6891246 -2.13332 -1.4188651
0.22745611 10.07032 -0.74701375 6.2291255 -1.18832 2.3961349
0.29689008 10.139753 -0.7733508 3.394125 1.85668 3.3061352
0.08140534 9.876384 -0.4644893 -1.995875 4.23668 0.99613494
-0.28013015 9.73991 -0.7110996 -2.0308752 2.20668 -3.0638652
-0.5770202 9.850046 -0.5794145 1.364125 0.0016800001 -4.2188654
-0.4764607 9.845258 -0.6943397 1.1891251 0.28168002 -2.188865
-0.014365649 9.838076 -1.0391153 2.694125 0.87668 0.961135
0.24900457 9.766247 -0.93616146 3.499125 0.73668 3.3061352
-0.24182175 9.780613 -0.66800267 0.76912504 -0.83831996 0.611135
-0.19154198 9.624985 -0.53392327 -0.91087496 -0.80332 -2.538865
-0.062251143 9.57231 -0.39505535 -1.190875 0.31667998 -1.0688651
-0.0670397 9.703996 -0.6560313 1.574125 -1.1533201 0.15613501
0.04070267 9.775824 -1.0678465 4.8991246 -2.79832 0.401135
-0.009577099 9.778218 -1.1253091 2.9741251 -0.62832004 1.731135
-0.12450229 9.646533 -0.2777359 -5.040875 2.48668 1.6261351
-0.1340794 9.531608 0.07901107 -11.480875 2.17168 0.191135
-0.16759923 9.545974 -0.50758624 -7.3158755 -0.03332 -0.438865
-0.18675344 9.601042 -0.7637737 2.239125 -2.37832 0.016135
-0.05506832 9.634562 -0.72785956 5.074125 -1.9933201 0.821135
0.117319465 9.727939 -0.6057515 1.1891251 -0.55832 1.731135
-0.08858817 9.747093 -0.43096948 -1.7858751 -0.45332003 1.9061351
-0.32562137 9.701602 -0.4860378 -2.0308752 -0.97832 0.541135
-0.19633053 9.711179 -0.64166564 -0.735875 -0.66332 -0.26386502
