1.8771114 9.440625 2.3368123 -3.5854352 -4.12013 2.425815
2.3535721 9.438231 2.413429 -3.200435 -7.0601306 5.470815
2.7246847 9.545974 2.1572416 1.349565 -11.22513 8.865815
2.5403256 9.61062 1.9393626 5.269565 -11.26013 7.710816
2.5283542 9.452597 1.9130256 6.214565 -10.38513 4.2458153
2.3032923 9.519637 1.8555629 5.4445653 -11.820129 2.7058148
2.317658 9.435837 1.7789462 4.779565 -13.46513 2.285815
2.3128695 9.445415 1.9058428 3.8345652 -10.9101305 2.005815
2.19555 9.531608 2.1093562 2.224565 -8.98513 1.935815
2.1740015 9.62259 2.291321 1.524565 -9.405129 1.690815
2.3056867 9.718362 2.360755 2.189565 -10.66513 2.565815
2.6839821 9.905115 2.281744 3.7295651 -9.335131 4.945815
2.6552508 10.1206 2.2170985 6.1795654 -6.99013 5.2958155
2.5283542 10.637763 2.1716073 7.439565 -6.0801296 1.725815
1.6352897 11.906729 2.3032923 6.3195653 -6.88513 -1.1791852
1.1037607 13.431882 3.0119977 -0.26043501 -10.210131 -3.0341852
2.1835787 15.261107 4.7191157 -14.575434 -9.09013 -3.069185
3.3304362 16.798231 6.7063637 -31.830437 -2.82513 3.125815
3.6584518 18.031284 7.632948 -36.730434 5.04987 5.470815
4.63771 18.457464 7.59464 -17.200434 7.5698695 -3.6991851
6.0838523 18.07438 5.4493694 21.194565 -1.63513 -19.309185
6.378348 16.946676 3.6728175 60.49957 -13.25513 -36.424187
5.5331693 15.273079 3.605778 62.31957 0.07987 -73.384186
4.393494 13.187666 3.9194279 42.824566 11.139871 -87.524185
3.5794408 11.731947 3.3591676 36.734566 19.434872 -89.09918
2.8348215 10.474953 2.4637089 41.214565 22.129871 -85.42419
2.7845416 9.117398 1.7573977 46.289566 17.40487 -84.68918
3.11974 8.466156 1.0319325 48.914562 8.89987 -81.15418
3.2370596 7.678439 -0.5411061 48.494564 9.66987 -80.524185
2.4541316 7.0559278 -1.0582695 38.764565 14.429869 -85.774185
1.4605076 6.409474 -0.67279124 21.439566 15.54987 -95.43418
0.818842 5.784568 -0.26097596 5.514565 15.339869 -106.14419
0.409421 5.1213536 -1.2091088 -1.485435 18.38487 -106.73918
-0.06943397 4.8364353 -1.6783867 -4.0404353 23.28487 -102.01418
-0.8547561 4.2737803 -1.5371244 -13.140435 22.75987 -101.10419
-1.6783867 3.7733772 -1.0319325 -25.565435 18.10487 -104.95419
-2.0710478 3.347196 -0.9816527 -37.255436 18.41987 -103.274185
-2.5642684 3.1484714 -0.9816527 -49.190434 27.41487 -93.99919
-3.6728175 3.0096035 -0.21548474 -61.405437 40.43487 -83.63918
-4.496448 2.918621 0.28013015 -68.195435 47.01487 -76.009186
-4.9274178 2.667222 0.58420306 -62.24544 43.26987 -68.69418
-4.819675 2.760599 0.60335726 -49.295437 33.18987 -57.669186
-5.095017 3.0862203 0.3902668 -35.960434 25.944872 -41.324184
-4.9417834 3.232271 0.52674043 -26.230434 25.03487 -26.834185
-4.417437 3.2011454 0.46209505 -22.275436 24.99987 -13.989184
-4.333637 3.5363438 0.1987248 -19.720434 26.67987 0.045815002
-4.563488 3.842811 -0.052674048 -17.970434 31.509872 13.100815
-4.7933383 3.6081722 0.4740664 -20.665436 35.46487 21.290815
-4.8388295 3.902668 0.818842 -28.120436 35.32487 26.540815
-4.278569 4.4892654 0.3902668 -31.970436 34.62487 37.215816
-3.5962007 4.972909 0.06464542 -33.545433 38.474873 56.04582
-3.275368 4.913052 1.0750294 -44.115433 45.96487 71.09582
-2.7749646 4.7981267 2.3559663 -61.58044 49.919872 76.62582
-1.5634614 5.262616 2.456526 -68.89543 43.47987 80.44081
-0.36632404 5.854002 1.9728824 -58.255436 34.09987 93.00581
0.20111908 6.057515 1.8076775 -42.71543 32.73487 107.56581
-0.076616794 6.361588 3.1604428 -35.610435 34.62487 108.265816
-0.14605077 7.1109962 3.4286015 -36.66043 28.009872 96.960815
2.0375278 7.6185822 1.8890828 -28.960436 19.81987 94.58082
2.8180614 7.7766047 0.91700727 -13.070436 19.78487 111.975815
0.80687064 8.095043 3.1748085 -22.345436 21.04487 103.68082
-0.67279124 9.261055 5.487678 -26.685436 11.419869 94.195816
3.2514253 8.959376 3.6201434 -1.8354352 3.71987 123.66582
6.0335727 8.930645 1.3455825 25.324566 10.08987 152.99582
6.4166565 8.743892 0.66321415 28.999565 15.514869 148.44582
1.7837347 10.386364 5.2650104 9.014565 10.89487 116.63082
1.3048798 11.0352125 6.0335727 3.029565 14.849871 106.41081
5.6145744 11.509279 2.9760835 37.224564 17.05487 138.2958
8.983319 12.510086 -1.1875603 73.904564 17.71987 164.26582
10.0200405 12.897959 -1.1205206 73.93957 18.594872 150.23082
6.0096297 14.767887 0.54828894 41.879566 14.95487 108.75582
6.0263896 15.059989 0.6296943 15.559566 29.05987 80.37082
8.18842 14.885206 -0.8044763 9.434565 40.64487 85.34081
8.940222 14.545219 -1.6544439 13.214565 38.01987 82.99582
7.570697 14.497334 -0.65124273 10.834565 24.12487 56.220818
7.5683026 14.253118 -0.9337672 7.9645658 11.03487 28.325815
8.430242 13.410334 -2.3870919 13.004565 4.48987 17.825815
8.166871 12.033626 -3.5004299 13.739565 3.8598702 10.685815
6.876357 11.399142 -2.9162266 0.82456505 7.1498704 -2.614185
5.8755503 10.968173 -1.5874043 -19.020433 2.98487 -16.264185
6.3807425 10.132571 -1.5371244 -29.660435 -7.1301303 -21.269186
6.8069234 9.4932995 -2.1572416 -24.200436 -20.185131 -19.694185
6.4956675 8.980925 -2.2937152 -15.485434 -29.705132 -21.864185
5.767808 8.880365 -2.0782306 -14.4004345 -37.89513 -29.424185
5.6145744 8.605023 -1.6688095 -17.725435 -49.270134 -37.71919
6.1461034 7.9992723 -1.9297855 -24.480434 -56.69013 -40.799187
6.423839 7.2714124 -1.6688095 -30.745434 -60.890133 -38.524185
5.334444 7.211556 -0.7134939 -40.685436 -65.09013 -38.804188
4.5251794 7.4366174 0.4932206 -50.940434 -67.29513 -43.914185
5.154874 7.355212 0.818842 -53.98543 -72.30013 -45.734184
5.7989335 7.467743 0.531529 -45.270435 -82.87013 -40.659184
5.3703585 7.7119594 0.26337022 -30.290438 -93.58013 -35.444183
4.5898247 7.8532214 0.9696813 -20.665436 -100.44013 -36.564186
4.640105 7.9154725 1.1133378 -21.715433 -105.48013 -40.869186
5.6457 7.893924 0.6368771 -23.850435 -107.020134 -36.809185
5.4086666 8.262642 0.82123625 -24.130436 -106.98513 -21.059185
4.9872746 8.250671 1.5874043 -29.380434 -111.53513 -25.749186
5.355993 8.157294 1.776552 -32.775436 -113.670135 -25.224186
5.504438 8.195602 1.5658557 -31.200438 -113.670135 -21.584185
4.802915 8.344048 1.9633054 -32.600433 -112.41013 -21.654186
4.7191157 8.291373 2.7390504 -37.32543 -112.060135 -22.354187
5.669643 8.308133 2.4493432 -36.48543 -112.620125 -17.594185
5.9018874 8.190814 2.0878077 -32.320435 -113.635124 -14.059185
4.7693954 8.181237 2.8683412 -35.680435 -111.01013 -18.749186
3.8619652 8.248277 3.9266107 -40.405434 -107.47513 -24.069183
4.4318027 8.12138 3.6201434 -34.490437 -106.70513 -20.359186
4.80531 8.315316 2.7869358 -22.415434 -109.19013 -11.504185
4.2115293 8.382356 3.3663504 -20.175436 -108.42013 -8.774185
3.9744961 8.406299 4.3073006 -27.070435 -104.95513 -9.614184
4.120547 8.317711 4.2402606 -27.035437 -100.965126 -5.6241846
4.5084195 8.3129225 3.510007 -17.305435 -98.23514 -0.374185
4.5539107 8.399116 4.192375 -13.875436 -95.85513 1.305815
4.268992 8.186026 5.4134555 -21.750435 -88.22513 0.045815002
3.7135203 8.05434 5.5738716 -22.100437 -77.93513 -1.389185
3.265791 8.265037 5.140508 -7.1904345 -70.69013 -1.144185
3.7638 8.58587 5.0998054 6.5995655 -67.96013 1.725815
4.3408203 9.11261 5.0806513 11.429565 -65.12513 7.6058154
4.0750556 9.584282 4.7358756 14.089565 -58.300133 7.710816
4.0822387 10.022434 4.886715 13.809565 -44.26513 4.3508153
4.2043467 10.455798 4.764607 8.174565 -29.81013 3.195815
4.410254 10.676071 4.3839173 4.849565 -19.52013 2.040815
4.6712303 10.891556 4.4988422 1.419565 -10.94513 0.67581505
4.355186 10.896344 5.549929 -8.695436 -0.34013 -2.124185
4.336032 10.838882 5.9282246 -19.650434 11.66487 -7.6191854
4.4246197 10.829305 5.4158497 -18.635435 22.33987 -12.029185
4.3863115 10.8700075 4.5970078 -6.735435 30.73987 -15.074186
4.6903844 10.769448 4.1181526 3.624565 39.139874 -18.504185
4.4749 10.644946 3.7685885 8.349565 47.22487 -21.129187
3.9266107 10.462981 3.1365 12.759565 54.049873 -27.289186
3.833234 10.448615 2.6337023 19.409565 57.12987 -33.939186
3.9960446 10.520444 1.6975409 25.149567 57.75987 -35.899185
4.0032277 10.45101 0.8834874 25.709564 64.02487 -32.189186
3.9337935 10.142148 0.6488485 20.739565 62.449867 -34.184185
3.512401 9.732727 0.89067024 14.159564 59.99987 -38.734184
3.014392 9.584282 0.86912173 9.434565 63.42987 -40.589184
2.9665065 9.44302 1.0941836 8.349565 65.28487 -38.419186
3.0215747 9.138947 0.98404694 11.499565 63.044872 -36.424187
2.8467927 9.107821 0.31604427 20.494564 59.47487 -36.494183
2.6504622 8.9976845 -0.28970724 29.629566 53.52487 -36.774185
2.2985039 8.688824 -0.6105401 32.009567 49.14987 -37.369186
1.8364087 8.573898 -0.98404694 29.664564 47.04987 -36.669186
2.152453 8.528407 -1.4796618 26.514565 47.25987 -32.679184
2.257801 8.303345 -1.9728824 21.299564 45.78987 -28.899185
1.5993756 7.8915296 -1.525153 11.744565 43.61987 -31.594185
0.8332076 7.6185822 -0.89545876 -0.26043501 46.03487 -35.584187
0.35435268 7.362395 -0.6895511 -4.320435 47.92487 -34.779186
0.21069619 7.0343795 -0.7589851 2.889565 42.779873 -29.424185
-0.021548472 6.996071 -1.2258687 14.649566 33.50487 -24.909184
-0.035914123 7.1947956 -2.221887 24.344564 28.28987 -19.589186
0.0023942748 7.5922456 -2.4014575 24.344564 27.16987 -12.519185
0.31843856 7.8747697 -2.360755 16.294563 23.21487 -6.3591847
0.7302538 8.372779 -2.257801 7.614565 16.739872 0.045815002
1.3288225 8.655303 -1.8220432 -1.1354351 14.534869 5.785815
1.3072741 8.801354 -1.0582695 -10.935435 13.729871 7.9558144
0.82602483 9.081485 -0.30646718 -17.550434 12.50487 5.2258153
0.9433443 9.306546 -0.17478207 -15.205436 11.559871 3.300815
1.3216397 9.390346 -0.36871833 -5.965435 6.93987 5.6458154
1.3791022 9.60583 -0.6847626 2.504565 1.33987 8.025816
1.3072741 9.75667 -0.5363176 4.954565 0.28987 7.675815
1.2210802 9.730332 -0.1987248 1.349565 1.19987 7.0458155
1.1540405 9.718362 0.021548472 -2.2554352 0.9898701 6.170815
1.1947432 9.862018 -0.25139886 -1.8704349 -0.48013002 5.6458154
1.1109436 10.005674 -0.31604427 1.699565 -2.51013 6.2058153
1.0726352 9.948212 -0.08619389 2.9595652 -4.36513 5.890815
1.1731946 10.060742 -0.0023942748 0.789565 -5.80013 4.4558153
1.324034 10.099051 -0.21787901 1.1395651 -8.39013 3.545815
1.3360053 10.005674 -0.1699935 2.224565 -10.7001295 2.950815
1.2689656 9.912297 0.43336374 -1.7304349 -8.46013 2.3908148
1.2761484 9.900327 0.68715686 -7.7854347 -5.83513 2.250815
1.2905141 9.876384 0.72546524 -8.415435 -6.18513 1.655815
1.3695252 9.881172 0.3902668 -0.295435 -7.9001307 0.92081493
1.2905141 9.859624 0.5147691 -0.050435 -6.1151304 1.5858151
1.23784 9.833286 0.6296943 -0.33043504 -5.83513 0.9558151
1.3982565 9.876384 0.42618093 2.189565 -7.86513 0.9558151
1.4485363 9.907509 0.17478207 3.2395651 -7.0601306 1.410815
1.3455825 9.869201 0.4932206 -1.100435 -3.49013 0.74581504
1.2569942 9.885961 0.8547561 -4.6004353 -2.12513 -1.1091851
1.3982565 9.941029 0.37829542 -1.275435 -3.31513 -2.474185
1.3312168 9.950606 0.035914123 2.0145652 -3.3851302 -3.6291852
0.9385557 9.727939 0.43815228 -2.1854348 -1.35513 -5.5541854
0.845179 9.627379 0.8571504 -7.820435 -0.02513 -5.7641854
1.0582695 9.615408 0.9026416 -7.5054355 -0.23513001 -2.789185
1.1660118 9.703996 0.65363705 -2.1154351 -0.30513 0.115815
1.1492519 9.701602 0.5961744 2.1545649 0.07987 0.115815
1.0486923 9.720756 0.44054657 3.869565 -0.83013 -1.389185
1.2593886 9.77343 0.25379312 4.604565 -1.42513 -1.074185
1.1061549 9.768641 0.3304099 3.2745652 -0.20013002 0.115815
0.9505271 9.749487 0.4764607 0.964565 1.0598699 -1.1091851
1.1444633 9.730332 0.50040346 0.22956501 0.25487 -1.564185
1.1947432 9.720756 0.44294083 0.544565 -0.76013 -1.284185
1.0295382 9.701602 0.409421 0.754565 0.81487006 -1.1791852
0.8044763 9.699207 0.52674043 0.474565 1.54987 -1.809185
1.036721 9.725544 0.24421602 0.999565 0.88487 -1.8791851
1.2689656 9.759064 -0.04070267 2.644565 0.14987001 0.080815
0.9241901 9.735122 0.339987 0.614565 0.9898701 0.81581503
0.85954463 9.701602 0.74222517 -4.2504354 2.42487 -1.564185
1.089395 9.711179 0.6201172 -5.3004346 1.68987 -2.019185
1.2138973 9.778218 0.36632404 -1.380435 1.33987 0.045815002
1.010384 9.725544 0.45730647 1.7345649 2.14487 0.710815
0.9696813 9.617802 0.5818088 2.224565 1.8648701 -1.004185
1.132492 9.751882 0.25858167 2.819565 1.16487 -1.599185
1.0846065 9.797373 0.13647367 4.149565 2.56487 -0.164185
1.0271438 9.735122 0.1987248 3.2395651 4.59487 -0.164185
0.9481328 9.771035 0.24421602 0.789565 4.73487 -1.074185
0.845179 9.835681 0.24900457 -0.435435 3.9298701 -1.074185
