1.5969813 9.778218 0.16041641 3.9395652 -1.11013 -0.26918498
1.3479767 9.701602 0.021548472 4.079565 -2.54513 -1.144185
1.3743137 9.510059 0.339987 -1.380435 -1.95013 1.690815
1.5371244 9.543579 0.5602603 -8.065435 1.1298699 5.7158146
1.6089526 9.584282 0.4668836 -9.570435 4.48987 8.690815
1.8842943 9.641745 0.45970076 -7.7854347 5.5048704 9.775815
2.1620302 9.627379 0.45491222 -6.1404347 2.31987 10.335814
2.0710478 9.550762 0.54350036 -4.635435 -2.65013 7.220815
1.8052832 9.598648 0.5363176 -3.445435 -1.53013 2.425815
1.6568382 9.514848 0.5123748 -2.325435 0.77987003 -0.199185
1.7382435 9.581888 0.55307746 -1.905435 0.35987 -0.759185
1.8675344 9.608225 0.44054657 -1.170435 -0.16513 0.36081502
1.8316202 9.720756 0.47885495 -0.680435 -0.55013 0.74581504
1.7645805 9.945818 0.5913859 -1.590435 -0.83013 -0.68918496
1.4198049 10.810151 0.6847626 -3.270435 -1.11013 -2.3341851
0.74701375 11.877997 1.0319325 -5.5104346 -0.37513 -2.4391851
0.8284191 13.1206255 3.1819913 -14.015435 -1.56513 -0.9341849
1.1229149 15.153365 5.1644506 -27.560434 -6.1501303 4.6658154
3.1317115 16.14699 4.6640472 -23.395435 -4.99513 11.385815
4.565882 16.932312 4.1397014 -2.4304352 1.0948701 17.370815
4.146884 17.004139 4.948966 8.279566 3.33487 8.620815
4.065479 16.877243 5.008823 8.069566 9.10987 -15.634185
4.5419393 16.321772 3.093403 17.484566 14.35987 -31.699184
5.2051535 14.7726755 0.7829279 36.489567 13.5898695 -34.289185
5.355993 13.336111 -0.3423813 43.244568 15.479871 -38.874187
4.199558 12.134185 0.0670397 27.354565 19.329868 -53.854187
2.832427 11.289005 0.92658436 -1.9404352 27.799871 -77.40919
2.9042554 10.08708 -0.07901107 -25.215437 42.25487 -89.83418
2.4589202 8.9498 -0.94095 -24.550436 51.91487 -86.89419
1.9489397 7.805336 -0.50040346 -16.990435 45.26487 -89.83418
1.3264283 7.1157846 0.028731298 -21.890436 29.33987 -98.61918
0.77574503 6.4166565 -0.011971374 -44.115433 31.47487 -89.58918
0.098165266 5.525986 0.15802214 -49.855434 48.30987 -79.859184
-0.07422252 4.6712303 0.016759925 -47.790436 48.974873 -75.86919
-0.37111259 4.4677167 0.3040729 -39.11044 32.55987 -74.92419
-0.9026416 4.2977233 0.9313729 -30.570435 19.18987 -80.10419
-1.3695252 3.8212626 0.7877164 -20.035437 12.85487 -81.81918
-2.5810282 3.5578923 0.67279124 -12.580435 15.024871 -79.29919
-3.3735332 3.1652312 1.1564348 -13.315435 22.02487 -76.884186
-3.7254915 2.9473522 1.4844503 -16.640436 25.699871 -72.12419
-3.8739367 3.0886145 1.7741576 -16.395435 28.219872 -60.399185
-4.0367475 2.935381 2.063865 -15.975435 33.15487 -46.469185
-4.661653 2.7845416 2.351178 -16.465437 41.239872 -36.074184
-4.7957325 2.971295 2.3679378 -12.965436 47.01487 -25.574184
-4.338426 3.5602865 1.908237 -5.615435 47.95987 -10.174185
-3.799714 3.842811 1.4269878 -0.71543497 49.884872 4.000815
-3.694366 4.0918155 1.3000913 -6.175435 56.044872 13.275815
-3.981679 4.2642035 2.3248408 -21.400436 65.28487 19.820814
-3.8811195 4.556305 2.588211 -36.765438 78.16487 27.240816
-2.9617178 4.886715 2.0614705 -37.465435 82.784874 42.080814
-1.838803 5.0591025 1.4533248 -28.785437 75.95987 57.900818
-1.5802214 5.276982 1.7621863 -25.635437 72.35487 64.69082
-2.5427198 5.6361227 2.3894863 -29.590435 69.86987 62.240814
-2.0614705 6.196383 2.6839821 -34.175434 70.88487 62.765812
-0.038308397 7.1756415 1.6089526 -36.275436 77.56987 79.04082
1.2402344 7.946598 0.9912298 -27.595434 77.67487 101.75581
0.409421 8.032792 2.8587642 -21.260435 70.63987 104.48582
0.2681588 8.638543 3.3759274 -24.970436 60.13987 87.44081
2.2194927 10.415095 0.6488485 -13.140435 50.12987 83.100815
5.2314906 11.130983 -2.6217308 14.719564 45.85987 107.04082
5.1093826 10.199611 -2.2266755 21.404564 47.67987 123.03582
1.3814965 8.561927 2.142876 -6.805435 42.219868 99.76081
-1.5395187 10.161303 5.2745876 -44.605434 34.72987 55.975815
3.213117 10.728745 1.8483802 -50.975437 30.459867 57.305813
7.1325445 10.671283 -1.9824595 -8.065435 38.26487 106.30582
5.2650104 9.852441 -0.531529 27.214563 34.274868 131.33083
1.7047237 10.412702 3.1748085 16.924564 20.58987 96.960815
0.13886794 10.874796 3.3759274 4.254565 11.87487 60.560814
4.0199876 9.58907 -0.43815228 40.234566 22.234869 102.070816
5.027977 9.059936 -1.0247496 54.759567 18.94487 118.13581
3.0455174 10.759871 1.5850099 40.584564 16.179869 104.20582
3.0790374 11.763072 1.4485363 36.314564 25.314873 97.100815
4.9154463 12.033626 -1.3360053 64.69957 24.824871 108.93082
5.6145744 13.656943 -2.9162266 81.28957 17.15987 108.51081
6.2706056 14.901966 -3.7326744 70.96457 11.31487 91.29082
5.691191 14.95464 -3.0096035 48.94957 2.2148697 67.63081
5.193182 14.554796 -2.691165 27.844566 4.6648703 47.505814
5.602603 14.334523 -3.328042 18.464565 6.79987 39.735813
5.978504 14.042421 -4.0151987 15.454565 -1.07513 32.210815
7.0271964 13.209214 -4.63771 8.209564 -7.935129 22.305815
7.127756 11.911517 -3.7111259 -9.815435 -12.83513 10.685815
5.827665 11.47097 -2.4804688 -29.135435 -14.65513 -4.224185
5.360781 10.99451 -2.5044115 -31.410435 -18.82013 -16.404184
5.8444247 10.252285 -3.5746522 -19.720434 -29.49513 -20.079185
5.889916 9.428655 -4.0750556 -13.280436 -37.160133 -22.109186
5.4733124 8.921068 -3.8643596 -18.985435 -40.69513 -26.519186
5.3248672 8.746285 -4.0032277 -27.805435 -45.14013 -29.494184
5.312896 8.286585 -3.9074564 -33.05544 -55.25513 -31.419184
4.982486 7.814913 -3.172414 -42.015434 -63.480125 -32.609184
4.7262983 7.5252056 -2.5762396 -53.390434 -66.73514 -32.014187
4.5706706 7.850827 -2.3679378 -58.955433 -70.02513 -29.319185
5.1620564 7.963358 -2.3248408 -56.540436 -80.52514 -28.059185
5.5092263 7.7095647 -2.310475 -53.110435 -96.94013 -28.514185
4.972909 7.5898514 -1.3216397 -56.505436 -106.28513 -30.61419
4.2594147 7.685622 -0.026337024 -68.65044 -105.58514 -32.959183
4.393494 8.011244 0.44294083 -75.61543 -105.130135 -31.874187
5.133325 7.9944835 0.102953814 -67.49544 -112.83013 -26.834185
5.233885 8.08786 -0.05506832 -54.440437 -124.83514 -21.024185
5.1883936 8.253065 0.8379962 -51.045433 -128.54515 -19.029186
5.200365 8.25546 1.3838909 -58.185432 -126.23513 -19.099184
5.4852834 7.92505 1.7789462 -61.23044 -124.66013 -18.084185
4.9944572 8.171659 2.0949905 -55.84044 -124.800125 -16.194185
4.8220696 8.514041 2.3200524 -47.580433 -124.170135 -15.459186
5.4661293 8.873182 2.073442 -41.175434 -120.46014 -17.559185
5.5451403 8.657698 1.5874043 -35.330437 -116.54013 -17.734184
4.7981267 8.621783 2.1500587 -29.660435 -114.75513 -18.679184
4.276175 8.590658 3.1843855 -32.495434 -120.63513 -21.934187
4.7262983 8.856422 2.9689007 -26.790436 -114.825134 -18.714186
5.784568 8.849239 1.9752767 -13.910435 -108.17513 -13.639185
5.454158 8.772623 2.1931558 -12.335435 -102.29513 -13.394185
4.0559015 8.779806 3.5842295 -19.790436 -93.65013 -17.524185
4.0726614 8.71516 3.6177492 -17.410435 -91.72513 -15.634185
4.5084195 8.796566 2.4852571 -3.935435 -96.31013 -9.579185
4.8124924 9.021627 1.9896424 1.2095649 -95.92513 -4.749185
4.72151 8.743892 2.5427198 -10.165436 -93.12514 -2.754185
4.242655 8.389539 3.921822 -25.110435 -91.86513 -7.969185
3.9074564 8.375174 4.048719 -27.630436 -87.70013 -13.009186
3.6728175 8.365596 3.9697077 -21.365435 -83.990135 -11.994185
3.605778 8.387145 4.556305 -22.345436 -76.92013 -6.534185
3.9577363 8.784595 5.1261425 -28.365437 -66.35013 -0.26918498
4.40786 9.074302 5.047131 -27.245436 -59.035133 5.820815
4.199558 9.093455 5.1021996 -20.385435 -55.81513 6.275815
3.6512692 9.093455 5.39909 -16.990435 -48.57013 0.990815
3.7207031 9.39274 5.454158 -16.465437 -36.320133 0.255815
3.9840732 9.624985 5.2314906 -14.470435 -23.30013 5.505815
4.06069 9.816526 5.1429024 -11.985435 -12.41513 7.6058154
4.017593 9.828498 5.238673 -10.515435 -2.82513 6.135815
3.8643596 10.166091 5.3727527 -9.325436 5.36487 5.0508146
4.2594147 10.513261 5.1357193 -6.595435 14.77987 5.1908154
4.522785 10.616215 4.6544704 -1.9404352 24.194872 5.960815
4.3695517 10.850853 4.189981 2.399565 32.419872 3.580815
4.163644 10.850853 4.02717 2.8545651 40.29487 -1.144185
4.206741 10.757477 3.79732 -0.26043501 48.834873 -4.294185
4.1349125 10.515655 3.6488748 -1.8354352 54.53987 -6.534185
3.9529476 10.443827 3.512401 -2.325435 58.389874 -9.544186
4.0535073 10.371999 3.1460772 -2.325435 63.849873 -11.784185
3.7925313 10.134965 2.8683412 0.334565 67.62987 -13.464186
3.4429672 10.000886 2.5379312 4.254565 67.34988 -17.384184
3.519584 9.830893 2.317658 7.4745646 66.05487 -19.239187
3.7135203 9.720756 2.0518935 7.7545657 67.104866 -17.349186
3.6464806 9.799767 1.9106313 6.354565 70.814865 -15.564184
3.5076127 9.60583 1.9872481 4.149565 76.20487 -16.439184
3.3088877 9.450203 1.9896424 2.9595652 79.98488 -19.064184
3.1676257 9.5244255 1.4413534 16.994564 70.149864 -28.304184
2.9641123 9.505271 0.7996878 24.029566 64.30486 -29.599184
2.700742 9.301758 0.8978531 21.054565 68.329865 -29.564184
2.2889266 9.299363 0.8930645 17.589563 73.40488 -29.004187
2.3655436 9.170073 0.45730647 21.019566 69.06487 -28.129185
2.0854135 9.119793 0.009577099 26.584564 61.539867 -26.344187
1.9034485 9.148524 -0.14365649 27.459564 59.36987 -24.909184
2.004008 8.904308 -0.28970724 25.359566 58.70487 -23.159185
2.0854135 8.791777 -0.87630457 26.619566 55.48487 -22.144186
1.7023294 8.674458 -1.1109436 30.119566 47.67987 -23.824186
1.2091088 8.394327 -1.1444633 30.224567 39.24487 -28.724186
0.98404694 7.9753294 -1.8411974 30.749567 34.48487 -30.369186
1.1109436 7.802942 -2.7294734 31.344564 30.52987 -24.804186
0.9385557 7.7095647 -2.7366562 24.519564 24.33487 -19.239187
0.5889916 7.5299945 -1.8890828 7.8595653 21.04487 -19.134186
0.30646718 7.474926 -1.1133378 -7.610435 20.834871 -18.819185
0.035914123 7.573091 -0.14844504 -12.825435 18.24487 -15.634185
-0.043096945 7.762239 0.53392327 -12.615436 15.30487 -12.554185
0.71588814 8.171659 -0.2370332 -2.325435 13.62487 -8.144184
0.9026416 8.535589 -0.81644773 14.579565 5.60987 -3.314185
0.40223816 8.854029 -0.7015225 21.194565 0.39487 -4.049185
0.17957062 9.059936 -0.19633053 15.279565 0.81487006 -6.4291854
0.15802214 9.268238 -0.10055954 8.769565 0.25487 -4.399185
0.1699935 9.344854 -0.12210801 7.054565 1.1298699 -0.654185
0.44294083 9.47654 -0.16281068 6.144565 1.3748701 2.040815
0.31125572 9.653716 -0.057462595 5.094565 -3.0001302 3.7558153
0.26097596 9.641745 0.17238778 2.784565 -5.80013 2.7058148
0.43815228 9.584282 0.5985687 -1.7654351 -5.73013 2.320815
0.39505535 9.720756 0.9601042 -5.930435 -5.13513 4.175815
0.45251793 9.864412 0.9624985 -6.420435 -4.08513 5.2258153
0.8092649 9.929058 0.5913859 -3.200435 -4.26013 4.805815
0.888276 9.957788 0.32801566 0.36956498 -6.60513 4.4558153
0.57462597 9.98652 0.76137936 1.069565 -7.58513 4.385815
0.6464542 9.921875 1.0798179 -3.7254353 -6.0451303 2.4608152
0.9433443 9.981731 0.9481328 -6.910435 -5.9751296 1.900815
0.9385557 10.000886 0.7685622 -4.6004353 -9.05513 3.265815
0.74701375 9.852441 1.0606637 -2.360435 -9.23013 2.915815
0.81644773 9.737515 1.3216397 -4.285435 -5.6251297 0.88581496
0.83081335 9.835681 1.2426286 -3.4804351 -3.7351298 0.640815
0.8475733 9.859624 1.0726352 0.299565 -3.5951302 0.640815
0.7637737 9.811738 1.1468576 1.419565 -3.49013 -0.339185
0.8140534 9.907509 1.1277034 2.399565 -2.96513 -1.074185
0.91461295 9.873989 0.71828246 6.0745654 -4.61013 -0.899185
0.845179 9.881172 0.8044763 7.334565 -6.50013 -2.4391851
0.63208854 9.924269 0.7996878 4.849565 -7.58513 -4.574185
0.66321415 9.862018 0.56265455 3.134565 -7.0601306 -5.344185
0.5985687 9.715967 0.76616794 -0.26043501 -5.55513 -5.1341853
0.4070267 9.75667 1.1229149 -5.195435 -2.61513 -5.1341853
0.47167215 9.672871 1.1300977 -5.860435 -1.32013 -3.7691853
0.54828894 9.653716 0.9505271 -2.290435 -0.79513 -1.914185
0.5506832 9.744699 0.80687064 1.769565 -0.79513 -0.584185
0.45970076 9.73991 0.8643332 3.2045648 -1.32013 -0.899185
0.4740664 9.816526 0.85236186 3.134565 -0.86513 -1.599185
0.5913859 9.828498 0.68236834 4.429565 -0.72512996 -0.024185
0.5889916 9.787795 0.6560313 5.2345653 0.044869997 1.445815
0.6751855 9.751882 0.66800267 4.114565 0.95487005 1.7958149
0.80208206 9.857229 0.61293435 3.5545652 -0.62013006 1.690815
0.58420306 9.77343 0.6656084 4.009565 -2.23013 0.67581505
0.36632404 9.763853 0.7541966 3.5545652 -3.14013 -1.8791851
0.41181526 9.699207 0.47167215 3.9395652 -3.84013 -2.894185
0.51955765 9.7135725 0.3998439 5.4445653 -4.33013 -1.144185
0.44533512 9.742304 0.5961744 3.099565 -2.54513 0.535815
0.45012367 9.744699 0.888276 -1.1354351 -0.58513004 1.2358149
0.7302538 9.754275 0.71588814 -2.2554352 -0.27012998 1.130815
0.7685622 9.732727 0.5506832 0.999565 -1.42513 1.725815
0.531529 9.694419 0.58420306 3.4495652 -2.6851301 0.395815
0.39505535 9.720756 0.75659084 2.2595649 -1.91513 -1.389185
0.5770202 9.747093 0.71828246 0.194565 -0.65512997 -0.9341849
0.71828246 9.780613 0.56744313 -0.050435 -0.34013 1.130815
0.57462597 9.794978 0.67279124 0.82456505 0.42987 1.655815
0.6440599 9.718362 0.6656084 0.509565 0.25487 0.430815
0.50040346 9.794978 0.7134939 0.15956502 -0.30513 -0.68918496
0.45491222 9.77343 0.5363176 0.509565 -1.00513 -1.1091851
0.50758624 9.799767 0.51716334 1.349565 -0.30513 -1.2491851
0.57462597 9.744699 0.6656084 -0.295435 -0.62013006 0.255815
0.57223165 9.747093 0.74701375 -1.240435 -0.16513 0.500815
0.72546524 9.751882 0.6296943 -0.26043501 0.044869997 1.2008151
0.5961744 9.775824 0.69194543 0.579565 -0.37513 0.710815
0.4860378 9.763853 0.6895511 0.64956504 -0.41013 -1.144185
0.5818088 9.785401 0.5650489 1.454565 -0.90013003 -1.1791852
