1.7526091 9.914692 0.17957062 15.33707 1.6807001 3.300955
1.7981004 9.778218 0.11971374 11.13707 1.6457 3.615955
1.5921928 9.732727 0.2681588 5.50207 -1.0843 4.175955
1.3886794 9.737515 0.3519584 1.19707 -1.6093 4.175955
1.6281068 9.754275 0.44772938 -0.48293 -1.9243002 5.7159553
1.8795058 9.785401 0.39505535 -0.16792999 -2.4143 7.5359545
1.9154198 9.828498 0.3423813 0.98707 -2.2742999 7.3609548
1.9154198 9.857229 0.5818088 0.35707 -1.1543001 5.435955
2.1452703 9.948212 0.5889916 -1.3229301 -1.1893 4.070955
2.2314641 10.060742 0.4644893 -0.97292995 -1.5043 3.545955
1.9585168 10.376787 0.31125572 -1.14793 -1.1543001 0.500955
2.0686533 11.080704 0.84996754 -6.29293 -1.0493 -3.174045
1.5299416 12.347275 1.6496553 -16.23293 2.8357 -4.049045
0.28970724 14.995343 3.1867797 -22.81293 9.8707 -5.834045
1.5802214 17.506937 3.756617 -20.88793 7.8757 -6.044045
4.2115293 19.549253 4.268992 -9.54793 0.31570002 6.2409554
6.193989 20.909203 5.140508 -1.9529302 -8.1543 19.120956
6.2107487 20.732025 5.794145 2.84207 1.2957 10.475955
6.682421 19.64263 5.1045938 14.882071 8.785701 -23.649046
7.058322 17.727211 3.031152 38.01707 5.0757003 -55.464046
6.3113084 15.886013 1.7669748 57.30207 -1.6793001 -81.39905
4.9537544 13.340899 1.3096683 54.46707 -2.3793 -113.00405
3.6919718 10.824516 1.3407938 -1.63793 11.3407 -156.05405
2.9521408 9.115005 1.3623424 -28.13293 23.135702 -159.79906
2.2841382 7.350424 0.9888355 -43.602932 36.715702 -159.86905
1.4533248 5.454158 0.45730647 -50.567932 44.310703 -162.00404
0.7541966 4.0199876 0.27055305 -56.41293 44.8707 -160.63904
-0.04070267 3.1029801 0.3615355 -61.73293 45.2557 -158.39905
-0.9984126 1.977671 0.18435916 -57.98793 47.2857 -154.54904
-1.673598 1.2354459 0.22985038 -50.882927 46.4807 -152.37904
-2.4972286 0.52674043 0.1699935 -44.12793 43.1207 -151.53905
-3.7015488 -0.22027329 -0.031125572 -38.73793 41.1957 -148.10904
-4.8316464 -0.35674694 -0.43336374 -32.927933 42.9807 -140.44405
-5.454158 -0.65842557 -0.7350424 -31.142931 45.5707 -127.91405
-5.933013 -1.0510867 -0.6153286 -37.757927 46.3757 -113.49405
-6.4860907 -1.2689656 -0.27055305 -51.232933 48.6857 -98.059044
-6.91706 -1.2522057 0.5027977 -67.85793 51.8707 -76.35905
-6.7901635 -1.0271438 1.541913 -85.007935 52.570698 -47.449047
-6.63693 -1.0439038 2.3631492 -97.01293 57.400703 -16.229046
-6.526793 -0.97446984 3.4022646 -101.87794 66.500694 9.880956
-6.057515 -0.5363176 4.0726614 -97.782936 74.165695 33.365955
-5.0806513 -0.3232271 3.8715425 -80.352936 77.385704 59.090958
-4.2594147 -0.3232271 3.0694604 -50.11293 77.8757 83.80095
-3.727886 0.0047885496 2.5020173 -20.152931 79.9057 100.67096
-3.3495905 1.1157321 2.648068 -1.8479301 76.440704 110.400955
-2.0806248 2.0758362 2.3248408 8.267071 68.4957 125.83595
0.7134939 3.5147953 0.5027977 21.74207 68.1107 152.54097
2.7869358 5.209942 -1.2426286 36.16207 76.2657 182.43095
1.2306572 7.2546525 -1.036721 38.29707 87.815704 194.08595
0.4166038 7.7574506 1.7454263 13.48207 83.790695 168.85095
2.4876516 7.3001437 1.0199611 -14.23793 80.080696 151.80595
4.7789726 8.334471 -1.9752767 -4.8229303 76.580696 167.87096
5.1716337 9.268238 -2.997632 20.37707 75.3557 183.37595
4.314483 8.875577 -0.9984126 17.297071 66.1157 176.30595
3.7542229 7.616188 -0.021548472 -12.13793 53.3757 155.48096
5.2267017 7.9346266 -1.0199611 -27.57293 49.8057 151.84097
7.3647895 9.091062 -2.1237218 -18.96293 58.310703 203.25595
7.80773 10.654523 -1.7262721 -25.787931 50.7857 208.68095
7.084659 13.180483 -0.13886794 -24.80793 40.2507 196.11597
8.535589 15.308993 -1.5083932 -0.65792996 36.2957 192.82596
13.814965 19.13265 -6.138921 29.092072 44.2407 203.15096
16.913157 20.73442 -9.308941 32.45207 53.5857 189.43095
14.31058 20.60034 -8.705584 0.28707004 48.6857 119.500946
9.93624 18.80224 -5.2913475 -52.52793 25.6557 36.445953
9.699207 16.106287 -4.11097 -85.25293 6.7557 1.5159551
10.328901 14.025661 -4.2474437 -85.49793 -10.779301 3.7909553
9.28021 12.593885 -3.5650752 -75.62793 -30.9743 -2.859045
8.2339115 10.843671 -3.1676257 -62.992935 -53.7593 -21.444044
8.10462 9.251478 -3.4022646 -45.21293 -80.4643 -33.90405
8.111803 7.953781 -3.8452053 -33.137928 -105.8743 -37.54405
7.8388557 7.2187386 -3.6919718 -36.07793 -124.8093 -37.824043
7.336058 6.9218483 -2.5858169 -53.57793 -135.6593 -37.754044
7.472532 6.438205 -1.132492 -73.66793 -146.1943 -38.139046
8.123775 5.7821736 -0.38787252 -83.04793 -157.6393 -37.264046
8.025609 5.9042816 -0.36632404 -79.05793 -165.8293 -35.619045
7.4102807 6.265817 0.30886146 -72.302925 -167.7893 -34.219044
7.1349387 6.5746784 1.9489397 -72.86293 -167.7543 -32.22405
7.8795586 7.0319853 1.8555629 -70.55293 -171.3593 -30.894045
7.5443597 7.692805 0.5770202 -50.077934 -173.70428 -26.939047
7.4821086 8.1549 0.44533512 -31.94793 -174.82431 -24.034046
8.243488 8.181237 1.9920366 -41.047928 -178.42929 -21.724047
8.719949 8.023215 2.8779182 -62.362934 -177.5193 -17.139046
7.3408465 8.0711 2.6744049 -63.622925 -169.6443 -18.224045
6.6273527 8.090255 2.770176 -50.00793 -162.9593 -23.929045
7.046351 7.963358 3.1508656 -48.22293 -161.38431 -23.124046
8.3129225 7.7837873 3.605778 -56.34293 -158.2343 -13.289045
7.8173075 7.7502675 3.7925313 -58.54793 -153.4393 -4.9240446
6.6800265 7.640131 3.806897 -50.91793 -148.22432 -11.189045
6.387925 7.362395 3.8787253 -42.13293 -142.5193 -20.499044
6.22272 7.2354984 3.7326744 -35.76293 -137.0593 -20.149044
5.9617443 7.21395 3.3831103 -27.29293 -131.5643 -15.634046
5.767808 7.228316 3.2107224 -16.162931 -125.5793 -14.164045
5.6983743 7.2426815 3.6895776 -9.09293 -121.79931 -13.604046
4.9441776 7.5491486 3.7302802 -8.67293 -117.03931 -8.914045
4.37434 7.580274 3.031152 -3.3879302 -106.819305 -4.154045
4.608979 7.5922456 2.7558103 10.472071 -91.4193 3.7909553
5.011217 7.798153 3.344802 1.44207 -91.5243 12.855954
4.6640472 8.581081 3.624932 -5.0329304 -84.5593 18.420956
4.975303 9.110215 2.667222 0.07707 -68.7743 19.225954
6.1915946 8.837268 1.3024855 5.88707 -57.6093 19.505955
5.276982 8.684034 2.4852571 -9.86293 -59.569298 11.560955
3.8308396 8.571504 4.122941 -41.15293 -53.0243 0.150955
3.347196 8.9976845 5.047131 -59.00293 -30.9043 -1.144045
4.6664414 9.428655 5.071074 -54.977932 -13.334301 10.650955
5.583449 9.964972 5.6504884 -44.267933 -13.439301 19.470955
5.8204823 10.585089 6.5052447 -36.63793 -13.1943 15.305955
6.0479383 10.975356 6.3113084 -22.11293 -2.4843001 7.640955
6.55313 10.755082 5.6457 -3.35293 15.9957 2.810955
6.797346 10.486923 5.29853 8.68707 34.1257 -2.824045
6.577073 10.812545 5.36557 12.57207 45.465702 -11.854045
6.6081986 11.169292 4.415043 17.12207 58.1357 -18.924046
6.979311 11.080704 2.5906053 27.34207 78.9607 -22.214045
6.8284717 10.771842 1.5610672 33.71207 91.3507 -26.204044
6.035967 10.73114 1.5443072 27.23707 88.4457 -35.724045
5.813299 10.802968 1.3168511 15.23207 84.8407 -42.094048
5.8755503 10.297776 0.6488485 7.1820703 93.8707 -38.45405
5.7630196 9.972155 0.7685622 0.49707 107.4507 -34.219044
5.897099 9.6585045 0.73743665 -4.5779305 113.9957 -34.709045
5.154874 9.488511 0.37829542 -0.58792996 111.9657 -38.979046
4.4749 9.3592205 -0.5818088 12.7120695 108.0457 -47.134045
4.312089 9.107821 -1.5778271 28.39207 104.68569 -50.38905
4.11097 8.751075 -1.5443072 32.34707 98.3857 -48.289047
3.562681 9.024022 -1.4341706 21.357069 98.4207 -47.309044
3.4860642 8.858817 -2.3320236 12.88707 106.7157 -44.369045
3.5052183 8.650515 -3.1125572 14.217071 113.4357 -36.284046
3.0191805 8.631361 -2.9689007 11.03207 111.5107 -32.154045
2.4780743 8.497281 -2.2625897 2.10707 99.2957 -34.394043
2.1979442 8.107015 -1.7430321 -5.5229297 87.1507 -37.999043
1.8699286 8.0711 -1.7573977 -6.22293 77.4207 -38.874046
1.7358493 8.12138 -2.047105 1.2320701 69.4757 -36.914043
1.7214836 7.910684 -2.3032923 12.852071 57.855698 -34.744045
1.3120626 7.743085 -2.4708917 19.46707 43.1907 -35.689045
0.93616146 7.745479 -2.3870919 19.32707 35.2807 -36.354046
0.56744313 7.7047763 -1.9537282 16.49207 32.7957 -32.364044
0.45012367 7.6353426 -1.6616267 8.302071 23.8707 -26.239046
0.047885496 7.755056 -1.6616267 9.31707 17.8507 -23.684044
-0.22266756 8.128563 -1.5802214 7.35707 16.835701 -19.519045
0.1340794 8.183631 -1.489239 -2.37293 20.8957 -10.944045
0.6608198 8.444607 -0.82602483 -14.76293 25.7607 -2.5090451
1.0151725 8.648121 -0.0670397 -20.01293 25.3057 2.180955
1.0486923 8.830086 0.38068968 -15.67293 16.7307 2.1459548
0.90503585 9.11261 0.31604427 -4.9979305 5.8457 0.990955
0.8643332 9.198804 0.0047885496 6.37707 0.4207 0.815955
0.888276 9.330489 0.08858817 8.72207 -0.8043 0.535955
0.9577099 9.454991 0.12450229 5.4320703 -0.0693 0.92095506
0.77574503 9.598648 0.48843205 2.1420698 0.4207 0.990955
0.7039168 9.58907 0.6344828 -0.30793 0.84070003 -0.444045
0.69194543 9.6585045 0.6105401 0.56707 1.8906999 0.18595499
0.8092649 9.850046 0.61293435 2.59707 2.3807 2.985955
0.99362403 9.881172 0.531529 3.5420702 2.0307 4.245955
1.0175668 9.871595 0.45970076 2.59707 3.1857002 3.195955
0.86912173 9.876384 0.6751855 -0.69293 5.7057 3.2659547
0.91461295 9.871595 0.9241901 -2.7929301 3.6407 4.000955
1.1013664 9.921875 0.94573855 -1.74293 -1.1893 4.000955
1.1492519 9.907509 0.7972935 1.19707 -4.6542997 3.510955
1.1013664 9.893144 0.85954463 2.38707 -5.1793 2.3909552
1.1803775 9.857229 1.1444633 -0.48293 -3.8143003 1.235955
1.185166 9.909904 1.0750294 -2.96793 -0.9443 1.6559551
1.1253091 9.881172 0.7589851 0.95207 -0.034300003 1.795955
1.0510867 9.720756 0.81644773 4.94207 -1.3993 0.220955
0.7134939 9.735122 1.1348863 1.33707 0.1407 -0.689045
0.66321415 9.814133 0.9529214 -1.9879299 5.7407 -0.199045
1.1636176 9.957788 0.5027977 2.49207 8.2957 2.180955
1.5706443 10.005674 0.18675344 8.79207 3.6057 4.735955
1.4365649 10.0200405 0.37590113 8.93207 -0.8393 4.070955
1.2689656 9.960183 0.7446195 3.08707 0.1057 0.535955
1.1540405 9.778218 0.77574503 -1.63793 -0.10430001 -3.034045
0.94095 9.715967 0.76137936 -1.6729301 -0.5943 -4.9590454
0.7996878 9.601042 0.71588814 -0.16792999 0.7357 -5.449045
0.723071 9.505271 0.8667275 0.18207 0.8057 -4.854045
0.75659084 9.565128 0.9194015 -0.44793 -0.2093 -3.8390448
0.7781393 9.574705 0.7805336 -0.62293 0.6307 -1.9140451
0.7948992 9.596253 0.65363705 4.59207 1.1906999 1.795955
1.0055954 9.720756 0.43815228 5.92207 1.5407 3.160955
0.967287 9.73991 0.31843856 5.39707 1.4357 2.810955
0.8547561 9.768641 0.43575802 3.61207 -0.034300003 -0.024045
0.82602483 9.816526 0.35674694 2.73707 -1.2243001 -0.584045
0.9313729 9.809344 0.18914771 2.7720702 -1.1193 0.18595499
0.9864412 9.6896305 0.20351335 1.02207 -2.7993002 -0.549045
0.9241901 9.61062 0.52913475 -3.80793 -4.2693005 -1.9840449
0.8475733 9.629773 0.93616146 -8.21793 -2.9393003 -1.9140451
0.9433443 9.538791 1.0702409 -8.497931 -1.3993 -0.024045
1.0702409 9.613013 0.9577099 -4.33293 -0.5243 1.5859551
1.158829 9.663293 0.70631105 0.46207 -0.8743 2.250955
1.0917894 9.730332 0.531529 2.7720702 -0.90929997 2.005955
1.1085492 9.730332 0.6656084 1.47707 0.1407 2.0409548
1.0151725 9.711179 0.9122187 -3.6679304 2.7657 3.370955
1.0127783 9.794978 1.0175668 -5.87293 4.4107003 3.7209551
1.0582695 9.804555 0.96489275 -3.77293 2.1007001 2.985955
0.95531565 9.962578 0.9313729 -1.4629301 0.8057 1.5159551
1.0295382 9.933846 0.68715686 0.25207004 2.2757 0.850955
1.0917894 9.869201 0.62251145 2.35207 2.0307 1.0259551
1.1277034 9.885961 0.6368771 2.45707 1.1207001 0.675955
1.0726352 9.862018 0.6177229 0.70707005 1.8906999 0.045955
0.95531565 9.79019 0.66321415 -0.58792996 2.6607 -0.759045
1.0558752 9.751882 0.7015225 -1.04293 2.5557 -2.089045
1.1205206 9.737515 0.66321415 -0.27293 1.7507 -1.3190451
