2.5570855 10.369604 1.4652961 12.18707 5.0056996 2.8459551
2.6720107 10.901134 2.2554069 -0.41293 0.28070003 3.3359551
2.4948344 11.375199 2.5762396 -9.96793 -0.6293 2.1109552
2.482863 11.676878 3.1365 -10.35293 -1.2593 -0.374045
2.4589202 12.167705 3.2729738 -2.1279302 -3.3593001 -4.294045
2.8204558 12.4622 2.6815877 12.99207 -2.1342998 -6.289045
3.3304362 12.713599 1.5036045 30.317068 1.5407 -4.609045
3.2202997 12.929084 1.3958622 38.50707 1.0857 -5.5190454
2.7175019 13.084712 1.4413534 32.03207 2.6257 -12.869045
2.19555 13.587509 1.7621863 21.217072 7.7007003 -21.724047
2.142876 14.188473 2.5187771 14.427071 11.9707 -28.619045
2.9521408 14.068759 2.545114 15.862069 8.7507 -32.959045
3.4980354 13.8915825 1.8292259 28.007069 1.3657 -36.809044
3.8021083 13.367236 1.1277034 43.722073 -7.0343 -42.024044
3.624932 12.677685 0.96489275 47.397068 -7.3493 -51.544044
2.4277947 12.062357 0.8643332 35.67207 2.8357 -62.35904
1.0822122 11.289005 1.0391153 12.95707 29.0507 -84.30405
0.7805336 10.757477 1.1468576 12.46707 19.5307 -90.46404
0.5458947 10.652128 0.7685622 15.61707 6.7907 -87.069046
0.80687064 10.635368 0.65363705 13.20207 4.6556997 -77.72405
1.6807809 10.534809 1.0391153 3.12207 3.2907002 -72.36904
1.977671 10.28341 1.3096683 -3.52793 -1.9243002 -79.82404
2.116539 9.57231 1.1827718 -4.75293 -4.5843 -93.33405
1.5107874 8.76544 0.69194543 -5.6279297 2.9057 -104.919044
0.6703969 7.802942 0.71588814 -12.31293 17.1857 -116.92404
-0.20351335 6.325674 1.0319325 -23.44293 24.1857 -123.99404
-0.967287 5.5523233 1.5467016 -32.052933 28.665699 -127.21405
-1.7693691 4.642499 1.5562786 -32.01793 29.2257 -127.459045
-2.403852 3.9050622 1.3671309 -23.407928 23.765701 -121.08905
-2.8946784 3.4262073 1.2043202 -13.99293 20.7907 -111.25404
-3.6919718 2.9689007 0.4764607 -2.2679303 27.8607 -99.49405
-4.400677 2.700742 -0.50758624 8.75707 38.3607 -90.60404
-4.972909 2.3846977 -0.8547561 7.88207 43.645702 -81.18904
-5.4493694 1.924997 -0.9289786 -1.25293 43.715702 -70.864044
-5.5738716 1.7238779 -0.59378016 -13.74793 41.6157 -59.944042
-5.7821736 2.1213274 -0.35435268 -25.75293 40.8807 -42.969044
-6.2322974 2.1548474 -0.33519846 -33.662933 43.0507 -23.509045
-5.6792197 2.1476645 0.17957062 -41.047928 50.435703 -6.709045
-5.384724 2.2745612 0.531529 -49.83293 58.1707 10.965956
-5.138114 2.6504622 0.9026416 -52.072933 57.435703 30.460957
-5.0375543 2.6073654 1.1468576 -48.57293 56.2107 46.665955
-4.8484063 2.5331428 1.2043202 -41.67793 57.540695 50.270954
-3.5578923 2.9928436 1.3168511 -37.79293 57.120697 53.735954
-2.631308 3.6273263 1.010384 -36.77793 52.6057 70.010956
-2.310475 3.7590115 1.9058428 -40.66293 51.4857 85.23596
-2.4900458 4.0199876 2.7294734 -57.18293 59.8857 83.87096
-1.3575538 4.4413795 3.0431232 -75.76793 75.1107 81.56096
0.17478207 5.0399485 2.6887705 -80.247925 94.5007 106.20096
0.7709565 5.073468 2.9569294 -71.81293 107.2757 133.64096
0.0071828244 6.2586346 4.3839173 -65.40793 96.145706 130.00096
1.8076775 7.412675 3.3136764 -56.20293 75.60071 114.180954
3.991256 8.145323 1.1923488 -25.262932 67.165695 133.29095
3.632115 7.9681463 1.1420691 6.5520697 63.560703 156.49596
2.5211713 9.000079 2.875524 6.93707 59.360703 145.05095
4.2665977 9.208381 1.0199611 -9.75793 56.1757 122.790955
6.8955116 9.715967 -0.8739103 17.99707 61.6707 168.39597
6.1700463 9.90272 -0.34716985 6.9020696 56.9107 164.68596
5.193182 10.032011 1.5443072 -18.54293 51.940704 144.35095
6.9912825 10.391152 1.0558752 -20.57293 52.0107 150.37096
10.216371 10.702409 -0.73743665 -1.56793 51.100704 177.35596
9.7135725 11.542799 -0.7733508 5.32707 45.3257 176.06096
6.012024 12.92669 3.1436827 -8.637929 37.555702 141.02596
7.7694216 14.923515 2.6552508 2.98207 45.0807 135.70596
12.917112 16.252337 -2.7390504 58.59707 71.1557 179.98094
17.059208 16.628239 -7.8125186 99.477066 84.2807 190.20096
13.446247 16.431908 -7.24747 84.00707 59.780697 126.08096
9.699207 16.034458 -5.0231886 35.35707 34.3707 46.52596
9.464568 14.753521 -6.1556807 -3.35293 28.560701 20.240955
9.5244255 13.376813 -6.517216 -27.57293 26.7057 18.035955
8.794171 12.581914 -4.4294086 -63.06293 16.9757 3.7909553
8.7534685 11.432662 -2.9569294 -94.80793 4.0957 -13.044045
9.138947 10.589877 -2.3128695 -103.382935 -9.9743 -22.074045
9.517242 9.517242 -1.8555629 -98.09793 -23.5543 -29.879045
9.25866 8.475733 -1.2761484 -87.66793 -35.769302 -41.499043
9.019233 7.80773 -0.8044763 -73.28293 -49.804302 -56.234043
8.466156 7.14691 -0.8236305 -53.36793 -69.1943 -70.37405
7.3312693 6.4573593 -1.6089526 -32.47293 -89.5643 -83.849045
7.4030976 5.854002 -1.908237 -22.60293 -99.3293 -90.46404
7.326481 5.566689 -1.5874043 -32.717926 -101.2543 -85.17905
6.7566433 5.504438 -0.8140534 -52.98293 -100.834305 -77.05905
6.4765134 5.320079 -0.27055305 -72.33793 -100.34431 -71.319046
6.3137026 5.097411 0.37350687 -88.96293 -99.9593 -64.91405
7.211556 5.3009243 1.9441512 -104.50293 -98.5593 -53.924046
7.1349387 5.6337285 2.8898897 -113.672935 -99.85431 -42.934048
6.8165 5.9210415 3.5674694 -104.18793 -108.1843 -42.374043
7.082265 6.079064 3.3088877 -82.45293 -119.94431 -47.134045
7.680834 6.0335727 3.2777622 -58.862934 -130.5493 -47.729046
7.120573 6.141315 3.7661943 -44.33793 -139.9993 -44.124046
6.012024 6.3544054 4.2211065 -39.052933 -145.14429 -45.069046
6.0048413 6.524399 4.2977233 -36.427933 -141.92432 -47.519047
6.610593 6.902694 3.8547823 -29.84793 -141.0143 -44.159046
6.9912825 6.941003 4.4413795 -19.24293 -148.8193 -35.689045
6.3304625 6.9146657 5.0423427 -14.06293 -156.5893 -31.069044
5.664854 7.223527 4.4389853 0.18207 -149.3443 -37.019047
6.0311785 7.695199 3.222694 10.08707 -145.9843 -30.369045
6.699181 7.6736507 3.4022646 -0.51793003 -145.35431 -20.709045
6.2921543 7.5898514 4.393494 -20.32793 -140.2793 -20.149044
5.5140147 7.4366174 4.4126487 -29.777927 -128.4493 -23.439045
4.992063 7.328875 3.964919 -31.49293 -115.919304 -21.479046
4.6137676 7.563514 3.9577363 -39.36793 -105.1393 -16.964045
5.2219133 7.56112 5.593026 -54.13793 -101.6393 -10.804046
4.860378 7.676045 6.2706056 -58.827934 -104.2993 -9.7540455
4.0726614 7.570697 6.402291 -49.027927 -104.2643 -12.484046
3.5890179 7.5323887 6.8452315 -40.87293 -94.4643 -9.369045
3.8547823 7.7861814 7.352818 -37.02293 -81.1993 -1.7740451
4.5874305 8.169266 7.534783 -30.512932 -77.31431 7.325955
4.7933383 8.286585 7.5467544 -23.47793 -76.29931 11.840955
4.336032 8.432636 8.032792 -24.31793 -66.1843 9.425955
4.0367475 8.739103 8.370385 -28.34293 -43.9943 8.305955
4.146884 9.153313 8.097438 -23.37293 -21.7693 10.405955
4.3168774 9.311335 7.2785954 -9.47793 -9.169299 11.420955
3.912245 9.603436 7.120573 1.30207 -2.3093 9.460956
4.067873 9.921875 7.415069 1.2320701 8.715699 7.9559546
4.889109 10.24989 6.873963 3.50707 23.345701 12.365955
5.5547175 10.628186 6.064698 16.24707 33.1457 15.655954
5.89231 10.659311 6.0431495 25.032072 36.715702 11.140956
5.741471 10.73114 5.7438655 25.38207 42.035698 1.690955
5.9258304 10.905922 4.922629 28.007069 55.790703 -6.1840453
6.193989 10.757477 3.9673133 34.167072 67.620705 -8.214046
6.0048413 10.640158 3.7925313 36.197067 72.870705 -12.3790455
6.074275 10.541992 3.694366 30.73707 75.915695 -19.624044
6.244269 10.568329 3.6177492 24.26207 81.445694 -24.069046
6.2921543 10.281016 3.2202997 23.527071 91.910706 -27.499044
5.90907 10.199611 2.5929997 29.512074 102.5507 -33.834045
5.7199225 10.187639 1.759792 37.17707 108.1157 -41.744045
5.523592 10.0368 1.211503 43.16207 104.1957 -46.154045
5.00164 10.027223 0.8332076 44.21207 96.8457 -49.094044
4.846012 9.785401 -0.08619389 42.21707 92.995705 -52.839046
4.7191157 9.593859 -0.7541966 38.472073 92.8207 -52.489048
4.2570205 9.340066 -0.8739103 31.12207 90.055695 -47.134045
3.8021083 8.834874 -0.50758624 13.832069 63.490707 -47.694046
3.5435266 8.545167 -0.72785956 9.49207 61.5657 -46.714043
3.2466366 8.099832 -1.3120626 12.01207 58.765697 -41.954044
2.6145482 7.4461946 -1.4078336 12.152069 50.8557 -42.54904
2.1620302 7.2762012 -1.3862851 8.51207 45.290703 -45.734047
2.013585 7.228316 -0.8379962 4.5220704 42.910698 -44.614044
1.5610672 6.9314256 -0.84996754 9.21207 36.1907 -43.109047
1.3814965 7.022408 -1.4293821 25.83707 23.9057 -40.659046
1.5467016 7.14691 -2.2673783 39.032074 11.0607 -33.344044
1.515576 7.4030976 -2.5403256 38.71707 8.2957 -25.224045
1.4245936 7.3671837 -2.4684973 27.65707 12.9857 -23.439045
0.9601042 7.5443597 -1.9944309 12.11707 16.7307 -24.419046
0.68236834 7.8987126 -1.4652961 -0.34293002 17.4307 -21.654045
0.7829279 7.9585695 -0.9505271 -8.112929 15.400701 -16.544044
0.80208206 8.116591 -0.7350424 -10.597931 13.615701 -12.519045
0.7039168 8.315316 -0.76137936 -8.252931 14.0357 -11.014046
0.3423813 8.224334 -0.019154198 -9.47793 15.7157 -11.539045
-0.20111908 8.487704 0.18675344 -11.26293 16.240702 -13.324045
-0.07422252 8.961771 -0.1699935 -2.72293 12.2507 -11.399045
0.49082634 9.024022 -0.39505535 7.2520704 4.0607004 -3.979045
0.600963 9.270632 -0.12689656 8.09207 -1.2943 0.815955
0.7039168 9.574705 0.2370332 2.70207 1.2257 2.705955
0.8739103 9.656111 0.31365 0.112069994 0.6657 5.225955
0.8475733 9.747093 0.2083019 1.47707 -3.3593001 5.190955
0.69194543 9.890749 0.42618093 1.40707 -3.5693002 2.915955
0.65363705 9.814133 0.7781393 -1.2879299 -2.7293 2.635955
0.5698374 9.780613 1.1612233 -3.80793 -3.6743 1.760955
0.65363705 9.768641 0.80687064 -1.4979299 -4.7943 0.29095498
0.5650489 9.8237095 0.67279124 4.94207 -6.2643003 1.305955
0.5985687 9.794978 0.96489275 6.76207 -4.7943 2.180955
0.8379962 9.79019 1.0247496 4.17207 -3.4293 1.5509549
0.749408 9.859624 0.90503585 4.5220704 -4.6542997 1.305955
0.5506832 9.797373 0.8236305 7.1120696 -6.3343 0.535955
0.51716334 9.804555 0.9601042 7.1120696 -5.4943 -1.459045
0.7134939 9.883567 0.9720756 4.0320697 -3.2543 -0.514045
0.7877164 9.847652 1.0175668 2.73707 -3.3943 2.8459551
0.70870537 9.737515 1.1277034 3.40207 -4.6893 3.160955
0.7446195 9.914692 1.0989721 3.89207 -4.8643 1.3409549
0.9720756 9.993703 0.9074302 6.0970697 -4.5493 2.950955
0.94573855 9.924269 0.9577099 4.4520698 -1.8193 1.5159551
0.84278476 9.8237095 0.9792584 1.79207 1.8207 -0.094045
0.88109314 9.850046 1.0151725 1.68707 2.7657 0.25595498
0.749408 9.737515 1.0391153 3.68207 0.5257 -0.47904497
0.54828894 9.670476 0.9720756 5.9920697 -0.0693 -2.089045
0.67757976 9.766247 0.66800267 8.37207 0.1057 -0.899045
0.90503585 9.816526 0.43815228 8.12707 0.87570006 2.1459548
0.74222517 9.792584 0.6105401 4.97707 1.8557 1.620955
0.6105401 9.802161 0.73743665 2.52707 1.8557 -0.619045
0.8092649 9.895537 0.5027977 3.50707 1.6457 -0.164045
0.9289786 9.835681 0.3615355 4.59207 0.87570006 0.92095506
0.7134939 9.72315 0.6153286 2.10707 1.9957 -0.33904502
0.58420306 9.617802 0.8379962 -0.27293 2.8707001 -2.964045
0.47885495 9.624985 0.89067024 1.72207 1.1207001 -4.1890445
0.48843205 9.613013 0.6656084 6.5520697 -0.4543 -4.084045
0.5458947 9.696813 0.2944958 11.417069 -1.3993 -2.264045
0.58420306 9.75667 0.1340794 13.06207 -1.3993 -0.23404503
0.7110996 9.775824 0.25858167 9.80707 -0.7343 0.990955
0.723071 9.775824 0.43096948 5.08207 -0.10430001 1.970955
0.5770202 9.747093 0.5123748 3.22707 0.91069996 2.180955
0.54350036 9.79019 0.4668836 4.31207 1.4007 1.8309549
0.82123625 9.838076 0.18435916 6.0970697 0.9457 2.425955
0.9481328 9.845258 0.08858817 6.83207 -0.2793 3.2309551
0.70870537 9.794978 0.3040729 4.97707 -0.6293 1.935955
0.5027977 9.749487 0.45251793 1.8620701 0.4207 -0.619045
0.80687064 9.775824 0.36871833 1.05707 1.5057 -0.549045
0.8978531 9.775824 0.31604427 2.2470698 1.3657 1.7259551
0.749408 9.751882 0.29689008 2.7720702 1.1207001 1.410955
