1.673598 9.395134 0.58420306 -0.13443501 3.51379 -3.025785
2.1141446 9.3592205 1.2761484 -9.969435 2.60379 5.199215
2.1237218 9.428655 1.8914771 -17.039434 1.4837899 9.434215
2.135693 9.450203 1.6448668 -12.734435 1.9737899 8.244215
1.9441512 9.514848 0.9529214 -0.13443501 -0.75620997 7.159215
1.8675344 9.534002 0.6081458 10.260565 -2.5062099 6.0742154
2.3272352 9.550762 0.97446984 10.050566 -1.17621 6.564215
2.3942747 9.63935 1.2737542 3.575565 0.46879 8.279215
2.19555 9.656111 1.201926 0.145565 1.83379 6.949215
2.2697725 9.581888 0.9074302 2.5605652 1.93879 4.324215
2.2266755 9.550762 0.818842 5.8855653 0.18879001 3.764215
2.0518935 9.500483 0.83081335 5.9905653 -0.86121 3.2392151
1.9896424 9.445415 1.0774237 3.4005651 -0.12620999 1.909215
2.0279508 9.438231 1.1971374 0.775565 0.50379 1.874215
2.2530127 9.562734 1.0175668 4.275565 -2.57621 4.954215
2.205127 9.75667 0.8475733 6.515565 -4.3612103 3.869215
2.291321 10.063137 1.0798179 3.8555648 -4.01121 2.714215
2.3799093 10.685649 1.5467016 -1.5344349 -4.43121 1.454215
2.0159793 11.854054 1.9369683 -6.8194356 -3.38121 -1.660785
1.2426286 13.288225 2.3846977 -10.599435 -0.33621 -4.950785
1.5538844 15.328147 3.2729738 -9.444435 -1.31621 -2.815785
3.7614057 17.906782 4.4389853 -5.629435 -10.03121 6.669215
5.7821736 18.711258 5.0184 1.685565 -13.42621 11.044215
7.458166 18.644218 5.497255 15.615566 -13.07621 -1.765785
7.458166 17.693691 3.7877429 36.475567 -15.736211 -29.170786
6.7039695 16.441484 2.4780743 46.205566 -9.226211 -60.600784
5.5092263 14.633807 2.3535721 27.935566 11.00379 -86.850784
3.9984388 12.704022 2.9569294 -1.8844349 35.64379 -105.54079
2.9234095 11.34168 3.0455174 -18.964436 47.54379 -115.585785
2.2003386 10.158908 2.49244 -20.259436 42.64379 -116.63578
1.802889 8.978531 2.0590763 -18.229435 37.148792 -110.51079
1.6999351 8.286585 1.6975409 -20.014435 37.358788 -100.18578
2.0878077 7.7526617 0.8834874 -18.299437 37.42879 -89.16078
2.3224466 6.941003 0.15083931 -11.474435 30.60379 -87.16579
1.812466 6.2490573 0.14365649 -10.634436 21.43379 -98.19079
0.9074302 5.442187 0.2466103 -17.844437 25.10879 -110.16079
-1.0989721 4.616162 -0.43096948 -25.579435 37.39379 -115.48078
-2.2793496 4.592219 -0.6177229 -27.014435 44.46379 -114.88579
-2.7462332 3.8715425 -0.17238778 -26.839436 38.23379 -114.29079
-3.1221344 3.6033835 0.021548472 -26.839436 23.428791 -105.50579
-3.7614057 3.265791 -0.14844504 -23.724436 15.028791 -94.20079
-4.7933383 3.1221344 -0.2561874 -21.484436 15.44879 -83.98078
-5.1812105 2.7031362 -0.047885496 -22.114435 17.26879 -73.34079
-5.2219133 2.52596 0.53871185 -24.739435 13.06879 -61.965786
-5.1812105 2.1572416 0.84996754 -29.499434 7.29379 -51.045788
-5.3464155 1.9106313 1.1061549 -35.029434 12.12379 -39.810787
-5.9258304 2.0279508 1.6592325 -42.169434 24.12879 -27.770786
-6.6201696 2.7127132 2.7222905 -50.219437 30.53379 -16.290787
-6.646507 2.762993 3.634509 -55.154438 32.423794 -4.320785
-6.591439 2.7558103 3.859571 -54.314438 35.32879 9.119215
-5.7989335 2.604971 3.46691 -48.189438 45.65379 27.494217
-4.70475 2.7845416 2.6217308 -39.019436 61.96379 48.004215
-4.6329217 3.553104 2.80609 -31.179434 70.818794 64.83922
-4.68799 3.7111259 3.4453614 -29.359434 59.82879 71.20921
-4.087027 3.8308396 3.189174 -25.719437 55.698788 75.09422
-3.0550947 4.3168774 2.8084843 -21.729435 59.12879 86.36422
-2.5858169 4.532362 3.46691 -24.284435 66.863785 94.204216
-2.0159793 4.678413 4.72151 -24.704435 65.39379 95.95422
-1.515576 5.011217 4.9776974 -8.849436 53.24879 97.21421
0.30646718 6.055121 4.09421 20.095564 43.413788 107.50421
1.6879637 6.543553 2.7510219 47.885567 39.07379 119.12422
1.4916332 6.4501762 2.5283542 62.41057 38.16379 113.17421
1.132492 8.130958 2.6360965 67.76557 37.42879 103.094215
3.8092911 8.703189 -0.1987248 82.22056 40.01879 116.53422
5.2650104 8.004061 -2.6289136 89.85056 47.508793 135.29422
5.5092263 8.265037 -1.8842943 65.24557 55.313793 134.20923
2.0279508 10.008069 1.5706443 20.375565 62.278793 110.09422
3.6704233 10.146936 1.3910737 -4.369435 71.693794 100.329216
5.9904757 9.488511 -1.7981004 9.875566 73.373795 129.65921
7.5060515 8.760652 -2.6863763 20.830566 66.72379 139.87921
5.952167 9.208381 -0.90503585 -3.074435 53.45879 121.01422
3.3256476 11.401537 2.020768 -40.034435 47.54379 90.07422
6.754249 10.10384 -0.5913859 -49.51944 55.768787 91.75422
8.803748 9.433443 -2.0662591 -30.129436 59.68879 118.984215
7.405492 9.055147 -0.098165266 -28.449434 50.13379 112.75422
4.0032277 11.399142 3.7350688 -52.704433 30.25379 74.289215
6.629747 11.183658 1.1731946 -53.439434 31.793789 62.599216
9.320911 10.99451 -1.8340145 -16.899435 40.403793 98.33422
8.600235 11.93546 -0.6057515 3.4005651 32.52879 109.289215
6.1700463 13.944257 2.17879 -11.264435 22.973791 82.829216
7.352818 13.968199 0.12450229 -20.574436 24.09379 60.219215
8.856422 13.197243 -2.5211713 4.100565 29.763788 68.68922
8.415876 13.053586 -2.82285 22.895565 26.22879 70.124214
7.1540933 13.506104 -1.201926 15.090564 17.02379 53.919216
7.8268843 13.328928 -1.0295382 -5.8394346 10.968789 39.359215
9.004868 12.811765 -2.1021733 -13.434435 11.56379 39.324215
9.076695 12.419104 -2.5522969 -5.489435 6.03379 40.094215
8.463761 11.753495 -1.7214836 -3.1444352 -6.3562098 26.444216
7.865193 10.879584 -0.9529214 -14.379435 -19.48121 9.469215
7.685622 9.75667 -0.4668836 -28.379435 -22.456211 -3.935785
7.1564875 8.624178 -0.4285752 -32.719437 -21.75621 -10.865785
6.5411587 8.147717 -0.5602603 -15.779436 -31.52121 -28.505785
6.474119 7.4438004 -1.0032011 -5.0344353 -44.57621 -35.400787
6.244269 6.646507 -0.8978531 0.705565 -51.75121 -38.445786
5.5283804 6.6201696 -1.4221992 8.090565 -54.481213 -40.055786
5.047131 6.941003 -1.297697 10.015565 -64.70121 -40.615788
5.7582307 7.0128307 -1.1396748 -0.064435 -69.28621 -32.740784
6.656084 7.0080423 -1.0439038 -11.159435 -69.39121 -21.750786
6.7039695 6.857203 0.09337672 -22.044436 -69.98621 -19.825785
5.9641385 7.0702934 1.1061549 -26.384436 -70.931206 -26.195786
5.8396363 7.2881727 0.8786988 -15.079435 -76.53121 -28.925787
6.1030064 7.4030976 0.25139886 1.5455651 -84.406204 -25.320786
6.2753944 7.85801 -0.071828246 11.310565 -88.641205 -22.835785
6.5459476 8.066312 -0.17717634 13.725565 -90.39121 -22.660786
6.3927135 8.152506 -0.56265455 12.675565 -91.441216 -22.380785
6.091035 8.2387 -1.2833313 11.695565 -90.846214 -22.310785
6.095824 8.080677 -1.2330515 6.2005653 -95.04621 -20.350784
6.404685 8.123775 -0.9337672 -7.869435 -99.07121 -17.690786
6.572284 8.10462 -0.5818088 -24.039434 -94.66121 -13.805785
5.7127395 8.1549 0.15802214 -36.324436 -90.25121 -13.420786
5.334444 8.365596 0.723071 -41.504433 -92.42121 -18.180786
6.4501762 8.226728 0.009577099 -38.109436 -94.31121 -15.065785
6.9745226 7.980118 -0.38547826 -27.679436 -101.17121 -6.035785
6.184412 7.9992723 -0.1340794 -23.934437 -108.73121 -3.900785
5.664854 8.12138 0.47885495 -30.724434 -104.28621 -10.165786
5.777385 8.0711 0.2849187 -37.724438 -101.41621 -12.160786
6.23948 7.8915296 -0.0047885496 -38.179436 -104.32121 -6.3507853
5.748654 7.8987126 0.9768641 -40.769436 -105.68622 0.12421499
5.200365 7.9561753 1.8938714 -50.464436 -102.85121 -0.36578503
5.358387 8.150111 1.89866 -53.789433 -99.42122 -2.500785
5.6337285 8.217151 0.7972935 -41.434433 -100.92621 1.734215
5.341627 8.217151 0.7996878 -24.844435 -106.35122 7.019215
5.358387 8.145323 1.7741576 -23.934437 -105.371216 7.2292147
4.869955 8.413482 2.4684973 -35.62443 -95.361206 7.789215
4.189981 8.796566 2.7845416 -31.669436 -84.86121 9.6792145
3.9098508 9.177256 3.512401 -25.229435 -83.7412 12.129214
4.3623686 9.680053 3.2562137 -19.174435 -88.81621 17.589216
6.0096297 9.711179 3.0215747 -19.419436 -85.736206 25.779215
6.284971 9.701602 3.4884584 -28.624435 -77.26621 26.864216
5.1261425 9.787795 5.604997 -44.199436 -70.476204 16.469215
4.96812 9.888355 6.193989 -49.589436 -62.95121 10.134215
5.688797 10.151725 5.9018874 -42.554436 -53.67621 12.619215
6.0838523 10.206794 5.7366824 -39.229435 -34.28621 13.144215
5.686403 10.022434 6.1054006 -42.974438 -12.516211 5.2692146
4.8555894 10.024829 6.4956675 -45.634434 1.27379 -5.160785
4.336032 10.194822 6.3352513 -40.979435 11.10879 -10.690785
4.731087 9.9889145 5.851608 -33.24444 24.58379 -9.080785
5.420638 9.917087 5.3248672 -24.914434 41.243793 -6.1407847
5.403878 10.05356 4.903475 -16.409435 51.95379 -9.080785
4.853195 10.055954 4.084633 -4.964435 58.288788 -18.810787
4.5682764 10.067925 2.9377751 7.145565 64.90379 -25.565786
4.582642 9.948212 2.099779 12.115564 67.49379 -26.020786
4.790944 9.7135725 1.7837347 8.895565 70.85379 -24.970785
4.98488 9.481328 1.8603516 2.455565 72.04379 -24.095785
4.7191157 9.495694 1.8364087 -2.829435 71.02879 -26.265785
4.415043 9.431048 1.4413534 -1.569435 75.193794 -29.450785
4.6113734 9.395134 1.0271438 5.150565 77.46879 -30.920786
4.8819265 9.402317 0.6153286 10.575565 73.61879 -30.150784
4.62095 9.419077 0.3304099 11.695565 72.28879 -30.430784
4.1085753 9.519637 -0.0071828244 12.080565 74.07379 -33.335785
3.8356283 9.457385 -0.6368771 14.740564 69.94379 -36.275787
3.5171897 9.320911 -0.74701375 15.650566 63.22379 -35.820786
3.9313993 9.447808 -0.37350687 9.000565 63.88879 -32.600784
3.6728175 9.397529 0.3040729 0.740565 62.243793 -28.505785
3.45015 9.574705 0.21548474 -0.41443503 54.648792 -31.340784
3.5219781 9.435837 -0.45491222 6.2355647 51.35879 -33.160786
2.9305923 9.227535 -0.7015225 14.950565 45.65379 -31.445787
2.743839 8.8085375 -0.18196489 15.7905655 42.25879 -32.425785
2.49244 8.576292 0.083799616 10.3305645 40.64879 -31.830786
1.9130256 8.2578535 -0.14365649 9.595565 37.04379 -27.385786
2.516383 8.013638 -0.45970076 22.090565 32.493793 -17.410784
2.8348215 7.805336 -0.8044763 25.240566 23.498789 -14.365785
2.0902019 7.8915296 -0.8092649 24.750565 20.103788 -18.740786
1.9920366 7.877164 -0.8356019 22.265564 20.94379 -21.505787
1.9680939 7.84125 -1.2091088 20.270565 19.92879 -20.735785
1.2162915 7.755056 -0.97446984 16.280565 17.68879 -21.610785
0.71828246 7.666468 -0.7110996 11.485565 13.73379 -22.520784
0.65124273 7.92505 -0.7733508 9.735564 6.48879 -18.915785
0.9289786 8.142929 -0.8332076 7.075565 1.44879 -11.250786
1.0486923 8.317711 -0.18914771 -1.954435 2.11379 -4.775785
1.2426286 8.490098 0.4932206 -11.089435 3.9687903 -2.605785
1.3479767 8.741497 0.4836435 -10.844436 4.63379 -2.150785
0.9481328 8.897125 0.6656084 -4.719435 6.03379 -4.005785
0.69673395 8.904308 0.7446195 -0.379435 7.36379 -5.930785
1.1516461 9.189227 0.38308397 4.730565 6.8737903 -2.920785
1.5921928 9.3280945 0.098165266 9.735564 3.3387902 1.979215
1.3719195 9.488511 0.16041641 10.3305645 1.83379 1.419215
1.0798179 9.581888 0.24182175 7.3555646 3.89879 -2.255785
1.2354459 9.634562 0.17957062 5.0105653 4.28379 -2.675785
1.1037607 9.62259 0.052674048 5.0105653 1.1687901 -0.92578506
0.88588166 9.598648 0.23224466 4.065565 -0.96621007 -1.065785
1.1731946 9.577099 0.38547826 0.775565 -1.9112101 -0.470785
1.3168511 9.660899 0.5506832 -2.374435 -3.24121 2.504215
1.1947432 9.720756 0.7781393 -3.4244351 -3.41621 3.869215
1.1923488 9.703996 0.9601042 -3.179435 -3.7662098 2.959215
1.4581133 9.794978 0.7446195 -1.079435 -4.29121 3.2392151
1.8004947 10.005674 0.19633053 3.0855649 -5.83121 5.2692146
1.7047237 10.008069 0.42378664 3.960565 -7.6512094 5.759215
1.3695252 9.885961 0.93616146 -1.744435 -7.58121 1.909215
1.4150164 9.90272 0.89545876 -6.644435 -4.43121 -0.40078503
1.7573977 9.917087 0.7039168 -4.509435 -4.32621 1.454215
1.5658557 9.80695 0.82602483 -1.5344349 -5.41121 2.714215
1.4437478 9.727939 0.9888355 -2.479435 -3.2062101 -0.36578503
1.3312168 9.857229 0.9026416 -4.404435 0.11879001 -1.5207851
1.3264283 9.814133 0.96489275 -2.9694352 -0.19621 -0.36578503
1.4389591 9.737515 0.87630457 -0.764435 -2.57621 -0.050785
1.6783867 9.730332 0.68236834 0.880565 -3.7312102 0.43921503
1.5850099 9.730332 0.6057515 1.8255651 -2.33121 1.139215
1.1923488 9.644139 1.0558752 0.215565 -0.86121 -0.470785
1.2043202 9.601042 1.1684061 -4.159435 2.1837902 -2.745785
1.3407938 9.682447 0.7637737 0.775565 -1.21121 -0.610785
1.1612233 9.696813 0.7709565 2.3155649 -1.5262101 -0.54078496
1.2354459 9.632168 0.8786988 0.355565 -0.89621 -0.15578501
1.4772675 9.608225 0.81644773 0.49556503 -2.08621 1.839215
1.4796618 9.63935 0.83081335 1.265565 -2.1912098 1.944215
1.4078336 9.644139 0.9960183 0.110565 -2.2962098 -0.610785
1.5467016 9.660899 0.91461295 -0.83443505 -0.93121 -0.85578495
1.4269878 9.624985 0.7206767 0.53056496 -0.40621 0.12421499
1.1372806 9.538791 0.7637737 1.4055651 -1.7012099 -1.660785
1.063058 9.565128 0.9385557 -0.694435 -0.54621 -2.255785
1.376708 9.608225 1.0008069 -2.234435 1.37879 0.369215
1.4174107 9.615408 0.8930645 -0.869435 1.72879 2.609215
1.4198049 9.684841 0.7302538 1.685565 1.02879 2.0842152
1.4557191 9.682447 0.66321415 2.665565 -0.02121 1.349215
1.3695252 9.663293 0.70631105 2.3155649 -0.96621007 0.43921503
1.2569942 9.665688 0.8930645 1.020565 -0.19621 -0.120785
1.2210802 9.718362 0.96489275 0.565565 0.25879 0.089215
1.5371244 9.768641 0.723071 1.755565 0.99379 1.594215
1.7119064 9.749487 0.51716334 3.2605653 1.5887899 3.519215
1.3910737 9.72315 0.53871185 3.225565 0.15379001 1.944215
1.0846065 9.787795 0.6440599 1.3705649 -0.75620997 -1.695785
1.3168511 9.680053 0.5985687 -1.0094349 1.02879 -2.220785
1.6400782 9.538791 0.5985687 -2.164435 1.4837899 0.47421503
1.3647367 9.57231 0.7326481 -2.7944348 -0.72121 0.684215
1.1300977 9.615408 0.9696813 -4.159435 -1.35121 -2.4657853
1.3216397 9.627379 0.9026416 -4.8244348 -0.33621 -2.920785
1.3360053 9.596253 0.8739103 -3.0394351 -0.33621 -0.470785
1.3647367 9.692024 1.0941836 -1.114435 -0.056210004 0.264215
1.5874043 9.675264 1.1181264 1.1955651 -2.43621 -0.015785001
1.5036045 9.718362 0.81644773 5.5005646 -5.34121 -0.225785
1.333611 9.73991 0.34477556 9.840565 -4.60621 -1.2407851
1.3407938 9.703996 0.505192 10.120564 -3.41621 -1.8707852
1.3838909 9.715967 0.84278476 4.310565 -1.03621 -0.575785
1.3288225 9.77343 0.9696813 -0.904435 1.09879 1.244215
1.4054393 9.838076 0.65124273 -0.624435 0.67879003 1.6642151
1.5802214 9.816526 0.4070267 2.980565 -1.7012099 1.209215
1.3791022 9.763853 0.43815228 3.960565 -1.35121 0.89421505
