2.056682 8.956982 1.4676905 -3.4961848 -0.18326001 -12.513095
1.7621863 9.0288105 1.3264283 -6.611185 6.6417403 -15.103093
1.9273912 8.925857 1.1444633 -4.441185 1.0767399 -10.553095
2.0183737 9.256267 1.4437478 -2.901185 -7.21826 -3.3080952
2.5379312 9.141341 1.7885233 -5.946185 -9.423261 3.271905
2.4493432 9.268238 1.7286664 -8.046185 -4.9432597 6.456905
2.3942747 9.2490835 1.5347302 -4.721185 -2.9832602 6.001905
2.2793496 9.299363 1.3431882 3.958815 -10.47326 4.566905
2.3128695 9.26345 1.4102279 2.628815 -9.45826 6.2819047
2.516383 9.330489 1.6783867 0.458815 -6.16826 8.976905
2.8874955 9.299363 1.7119064 1.648815 -5.22326 10.446905
2.7222905 9.124581 1.5443072 6.653815 -9.353259 8.136905
2.310475 8.935433 1.2953026 11.763815 -13.65826 5.651905
2.0542877 8.806143 1.2138973 14.003816 -16.35326 6.3519053
2.3583608 9.007262 1.3072741 13.1638155 -16.528261 9.886906
2.5044115 9.29218 1.2617828 11.728814 -16.38826 12.371905
2.8587642 10.506078 1.489239 8.158815 -13.308261 14.296905
3.0814316 12.040808 1.4820561 2.3138149 -12.64326 14.121905
3.1436827 14.305792 2.1740015 -9.726185 -17.438261 11.321905
3.7518287 16.501343 4.618556 -36.67618 -16.28326 10.166904
4.515602 18.383242 7.18043 -67.301186 6.01174 9.746905
5.3009243 20.332182 9.220352 -72.09618 34.01174 4.4619045
6.648901 20.741602 9.718362 -40.141182 37.05674 -10.238095
7.721536 20.348942 8.011244 15.088815 20.60674 -28.613094
7.946598 18.917166 4.6472874 74.028824 -1.30326 -48.5981
7.0870533 16.700068 1.8244374 106.05382 -9.70326 -69.0731
5.9665327 14.913938 0.7326481 102.55382 -2.52826 -84.0881
5.176422 13.044009 0.2777359 83.09381 0.93674004 -93.398094
4.5874305 11.265063 0.18675344 61.498817 -3.9282598 -98.85809
4.09421 10.197216 0.17478207 41.723816 -2.63326 -99.4181
3.8236568 9.043176 -0.97446984 31.538815 3.70174 -97.0731
4.2235007 7.5252056 -2.0375278 32.938816 -0.77826 -94.448105
4.252232 6.081458 -2.0782306 27.058815 -8.583261 -98.9631
3.110163 4.7717896 -0.84039044 5.533815 -13.55326 -113.5231
0.75659084 3.6823947 -0.6440599 -17.461185 -5.78326 -132.49309
-0.7829279 2.9162266 -1.5371244 -19.666185 1.70674 -148.1731
-1.4389591 1.6975409 -1.8244374 -8.991185 -7.7082596 -155.2081
-1.8747171 0.7853221 -0.8092649 -13.786185 -24.43826 -150.79811
-2.743839 0.531529 0.05985687 -37.481186 -23.70326 -136.6581
-3.284945 0.11253092 1.0151725 -67.40618 -0.21826 -118.5281
-3.5985951 -0.31365 2.3559663 -93.97118 30.301739 -98.05309
-4.170827 -0.2657645 3.1412885 -112.31119 54.06674 -77.5081
-5.190788 -0.13647367 3.5147953 -117.491196 71.741745 -61.8631
-5.6935854 0.117319465 3.842811 -108.95118 83.256744 -51.118095
-5.4685235 -0.04070267 4.2235007 -70.276184 62.57174 -26.443094
-5.33205 0.36632404 4.3958883 -48.191185 47.69674 -13.073094
-5.777385 1.1253091 3.632115 -27.611185 48.36174 0.156905
-5.3248672 1.1612233 3.7207031 -18.196186 65.09174 12.861905
-5.073468 1.3048798 3.981679 -18.441187 78.566734 23.781904
-4.9106574 1.9154198 4.252232 -17.846186 79.93174 34.176903
-4.850801 2.5092 4.4126487 -15.361186 81.29674 51.22191
-4.6664414 3.0718546 4.5060253 -9.271184 87.10674 70.61191
-3.3064935 3.354379 4.8771377 -4.021185 91.09675 88.42691
-1.0079896 4.252232 4.146884 3.8888152 91.58675 109.601906
0.66321415 6.196383 2.2889266 17.923815 95.78674 125.876915
1.3934679 6.7662206 1.4533248 22.228815 101.351746 124.7219
0.3519584 7.518023 2.49244 9.208815 94.42174 108.4119
0.12929083 8.339259 3.213117 -7.136185 86.93175 96.58191
2.3846977 8.339259 1.908237 -11.721185 94.10674 108.76191
3.7326744 8.348836 0.47885495 -7.1011853 103.87174 130.7769
3.9242165 8.652909 1.0870007 -11.231186 101.07174 133.0169
1.8435916 9.653716 5.1357193 -33.141186 94.31674 117.1269
3.1963568 9.366403 5.794145 -42.206184 101.351746 108.37691
5.873156 9.122187 1.3479767 -0.101185 105.69174 130.32191
8.509253 8.772623 -2.9042554 61.358814 92.25175 146.9819
7.292961 10.089474 -2.5762396 75.95381 73.80675 133.8219
4.3168774 10.999298 0.1340794 40.778816 71.42674 98.156906
5.0926223 9.692024 0.8834874 -0.626185 96.48674 81.28691
6.421445 9.478934 -0.13886794 -15.186185 118.886734 100.53691
6.6177754 10.795785 -0.52674043 -8.116186 116.26174 118.77191
7.003254 11.43745 -0.2657645 -3.741185 95.26174 117.9669
7.680834 10.92747 -0.9289786 0.633815 76.746735 109.46191
6.981705 10.6497345 -1.228263 10.013816 59.03674 102.88191
6.969734 12.143762 -1.2857256 11.483815 53.82174 94.7619
9.648928 13.199637 -2.753416 7.143815 59.49174 98.576904
10.78142 13.824543 -3.6488748 11.903815 54.31174 110.3719
9.550762 13.697646 -2.9569294 19.183815 31.141739 96.23191
8.123775 13.498921 -2.7749646 15.683815 20.81674 64.171906
8.152506 13.534836 -2.971295 10.888815 25.89174 46.006905
9.110215 13.30259 -3.6656346 10.328815 30.931742 48.246906
9.565128 12.660925 -4.170827 15.123815 25.89174 49.681908
9.198804 11.253092 -4.350397 20.058815 14.37674 37.921906
7.47732 9.871595 -4.1851926 16.873816 -9.9132595 -4.743095
6.2131433 9.246689 -4.048719 14.318815 -21.28826 -21.123096
5.933013 8.636149 -4.120547 12.498815 -36.30326 -26.618093
6.3352513 8.281796 -4.2809634 7.668815 -50.793262 -26.093096
6.7446723 8.013638 -4.233078 -2.691185 -63.11326 -25.603096
6.8093176 7.798153 -3.510007 -17.391184 -68.53825 -28.858095
6.65369 7.520417 -2.8467927 -26.036184 -74.628265 -34.808094
6.7997403 7.355212 -3.1245286 -24.636185 -87.50826 -38.168095
6.646507 7.3001437 -3.7757714 -23.341185 -99.37326 -38.588097
6.3137026 7.4701376 -3.5171897 -34.961185 -101.05326 -36.838097
6.941003 7.292961 -2.6360965 -56.521183 -98.39326 -31.028095
7.2091613 6.979311 -1.5107874 -72.341194 -101.12326 -25.708096
6.6872096 7.0080423 -1.1947432 -74.12618 -106.23327 -26.548096
6.682421 7.005648 -1.1779832 -65.37619 -113.51326 -29.418097
6.919454 6.936214 -0.7039168 -57.88618 -124.50327 -30.223099
6.4405994 7.127756 -0.16041641 -52.811188 -134.16325 -32.183098
6.395108 7.4821086 -0.45251793 -46.616184 -141.93326 -31.518095
6.8069234 7.877164 -0.6153286 -41.051186 -151.27826 -24.133095
7.14691 8.008849 -0.22745611 -43.571182 -158.80327 -17.903095
7.0080423 8.147717 0.58420306 -53.721188 -160.16826 -15.978095
6.7039695 8.260248 1.0965779 -62.92619 -154.49826 -15.348094
7.108602 8.346442 1.0534809 -62.331184 -151.41827 -15.313094
7.4964743 8.466156 0.5865973 -54.806187 -158.90826 -13.318095
7.0559278 8.5882635 1.1300977 -53.161186 -162.05826 -12.758095
6.304126 8.672064 2.0902019 -62.996185 -151.24326 -16.538095
6.035967 8.712766 2.2625897 -65.901184 -139.41325 -20.948095
6.201172 8.504464 2.3823035 -54.911186 -145.22327 -22.943096
5.9808984 8.332076 2.3679378 -43.431187 -153.23825 -22.033094
5.7366824 8.308133 2.3032923 -35.451183 -150.12328 -20.108093
5.652883 8.300951 1.9968252 -28.556185 -142.94826 -17.658094
5.2674046 8.219545 1.977671 -21.451183 -141.58325 -15.523094
4.652076 8.320105 2.0686533 -17.811186 -145.50327 -15.768094
4.206741 8.360807 2.2314641 -17.286184 -142.63326 -14.123095
4.70475 8.55235 2.360755 -16.621187 -133.70827 -6.598095
4.853195 8.968953 2.1811843 -12.806186 -130.62827 2.886905
4.7765784 8.964165 2.1189332 -6.9961853 -133.81325 6.526905
4.216318 8.839663 2.5044115 -10.391185 -119.32326 5.1969047
3.9170337 9.012051 2.8276386 -13.611186 -108.893265 6.876905
4.252232 9.268238 2.832427 -13.261185 -104.588264 10.656905
4.644893 9.385557 2.8420043 -14.731186 -98.98826 14.716907
4.470111 9.481328 3.0024207 -19.631184 -90.79826 15.556905
4.3767343 9.730332 3.972102 -26.176186 -89.22326 14.226905
4.757424 9.70639 5.0591025 -34.646187 -84.91826 15.521905
4.352792 10.032011 5.262616 -34.821186 -68.29326 16.501904
4.4246197 10.230737 4.764607 -23.271185 -65.948265 15.871904
4.6233444 10.496501 4.558699 -15.676186 -74.83826 15.731905
4.6281333 10.285805 5.0998054 -23.796185 -59.43826 15.6269045
4.11097 10.170879 5.715134 -37.971188 -17.01826 14.576906
4.0726614 10.084685 5.648094 -40.31619 13.99174 13.246905
4.3695517 10.156514 5.114171 -29.361183 20.57174 12.091906
4.1971636 10.194822 4.695173 -15.466185 25.89174 7.5769057
4.252232 10.161303 4.189981 -6.086185 35.271744 3.096905
4.5970078 10.178062 3.7638 0.108815 43.25174 3.306905
4.558699 10.307353 3.2011454 3.8188152 52.211742 2.641905
4.494054 10.288198 2.7486274 4.728815 62.326748 -1.2780951
4.6664414 10.324113 2.360755 4.4488153 71.70674 -4.183095
4.6065845 10.26665 2.135693 5.148815 76.08173 -5.933095
4.4725056 10.10384 1.8819 5.323815 79.05674 -8.488094
4.6041903 10.032011 1.5371244 4.4488153 83.36174 -10.133096
4.9346004 10.197216 1.3431882 3.9238148 86.05674 -10.413095
4.8292522 9.972155 1.1444633 4.203815 86.616745 -12.618095
4.304906 9.883567 0.96489275 5.603815 90.64174 -18.778095
4.0128045 9.802161 0.076616794 10.118815 91.48174 -24.833096
4.063084 9.687236 0.14605077 12.813815 85.84673 -25.918095
4.005622 9.601042 0.48843205 6.268815 85.881744 -22.628094
3.9098508 9.462174 0.45251793 0.948815 89.48674 -19.898094
3.9361877 9.495694 -0.16041641 5.323815 88.92674 -20.493097
4.3863115 9.3592205 -0.6273 13.058815 83.851746 -21.473095
3.8811195 9.318518 -0.505192 15.018816 79.19674 -22.208094
3.2897336 9.462174 -0.22266756 12.0788145 80.66674 -26.233095
3.3160706 9.787795 -1.0558752 12.253816 82.451744 -30.328096
3.4956412 9.730332 -1.8819 19.533815 78.98675 -32.0081
2.885101 9.945818 -2.2554069 24.958815 71.49674 -34.248096
2.360755 9.708784 -1.6065584 23.558815 64.006744 -38.553097
2.0231621 9.282603 -1.211503 15.753815 58.406742 -42.123096
2.0183737 8.667274 -1.5826156 19.113815 45.141743 -31.343096
2.2865324 8.047157 -2.17879 27.058815 34.781742 -23.573095
2.1668186 7.2977495 -2.2170985 25.763815 31.596743 -19.338095
1.759792 6.8524146 -1.7143008 19.253817 28.551739 -19.163095
1.4365649 6.7231236 -1.4676905 17.468815 23.82674 -20.108093
1.1396748 6.708758 -1.5443072 21.143816 19.381739 -21.298096
0.9960183 7.0104365 -1.9561225 25.553814 14.516741 -22.383097
0.72546524 7.2881727 -2.1380875 26.288816 9.756741 -23.153095
0.5219519 7.7574506 -1.8938714 20.128815 8.63674 -20.213095
0.38787252 8.159689 -1.4581133 10.783815 10.59674 -13.668096
0.6177229 8.557138 -1.1420691 1.5788151 13.116739 -6.493095
1.3096683 8.961771 -1.0917894 -1.956185 9.3367405 0.506905
1.1396748 9.337671 -0.71588814 -4.616185 7.65674 2.0819051
1.063058 9.373586 -0.5818088 -7.661185 10.0017395 -0.68309504
1.2138973 9.505271 -0.5889916 -6.716185 5.48674 -1.803095
0.7877164 9.615408 -0.32083282 -5.3861847 0.48174003 -2.678095
0.65124273 9.732727 -0.0023942748 -6.751185 1.4267399 -4.148095
0.67757976 9.763853 0.117319465 -8.396185 2.33674 -2.9580948
0.90982443 10.008069 0.06943397 -7.8361845 3.94674 0.29690498
0.9696813 10.106234 0.105348095 -5.246185 2.61674 1.696905
0.8284191 10.067925 0.28013015 -3.111185 -0.91826004 -0.26309502
1.1205206 10.096657 0.009577099 -0.696185 -4.5582604 -1.628095
1.2306572 10.113417 -0.17717634 3.048815 -8.47826 0.051905002
1.1061549 10.024829 0.12689656 2.033815 -7.14826 0.29690498
1.0510867 9.926663 0.49082634 -3.6011848 -3.15826 -0.99809504
1.1468576 9.835681 0.44533512 -6.086185 -1.72326 -1.418095
1.3958622 9.792584 0.21309046 -3.391185 -3.64826 -2.503095
1.1277034 9.617802 0.2561874 -1.5011849 -6.51826 -6.1780953
0.7996878 9.603436 0.36871833 -3.881185 -7.14826 -12.128095
0.4740664 9.651321 0.65842557 -7.5561852 -7.4282603 -15.348094
0.16520496 9.636956 0.8834874 -10.881186 -5.32826 -13.808095
0.34956414 9.613013 1.0079896 -11.686185 -2.49326 -10.308095
0.4764607 9.759064 0.88109314 -9.446185 -1.51326 -5.1980953
0.6249057 9.802161 0.70631105 -5.246185 -0.32326 -1.0330949
0.66321415 9.759064 0.68236834 -1.431185 0.09674 0.19190499
0.5770202 9.768641 0.49082634 1.018815 -0.35826 0.051905002
0.600963 9.897932 0.28970724 2.908815 -1.79326 -0.26309502
0.7853221 9.8548355 0.36871833 3.1188152 -2.5982602 -0.123095006
0.84278476 9.771035 0.5506832 -3.7761848 1.21674 2.291905
0.70870537 9.802161 0.6081458 -3.356185 0.48174003 0.68190503
0.6440599 9.768641 0.64166564 -2.831185 0.09674 -0.053095
0.65842557 9.711179 0.72785956 -3.0761847 1.46174 0.61190504
0.58420306 9.701602 0.57223165 -1.186185 1.98674 1.556905
0.409421 9.682447 0.4285752 0.808815 1.49674 1.9419049
0.45012367 9.684841 0.42618093 -1.711185 3.70174 4.986905
0.9577099 9.727939 0.43336374 -7.6961856 10.38674 11.146906
1.4126221 9.814133 0.4956149 -11.231186 12.55674 15.136907
1.3934679 9.809344 0.8667275 -11.5461855 8.42674 11.531905
1.0223553 9.699207 1.0534809 -8.781185 3.9117398 3.621905
0.81644773 9.70639 0.7709565 -2.376185 -0.56826 -1.8380951
0.70631105 9.696813 0.38547826 3.363815 -2.35326 -2.7830951
0.52674043 9.603436 0.6057515 1.788815 0.20174 -1.1030949
0.8547561 9.665688 0.7637737 -3.6011848 4.12174 1.696905
1.132492 9.792584 0.74222517 -4.686185 4.85674 4.776905
0.9481328 9.785401 0.55307746 -0.83618504 0.83173996 2.571905
0.70631105 9.72315 0.5363176 2.873815 -2.42326 -1.9080949
0.79250497 9.811738 0.68236834 2.348815 -2.10826 -1.383095
1.2474172 9.826104 0.5602603 0.77381504 -1.0932599 3.236905
1.2330515 9.828498 0.600963 1.088815 -1.65326 4.6019053
0.9912298 9.759064 0.7446195 0.52881503 -0.88326 1.486905
0.8332076 9.701602 0.723071 0.318815 -0.11326 -1.313095
0.7781393 9.665688 0.6368771 1.683815 -0.60326004 -1.383095
