0.66999996 10.179999 -0.64 21.772396 -8.021409 2.291831
1.4 10.33 -0.32999998 6.8754935 -19.480566 13.750987
2.69 10.63 0.38 -0.57295775 -21.199438 21.772396
3.82 10.92 0.74 5.15662 -30.939718 17.188732
3.82 11.28 0.21 16.615776 -33.80451 14.323945
2.9399998 12.75 -1.23 32.085636 -12.605071 5.15662
3.0 13.429999 -1.01 8.021409 5.7295775 8.021409
3.6399999 13.88 0.79999995 -22.91831 9.740283 12.605071
4.2999997 13.71 2.33 -30.939718 1.7188734 8.021409
4.5299997 13.57 2.75 -17.188732 1.7188734 -7.448451
4.36 13.16 2.2 3.4377468 6.8754935 -21.772396
3.9399998 12.9 2.31 12.032113 13.178029 -28.64789
3.21 12.87 0.74 26.929016 21.772396 -39.53409
2.59 12.17 -1.11 28.64789 32.658592 -39.53409
2.1699998 12.03 -0.71999997 12.605071 37.242256 -34.377464
2.99 11.99 0.71999997 -20.62648 41.825916 -24.064226
4.64 11.42 0.93 -34.950428 41.25296 -11.459155
4.72 11.03 0.84999996 -29.220846 37.242256 -18.907606
3.74 10.91 0.95 -14.323945 41.825916 -40.107044
2.6799998 10.54 0.03 1.7188734 42.971836 -59.014652
2.3799999 10.45 -0.099999994 4.0107045 45.83662 -63.598316
1.79 10.099999 -0.32999998 -1.1459155 53.285076 -59.58761
2.3 10.16 -0.32999998 -5.7295775 56.14986 -53.858032
2.35 10.09 -0.74 2.8647888 42.398876 -57.868736
1.92 9.67 -1.5 3.4377468 42.398876 -63.02536
1.51 9.61 -1.5799999 1.1459155 43.544792 -71.61973
0.98999995 9.22 -1.78 -0.57295775 44.11775 -72.76564
-0.16 8.13 -1.35 -8.594366 49.27437 -71.61973
-0.44 7.94 -0.51 -17.188732 51.5662 -69.32789
-0.42 7.5299997 -0.59999996 -9.740283 46.40958 -68.18198
-0.78 6.67 -3.1999998 12.032113 41.25296 -65.890144
-1.62 5.5499997 -3.78 12.032113 44.11775 -64.74423
-2.76 4.54 -1.8199999 -30.366762 55.576904 -61.879436
-3.48 4.18 -0.01 -30.366762 49.84733 -63.02536
-4.19 3.6899998 -0.96999997 20.62648 32.658592 -40.107044
-3.55 3.31 -2.27 27.501974 22.91831 -17.188732
-3.36 3.7099998 -2.04 21.772396 18.907606 -9.740283
-3.3899999 4.88 -1.1 -8.021409 21.772396 11.459155
-2.25 5.71 -0.93 -22.345354 33.231552 29.220846
-1.78 5.5299997 -0.9 -30.366762 41.825916 32.085636
-1.25 5.5099998 -0.34 -42.398876 46.98254 21.199438
-1.8399999 6.0499997 0.59 -40.680004 41.25296 17.188732
-1.86 5.79 1.0699999 -36.669296 33.231552 15.469859
-0.65999997 4.7599998 0.089999996 -35.523384 37.242256 20.62648
-1.02 4.6 -0.7 -37.242256 48.128452 20.62648
-2.02 5.94 1.14 -62.4524 59.014652 16.042818
-2.1499999 6.5499997 3.4099998 -87.662544 57.868736 18.334648
-0.55 6.42 3.1899998 -72.76564 46.98254 34.950428
0.11 7.5099998 2.37 -44.11775 38.961132 59.014652
1.02 8.8 2.6499999 -33.231552 34.377464 65.890144
1.4399999 8.75 2.23 -40.680004 41.825916 59.014652
0.5 8.58 1.91 -50.993244 60.733524 57.29578
0.26999998 8.889999 2.74 -64.17127 64.17127 69.32789
1.67 9.679999 4.02 -75.630424 53.285076 83.07887
3.1999998 9.5199995 2.1299999 -61.30648 35.523384 89.95437
1.91 9.11 2.1299999 -63.598316 40.680004 85.94367
1.03 10.389999 5.6 -81.93296 49.84733 82.50592
2.69 11.92 5.65 -57.868736 40.107044 90.52733
5.2999997 11.33 2.22 -33.80451 35.523384 93.39212
4.47 11.04 0.06 -5.7295775 38.38817 84.79775
0.56 12.11 2.71 -32.085636 44.69071 76.77634
0.93 13.33 3.9399998 -57.868736 76.203384 82.50592
2.69 13.509999 2.58 -39.53409 72.19268 114.0186
5.96 13.969999 1.43 -10.31324 46.40958 119.74818
4.16 14.23 2.6399999 -3.4377468 28.07493 77.349304
3.73 13.13 1.5899999 6.8754935 30.366762 44.69071
3.3899999 12.88 0.94 17.761692 28.07493 36.09634
2.44 12.82 1.3399999 10.886198 28.07493 41.825916
4.47 13.41 2.6699998 -4.0107045 15.469859 48.128452
6.1099997 12.95 1.06 12.605071 -3.4377468 44.69071
3.79 12.509999 -0.52 40.680004 -2.8647888 18.907606
3.02 11.969999 -0.39 42.398876 1.7188734 0.0
3.23 11.46 0.56 36.669296 -6.8754935 1.1459155
4.49 11.8 -0.47 52.139156 -13.750987 2.291831
4.71 10.67 -3.58 60.160564 -17.761692 -1.1459155
2.76 10.12 -1.09 20.053522 -29.793804 -17.761692
3.09 10.15 -0.03 1.1459155 -41.25296 -13.178029
3.77 10.55 -0.72999996 10.886198 -45.263664 -10.31324
4.2999997 10.67 -1.99 28.64789 -56.72282 -5.7295775
5.73 9.57 -1.78 16.042818 -72.76564 -8.021409
5.31 8.139999 -1.24 3.4377468 -80.78705 -29.220846
3.11 8.87 -0.48999998 8.021409 -69.32789 -55.00395
2.83 9.679999 -2.4099998 30.366762 -79.641136 -41.25296
4.91 9.429999 -3.53 20.053522 -99.69466 -12.032113
6.0499997 8.639999 -2.61 -18.334648 -104.27831 -10.886198
5.0699997 9.28 -0.24 -36.669296 -96.829865 -36.09634
4.45 9.74 0.97999996 -25.210142 -107.143105 -42.971836
5.1099997 9.07 0.42 -7.448451 -118.029305 -26.929016
5.19 9.22 0.96999997 0.57295775 -115.73747 -17.761692
5.6099997 9.7699995 0.47 16.042818 -118.029305 -15.469859
5.5099998 10.0 0.22 20.62648 -118.60226 -17.761692
5.52 9.76 0.42 9.740283 -121.46705 -13.750987
5.1 9.2699995 1.53 0.0 -120.89409 -13.178029
5.45 9.86 1.9599999 -4.583662 -107.143105 -14.323945
5.69 10.139999 1.4699999 10.886198 -100.26762 -13.178029
5.73 8.88 1.88 12.032113 -114.0186 -6.8754935
4.93 9.34 2.7 6.3025355 -119.17522 -13.750987
5.2799997 9.04 2.6699998 6.8754935 -115.73747 -8.594366
5.33 8.929999 3.51 0.0 -108.289024 -0.57295775
4.99 8.98 5.7599998 -19.480566 -87.662544 -1.7188734
4.41 9.59 6.95 -21.199438 -77.922264 -8.021409
3.77 8.639999 5.6 8.594366 -89.38142 -5.15662
3.47 8.86 6.1 6.3025355 -85.37071 -5.15662
3.4299998 9.49 7.14 -4.0107045 -68.18198 -0.57295775
3.53 10.179999 7.02 -1.7188734 -38.961132 7.448451
3.76 10.61 5.42 4.583662 -17.188732 7.448451
2.9099998 10.66 5.3599997 -1.7188734 -19.480566 -6.3025355
2.45 11.099999 6.45 -14.896902 -18.907606 -17.188732
2.79 11.54 5.74 -14.323945 -6.8754935 -13.750987
3.1499999 11.09 4.5099998 -13.178029 0.57295775 -10.31324
2.7 11.889999 5.58 -22.91831 22.345354 -11.459155
3.33 12.21 5.92 -26.929016 38.38817 -17.761692
3.55 11.929999 3.4399998 11.459155 33.231552 -24.637184
3.1599998 11.719999 1.9399999 19.480566 31.51268 -30.366762
2.6299999 11.469999 2.1499999 1.7188734 40.680004 -37.242256
3.02 11.23 3.51 -28.07493 55.00395 -34.950428
3.23 10.82 2.8899999 -10.886198 50.420284 -33.231552
3.3 10.7699995 1.35 6.3025355 48.701412 -35.523384
3.3999999 10.84 0.39999998 3.4377468 56.72282 -36.669296
3.3999999 10.84 0.39999998 -8.021409 58.441692 -41.25296
2.3999999 10.059999 0.82 -17.188732 60.733524 -43.544792
1.9399999 9.8 1.01 -17.188732 61.879436 -38.38817
2.06 9.4 0.75 -13.750987 57.868736 -31.51268
2.4199998 9.46 0.29999998 -10.886198 55.576904 -28.64789
2.55 9.38 -0.089999996 -5.7295775 52.139156 -24.064226
2.08 9.09 -0.38 -3.4377468 50.420284 -25.7831
1.77 8.91 0.08 -5.7295775 48.128452 -29.793804
1.65 8.429999 -0.45 -4.0107045 41.825916 -29.793804
1.23 8.34 -0.049999997 -8.021409 45.263664 -28.07493
0.89 8.41 0.14 -4.583662 49.84733 -26.356058
1.3399999 7.93 -0.42 5.15662 34.950428 -22.345354
0.77 7.83 -0.089999996 7.448451 35.523384 -22.91831
0.16 7.9199996 -0.19 9.740283 41.25296 -24.064226
0.51 7.7999997 -1.04 17.761692 38.961132 -16.042818
0.39 7.8399997 -1.9399999 25.210142 30.939718 -10.31324
0.17999999 8.01 -1.88 18.334648 21.772396 -10.886198
0.11 8.3 -1.0 5.7295775 18.907606 -10.31324
-0.24 8.21 -0.88 0.0 18.334648 -9.167324
-0.31 8.4 -0.79999995 1.1459155 19.480566 -5.7295775
-0.28 8.65 -1.2099999 5.7295775 12.605071 -1.1459155
0.03 8.95 -0.9 5.7295775 6.3025355 0.0
0.32999998 9.04 -0.35 1.1459155 0.0 1.7188734
-0.21 9.24 -0.63 0.57295775 4.583662 -0.57295775
0.0 9.07 -0.62 2.291831 8.594366 -1.1459155
-0.14999999 9.34 0.47 -3.4377468 4.0107045 0.57295775
-0.04 9.8 -0.14999999 2.8647888 0.0 0.57295775
0.32999998 9.49 -1.43 13.750987 -8.021409 3.4377468
-0.14 9.45 0.32999998 -2.291831 -2.291831 2.291831
-0.37 9.889999 1.16 -15.469859 5.7295775 -1.1459155
0.38 9.8 0.42999998 -1.1459155 -0.57295775 5.7295775
0.19 9.889999 0.63 9.167324 0.0 4.0107045
0.26999998 9.99 -0.01 16.615776 -4.583662 1.7188734
0.099999994 9.96 -0.5 18.334648 -5.7295775 1.7188734
0.0 10.05 0.25 5.15662 -1.1459155 3.4377468
0.39 10.28 1.05 -2.8647888 -4.583662 5.7295775
0.5 10.3 0.84 -0.57295775 -4.0107045 5.7295775
0.48999998 10.2699995 0.03 6.3025355 -4.0107045 5.7295775
0.22 10.219999 0.34 5.15662 -3.4377468 4.0107045
0.26999998 10.44 0.90999997 -5.7295775 -3.4377468 -0.57295775
0.32999998 10.21 0.41 -5.7295775 -2.8647888 0.0
0.25 10.07 0.34 -4.0107045 -2.8647888 1.1459155
0.12 10.05 1.5799999 -8.021409 -1.1459155 1.1459155
0.29999998 10.2 1.37 -1.7188734 -2.291831 1.7188734
0.53999996 10.219999 0.21 8.594366 -5.7295775 1.7188734
0.14 10.09 0.52 4.0107045 0.57295775 0.57295775
0.34 10.2 1.11 -4.583662 -2.291831 0.0
0.45999998 10.13 0.85999995 -0.57295775 -3.4377468 0.57295775
0.45 9.86 0.26999998 3.4377468 -1.7188734 -0.57295775
0.06 9.599999 0.11 1.1459155 -1.7188734 -2.291831
0.02 9.889999 0.37 -2.291831 -4.583662 0.0
0.28 9.94 0.65 -4.583662 -8.594366 1.7188734
0.29999998 9.9 1.13 -4.583662 -7.448451 0.0
0.29999998 9.83 1.65 2.291831 -6.3025355 -1.1459155
0.38 10.04 1.9599999 19.480566 -8.021409 -1.1459155
0.37 10.2 1.27 30.366762 -9.167324 -1.7188734
0.25 10.139999 -2.0 32.658592 -6.3025355 -1.1459155
0.21 10.139999 0.19 -4.0107045 5.7295775 2.8647888
0.44 10.07 1.51 -23.49127 6.8754935 0.57295775
0.26999998 9.96 0.90999997 -6.8754935 2.291831 0.0
-0.04 9.809999 -0.08 10.886198 -2.8647888 -2.291831
0.17 9.94 0.24 4.0107045 0.57295775 0.57295775
0.61 9.88 0.06 2.291831 -1.1459155 3.4377468
0.45 9.92 -0.34 4.0107045 -2.8647888 2.8647888
0.0 9.91 -0.07 -0.57295775 -4.583662 -1.1459155
0.19999999 9.94 1.25 -13.750987 0.0 0.0
0.22 10.03 1.5 -9.167324 2.8647888 2.8647888
0.19 9.99 0.81 -1.7188734 2.291831 2.8647888
0.44 10.26 0.48 3.4377468 0.0 4.0107045
0.52 10.2699995 0.53999996 1.7188734 0.57295775 1.7188734
0.26999998 10.15 0.22999999 0.0 2.291831 -0.57295775
0.17999999 9.76 0.35999998 -2.291831 3.4377468 -0.57295775
0.35999998 9.9 0.93 -5.15662 3.4377468 1.1459155
0.38 10.11 0.22999999 0.0 0.0 1.7188734
0.32999998 10.05 0.13 4.583662 1.7188734 2.8647888
0.56 10.19 0.78 -1.1459155 3.4377468 2.8647888
0.53 10.17 0.089999996 2.291831 -1.7188734 0.57295775
0.38 10.16 -0.32 8.594366 -4.583662 -2.8647888
0.089999996 10.0 -0.049999997 -1.7188734 0.0 -2.291831
0.32 10.04 0.93 -9.167324 0.0 0.0
0.53999996 10.04 0.94 -2.8647888 0.57295775 0.57295775
0.41 9.849999 0.59 4.0107045 0.0 -1.1459155
0.14 9.84 0.29999998 7.448451 -2.291831 -1.7188734
0.26 9.96 0.01 7.448451 -3.4377468 -1.1459155
0.37 10.11 -0.39999998 1.7188734 -0.57295775 1.7188734
0.29999998 10.0 -0.01 -12.605071 1.1459155 0.57295775
0.29 10.05 1.35 -16.615776 2.8647888 0.57295775
0.61 9.99 1.4399999 -8.021409 0.57295775 1.1459155
0.25 9.929999 0.22999999 9.167324 -1.7188734 -1.1459155
0.16 9.83 -0.29 13.178029 -0.57295775 -2.291831
0.24 9.99 0.22999999 0.0 0.0 -0.57295775
0.37 9.969999 0.65 -5.15662 1.7188734 1.1459155
0.32999998 9.82 0.59 -1.7188734 -1.1459155 0.57295775
0.32999998 9.9 0.32 2.8647888 -3.4377468 -0.57295775
0.37 9.84 0.089999996 0.57295775 -1.7188734 0.0
0.29 9.84 0.84 -6.3025355 1.7188734 1.7188734
0.26999998 9.9 1.29 -4.583662 2.291831 2.291831
0.52 10.03 0.32999998 8.594366 -2.8647888 2.8647888
0.39999998 9.94 -0.34 8.021409 -1.1459155 1.7188734
0.16 9.969999 0.41 -5.15662 2.291831 1.1459155
0.37 10.16 1.26 -6.3025355 1.1459155 3.4377468
0.81 10.25 0.64 6.8754935 -2.8647888 1.7188734
0.32999998 10.11 -0.42999998 9.740283 0.0 -1.1459155
0.19 10.12 -0.049999997 -4.583662 4.0107045 -0.57295775
0.39999998 10.139999 0.93 -10.886198 4.583662 0.57295775
0.56 10.309999 1.17 -8.021409 1.1459155 1.1459155
0.51 10.2 -0.03 8.594366 -3.4377468 -0.57295775
