3.85 9.4 1.11 -3.4377468 2.8647888 1.1459155
3.3 9.42 0.099999994 -11.459155 -12.605071 4.583662
3.09 9.559999 0.42 -9.740283 -21.199438 6.8754935
2.81 9.28 1.3299999 0.0 -21.199438 -2.291831
2.46 9.4 1.1899999 -0.57295775 -5.7295775 1.1459155
2.59 9.79 1.4499999 -6.3025355 -2.291831 6.3025355
3.3 10.33 2.24 -4.583662 -8.021409 5.7295775
3.73 10.66 3.4099998 4.583662 -16.042818 1.7188734
3.3799999 11.12 4.7599998 25.7831 -29.220846 5.7295775
3.1599998 13.92 5.77 17.188732 -17.761692 8.021409
4.75 16.88 6.48 -4.583662 10.31324 -5.15662
5.72 18.73 8.0199995 -6.8754935 39.53409 -19.480566
5.74 20.08 10.26 29.220846 61.879436 -41.825916
7.7 19.92 9.61 71.61973 79.06818 -79.641136
6.08 18.4 2.81 90.52733 83.65183 -104.27831
6.44 18.21 0.38 75.630424 78.49522 -112.87268
6.95 17.01 -1.5899999 38.38817 74.48451 -122.61296
7.27 14.87 -1.9599999 3.4377468 74.48451 -127.76959
7.8999996 12.08 -1.62 -18.334648 69.32789 -133.49916
8.679999 8.389999 -0.79999995 -4.583662 77.922264 -152.97972
8.71 4.89 0.099999994 40.680004 91.67324 -172.4603
5.98 1.6999999 0.12 91.10028 80.78705 -176.471
2.86 -0.95 -1.4499999 118.60226 56.14986 -163.86592
0.17999999 -2.55 -3.6599998 114.59156 35.523384 -139.22873
-1.77 -3.12 -5.41 83.65183 21.772396 -105.42423
-2.87 -2.9099998 -5.67 34.377464 6.8754935 -56.14986
-2.34 -2.07 -3.82 1.7188734 6.3025355 -34.950428
-2.45 -1.5799999 -2.72 -30.366762 11.459155 -20.62648
-2.59 -0.78999996 -1.02 -48.701412 16.042818 -10.886198
-2.3899999 -1.05 -0.34 -64.17127 15.469859 -1.7188734
-2.6399999 -1.23 0.59999996 -78.49522 20.053522 8.021409
-4.27 -0.88 2.73 -67.60902 13.178029 41.825916
-4.0299997 -0.17999999 4.3199997 -52.712116 6.3025355 64.17127
-2.36 0.90999997 3.9499998 -59.58761 8.021409 81.36001
-0.9 2.85 4.33 -69.900856 19.480566 92.81916
1.18 4.74 5.0 -79.641136 40.107044 90.52733
3.02 5.25 4.7599998 -87.089584 65.317184 95.11099
1.54 6.39 6.5699997 -72.19268 64.74423 105.42423
2.98 7.3199997 6.04 -55.00395 65.890144 111.72677
5.0699997 8.17 3.98 -55.00395 75.057465 112.29972
4.68 9.4 3.8799999 -53.285076 83.07887 120.89409
5.16 10.5 3.8 -35.523384 92.24621 124.33183
6.1099997 11.23 2.21 -4.0107045 92.81916 117.456345
6.64 12.65 1.26 19.480566 84.79775 109.43494
6.21 14.73 -0.21 25.210142 87.662544 98.54874
5.2799997 16.49 -1.52 12.605071 92.24621 95.68395
6.43 16.66 -3.27 -9.740283 91.67324 83.07887
6.8599997 16.5 -3.12 -2.8647888 79.06818 62.4524
5.16 15.809999 -2.31 38.38817 59.014652 33.80451
4.93 14.839999 -4.38 37.815212 56.72282 25.7831
4.47 13.5 -5.29 16.042818 50.420284 22.91831
3.83 12.78 -3.4299998 22.345354 35.523384 19.480566
4.23 12.32 -3.5 42.398876 20.053522 6.3025355
4.0 11.38 -5.3399997 37.242256 9.740283 -6.8754935
3.4399998 10.28 -6.6099997 16.042818 -4.583662 -9.167324
3.82 8.45 -6.6099997 6.8754935 -15.469859 -9.740283
2.78 7.22 -5.3399997 12.032113 -29.793804 1.1459155
2.37 6.87 -5.14 14.323945 -46.98254 10.886198
3.6899998 6.79 -6.39 6.3025355 -65.317184 9.167324
3.6499999 5.93 -6.0499997 4.583662 -80.78705 8.594366
3.12 5.7599998 -5.8199997 16.615776 -96.256905 18.334648
3.76 6.3199997 -6.29 24.637184 -114.59156 30.939718
4.8399997 6.7799997 -8.05 6.8754935 -128.9155 42.398876
6.79 7.0899997 -8.45 -34.377464 -139.80171 49.84733
7.66 7.64 -5.5899997 -51.5662 -142.09354 48.701412
7.48 7.6699996 -3.06 -17.761692 -159.28227 46.98254
7.97 7.99 -2.96 -4.583662 -173.60622 48.128452
9.2699995 8.2 -3.6899998 -18.334648 -175.89804 49.84733
8.929999 7.2599998 -3.1699998 -25.210142 -179.33578 62.4524
8.59 7.66 0.04 4.0107045 -182.20056 67.60902
9.4 8.92 1.7099999 30.939718 -174.75212 57.29578
9.92 10.0 -1.4399999 -4.0107045 -170.16847 63.02536
9.809999 10.95 1.4499999 -30.939718 -173.03325 74.48451
10.61 12.59 4.23 -37.815212 -155.84453 66.463104
11.36 12.88 4.66 -61.879436 -130.06142 46.40958
9.88 11.32 6.16 -78.49522 -110.0079 35.523384
8.46 10.929999 8.96 -30.366762 -84.22479 21.199438
8.2 11.32 8.7 -8.021409 -68.18198 0.57295775
7.6 11.11 6.23 -13.178029 -52.139156 -7.448451
6.15 10.41 4.89 -25.210142 -40.680004 -2.8647888
5.27 10.0 4.87 -26.929016 -36.09634 0.0
5.0299997 10.2699995 5.02 -26.356058 -24.064226 0.0
6.71 11.38 4.23 -34.950428 -19.480566 -8.021409
6.56 12.03 4.91 -38.961132 -1.7188734 -16.042818
6.18 12.009999 4.96 -37.242256 21.199438 -23.49127
5.35 11.23 4.68 -32.085636 37.815212 -29.220846
5.27 10.79 3.8799999 -22.345354 43.544792 -28.64789
5.58 11.09 3.76 -3.4377468 45.83662 -38.38817
5.93 11.61 3.83 8.021409 59.58761 -50.993244
6.02 11.29 2.3 -3.4377468 71.61973 -56.14986
5.9 10.59 1.1 -19.480566 77.922264 -56.14986
5.52 10.04 1.5999999 -14.896902 83.65183 -57.29578
5.2 9.41 1.73 -3.4377468 84.22479 -59.014652
4.87 8.179999 -1.3 -17.188732 83.65183 -57.29578
5.0699997 7.23 -1.56 -30.366762 87.662544 -55.00395
4.15 6.41 -0.84999996 -21.199438 99.69466 -50.993244
2.71 5.58 -1.3 -1.7188734 95.11099 -41.825916
2.78 5.33 -2.34 12.605071 71.04677 -37.242256
2.58 5.06 -2.86 29.220846 48.701412 -32.085636
1.92 5.19 -3.1599998 33.231552 34.377464 -21.772396
1.76 5.73 -3.0 29.220846 27.501974 -14.896902
2.2 6.47 -3.11 15.469859 24.637184 -11.459155
2.52 6.7 -3.74 -3.4377468 16.042818 -8.021409
2.55 7.0 -2.9299998 -12.605071 12.605071 -6.3025355
2.6599998 7.3999996 -0.48 0.0 10.31324 -2.8647888
2.37 7.7599998 -0.66999996 6.3025355 9.740283 -3.4377468
2.46 8.04 -0.78999996 5.15662 4.0107045 0.57295775
3.04 8.41 -0.17999999 6.8754935 3.4377468 0.0
2.82 8.559999 0.21 14.323945 6.8754935 -2.8647888
2.73 8.62 -0.25 18.334648 6.8754935 -2.8647888
2.58 8.69 -0.90999997 2.8647888 8.594366 0.0
2.3899999 8.87 -0.69 -4.0107045 8.021409 4.0107045
2.6 8.88 -0.32 -2.8647888 7.448451 2.8647888
2.55 8.78 0.03 2.8647888 3.4377468 1.7188734
2.56 8.7 -0.089999996 4.583662 1.7188734 1.1459155
2.48 8.94 -0.21 1.1459155 0.0 4.0107045
2.6299999 9.17 0.0 2.8647888 1.7188734 5.7295775
2.6 8.97 -0.21 1.7188734 1.7188734 6.8754935
2.57 9.12 -0.04 0.57295775 0.57295775 9.167324
2.71 9.32 -0.19 -1.7188734 0.0 8.594366
3.1299999 9.58 -0.13 -2.291831 -1.7188734 6.3025355
3.02 9.48 0.01 -2.291831 -1.7188734 2.8647888
2.5 9.42 0.45999998 1.7188734 -1.7188734 6.3025355
2.69 9.48 0.45 5.15662 0.0 5.7295775
3.1999998 9.53 0.0 3.4377468 2.291831 2.8647888
2.98 9.429999 -0.37 0.0 0.0 4.0107045
2.82 9.58 -0.19 0.0 -3.4377468 2.8647888
3.0 9.65 0.099999994 2.8647888 -4.0107045 1.7188734
3.21 9.41 -0.24 -2.8647888 -1.1459155 -0.57295775
2.8799999 9.19 0.24 -5.7295775 -1.1459155 0.0
2.58 9.179999 0.88 2.291831 -0.57295775 1.7188734
2.6599998 9.309999 0.63 8.021409 -2.291831 2.8647888
2.96 9.36 0.16 3.4377468 0.0 1.1459155
3.23 9.41 -0.22999999 -1.7188734 0.0 0.0
3.1 9.309999 -0.049999997 -3.4377468 -1.1459155 -1.7188734
2.79 9.2 0.35999998 -2.291831 -1.1459155 0.0
2.6599998 9.099999 0.55 0.0 0.0 1.7188734
2.82 9.19 0.64 5.15662 0.0 0.0
2.97 9.29 -0.14 3.4377468 1.7188734 -1.1459155
2.59 9.29 -0.11 -0.57295775 2.291831 0.0
2.72 9.19 0.06 0.0 -0.57295775 0.57295775
2.8799999 8.95 -0.01 2.291831 -1.7188734 -0.57295775
2.69 8.96 -0.14999999 0.0 -2.8647888 0.0
2.56 9.07 0.08 -0.57295775 -1.7188734 3.4377468
2.54 9.179999 0.31 0.0 -0.57295775 5.15662
2.71 9.21 0.21 0.0 -0.57295775 5.7295775
3.1799998 9.37 0.19999999 1.7188734 -3.4377468 1.1459155
3.1599998 9.51 0.19 2.291831 -4.0107045 -1.7188734
2.9299998 9.48 0.17 -2.8647888 -1.1459155 -1.1459155
2.6499999 9.11 0.71999997 -6.3025355 1.1459155 3.4377468
2.9399998 9.19 1.09 1.7188734 1.7188734 4.0107045
3.4399998 9.42 0.61 10.31324 0.57295775 -0.57295775
3.09 9.42 -0.049999997 10.886198 0.57295775 -5.7295775
2.3999999 9.26 -0.45 3.4377468 1.1459155 -2.291831
2.59 9.21 -0.32999998 -6.8754935 2.8647888 1.1459155
