1.594587 9.668081 0.48843205 -3.4804351 6.16987 8.060815
1.6855695 9.557945 0.4956149 -6.1054354 5.04987 8.725815
1.4198049 9.560339 0.7877164 -7.050435 3.57987 5.540815
1.2043202 9.464568 0.6392714 -4.005435 0.21987 2.425815
1.2953026 9.514848 0.4668836 1.349565 -3.49013 2.3558152
1.3312168 9.577099 0.44054657 3.869565 -4.99513 3.8258152
1.4102279 9.507666 0.51716334 2.574565 -4.15513 4.5958147
1.4221992 9.421472 0.5865973 1.1045649 -3.80513 5.4008155
1.3479767 9.337671 0.6177229 0.859565 -4.43513 6.030815
1.1779832 9.380769 0.7206767 0.964565 -4.68013 6.3458147
1.2593886 9.596253 0.74701375 1.069565 -5.31013 7.080815
1.3623424 10.022434 0.97446984 1.1395651 -7.1651306 9.530815
0.967287 10.984933 1.2258687 -0.855435 -7.72513 11.630815
0.6153286 11.954614 1.4605076 -4.4954348 -4.54013 11.665815
0.61293435 13.4270935 2.056682 -10.165436 -2.72013 11.595815
1.4269878 15.36885 3.5674694 -20.700436 -4.01513 14.360816
2.0949905 17.219624 4.182798 -33.23044 -1.7401301 18.280815
3.265791 18.56042 4.767001 -35.365437 1.79487 17.720816
4.187587 18.615486 5.461341 -29.555433 2.66987 10.335814
3.9146392 18.033678 5.7606254 -21.015434 5.46987 -6.3591847
3.6081722 17.15019 5.3895125 -7.6454353 12.50487 -29.424185
3.6297207 16.135017 4.352792 9.924565 20.58987 -45.804184
4.1947694 14.95464 3.014392 30.539566 21.954872 -51.894184
4.8148866 13.412727 1.1253091 49.649567 15.479871 -55.289185
4.1420956 11.875603 0.40223816 42.999565 5.22487 -79.75419
3.2202997 10.872402 0.6464542 16.154566 13.414869 -90.884186
2.5738454 9.811738 0.48843205 -0.680435 22.33987 -92.774185
2.2410412 8.475733 -0.16759923 -1.8704349 19.11987 -95.29418
2.1285102 6.857203 -0.55786604 -5.5104346 8.12987 -102.99419
1.2186859 5.525986 -0.4070267 -22.870436 7.32487 -105.96919
-0.26097596 4.8723493 0.22985038 -46.180435 22.269869 -100.579185
-0.9433443 4.106181 1.0295382 -63.61043 35.39487 -92.52919
-0.76137936 3.5962007 1.2953026 -67.915436 37.80987 -81.08419
-0.36392978 3.1963568 0.8834874 -58.920437 32.59487 -68.90418
-0.7541966 3.1317115 0.6440599 -49.365437 31.754871 -63.514183
-1.5921928 3.0024207 1.0822122 -48.140438 37.35487 -68.58919
-3.1484714 2.5092 1.8938714 -50.62544 37.98487 -75.51919
-4.1157584 2.4589202 2.370332 -45.795433 37.284874 -74.85419
-4.9393888 2.6744049 2.1069617 -30.780436 35.67487 -65.859184
-4.6137676 2.928198 1.7047237 -13.140435 28.604872 -49.549187
-3.962525 3.040729 1.4557191 -4.670435 25.45487 -28.409187
-3.8883023 3.6584518 1.2498114 -4.740435 30.94987 -7.5141854
-3.7326744 3.6440864 1.4796618 -12.440435 43.899868 7.675815
-3.7015488 3.1580484 1.8699286 -23.955435 54.784874 16.600815
-3.3567734 3.5339496 2.264984 -29.660435 56.77987 23.740816
-2.9760835 4.168432 1.6616267 -25.530434 52.40487 37.495815
-3.2370596 4.3408203 0.9313729 -15.870435 51.07487 49.150818
-3.8906965 3.727886 1.3647367 -16.115435 51.80987 47.785816
-3.8978794 3.4645157 2.6528566 -33.755436 48.93987 39.140816
-2.7294734 3.7087317 2.52596 -53.880436 48.09987 45.020817
-1.2761484 4.000833 1.2043202 -59.235435 59.159874 74.73582
-1.3360053 3.9313993 2.1452703 -63.470436 73.12487 102.210815
-2.6073654 4.168432 4.6496816 -83.63043 79.17987 102.070816
-1.5467016 5.276982 6.759038 -103.96544 71.79487 89.57582
2.5666625 5.427821 2.6265194 -79.640434 64.12987 109.77082
2.9497466 6.1461034 0.20111908 -17.865435 52.474873 145.89082
1.1061549 6.184412 3.3400133 12.269565 42.04487 147.08081
0.3974496 7.738296 6.7446723 -13.525435 31.124868 115.020805
4.68799 7.843644 3.3495905 -21.085434 31.47487 116.070816
7.283384 8.794171 -0.56265455 28.964565 30.87987 164.68582
6.1030064 7.9777236 0.9122187 69.66956 28.639872 189.25583
3.0239692 8.447001 5.95935 49.579563 19.434872 160.27583
4.903475 10.285805 5.5810547 3.2045648 23.87987 122.405815
9.651321 12.720782 -1.4293821 77.68456 37.42487 191.98582
11.217177 12.890776 -3.8188684 89.51456 33.22487 177.28581
6.8284717 11.789409 -0.68715686 30.294567 24.43987 113.76082
4.268992 14.092702 4.7622128 -32.390438 35.07987 81.24582
7.965752 14.308187 1.0271438 -26.125435 53.41987 122.650826
10.376787 14.581134 -0.93616146 7.054565 45.33487 142.70581
9.371192 13.546807 -0.9433443 19.724566 24.26487 109.87581
7.745479 13.769474 -0.38547826 20.949564 5.04987 67.945816
8.557138 13.939468 -1.472479 25.744564 2.49487 55.415813
9.306546 14.047211 -3.0646718 31.799568 2.0748699 56.255814
9.287392 14.207626 -3.1987512 25.429565 -2.96513 44.355816
9.534002 13.855668 -2.6863763 6.1795654 -14.55013 27.030815
9.352037 12.574731 -1.8004947 -18.145435 -23.40513 10.160815
8.554744 11.336891 -1.0223553 -40.265434 -21.90013 -8.249185
7.814913 9.905115 -0.023942748 -53.495438 -18.78513 -26.134186
7.2354984 8.820508 0.19633053 -54.090435 -24.80513 -38.419186
7.063111 8.107015 0.22985038 -47.160435 -35.27013 -45.069183
6.7853746 7.4845033 0.24421602 -43.380432 -41.15013 -48.464188
6.299337 7.56112 0.57223165 -40.020435 -42.760128 -51.894184
6.0934296 6.9314256 1.2785428 -35.435436 -49.760128 -57.004185
5.29853 7.1947956 0.5889916 -21.260435 -57.670128 -63.05919
5.777385 7.412675 -0.67279124 6.144565 -72.82513 -62.849182
5.5355635 7.683228 -0.7709565 14.789566 -87.84013 -56.199184
5.446975 7.491686 0.03351985 0.15956502 -88.19013 -52.66419
5.873156 7.352818 1.2450229 -25.180435 -82.590126 -46.539185
5.940196 7.597034 1.6400782 -43.765434 -76.53513 -36.914185
5.8611846 7.659285 2.004008 -45.550434 -73.94514 -33.589188
6.1892004 7.5826683 1.8531687 -37.360435 -82.20513 -37.929188
6.098218 7.7526617 1.3383996 -26.720436 -93.475136 -40.764183
5.4757066 7.9178667 1.1277034 -20.070435 -97.395134 -40.37919
4.616162 7.7143536 2.0925963 -23.045435 -95.645134 -43.074184
4.63771 7.5467544 2.7558103 -33.790436 -96.66013 -46.994183
4.9346004 7.491686 2.4852571 -39.250435 -96.66013 -41.04419
4.9154463 7.848433 2.2530127 -33.755436 -97.99013 -29.879185
5.0375543 7.8699813 2.3320236 -27.455437 -99.740135 -24.314184
5.157268 7.597034 2.5594797 -26.195435 -103.31013 -23.859184
4.7789726 7.4366174 2.6791935 -28.015434 -104.53513 -24.594187
4.173221 7.6257653 2.691165 -27.910437 -103.240135 -23.894184
3.9673133 7.963358 3.0718546 -25.355434 -103.94013 -17.524185
4.731087 7.980118 2.9521408 -25.075434 -103.87013 -12.414186
4.929812 7.953781 2.997632 -23.920435 -100.405136 -9.649185
4.182798 8.166871 3.2466366 -23.080435 -97.64013 -11.294185
3.7614057 8.262642 3.9337935 -23.675436 -96.83514 -12.694185
4.245049 8.214757 3.9242165 -21.260435 -95.715126 -9.579185
4.6305275 8.099832 3.9361877 -17.235435 -92.39013 -4.329185
3.9960446 8.279403 4.1157584 -16.220436 -85.00513 -2.894185
3.6608462 8.219545 4.192375 -16.010435 -77.16514 -3.9791849
4.04393 8.327288 4.2378664 -15.520435 -71.67013 -0.094185
4.1971636 8.542772 3.9960446 -12.020435 -69.15013 4.4558153
3.912245 8.700794 4.1564612 -10.025435 -65.44013 5.575815
4.065479 8.648121 4.2665977 -12.475434 -59.70013 6.030815
4.2211065 8.770228 4.8771377 -18.425434 -52.14013 8.900815
4.120547 8.870789 5.322473 -23.080435 -40.625134 11.175815
4.04393 9.016839 5.4062724 -20.770435 -29.81013 11.630815
4.3911 9.624985 4.68799 -9.640435 -23.12513 10.650814
4.992063 9.967366 4.252232 0.64956504 -19.17013 11.630815
5.1788163 9.976943 4.6137676 -1.275435 -15.775131 10.685815
4.7885494 9.950606 4.9609375 -7.4354353 -6.7801304 3.895815
4.592219 10.058349 4.642499 -7.015435 3.75487 -3.174185
4.6305275 10.058349 4.1971636 -1.7654351 13.51987 -5.064185
4.7789726 10.034406 3.912245 1.174565 23.494871 -5.834185
4.80531 10.178062 3.5052183 3.659565 31.334873 -8.179185
4.8292522 10.192428 2.9497466 8.979566 34.06487 -11.749186
4.702356 10.034406 2.6217308 13.5995655 36.75987 -15.424186
4.7622128 9.945818 2.3942747 13.774566 42.009872 -19.169186
4.616162 9.797373 2.2865324 12.619565 47.154873 -21.304186
4.443774 9.603436 2.0494993 12.864566 50.26987 -24.069183
4.381523 9.529214 1.7550035 14.824564 51.56487 -26.939186
4.278569 9.428655 1.3000913 17.414564 51.59987 -28.234186
3.9266107 9.337671 1.0965779 19.899565 50.16487 -29.284184
3.7302802 9.234718 1.0127783 20.844566 47.64487 -31.349186
3.6033835 9.141341 0.6560313 20.179565 47.88987 -33.029182
3.3687446 9.155706 0.34716985 19.584564 49.14987 -33.90419
3.0790374 9.201198 0.31125572 19.129564 48.904873 -33.029182
3.059883 9.2490835 0.4070267 18.324566 46.38487 -32.504185
3.0886145 9.407105 0.06464542 16.224566 44.004875 -32.399185
2.6624336 9.644139 -0.08858817 15.034565 41.86987 -33.134186
2.6552508 9.684841 0.12210801 6.5645647 35.56987 -35.689186
2.9689007 9.569917 0.67279124 -0.47043505 32.244873 -34.499187
2.9234095 9.366403 0.70631105 -2.1504352 34.51987 -35.16419
2.5403256 8.909097 0.52913475 1.069565 36.12987 -38.769188
2.169213 8.521224 0.21309046 3.624565 34.799873 -40.099182
1.8364087 8.358414 -0.05027977 6.284565 30.459867 -37.229187
1.3910737 8.080677 -0.18914771 7.054565 27.16987 -34.25419
1.324034 7.800547 -0.64166564 7.4745646 27.06487 -29.004187
1.4557191 7.788576 -0.9217958 6.249565 26.01487 -20.464186
1.1348863 7.8532214 -0.68715686 2.8545651 24.649872 -15.529184
0.55786604 7.778999 -0.11013664 -0.365435 21.394869 -17.944185
0.48843205 8.013638 -0.03351985 2.7495651 16.00487 -17.804184
0.70870537 8.224334 -0.2657645 11.114565 10.29987 -10.979185
1.0989721 8.482916 -0.34716985 17.134563 5.32987 -5.449185
1.3791022 8.770228 -0.48124924 18.884565 1.1298699 -2.474185
1.3575538 9.174861 -0.4644893 16.924564 0.07987 -1.214185
1.3886794 9.184438 -0.1987248 11.744565 1.75987 -0.829185
1.3096683 9.320911 0.019154198 5.899565 2.3898702 0.18581499
1.4676905 9.39274 0.2944958 1.7345649 2.80987 1.3408151
1.3312168 9.423865 0.50998056 -1.7654351 4.06987 1.165815
0.9960183 9.454991 0.74701375 -2.815435 3.78987 -1.284185
0.8571504 9.555551 0.7853221 -1.275435 2.56487 -2.369185
1.0439038 9.660899 0.48843205 2.994565 0.28987 -0.024185
0.9888355 9.816526 0.34477556 6.3195653 -1.2151301 2.6358151
1.0678465 9.945818 0.4285752 5.689565 -0.23513001 3.9658148
1.2258687 9.948212 0.5554718 2.819565 -0.93513006 4.875815
1.359948 9.950606 0.5794145 0.22956501 -0.41013 5.330815
1.462902 9.900327 0.5698374 -0.785435 0.74487 5.610815
1.2426286 9.821315 0.9194015 -1.450435 -0.095130004 4.5958147
1.1660118 9.751882 1.0917894 -2.9904351 -0.23513001 2.250815
1.359948 9.840469 0.8643332 -2.7104352 -0.16513 2.180815
1.56825 9.926663 0.6153286 0.964565 -0.62013006 4.175815
1.5299416 9.804555 0.7948992 2.679565 -1.84513 4.0358152
1.3695252 9.75667 1.0678465 -0.19043499 -1.95013 1.375815
1.324034 9.838076 0.9122187 -2.360435 -0.30513 -0.409185
1.3791022 9.814133 0.7398309 0.334565 -0.13013001 -0.094185
1.4317763 9.708784 0.73743665 3.134565 -0.69013 0.15081501
1.4581133 9.780613 0.7302538 2.1545649 -0.23513001 -0.024185
1.3527653 9.787795 0.7781393 0.089565 0.28987 -0.44418502
1.2186859 9.668081 0.9720756 0.124565 -1.2151301 -2.509185
1.376708 9.636956 0.82602483 0.36956498 -0.16513 -1.844185
1.4581133 9.725544 0.7302538 0.64956504 1.3748701 -0.094185
1.3551595 9.675264 0.80687064 -0.155435 1.33987 -1.214185
1.2474172 9.574705 0.97446984 -1.065435 0.88487 -2.9291852
1.2689656 9.660899 0.82602483 -0.47043505 1.2698699 -2.474185
1.1779832 9.680053 0.7685622 0.964565 1.33987 -1.3191851
1.1157321 9.58907 0.8571504 0.964565 0.77987003 -1.144185
1.2258687 9.63935 0.7948992 1.069565 1.2348701 -0.26918498
1.3623424 9.675264 0.5243462 2.574565 0.81487006 1.060815
1.2546 9.641745 0.48843205 3.3795652 -0.62013006 0.290815
1.1300977 9.598648 0.65124273 1.699565 -1.2151301 -2.019185
1.0702409 9.648928 0.8044763 0.334565 -1.7401301 -2.649185
1.0822122 9.632168 0.81644773 1.034565 -2.72013 -1.459185
1.2474172 9.656111 0.6081458 3.099565 -3.0001302 0.045815002
1.3814965 9.675264 0.42378664 4.604565 -3.31513 1.725815
1.2617828 9.732727 0.6847626 2.084565 -1.7051301 2.600815
1.2522057 9.680053 0.92658436 -3.025435 2.14487 2.8108149
1.3671309 9.694419 0.8332076 -4.635435 3.6148698 3.440815
1.462902 9.737515 0.5698374 -1.2054352 1.0598699 3.895815
1.3886794 9.718362 0.58420306 1.419565 -1.8101301 2.3908148
1.2569942 9.684841 0.7709565 -0.225435 -1.56513 0.290815
