0.03351985 8.985713 -1.759792 -0.735875 12.28668 -6.5288653
0.045491222 8.865999 -1.7837347 0.83912504 5.6716805 -4.2188654
-0.102953814 8.693612 -1.7143008 1.609125 0.66668004 -3.0288649
-0.2777359 8.454185 -1.6257126 0.38412502 2.9416802 -2.7488651
-0.43575802 8.348836 -1.5083932 -0.560875 5.6716805 -2.293865
-0.18196489 8.111803 -1.6352897 1.2241249 4.58668 -0.613865
0.038308397 7.8268843 -2.0399222 8.679125 3.01168 6.911135
0.46209505 7.257047 -2.0854135 7.524125 7.0366797 10.131135
1.0654523 6.596227 -2.0375278 3.2891252 17.326681 12.896134
1.6807809 5.054314 -2.4541316 3.149125 25.516682 12.616136
1.5874043 3.2610023 -2.8180614 9.099125 17.781681 7.7161355
0.66800267 2.0878077 -2.4349775 13.369125 7.70168 0.506135
-0.60335726 1.8842943 -1.9321798 15.399126 8.156679 0.226135
0.18196489 1.7071179 -2.6983478 27.089127 10.0466795 14.926135
1.1612233 1.4916332 -3.8739367 44.869125 9.87168 32.671135
1.733455 1.1803775 -5.2051535 54.284122 8.576679 41.876137
2.2003386 0.9289786 -5.3919067 44.904125 3.5016801 48.666134
1.5179702 1.6688095 -3.668029 13.614125 5.8816805 60.846138
2.5068057 2.343995 -2.4277947 -18.025875 20.266682 86.57114
5.0399485 2.6720107 -2.1237218 -27.405874 21.59668 125.45614
6.7135468 3.5985951 -1.0008069 -26.670876 9.10168 156.32613
7.7574506 5.4757066 0.071828246 -22.890875 1.61168 172.70615
10.0200405 7.309721 -0.4668836 -4.1308756 -7.94332 184.32614
11.312948 7.884347 -1.9178141 23.029125 -19.03832 198.04613
10.489318 10.448615 -0.8092649 24.499125 -21.31332 205.64114
10.106234 14.011296 1.7837347 -12.075875 1.9266801 207.14615
13.479767 15.895591 2.1380875 -45.955875 21.561682 215.65114
17.049631 17.341732 0.5554718 -51.100876 9.94168 225.83614
14.135798 18.143814 -1.0247496 -49.805874 -4.40832 199.13113
11.983345 18.603516 0.65124273 -72.975876 13.19668 146.98114
13.044009 19.103918 0.86912173 -112.94588 38.15168 112.57613
14.413534 19.929943 -0.9601042 -121.485886 41.44168 100.15113
15.443072 19.503763 -2.6169424 -104.44087 23.941679 80.131134
15.50293 18.112688 -3.5219781 -95.30588 6.16168 44.396137
15.483775 16.805414 -2.5834224 -104.615875 5.35668 -0.368865
15.749539 15.672923 -2.047105 -122.53587 12.56668 -36.908863
15.500535 14.973795 -0.845179 -127.540886 14.07168 -63.50887
15.457438 14.456632 0.4166038 -120.12089 2.31168 -89.79387
16.14699 13.913131 1.4652961 -105.98087 -14.768319 -113.80387
16.01291 12.622617 2.0183737 -90.75588 -28.173319 -129.97386
14.451842 11.253092 2.2985039 -67.09588 -36.18832 -151.49887
13.518076 9.91948 2.5139885 -39.515877 -55.43832 -176.48886
11.808563 8.559532 2.925804 -20.230877 -78.71332 -201.09386
9.26345 6.88354 3.8116856 -24.675875 -78.118324 -200.28886
7.7694216 5.810905 4.063084 -28.910875 -78.64332 -186.95386
6.742278 4.9010806 4.371946 -30.275875 -81.75832 -166.86388
7.024802 3.9146392 5.071074 -28.525875 -84.62832 -151.00885
6.8165 3.3232534 4.2570205 -16.835875 -86.938324 -150.06387
5.564295 2.116539 3.46691 -5.985875 -86.48332 -160.45888
3.110163 1.8890828 5.320079 -12.950875 -79.09832 -163.60886
3.100586 1.5993756 5.3727527 -11.620875 -78.188324 -148.48888
3.2394538 1.8795058 3.964919 7.839125 -87.21832 -128.53888
2.5044115 2.2697725 3.4621215 23.799126 -101.63832 -119.47388
1.3048798 2.0159793 3.8667538 27.439125 -115.463326 -118.703865
0.60335726 1.8842943 3.1843855 31.324125 -120.04832 -110.47887
-0.32083282 2.1620302 2.3368123 36.714123 -114.16833 -89.12887
-0.6368771 2.588211 2.473286 26.529125 -94.21832 -64.80386
-0.89067024 2.8683412 3.3304362 6.334125 -65.063324 -42.193867
-1.4389591 3.675212 3.562681 -2.660875 -45.63832 -26.303864
-1.4150164 4.3599744 2.8396099 4.724125 -43.783318 -17.133863
-1.3719195 5.1189594 1.7669748 15.399126 -34.893322 -8.418865
-1.6855695 6.019207 1.0846065 17.184124 -19.283321 -3.7638655
-1.8723229 6.6081986 0.6943397 11.164125 -5.24832 -6.983865
-1.8076775 7.161276 1.0774237 -1.050875 3.7116802 -10.588865
-1.9920366 7.249864 0.7039168 -13.195875 11.97168 -9.748865
-2.3152637 7.788576 1.0247496 -18.760878 19.111681 -8.1388645
-1.8627458 7.9992723 1.6281068 -21.420876 19.91668 -5.968865
-1.4820561 8.28898 1.5826156 -16.695875 6.3366804 -2.538865
-1.5059988 8.741497 1.2426286 -7.000875 -6.3333197 -1.9438651
-1.3455825 8.834874 0.9577099 -0.49087498 -1.6433201 0.611135
-1.7214836 9.270632 1.2809371 0.174125 4.69168 4.6011353
-1.0391153 9.320911 1.1109436 -0.035875 3.6066802 5.966135
-0.16759923 9.423865 0.3974496 6.334125 -5.0733204 10.376135
-0.81165916 9.682447 0.22266756 12.844125 -11.338321 12.056135
-0.9816527 9.560339 0.6081458 8.784125 -4.9683204 5.126135
-0.7541966 9.617802 0.66800267 0.489125 -0.31332 1.486135
-0.54828894 9.979338 0.19393626 -1.0858752 0.66668004 5.2311354
0.28970724 10.125388 0.28252444 3.499125 -1.92332 7.086135
0.1340794 10.168485 0.30167863 4.759125 -7.698321 5.651135
-0.8044763 10.034406 0.4668836 2.484125 -8.78332 -1.523865
-0.99362403 9.79019 0.84996754 -1.155875 -5.38832 -9.048865
-0.84996754 9.7135725 1.2426286 -4.900875 -5.14332 -8.068866
-0.53871185 9.828498 0.7446195 -4.550875 -3.8133202 -1.488865
-0.6608198 10.029617 0.35674694 6.894125 -2.3433201 6.946135
-0.41181526 9.955395 0.5363176 7.3491254 -4.4433203 7.7511344
-0.10055954 9.541185 0.36632404 9.239125 -9.343321 6.946135
-0.4166038 9.687236 0.30886146 10.464126 -7.45332 4.356135
-0.3902668 9.890749 -0.06943397 9.029125 -0.52332 4.846135
-0.19633053 9.897932 0.14605077 5.214125 4.8316803 7.016135
0.03351985 9.871595 0.47885495 0.41912502 8.50668 7.891135
-0.22985038 10.240314 0.44054657 0.38412502 8.156679 8.171135
0.24421602 10.118205 0.0023942748 4.724125 3.8516798 8.521134
0.2777359 9.991309 0.08619389 3.9541254 -0.06832 6.4561353
-0.08858817 9.830893 0.2849187 -1.470875 2.4516802 0.506135
-0.4285752 9.615408 0.44054657 -4.6908755 5.9866805 -3.553865
-0.9624985 9.672871 0.505192 -4.025875 6.12668 -4.988865
-0.50758624 9.514848 0.3040729 -0.91087496 3.0466802 -2.4338648
-0.17717634 9.924269 0.41420954 1.154125 -2.7283201 2.9211352
0.19154198 9.888355 0.17478207 3.394125 -4.30332 5.651135
0.24182175 9.816526 0.11253092 4.129125 -5.14332 4.251135
-0.24900457 10.012857 0.34956414 0.45412502 -3.2883198 -0.088865004
-0.43575802 9.840469 0.43096948 -4.550875 3.15168 -2.328865
-0.17717634 9.6896305 0.6943397 -5.705875 3.8166797 -0.858865
-0.09577099 9.77343 0.61293435 -2.310875 -4.61832 1.731135
-0.17717634 9.931452 0.37350687 2.1691248 -8.25832 1.3811351
-0.18196489 9.907509 0.3232271 3.044125 -5.56332 0.891135
0.083799616 9.732727 0.31365 0.664125 -3.1133199 1.031135
-0.29210153 9.751882 0.21787901 -1.120875 -5.24832 0.961135
-0.42618093 9.79019 0.37111259 -1.435875 -6.05332 0.611135
-0.11013664 9.648928 0.50758624 0.10412501 -9.93832 2.3961349
-0.29210153 9.72315 0.38068968 4.759125 -16.44832 2.3961349
-0.06943397 9.929058 0.057462595 9.134126 -15.468319 1.9411348
0.090982445 9.960183 0.05027977 9.134126 -9.798321 3.936135
-0.09337672 9.838076 0.32562137 3.7091248 -4.12832 3.796135
-0.21309046 9.80695 0.6249057 -3.255875 -0.45332003 0.751135
-0.35674694 9.620196 0.5650489 -6.0558753 -0.27831998 -0.613865
-0.35435268 9.6585045 0.46927786 -4.480875 1.15668 -1.2788651
-0.42139238 9.780613 0.6153286 -2.380875 1.5766801 -0.29886502
-0.17717634 9.6896305 0.56744313 -2.415875 2.7666802 2.046135
0.1340794 9.6585045 0.59378016 -1.715875 2.1366801 4.636135
0.014365649 9.783007 0.43575802 -8.75E-4 0.10668 4.1111355
