-1.4413534 9.565128 -0.93616146 3.6041248 6.68668 2.1161351
-1.350371 9.478934 -0.6273 -2.695875 5.9866805 4.7761354
-1.1253091 9.541185 -0.90982443 -4.095875 3.8866804 6.106135
-0.9696813 9.488511 -1.3575538 0.349125 0.59668005 6.421135
-1.1971374 9.39274 -1.0223553 2.029125 -1.2933201 4.426135
-1.4676905 9.201198 -0.7805336 -2.2058752 1.36668 -0.33386502
-1.5610672 8.921068 -0.94095 -3.500875 1.9966801 -2.3638651
-1.525153 8.660092 -1.1660118 -0.805875 -0.24331999 -0.543865
-1.2929084 8.118986 -1.0055954 0.244125 0.80667996 3.0261352
-1.0439038 7.597034 -0.9241901 -1.8908751 5.81168 6.701135
-0.76616794 6.656084 -0.85954463 -2.415875 11.341681 9.886135
-0.0670397 5.1859994 -1.4317763 0.594125 17.25668 12.546135
0.31125572 3.354379 -2.1500587 9.134126 17.08168 15.871135
0.23463893 1.3814965 -2.928198 19.774124 16.10168 16.291136
-0.82602483 -0.65124273 -3.1508656 26.949125 17.50168 12.861135
-2.1189332 -0.9792584 -3.213117 16.484125 23.27668 16.186134
-1.637684 -0.9577099 -3.2777622 8.189125 17.186678 43.171135
0.0670397 -0.2561874 -3.0646718 -3.500875 21.526682 77.01614
1.6951466 0.33519846 -3.205934 -12.215876 34.26668 103.16113
3.0263634 0.9529214 -3.215511 -17.045876 39.481678 118.00114
3.938582 2.5115943 -2.2889266 -21.805876 37.906677 127.031136
5.2434616 4.3623686 -0.84039044 -21.035875 28.80668 135.43114
7.4988685 6.22272 -0.2466103 -3.4658751 16.976679 145.72115
9.033599 7.8340673 -1.9034485 28.559126 6.12668 153.07112
10.211582 8.729526 -3.0263634 46.339127 -4.19832 159.02113
9.785401 10.592272 -1.7933118 29.994123 -16.79832 163.25613
9.289786 12.076722 0.17717634 -3.9558752 -8.46832 170.71114
9.79019 13.211608 0.88588166 -30.030872 6.5116806 187.44115
10.982538 16.25952 1.498816 -41.51088 3.57168 206.44614
13.752714 17.164557 2.0758362 -45.605873 -2.23832 215.40613
14.894784 17.789461 1.3192455 -48.790874 -0.48832 208.40613
13.664126 18.251556 -0.028731298 -46.90088 1.05168 180.09114
10.606637 18.641823 1.647261 -57.540874 3.7116802 139.24614
9.668081 19.259546 2.2961094 -78.365875 19.49668 105.92614
11.190841 20.047262 -0.8236305 -71.295876 29.78668 88.77614
13.542018 19.611506 -5.854002 -44.590874 14.4216795 76.00114
13.252311 18.16297 -4.908263 -53.690876 2.59168 49.961136
12.455017 16.767107 -0.7039168 -109.58588 9.66168 7.471135
12.660925 16.226 0.92658436 -147.14088 20.93168 -28.158865
13.62103 15.957842 0.38787252 -125.86088 16.10168 -52.903866
14.47818 15.328147 -0.19154198 -75.84588 -3.1133199 -78.523865
14.813378 14.767887 -1.036721 -29.820875 -35.55832 -108.62386
14.145375 14.133404 -1.4198049 0.45412502 -64.95832 -138.16386
13.48695 13.017673 -1.175589 9.449125 -81.44332 -162.97887
13.187666 12.122213 -0.4668836 2.029125 -90.92832 -177.67888
12.754302 11.056761 0.2466103 -11.095876 -101.88332 -185.34387
11.142955 9.560339 1.5874043 -26.740875 -108.60332 -190.90887
8.959376 7.9849067 2.82285 -43.785877 -107.798325 -193.98886
7.4605603 6.263423 3.0862203 -55.300877 -105.243324 -184.29385
6.237086 4.4413795 3.8380225 -58.205875 -102.12832 -162.69887
3.8212626 3.1149516 5.4134555 -60.270874 -92.50332 -142.71387
3.8930907 3.3232534 5.672037 -55.54588 -88.16332 -129.76387
5.3488097 4.163644 5.5547175 -33.775875 -89.24832 -116.91886
6.079064 4.400677 4.0391417 41.754124 -127.29332 -97.24886
5.253039 3.9673133 3.3926873 62.264126 -123.44332 -96.233864
4.7550297 3.2514253 2.47568 64.53912 -103.38832 -85.62887
3.833234 2.6360965 1.8651401 56.06913 -88.33832 -70.12386
2.6863763 2.3655436 1.7190893 39.234123 -71.67832 -60.253864
1.5227587 2.3894863 1.5467016 19.144125 -53.61832 -51.748867
1.3407938 2.9665065 1.4437478 -0.49087498 -40.143322 -43.103867
1.4221992 3.0119977 2.2889266 -22.120874 -29.258322 -42.053864
0.10774237 3.5052183 2.6145482 -36.225876 -22.01332 -59.378864
-1.4078336 3.6632404 2.8084843 -41.125874 -18.128319 -79.46887
-2.7773588 3.8356283 2.5810282 -44.590874 -18.40832 -88.53387
-4.2115293 3.4286015 2.657645 -48.965874 -10.638319 -88.11387
-5.731894 3.469304 2.403852 -50.680874 0.03668 -80.97387
-6.0455437 3.9170337 2.6193366 -47.145878 7.24668 -61.93386
-5.1093826 4.7358756 2.743839 -37.38088 6.12668 -34.213867
-4.1588554 6.2179317 2.1141446 -16.065874 -2.30832 -6.353865
-2.8396099 6.9888883 1.2546 9.309125 -9.51832 15.451137
-1.5323359 7.877164 0.3998439 25.094126 -14.103319 24.936134
-1.5754328 8.607418 -0.05985687 26.879126 -10.00832 21.016134
-2.3344178 8.954588 -0.36871833 20.824125 -0.45332003 11.006135
-2.0423164 9.234718 0.21548474 11.619125 4.23668 5.616135
-1.2665714 9.665688 0.36632404 4.164125 1.82168 9.431134
-1.0917894 9.866806 0.51716334 1.294125 -0.59332 11.671135
-1.4868447 9.888355 0.5698374 0.52412504 0.77168 9.711136
-1.6759924 10.235525 0.3998439 2.589125 1.9266801 6.4561353
-1.1205206 10.357633 0.21548474 6.9291253 0.28168002 8.241136
-0.68715686 10.527626 0.08619389 10.534124 -4.89832 14.6111355
-0.48124924 10.599455 0.23463893 10.324124 -9.693321 17.376137
-0.076616794 10.544386 0.31125572 7.314125 -11.05832 16.676136
0.339987 10.386364 0.23463893 4.374125 -8.85332 12.896134
-0.3328042 10.034406 -0.009577099 2.554125 -3.42832 5.931135
-1.1899546 9.80695 0.13647367 1.0841249 2.52168 -5.443865
-1.6161355 9.541185 0.30646718 -2.4858751 6.61668 -13.808865
-1.5299416 9.325701 0.4956149 -5.145875 6.75668 -12.443866
-1.4006507 9.37598 0.60335726 -4.550875 4.02668 -6.878865
-1.1396748 9.510059 0.5458947 -1.470875 1.5766801 -2.153865
-0.90982443 9.617802 -0.07901107 4.514125 -1.46832 2.501135
-0.9289786 9.653716 -0.27055305 10.4991255 -4.19832 4.1461353
-1.0726352 9.6896305 -0.08619389 8.714126 -2.3433201 3.061135
-1.0295382 9.727939 0.2777359 -5.7408752 6.7216797 2.4311352
-0.967287 9.696813 0.25858167 -5.285875 3.08168 2.466135
-0.9792584 9.809344 0.20111908 -2.3458753 -1.22332 1.731135
-0.9217958 9.725544 0.24900457 -1.050875 -2.51832 0.821135
-0.9984126 9.730332 0.43336374 -0.140875 -1.85332 0.891135
-1.0462981 9.830893 0.21309046 2.904125 -3.0433202 1.031135
-0.7901107 9.941029 -0.0670397 5.0041246 -3.0083199 1.9411348
-0.66321415 9.881172 0.06943397 2.1691248 -2.27332 1.486135
-0.8786988 9.964972 0.12450229 -1.5408751 -1.32832 -1.593865
-0.9385557 9.924269 0.20351335 -2.835875 -1.22332 -3.973865
-0.88109314 9.873989 0.27294734 -2.695875 -2.51832 -3.623865
-0.86912173 9.816526 0.28252444 -1.9258752 -2.4483202 -3.553865
-1.0439038 9.718362 0.22027329 -1.365875 0.87668 -3.553865
-1.23784 9.828498 0.2777359 -1.575875 4.79668 -2.923865
-0.94095 9.751882 0.17717634 -1.050875 5.7066803 -0.29886502
-0.818842 9.725544 0.035914123 0.944125 0.80667996 0.78613496
-0.9433443 9.838076 0.0047885496 1.294125 -3.0083199 -1.033865
-1.0151725 9.699207 0.18435916 -1.680875 -1.22332 -2.853865
-1.2258687 9.680053 0.30167863 -4.480875 1.1916801 -3.5888653
-1.3623424 9.771035 0.36871833 -4.6558747 0.59668005 -3.2388651
-1.0965779 9.742304 0.36632404 -3.4658751 0.10668 -0.47386503
-0.9696813 9.80695 0.21787901 -1.0858752 -0.27831998 3.236135
-0.9505271 9.917087 0.23224466 1.0491251 -1.8183202 4.0761347
-0.82123625 9.948212 0.21787901 0.909125 -2.90332 3.131135
-0.66800267 9.778218 0.3328042 -1.0158751 -2.90332 2.256135
-0.9074302 9.665688 0.37350687 -3.115875 -1.8183202 1.206135
-1.3048798 9.651321 0.6177229 -4.6908755 0.10668 -1.6988649
-1.1875603 9.557945 0.60335726 -4.900875 0.42168 -3.098865
-1.063058 9.500483 0.40223816 -1.995875 -1.6783199 -0.543865
-1.0917894 9.735122 0.17957062 1.469125 -1.2583201 2.361135
-0.7446195 9.682447 0.045491222 2.2041252 0.28168002 3.936135
-0.9289786 9.641745 0.14844504 -1.470875 1.33168 4.356135
-1.1300977 9.646533 0.4668836 -8.505875 5.81168 2.151135
-1.0271438 9.727939 0.74701375 -14.070875 8.71668 -0.018864999
-1.0127783 9.727939 0.68715686 -14.630875 7.49168 0.926135
-0.9864412 9.725544 0.54828894 -10.675875 6.26668 2.466135
-0.7589851 9.933846 0.47167215 -6.230875 3.9566798 3.0261352
-0.64166564 9.917087 0.52674043 -3.675875 -0.27831998 2.361135
-0.84278476 9.8787775 0.5961744 -3.5358748 -3.3933198 0.051135
-1.0654523 9.754275 0.77574503 -5.880875 1.61168 -4.3238654
-0.9960183 9.794978 0.88109314 -4.6558747 1.61168 -3.2388651
