2.52 11.719999 -0.28 17.188732 29.793804 -5.15662
2.51 11.59 -1.42 0.57295775 14.323945 -10.31324
1.26 11.23 -2.35 -20.053522 -10.886198 -7.448451
0.96999997 10.79 -0.96 -30.366762 -26.929016 -2.291831
0.69 10.55 0.65999997 -27.501974 -13.750987 -4.583662
1.1 9.15 1.66 -5.7295775 8.021409 -15.469859
0.98999995 8.929999 1.8299999 8.594366 2.291831 -14.896902
1.17 8.29 1.15 16.615776 0.57295775 -21.199438
0.82 7.3799996 0.08 15.469859 4.0107045 -22.345354
0.13 6.27 -0.53999996 6.8754935 5.7295775 -16.042818
-0.39999998 5.46 -0.44 11.459155 -5.15662 4.0107045
-0.16 4.79 -0.39 28.07493 -18.907606 13.178029
0.22999999 4.35 -1.3199999 38.38817 -33.80451 20.62648
0.75 3.76 -3.1699998 28.07493 -43.544792 26.356058
0.78999996 3.3 -4.31 13.178029 -63.598316 33.231552
0.98999995 2.77 -4.48 17.188732 -95.68395 40.107044
1.35 1.93 -5.31 25.210142 -121.46705 62.4524
2.34 1.53 -6.21 2.291831 -124.33183 80.78705
2.54 1.27 -6.02 -30.366762 -126.05072 92.81916
3.51 1.18 -4.7799997 -55.576904 -130.63437 108.289024
4.93 0.53999996 -2.6399999 -70.47381 -137.50986 123.18592
5.37 0.28 -0.96999997 -76.77634 -115.73747 150.11493
5.1099997 1.86 1.36 -60.733524 -110.58085 171.88734
7.6699996 3.37 2.6599998 -43.544792 -120.89409 184.49242
10.91 4.56 1.89 -50.993244 -113.44564 181.62761
11.67 7.12 1.42 -78.49522 -111.15381 169.02255
11.66 9.26 3.24 -100.26762 -100.84057 155.84453
13.0 10.0 6.52 -119.74818 -74.48451 139.80171
11.92 12.29 8.36 -118.029305 -59.58761 127.19663
12.13 13.69 8.99 -101.98649 -59.014652 111.15381
12.759999 14.16 9.12 -73.33859 -63.598316 88.80846
12.04 15.219999 9.099999 -46.98254 -57.868736 73.91155
11.59 16.01 7.39 -37.815212 -27.501974 44.69071
11.62 15.87 5.23 -38.961132 -22.91831 22.91831
11.49 15.53 4.69 -30.939718 -20.053522 5.15662
10.94 15.54 3.51 -27.501974 -17.188732 -9.167324
10.09 15.299999 1.8499999 -25.210142 -18.907606 -20.62648
9.96 15.219999 1.28 -16.042818 -19.480566 -31.51268
11.49 15.54 -1.9 -16.042818 -21.772396 -60.160564
11.139999 14.759999 -2.85 -25.210142 -26.356058 -76.77634
11.17 14.809999 -1.61 -13.178029 -41.825916 -81.93296
12.259999 14.83 -2.1599998 5.15662 -56.72282 -90.52733
13.099999 14.48 -3.59 13.750987 -67.60902 -108.86198
12.469999 13.57 -4.42 5.7295775 -81.93296 -120.89409
12.34 13.69 -3.26 9.740283 -101.98649 -122.61296
14.219999 13.12 -3.1299999 -0.57295775 -108.289024 -135.21803
15.11 11.75 -3.6799998 -31.51268 -106.57015 -151.8338
13.86 10.08 -2.6299999 -55.576904 -105.42423 -158.13635
12.9 8.46 -0.65 -69.900856 -101.98649 -158.13635
11.139999 5.22 2.29 -82.50592 -87.089584 -157.5634
8.98 3.04 3.32 -91.67324 -59.58761 -147.25015
6.75 1.9699999 4.71 -92.81916 -34.950428 -128.9155
5.6099997 1.29 5.46 -79.641136 -28.64789 -108.86198
4.16 0.84 6.0099998 -52.712116 -48.128452 -93.96508
2.8 1.0699999 6.74 9.167324 -112.29972 -64.17127
3.12 1.06 5.68 28.07493 -111.15381 -56.14986
3.6499999 0.89 4.1 21.199438 -89.95437 -53.858032
2.9099998 1.15 3.3899999 3.4377468 -73.91155 -47.555496
2.5 1.74 3.3899999 -11.459155 -59.58761 -48.128452
1.31 2.28 3.76 -18.907606 -51.5662 -41.25296
0.21 2.9199998 3.81 -36.09634 -26.929016 -32.658592
-0.31 3.6299999 4.06 -53.285076 -5.7295775 -26.356058
-0.93 4.18 4.1 -64.74423 4.583662 -14.896902
-1.01 4.5899997 4.2999997 -65.317184 7.448451 -6.3025355
-0.58 5.27 4.69 -52.139156 5.7295775 -4.0107045
-0.76 5.94 4.74 -18.334648 5.15662 3.4377468
-0.35 6.58 4.17 -3.4377468 4.0107045 4.583662
-0.28 6.92 3.3 0.57295775 4.583662 5.7295775
-0.24 7.5099998 2.83 0.57295775 3.4377468 9.167324
-0.03 7.8399997 2.77 1.7188734 1.7188734 11.459155
0.26 8.13 2.61 1.7188734 1.1459155 5.7295775
0.25 8.54 2.71 -5.15662 3.4377468 1.1459155
0.12 8.73 3.02 -4.0107045 0.57295775 5.7295775
0.24 8.7 3.1699998 2.291831 -1.7188734 8.021409
0.41 9.17 2.73 5.7295775 -1.1459155 12.032113
1.18 9.19 1.99 0.0 -2.8647888 10.886198
1.26 9.26 2.3 -4.583662 -0.57295775 5.15662
0.85999995 9.38 2.95 -0.57295775 0.57295775 7.448451
0.85999995 9.49 3.1799998 5.7295775 2.8647888 9.167324
1.09 9.559999 2.78 6.3025355 2.291831 8.594366
1.27 9.389999 2.19 4.0107045 -0.57295775 6.8754935
1.53 9.46 2.27 2.8647888 0.57295775 4.0107045
1.49 9.96 2.1 0.0 6.8754935 4.583662
1.27 9.95 1.8 -3.4377468 7.448451 1.7188734
1.3199999 9.75 1.9 -7.448451 2.8647888 0.0
1.38 9.53 2.32 -7.448451 2.291831 0.0
1.27 9.57 2.58 -5.15662 4.583662 0.57295775
1.38 9.66 2.36 -5.7295775 5.7295775 0.0
1.43 9.599999 2.35 -3.4377468 2.8647888 -2.291831
1.4699999 9.37 2.47 0.57295775 -0.57295775 -3.4377468
1.1 9.17 2.56 2.8647888 -0.57295775 -2.8647888
0.71 9.19 2.6299999 1.7188734 0.0 0.0
0.79999995 9.26 2.57 0.0 1.7188734 2.291831
1.39 9.29 2.34 -4.0107045 7.448451 2.8647888
1.35 9.45 2.5 -3.4377468 2.8647888 0.0
1.26 9.389999 2.59 2.291831 -2.8647888 -0.57295775
1.15 9.32 2.55 8.594366 -5.7295775 -1.1459155
1.02 9.26 2.24 7.448451 -3.4377468 -0.57295775
0.83 9.349999 2.18 0.0 0.0 2.8647888
1.0799999 9.59 2.46 0.0 -1.7188734 2.291831
1.64 9.49 2.4299998 1.1459155 -1.1459155 0.0
1.31 9.46 2.3799999 0.0 -1.7188734 -0.57295775
1.09 9.41 2.47 -1.1459155 -0.57295775 0.0
1.22 9.33 2.52 -2.291831 2.8647888 0.0
1.09 9.23 2.57 0.0 0.57295775 0.0
1.0699999 9.26 2.75 4.583662 -2.8647888 0.57295775
1.18 9.54 2.57 8.594366 0.0 2.8647888
1.41 9.4 1.91 5.7295775 0.57295775 0.57295775
1.24 9.36 1.9799999 0.57295775 0.0 -0.57295775
1.13 9.34 2.22 -0.57295775 0.0 0.0
1.25 9.45 2.23 -0.57295775 0.0 -0.57295775
1.0799999 9.36 2.18 0.0 -2.8647888 0.0
1.23 9.21 2.3799999 0.57295775 -2.291831 0.0
1.14 9.13 2.54 0.57295775 0.0 0.0
0.94 9.25 2.6399999 1.7188734 -1.1459155 0.57295775
1.13 9.16 2.81 8.594366 -6.3025355 -0.57295775
1.2099999 9.2 2.59 14.896902 -10.31324 -2.291831
1.02 9.2 1.8399999 10.31324 -6.3025355 0.0
0.94 9.38 1.66 0.0 -1.7188734 1.7188734
1.25 9.28 2.0 -6.3025355 1.1459155 1.1459155
1.05 9.17 2.32 -4.583662 -1.1459155 0.57295775
0.91999996 9.23 2.6599998 0.0 -3.4377468 3.4377468
1.23 9.36 2.6 1.7188734 -2.8647888 3.4377468
