1.14 9.62 0.38 1.1459155 0.0 -3.4377468
0.71 9.55 -0.84 1.1459155 -5.7295775 -5.15662
0.41 9.33 -0.48999998 -9.167324 -15.469859 0.0
1.74 9.03 0.22999999 -1.1459155 -24.637184 2.291831
1.65 8.72 -0.96 8.021409 -11.459155 -2.8647888
1.22 7.99 -1.4 1.1459155 -1.1459155 -7.448451
0.82 7.12 -1.0799999 -9.167324 -2.8647888 -8.021409
0.59 6.29 -0.48 -11.459155 -17.761692 -2.291831
0.81 5.8199997 -0.87 -1.1459155 -34.377464 8.021409
2.28 5.18 -2.01 11.459155 -44.69071 26.356058
3.1999998 3.98 -3.01 6.8754935 -43.544792 27.501974
2.8799999 2.07 -3.9399998 -3.4377468 -35.523384 22.345354
1.3199999 0.35999998 -3.8799999 -17.761692 -17.188732 20.053522
-0.049999997 -0.13 -3.3 -14.896902 -29.220846 41.825916
3.37 -0.28 -5.21 0.57295775 -84.79775 95.68395
4.64 0.51 -3.99 -13.750987 -105.997185 115.73747
4.22 1.67 -1.86 -28.07493 -107.716064 121.46705
5.56 2.87 -1.25 -28.64789 -100.26762 134.07211
8.58 3.9499998 -1.4499999 -29.793804 -96.256905 159.85522
9.88 5.18 -0.65 -41.825916 -97.402824 170.74142
9.61 7.21 1.54 -61.30648 -95.11099 161.5741
11.509999 10.139999 3.37 -59.014652 -104.85127 169.02255
13.36 11.16 3.09 -58.441692 -101.41353 155.27156
11.88 10.139999 3.8 -73.33859 -65.890144 124.33183
9.7 11.139999 5.54 -65.890144 -57.868736 117.456345
10.79 13.73 3.9299998 -45.83662 -74.48451 126.62367
11.03 15.0 4.47 -44.11775 -65.890144 110.58085
11.7 15.74 4.65 -49.84733 -52.712116 92.24621
10.809999 16.13 4.5 -50.420284 -46.98254 72.76564
9.25 15.75 3.8799999 -51.5662 -33.231552 45.83662
8.42 15.5199995 3.3799999 -45.83662 -24.064226 25.210142
9.349999 15.42 2.47 -29.793804 -33.231552 14.323945
9.57 15.19 0.76 -25.7831 -22.345354 0.57295775
9.69 14.74 -0.34 -28.64789 -14.323945 -14.896902
9.3 14.849999 -1.06 -24.064226 -19.480566 -27.501974
10.21 15.179999 -3.06 -14.323945 -22.91831 -33.231552
11.19 14.509999 -5.5699997 -21.772396 -28.07493 -48.701412
10.79 14.04 -4.21 -46.98254 -30.366762 -75.057465
11.2 13.23 -3.79 -46.40958 -32.085636 -86.516624
11.46 12.05 -3.1499999 -36.669296 -49.84733 -94.53803
10.86 11.37 -1.5799999 -23.49127 -67.03606 -105.42423
10.86 10.7699995 -2.53 6.3025355 -79.06818 -110.0079
10.98 10.05 -4.94 19.480566 -100.84057 -110.0079
10.32 9.16 -4.2799997 -17.188732 -94.53803 -111.72677
9.98 8.7699995 -1.14 -40.680004 -91.10028 -112.29972
10.57 8.17 -0.21 -38.961132 -100.84057 -107.143105
10.66 7.29 -0.63 -44.11775 -97.97578 -112.87268
7.46 5.21 1.9799999 -64.17127 -85.37071 -120.32113
6.0299997 4.44 3.32 -85.94367 -72.19268 -116.883385
4.54 3.33 4.06 -88.80846 -57.29578 -105.42423
3.55 2.81 4.94 -87.089584 -34.950428 -91.67324
4.13 3.07 6.1099997 -77.922264 -29.793804 -73.91155
3.86 3.1 6.56 -52.139156 -46.40958 -62.4524
3.98 3.08 5.8199997 3.4377468 -57.29578 -65.890144
2.76 2.71 4.2599998 27.501974 -45.83662 -77.349304
0.94 2.6299999 2.83 28.64789 -29.220846 -71.61973
0.02 3.03 1.99 13.750987 -22.345354 -53.858032
0.37 3.99 2.46 2.291831 -25.210142 -36.09634
1.0699999 4.42 2.22 5.15662 -34.377464 -31.51268
0.02 5.23 0.93 -2.291831 -24.637184 -34.377464
-0.16 5.7999997 1.3399999 -20.053522 -14.323945 -31.51268
-0.34 6.24 1.2099999 -30.939718 -12.605071 -28.64789
-0.39999998 6.6299996 1.27 -38.961132 -7.448451 -24.637184
-0.48999998 7.0 2.33 -50.993244 -2.291831 -18.334648
-0.51 7.23 3.48 -52.139156 -2.291831 -13.178029
0.11 7.52 3.49 -22.91831 -14.896902 -4.583662
0.049999997 7.8799996 2.3899999 -7.448451 -9.740283 -4.583662
-0.31 8.49 2.22 -7.448451 -3.4377468 -4.583662
-0.17 8.55 2.76 -2.8647888 -5.15662 0.0
0.17999999 8.84 2.34 10.31324 -9.740283 3.4377468
0.61 9.23 1.24 9.740283 -4.583662 6.3025355
-0.03 9.17 1.61 1.7188734 -1.7188734 2.291831
0.12 9.49 1.5899999 0.0 1.1459155 4.0107045
0.71 9.5199995 1.01 3.4377468 -0.57295775 9.167324
0.7 9.559999 1.4 -0.57295775 0.0 7.448451
0.12 9.73 1.9799999 -2.291831 1.1459155 3.4377468
0.62 9.95 1.8199999 7.448451 -1.1459155 9.167324
1.01 9.849999 1.42 9.740283 -1.7188734 6.3025355
0.55 9.86 1.4599999 10.886198 1.1459155 3.4377468
0.35999998 9.94 1.29 15.469859 -2.8647888 4.583662
1.0 9.969999 0.77 14.896902 -6.3025355 6.3025355
0.82 9.929999 0.87 4.583662 1.7188734 0.57295775
0.90999997 9.66 1.12 -4.0107045 4.583662 0.0
0.69 9.51 1.26 -2.291831 0.0 -1.1459155
0.47 9.65 1.38 -1.1459155 2.291831 -0.57295775
0.64 9.46 1.15 0.57295775 5.7295775 0.57295775
0.72999996 9.4 0.91999996 3.4377468 5.7295775 1.7188734
0.48999998 9.559999 0.88 4.0107045 1.7188734 1.7188734
0.53999996 9.719999 0.82 7.448451 -2.291831 4.0107045
0.96 9.809999 0.22 8.021409 -5.15662 5.15662
1.22 9.719999 0.26999998 -1.7188734 0.0 2.291831
0.98999995 9.78 0.95 -9.740283 4.583662 -1.1459155
0.65999997 9.679999 1.1899999 -8.021409 3.4377468 -2.291831
0.74 9.49 1.03 1.1459155 -0.57295775 0.0
0.58 9.44 1.29 3.4377468 -2.291831 0.0
0.58 9.599999 1.35 6.8754935 -3.4377468 1.7188734
1.05 9.75 0.76 10.31324 -1.7188734 4.0107045
1.22 9.76 0.71999997 8.021409 0.0 2.8647888
0.84999996 9.73 0.79999995 3.4377468 1.1459155 -1.7188734
0.59999996 9.63 0.83 3.4377468 0.0 -0.57295775
0.64 9.469999 0.7 2.291831 -3.4377468 1.1459155
0.58 9.41 0.89 1.7188734 -4.583662 2.8647888
0.78999996 9.44 1.18 3.4377468 -5.7295775 4.0107045
0.56 9.62 1.3299999 8.021409 -2.8647888 4.583662
1.0 9.74 1.26 19.480566 -4.583662 8.594366
1.4499999 9.65 0.51 29.793804 -14.896902 8.594366
0.97999996 9.78 -0.32999998 33.231552 -14.323945 3.4377468
0.90999997 9.84 -0.61 22.345354 -6.3025355 1.1459155
0.97999996 9.57 -0.59 6.3025355 -3.4377468 1.7188734
0.83 9.55 0.22 -14.896902 1.7188734 1.1459155
0.74 9.679999 1.17 -14.323945 -2.291831 1.1459155
1.09 9.75 1.4499999 -4.0107045 -6.8754935 1.7188734
1.37 9.8 0.96 1.7188734 -2.8647888 0.57295775
0.75 9.63 0.82 -1.1459155 3.4377468 -2.291831
0.26 9.65 1.3299999 0.0 4.0107045 0.0
1.5 9.7699995 0.37 8.594366 -4.0107045 4.583662
0.94 9.75 0.24 6.3025355 -0.57295775 -1.1459155
0.75 9.75 0.39 2.291831 0.57295775 -2.8647888
1.05 9.76 0.29999998 -1.1459155 -1.7188734 -0.57295775
0.90999997 9.66 0.28 -5.15662 0.0 -0.57295775
0.84 9.63 0.84 -10.31324 1.7188734 -1.1459155
1.0 9.58 1.22 -8.594366 1.1459155 -1.7188734
0.97999996 9.599999 1.11 -4.0107045 6.3025355 -1.7188734
0.59999996 9.42 1.06 0.0 4.583662 -2.291831
0.51 9.44 1.1899999 5.7295775 -1.7188734 0.57295775
1.04 9.46 0.89 13.178029 -6.3025355 3.4377468
0.81 9.69 -0.099999994 10.886198 0.0 0.0
0.97999996 9.66 0.03 1.7188734 1.7188734 0.0
0.84999996 9.62 0.52 -6.3025355 1.1459155 0.0
0.62 9.55 0.82 -7.448451 0.0 -0.57295775
0.96 9.559999 0.91999996 -4.0107045 -2.8647888 0.57295775
1.1 9.59 0.93 -2.291831 -2.291831 1.1459155
0.71999997 9.65 0.91999996 -1.1459155 3.4377468 0.0
0.76 9.61 0.98999995 0.0 0.57295775 0.57295775
1.01 9.5199995 0.84999996 1.7188734 -0.57295775 1.7188734
1.0699999 9.429999 0.82 2.291831 -0.57295775 0.0
0.71999997 9.5 0.91999996 4.0107045 -1.1459155 0.0
1.1 9.45 0.25 5.7295775 -2.8647888 0.57295775
0.71999997 9.34 0.35999998 0.0 4.0107045 -1.1459155
0.45999998 9.26 0.82 -3.4377468 2.291831 -1.1459155
0.77 9.4 0.9 -0.57295775 -1.7188734 2.8647888
1.09 9.559999 0.78 3.4377468 -4.583662 5.15662
1.1899999 9.73 0.45999998 5.15662 -2.8647888 4.0107045
1.2099999 9.8 0.17999999 -0.57295775 0.0 2.8647888
1.17 9.7699995 0.78999996 -8.021409 0.0 0.57295775
0.90999997 9.63 1.0799999 -5.7295775 -0.57295775 0.0
1.06 9.59 1.0799999 -2.291831 -0.57295775 1.1459155
0.88 9.61 0.84 -2.291831 2.291831 1.1459155
1.09 9.79 1.1 -2.291831 2.8647888 2.8647888
1.37 9.7699995 0.53 5.7295775 -1.7188734 5.15662
1.1999999 9.75 0.26999998 5.7295775 -2.291831 2.8647888
1.13 9.83 0.51 0.0 -0.57295775 0.0
1.05 9.82 0.52 -4.0107045 0.57295775 0.0
0.84 9.9 0.91999996 -8.021409 2.291831 0.0
1.12 9.94 1.4599999 -9.167324 0.57295775 1.1459155
1.1999999 9.86 1.5799999 -2.291831 -1.7188734 0.0
0.97999996 9.849999 1.41 1.7188734 1.1459155 -1.7188734
0.96999997 9.719999 0.98999995 3.4377468 4.0107045 -1.1459155
1.04 9.599999 0.87 4.0107045 5.15662 0.0
0.89 9.469999 0.64 5.7295775 1.7188734 -0.57295775
1.01 9.57 0.37 7.448451 -1.7188734 1.1459155
1.0699999 9.57 0.04 6.8754935 -3.4377468 0.57295775
