1.0 9.179999 -0.74 12.605071 18.907606 -16.615776
-0.76 8.92 -1.54 4.0107045 -3.4377468 -8.021409
-0.69 8.599999 -0.29999998 8.021409 -16.042818 1.7188734
-0.07 8.19 -0.16 11.459155 -9.167324 2.8647888
0.38 8.07 -0.98999995 3.4377468 6.8754935 0.57295775
0.38 7.6499996 -0.71999997 0.57295775 12.032113 -1.7188734
-0.07 7.18 -0.78999996 4.0107045 5.7295775 3.4377468
0.53999996 6.7999997 -1.78 -0.57295775 3.4377468 2.8647888
0.53999996 6.14 -2.26 -4.583662 2.8647888 6.3025355
0.26 5.79 -2.11 -1.1459155 0.0 13.178029
0.53999996 5.2999997 -2.34 4.583662 -8.594366 20.62648
1.35 4.77 -3.32 2.8647888 -13.178029 22.345354
1.8399999 3.4399998 -5.2999997 -18.907606 -14.896902 22.345354
1.81 2.34 -5.44 -38.38817 -21.772396 30.366762
1.9799999 1.26 -4.97 -60.160564 -32.085636 40.680004
2.73 0.14 -3.31 -72.19268 -44.11775 48.701412
2.6699998 -0.82 -1.9699999 -77.349304 -49.84733 56.72282
0.53 -1.61 -0.58 -71.04677 -52.139156 98.54874
-1.3399999 0.11 2.3 -24.637184 -90.52733 153.55267
3.82 1.6899999 1.9499999 10.31324 -110.0079 167.30367
10.09 2.3899999 -2.07 -13.750987 -89.38142 136.9369
9.09 3.83 -3.74 -59.014652 -86.516624 134.64508
6.22 5.74 -0.61 -74.48451 -111.15381 170.16847
13.49 8.51 1.5799999 -95.68395 -107.143105 155.27156
12.7 9.69 3.05 -110.58085 -107.716064 135.79099
11.469999 10.63 5.06 -120.89409 -110.0079 142.09354
12.17 12.059999 6.62 -125.47776 -94.53803 134.07211
12.0199995 12.61 7.87 -120.32113 -82.50592 116.31043
11.0199995 13.259999 9.36 -89.95437 -83.07887 108.289024
10.82 14.75 10.63 -60.733524 -66.463104 95.11099
11.79 16.23 10.03 -47.555496 -53.858032 68.75493
12.38 16.3 7.6699996 -60.733524 -36.09634 37.815212
10.7 15.099999 6.58 -73.33859 -13.750987 22.345354
8.24 14.33 7.8999996 -51.5662 -7.448451 20.053522
7.96 14.2699995 9.05 -8.021409 -6.8754935 7.448451
10.03 14.099999 3.05 -16.042818 -1.7188734 -14.896902
8.71 13.7699995 2.28 -24.637184 -1.1459155 -25.210142
8.91 14.0 1.66 -24.064226 -1.7188734 -26.356058
10.07 14.5199995 0.22 -31.51268 -3.4377468 -37.815212
11.45 14.929999 0.02 -33.231552 -7.448451 -54.43099
12.059999 14.98 0.02 -20.62648 -20.62648 -80.78705
12.139999 14.799999 -0.74 -23.49127 -28.07493 -96.829865
12.21 14.07 -1.6899999 -34.950428 -30.939718 -109.43494
12.03 13.15 -1.15 -33.80451 -40.107044 -119.74818
11.78 11.969999 0.55 -16.042818 -50.420284 -126.05072
11.559999 11.32 1.64 6.3025355 -59.014652 -138.65578
11.48 9.54 1.8 6.8754935 -61.30648 -147.8231
10.5199995 8.41 2.61 4.0107045 -55.00395 -154.69861
9.679999 7.5899997 3.3899999 5.7295775 -50.420284 -158.7093
8.5199995 6.3599997 3.3899999 6.8754935 -43.544792 -163.86592
6.69 5.17 3.51 14.896902 -48.128452 -158.7093
5.14 4.68 3.4499998 26.929016 -61.879436 -139.22873
4.47 4.61 3.22 26.929016 -67.03606 -127.19663
4.3399997 4.2599998 2.3999999 16.615776 -61.30648 -119.74818
3.02 4.36 2.61 11.459155 -56.14986 -107.143105
1.9399999 4.64 3.28 13.178029 -56.72282 -89.95437
2.12 4.74 2.81 -1.7188734 -51.5662 -72.76564
0.19 4.0299997 2.4099998 -13.750987 -48.128452 -54.43099
-0.34 4.5699997 3.35 -10.31324 -53.858032 -30.939718
0.53999996 4.44 3.1 -2.8647888 -63.02536 -18.334648
1.37 4.24 2.22 -6.3025355 -57.29578 -16.042818
1.23 4.44 2.55 -9.167324 -45.263664 -20.053522
0.57 4.66 3.3 3.4377468 -38.961132 -18.334648
0.57 5.12 3.12 9.167324 -34.377464 -21.772396
0.17 5.42 2.08 2.8647888 -31.51268 -21.772396
-0.44 5.6299996 1.65 -5.15662 -26.356058 -16.615776
-0.44 5.8799996 1.6999999 -12.605071 -19.480566 -13.750987
-0.59999996 6.47 1.4399999 -30.366762 -12.605071 -13.178029
-0.47 6.81 1.8299999 -37.815212 -2.8647888 -14.323945
-1.1999999 7.35 3.1399999 -26.356058 -2.8647888 -9.167324
-0.93 7.5 3.02 -8.021409 -10.886198 -4.0107045
-0.56 7.47 2.04 -4.583662 -12.032113 -1.7188734
-1.23 7.99 2.31 -3.4377468 -13.178029 2.291831
-0.64 8.38 2.4199998 -1.1459155 -8.594366 6.8754935
0.04 8.71 1.6999999 -10.886198 0.0 4.0107045
-0.31 8.78 1.74 -11.459155 -2.291831 5.7295775
-0.42999998 8.94 2.9299998 1.1459155 -8.594366 9.740283
0.14 8.97 3.02 6.8754935 -5.7295775 5.7295775
0.48999998 8.65 1.81 -4.0107045 3.4377468 0.57295775
-1.02 9.17 2.79 -4.583662 2.8647888 14.896902
0.63 9.4 2.45 5.15662 1.7188734 13.750987
0.88 9.42 1.2099999 1.7188734 5.7295775 5.15662
-0.12 9.5 1.12 -5.7295775 3.4377468 5.15662
-0.37 9.639999 1.8 -6.8754935 0.57295775 12.032113
0.03 9.86 2.09 -0.57295775 4.0107045 14.896902
0.24 9.88 1.89 1.7188734 -0.57295775 14.896902
1.04 10.04 1.73 2.291831 -2.291831 9.740283
1.11 10.41 1.73 2.291831 0.0 6.3025355
1.04 10.48 1.86 4.0107045 0.0 2.8647888
0.76 10.25 1.7199999 2.8647888 2.8647888 3.4377468
0.78 9.98 1.5999999 1.7188734 2.8647888 4.583662
1.06 10.0199995 1.63 4.0107045 3.4377468 1.7188734
1.02 9.969999 1.31 4.583662 3.4377468 -0.57295775
0.85999995 9.98 1.1899999 3.4377468 1.7188734 -1.7188734
0.78 9.87 1.23 3.4377468 1.1459155 -2.291831
0.57 9.679999 1.17 0.57295775 1.1459155 -1.1459155
0.32999998 9.59 1.37 2.291831 0.57295775 1.7188734
0.39 9.78 1.87 7.448451 1.7188734 3.4377468
0.91999996 9.79 1.55 8.594366 2.8647888 0.0
1.02 9.74 0.81 2.8647888 -0.57295775 -3.4377468
0.59999996 9.78 0.74 -2.291831 -3.4377468 -2.291831
0.56 9.61 1.48 -4.0107045 -2.291831 -1.7188734
0.51 9.469999 1.64 -4.0107045 0.57295775 -1.1459155
0.47 9.57 1.61 -2.8647888 0.0 -1.1459155
0.5 9.5199995 1.56 -4.0107045 0.0 -0.57295775
0.53 9.42 1.8299999 -2.291831 -1.7188734 -0.57295775
0.51 9.2699995 1.91 0.0 -2.8647888 -0.57295775
0.41 9.42 1.7099999 -1.1459155 0.57295775 0.0
0.52 9.38 1.53 -2.291831 1.1459155 -0.57295775
0.37 9.22 1.6999999 -1.7188734 -1.1459155 0.0
0.22999999 9.05 1.9399999 -0.57295775 -1.7188734 1.1459155
-0.21 9.09 2.03 -0.57295775 -2.8647888 6.8754935
-0.39999998 9.309999 2.32 6.3025355 -6.8754935 12.605071
1.0 9.79 2.29 11.459155 -6.8754935 9.740283
1.15 9.889999 1.37 4.583662 0.0 3.4377468
0.77 9.88 1.26 -5.7295775 5.15662 0.0
0.53 9.78 2.07 -6.8754935 6.3025355 0.57295775
0.72999996 9.63 2.33 0.0 5.7295775 1.1459155
0.66999996 9.469999 1.81 4.0107045 4.583662 0.0
0.37 9.44 1.63 5.7295775 3.4377468 2.8647888
0.38 9.54 1.77 9.167324 2.291831 4.583662
0.84 9.719999 1.63 10.31324 2.8647888 1.1459155
1.4699999 9.84 1.06 5.7295775 6.3025355 -5.7295775
1.12 9.88 0.88 0.0 7.448451 -8.594366
0.22999999 9.58 1.37 -1.1459155 4.583662 -4.583662
0.14999999 9.429999 1.41 0.0 4.0107045 -1.1459155
0.21 9.41 1.2099999 -1.7188734 2.291831 0.57295775
0.48999998 9.51 1.49 -3.4377468 1.1459155 2.291831
0.89 9.65 1.8 -1.1459155 2.8647888 0.57295775
1.06 9.5 1.63 -1.1459155 0.57295775 -4.0107045
0.47 9.25 1.48 -4.583662 -2.291831 -2.8647888
0.17 9.03 1.8199999 -6.8754935 -1.1459155 -0.57295775
0.14 9.03 2.28 -4.583662 0.0 2.291831
-0.14999999 9.25 2.58 2.8647888 -2.8647888 6.8754935
0.45 9.429999 2.62 9.167324 -2.291831 4.583662
1.03 9.389999 1.99 2.8647888 5.7295775 0.0
0.17 9.45 1.28 -3.4377468 6.8754935 2.8647888
