1.5586729 9.897932 -0.2370332 -7.6330457 4.696125 3.109925
1.5323359 9.953 -0.14844504 -6.933045 6.0611253 6.154925
1.5012103 9.953 -0.38068968 -8.788045 9.946126 6.399925
1.4221992 9.852441 -0.3304099 -7.423045 9.806125 4.9999247
1.3455825 9.814133 -0.20111908 -2.9430451 5.781125 2.129925
1.3838909 9.816526 -0.3232271 -1.053045 1.756125 -0.84507495
1.5610672 9.873989 -0.1987248 -1.963045 1.861125 -2.4550753
1.5490957 9.763853 0.05506832 -2.313045 4.766125 -1.125075
1.4868447 9.847652 0.028731298 -3.258045 7.601125 0.30992502
1.4078336 10.046377 -0.2657645 -1.333045 6.5511246 -1.685075
1.3695252 10.13736 -0.4070267 4.476955 3.7161252 -3.785075
1.2402344 10.008069 -0.6081458 7.731955 1.301125 -5.780075
1.3575538 9.926663 -0.67279124 6.996955 3.226125 -7.145075
1.446142 9.98652 -0.749408 4.7219553 4.941125 -6.3050747
1.4006507 10.008069 -0.70631105 2.306955 6.236125 -4.590075
1.185166 10.029617 -0.41181526 -0.80804497 8.9661255 -4.3800755
1.0965779 9.8548355 -0.74701375 -4.168045 11.031125 -5.955075
1.063058 9.586677 -1.3216397 -3.573045 12.291125 -7.6700745
1.1923488 9.25866 -1.8435916 0.031955 12.151126 -8.545074
1.2474172 8.825297 -2.056682 1.5019549 10.401125 -7.530075
1.0558752 8.360807 -1.977671 -0.878045 10.751125 -6.025075
0.6943397 7.6449194 -1.6783867 -4.343045 9.946126 -7.075075
0.117319465 7.0152254 -1.6281068 -6.023045 6.446125 -10.400075
-0.34477556 6.308914 -1.7071179 -5.4630446 4.731125 -14.110075
-0.8140534 5.4589467 -2.1500587 -1.4030449 1.091125 -15.615076
-0.49082634 5.054314 -1.8914771 3.1469553 -3.633875 -13.1300745
0.65363705 4.635316 -1.4916332 6.6119547 -9.058875 -5.1850753
1.3000913 4.3958883 -1.4341706 8.326955 -18.403875 7.379925
1.3312168 4.312089 -1.4868447 11.616956 -21.133875 17.284925
1.4054393 4.249838 -1.8052832 13.506955 -15.078876 25.264927
2.2147043 4.3958883 -1.2450229 12.386954 -16.933874 42.414925
2.4613144 4.4198313 -1.3647367 8.641955 -25.088877 51.444927
2.291321 4.3695517 -1.7023294 8.326955 -16.898874 54.699924
1.5634614 3.849994 -1.3982565 6.891955 -6.433875 52.074924
1.4150164 3.6392977 -0.85954463 1.011955 -4.508875 48.819923
1.6161355 4.417437 -0.9720756 0.206955 -9.6188755 51.689922
3.7159145 5.06868 -1.0510867 5.946955 -18.438875 63.72992
5.0830455 5.564295 -0.20111908 1.011955 -24.388874 93.23493
7.0008597 5.8252707 0.56744313 -10.853045 -13.643875 121.40992
7.2977495 7.0535336 -0.062251143 -8.578046 -5.3138747 133.02992
7.692805 8.013638 -1.7837347 8.641955 -15.533875 132.67993
8.882759 9.007262 -1.1037607 8.641955 -23.618876 141.07994
10.831699 10.0439825 1.0415095 -36.123043 -13.678875 166.48993
13.388784 11.403931 1.3455825 -83.02305 -3.388875 188.71494
14.779859 12.237139 1.0870007 -95.93805 -21.483875 194.66493
12.586702 13.333716 1.690358 -104.51305 -49.238876 179.12494
12.783033 14.207626 3.1676257 -128.06804 -42.868874 150.42491
13.340899 15.419129 3.4549387 -148.57805 -19.908876 131.10492
12.59628 16.49416 3.3304362 -145.14806 -20.293875 111.329926
12.150945 16.879637 3.7135203 -110.88305 -27.923874 46.544926
11.583502 16.946676 3.2538195 -92.15804 -27.258875 17.669926
11.722369 16.958649 2.4110348 -75.00804 -22.043873 -6.4800754
12.361641 16.750347 2.2003386 -66.01305 -15.043876 -28.565075
11.942643 16.194876 2.152453 -60.063046 -9.933875 -55.760075
10.94423 15.445467 2.9162266 -53.30805 -9.933875 -85.58007
11.317737 14.928304 2.928198 -42.773045 -7.2038746 -103.08008
11.822929 14.3871975 2.238647 -25.308044 -1.813875 -111.37508
11.435057 13.278648 1.8411974 -12.113045 0.146125 -122.435074
10.601849 12.471778 2.2003386 -7.878044 -1.9888752 -135.56007
10.290593 11.526039 2.3846977 -5.253045 -4.473875 -143.26007
10.034406 10.61382 2.0279508 2.586955 -4.158875 -143.68008
9.483723 9.852441 2.169213 4.9319553 -3.1438751 -144.31007
8.657698 9.107821 3.4812756 1.081955 -2.513875 -147.28508
7.8891354 8.408693 3.7781656 4.441955 -10.528875 -149.49007
6.531582 7.946598 3.258608 18.406956 -23.968876 -148.75507
5.078257 7.4701376 2.9593236 27.681955 -27.573875 -141.26509
5.154874 7.0726876 3.2370596 24.111956 -21.133875 -128.38507
5.549929 6.63693 3.4190245 18.126955 -17.423876 -115.365074
4.5946136 6.507639 2.8156672 24.006956 -25.683874 -111.97007
2.6456738 6.134132 2.0255566 35.34696 -35.168877 -115.26007
3.5339496 5.913859 2.432583 34.856956 -36.813873 -109.94008
4.7095385 5.652883 2.8515813 23.411953 -32.613873 -96.53508
3.1221344 5.4685235 2.6432793 19.771955 -36.49888 -94.225075
1.4868447 5.147691 2.5810282 24.216957 -43.008873 -111.97007
0.84039044 5.0662856 1.9944309 26.631956 -46.368877 -121.52508
1.6281068 5.2697988 2.2841382 24.251955 -50.463875 -103.53507
1.7071179 5.3919067 2.5546913 19.141954 -49.413876 -79.07008
0.70870537 4.9561486 1.7406378 20.156956 -40.838875 -69.83008
-1.175589 4.886715 1.376708 27.366955 -35.728874 -73.78507
-2.126116 4.865166 1.5874043 26.386955 -33.278873 -74.06508
-2.308081 4.225895 0.5411061 21.101955 -28.238876 -60.20508
-2.5044115 4.314483 0.21787901 20.296955 -21.308876 -36.090073
-1.3431882 4.3671575 0.7805336 12.526956 -6.608875 -13.165075
-1.403045 4.608979 0.749408 -4.6580453 7.1461253 5.2449255
-1.8531687 5.320079 -0.5889916 -8.788045 13.866125 11.089926
-1.9704882 5.7175283 -0.29689008 -6.0930448 0.74112505 -0.425075
-2.6552508 6.098218 0.88588166 -21.423046 -7.6938753 -7.4950747
-2.482863 6.411868 1.3216397 -24.083046 -13.013874 -6.7250752
-2.1476645 7.0535336 1.0606637 -15.473044 -12.523875 0.834925
-1.9680939 7.860404 1.2330515 -11.098045 -7.413875 3.3549252
-1.8459859 8.22194 1.0175668 -10.538045 -3.283875 1.499925
-2.2530127 8.365596 1.1420691 -13.723044 2.911125 -1.930075
-2.0351336 8.600235 1.5347302 -16.978045 9.456124 -3.6800747
-1.9944309 8.897125 1.2809371 -11.9380455 11.661125 -2.105075
-2.1045675 8.92825 1.0774237 -1.9980451 7.111125 -2.805075
-2.2075214 8.971348 0.80208206 3.6719549 3.4711251 -3.435075
-2.1476645 9.098245 0.63208854 5.6669555 6.131125 1.0799251
-1.759792 9.256267 0.45251793 8.326955 5.151125 6.224925
-1.56825 9.361614 0.014365649 11.371955 -0.448875 7.939925
-1.673598 9.668081 -0.18196489 10.286955 -1.218875 8.7449255
-1.3623424 9.696813 -0.038308397 5.736955 -1.0788751 9.479925
-1.2354459 9.775824 0.27294734 0.62695503 -4.8238754 8.534925
-1.3814965 9.75667 0.70870537 -3.433045 -6.958875 5.909925
-1.4221992 9.8237095 0.6751855 -4.378045 -5.7338753 4.124925
-1.324034 9.933846 0.69912827 -1.5080451 -4.473875 5.279925
-1.1492519 9.871595 0.7805336 0.556955 -6.468875 6.189925
-1.1181264 9.835681 0.8092649 1.606955 -7.763875 5.979925
-1.3048798 9.888355 0.86193895 1.781955 -6.048875 5.2449255
-1.1181264 9.881172 0.7685622 1.5019549 -3.668875 4.929925
-1.0534809 9.933846 0.62251145 2.5169551 -3.073875 6.399925
-0.98404694 9.917087 0.48124924 4.686955 -3.8438747 6.854925
-0.8667275 9.945818 0.4932206 5.071955 -4.753875 5.3499255
-0.86912173 9.933846 0.7302538 2.271955 -4.053875 3.564925
-1.175589 9.75667 0.7996878 -1.473045 -1.253875 2.1649249
-1.158829 9.672871 0.9337672 -2.873045 2.0711248 0.30992502
-1.1037607 9.725544 0.5818088 -1.1930449 2.561125 1.2899251
-1.0941836 9.766247 0.3902668 3.706955 0.076124996 3.389925
-0.98404694 9.747093 0.5770202 6.7519555 -1.4988751 3.8799253
-0.8739103 9.814133 0.3615355 7.066955 -3.9488747 4.9649253
-0.6464542 9.838076 0.08858817 9.551955 -5.593875 6.5049253
-0.6177229 9.888355 0.08619389 11.021955 -5.628875 6.784925
-0.7589851 9.869201 0.13886794 8.256955 -4.6138754 5.1749253
-0.95531565 9.802161 0.41181526 -0.56304497 1.581125 -0.040075
-1.010384 9.708784 0.32083282 0.27695498 0.146125 -0.005075
-1.0558752 9.749487 0.18196489 3.076955 -1.6038749 1.499925
-0.90503585 9.727939 0.22745611 2.9019551 -1.0788751 3.8449247
-0.8571504 9.730332 0.3040729 2.5169551 -1.0788751 5.3149247
-0.75180227 9.75667 0.18196489 3.846955 -1.813875 5.419925
-0.7685622 9.826104 0.12929083 3.9519546 -2.093875 4.6149254
-0.75659084 9.811738 0.31125572 2.376955 -2.3038752 2.7599251
-0.7302538 9.747093 0.2753416 0.80195504 -2.653875 1.254925
-0.9385557 9.725544 0.29928434 -0.423045 0.146125 -0.390075
-1.0558752 9.601042 0.37829542 -2.243045 2.7361252 -1.1600751
-1.036721 9.641745 0.4070267 -1.9980451 2.526125 -0.005075
-0.9888355 9.648928 0.22266756 0.451955 0.391125 1.044925
-0.9768641 9.720756 0.17717634 2.271955 -0.413875 1.499925
-0.91700727 9.754275 0.38787252 1.6419549 -0.378875 2.794925
-0.845179 9.778218 0.20590763 2.166955 -1.4288751 3.7749252
-0.8547561 9.876384 0.22985038 4.021955 -3.038875 3.6349251
-0.57462597 9.869201 0.15323359 4.196955 -4.263875 4.054925
