0.06 10.059999 -1.9399999 -1.1459155 4.583662 -2.291831
-0.01 9.41 -1.51 -14.896902 -20.62648 -3.4377468
-0.07 8.599999 0.25 -5.7295775 -24.637184 0.0
0.24 8.99 0.42 14.896902 -4.0107045 6.8754935
1.17 8.86 -1.77 14.323945 -0.57295775 1.1459155
0.66999996 8.139999 -1.65 9.740283 -4.583662 0.0
0.64 7.5 -1.79 20.053522 -7.448451 0.0
0.72999996 6.85 -2.28 33.231552 -13.750987 2.291831
0.93 5.68 -3.34 37.242256 -16.615776 7.448451
0.97999996 5.0699997 -3.87 26.929016 -17.761692 14.323945
1.5999999 4.75 -4.16 -4.0107045 -27.501974 32.085636
1.9799999 4.3399997 -3.1399999 -21.199438 -41.25296 36.09634
2.85 3.81 -1.06 -18.907606 -41.25296 36.669296
2.7 3.55 0.29999998 -0.57295775 -28.64789 34.950428
1.75 3.1299999 -0.45999998 15.469859 -25.7831 43.544792
1.6999999 2.48 -1.93 18.334648 -34.377464 59.58761
2.84 3.99 -2.76 12.032113 -44.69071 80.78705
3.9499998 4.6 -3.51 -2.8647888 -52.139156 90.52733
4.54 4.23 -2.8999999 -32.658592 -56.72282 97.97578
4.52 4.7799997 -0.37 -49.84733 -50.420284 103.1324
5.08 6.8199997 0.19 -37.815212 -53.285076 114.59156
6.39 8.22 -0.71 -29.220846 -64.17127 126.62367
6.92 9.2 0.82 -34.377464 -80.78705 124.33183
6.46 11.61 2.8999999 -17.761692 -71.04677 126.62367
7.04 13.799999 1.7099999 -24.637184 -60.160564 131.20734
8.389999 13.509999 0.34 -52.712116 -41.25296 111.72677
7.6699996 14.679999 2.28 -47.555496 -43.544792 96.256905
7.2599998 16.43 2.9299998 -20.053522 -55.00395 84.22479
6.17 15.7699995 -0.28 -31.51268 -53.858032 57.29578
5.8399997 16.359999 1.23 -45.83662 -41.825916 52.712116
7.0899997 16.93 0.74 -38.961132 -38.961132 46.98254
7.4199996 16.58 -1.3 -34.950428 -36.669296 25.210142
6.5899997 16.029999 -1.52 -38.38817 -44.11775 3.4377468
6.56 16.029999 -2.06 -29.220846 -54.43099 -5.15662
7.23 15.799999 -3.59 -25.7831 -60.160564 -20.62648
7.31 14.969999 -4.29 -41.25296 -59.58761 -29.220846
7.0499997 15.0199995 -3.56 -45.83662 -63.598316 -33.231552
7.62 15.179999 -3.32 -41.25296 -74.48451 -40.107044
8.21 15.33 -3.73 -33.231552 -80.21409 -54.43099
8.5199995 14.889999 -4.0099998 -27.501974 -90.52733 -71.04677
8.87 13.46 -3.09 -18.907606 -99.1217 -83.65183
8.99 12.61 -3.02 -24.637184 -99.1217 -89.95437
8.16 11.429999 -1.67 -44.11775 -100.26762 -95.11099
7.1499996 10.49 0.95 -51.5662 -105.997185 -91.10028
6.5 9.849999 2.72 -34.950428 -107.716064 -79.641136
6.8599997 9.15 2.3999999 -12.605071 -101.98649 -67.03606
7.3799996 7.73 1.8299999 -2.291831 -80.21409 -59.58761
7.04 6.54 2.3899999 -6.3025355 -75.630424 -58.441692
6.54 6.12 3.79 0.57295775 -85.94367 -63.02536
6.39 5.4 3.6299999 10.886198 -81.36001 -72.19268
5.66 4.75 3.4499998 16.042818 -70.47381 -84.22479
4.0699997 4.42 3.1399999 18.334648 -60.733524 -84.22479
2.4099998 3.97 2.27 5.15662 -50.420284 -67.60902
1.22 3.56 1.29 -17.188732 -48.128452 -53.285076
1.28 3.73 1.9799999 -34.377464 -44.11775 -45.263664
0.64 4.22 2.52 -34.377464 -39.53409 -42.971836
0.48 4.68 2.1 -23.49127 -29.793804 -41.25296
0.16 4.62 1.53 -19.480566 -17.761692 -40.107044
-0.65999997 5.16 1.64 -23.49127 -18.907606 -28.64789
-0.62 5.94 1.8499999 -16.042818 -17.761692 -18.334648
-0.29 6.54 0.93 -11.459155 -9.740283 -15.469859
-0.42 6.5899997 0.16 -16.615776 -6.8754935 -15.469859
-0.76 6.91 0.71 -20.053522 -11.459155 -11.459155
-0.95 7.72 1.3399999 -11.459155 -12.605071 -4.0107045
-0.32999998 7.94 1.2099999 -0.57295775 -5.15662 -2.8647888
-0.56 8.47 0.39999998 1.7188734 2.8647888 -2.291831
-0.26999998 8.79 0.06 -0.57295775 -4.583662 0.57295775
-0.02 8.97 -0.049999997 0.57295775 -8.021409 -1.1459155
-0.61 8.91 -0.19 2.291831 0.0 -5.15662
-0.78 8.9 0.12 -0.57295775 2.291831 0.0
-0.64 9.09 0.25 -3.4377468 -3.4377468 6.3025355
0.0 9.3 -0.11 -2.291831 0.0 11.459155
0.089999996 9.79 -0.06 -1.7188734 0.57295775 6.3025355
0.07 10.179999 -0.01 1.7188734 0.0 4.583662
0.19 10.309999 -0.47 1.7188734 -0.57295775 2.8647888
0.16 10.099999 -0.75 -5.7295775 3.4377468 0.0
-0.16 9.98 -0.42 -12.032113 1.1459155 2.8647888
0.19 10.15 0.31 -4.583662 -2.8647888 5.15662
0.65 10.36 -0.02 4.583662 0.57295775 1.1459155
0.42 10.09 -0.72999996 4.0107045 4.583662 -4.583662
-0.12 9.69 -0.71999997 -4.583662 4.0107045 -8.021409
-0.35 9.5199995 -0.07 -10.31324 -0.57295775 -5.7295775
-0.24 9.54 0.099999994 -7.448451 -1.1459155 0.0
-0.04 9.36 -0.19 -4.0107045 -1.1459155 1.7188734
0.06 9.5199995 0.19999999 -1.1459155 -5.15662 1.1459155
-0.02 9.71 0.51 6.8754935 -1.1459155 0.57295775
0.04 9.71 -0.089999996 9.167324 1.7188734 0.57295775
-0.02 9.5 -0.41 4.0107045 -1.7188734 0.0
0.17999999 9.92 -0.17 1.1459155 -5.7295775 -1.1459155
0.13 9.87 -0.24 -7.448451 -4.583662 -6.3025355
-0.21 9.599999 0.089999996 -14.323945 0.0 -8.021409
-0.44 9.29 0.56 -13.178029 0.57295775 -4.583662
-0.41 9.41 0.82 -2.8647888 0.0 0.0
-0.089999996 9.61 0.22999999 9.167324 0.57295775 2.8647888
0.25 9.8 -0.53999996 9.740283 2.8647888 1.1459155
-0.089999996 9.95 -0.55 -2.8647888 0.0 0.0
-0.06 9.719999 -0.51 -8.594366 -1.7188734 0.57295775
-0.17999999 9.5 -0.22999999 -10.886198 -1.7188734 0.0
-0.14 9.49 0.52 -5.7295775 -5.15662 1.1459155
0.049999997 9.57 0.83 5.7295775 -3.4377468 1.1459155
0.07 9.849999 0.56 14.896902 1.1459155 0.0
-0.24 9.54 -0.59 5.7295775 0.57295775 0.0
-0.29 9.62 -0.11 -2.8647888 -1.1459155 1.7188734
-0.03 9.88 0.13 -3.4377468 -2.8647888 4.0107045
0.28 9.86 -0.08 -0.57295775 0.0 2.291831
0.14999999 9.83 -0.29999998 -2.291831 0.0 -1.1459155
-0.17999999 9.639999 0.14999999 -6.8754935 -1.1459155 -4.0107045
-0.04 9.75 0.59 -0.57295775 0.0 0.0
-0.04 9.7 0.22 4.0107045 3.4377468 -0.57295775
-0.24 9.48 -0.19 1.7188734 0.0 0.0
-0.22 9.48 0.06 1.1459155 -2.8647888 2.8647888
0.19 9.74 0.32999998 4.0107045 0.0 2.8647888
0.19999999 9.7699995 0.02 1.7188734 4.0107045 -0.57295775
0.0 9.51 0.14 -5.7295775 -1.7188734 0.57295775
0.0 9.55 0.47 -1.7188734 -2.291831 0.0
-0.17 9.57 0.17999999 5.7295775 1.1459155 0.0
-0.21 9.55 -0.14999999 5.7295775 0.0 0.0
-0.089999996 9.63 -0.14999999 0.57295775 0.0 2.291831
0.11 9.7699995 0.16 -1.7188734 -1.1459155 4.0107045
0.14 9.78 0.22999999 4.0107045 0.57295775 -0.57295775
-0.02 9.69 -0.04 5.7295775 0.57295775 -0.57295775
-0.14 9.66 -0.17 2.8647888 -1.7188734 0.57295775
0.0 9.71 -0.049999997 0.0 0.0 1.7188734
0.089999996 9.88 0.049999997 -2.8647888 2.8647888 1.7188734
