0.51 8.79 -1.91 6.3025355 -17.188732 0.57295775
0.29 8.679999 -1.9599999 6.8754935 -15.469859 -0.57295775
0.12 8.01 -2.12 5.7295775 -22.91831 0.0
0.16 7.66 -1.5899999 4.583662 -28.07493 0.57295775
0.17999999 7.73 -1.49 4.583662 -49.84733 9.167324
0.56 7.75 -1.74 4.583662 -49.84733 9.167324
1.18 7.33 -2.6399999 7.448451 -59.014652 18.334648
0.45 7.62 -2.03 -10.886198 -51.5662 17.188732
0.61 7.8399997 -0.82 -19.480566 -47.555496 16.615776
1.62 7.6 -1.27 -24.064226 -53.858032 19.480566
1.9699999 6.91 -3.1699998 -21.772396 -58.441692 20.053522
1.39 6.89 -2.1 -36.669296 -37.815212 7.448451
-0.22 8.12 1.26 -50.420284 -9.740283 -1.1459155
1.66 7.29 -0.76 -18.334648 -33.231552 31.51268
1.75 7.4199996 -1.55 1.1459155 -55.576904 41.25296
1.4399999 7.69 -1.16 -1.7188734 -50.420284 41.25296
2.59 7.7999997 -0.57 -4.583662 -48.701412 46.98254
3.06 7.41 -2.31 -0.57295775 -56.72282 46.40958
2.6699998 7.0499997 -2.09 -9.167324 -53.285076 44.69071
2.3999999 7.48 -0.41 -34.950428 -54.43099 49.27437
2.82 7.37 -0.16 -33.231552 -60.733524 57.29578
4.18 6.66 -0.35 -29.220846 -64.17127 64.74423
2.53 6.41 1.8 -30.939718 -26.356058 66.463104
2.53 6.41 1.8 -22.345354 -12.032113 68.75493
4.2 6.33 0.42999998 -3.4377468 -10.31324 76.203384
4.99 8.559999 -2.21 40.107044 -4.0107045 77.922264
6.5 9.94 -2.19 28.64789 -35.523384 95.11099
7.5099998 10.969999 -1.8199999 4.0107045 -49.84733 104.85127
7.21 10.63 -1.93 -14.896902 -52.712116 104.27831
6.49 10.79 0.099999994 -55.576904 -45.263664 93.39212
6.46 12.34 3.34 -76.203384 -36.669296 79.641136
6.71 12.86 3.27 -52.139156 -46.98254 78.49522
6.49 13.04 1.41 -18.334648 -67.03606 82.50592
7.16 13.88 1.0 -12.605071 -64.74423 84.22479
7.47 13.95 1.1 -36.669296 -52.139156 68.75493
6.1299996 13.99 2.5 -49.84733 -40.680004 57.29578
6.02 14.07 3.62 -53.858032 -28.07493 36.669296
6.48 14.32 1.53 -21.199438 -38.38817 32.658592
6.91 13.559999 0.06 -2.291831 -40.107044 26.929016
6.0699997 13.599999 0.93 -18.334648 -28.64789 6.8754935
5.98 13.41 1.13 -33.80451 -20.053522 -6.3025355
6.44 12.929999 0.42 -28.07493 -24.637184 -11.459155
6.0899997 12.7699995 0.96999997 -26.929016 -28.64789 -20.053522
5.8599997 12.82 1.2099999 -26.356058 -28.07493 -25.210142
5.6 12.91 0.42 -16.615776 -25.7831 -28.64789
5.98 12.82 -0.90999997 -2.291831 -24.637184 -33.231552
6.49 12.32 -0.72999996 -5.7295775 -32.658592 -42.971836
6.31 12.0199995 -1.23 -8.021409 -40.107044 -52.712116
6.7799997 11.21 -1.7199999 -12.605071 -40.680004 -59.58761
6.8199997 10.82 -1.4 -20.053522 -40.107044 -61.879436
5.98 10.5199995 0.14 -32.658592 -31.51268 -71.04677
5.1 10.849999 0.69 -22.345354 -31.51268 -75.630424
5.89 11.03 -1.66 17.188732 -48.701412 -66.463104
5.89 11.03 -1.66 17.188732 -48.701412 -66.463104
5.7599998 11.48 -1.05 7.448451 -49.84733 -71.61973
5.98 10.88 -1.24 4.583662 -50.993244 -72.76564
5.3599997 10.21 -0.90999997 3.4377468 -57.29578 -76.77634
4.9 10.21 -0.51 -1.1459155 -56.14986 -81.36001
4.99 9.83 -0.93 0.57295775 -50.420284 -77.922264
4.41 9.17 -1.27 0.57295775 -49.84733 -76.77634
3.52 8.95 -0.14 -9.740283 -45.83662 -75.630424
3.5 8.73 0.099999994 -11.459155 -38.38817 -60.160564
3.6699998 8.76 -0.13 4.0107045 -44.69071 -48.701412
3.7099998 8.78 -0.51 11.459155 -47.555496 -46.98254
3.9599998 8.87 -1.1 14.323945 -48.701412 -46.40958
3.8799999 8.7699995 -0.11 -1.7188734 -42.971836 -52.712116
3.07 8.73 0.12 -1.1459155 -42.398876 -61.30648
2.57 8.53 -0.16 4.583662 -46.98254 -64.17127
2.3799999 8.45 -0.52 5.15662 -49.27437 -63.02536
2.19 8.16 -0.06 -5.7295775 -46.98254 -59.014652
1.35 8.38 1.17 -12.032113 -42.398876 -57.29578
1.55 8.28 0.72999996 -1.7188734 -43.544792 -50.420284
1.11 8.16 0.53 8.021409 -41.825916 -46.98254
0.89 8.059999 0.53999996 9.167324 -39.53409 -45.83662
0.83 7.98 0.41 9.740283 -40.680004 -41.825916
0.45999998 7.5699997 -0.58 6.8754935 -37.242256 -38.38817
0.26999998 7.47 0.61 -11.459155 -29.220846 -36.09634
0.22 7.5099998 1.38 -15.469859 -28.07493 -34.377464
0.31 7.4199996 1.17 -8.021409 -28.64789 -33.80451
0.07 7.25 0.26999998 -2.291831 -28.07493 -35.523384
-1.23 7.24 0.91999996 -8.594366 -21.199438 -40.107044
-1.16 7.27 1.4699999 -5.7295775 -23.49127 -30.939718
-0.91999996 7.5499997 0.22 12.605071 -28.64789 -21.772396
-0.85999995 7.8999996 -0.65 13.750987 -18.334648 -16.615776
-0.94 7.91 -0.61 5.7295775 -17.188732 -17.188732
-1.39 7.8799996 0.13 -7.448451 -12.605071 -17.761692
-1.68 7.94 0.39999998 -10.31324 -9.167324 -16.615776
-1.73 8.42 -0.13 1.7188734 -8.021409 -5.7295775
-1.5999999 8.53 -0.32 4.0107045 -6.3025355 -1.7188734
-1.48 8.849999 -0.099999994 2.8647888 -5.15662 0.0
-1.22 9.179999 -0.14999999 1.7188734 -6.3025355 1.7188734
-1.0799999 9.2699995 -0.76 5.15662 -7.448451 1.1459155
-1.0799999 9.2699995 -0.76 1.7188734 -2.291831 0.57295775
-1.55 9.38 -0.16 -2.291831 -1.1459155 0.0
-1.31 9.61 0.089999996 -6.3025355 -2.8647888 0.57295775
-0.90999997 9.809999 -0.57 0.0 0.0 7.448451
-0.81 9.889999 -0.41 -2.8647888 1.7188734 4.0107045
-0.69 9.86 -0.55 -2.8647888 1.7188734 2.8647888
-0.79999995 9.61 -1.03 -1.7188734 3.4377468 1.1459155
-0.94 9.53 -1.03 -8.021409 5.15662 -1.7188734
-1.3199999 9.33 -0.58 -16.042818 6.8754935 -1.7188734
-1.17 9.79 0.26 -18.907606 9.167324 1.1459155
-0.65 10.38 -0.37 1.1459155 0.0 8.594366
-0.68 10.469999 -0.89 9.167324 0.0 8.594366
-0.66999996 10.63 -1.02 12.605071 1.1459155 8.021409
-0.26 10.48 -1.48 8.594366 0.0 5.7295775
-0.37 10.38 -1.6999999 8.594366 1.7188734 2.8647888
-0.62 10.28 -1.5799999 5.15662 2.8647888 0.0
-0.96 9.99 -0.68 -4.583662 0.0 -2.8647888
-0.95 9.98 -0.55 -4.0107045 -2.8647888 -1.7188734
-0.85999995 10.03 -0.59 0.57295775 -4.0107045 1.1459155
-0.78 9.98 -0.45 1.1459155 -4.0107045 2.291831
-0.57 10.04 -0.13 2.291831 -1.7188734 4.0107045
-0.56 10.0 -0.77 8.021409 0.57295775 3.4377468
-0.56 10.07 -0.96 10.886198 3.4377468 2.291831
-0.69 10.12 -1.05 10.31324 4.583662 2.291831
-0.71 10.29 -0.98999995 6.3025355 4.0107045 1.7188734
-0.44 10.29 -1.29 3.4377468 0.57295775 1.7188734
-0.55 10.25 -0.82 -1.7188734 0.57295775 -0.57295775
-0.68 10.2699995 -0.78 -1.1459155 0.57295775 -2.8647888
-0.65999997 10.09 -0.90999997 0.57295775 0.0 -3.4377468
-0.98999995 10.03 -0.90999997 1.7188734 0.0 -3.4377468
-0.98999995 10.03 -0.90999997 1.7188734 0.0 -3.4377468
-0.72999996 10.099999 -1.01 4.0107045 0.0 -1.1459155
-0.71 10.179999 -1.1 1.1459155 -0.57295775 0.0
-0.89 10.19 -0.95 0.0 0.0 -0.57295775
-0.74 10.219999 -0.66999996 0.0 -2.291831 0.0
-0.39999998 10.099999 -0.93 2.8647888 -3.4377468 -1.1459155
-0.81 10.01 -1.05 2.8647888 -2.291831 -2.8647888
-0.77 9.84 -0.58 -0.57295775 0.0 -2.8647888
-0.68 9.83 -0.53 -0.57295775 -2.291831 -2.291831
-0.68 9.87 -0.52 2.291831 -1.7188734 -1.7188734
-0.25 9.95 -0.78 9.167324 0.57295775 -2.8647888
-0.32 10.17 -1.09 10.886198 2.291831 -7.448451
-0.79999995 10.099999 -1.61 9.167324 6.3025355 -16.042818
-1.1899999 9.83 -1.68 1.1459155 8.021409 -18.334648
-1.39 9.76 -1.31 -4.0107045 7.448451 -17.761692
-1.67 9.73 -0.71999997 -8.021409 4.0107045 -12.605071
-1.62 9.74 -0.7 -5.15662 1.1459155 -8.594366
-1.09 9.86 -1.25 5.15662 -6.3025355 0.0
-1.1899999 10.12 -0.85999995 5.15662 -4.0107045 0.57295775
-0.87 10.349999 -1.0 1.7188734 -1.7188734 4.0107045
-0.71999997 10.28 -1.3399999 4.583662 -0.57295775 5.15662
-0.71999997 10.2699995 -1.1899999 4.0107045 -0.57295775 4.583662
-0.84 10.179999 -0.87 -1.1459155 -1.7188734 0.0
-0.94 10.099999 -0.89 -1.1459155 -1.7188734 -1.1459155
-1.04 9.95 -0.95 0.0 0.0 -2.291831
