2.04 10.45 0.58 -1.1459155 0.0 -1.1459155
2.1499999 10.36 -0.14999999 7.448451 -4.583662 -5.15662
1.23 10.15 -0.24 1.7188734 -19.480566 -4.583662
1.4 10.13 0.57 4.583662 -28.64789 -5.15662
1.4699999 9.57 0.94 10.31324 -29.220846 -7.448451
1.68 9.17 0.03 11.459155 -2.291831 -8.021409
1.87 8.57 -0.48999998 4.0107045 13.178029 -16.615776
1.25 8.16 0.0 9.167324 6.3025355 -13.178029
1.15 6.91 0.16 30.939718 -11.459155 -5.15662
1.5899999 6.29 -1.81 50.420284 -12.605071 -5.15662
1.04 5.62 -3.6799998 44.69071 -10.886198 -6.3025355
0.84 4.88 -4.66 22.345354 -18.907606 0.57295775
0.65999997 4.0499997 -4.41 1.1459155 -22.345354 6.8754935
0.98999995 3.74 -3.6399999 -13.178029 -28.64789 25.7831
1.91 3.49 -3.4299998 -24.637184 -37.242256 36.669296
2.08 2.9399998 -2.69 -37.815212 -38.961132 44.69071
1.5899999 2.81 -1.01 -40.107044 -36.09634 54.43099
2.6 2.74 0.48999998 -24.637184 -46.40958 66.463104
3.8999999 2.74 1.4399999 1.7188734 -62.4524 77.922264
3.51 3.61 0.21 34.377464 -48.701412 89.38142
2.44 4.44 -0.61 25.7831 -29.220846 104.27831
3.8899999 5.6 -0.21 13.750987 -46.40958 123.18592
5.7999997 6.8199997 -0.76 13.750987 -57.868736 134.07211
7.0899997 8.23 -1.16 -0.57295775 -49.84733 133.49916
8.17 9.5 -0.22999999 -28.07493 -38.961132 127.76959
7.3799996 10.87 1.26 -43.544792 -24.637184 115.16451
6.41 12.59 1.9 -39.53409 -27.501974 118.029305
7.97 14.21 2.05 -26.929016 -39.53409 108.86198
9.2699995 15.219999 1.23 -20.053522 -37.815212 92.81916
9.09 16.01 -0.22999999 -29.793804 -26.356058 76.203384
8.13 17.18 -0.37 -40.107044 -25.210142 62.4524
8.72 17.71 -0.88 -42.971836 -26.356058 36.09634
7.93 17.27 -1.8199999 -36.09634 -26.356058 16.042818
7.94 16.83 -2.72 -28.07493 -30.939718 5.7295775
8.929999 16.539999 -4.3399997 -24.064226 -39.53409 -1.1459155
9.389999 15.759999 -5.5899997 -34.377464 -50.420284 -16.615776
8.83 15.41 -4.8399997 -42.398876 -55.576904 -33.231552
8.69 15.03 -4.67 -24.637184 -73.33859 -50.420284
9.42 14.25 -5.96 -21.772396 -79.641136 -59.014652
9.5199995 13.41 -6.5699997 -32.658592 -85.37071 -69.32789
9.2 12.84 -5.2999997 -31.51268 -100.84057 -72.19268
10.0 12.759999 -4.7799997 -23.49127 -119.74818 -73.91155
10.66 11.639999 -5.54 -33.80451 -125.47776 -82.50592
10.0 10.429999 -2.36 -60.733524 -126.62367 -92.24621
10.08 9.78 -0.44 -63.598316 -128.34254 -91.10028
9.83 8.639999 0.75 -63.598316 -123.75887 -93.96508
9.09 7.2799997 1.87 -65.890144 -107.143105 -96.829865
7.83 6.19 3.3799999 -65.317184 -92.81916 -95.11099
6.8199997 5.0699997 4.42 -52.139156 -84.22479 -91.67324
5.8199997 3.8799999 4.74 -16.042818 -81.93296 -83.65183
4.92 3.4299998 4.71 4.583662 -84.79775 -76.77634
4.3199997 3.29 4.24 16.615776 -77.922264 -71.61973
3.6399999 2.95 3.37 18.334648 -73.33859 -66.463104
2.95 2.73 3.07 15.469859 -72.19268 -65.890144
1.6899999 2.83 2.71 9.167324 -62.4524 -61.879436
0.75 3.09 2.58 -7.448451 -57.868736 -44.11775
0.31 3.74 2.3 -22.345354 -51.5662 -36.669296
-0.04 4.37 2.9399998 -36.09634 -41.825916 -28.64789
-0.049999997 5.39 3.56 -38.961132 -36.669296 -20.053522
-0.06 6.44 3.24 -30.366762 -29.220846 -13.178029
0.53999996 6.8199997 2.54 -19.480566 -26.356058 -10.31324
0.61 7.1499996 2.21 -15.469859 -23.49127 -13.178029
-0.22999999 7.31 2.62 -13.750987 -18.907606 -12.032113
-0.76 7.75 2.8899999 -2.291831 -12.032113 -4.0107045
-0.45 8.139999 1.88 4.583662 -4.583662 5.15662
0.19 8.63 0.76 3.4377468 -6.8754935 4.583662
0.29 8.84 0.65999997 2.291831 -10.31324 0.0
0.19 9.24 0.95 8.594366 -7.448451 0.0
0.0 9.09 -0.26 -0.57295775 4.583662 -1.7188734
-0.17999999 9.37 0.45 -10.886198 0.0 1.1459155
0.32999998 9.42 0.72999996 -5.7295775 -6.8754935 2.8647888
0.44 9.4 0.17999999 0.57295775 0.0 0.0
0.21 9.24 -0.22999999 -5.15662 4.0107045 -1.7188734
0.04 9.34 0.38 -16.615776 1.1459155 2.8647888
0.19 9.559999 0.88 -16.042818 3.4377468 4.0107045
-0.14 9.7 1.05 -9.740283 5.15662 7.448451
0.45 10.23 1.1899999 0.0 0.0 9.167324
1.0699999 10.11 0.45999998 7.448451 0.57295775 1.1459155
0.55 10.01 0.14 11.459155 5.15662 -3.4377468
0.35 10.24 -0.26999998 7.448451 5.15662 0.0
0.29 9.88 -0.32 -8.594366 5.15662 0.0
0.29999998 10.04 0.32999998 -10.886198 3.4377468 0.57295775
0.68 10.13 0.39 -5.7295775 2.291831 1.1459155
0.88 9.96 0.14 -2.8647888 3.4377468 -1.1459155
0.32 9.86 0.32999998 -1.1459155 5.15662 -4.583662
0.22 9.83 0.32999998 2.8647888 2.8647888 -1.7188734
0.64 9.75 -0.16 2.291831 2.8647888 -2.291831
0.59999996 9.51 -0.29 -1.7188734 4.0107045 -5.7295775
-0.03 9.41 0.11 -1.1459155 3.4377468 -4.0107045
0.0 9.51 0.29999998 3.4377468 1.7188734 0.57295775
0.29 9.54 -0.21 4.583662 1.1459155 1.1459155
0.32999998 9.53 -0.39999998 0.0 0.0 0.0
0.42999998 9.63 0.0 -4.583662 2.291831 1.1459155
0.41 9.54 0.29 -7.448451 2.291831 0.57295775
0.16 9.5199995 0.65 -3.4377468 2.291831 0.57295775
0.45 9.69 0.44 4.583662 0.0 1.1459155
0.42 9.559999 -0.17 8.021409 1.1459155 0.57295775
0.21 9.45 -0.21 4.583662 -2.8647888 0.0
0.39 9.69 0.02 1.7188734 -1.1459155 0.57295775
0.61 10.05 -0.17999999 -6.3025355 3.4377468 0.0
0.56 10.01 -0.26999998 -13.178029 2.291831 -1.1459155
0.38 9.61 0.03 -14.896902 1.7188734 -2.8647888
0.07 9.66 0.71999997 -8.594366 0.0 -0.57295775
0.28 9.75 0.88 0.0 -2.291831 0.0
0.63 9.63 0.35 7.448451 1.7188734 -1.1459155
0.32 9.5199995 0.049999997 5.15662 4.0107045 -3.4377468
0.0 9.599999 0.049999997 1.7188734 0.57295775 -0.57295775
0.13 9.7699995 0.06 1.7188734 0.0 2.291831
0.65999997 9.83 -0.26999998 2.291831 -1.7188734 3.4377468
0.66999996 9.58 -0.42 -0.57295775 -1.7188734 0.0
0.45 9.54 0.17999999 -8.021409 -1.1459155 -2.8647888
0.34 9.429999 0.65999997 -9.167324 0.0 -1.1459155
0.17999999 9.44 0.94 -7.448451 2.291831 0.57295775
0.17 9.29 0.9 -4.0107045 2.291831 2.291831
0.19999999 9.24 0.84 1.1459155 2.291831 3.4377468
0.28 9.48 0.65 6.3025355 1.7188734 2.8647888
