1.0199611 9.742304 1.1229149 -9.661086 10.117345 -3.9874802
1.4006507 9.5794935 0.9385557 -9.766085 10.642344 1.57752
1.297697 9.814133 0.7350424 -5.461085 13.197346 2.66252
0.967287 9.703996 0.71588814 -0.071085 13.197346 -1.60748
0.7709565 9.591465 0.84039044 2.483915 11.622346 -5.17748
0.90024734 9.502876 0.4764607 5.318915 8.822346 -4.37248
0.9529214 9.653716 0.18435916 8.223915 8.122345 -1.6774801
1.0032011 9.72315 0.08619389 5.0739155 11.692345 1.19252
0.9912298 9.684841 0.57462597 -4.726085 15.962345 2.62752
1.0032011 9.660899 0.96489275 -13.336085 19.287346 3.2225199
1.1492519 9.708784 0.9505271 -12.146086 16.382345 3.1525202
1.0678465 9.826104 0.7781393 -3.466085 10.257345 2.03252
0.9768641 9.761458 0.88588166 1.4339151 7.9473453 -0.48747998
1.1444633 9.900327 0.62251145 0.9789151 8.542345 -1.8874801
0.99362403 10.096657 0.7637737 1.7489151 9.207345 -0.59248
0.81165916 10.000886 1.1468576 -0.45608503 9.977345 -1.36248
1.1684061 9.993703 1.1875603 -4.026085 11.342345 -2.55248
1.5443072 9.751882 0.5818088 -0.841085 9.347345 -0.73248005
1.5036045 9.538791 0.2753416 5.318915 7.877345 -1.04748
1.2881198 8.985713 0.0071828244 7.5939155 6.8623447 -4.02248
0.888276 8.341654 -0.18196489 4.4789147 7.7723455 -6.82248
0.6488485 7.7909703 -0.1987248 0.313915 10.782345 -8.36248
0.5123748 7.3384523 -0.14365649 -1.6810851 10.537345 -9.02748
0.45012367 6.9098773 -0.25139886 -0.736085 6.337345 -7.4174795
0.4189981 6.6704497 -0.50040346 3.1139147 1.822345 -4.47748
0.5123748 6.438205 -1.063058 8.328916 -1.3626549 -1.15248
0.80208206 6.2969427 -1.350371 13.473915 -5.282655 2.73252
0.90024734 6.196383 -1.2785428 9.203916 -8.222654 16.17252
1.0199611 6.3472223 -0.9194015 1.2239151 -4.0576553 23.487522
1.6065584 6.4405994 -0.45730647 -5.0410852 -1.3276551 29.717522
2.1237218 6.529187 -0.48843205 -5.0410852 2.767345 33.25252
2.2697725 6.466936 -0.64166564 -1.051085 6.1973453 33.672523
1.812466 6.368771 -0.0071828244 -0.806085 7.107345 31.25752
1.6520497 6.454965 0.9074302 -2.906085 5.7423453 30.172518
2.1500587 6.4860907 0.86193895 2.483915 9.522345 34.33752
2.657645 7.046351 0.028731298 16.098915 17.082344 41.197517
2.569057 7.599428 -0.13886794 24.603916 20.337345 40.637524
2.3583608 8.006455 0.21787901 21.278917 21.142345 36.227516
2.7414446 8.590658 0.37590113 15.5739155 21.842346 41.51252
2.925804 8.861211 -0.09577099 15.3639145 20.897345 52.67752
3.213117 8.865999 -0.22985038 11.093915 15.297346 59.922527
3.4214187 9.141341 0.818842 -4.866085 4.517345 66.25752
4.206741 9.593859 1.1899546 -17.991085 -5.107655 75.56753
5.200365 10.127783 0.25379312 -15.576086 -8.712655 86.452515
5.731894 10.041589 0.1699935 -10.536085 -13.822655 88.62252
5.808511 9.998491 0.8092649 -18.866085 -21.207655 79.17252
5.5307746 9.847652 1.2689656 -32.411083 -21.102655 68.60252
5.4062724 9.840469 1.3360053 -39.446083 -16.692656 62.19752
5.930619 9.948212 1.4269878 -41.791084 -15.992654 59.537518
6.531582 9.941029 1.2067145 -41.161087 -17.462654 57.85752
5.9880815 9.735122 1.1157321 -35.106087 -19.947655 51.31252
5.585843 9.399923 1.2641771 -30.451084 -26.877655 39.09752
6.0000525 9.019233 1.7262721 -32.796085 -31.147657 32.132523
6.1748347 8.743892 2.1189332 -40.076088 -31.882658 34.827522
6.079064 8.600235 2.4804688 -44.451088 -30.867657 38.25752
5.9856873 8.432636 3.1269228 -48.091084 -29.362656 37.31252
5.954561 8.382356 3.4788814 -51.801083 -27.332655 34.05752
6.3903193 8.281796 3.1173458 -45.95609 -22.397655 32.23752
6.864386 8.073495 2.3224466 -29.576086 -21.977657 33.53252
6.1652575 7.867587 1.5730386 -13.686086 -26.597654 32.02752
5.707951 7.7574506 1.7813405 -9.696085 -27.052654 24.082521
6.0072355 7.6521025 2.126116 -22.786085 -23.867655 19.252522
6.821289 7.5252056 2.6217308 -38.886086 -19.632654 25.23752
6.2921543 7.56112 2.0375278 -45.851086 -13.192655 32.76252
5.9258304 7.7694216 2.2242813 -44.626087 3.7473452 25.062521
6.1054006 8.379962 2.6552508 -57.191082 9.382345 30.277521
6.864386 8.839663 3.0431232 -68.041084 6.477345 42.91252
8.176449 8.76544 3.5339496 -73.92109 -5.1776547 50.89252
8.075889 8.6984005 4.1085753 -74.831085 -16.097656 42.17752
7.3001437 8.856422 4.182798 -67.44608 -17.252655 27.58252
7.537177 9.131764 4.041536 -53.586086 -18.232656 23.62752
8.377567 9.354432 3.529161 -37.346085 -21.627653 26.637522
8.514041 9.818921 2.8467927 -22.961086 -24.287655 24.88752
8.56911 10.28341 2.0016139 -15.436086 -22.642654 17.81752
8.696006 10.415095 1.1779832 -13.581085 -21.312656 10.152519
8.590658 10.599455 0.50040346 -15.891084 -22.992655 0.63252
8.648121 11.016058 0.49800915 -27.476086 -24.462656 -8.81748
8.705584 11.226754 1.4269878 -49.946087 -24.532654 -17.18248
9.047964 11.178869 2.4062462 -70.456085 -22.117655 -24.98748
8.851634 11.119012 3.1987512 -73.57109 -24.672657 -33.59748
8.564321 11.217177 3.4333901 -58.94109 -30.622658 -46.967484
8.854029 11.109435 3.047912 -37.906086 -32.547653 -56.97748
8.686429 10.757477 2.7246847 -18.096087 -35.137657 -63.732483
8.008849 10.257073 3.2897336 -9.661086 -37.867653 -73.46248
7.980118 10.175668 3.849994 -12.111085 -36.012657 -81.68748
8.772623 10.099051 3.581835 -9.241085 -32.407658 -84.17248
8.482916 9.735122 3.2610023 6.5439153 -33.492657 -85.67748
7.580274 9.514848 3.6440864 17.533913 -40.072655 -95.37248
7.5898514 9.419077 4.1013927 15.048915 -41.647655 -102.757484
7.778999 9.368797 4.122941 10.883915 -35.557655 -99.60748
7.336058 9.342461 3.9074564 15.608915 -30.867657 -96.422485
6.6417184 9.313729 3.6871831 25.653915 -30.377655 -99.187485
6.4501762 9.148524 3.3208592 34.333916 -33.457653 -101.98748
6.282577 9.201198 3.0359404 38.288918 -33.492657 -100.062485
5.5523233 9.071907 3.459727 34.788914 -28.977655 -97.19248
4.9106574 8.985713 4.1085753 25.758915 -24.497656 -95.897484
4.8747435 8.887548 3.2681851 25.338915 -20.437656 -92.64249
5.3535986 9.296969 1.6017698 42.278915 -20.997654 -85.81748
5.0998054 9.366403 1.1899546 56.908913 -24.042656 -79.55248
4.271386 8.937828 1.4437478 47.983913 -26.142656 -80.46249
3.2179053 8.636149 2.126116 27.018915 -23.762655 -87.91748
2.413429 8.0375805 2.6887705 4.303915 -18.337654 -89.66748
1.5897985 8.073495 2.8803127 -8.226085 -14.137655 -71.67748
2.6839821 7.903501 2.6887705 0.628915 -19.282654 -55.99748
2.7318676 7.56112 2.4206119 10.008915 -23.832657 -50.53748
0.9433443 7.2809896 2.3272352 16.448915 -18.372656 -60.12748
0.27294734 7.637737 2.1668186 21.593914 -7.1726546 -56.06748
0.51716334 7.4845033 1.1947432 29.503918 -8.747656 -36.81748
1.0726352 7.580274 0.30167863 38.778915 -19.702654 -19.80748
2.7558103 7.57788 0.15083931 33.913914 -25.547655 -10.49748
1.9872481 7.7526617 0.44054657 19.353916 -25.792656 -22.08248
1.1612233 7.8197017 0.42139238 7.9439154 -18.617657 -43.047478
0.72785956 7.695199 0.43096948 1.048915 -18.302654 -54.282482
-0.009577099 7.431829 0.50998056 -2.276085 -28.277655 -57.85248
-0.81165916 7.637737 0.6344828 -4.131085 -30.062654 -54.91248
-0.04070267 7.5395713 0.7637737 -5.496085 -25.127657 -41.087482
0.5219519 7.5252056 1.063058 -6.3360853 -21.592655 -24.60248
-0.2466103 7.683228 0.7901107 -3.8510847 -16.027655 -19.10748
-0.028731298 7.781393 0.9624985 -2.311085 -6.962655 -15.922481
1.1205206 7.7718163 1.2258687 -3.501085 -5.877655 -0.27748
1.515576 7.699988 0.30886146 -0.106085 -8.607655 13.40752
0.76137936 7.728719 0.39266106 -1.611085 2.2423449 4.09752
-0.3232271 7.8292785 1.5299416 -21.211086 13.792345 -25.26748
-0.6344828 7.3408465 1.7813405 -33.811085 8.367345 -44.48248
-1.446142 7.1780357 1.1468576 -24.956085 -3.2876549 -48.85748
-2.5522969 7.1828246 0.7972935 -12.041085 -1.852655 -49.172478
-2.3966691 7.0726876 1.1564348 -11.586085 6.092345 -45.46248
-2.152453 7.2426815 1.0750294 -15.821085 10.677345 -33.70248
-2.52596 7.580274 0.70631105 -14.421085 13.512345 -24.28748
-2.3392065 7.640131 0.6105401 -10.116085 15.647346 -22.222479
-2.0518935 7.9322324 0.6847626 -6.126085 11.167345 -18.79248
-1.977671 8.212362 0.56744313 -4.2710853 4.832345 -12.49248
-2.135693 8.336864 0.32801566 -3.501085 5.287345 -8.81748
-2.1811843 8.535589 0.8379962 -5.356085 7.7723455 -10.602481
-1.934574 8.729526 0.90982443 -9.451086 3.607345 -10.18248
-1.6233183 8.79896 0.94573855 -7.7710853 -2.622655 -6.57748
-1.5754328 8.827691 0.9601042 -3.151085 -5.807655 -3.04248
-1.9034485 9.26345 1.3551595 -3.466085 -4.4426546 -4.7574797
-1.6185298 9.28021 1.1947432 1.1889149 -3.672655 -1.01248
-1.4581133 9.311335 0.94573855 8.503915 -7.802655 2.66252
-1.6137413 9.826104 1.0008069 9.903915 -8.257655 2.3825197
-1.1229149 9.885961 0.9313729 10.008915 -6.507655 3.99252
-1.0822122 9.931452 0.70631105 12.2839155 -5.8426547 4.30752
-1.1540405 10.017646 0.8092649 11.268915 -3.9526553 3.01252
-1.1468576 9.981731 1.0917894 8.153914 -3.1126552 2.03252
-1.23784 9.684841 0.8379962 10.113915 -2.587655 0.59752005
-1.838803 9.60583 0.6751855 13.928916 0.98234504 -0.20748
-1.9633054 9.445415 0.7134939 15.223916 3.082345 1.0175201
-2.0231621 9.526819 1.0008069 16.728914 -0.417655 5.35752
-1.3479767 9.754275 0.8475733 19.108915 -4.5126553 11.90252
-0.9624985 9.830893 0.4070267 23.798914 -5.5276556 18.727522
-1.0319325 9.931452 0.05985687 25.723915 -5.107655 16.452518
-1.0989721 10.0200405 0.5243462 17.848915 0.737345 9.2075205
-0.8739103 9.981731 0.62251145 7.5939155 7.4923453 7.10752
-0.95531565 9.90272 0.16759923 8.748915 8.437345 6.9675198
-1.132492 9.864412 0.0 13.1589155 7.3173447 3.1875203
-0.9194015 9.696813 0.21309046 9.973914 6.442345 -1.39748
-1.1899546 9.5794935 -0.07901107 5.388915 7.142345 -3.42748
-1.664021 9.519637 -0.37111259 4.7939153 12.042345 -6.5074797
-1.4820561 9.507666 -0.028731298 2.5189152 14.457345 -6.57748
-1.4150164 9.536397 0.17238778 -0.771085 10.257345 -3.74248
-1.4868447 9.653716 -0.31365 1.8889148 7.3173447 -1.64248
-1.3048798 9.668081 -0.42139238 7.7689157 5.917345 0.07252
-1.0247496 9.799767 -0.1987248 8.7839155 2.907345 2.5575202
-1.0199611 9.98652 -0.2944958 5.598915 1.577345 4.2725196
-0.967287 9.945818 -0.4189981 3.988915 3.152345 3.6775198
-0.8739103 9.763853 -0.31365 3.918915 3.467345 2.2775202
-1.0965779 9.737515 -0.4764607 2.868915 0.387345 0.45752
-1.2402344 9.613013 -0.45251793 0.663915 1.437345 -2.09748
-1.2617828 9.502876 0.0071828244 -3.396085 4.027345 -3.7774801
-1.333611 9.543579 0.021548472 -6.6510854 2.8723452 -3.9174802
-1.2593886 9.63935 -0.16041641 -4.866085 0.387345 -4.12748
-1.2641771 9.6585045 -0.26097596 -1.436085 0.037345003 -2.20248
-1.2186859 9.61062 -0.090982445 -0.351085 -0.97765505 -1.15248
-1.23784 9.620196 0.09577099 -2.346085 -1.1526549 -1.85248
-1.1803775 9.672871 -0.07901107 -4.5510855 0.387345 -1.57248
-1.1899546 9.768641 -0.12450229 -1.401085 1.052345 1.6825202
-1.132492 9.747093 -0.0023942748 -1.7860851 -0.87265503 2.0675201
-1.1396748 9.842864 0.15802214 -1.856085 -1.7126551 2.59252
-0.91700727 9.912297 0.0 0.418915 -2.447655 3.1875203
-0.9289786 9.962578 -0.16520496 2.098915 -2.377655 2.34752
-1.0774237 9.929058 0.06943397 -0.736085 0.632345 0.03752
-1.2569942 9.943423 0.2561874 -3.606085 3.3273451 -1.57248
-1.2641771 9.794978 -0.05027977 -1.401085 3.887345 -1.8174801
-1.3383996 9.749487 -0.09337672 1.8539151 1.787345 -0.69748
-1.664021 9.634562 -0.0071828244 2.0639153 -0.837655 -0.03248
-1.5993756 9.553157 0.071828246 1.293915 -1.2226549 1.0175201
-1.5562786 9.522031 0.14365649 1.328915 -1.572655 4.7275195
