1.8148603 9.93624 0.11253092 -2.65293 -1.2243001 -6.709045
1.6520497 9.9889145 0.24900457 -3.21293 -5.5643 -7.199045
1.664021 9.890749 0.6608198 -7.7279296 -3.5693002 -6.884045
1.7430321 9.881172 0.9481328 -12.52293 -0.3143 -5.694045
1.9154198 9.933846 0.77574503 -11.78793 2.0657003 -4.4690447
1.9680939 9.996098 0.4070267 -5.3129296 -0.034300003 -3.979045
1.7262721 9.897932 0.51716334 0.42707002 -4.0593 -5.764045
1.6424725 9.897932 0.6488485 -0.65792996 -3.8493 -9.019046
1.7095122 9.907509 0.51955765 -2.75793 -1.3643 -8.739045
2.0518935 9.859624 0.30646718 -1.77793 -0.6293 -6.289045
1.9561225 9.7135725 0.29928434 -0.34293002 -1.6093 -5.7990456
1.8004947 9.454991 0.117319465 0.112069994 -0.4543 -9.369045
1.5993756 8.844451 -0.46927786 3.01707 0.9457 -13.709045
1.5706443 8.262642 -1.036721 13.09707 -1.1193 -18.259047
0.93616146 7.7119594 -1.132492 12.53707 1.3306999 -18.994045
0.76616794 7.101419 -0.7709565 9.947071 7.8757 -17.244045
0.98404694 6.136526 -1.2474172 15.05707 14.8407 -11.084044
0.85954463 5.384724 -2.317658 32.20707 10.4307 -6.394045
0.8643332 4.764607 -3.241848 51.562073 -8.9243 -3.349045
0.9720756 4.35758 -3.5004299 60.13707 -28.664299 0.29095498
1.1085492 3.9505534 -3.6129606 55.02707 -37.799297 5.575955
1.2498114 3.7302802 -2.8707354 35.60207 -34.929302 15.760955
1.5634614 3.929005 -1.9968252 10.40207 -21.3843 33.365955
2.4708917 4.496448 -1.7310607 -1.39293 -12.5993 55.940956
3.0766432 5.0926223 -2.2625897 6.3070703 -25.6543 72.46096
3.859571 5.0136113 -2.9832664 18.34707 -49.8393 79.42596
3.7302802 5.296136 -2.308081 11.80207 -65.5193 86.49596
4.051113 5.621757 -0.3040729 -14.20293 -66.3943 97.69595
4.8316464 6.2251143 0.5027977 -37.127934 -63.664295 113.690956
5.9904757 6.960157 0.56265455 -41.817932 -60.444298 129.82596
7.0870533 7.762239 1.6568382 -37.02293 -57.8193 139.06596
7.151699 8.992896 2.4421604 -34.117928 -66.88431 141.93596
7.257047 10.0368 1.4581133 -22.60293 -70.9793 143.72095
7.80773 10.223554 0.014365649 -7.69293 -58.4143 150.12595
9.26345 10.5803 1.2498114 -12.382931 -43.224304 159.89095
9.553157 12.172493 2.0183737 -32.64793 -36.784298 166.43596
10.683254 13.439064 -0.5770202 -29.147932 -29.5393 159.33096
10.956202 13.791023 -2.4182177 -12.45293 -21.3843 144.91096
11.351257 14.722396 -0.5243462 -33.34793 -14.244301 134.72595
12.553183 15.802214 0.6656084 -86.96793 -1.8193 121.21596
12.761485 16.111074 0.10774237 -114.477936 13.8607 100.565956
12.198831 15.706443 -0.31604427 -110.62793 17.4657 66.09095
11.925883 14.700848 0.40463245 -112.13293 9.3457 26.505955
11.849266 13.692858 1.2905141 -126.79794 3.6057 -4.644045
11.300977 12.763879 1.8579572 -138.94293 9.905701 -30.124048
11.006481 12.277842 2.0494993 -130.89294 20.0207 -54.16905
11.018453 12.387978 2.020768 -105.272934 16.065699 -74.154045
11.090281 12.493326 1.3719195 -75.76793 4.7957 -89.13405
10.79818 12.122213 0.64166564 -50.252934 1.5757 -100.684044
10.515655 11.595473 0.6847626 -26.45293 -5.0393 -123.39905
9.98652 10.984933 1.6137413 -28.27293 -9.6943 -133.44406
9.313729 10.206794 2.578634 -26.38293 -14.2793 -141.73904
8.925857 9.632168 2.5858169 -15.91793 -21.4193 -145.27405
8.308133 8.942616 2.4996228 -6.1179304 -28.734303 -145.72903
7.127756 8.0926485 2.8635526 -3.5979302 -32.864304 -144.50404
6.028784 7.927444 3.0167863 -2.86293 -33.3893 -140.30405
6.0311785 7.8627987 2.3870919 0.28707004 -32.584297 -126.09405
6.1987777 7.4007034 1.8651401 0.53207 -33.0043 -110.764046
5.933013 6.9577627 2.2003386 -6.60793 -32.9693 -111.569046
4.2570205 6.651295 2.5594797 -13.712931 -35.2793 -121.719055
2.8898897 6.6872096 3.0766432 -12.80293 -41.2643 -124.309044
2.3655436 6.2059603 3.162837 -7.16793 -45.1143 -117.27405
2.0375278 5.94259 2.52596 2.66707 -46.1993 -102.64405
2.5594797 5.9114647 2.2554069 11.452069 -42.1743 -82.44904
2.8348215 5.8061166 2.2123098 15.022069 -41.019302 -63.969044
2.3416007 5.5882373 1.8699286 17.542068 -42.6293 -53.679047
1.4126221 5.2937417 1.6305012 13.342071 -34.964302 -46.294044
1.1444633 5.2410674 2.6696165 -4.2979302 -12.3193 -33.589046
2.1141446 4.9561486 3.6392977 -21.79793 6.6857 -16.719046
2.7510219 5.5188036 3.5674694 -19.17293 5.6357 -7.3740454
2.063865 6.531582 3.0287576 1.54707 -15.2943 -19.519045
1.838803 6.318491 2.4182177 20.90207 -32.2693 -40.904045
0.47885495 5.837242 1.6233183 28.952072 -34.4043 -56.79405
-1.089395 5.5307746 1.5371244 26.60707 -23.6943 -71.45905
-2.5522969 5.652883 1.9752767 15.96707 -9.3093 -75.41405
-2.5187771 6.081458 2.2985039 6.4820704 -3.4293 -62.569046
-1.2091088 5.8587904 2.0255566 6.02707 -6.6493 -36.249046
-0.8356019 6.5459476 2.2170985 9.70207 -15.6443 -15.039045
-1.6759924 7.0774765 2.4014575 13.02707 -22.3293 -10.734045
-1.5969813 7.326481 2.1979442 16.457071 -26.319302 -14.199044
-0.7733508 7.573091 1.7166951 21.77707 -27.2993 -7.094045
-0.4189981 7.9322324 1.0008069 24.92707 -23.1343 3.615955
-0.91461295 8.262642 1.228263 22.33707 -16.4143 3.090955
-1.1540405 8.415876 1.3982565 13.48207 -11.654301 -3.9440448
-1.23784 8.504464 1.2234744 6.23707 -10.569301 -4.504045
-1.0032011 8.636149 1.3575538 5.15207 -9.3443 -1.9490451
-0.6943397 8.9186735 1.3168511 5.32707 -7.6293 2.0759552
-0.5458947 8.942616 1.0774237 6.6570697 -3.4643002 5.330955
-1.0750294 9.203592 0.91461295 8.58207 1.2957 4.245955
-1.0079896 9.294575 0.5985687 10.647071 0.5957 1.6559551
-0.67279124 9.282603 0.28731298 14.74207 -6.6143003 9.040955
-0.40223816 9.557945 0.2083019 11.27707 -5.9493003 10.895955
-0.3974496 9.775824 0.14844504 4.59207 -1.8893001 10.790956
-0.3998439 9.866806 0.4285752 0.84707004 -2.9393003 10.195955
-0.19393626 9.91948 0.4956149 1.9320699 -11.374299 10.265954
0.098165266 10.024829 0.5818088 2.84207 -16.7993 10.055955
0.5363176 10.029617 0.80208206 -1.3229301 -12.3193 10.265954
0.36392978 9.981731 0.9984126 -6.9229302 -7.0343 8.165955
0.052674048 10.149331 0.9217958 -6.88793 -7.1043005 3.8259552
0.31843856 10.206794 0.47167215 -3.28293 -9.7643 3.3359551
0.54350036 10.08708 0.5985687 -6.18793 -4.5143 4.2809553
0.22027329 10.00328 1.2881198 -13.74793 6.1607 1.410955
-0.10774237 9.914692 1.4796618 -14.23793 9.4507 -3.174045
-0.16281068 9.857229 1.1109436 -5.2779303 1.6807001 -4.9940453
-0.019154198 9.842864 0.7541966 3.29707 -3.7793 -2.964045
-0.026337024 9.749487 0.99362403 3.12207 -0.4193 0.115955
-0.11971374 9.895537 1.2929084 -1.2879299 6.1257 1.3759551
0.17478207 9.9889145 1.1684061 0.53207 6.2307 2.8459551
0.29928434 9.926663 0.43096948 9.00207 7.0000003E-4 3.8609548
0.16281068 9.945818 0.35914123 12.99207 -2.0293002 2.1109552
0.105348095 9.871595 0.7972935 7.1470704 1.1207001 -0.059045
0.25379312 9.885961 0.89545876 0.81207 3.9557002 -0.23404503
0.12450229 9.850046 0.5698374 2.80707 1.6107 0.18595499
-0.0071828244 9.804555 0.45730647 7.1470704 -1.9592999 -1.7740451
-0.15083931 9.794978 0.44772938 6.83207 -1.5043 -2.9990451
-0.062251143 9.80695 0.55307746 3.89207 2.3807 -1.879045
0.16520496 9.75667 0.29689008 3.4370701 2.5557 0.57095504
0.31604427 9.768641 0.23224466 5.60707 -2.9043 1.235955
0.3328042 9.624985 0.4070267 4.0320697 -4.2343 -0.024045
0.021548472 9.560339 0.3328042 -0.72793 -1.8542999 -2.9990451
-0.4644893 9.500483 0.4189981 -3.94793 2.4157 -5.204045
-0.6464542 9.613013 0.7302538 -7.83293 5.7057 -6.674045
-0.44054657 9.62259 0.87630457 -11.19293 8.8207 -5.414045
-0.16520496 9.727939 0.8379962 -9.05793 7.3857 -1.4240451
-0.11013664 9.907509 0.86912173 -3.94793 1.9257001 1.970955
0.21309046 10.0368 0.71828246 0.18207 -0.2793 3.2309551
0.23942748 10.010463 0.50998056 3.26207 -1.3643 3.7209551
0.023942748 9.962578 0.50758624 4.94207 -3.7093003 1.0259551
-0.15323359 9.914692 0.71588814 -4.01793 3.9557002 -3.559045
-0.11492519 9.766247 1.0247496 -7.06293 6.3007 -1.354045
-0.2777359 9.761458 1.0870007 -4.1579304 3.5707002 -0.549045
-0.26097596 9.847652 0.9289786 2.42207 -1.3643 -0.409045
-0.098165266 9.873989 0.7206767 7.9170704 -5.8093 0.57095504
0.035914123 9.792584 0.7206767 9.457069 -6.5793 2.775955
0.06464542 9.749487 0.6273 9.07207 -5.2143 2.880955
0.105348095 9.830893 0.4189981 8.302071 -3.0443 1.6559551
0.18435916 9.869201 0.5123748 6.6920705 -1.1543001 0.92095506
0.028731298 9.692024 0.42139238 5.6420703 -1.2593 -0.96904504
-0.22745611 9.617802 0.34716985 5.46707 -1.1893 -3.8040452
-0.37590113 9.57231 0.28731298 3.8220701 0.0707 -3.419045
-0.35674694 9.490906 0.32083282 1.72207 1.0857 -1.214045
-0.28013015 9.584282 0.50758624 0.32207 0.8057 1.235955
-0.105348095 9.656111 0.50998056 0.42707002 7.0000003E-4 2.775955
-0.0670397 9.696813 0.45012367 2.0720701 -1.4693 2.810955
-0.14365649 9.711179 0.37829542 3.4370701 -2.2393 1.690955
-0.083799616 9.75667 0.17957062 4.34707 -1.9592999 1.5859551
