1.42 9.46 -0.84 16.615776 4.0107045 -17.761692
0.03 9.2699995 0.089999996 2.8647888 -7.448451 -16.042818
0.34 8.88 1.18 15.469859 -34.950428 0.57295775
0.81 8.67 0.87 26.356058 -22.91831 4.583662
1.55 8.69 -0.31 21.772396 1.1459155 5.15662
1.93 8.33 -0.93 7.448451 13.178029 -3.4377468
1.43 7.81 -0.77 -0.57295775 10.886198 -2.8647888
1.13 7.37 -0.26999998 2.8647888 3.4377468 0.57295775
1.6899999 6.0299997 -1.1 21.199438 -9.167324 9.740283
1.81 5.04 -2.31 22.91831 -9.740283 13.750987
1.37 4.12 -3.1499999 14.323945 -9.167324 17.761692
1.29 3.1999998 -3.6699998 0.0 -18.334648 28.07493
1.3 2.47 -3.4499998 -14.896902 -32.085636 41.825916
1.25 2.4199998 -2.59 -24.637184 -39.53409 54.43099
1.4399999 2.76 -1.41 -12.605071 -51.5662 76.203384
2.7 2.97 -1.28 0.0 -62.4524 91.67324
4.87 2.76 -2.6599998 -7.448451 -60.160564 96.256905
4.3399997 2.97 -3.37 -30.939718 -44.69071 92.81916
3.54 4.0899997 -1.8199999 -41.825916 -57.29578 104.85127
5.5099998 4.4 -0.66999996 -37.242256 -77.349304 120.32113
7.6699996 5.16 -1.1999999 -55.00395 -67.03606 111.15381
6.0 7.0299997 1.42 -67.60902 -60.733524 110.58085
7.64 9.01 2.8 -50.993244 -65.317184 127.19663
11.28 10.16 1.01 -33.80451 -76.203384 127.76959
10.41 9.96 -0.71999997 -53.858032 -69.900856 97.97578
7.47 11.69 1.54 -93.39212 -58.441692 89.38142
8.41 14.15 4.9 -107.716064 -71.61973 100.26762
11.7 15.03 6.21 -100.84057 -64.17127 75.057465
10.92 15.599999 7.21 -91.67324 -40.107044 43.544792
8.08 16.55 9.29 -57.29578 -39.53409 33.231552
7.98 16.56 8.429999 -13.178029 -44.69071 28.07493
8.559999 15.839999 4.8599997 0.57295775 -35.523384 14.323945
8.47 15.49 1.8199999 -14.896902 -24.637184 0.0
9.01 14.929999 0.35 -23.49127 -14.896902 -13.178029
9.36 14.32 -0.32999998 -29.793804 -13.750987 -29.793804
8.96 13.53 -1.0 -22.345354 -25.210142 -43.544792
8.809999 13.25 -2.49 -10.31324 -36.669296 -49.27437
9.62 12.929999 -3.82 -10.31324 -45.83662 -52.139156
9.73 12.599999 -3.97 -15.469859 -55.576904 -61.30648
9.82 12.19 -3.51 -6.8754935 -75.630424 -63.598316
10.09 11.429999 -3.32 5.7295775 -93.96508 -67.03606
10.16 10.929999 -3.6499999 10.31324 -106.57015 -70.47381
10.639999 10.559999 -4.0699997 -0.57295775 -108.86198 -77.349304
10.929999 10.2699995 -2.84 -10.886198 -95.68395 -89.38142
10.46 10.79 0.81 -0.57295775 -82.50592 -99.69466
10.13 10.09 1.11 3.4377468 -92.81916 -110.58085
8.87 8.66 1.41 -3.4377468 -101.41353 -120.89409
6.93 7.27 2.75 -10.31324 -92.81916 -123.18592
5.58 6.46 3.8 -3.4377468 -95.11099 -110.0079
5.37 5.94 3.48 6.8754935 -97.97578 -92.81916
4.5299997 5.48 3.07 1.1459155 -86.516624 -80.78705
3.8799999 4.94 3.56 -4.0107045 -85.94367 -69.900856
3.3 4.27 3.26 -16.042818 -76.77634 -61.30648
2.71 3.8799999 3.56 -25.7831 -70.47381 -55.576904
1.68 3.51 3.1699998 -33.231552 -61.30648 -49.84733
1.02 3.3899999 3.6499999 -33.80451 -61.879436 -37.815212
0.77 4.19 3.21 -29.220846 -55.576904 -31.51268
0.39999998 4.71 3.62 -28.07493 -50.420284 -29.793804
0.47 5.41 3.8 -16.042818 -50.420284 -25.7831
1.0699999 5.8399997 2.54 -5.15662 -48.701412 -23.49127
0.45 6.37 1.92 -13.178029 -34.950428 -29.220846
-0.28 6.5 2.6399999 -21.772396 -18.334648 -34.950428
-0.94 6.48 1.91 -16.042818 -10.31324 -26.929016
-0.97999996 6.5699997 1.0699999 -22.91831 -9.740283 -18.907606
-1.04 7.23 1.64 -20.62648 -12.032113 -12.032113
-0.78 7.96 1.8199999 -12.605071 -17.761692 -4.583662
-0.049999997 8.41 1.49 -9.740283 -18.334648 -2.8647888
0.04 8.73 1.51 -10.886198 -10.886198 -5.7295775
0.31 9.139999 1.4699999 -17.188732 -1.7188734 -4.0107045
0.51 8.76 1.42 -18.334648 4.583662 -9.167324
-0.53 8.59 1.42 -14.896902 8.021409 -12.605071
-1.05 8.639999 1.64 -10.31324 0.57295775 -5.7295775
-0.77 8.9 1.62 -4.0107045 0.0 2.8647888
-0.03 9.29 1.24 2.291831 3.4377468 8.594366
0.77 9.45 0.59999996 2.291831 1.7188734 4.583662
0.34 9.809999 0.52 -2.291831 8.021409 0.57295775
0.06 10.21 0.38 -4.583662 5.7295775 1.7188734
0.66999996 10.0199995 0.17999999 -8.021409 1.1459155 -0.57295775
0.87 9.809999 -0.08 -16.615776 5.15662 -6.3025355
-0.08 9.73 0.38 -22.91831 10.886198 -7.448451
0.37 9.83 1.41 -8.594366 1.1459155 0.0
0.48 9.88 1.15 -1.7188734 0.57295775 -0.57295775
0.24 9.84 1.04 -1.7188734 1.7188734 -2.291831
0.02 9.78 1.3399999 -0.57295775 4.583662 -1.7188734
0.0 9.889999 0.9 5.15662 8.021409 1.1459155
0.41 9.87 0.29999998 5.7295775 8.021409 2.291831
0.58 9.76 0.39 2.291831 0.57295775 -0.57295775
0.17999999 9.66 0.57 3.4377468 -0.57295775 -1.1459155
-0.01 9.809999 0.35999998 1.1459155 1.7188734 1.1459155
0.57 9.71 -0.26999998 -6.3025355 7.448451 0.0
0.79999995 9.69 -0.55 -17.188732 10.31324 -5.15662
0.48999998 9.8 -0.26999998 -24.637184 6.8754935 -8.021409
0.55 9.99 0.42999998 -25.7831 -2.8647888 -10.886198
-0.14999999 9.65 1.4499999 -22.91831 0.0 -13.178029
-0.37 9.559999 1.68 -19.480566 3.4377468 -8.021409
-0.089999996 9.41 1.93 -14.323945 1.7188734 -3.4377468
-0.06 9.48 2.09 -6.3025355 -0.57295775 -1.1459155
0.22999999 9.599999 1.68 2.291831 -1.7188734 0.0
-0.06 9.51 1.17 3.4377468 -2.291831 -0.57295775
-0.14999999 9.53 1.3399999 2.291831 -2.291831 1.1459155
-0.099999994 9.57 1.37 4.0107045 -1.7188734 3.4377468
0.39 9.66 0.98999995 1.7188734 -2.291831 2.291831
0.35999998 9.53 0.78 -4.0107045 0.0 -0.57295775
-0.06 9.59 1.25 -5.7295775 0.57295775 -2.291831
-0.42 9.51 1.4599999 -0.57295775 -4.0107045 4.0107045
0.59 9.639999 1.53 0.0 -3.4377468 4.0107045
0.14 9.65 1.7199999 0.57295775 2.8647888 0.57295775
-0.099999994 9.63 1.55 4.583662 0.0 0.57295775
0.38 9.7 1.55 5.7295775 -0.57295775 2.8647888
0.41 9.86 1.2099999 8.021409 1.1459155 0.57295775
0.06 9.73 0.69 8.021409 0.57295775 0.0
0.01 9.559999 0.62 1.1459155 -4.0107045 0.0
0.13 9.57 0.76 -6.3025355 1.1459155 0.0
0.14999999 9.66 1.3299999 -6.8754935 1.7188734 0.0
0.21 9.559999 1.56 -1.1459155 -2.291831 0.0
0.089999996 9.58 1.62 3.4377468 -4.583662 0.57295775
0.099999994 9.61 1.49 4.583662 -4.0107045 0.57295775
0.07 9.62 1.11 -3.4377468 4.583662 0.0
0.07 9.58 1.7099999 -3.4377468 1.7188734 0.57295775
0.37 9.599999 1.67 2.291831 -2.8647888 0.57295775
0.06 9.5 1.06 5.7295775 -1.7188734 -1.1459155
-0.11 9.5199995 0.85999995 1.1459155 -1.1459155 0.57295775
0.21 9.57 1.3399999 -2.291831 -1.1459155 1.7188734
0.41 9.59 1.52 -0.57295775 0.0 0.57295775
-0.04 9.55 1.4399999 1.7188734 0.0 0.57295775
-0.11 9.5 1.23 2.291831 -2.8647888 4.583662
0.16 9.599999 1.12 0.0 -0.57295775 5.15662
0.24 9.73 0.9 -4.583662 1.7188734 4.583662
0.24 9.84 0.82 -9.740283 0.57295775 3.4377468
0.52 9.98 2.04 -7.448451 0.0 1.1459155
0.52 9.929999 1.76 1.1459155 -1.7188734 0.0
0.25 9.809999 1.1999999 4.0107045 -1.7188734 -1.7188734
0.089999996 9.75 1.4 0.57295775 -1.1459155 0.0
0.42 9.7699995 1.7199999 1.1459155 -2.8647888 1.1459155
0.47 9.7699995 1.4599999 2.291831 0.0 -0.57295775
0.24 9.73 1.04 -1.7188734 1.7188734 -1.7188734
0.32999998 9.65 1.28 -2.8647888 -1.1459155 -2.291831
0.17 9.59 1.65 0.0 -1.7188734 -1.7188734
0.089999996 9.5 1.5999999 3.4377468 -3.4377468 -0.57295775
0.13 9.44 1.38 2.8647888 -2.291831 0.57295775
0.29999998 9.59 1.56 2.291831 -0.57295775 0.0
0.32 9.679999 1.36 0.57295775 1.7188734 -1.1459155
0.099999994 9.5 1.23 1.1459155 -0.57295775 -2.291831
0.04 9.38 1.3399999 0.0 -2.8647888 -1.1459155
0.19 9.45 1.62 0.0 -1.1459155 0.0
0.08 9.49 1.51 1.7188734 0.0 0.0
