1.17 10.17 1.09 44.69071 32.085636 -5.15662
1.5899999 10.0 -0.24 55.576904 -8.021409 0.57295775
2.07 9.88 -1.76 42.971836 -12.032113 0.57295775
1.51 10.13 -2.0 22.345354 -19.480566 6.3025355
1.54 10.5199995 -0.97999996 9.740283 -28.07493 6.3025355
1.93 10.04 -0.65999997 5.15662 -2.8647888 -0.57295775
1.52 9.889999 -0.89 -2.291831 13.178029 -8.594366
0.75 9.599999 -0.29 -12.032113 9.167324 -12.032113
0.71 9.34 0.08 -9.740283 6.3025355 -5.7295775
1.41 9.22 -0.04 -3.4377468 -3.4377468 -2.8647888
1.48 8.88 0.01 -2.291831 -8.021409 -5.7295775
1.37 8.62 -0.02 -4.583662 4.0107045 -4.583662
1.37 8.53 -0.32999998 -8.594366 9.740283 -4.0107045
1.4499999 8.059999 -0.58 -10.31324 2.8647888 -4.583662
1.4399999 7.37 -0.63 -4.583662 -5.7295775 -5.15662
1.09 6.6099997 -0.82 5.15662 -13.750987 -0.57295775
1.12 6.3199997 -1.55 14.323945 -20.62648 9.167324
2.4099998 5.39 -3.6899998 12.032113 -26.356058 16.042818
2.36 4.4 -4.43 1.7188734 -29.220846 17.761692
1.81 3.6799998 -4.14 -4.583662 -37.815212 22.345354
1.65 3.22 -3.1499999 -0.57295775 -55.00395 34.377464
2.23 3.01 -2.4299998 9.740283 -70.47381 48.128452
3.06 2.78 -2.33 14.896902 -75.057465 61.30648
3.12 2.8799999 -1.7199999 0.0 -68.18198 79.06818
3.3 3.3 -0.75 -4.583662 -61.30648 96.256905
4.58 3.47 -0.53999996 -1.7188734 -70.47381 107.143105
5.41 3.7099998 -0.37 -5.7295775 -73.91155 105.997185
4.08 4.73 -0.13 -14.323945 -57.868736 115.16451
5.16 5.94 -0.32999998 -28.64789 -75.057465 135.21803
8.099999 6.67 -1.29 -54.43099 -81.93296 126.05072
7.31 8.45 1.4499999 -81.93296 -66.463104 116.31043
8.889999 10.16 3.3 -91.67324 -60.733524 115.16451
8.97 10.59 4.31 -92.81916 -60.733524 107.716064
8.3 12.07 5.5299997 -81.36001 -53.858032 104.85127
9.0199995 14.349999 5.9 -58.441692 -52.712116 92.81916
9.599999 15.44 4.62 -52.139156 -42.398876 75.057465
9.929999 16.119999 4.0099998 -44.69071 -37.815212 56.72282
9.17 16.47 3.4199998 -36.669296 -38.961132 37.815212
8.2699995 16.64 1.77 -44.69071 -29.793804 26.929016
8.059999 16.19 0.98999995 -60.733524 -24.064226 16.042818
9.07 15.61 2.1699998 -48.128452 -28.64789 -1.1459155
8.79 14.88 0.74 -26.929016 -24.637184 -16.042818
8.679999 14.0199995 -0.56 -10.31324 -32.658592 -26.356058
9.01 13.73 -1.8 4.583662 -40.680004 -31.51268
9.61 13.469999 -3.76 10.886198 -48.128452 -38.961132
9.44 12.46 -5.22 -1.7188734 -55.576904 -50.420284
8.72 11.86 -4.65 -25.210142 -61.879436 -57.29578
9.05 12.28 -3.48 -22.345354 -75.630424 -57.29578
10.03 11.969999 -3.3799999 -17.188732 -90.52733 -65.890144
10.55 11.509999 -3.4299998 -17.761692 -97.97578 -77.922264
9.969999 11.07 -2.54 -19.480566 -104.27831 -87.089584
9.57 10.929999 -2.07 -25.210142 -108.289024 -90.52733
9.03 9.599999 -0.01 -41.825916 -112.29972 -96.256905
8.47 9.15 1.1899999 -44.69071 -111.15381 -95.68395
7.8799996 8.57 1.4399999 -48.701412 -107.143105 -93.96508
7.17 7.6099997 1.35 -64.74423 -98.54874 -92.81916
6.3599997 6.48 1.9699999 -87.089584 -86.516624 -91.10028
5.67 5.43 3.6699998 -99.1217 -82.50592 -88.80846
4.63 4.89 5.1099997 -75.630424 -92.81916 -73.33859
4.96 4.75 5.4 -41.825916 -89.38142 -62.4524
5.5299997 3.9599998 4.91 -11.459155 -72.19268 -72.76564
4.58 3.6299999 4.23 8.021409 -55.576904 -81.93296
3.1899998 3.83 4.3199997 21.199438 -51.5662 -84.22479
1.86 4.0 3.82 29.220846 -50.993244 -76.77634
0.66999996 3.21 1.5899999 20.053522 -38.38817 -68.75493
-0.38 3.4399998 1.6999999 2.291831 -32.658592 -60.733524
-0.90999997 4.12 2.52 -11.459155 -41.25296 -43.544792
-0.97999996 4.87 3.06 -12.032113 -41.825916 -25.7831
0.02 5.62 2.82 0.0 -32.658592 -18.334648
0.22 6.3399997 2.1299999 6.8754935 -22.91831 -19.480566
-0.14 6.5899997 1.35 2.8647888 -15.469859 -18.334648
-0.83 6.74 1.14 -0.57295775 -18.334648 -15.469859
-1.0699999 7.3999996 1.1 -2.8647888 -18.907606 -6.8754935
-0.59 7.8599997 0.76 -13.178029 -11.459155 0.57295775
0.049999997 8.2699995 0.53 -32.085636 -5.15662 0.0
0.11 8.71 1.51 -42.971836 -7.448451 -5.15662
-0.25 9.11 3.06 -21.772396 -9.167324 -3.4377468
-0.099999994 8.84 2.32 -2.8647888 0.57295775 -1.7188734
0.0 9.01 2.01 4.0107045 1.1459155 -1.1459155
0.14999999 9.22 1.9699999 5.15662 -4.0107045 -0.57295775
0.049999997 9.28 1.6899999 6.3025355 1.1459155 -1.7188734
-0.24 9.25 1.36 5.7295775 7.448451 0.0
-0.84999996 9.49 1.04 -1.7188734 12.605071 9.167324
0.16 9.929999 1.18 -2.8647888 4.0107045 13.750987
0.90999997 10.0199995 1.25 4.0107045 0.0 6.8754935
0.90999997 10.23 1.31 13.178029 -0.57295775 0.0
0.42 10.11 0.78 16.042818 0.0 -2.8647888
0.14999999 9.96 -0.01 0.0 6.8754935 -1.1459155
0.07 9.71 0.16 -16.042818 7.448451 -0.57295775
0.13 9.83 1.11 -17.761692 4.0107045 1.1459155
0.58 9.99 1.24 -5.15662 0.57295775 2.8647888
0.78999996 9.92 0.59999996 5.15662 0.0 0.0
0.45 9.79 0.34 5.7295775 1.7188734 -3.4377468
0.17999999 9.88 0.72999996 0.0 0.0 -1.7188734
0.44 9.809999 0.81 1.7188734 3.4377468 0.0
0.5 9.7 0.52 3.4377468 5.15662 -1.1459155
0.47 9.719999 0.45 2.291831 1.1459155 -2.291831
0.38 9.66 0.61 1.1459155 1.1459155 -1.7188734
0.32999998 9.73 0.69 2.8647888 2.8647888 -1.7188734
0.26999998 9.5 0.45999998 1.7188734 1.7188734 -0.57295775
0.26 9.74 0.58 0.57295775 1.7188734 0.0
0.41 9.65 0.35 1.1459155 1.1459155 -1.1459155
0.48 9.55 0.29 1.1459155 0.0 -2.291831
0.55 9.559999 0.53 -0.57295775 0.57295775 -4.0107045
0.049999997 9.38 0.7 -2.8647888 4.0107045 -6.3025355
-0.08 9.48 0.71 -1.7188734 0.0 -0.57295775
0.089999996 9.429999 0.51 -2.8647888 0.0 0.57295775
0.19999999 9.4 0.53999996 -6.3025355 0.0 1.7188734
0.19 9.59 1.06 -5.7295775 0.0 2.291831
0.41 9.809999 1.17 -1.1459155 3.4377468 2.8647888
0.56 9.74 0.96999997 2.291831 2.291831 0.57295775
0.45999998 9.49 0.55 6.3025355 -4.0107045 -1.7188734
0.13 9.37 0.48 0.57295775 0.0 -1.1459155
-0.12 9.389999 1.01 -6.3025355 4.0107045 0.57295775
-0.08 9.75 1.64 -2.8647888 3.4377468 6.3025355
0.71999997 10.03 1.38 13.178029 -5.15662 8.594366
0.87 10.17 0.45 23.49127 -6.8754935 3.4377468
0.55 10.24 -0.099999994 8.594366 0.0 -1.1459155
0.32999998 10.05 -0.03 -5.15662 3.4377468 -0.57295775
0.47 10.01 0.53 -9.167324 5.15662 0.0
0.48999998 9.9 0.84999996 -3.4377468 5.15662 -2.291831
0.37 9.78 0.68 5.15662 -1.1459155 -2.8647888
0.48 9.75 0.44 9.740283 -2.8647888 -3.4377468
-0.04 9.5 0.089999996 0.0 0.0 -4.0107045
0.099999994 9.599999 0.53 -5.7295775 0.0 0.0
0.56 9.65 0.81 -5.15662 -0.57295775 1.1459155
0.48 9.66 0.61 -1.1459155 0.57295775 -1.7188734
0.29999998 9.429999 0.48999998 -0.57295775 -2.291831 -3.4377468
0.19999999 9.309999 0.78 -2.8647888 -2.8647888 -3.4377468
-0.17999999 9.24 1.04 -2.8647888 0.57295775 -0.57295775
-0.02 9.349999 1.22 1.1459155 0.0 1.7188734
0.29999998 9.53 1.03 5.15662 0.0 3.4377468
0.53999996 9.61 0.62 6.3025355 0.0 0.0
