1.498816 9.912297 0.15562786 -0.71886504 6.9435453 3.9630153
1.324034 9.945818 -0.10055954 0.611135 -0.441455 -0.166985
1.462902 9.931452 -0.12929083 -1.523865 2.2185452 -0.69198495
1.2138973 9.953 0.052674048 -3.483865 4.5985446 -1.251985
1.1540405 9.941029 0.13886794 -2.7138648 4.8435454 -1.881985
1.2593886 9.883567 0.023942748 -0.788865 3.6535451 -1.846985
1.2450229 9.953 0.0047885496 0.611135 3.0585449 -2.3369849
1.2067145 10.0368 -0.22266756 2.501135 3.408545 -2.476985
1.2857256 10.029617 -0.17717634 2.3961349 3.0585449 -3.071985
1.1708003 10.05356 -0.08619389 0.15613501 2.813545 -4.296985
1.211503 10.091868 -0.117319465 -1.0688651 3.198545 -4.681985
1.1348863 10.05356 0.031125572 -1.803865 3.583545 -5.0319853
0.9074302 10.000886 0.42139238 -3.728865 5.0535445 -6.081985
0.9433443 10.034406 0.38547826 -2.398865 5.8935447 -6.326985
1.2857256 10.017646 -0.1699935 4.916135 4.4935446 -5.241985
1.2833313 10.0200405 -0.50998056 11.286136 2.7785451 -4.786985
1.0032011 9.948212 -0.18914771 9.5711355 1.9035451 -7.306985
0.6943397 9.948212 0.08619389 3.621135 2.813545 -9.091985
0.845179 9.938635 -0.026337024 0.751135 5.1585445 -7.7269855
0.9960183 10.072714 -0.2370332 1.556135 7.083545 -5.346985
0.9960183 9.929058 -0.31365 3.831135 5.8585453 -6.326985
0.6105401 9.735122 -0.6368771 5.756135 3.9685447 -10.211985
-0.1340794 9.507666 -1.3455825 8.871135 3.303545 -13.326985
-0.63208854 9.222747 -1.8627458 10.131135 5.1585445 -13.816985
-0.81644773 8.461368 -2.1117504 5.546135 7.888546 -11.191985
-1.0846065 7.946598 -1.4485363 -3.658865 9.988544 -7.026985
-0.9577099 7.702382 -1.2809371 -9.328865 4.143545 -4.681985
-0.2083019 7.4892917 -1.2641771 -5.723865 -2.331455 0.673015
0.6440599 7.1732473 -1.5275474 2.291135 -6.2864547 10.053015
0.7446195 6.7734036 -2.099779 13.106135 -11.011456 13.308015
0.69673395 6.3208857 -2.7031362 25.531136 -14.791456 10.018015
0.85954463 5.724711 -3.1293173 33.966137 -21.616455 7.3230147
0.91700727 5.0591025 -3.1388943 34.211132 -25.851456 9.0030155
1.2809371 4.4749 -2.4517374 24.656136 -23.611456 13.553016
1.1660118 4.0104103 -1.951334 10.726135 -21.861456 21.743015
1.4054393 3.9697077 -1.908237 4.706135 -18.851456 28.918013
2.0758362 4.0463243 -2.5092 13.491135 -25.431456 37.353016
2.8348215 4.539545 -2.351178 25.251137 -36.001457 46.033016
3.047912 5.2434616 -1.8866886 25.811134 -38.976456 51.353012
1.5514901 5.686403 -1.9968252 12.791135 -25.676455 50.478016
2.7390504 7.103813 -1.9130256 9.3611355 -41.636456 64.583015
4.07745 8.332076 -2.1716073 0.47113502 -57.036453 85.863014
4.869955 8.913885 -1.3671309 -24.343866 -41.181458 90.93802
4.7191157 8.92825 1.0199611 -51.468864 -30.716454 82.60802
3.7781656 9.29218 2.2314641 -56.263863 -27.076456 72.03801
4.7693954 10.000886 1.8292259 -24.973866 -43.52645 76.903015
6.5004563 10.63058 -0.48843205 22.486135 -60.501453 89.11802
6.665661 10.896344 -0.749408 37.011135 -55.286453 89.78302
5.499649 12.117425 -0.24421602 17.166136 -46.081455 78.26801
6.261029 13.838908 -1.1971374 3.131135 -36.736454 72.91302
7.0894475 13.463007 -2.779753 11.916136 -33.761456 79.388016
6.610593 12.914719 -2.2458298 14.541135 -48.251457 76.44801
5.427821 11.492519 -1.3072741 -4.6038647 -55.461452 63.53302
5.4110613 11.049579 -1.4078336 -25.428864 -49.301456 58.42302
6.0048413 10.829305 -1.9704882 -35.613865 -44.821457 66.403015
6.2921543 12.546 -0.7350424 -48.248867 -40.131454 77.98802
7.534783 14.602682 0.13647367 -70.438866 -36.946453 91.74301
9.160496 16.45585 -0.74701375 -81.81387 -30.856455 101.71802
10.527626 15.036046 -2.2170985 -88.91887 -25.746454 99.26801
9.634562 13.355265 0.9385557 -124.86386 -20.181456 71.863014
8.162083 11.166898 3.0622776 -177.57387 -2.7864552 26.888014
7.187613 10.934653 1.4509305 -175.92886 -3.381455 -6.816985
7.2953553 10.984933 -1.2953026 -121.39886 -4.781455 -24.666986
7.2019787 11.502096 -2.5618742 -69.563866 7.9935455 -35.096985
6.30652 12.634588 -1.6352897 -58.993866 6.313545 -42.83198
5.8013277 13.609058 -1.611347 -62.458862 2.113545 -54.206985
6.7470665 14.904361 -2.4110348 -52.973866 3.163545 -53.821987
9.229929 15.668135 -2.0423164 -43.768867 4.773545 -42.796986
9.522031 15.613066 -0.047885496 -52.588867 -5.3764553 -46.891987
8.652909 14.992949 1.6544439 -62.70387 -18.956455 -77.06198
7.6521025 14.29382 1.9585168 -54.688866 -24.766455 -110.556984
7.597034 13.374419 2.047105 -32.14887 -23.856455 -127.63698
7.4533772 12.49572 2.7294734 -13.703865 -26.376455 -131.41699
7.1397276 11.810958 3.213117 -4.7788653 -31.381454 -129.59698
6.421445 11.171686 3.2490308 5.126135 -27.846457 -125.746994
5.6552773 10.254679 3.2107224 17.481134 -24.556456 -120.706985
5.516409 8.961771 2.6600394 28.331135 -20.986454 -112.41199
5.576266 8.200391 2.6432793 36.941135 -17.626455 -93.33699
5.1237483 7.2762012 2.8443985 32.076138 -5.901455 -63.726982
5.7654138 6.7829804 2.5929997 31.446136 0.99354506 -56.481987
5.31529 6.141315 2.0351336 32.496136 4.773545 -60.156986
3.7398572 5.525986 2.5139885 29.556133 6.138545 -75.87198
2.6887705 5.39909 2.403852 28.541136 4.7385454 -75.24199
2.5738454 4.9800916 2.1285102 31.901136 2.393545 -60.156986
2.0087965 4.0798445 1.9537282 32.671135 5.963545 -49.83199
0.35435268 3.3088877 1.5059988 29.066137 21.083546 -45.211987
-0.33759275 3.4716985 1.4652961 24.796135 35.433544 -35.131985
-0.5650489 3.6967604 1.0989721 24.586136 24.128546 -19.731987
0.32562137 3.7542229 1.1564348 32.986137 -15.351455 -9.826985
0.2561874 3.964919 1.3288225 39.566135 -48.181454 -10.141985
-0.90503585 4.503631 1.5730386 34.211132 -49.861458 -25.226984
-1.1372806 5.147691 1.6520497 24.446135 -36.106453 -34.816986
-1.0510867 5.7606254 0.9289786 18.811134 -26.551455 -27.326984
-0.6344828 6.1077952 0.44294083 11.671135 -13.146455 -20.116985
-0.8236305 6.3807425 1.515576 -11.393865 1.098545 -23.511984
-1.132492 6.735095 1.9968252 -32.008865 17.443544 -35.026985
-1.9417568 7.3192983 1.1157321 -28.998865 30.813545 -44.301987
-2.056682 7.307327 0.44533512 -12.688865 30.638544 -43.60199
-2.4349775 7.450983 0.45970076 -6.248865 21.958544 -33.906986
-2.3224466 8.020821 0.9026416 -9.503865 17.583546 -23.861986
-1.5012103 8.3129225 0.80208206 -9.013865 13.523546 -9.791985
-1.3120626 8.822903 0.25858167 1.4161351 5.6835446 -0.761985
-1.1372806 9.050359 -0.21309046 12.966135 -2.261455 2.248015
-1.0295382 9.268238 0.062251143 14.541135 -7.546456 3.928015
-0.5219519 9.543579 -0.098165266 8.871135 -7.686455 6.9730153
0.0023942748 9.77343 -0.37590113 8.031136 -4.956455 11.383016
-0.14605077 9.926663 -0.87630457 12.1961355 -4.816455 10.788014
-0.7709565 9.785401 -1.1037607 13.771135 -9.191456 1.618015
-0.7996878 9.725544 -0.38068968 6.421135 -9.261455 -6.921985
-0.43575802 9.663293 0.08140534 -7.648865 -6.601455 -4.856985
-0.4932206 9.871595 -0.043096945 -13.213865 -5.236455 1.4780151
-0.30646718 10.00328 -0.10055954 -7.8938656 -3.101455 0.183015
-0.35914123 10.07032 -0.035914123 -3.273865 -4.361455 -3.9469852
-0.6440599 9.9889145 -0.13647367 -0.64886504 -5.866455 -6.851985
-0.5602603 9.907509 -0.035914123 -3.7638655 -3.206455 -5.0669847
-0.47885495 9.881172 0.076616794 -7.578865 -0.966455 -1.741985
-0.6488485 9.907509 0.24900457 -8.488865 0.153545 -1.6369851
-0.57462597 9.845258 0.36871833 -6.913865 0.468545 -0.55198497
-0.52913475 9.857229 0.17957062 -2.048865 0.888545 2.388015
-0.45012367 9.979338 -0.016759925 1.9411348 0.67854506 3.333015
-0.15562786 9.976943 -0.052674048 3.061135 -0.931455 1.128015
-0.31125572 10.065532 0.15323359 1.836135 -2.506455 -3.351985
-0.600963 9.900327 -0.021548472 1.801135 -0.371455 -8.741984
-0.9505271 9.979338 0.10055954 -0.64886504 3.5485451 -10.631985
-0.87630457 9.814133 0.3328042 -4.3238654 4.6685452 -7.761985
-1.0223553 9.72315 0.24182175 -2.538865 1.378545 -5.731985
-1.0726352 9.809344 0.07422252 2.151135 -0.756455 -4.9619846
-0.85954463 9.895537 0.052674048 4.006135 -0.12645501 -1.4969851
-0.7685622 9.866806 0.031125572 3.621135 -0.056455 2.458015
-0.75180227 9.826104 -0.05985687 3.4811351 1.343545 4.873015
-0.57462597 9.838076 -0.05985687 3.621135 2.2185452 5.608015
-0.6440599 9.998491 -0.12450229 3.9011352 -1.0014551 4.278015
-0.6488485 9.941029 -0.22266756 4.951135 -2.051455 2.458015
-0.57462597 9.811738 -0.12689656 3.761135 -1.141455 1.793015
-0.5506832 9.737515 -0.22745611 1.5911349 -0.266455 1.268015
-0.8044763 9.747093 -0.29928434 0.71613497 1.413545 0.498015
-1.0055954 9.608225 -0.2657645 0.331135 2.2185452 -2.1269848
-0.92658436 9.608225 -0.09337672 -0.508865 1.413545 -3.036985
-0.76137936 9.603436 -0.18435916 0.086135 -0.33645502 -0.656985
-0.81644773 9.660899 -0.34477556 3.411135 -2.366455 1.583015
-0.8547561 9.636956 -0.4070267 4.2161355 -1.491455 1.723015
-0.69912827 9.617802 -0.15802214 1.136135 -0.091455005 0.918015
-0.6943397 9.672871 -0.1987248 -1.768865 0.32854497 0.88301504
-0.89067024 9.6585045 -0.29210153 -0.368865 0.398545 1.443015
-0.7948992 9.656111 -0.26097596 1.206135 0.11854499 0.183015
-0.51955765 9.794978 -0.15083931 0.576135 -0.791455 0.428015
-0.4932206 9.852441 -0.17957062 -0.053865 -0.861455 2.0380151
-0.845179 9.785401 -0.23463893 0.436135 -1.0364549 -0.096985
-0.9984126 9.684841 -0.014365649 0.191135 -0.756455 -4.9269853
-0.9433443 9.677659 0.06943397 -4.3238654 1.798545 -5.0319853
-0.9696813 9.852441 -0.0023942748 -2.328865 2.7785451 -1.776985
