2.3487835 9.72315 0.6081458 8.818914 -6.577655 -7.1024804
2.1021733 9.608225 0.98404694 1.608915 -7.1726546 -6.85748
1.9704882 9.486116 1.1229149 -5.006085 4.552345 -5.9474797
1.9680939 9.502876 1.0271438 -5.986085 13.232346 -2.6224802
2.013585 9.364009 1.158829 -3.816085 15.402345 0.24752
2.020768 9.37598 1.1420691 -1.5760851 14.842344 0.77252
2.0399222 9.454991 0.8332076 3.778915 9.942346 0.49252003
1.9680939 9.514848 0.47167215 9.588916 4.4823456 -0.03248
1.8938714 9.438231 0.6608198 10.008915 3.082345 -0.80248
1.8747171 9.486116 0.75659084 5.318915 4.167345 -1.11748
1.8603516 9.603436 0.81644773 2.7989151 3.922345 -0.17248
1.8842943 9.512454 0.8475733 3.1139147 3.012345 0.66752
2.004008 9.534002 0.8379962 3.1139147 2.732345 0.77252
2.1476645 9.498088 0.9217958 2.938915 2.662345 1.8575201
2.1332989 9.452597 0.8475733 3.1139147 2.662345 2.03252
2.0423164 9.562734 0.9122187 4.058915 3.4323452 0.91252
1.9130256 9.62259 0.88109314 3.9539149 4.7623453 0.49252003
1.951334 9.5244255 1.0822122 3.393915 4.972345 0.21252
2.020768 9.514848 1.0415095 2.833915 4.517345 -0.13747999
2.3272352 9.390346 0.8044763 3.883915 4.447345 -0.10248
2.2314641 9.191621 0.48843205 6.5439153 3.6773448 -0.27748
1.9992194 8.868394 0.3232271 8.118916 2.1723452 -2.65748
1.8771114 8.573898 0.3615355 2.833915 2.942345 -6.68248
1.7550035 8.107015 0.2849187 0.73391503 3.817345 -6.4724803
1.620924 7.685622 -0.0047885496 1.3639151 3.7473452 -5.38748
1.8268317 7.23071 -0.21787901 2.5189152 0.737345 -2.37748
1.951334 6.7039695 -0.44054657 3.8139153 -3.637655 0.00252
1.6783867 6.5842557 -0.66321415 7.2789145 -7.802655 -0.03248
1.1300977 6.3567996 -1.0079896 10.743915 -10.112655 -0.27748
1.2569942 5.949773 -1.2617828 10.883915 -10.8126545 3.53752
1.7454263 5.5882373 -1.2234744 7.488915 -12.807654 11.482519
2.221887 5.2482505 -1.1037607 1.713915 -14.102655 18.62252
1.9130256 5.054314 -0.63208854 -5.391085 -11.337655 22.40252
1.8962656 5.0495257 -0.29689008 -8.996085 -11.6876545 26.042519
1.960911 5.138114 -0.32083282 -5.9160852 -19.387655 34.827522
2.3894863 5.439792 -0.46209505 -0.736085 -27.227654 45.22252
3.0455174 5.6768255 -0.6273 0.90891504 -34.017654 54.742523
3.8763309 5.8396363 -0.531529 -2.4510849 -34.612656 62.40752
3.9792848 6.4525704 -0.24900457 -8.821085 -30.832655 66.53752
3.806897 6.632141 -0.09577099 -15.751085 -24.217655 64.75252
3.849994 6.474119 0.5650489 -26.741085 -16.727655 60.72752
4.7526355 6.6417184 1.4269878 -39.656086 -9.202656 62.51252
5.585843 6.9888883 1.7190893 -45.396084 -6.787655 70.492516
5.7295 6.976917 1.594587 -42.596085 -9.517655 73.85252
5.734288 6.998465 1.472479 -38.466084 -11.722654 69.61752
6.4358106 7.0559278 1.6999351 -37.381084 -17.427654 69.407524
7.1660647 7.14691 1.9728824 -38.95608 -29.117653 75.532524
6.859597 7.4605603 1.8866886 -40.706085 -36.747654 78.92752
7.2618356 7.3839436 2.439766 -44.696087 -33.91266 77.77252
7.8963184 7.7502675 3.5794408 -54.951088 -33.842655 78.752525
8.79896 8.664881 4.2187123 -58.906086 -39.79266 80.29252
8.968953 9.627379 3.6704233 -49.806084 -46.897655 81.76252
9.304152 10.127783 2.8084843 -35.631084 -47.94766 80.362526
9.514848 10.099051 3.2873392 -33.496086 -43.257656 76.02252
9.505271 10.063137 4.0319586 -45.886086 -38.567654 71.507515
9.938635 10.259467 4.68799 -59.536087 -36.922657 67.37752
9.718362 10.022434 4.8771377 -64.401085 -38.462658 62.05752
8.964165 9.651321 4.580248 -57.331085 -32.16266 50.122524
8.830086 9.308941 3.842811 -39.97109 -22.607656 35.492523
8.621783 8.961771 2.762993 -19.881084 -21.942656 26.53252
8.358414 8.549955 2.3751206 -8.961085 -27.787657 17.22252
7.9418097 8.504464 2.3918805 -24.676085 -19.107655 18.37752
7.8460383 8.91628 2.8683412 -40.776085 -8.012655 19.49752
7.905895 9.306546 2.5858169 -45.361088 -7.312655 18.027521
8.509253 9.73991 2.1931558 -45.186085 -16.377655 16.52252
9.282603 9.953 2.1021733 -51.276085 -19.912655 13.232521
9.545974 10.142148 2.2721667 -62.161087 -16.657656 5.6025205
9.627379 10.424672 2.6097596 -70.73609 -12.247655 -6.08748
9.840469 10.850853 2.3559663 -71.78609 -9.517655 -17.42748
10.063137 10.94423 1.7909175 -65.31108 -10.357655 -28.66248
9.79019 10.992116 2.011191 -61.67109 -11.827655 -41.85748
9.675264 10.970567 2.238647 -60.30609 -8.187655 -54.492477
9.60583 10.992116 1.6783867 -50.751087 -9.727655 -64.64248
9.397529 11.032818 1.3072741 -38.431084 -16.762655 -73.63748
9.301758 10.872402 1.6783867 -35.386086 -21.522655 -80.357475
9.126976 10.769448 1.9585168 -37.206085 -24.672657 -87.00748
9.031204 10.606637 2.1476645 -37.696083 -26.982655 -93.83248
8.945011 10.142148 3.1149516 -39.936085 -24.532654 -98.06748
8.624178 9.715967 4.122941 -41.65109 -23.447655 -101.56748
8.044764 9.399923 4.434197 -34.371086 -27.542656 -106.57248
8.10462 9.007262 4.6999617 -19.426085 -29.922655 -108.63748
7.7718163 8.662486 5.147691 -4.621085 -30.902655 -108.49748
7.5084457 8.262642 5.2267017 10.953915 -36.677658 -110.28248
7.4438004 8.162083 4.4246197 28.418915 -46.617657 -109.442474
7.091842 7.9920893 3.964919 40.458916 -51.37765 -108.32249
5.995264 7.843644 3.8236568 41.158916 -48.227654 -111.43748
5.147691 7.8532214 3.45015 36.853916 -43.117657 -115.25247
4.80531 7.905895 2.8563697 35.488914 -40.14266 -111.262474
4.4270144 7.685622 2.7893302 34.578915 -42.102657 -103.63248
4.3958883 7.788576 3.4381785 26.073915 -41.332653 -97.29748
3.869148 7.6353426 3.5483153 16.833914 -40.002655 -91.13748
3.031152 7.802942 3.040729 19.213915 -41.437656 -89.282486
2.4780743 7.613794 2.004008 27.648914 -39.757652 -85.85248
2.0542877 7.685622 2.135693 31.288916 -34.052654 -76.927475
2.7079248 7.788576 2.9425638 25.653915 -29.922655 -66.04248
2.9736893 8.051947 2.135693 18.583916 -26.492657 -57.502483
2.257801 8.090255 0.75659084 26.073915 -25.512655 -54.45748
1.0941836 7.929838 0.7853221 34.858917 -27.262655 -62.542484
1.498816 8.095043 1.7526091 25.023916 -26.527657 -56.20748
2.8635526 8.334471 1.0558752 32.968918 -35.347656 -46.68748
2.5427198 8.789383 -0.083799616 49.348915 -49.102654 -50.642483
2.1572416 9.014444 -0.41181526 43.608913 -52.14766 -57.15248
1.7573977 8.801354 0.47885495 11.828916 -35.837658 -59.357487
0.72785956 8.389539 1.4293821 -19.076084 -11.8976555 -60.23248
-0.18675344 7.9130783 2.2625897 -32.271088 4.797345 -57.887478
-0.11492519 7.7718163 2.5666625 -26.601086 8.017344 -49.83748
0.021548472 7.4892917 1.5921928 -5.251085 -0.452655 -43.46748
-0.7134939 7.5850625 -0.021548472 16.413916 -9.062655 -40.94748
-1.4102279 7.4174633 -0.55786604 18.863914 -3.4626548 -38.952484
-1.4676905 7.2378926 -0.057462595 4.2339153 7.352345 -32.93248
-0.13647367 7.103813 1.3288225 -13.721086 7.4923453 -22.222479
-0.31125572 7.022408 1.7550035 -20.336086 -5.317655 -18.72248
-0.8571504 6.8332605 1.4102279 -11.271085 -18.617657 -25.58248
-1.2809371 7.2091613 1.0415095 -1.7510849 -25.337654 -28.03248
-0.7805336 7.4845033 1.23784 -3.7810853 -21.417654 -21.34748
-0.28252444 7.6616793 1.6879637 -15.226087 -9.027655 -11.897481
-0.9960183 7.7574506 1.9010541 -26.356085 -2.482655 -12.73748
-1.9728824 7.8125186 2.2434354 -31.816086 0.492345 -25.02248
-2.7510219 7.7071705 2.4014575 -31.291084 10.187345 -33.17748
-2.700742 7.85801 1.759792 -18.516087 17.747345 -28.24248
-2.3631492 8.305739 0.74701375 5.0389147 6.9323454 -14.76748
-1.7885233 8.60263 -0.16520496 27.088917 -14.452655 -3.74248
-1.594587 8.856422 -0.038308397 33.213917 -24.462656 0.70251995
-1.5586729 8.9186735 0.5506832 23.728916 -20.962654 1.2625201
-1.2234744 9.035994 0.8475733 13.298915 -13.367655 1.05252
-1.1420691 9.225141 0.46209505 12.108915 -10.917655 1.19252
-1.2138973 9.000079 0.009577099 16.938915 -10.217655 -0.87248
-1.6879637 8.91628 0.06464542 18.093916 -8.782655 -6.15748
-2.1668186 8.851634 0.41181526 11.338915 -5.5976553 -11.23248
-2.3416007 8.8085375 0.45012367 3.5339148 1.297345 -12.6674795
-2.2625897 8.923462 0.16759923 1.9239151 6.057345 -10.2524805
-2.1045675 9.033599 -0.23224466 7.5589156 0.31734502 -5.2824802
-2.0686533 9.067119 -0.19154198 12.143916 -8.782655 -1.57248
-2.0878077 9.134158 0.20111908 7.908915 -8.432654 -1.01248
-1.951334 9.184438 0.35674694 -0.49108505 -4.0926547 1.4725201
-1.6233183 9.296969 0.22745611 2.973915 -8.432654 3.7825198
-1.4772675 9.433443 -0.011971374 4.3389153 -7.102655 4.51752
-1.4772675 9.399923 0.08619389 -0.071085 -1.117655 2.7675202
-1.8268317 9.452597 0.2681588 -5.216085 3.082345 0.38752002
-1.9202085 9.60583 0.2370332 -4.936085 3.922345 1.0175201
-1.4413534 9.732727 0.052674048 -0.666085 0.31734502 4.16752
-1.2593886 9.857229 -0.0047885496 2.413915 -4.477655 5.4975204
-1.3647367 9.917087 -0.09337672 2.133915 -5.737655 3.43252
-1.324034 9.838076 0.15562786 -0.771085 -4.267655 1.57752
-1.324034 9.6585045 0.2753416 -4.306085 -2.832655 1.1225201
-1.690358 9.656111 0.5243462 -6.5810847 -1.2226549 -0.17248
-1.611347 9.5483675 0.57223165 -6.966085 0.91234505 -0.62748003
-1.4868447 9.4932995 0.43096948 -3.291085 -1.537655 1.50752
-1.7909175 9.567522 0.23224466 -0.001085 -5.317655 2.20752
-1.7693691 9.615408 0.43336374 -2.031085 -3.1126552 2.5225198
-1.7047237 9.718362 0.8140534 -6.8960853 0.66734505 5.4275203
-1.4557191 9.821315 1.0271438 -7.8760858 0.877345 8.157519
-1.2785428 10.029617 0.7302538 -2.4860852 -0.55765504 10.18752
-0.9864412 10.13736 0.35435268 5.423915 -2.552655 10.85252
-0.71828246 10.180456 0.1340794 9.868915 -5.212655 9.87252
-0.9601042 10.041589 0.16041641 8.398914 -4.757655 6.02252
-1.1636176 9.842864 0.34956414 2.168915 1.157345 0.45752
-1.2785428 9.732727 0.4740664 -2.5210853 5.7423453 -3.2174802
-1.515576 9.694419 0.2944958 -1.926085 6.1973453 -3.7774801
-1.4221992 9.677659 0.27294734 1.1189151 6.1973453 -2.76248
-1.201926 9.668081 0.17238778 4.1289153 2.8723452 -0.31248
-1.2617828 9.725544 0.0047885496 7.103915 -2.657655 1.33252
-1.2593886 9.682447 -0.05985687 7.488915 -2.097655 1.0175201
-1.158829 9.569917 0.14365649 4.9689155 1.7173451 0.77252
-1.2569942 9.627379 0.15562786 1.993915 2.382345 0.59752005
-1.5443072 9.627379 -0.07901107 1.993915 1.4023451 -0.87248
-1.5395187 9.601042 -0.08858817 3.078915 1.5423449 -3.07748
-1.4605076 9.490906 -0.021548472 1.8889148 1.577345 -2.9374802
-1.7238779 9.565128 0.019154198 -0.701085 1.052345 -1.9924802
-1.7286664 9.555551 0.11492519 -2.731085 1.612345 -2.06248
-1.3671309 9.651321 0.43096948 -3.9560847 1.6823449 -1.11748
-1.2665714 9.730332 0.22266756 -3.676085 -0.732655 1.6825202
