0.8739103 9.670476 -0.17478207 8.871135 2.358545 3.7530153
0.7637737 9.826104 -0.12210801 8.556135 -2.751455 10.998015
0.36632404 9.924269 0.2753416 2.641135 1.973545 7.3930154
0.2561874 9.866806 0.6177229 -3.9388652 2.428545 1.408015
0.50998056 9.735122 0.5865973 -6.598865 4.703545 0.35801497
0.48843205 9.711179 0.48124924 -3.0638652 2.953545 -0.62198496
0.16041641 9.830893 0.5650489 -0.508865 0.923545 -3.351985
0.105348095 9.873989 0.4668836 1.661135 -0.266455 -4.191985
0.3040729 9.859624 0.2083019 2.4311352 1.413545 -1.671985
0.3040729 9.845258 0.05027977 0.926135 3.268545 0.253015
0.3519584 9.885961 0.37350687 -3.7638655 5.368545 0.32301497
0.57462597 9.960183 0.845179 -7.2288647 3.7585452 -0.13198501
0.4189981 10.05356 0.94573855 -4.288865 0.713545 -1.776985
0.2753416 10.027223 0.43096948 1.836135 1.6585449 -3.7719848
0.39505535 9.792584 0.28013015 4.251135 5.578545 -3.036985
0.17238778 9.692024 0.5865973 0.331135 10.128545 -1.601985
0.03351985 9.797373 0.8332076 -2.118865 11.598545 -1.916985
0.102953814 9.998491 0.91461295 1.066135 5.0885453 -2.161985
0.13647367 10.091868 0.67279124 6.386135 1.693545 -1.426985
0.07901107 10.156514 0.6488485 9.151135 3.233545 -0.726985
0.14844504 10.410307 0.70631105 9.3611355 3.338545 -1.146985
0.2370332 10.6497345 0.74701375 8.976135 2.673545 -1.111985
0.33759275 10.802968 0.8643332 7.9261355 2.3235452 -1.741985
0.62251145 10.759871 0.6105401 7.2611346 2.0085452 -2.301985
0.70870537 10.508472 0.5650489 5.581135 3.828545 -2.616985
0.6201172 10.051166 0.54828894 0.751135 8.973545 -4.121985
0.339987 9.526819 0.45251793 -1.9438651 11.948545 -6.396985
-0.05985687 9.105427 -0.009577099 0.891135 10.863544 -9.721986
0.071828246 8.775017 -0.409421 6.071135 9.218545 -11.191985
0.13168511 8.274613 -0.7853221 9.536135 7.188545 -9.231985
-0.26337022 7.125362 -1.2857256 10.166135 8.728545 -8.286984
-0.5363176 6.095824 -1.4820561 9.3611355 12.893545 -9.161985
-0.53871185 5.1788163 -1.8172545 11.321135 12.438545 -7.9369845
-0.22506183 4.410254 -2.5618742 19.056135 4.353545 -1.601985
-0.23463893 4.1540666 -3.2370596 27.281136 -4.536455 6.833015
-0.4668836 4.0582957 -3.4980354 27.491137 -5.5864553 13.343016
-0.38068968 4.225895 -2.8635526 18.076136 -7.9314556 17.963015
-0.076616794 4.352792 -2.370332 2.3261352 -12.131455 26.363016
1.1348863 4.5419393 -2.099779 -11.603865 -13.321455 39.173016
1.9537282 4.7526355 -1.6185298 -20.878866 -15.036455 54.713017
1.9393626 5.341627 -0.5411061 -28.473866 -14.931456 64.54802
2.2099156 6.079064 0.18914771 -31.903864 -15.736455 64.723015
2.8467927 6.699181 -1.4006507 -21.823866 -28.161455 63.393013
3.284945 6.873963 -2.1045675 3.2711349 -37.121452 74.10301
2.9210153 7.719142 -0.32083282 -13.703865 -34.881454 71.653015
3.1341057 9.07909 2.0758362 -23.258865 -37.926456 70.07802
5.1213536 9.608225 0.6488485 -1.9788648 -44.191452 79.56302
6.4525704 9.505271 -2.516383 21.226135 -38.346455 86.94801
4.9417834 9.27542 -1.5323359 1.2761351 -24.801456 76.97302
3.7757714 9.510059 1.489239 -41.493866 -19.761456 66.05302
5.296136 9.845258 2.8779182 -55.248863 -32.151455 72.94802
6.694392 10.245102 1.1612233 -31.658867 -44.156456 87.01802
6.0934296 10.472558 0.4764607 -9.188866 -45.206455 80.43802
5.140508 11.075915 2.099779 -12.618865 -44.891457 66.75301
6.344828 11.1453495 2.291321 -18.253864 -44.646458 64.33801
7.0367737 11.329708 0.95531565 -9.083865 -45.661457 68.53801
6.098218 11.679273 0.28731298 -3.728865 -43.211456 60.523018
5.29853 12.225167 1.3838909 -20.773867 -39.466454 49.218014
6.0048413 12.292207 2.221887 -48.73887 -36.421455 50.618015
7.058322 12.043202 2.126116 -66.30886 -32.536457 58.038017
6.179623 11.794198 2.2075214 -69.773865 -28.266455 54.22302
5.3631754 11.822929 2.6744049 -69.52887 -29.281454 40.328014
6.057515 11.628993 2.264984 -69.493866 -32.361458 33.18801
6.5986214 10.992116 1.8172545 -66.44886 -29.456455 33.153015
6.3304625 10.3193245 2.1069617 -64.663864 -25.501455 27.763016
5.3081074 10.448615 2.700742 -64.41887 -25.431456 17.193016
5.5307746 11.681666 2.4637089 -61.758865 -21.826456 10.823015
6.941003 12.040808 2.3990633 -56.858864 -18.921455 16.283016
7.877164 11.262669 2.8539755 -60.953873 -18.816454 20.868015
6.9888883 10.067925 3.2562137 -70.01887 -12.831455 11.698015
6.196383 9.457385 3.7518287 -72.50387 -4.291455 -5.626985
5.897099 8.925857 2.9808722 -66.02887 3.7585452 -17.246984
6.114978 9.000079 1.6831752 -48.493866 4.318545 -19.976986
5.38233 9.948212 2.5283542 -33.548866 1.693545 -19.486986
5.6241517 11.8349 3.1772027 -31.238867 3.0585449 -23.056986
8.0375805 13.477373 0.07422252 -20.003866 6.628545 -23.266987
8.741497 14.212416 -1.5275474 8.906135 0.29354498 -18.856985
6.7662206 14.827744 0.021548472 13.386135 -2.541455 -29.181984
6.079064 15.325753 3.469304 -15.033864 1.378545 -53.121986
7.5060515 15.689683 3.0718546 -37.188866 2.673545 -65.86199
9.093455 15.651375 1.1205206 -17.798864 -0.791455 -62.81699
8.344048 15.076749 -0.047885496 36.451134 -17.101458 -89.24199
7.47732 14.243541 0.41420954 26.756136 -13.881455 -108.59699
6.2059603 13.072741 0.9122187 14.576136 -11.221456 -115.63199
5.461341 11.870814 1.3982565 9.186135 -12.271455 -113.21698
5.784568 11.071127 1.4126221 6.421135 -17.451456 -101.42198
6.1293435 10.185245 1.7789462 4.6711354 -24.101454 -89.17198
6.32328 9.447808 2.3368123 -0.26386502 -26.656456 -82.941986
5.664854 9.265843 2.6624336 -1.768865 -26.796455 -85.46198
4.9274178 9.150918 2.8013015 -0.893865 -28.196455 -88.29698
4.0151987 8.116591 3.7254915 -7.508865 -25.641455 -83.431984
3.1436827 7.0870533 4.434197 -14.403865 -11.991455 -72.75699
3.6225379 6.610593 4.903475 -14.613864 9.428545 -56.551987
5.707951 6.3400397 5.444581 -2.398865 9.918545 -41.711987
5.238673 5.774991 4.9441776 24.936134 -5.901455 -39.891987
2.6097596 5.4110613 4.5251794 54.301136 -15.701454 -56.02698
1.4150164 4.7286925 3.519584 75.44113 -14.546455 -61.556984
1.4269878 3.9146392 2.6767993 89.546135 -11.291455 -44.651985
2.238647 3.4525442 2.4421604 93.99114 -11.711455 -23.336985
3.0048149 3.3950818 1.8435916 91.85613 -17.241455 -11.366985
1.6855695 3.7063375 1.7214836 86.36114 -28.266455 -19.801985
-0.1699935 3.6656346 0.56265455 76.00114 -32.921455 -43.391983
-1.8052832 3.6273263 -0.08140534 56.856136 -23.226454 -56.586987
-1.9010541 3.9936504 0.62251145 25.846136 -6.496455 -55.711987
-1.4605076 4.209135 1.3886794 -3.4138649 5.4035454 -46.54199
-2.2769554 5.097411 1.1636176 -12.793865 -0.651455 -42.621986
-2.6552508 5.6241517 0.5865973 -5.933865 -11.011456 -42.761986
-2.7294734 6.5794673 0.967287 -2.8888652 -8.876455 -35.516983
-1.4389591 7.309721 1.5634614 -8.313865 -2.331455 -20.536985
-0.8475733 7.848433 1.3192455 -6.563865 -7.161455 -5.276985
-0.9864412 8.382356 0.71828246 4.916135 -18.256454 -1.6369851
-0.8044763 8.722343 0.89067024 9.536135 -16.051456 -4.856985
-0.62251145 8.638543 0.7853221 2.8511348 -1.3864549 -5.1019855
-1.3216397 8.894731 0.53392327 -2.608865 11.178545 -4.3319845
-1.6783867 8.978531 0.052674048 -2.293865 20.488544 -6.991985
-1.5658557 9.126976 -0.2944958 1.836135 18.738546 -7.026985
-1.3982565 9.490906 -0.40463245 4.846135 10.618546 -3.3169851
-1.3048798 9.61062 -0.24421602 3.9011352 7.293545 1.723015
-1.3695252 9.881172 0.23463893 0.681135 7.433545 5.363015
-0.73743665 10.000886 0.3902668 -0.578865 4.9485455 9.283015
-0.19633053 10.278622 0.0670397 12.301136 -7.5814543 19.293015
0.31365 10.331296 -0.102953814 15.241136 -8.701454 17.963015
0.3423813 10.281016 0.03351985 10.866136 -5.6914554 11.628015
-0.23463893 10.142148 0.34956414 3.9711347 3.583545 3.8230147
-0.4668836 10.022434 0.45730647 1.136135 12.053546 -0.13198501
-0.15562786 9.771035 -0.16759923 6.6661353 11.598545 0.148015
-0.16281068 9.850046 -0.5818088 11.251135 6.593545 -0.061985
-0.42378664 9.847652 -0.77574503 8.661136 6.313545 -1.181985
-0.5650489 9.885961 -0.3974496 1.9761351 9.218545 -0.096985
-0.11253092 9.938635 -0.21069619 0.086135 7.7835455 4.0680156
0.25139886 10.166091 -0.45012367 6.141135 -0.12645501 7.883015
0.45012367 10.24989 -0.9696813 10.936135 -4.116455 7.7780147
0.16520496 10.343267 -0.90982443 7.366135 -1.351455 3.7880151
0.23224466 10.015251 -0.6440599 -0.47386503 4.6685452 -0.13198501
0.098165266 9.840469 -0.66800267 -4.638865 5.263545 -2.686985
-0.25139886 9.873989 -0.7206767 -4.743865 3.933545 -5.6619854
-0.339987 9.842864 -0.71588814 -5.198865 1.798545 -8.216985
-0.409421 9.871595 -0.5650489 -7.0888653 -0.791455 -8.636985
-0.38547826 9.96976 -0.21548474 -10.308866 1.098545 -7.796985
-0.12689656 9.921875 -0.105348095 -10.588865 1.4835451 -5.9419856
-0.2083019 9.953 -0.3304099 -5.583865 -4.991455 -5.836985
-0.11971374 9.905115 -0.6488485 -0.158865 -9.786455 -7.761985
-0.2561874 9.895537 -0.6703969 -0.9638651 -6.2864547 -8.076985
-0.55786604 9.787795 -0.47885495 -7.333865 1.203545 -8.811986
-0.5818088 9.6896305 0.043096945 -14.263865 6.698545 -9.756985
-0.6177229 9.703996 0.17238778 -16.503864 5.4385448 -8.566985
-0.84996754 9.809344 0.043096945 -11.953865 0.57354504 -7.4469852
-0.71588814 9.70639 -0.20351335 -4.9188647 -3.311455 -6.361985
-0.55307746 9.624985 -0.098165266 -0.64886504 -4.466455 -3.001985
-0.6057515 9.644139 0.038308397 -0.893865 -4.011455 0.043015
-0.42378664 9.747093 -0.16520496 -2.3638651 -2.2264552 0.81301504
-0.37829542 9.665688 -0.4189981 -2.608865 -1.176455 0.778015
-0.6751855 9.6585045 -0.028731298 -5.793865 2.6385453 -0.411985
-0.7948992 9.668081 0.29210153 -12.163865 6.313545 -2.0219848
-0.5123748 9.727939 0.15562786 -12.863865 4.5285454 -1.881985
-0.29210153 9.816526 0.102953814 -7.578865 0.538545 0.88301504
-0.44294083 9.804555 0.1987248 -3.728865 0.258545 2.668015
-0.4860378 9.873989 0.18675344 -1.9788648 2.603545 1.583015
-0.5602603 9.766247 0.038308397 0.576135 0.57354504 1.128015
-0.51955765 9.744699 -0.0071828244 1.801135 -0.196455 1.5480151
-0.51716334 9.718362 -0.026337024 1.2761351 0.258545 2.703015
-0.5147691 9.720756 0.071828246 1.136135 0.22354501 3.123015
-0.4644893 9.727939 -0.05027977 2.3961349 -1.2114551 3.928015
-0.51955765 9.888355 -0.076616794 4.1111355 -2.051455 3.9630153
-0.19633053 9.960183 -0.105348095 4.461135 -2.366455 4.9080153
-0.05027977 9.912297 -0.19393626 2.886135 -1.0364549 5.188015
-0.32562137 9.866806 -0.21548474 0.191135 2.043545 2.213015
