0.07 9.96 0.78 0.0 -1.7188734 -8.021409
-0.34 9.61 1.11 -4.583662 -29.220846 -1.1459155
-0.02 9.57 1.4499999 0.0 -44.69071 8.021409
0.90999997 9.88 1.05 4.0107045 -42.971836 15.469859
1.81 9.41 -0.049999997 5.15662 -18.907606 7.448451
1.26 9.4 -0.34 0.57295775 10.886198 -10.31324
0.19 9.22 0.26999998 -8.021409 0.57295775 -14.896902
0.06 8.66 0.63 -5.7295775 -2.8647888 -11.459155
0.01 8.559999 0.68 -6.8754935 -1.1459155 -6.3025355
0.07 8.21 0.79999995 -8.021409 -1.1459155 -2.291831
-0.06 8.01 1.11 -1.7188734 -4.0107045 1.1459155
0.22 7.8399997 1.03 6.3025355 -9.167324 5.7295775
0.71999997 7.47 0.25 15.469859 -4.583662 6.8754935
0.79999995 6.42 -0.59 17.188732 -1.1459155 6.3025355
1.09 5.74 -1.26 18.334648 -5.7295775 9.740283
1.3299999 4.64 -1.7199999 19.480566 -16.042818 11.459155
0.58 3.6499999 -1.74 18.907606 -18.907606 16.042818
-0.58 3.1299999 -1.35 26.356058 -16.042818 26.929016
0.14 3.05 -1.4699999 57.868736 -39.53409 52.139156
1.89 2.6399999 -2.31 72.19268 -59.58761 62.4524
2.11 1.93 -2.85 73.91155 -57.868736 68.75493
1.27 2.1499999 -2.49 69.900856 -49.84733 81.36001
1.5799999 3.3999999 -2.12 68.18198 -52.139156 105.997185
3.6599998 4.5699997 -3.1399999 53.285076 -55.00395 123.75887
4.7599998 4.94 -4.52 21.772396 -51.5662 128.9155
5.69 7.14 -1.61 -14.896902 -48.128452 130.06142
6.89 8.96 -1.0799999 -14.323945 -38.38817 137.50986
8.46 11.11 -0.89 -21.772396 -24.637184 136.9369
8.75 13.0199995 -0.22 -38.961132 -30.939718 117.456345
8.87 13.929999 0.71 -53.858032 -40.680004 100.84057
7.94 13.259999 1.75 -63.02536 -34.950428 86.516624
6.52 13.62 3.1 -34.377464 -29.220846 82.50592
7.68 14.599999 2.18 -11.459155 -41.825916 85.37071
8.33 15.469999 -0.02 -17.188732 -38.961132 70.47381
7.89 15.63 -0.78999996 -31.51268 -33.80451 49.27437
7.62 15.929999 -0.48 -34.950428 -33.231552 36.669296
7.35 16.15 -1.37 -34.950428 -28.07493 25.210142
7.12 15.219999 -3.1499999 -48.701412 -23.49127 5.15662
7.2999997 15.889999 -2.77 -37.242256 -34.377464 -2.291831
8.059999 16.119999 -4.91 -12.605071 -52.712116 -6.8754935
8.679999 15.7699995 -6.8199997 -8.021409 -57.868736 -17.188732
9.12 15.37 -7.47 -17.188732 -62.4524 -30.366762
9.2 14.78 -7.8199997 -29.793804 -72.76564 -43.544792
9.25 13.71 -7.5299997 -50.420284 -87.662544 -60.733524
8.92 12.98 -5.9 -50.993244 -101.98649 -67.60902
9.28 12.2699995 -4.54 -44.11775 -115.16451 -68.18198
9.45 11.48 -4.0899997 -38.961132 -119.74818 -71.61973
9.37 10.809999 -3.46 -39.53409 -124.9048 -72.76564
9.059999 10.44 -3.09 -46.40958 -126.62367 -70.47381
8.69 8.86 -0.87 -61.30648 -128.9155 -66.463104
8.5 7.8799996 0.39 -66.463104 -124.33183 -61.879436
8.349999 7.14 1.4699999 -68.75493 -112.29972 -57.29578
7.87 6.25 2.33 -67.60902 -96.256905 -59.014652
7.2999997 5.16 3.51 -61.879436 -89.95437 -60.733524
6.37 4.85 5.1099997 -44.69071 -95.68395 -67.03606
5.46 4.97 5.5 2.8647888 -99.1217 -69.32789
4.9 3.86 3.5 14.323945 -80.21409 -64.17127
4.0499997 3.1399999 2.1599998 1.1459155 -69.32789 -65.890144
2.1499999 2.8999999 2.6499999 -10.886198 -73.91155 -63.598316
1.24 3.06 3.6299999 -8.021409 -77.922264 -55.576904
1.03 3.1599998 3.6499999 -2.291831 -70.47381 -49.84733
-0.42999998 3.58 2.6499999 -4.0107045 -53.858032 -39.53409
-0.76 4.37 3.1599998 -8.021409 -52.139156 -28.07493
-0.84 5.23 2.6599998 -8.594366 -48.128452 -16.615776
-0.56 5.74 1.92 -13.750987 -34.377464 -9.740283
0.13 6.3599997 1.68 -22.91831 -30.939718 -6.8754935
-0.08 6.8399997 1.6999999 -29.793804 -32.658592 -7.448451
-0.65 7.02 1.78 -30.939718 -22.91831 -5.15662
-0.42999998 7.3599997 2.12 -26.929016 -24.064226 -2.291831
-0.31 7.83 2.21 -22.91831 -12.605071 0.0
-0.51 8.139999 1.88 -21.199438 -1.1459155 3.4377468
-0.31 8.72 1.93 -15.469859 -4.583662 9.167324
0.39999998 9.3 2.02 -3.4377468 -10.31324 7.448451
0.01 9.49 0.9 6.3025355 -0.57295775 -1.1459155
0.11 9.75 0.69 8.021409 0.0 2.291831
0.59 9.5199995 0.07 4.583662 -5.15662 2.8647888
0.28 9.62 0.01 -2.8647888 2.291831 0.57295775
0.22 9.929999 0.06 -8.594366 5.15662 4.0107045
0.74 9.889999 0.45999998 -10.886198 -2.291831 4.583662
0.38 10.09 0.71999997 -1.7188734 4.583662 2.8647888
0.32999998 10.12 0.52 4.0107045 0.57295775 5.7295775
0.84999996 10.16 0.44 4.583662 -0.57295775 2.8647888
0.78 10.29 0.41 3.4377468 5.15662 0.57295775
0.48999998 10.389999 0.17 3.4377468 2.291831 1.1459155
1.05 10.3 -0.04 2.291831 1.1459155 -2.291831
0.31 9.889999 -0.32999998 -5.7295775 8.594366 -6.8754935
0.06 9.86 0.17 -9.167324 4.0107045 -5.7295775
0.45999998 9.86 0.22 -8.594366 1.1459155 -2.291831
0.47 9.63 0.29 -8.021409 1.7188734 -1.1459155
0.48 9.75 0.96 -2.291831 0.0 -0.57295775
0.9 9.69 1.17 12.032113 -1.7188734 0.0
0.97999996 9.71 0.14999999 25.210142 3.4377468 -5.7295775
0.65 9.33 -1.29 9.167324 10.31324 -9.740283
0.07 9.04 -1.7099999 -12.605071 10.886198 -8.594366
-0.62 9.16 -0.88 -25.210142 5.7295775 -1.1459155
-0.59 9.45 0.0 -22.345354 0.0 7.448451
0.32999998 9.82 0.65 -10.31324 -4.583662 9.167324
0.88 9.83 0.17 2.291831 -0.57295775 -2.291831
-0.02 9.719999 0.13 3.4377468 0.57295775 -5.7295775
-0.14999999 9.65 0.14 0.57295775 -1.1459155 0.0
0.32 9.639999 0.29999998 -2.8647888 -1.1459155 4.583662
0.59999996 9.87 0.48999998 -2.8647888 -1.7188734 4.0107045
0.59999996 9.969999 0.59 1.1459155 -1.7188734 0.0
0.59999996 10.04 0.22 4.0107045 -1.7188734 -1.7188734
0.38 9.88 -0.02 0.0 0.57295775 -2.8647888
0.16 9.73 0.17 -2.8647888 0.0 -1.1459155
0.41 9.67 0.32 -3.4377468 0.0 0.0
0.58 9.639999 0.24 -6.3025355 3.4377468 -1.7188734
0.31 9.599999 0.17999999 -8.021409 3.4377468 -1.7188734
0.45999998 9.5199995 0.97999996 -0.57295775 -5.15662 0.0
0.39999998 9.46 0.94 10.886198 -3.4377468 -0.57295775
0.31 9.429999 0.29999998 17.761692 -1.1459155 0.0
0.47 9.559999 -0.26 14.323945 -1.1459155 0.0
0.35999998 9.63 -0.45 5.7295775 0.57295775 -1.1459155
0.14999999 9.559999 -0.25 -0.57295775 0.0 -0.57295775
0.089999996 9.469999 0.13 0.0 -2.291831 0.57295775
0.17999999 9.48 0.32999998 2.291831 -1.7188734 2.8647888
0.26999998 9.69 0.31 3.4377468 0.0 3.4377468
0.41 9.66 -0.099999994 0.57295775 2.291831 2.291831
0.56 9.67 -0.31 -5.15662 -1.1459155 1.1459155
0.41 9.46 -0.01 -9.167324 -2.8647888 0.0
-0.02 9.58 0.98999995 -2.291831 -2.291831 4.0107045
0.55 9.61 0.78 4.583662 -2.291831 6.3025355
0.81 9.75 0.55 7.448451 -1.7188734 4.583662
0.53999996 9.54 0.32 6.3025355 -1.7188734 1.1459155
0.08 9.5 0.38 4.583662 -2.8647888 2.291831
0.19999999 9.58 0.42999998 5.7295775 -5.7295775 5.15662
0.52 9.7 0.48 9.740283 -5.7295775 6.8754935
0.71999997 9.91 0.099999994 9.167324 -3.4377468 5.15662
0.90999997 9.92 -0.32 2.8647888 0.0 2.291831
0.64 9.86 -0.47 -4.583662 1.1459155 0.0
0.47 9.75 -0.17999999 -11.459155 0.57295775 0.0
0.5 9.65 0.42 -12.032113 1.1459155 1.1459155
0.48999998 9.7 0.74 -3.4377468 1.7188734 2.8647888
0.65 9.8 0.57 2.291831 0.57295775 2.291831
0.75 9.849999 0.28 6.3025355 1.1459155 1.7188734
0.55 9.809999 0.07 5.15662 0.0 0.0
0.42999998 9.679999 -0.01 3.4377468 0.0 0.57295775
0.71 9.719999 0.0 1.7188734 -1.1459155 1.7188734
0.65999997 9.639999 0.0 -3.4377468 1.7188734 0.0
0.39 9.7 0.26 -5.7295775 1.1459155 1.1459155
0.61 9.83 0.55 -3.4377468 0.0 2.291831
0.90999997 9.7699995 0.41 0.57295775 0.57295775 0.0
0.61 9.62 0.17 1.7188734 1.7188734 -0.57295775
0.47 9.679999 0.19 1.1459155 0.0 0.57295775
0.79999995 9.679999 0.34 0.0 0.0 0.57295775
0.62 9.5 0.08 1.1459155 1.1459155 -0.57295775
