2.22 11.01 1.38 8.594366 6.8754935 -4.583662
0.90999997 10.2699995 0.42999998 18.334648 -14.896902 -14.896902
0.0 9.29 0.7 21.199438 -45.263664 -11.459155
0.12 8.86 0.5 25.7831 -19.480566 -4.0107045
0.45999998 9.09 -0.31 14.896902 0.0 -1.7188734
0.59999996 9.11 -0.51 1.1459155 0.57295775 -2.291831
1.03 8.94 -0.42999998 -2.8647888 0.0 -5.15662
1.18 8.37 -0.08 0.0 -5.7295775 -9.740283
0.71999997 7.72 0.12 8.594366 -10.886198 -7.448451
0.68 6.15 -1.01 13.750987 -7.448451 2.8647888
0.64 5.49 -1.49 13.750987 -11.459155 8.021409
0.96999997 4.83 -1.9699999 14.896902 -21.199438 13.750987
1.03 4.0499997 -2.57 9.740283 -24.637184 18.907606
1.29 3.02 -2.75 -0.57295775 -23.49127 25.7831
1.31 2.1499999 -2.6599998 -10.886198 -26.929016 33.231552
1.29 1.76 -2.34 -9.167324 -33.80451 50.420284
1.9499999 1.9599999 -1.49 6.3025355 -49.27437 61.879436
2.36 1.88 -1.68 17.188732 -56.72282 76.77634
2.82 1.92 -2.24 1.7188734 -57.868736 98.54874
3.52 2.27 -1.8299999 -21.772396 -45.83662 115.73747
5.0499997 3.6499999 -0.59 -26.356058 -42.971836 124.33183
6.74 5.18 -1.73 -41.825916 -55.576904 134.64508
7.0499997 6.16 0.28 -65.890144 -63.598316 140.94762
8.13 8.15 3.12 -65.890144 -57.868736 145.53128
9.08 9.53 3.06 -50.420284 -59.014652 142.66649
8.349999 10.809999 2.6599998 -51.5662 -52.712116 136.9369
8.09 14.16 4.7999997 -50.420284 -50.420284 134.07211
10.7 16.47 4.72 -28.64789 -64.17127 120.32113
11.62 16.119999 1.3399999 -48.701412 -42.398876 89.95437
9.2 16.75 1.63 -75.057465 -29.793804 70.47381
8.98 17.31 3.4199998 -68.75493 -35.523384 56.72282
9.24 17.09 3.09 -48.701412 -37.242256 40.107044
8.88 16.699999 1.76 -30.366762 -36.09634 23.49127
9.41 16.46 -1.25 -31.51268 -41.25296 0.57295775
9.139999 15.809999 -1.62 -39.53409 -40.107044 -18.907606
8.99 14.82 -2.03 -37.815212 -42.398876 -33.231552
8.3 14.67 -2.27 -30.939718 -44.69071 -41.825916
9.32 14.839999 -3.25 -26.356058 -50.420284 -43.544792
10.12 14.179999 -3.85 -29.220846 -57.868736 -55.576904
9.4 13.679999 -3.36 -23.49127 -77.349304 -72.76564
9.38 14.04 -3.37 -17.188732 -97.402824 -72.76564
10.92 13.78 -3.75 -24.064226 -108.86198 -82.50592
11.12 12.679999 -3.1599998 -37.815212 -107.716064 -96.829865
10.86 11.91 -1.53 -45.83662 -110.0079 -101.41353
10.92 10.809999 -0.22 -50.420284 -107.143105 -107.716064
10.309999 9.67 1.1899999 -46.40958 -91.10028 -112.29972
8.97 7.89 3.53 -33.231552 -96.829865 -107.143105
8.78 6.75 4.0899997 -16.615776 -100.84057 -107.143105
7.18 5.81 4.08 0.0 -87.089584 -107.143105
6.14 4.95 3.6799998 13.750987 -77.922264 -100.26762
5.46 4.3199997 3.34 17.761692 -77.922264 -91.10028
4.91 3.51 3.07 16.615776 -77.922264 -83.65183
4.45 2.9199998 2.99 14.896902 -77.349304 -79.641136
3.6 2.84 3.21 11.459155 -65.890144 -80.78705
2.1499999 2.73 2.84 4.0107045 -48.701412 -72.19268
1.61 2.8799999 2.4099998 -5.15662 -46.98254 -61.30648
1.1 3.05 2.28 -14.896902 -50.420284 -55.576904
0.62 3.1799998 2.52 -18.907606 -50.993244 -48.701412
0.29 4.5699997 4.2599998 -6.8754935 -45.263664 -33.231552
-0.47 5.2799997 3.53 5.7295775 -30.939718 -28.07493
-1.16 5.66 2.52 12.605071 -18.334648 -17.188732
-0.28 6.5099998 2.23 19.480566 -25.7831 -2.8647888
0.65 7.5499997 1.27 30.939718 -30.939718 0.0
0.44 8.11 -0.14 30.366762 -17.188732 -4.0107045
0.14 8.33 -1.0 -4.583662 -8.594366 -12.032113
-0.26 8.38 -0.75 -27.501974 -5.7295775 -13.750987
-0.45 8.45 0.48 -29.793804 -7.448451 -9.167324
-0.68 8.63 0.59999996 -21.199438 -6.3025355 -1.7188734
-0.35 8.809999 0.25 -18.334648 -9.167324 2.291831
-0.06 9.059999 0.59999996 -17.188732 -9.740283 4.0107045
-0.099999994 9.75 1.1999999 0.0 -4.0107045 4.0107045
0.44 9.96 0.41 9.740283 -3.4377468 5.7295775
0.68 9.889999 -0.59999996 6.3025355 2.291831 1.7188734
0.57 9.76 -0.71999997 -4.583662 0.0 -3.4377468
-0.08 9.55 0.25 -10.31324 -0.57295775 -9.167324
-0.38 9.7 0.68 -1.1459155 -2.291831 -2.291831
0.28 9.639999 -0.099999994 4.583662 -1.7188734 1.7188734
0.42999998 9.44 -0.69 -8.021409 2.291831 0.0
0.13 9.4 0.089999996 -14.896902 1.1459155 -0.57295775
0.13 9.71 0.66999996 -8.594366 3.4377468 0.0
0.06 9.66 0.19 -5.15662 5.15662 2.291831
0.29999998 9.639999 0.37 1.7188734 -0.57295775 2.291831
0.049999997 9.66 -0.14999999 13.178029 2.291831 2.8647888
0.32999998 9.91 -0.56 12.605071 1.7188734 4.583662
0.63 9.94 -1.04 8.021409 0.0 2.8647888
0.58 9.75 -1.0 0.0 -0.57295775 -0.57295775
0.31 9.71 -0.53999996 -4.583662 -0.57295775 -2.8647888
0.16 9.67 -0.78 -6.3025355 0.57295775 -0.57295775
0.26999998 9.46 -0.66999996 -14.323945 0.0 0.0
0.22999999 9.45 -0.03 -12.032113 -1.1459155 1.7188734
0.38 9.71 0.42999998 -4.583662 0.0 2.291831
0.47 9.83 0.31 4.583662 -0.57295775 0.57295775
0.41 9.65 -0.08 8.021409 0.0 -0.57295775
0.22999999 9.7 -0.089999996 8.594366 -1.1459155 0.57295775
0.35999998 9.86 -0.32999998 6.8754935 -1.1459155 2.8647888
0.37 9.65 -0.66999996 1.7188734 0.0 -1.1459155
0.06 9.5 -0.14999999 -1.1459155 0.0 -0.57295775
0.26 9.65 0.25 0.57295775 -1.7188734 2.291831
0.29999998 9.639999 -0.099999994 3.4377468 1.7188734 3.4377468
0.51 9.639999 -0.52 1.7188734 1.7188734 3.4377468
0.28 9.62 -0.31 0.0 -0.57295775 1.1459155
0.68 9.74 -0.16 4.0107045 -2.8647888 0.57295775
0.38 9.719999 -0.56 0.57295775 1.1459155 0.0
0.17 9.67 -0.53 -4.583662 0.0 1.1459155
0.32999998 9.809999 -0.19999999 -4.583662 -2.8647888 2.291831
0.65999997 9.929999 -0.099999994 -2.8647888 -1.7188734 0.0
0.47 9.84 -0.17999999 -2.8647888 -2.291831 -1.7188734
0.28 9.62 0.08 -1.7188734 -0.57295775 -1.7188734
0.14999999 9.57 0.17999999 -2.291831 2.291831 0.0
0.26 9.61 0.04 0.0 1.1459155 1.7188734
0.62 9.73 -0.07 0.57295775 -0.57295775 1.7188734
0.53 9.84 -0.089999996 1.7188734 -1.1459155 -1.1459155
0.32 9.73 -0.22 1.1459155 -1.1459155 -2.8647888
0.29999998 9.599999 -0.099999994 -3.4377468 1.1459155 -1.1459155
0.22 9.45 0.089999996 -4.0107045 1.7188734 0.0
0.14999999 9.5 0.14999999 0.0 -0.57295775 2.8647888
0.59999996 9.75 0.24 6.3025355 -2.291831 0.57295775
0.61 9.87 -0.16 4.583662 0.0 -1.7188734
0.17999999 9.75 -0.48 -2.8647888 2.8647888 -1.7188734
0.41 9.7 0.31 -1.7188734 0.0 0.57295775
0.59999996 9.8 -0.19999999 2.291831 1.1459155 0.57295775
