0.84999996 9.88 -0.66999996 30.939718 -2.291831 -4.583662
0.53999996 9.969999 -2.08 0.0 1.7188734 -4.0107045
-0.16 9.679999 -0.45 -12.605071 -29.220846 -0.57295775
-0.07 9.22 2.1699998 7.448451 -44.11775 2.291831
0.66999996 8.84 2.1499999 31.51268 -25.210142 6.3025355
1.49 8.44 -0.97999996 18.334648 17.761692 -4.583662
0.12 7.9199996 -0.44 5.15662 14.896902 -11.459155
-0.35999998 7.5299997 0.02 11.459155 -4.583662 -2.8647888
0.56 6.7 -0.72999996 22.345354 -26.356058 9.167324
1.5799999 5.7799997 -2.1699998 12.605071 -25.210142 13.750987
1.37 4.58 -2.81 -16.615776 -10.31324 14.323945
0.7 4.0299997 -1.5899999 -35.523384 5.15662 23.49127
0.91999996 3.6399999 -0.32 -13.178029 -14.896902 38.38817
1.5699999 3.1499999 -0.94 10.31324 -29.793804 49.84733
2.1399999 3.29 -2.56 5.7295775 -34.377464 55.576904
2.5 2.87 -3.1999998 -22.91831 -35.523384 59.014652
2.82 2.51 -2.21 -50.420284 -37.815212 68.75493
3.8 2.73 0.17999999 -54.43099 -33.231552 77.349304
2.01 3.82 2.48 -30.939718 -12.605071 84.22479
3.34 4.83 1.61 8.021409 -30.366762 110.0079
5.87 5.72 -0.32999998 31.51268 -55.00395 130.06142
7.6299996 6.89 -1.35 12.605071 -60.160564 130.63437
7.5899997 8.61 -0.74 -29.220846 -39.53409 119.74818
6.3199997 10.05 0.84 -61.30648 -23.49127 122.61296
7.3599997 12.4 2.37 -61.30648 -53.858032 119.74818
8.62 14.12 2.8899999 -56.72282 -61.30648 103.1324
8.65 15.9 2.97 -61.879436 -50.993244 88.80846
8.86 16.869999 3.37 -71.61973 -33.80451 68.18198
7.8999996 16.66 3.51 -70.47381 -17.761692 48.701412
6.96 16.92 3.74 -27.501974 -40.680004 39.53409
8.309999 18.25 0.24 -11.459155 -46.40958 29.220846
9.679999 17.91 -0.91999996 -19.480566 -44.11775 10.31324
9.2 17.66 -1.74 -29.220846 -45.263664 -14.896902
8.33 17.15 -2.51 -34.950428 -41.825916 -30.366762
7.7999997 16.3 -2.36 -42.398876 -42.398876 -38.961132
8.33 15.92 -2.1399999 -24.637184 -62.4524 -46.40958
9.15 15.7699995 -3.02 -11.459155 -80.21409 -52.139156
9.559999 15.45 -3.53 -13.750987 -91.67324 -61.879436
9.71 14.92 -2.76 -16.615776 -102.55944 -67.60902
10.38 14.28 -1.64 -17.761692 -115.16451 -76.77634
11.219999 13.219999 -0.78999996 -21.772396 -112.87268 -91.67324
10.5 11.63 0.06 -30.366762 -107.143105 -103.1324
8.49 8.71 2.98 -36.669296 -101.41353 -97.402824
7.8399997 7.1499996 4.0299997 -41.825916 -89.38142 -88.80846
6.19 5.17 5.12 -54.43099 -65.317184 -76.77634
5.8599997 3.73 5.56 -63.02536 -27.501974 -65.317184
4.52 3.8 5.08 -57.868736 -25.210142 -68.18198
4.2 3.51 4.99 -26.929016 -80.78705 -36.09634
4.49 2.1699998 3.9299998 -2.291831 -94.53803 -29.793804
4.87 2.1599998 3.1599998 16.042818 -72.19268 -38.38817
3.8 2.44 2.9299998 30.366762 -29.793804 -44.11775
2.9399998 2.4299998 2.59 31.51268 -10.31324 -38.961132
2.54 3.1 3.05 25.210142 -13.178029 -36.669296
2.31 4.15 3.56 22.91831 -26.356058 -42.971836
1.3399999 4.46 2.6699998 13.178029 -22.345354 -49.84733
0.22 4.8199997 2.84 -0.57295775 -16.615776 -44.11775
0.04 5.68 2.98 -7.448451 -21.199438 -24.637184
1.14 6.7 2.61 -4.0107045 -19.480566 -11.459155
1.3399999 7.08 2.19 0.57295775 -11.459155 -16.042818
0.68 7.79 2.24 6.8754935 -16.042818 -20.053522
0.93 8.33 1.78 5.15662 -15.469859 -16.042818
1.56 8.34 0.93 -5.15662 -7.448451 -18.334648
1.38 8.5199995 1.2099999 -13.750987 -5.7295775 -21.199438
0.68 8.7699995 1.7199999 -14.896902 -4.583662 -17.761692
0.64 8.73 1.48 -15.469859 1.1459155 -11.459155
1.0 8.99 1.81 -5.7295775 -8.021409 -6.3025355
1.3299999 9.41 1.4399999 4.0107045 -8.021409 -4.0107045
1.55 9.469999 0.64 8.021409 -4.583662 -6.8754935
1.18 9.34 0.17999999 2.291831 0.0 -9.167324
1.12 9.429999 0.39999998 -4.583662 -1.1459155 -8.021409
0.71 9.33 0.84 -9.167324 -5.7295775 -7.448451
0.87 9.37 1.23 -4.583662 0.0 0.0
1.39 9.33 1.01 -2.8647888 2.291831 -1.1459155
1.41 9.45 0.89 -5.15662 1.1459155 -4.0107045
1.1999999 9.46 1.13 -1.7188734 -0.57295775 -4.583662
0.95 9.349999 1.04 2.8647888 -5.15662 -1.7188734
0.83 9.37 0.84999996 3.4377468 -6.3025355 1.1459155
1.16 9.48 0.84999996 0.0 -1.1459155 2.291831
1.3299999 9.61 0.91999996 -1.7188734 2.8647888 0.0
0.94 9.73 1.03 0.0 1.7188734 0.0
1.3399999 9.62 0.74 1.7188734 0.0 2.8647888
1.64 9.639999 0.34 0.57295775 0.0 1.1459155
1.22 9.53 0.35999998 -3.4377468 0.57295775 -4.0107045
1.05 9.66 0.84 -5.15662 -4.583662 -1.1459155
1.25 9.74 0.96999997 -3.4377468 -7.448451 -1.7188734
1.15 9.48 1.15 0.0 -5.15662 -1.1459155
0.95 9.42 1.3 5.15662 -1.1459155 1.7188734
1.3 9.679999 1.13 6.8754935 1.1459155 2.291831
1.4399999 9.78 0.78 6.3025355 4.583662 1.1459155
1.22 9.719999 0.34 -0.57295775 0.0 0.57295775
1.3399999 9.63 0.9 -1.7188734 -4.583662 0.0
1.25 9.559999 0.81 1.7188734 -1.1459155 0.0
1.35 9.559999 0.47 1.7188734 -0.57295775 0.57295775
1.48 9.559999 0.72999996 -2.291831 -1.1459155 -1.1459155
1.41 9.639999 1.16 -2.8647888 0.57295775 -1.7188734
1.23 9.49 1.0 0.0 1.1459155 -2.291831
0.94 9.34 0.65999997 0.57295775 -0.57295775 0.0
1.1999999 9.5199995 0.82 0.0 -2.291831 1.7188734
1.4399999 9.62 1.06 2.291831 -2.291831 0.0
1.23 9.67 1.06 6.3025355 -1.1459155 0.0
1.1899999 9.73 0.72999996 6.3025355 -0.57295775 1.1459155
1.42 9.69 0.59 1.1459155 0.57295775 -0.57295775
1.1999999 9.55 0.53 0.0 1.7188734 -2.291831
1.2099999 9.57 0.66999996 0.0 -1.7188734 -1.1459155
1.4499999 9.559999 0.77 0.0 -2.8647888 -0.57295775
1.36 9.469999 0.68 0.0 1.1459155 -1.7188734
0.98999995 9.429999 0.89 -0.57295775 1.7188734 -1.1459155
1.17 9.51 1.0799999 4.583662 -1.1459155 1.1459155
1.41 9.5199995 0.53999996 4.583662 1.1459155 1.1459155
1.3399999 9.429999 0.22999999 0.0 1.7188734 -0.57295775
1.06 9.36 0.47 -1.7188734 0.0 0.0
1.1899999 9.44 0.81 -1.1459155 -1.1459155 0.57295775
1.24 9.58 0.91999996 1.1459155 -0.57295775 1.1459155
1.29 9.62 0.79999995 2.8647888 -1.1459155 0.57295775
1.3299999 9.71 0.87 0.0 -2.291831 0.0
1.5 9.73 0.75 -2.291831 0.57295775 -1.1459155
1.41 9.65 0.47 -8.594366 7.448451 -2.291831
1.0799999 9.74 0.94 -12.032113 7.448451 -2.291831
1.1999999 9.79 1.31 -5.7295775 1.7188734 -1.1459155
