1.3647367 9.718362 0.81644773 3.5689151 -3.182655 5.6375203
1.3838909 9.8787775 0.723071 5.1789155 -10.427655 8.12252
1.0606637 9.838076 1.1061549 -0.59608495 -3.8826551 4.6575203
0.9792584 9.960183 1.359948 -8.471085 3.467345 0.9825199
1.0127783 10.027223 1.1875603 -8.156085 1.8923451 1.4375199
0.9481328 10.012857 1.2354459 -4.2710853 1.017345 0.59752005
0.9816527 9.962578 1.376708 -4.2710853 1.9623449 -0.94247997
1.0798179 9.943423 1.2450229 -4.026085 2.1723452 -1.4674801
1.0079896 9.993703 1.1372806 -0.841085 1.787345 -1.64248
0.9984126 9.9889145 1.211503 1.1189151 2.1723452 -2.27248
1.0654523 9.996098 1.2929084 0.73391503 1.052345 -3.14748
1.0439038 9.924269 1.1779832 1.083915 0.037345003 -4.37248
0.9026416 9.787795 1.0678465 3.323915 0.177345 -5.77248
0.7901107 9.718362 1.0917894 5.0739155 1.017345 -6.7524805
0.9074302 9.61062 0.8379962 6.298915 0.842345 -6.7524805
1.2330515 9.581888 0.38787252 8.188914 0.91234505 -5.00248
1.1875603 9.440625 0.23942748 9.903915 0.98234504 -2.8674798
0.9792584 9.155706 0.39505535 7.908915 1.787345 -4.23248
0.85236186 8.789383 0.20590763 3.5689151 3.397345 -6.5074797
0.84278476 8.46855 -0.22506183 3.6739151 3.6423452 -5.9124804
0.8379962 7.9920893 -0.80687064 8.293915 2.1723452 -4.47748
0.8571504 7.2785954 -0.85954463 10.288915 -3.427655 -2.6224802
1.0175668 6.6081986 -0.81644773 6.508915 -5.317655 -0.03248
1.0510867 5.7965393 -0.51716334 5.0389147 -7.452655 1.8575201
1.1061549 5.05192 -0.7446195 8.153914 -9.307656 4.20252
1.0726352 4.6544704 -0.92658436 15.328915 -12.877655 8.157519
0.8044763 4.702356 -1.1708003 22.853916 -17.532656 12.49752
0.7015225 4.8723493 -1.6855695 30.063915 -21.347656 17.152521
0.83081335 4.9609375 -2.238647 34.263912 -26.457655 22.71752
1.3838909 4.9776974 -2.4062462 28.103916 -31.182655 29.96252
1.9417568 5.0423427 -1.4102279 7.5239153 -29.537655 39.37752
2.020768 5.0662856 0.117319465 -18.446085 -18.967655 45.117523
2.0183737 5.1285367 0.89067024 -28.911085 -8.082655 47.357525
2.667222 5.547535 0.45730647 -16.836084 -7.9426556 50.787518
3.2562137 5.9018874 0.21548474 -2.731085 -16.727655 55.40752
3.093403 6.0455437 0.7948992 -2.731085 -21.697655 53.13252
3.014392 6.775798 1.5993756 -11.726085 -18.862658 50.19252
3.7590115 7.0008597 1.1660118 -17.221087 -13.157655 58.10252
4.661653 6.9553685 1.2354459 -21.281086 -9.762655 70.03752
4.7957325 7.0726876 2.6552508 -31.011084 -9.692655 73.88753
4.6281333 7.1588817 3.3663504 -33.84609 -17.042656 72.34752
5.008823 7.21395 3.179597 -19.426085 -19.317656 76.89752
6.2969427 8.028004 2.6528566 6.858915 -22.992655 89.25252
7.5515428 9.287392 1.3168511 36.188915 -36.467655 97.267525
8.636149 11.099858 0.3519584 48.928917 -37.37766 87.95752
7.4988685 11.942643 1.3743137 27.123917 -21.907656 70.98251
6.177229 11.6649065 2.3416007 -15.086084 5.952345 62.65252
5.621757 11.825323 2.3368123 -42.491085 30.032345 67.69252
7.6712565 13.7814455 2.0064023 -39.90109 18.692347 85.71752
9.411894 13.972988 0.3232271 -22.261086 -23.727655 111.09252
9.421472 14.083124 -0.34956414 -8.646085 -49.102654 126.21251
9.361614 14.09749 -0.43096948 -18.026085 -37.027657 114.41753
10.048771 14.324946 -0.86912173 -38.571087 -24.462656 97.19752
9.816526 14.071153 -1.0606637 -51.696087 -27.192656 85.50752
8.801354 13.83412 -0.64166564 -63.561085 -35.452656 66.39752
8.734315 13.496527 -0.14844504 -81.971085 -34.262657 44.52252
8.846846 13.185271 0.2083019 -99.96108 -27.507654 31.222519
9.246689 13.072741 0.4836435 -104.96609 -23.377657 19.07752
9.349643 13.175694 0.090982445 -81.16609 -40.527657 -14.94248
9.294575 13.52047 -0.62251145 -68.041084 -42.872654 -32.26748
9.735122 13.98017 -0.9816527 -64.36608 -43.537655 -46.232483
10.194822 14.408746 -0.5985687 -70.666084 -50.012657 -60.26748
9.955395 14.64099 -0.3902668 -73.57109 -53.652657 -75.632484
9.766247 14.550008 0.35914123 -75.74108 -52.497658 -90.47248
9.845258 14.186078 1.7286664 -80.39609 -49.417656 -102.89748
9.838076 14.032845 2.631308 -73.46609 -45.462654 -112.20748
9.565128 14.059181 2.1596358 -49.036083 -40.177654 -118.36748
9.483723 13.738349 1.5826156 -22.366085 -43.117657 -125.40249
9.033599 13.0655575 1.6712039 -7.211085 -52.812656 -133.03249
8.430242 12.4622 2.8994668 -7.1060853 -54.422657 -137.4775
8.008849 12.143762 4.1756153 -12.601085 -46.337654 -136.00748
9.067119 11.947432 4.6688356 -4.481085 -41.472656 -130.16248
9.5244255 11.080704 4.051113 18.268915 -42.73266 -124.03749
7.26423 10.324113 4.5515165 36.923916 -56.137657 -143.67249
5.0160055 9.646533 4.7286925 43.783913 -61.772655 -163.51749
3.213117 8.784595 4.8555894 48.088917 -59.32265 -147.83748
3.265791 7.7047763 4.235472 51.483917 -50.817657 -113.71248
4.6760187 7.0535336 3.3232534 52.008915 -39.302658 -75.66749
5.33205 6.158075 3.8021083 48.228916 -37.902657 -49.907482
4.7334814 5.279376 3.727886 48.053917 -47.10766 -47.63248
3.2274826 4.972909 2.430189 59.533916 -60.372658 -60.512478
3.3615618 4.4749 1.4054393 64.39892 -69.26266 -71.95748
4.3863115 3.7590115 2.9114382 28.803915 -60.722656 -62.85748
4.747847 3.6081722 5.3727527 -34.371086 -33.457653 -46.68748
3.859571 2.743839 6.0670924 -73.25609 -7.4876556 -47.94748
1.8292259 2.360755 5.133325 -61.91608 0.31734502 -71.29248
-0.19154198 2.1979442 3.5435266 -20.791086 -9.342654 -104.22748
-1.4820561 2.1189332 1.9537282 17.148914 -18.722654 -118.857475
-2.7414446 2.7486274 0.7996878 31.568916 -23.692654 -108.70748
-3.3639562 2.9808722 1.0774237 20.473913 -15.152656 -90.577484
-3.1772027 3.354379 2.700742 -9.031085 -0.137655 -68.912476
-3.4381785 4.539545 2.5115943 -33.321083 3.4323452 -50.08248
-3.318465 5.478101 0.8236305 -24.431086 -11.6876545 -39.58248
-2.9593236 6.366377 0.7781393 -2.311085 -19.492655 -35.137478
-2.5475085 6.7997403 1.3479767 -25.551085 7.9473453 -13.717481
-2.2625897 7.099025 1.1181264 -26.741085 17.362347 -12.73748
-2.9641123 7.257047 -0.12689656 -16.906086 14.422346 -20.26248
-3.799714 6.998465 0.3040729 -15.751085 12.952345 -30.06248
-4.1947694 7.0535336 0.9816527 -17.781084 10.012344 -23.90248
-3.4788814 7.7694216 1.0223553 -5.811085 4.552345 -0.27748
-2.4421604 8.360807 0.7853221 17.078915 -7.242655 20.407518
-2.1452703 8.779806 0.4644893 35.453915 -26.282656 24.85252
-1.977671 9.024022 -0.16759923 43.363914 -32.932655 19.81252
-1.6975409 9.217958 -0.102953814 37.413914 -25.267654 18.27252
-1.3000913 9.45978 0.45730647 20.543915 -12.947656 17.292519
-1.5634614 9.534002 0.4836435 4.9339147 -1.607655 12.11252
-2.073442 9.354432 0.6177229 -3.116085 6.057345 1.99752
-2.3392065 9.349643 0.69673395 -6.126085 6.582345 -1.50248
-2.2865324 9.517242 0.25379312 -3.9910853 7.142345 2.66252
-2.1404817 9.869201 0.23942748 -1.051085 9.382345 6.6525197
-1.9178141 10.039194 0.61293435 -1.8210851 7.2823453 10.327521
-1.6688095 10.027223 0.6847626 -2.2060852 2.3123453 11.062519
-1.4820561 9.945818 0.57462597 0.803915 -2.587655 9.13752
-1.7406378 9.941029 0.6296943 1.4339151 -2.972655 7.03752
-2.17879 9.749487 1.1803775 -2.731085 3.187345 3.81752
-2.1740015 9.684841 1.2474172 -4.411085 6.582345 1.8575201
-1.8795058 9.624985 0.79250497 2.168915 3.4323452 4.90252
-1.7909175 9.725544 0.3998439 11.128915 0.42234498 8.71752
-1.7095122 9.718362 0.39505535 15.328915 -2.867655 9.45252
-1.6161355 9.651321 0.41181526 14.173915 -4.5826554 8.857521
-1.4700848 9.73991 0.18435916 11.338915 -1.852655 8.19252
-1.5562786 9.615408 -0.03351985 9.098915 4.027345 7.66752
-1.8938714 9.4932995 0.023942748 6.018915 7.352345 4.37752
-1.7885233 9.402317 0.1987248 2.9039152 7.212345 0.87752
-1.8507744 9.380769 0.11013664 2.833915 3.292345 1.8225201
-1.8148603 9.567522 -0.16041641 6.333915 -0.277655 4.7625203
-1.2809371 9.864412 -0.28970724 9.763915 -0.907655 7.422519
-0.9385557 9.931452 -0.40463245 9.728915 -1.537655 10.99252
-1.1396748 9.93624 -0.25379312 6.193915 -2.097655 9.242519
-1.2450229 9.869201 -0.04070267 -0.561085 -0.522655 2.83752
-1.4341706 9.653716 0.08619389 -6.161085 1.367345 -1.50248
-1.7430321 9.656111 0.24421602 -9.066085 3.6423452 -3.70748
-1.5323359 9.799767 0.3615355 -11.271085 6.372345 -4.79248
-1.4389591 9.75667 0.2681588 -4.901085 2.8723452 0.28252003
-1.6257126 9.718362 0.24900457 -0.036085 -1.572655 -1.3274801
-1.4772675 9.687236 0.25858167 1.048915 -2.657655 -0.45248002
-1.4605076 9.79019 0.2849187 0.83891505 -0.767655 1.50752
-1.2953026 9.80695 0.33519846 0.698915 0.562345 1.6825202
-1.376708 9.715967 0.038308397 2.168915 0.177345 0.14252
-1.5706443 9.567522 0.0047885496 2.6939151 0.177345 -3.42748
-1.6688095 9.452597 0.16041641 -0.386085 0.7023451 -5.2824802
-1.6161355 9.502876 0.3615355 -4.936085 3.8523455 -3.8474798
-1.4485363 9.6585045 0.3232271 -7.211085 7.877345 -2.09748
-1.4341706 9.634562 0.18914771 -7.246085 8.822346 -3.1824799
-1.8172545 9.675264 0.46927786 -9.836085 9.347345 -5.9474797
-1.7645805 9.61062 0.7206767 -11.691086 9.592345 -4.86248
-1.7238779 9.660899 0.6847626 -6.931085 7.002345 -0.62748003
-1.6041641 9.754275 0.42378664 0.803915 4.027345 2.83752
-1.4940275 9.847652 0.15562786 6.5439153 1.4023451 5.4625196
-1.3024855 9.852441 -0.105348095 9.763915 -0.9426551 6.02252
-1.201926 9.850046 0.028731298 8.818914 -3.007655 4.51752
-1.3671309 9.814133 0.11492519 4.3739147 -3.2176552 2.59252
