1.91 10.15 0.53 -5.7295775 5.15662 -15.469859
1.4 9.94 0.52 -4.583662 4.0107045 -14.896902
1.1 9.91 -0.06 -6.3025355 -7.448451 -12.032113
0.84 9.29 0.19999999 -17.188732 -37.242256 -9.740283
0.69 8.86 0.91999996 -12.605071 -36.09634 -5.7295775
0.84999996 8.7 1.01 -2.291831 -10.31324 -6.8754935
1.1999999 8.36 0.79999995 2.291831 2.8647888 -11.459155
0.90999997 8.11 0.68 4.0107045 -1.7188734 -9.167324
0.79999995 7.69 0.48999998 7.448451 -5.7295775 -4.0107045
1.27 7.06 -0.049999997 16.042818 -15.469859 0.0
1.25 6.49 -0.26999998 20.62648 -16.042818 0.0
1.53 5.6 -1.0799999 22.345354 -12.605071 4.583662
1.55 4.39 -1.5899999 17.188732 -13.178029 9.167324
1.4699999 3.58 -1.39 11.459155 -21.199438 16.042818
0.87 3.34 -0.59999996 7.448451 -32.085636 29.793804
0.83 3.81 0.31 4.0107045 -40.680004 57.868736
1.1999999 4.04 0.71999997 5.15662 -34.950428 71.61973
2.02 4.3399997 0.72999996 10.886198 -26.929016 79.641136
3.61 5.0499997 -0.45 12.032113 -22.91831 72.76564
3.97 4.79 -1.73 -1.7188734 -22.345354 61.879436
2.75 4.52 -1.89 -21.199438 -22.345354 68.75493
3.6699998 5.29 -0.57 -32.085636 -36.09634 102.55944
5.18 6.79 -0.55 -32.085636 -38.38817 114.0186
7.0299997 8.41 -0.45999998 -42.398876 -46.98254 111.15381
6.69 8.54 0.03 -59.014652 -52.139156 98.54874
5.3199997 9.12 1.68 -67.60902 -49.27437 95.68395
6.39 10.92 2.82 -57.868736 -56.14986 111.15381
8.13 12.3 2.1299999 -59.014652 -52.712116 101.98649
7.5299997 12.48 2.06 -69.32789 -39.53409 84.79775
7.0699997 13.759999 3.9599998 -54.43099 -45.83662 83.07887
7.69 14.99 4.0 -32.658592 -46.40958 75.057465
7.19 15.5 2.72 -26.929016 -36.669296 59.58761
7.83 16.0 2.18 -26.929016 -38.38817 44.11775
7.1099997 15.71 0.84 -30.366762 -35.523384 16.042818
6.94 15.66 0.51 -45.83662 -33.231552 6.8754935
7.5499997 15.7 1.37 -53.858032 -33.231552 -3.4377468
8.16 15.41 0.57 -41.825916 -33.231552 -16.615776
7.7799997 14.5199995 -1.0699999 -28.07493 -33.231552 -33.80451
7.37 13.98 -1.91 -20.053522 -44.69071 -41.825916
7.3999996 13.389999 -2.09 -4.0107045 -57.29578 -44.11775
8.08 13.049999 -2.74 9.167324 -63.02536 -50.993244
8.58 12.75 -4.17 6.8754935 -69.32789 -61.879436
8.41 12.83 -4.45 -3.4377468 -81.36001 -65.890144
8.99 12.469999 -4.42 -16.615776 -95.68395 -71.61973
8.73 11.969999 -2.81 -18.907606 -107.143105 -76.203384
8.96 11.679999 -0.62 -5.15662 -119.17522 -75.630424
9.03 11.45 0.35999998 -3.4377468 -122.61296 -77.349304
8.67 10.78 1.55 -3.4377468 -122.61296 -79.06818
8.34 10.2699995 3.25 7.448451 -120.89409 -80.21409
8.7 9.88 3.6399999 37.242256 -119.17522 -84.22479
8.46 8.429999 1.67 57.29578 -107.716064 -92.81916
7.0499997 7.29 0.97999996 26.356058 -91.10028 -99.1217
5.67 6.7999997 1.5999999 -3.4377468 -97.402824 -89.38142
5.42 6.02 2.18 -26.356058 -97.402824 -83.65183
4.8199997 4.98 2.46 -45.83662 -84.22479 -81.93296
3.97 4.12 2.69 -63.02536 -71.04677 -75.630424
3.32 3.61 3.3999999 -71.61973 -63.598316 -72.19268
1.9 3.78 4.08 -61.30648 -49.27437 -71.61973
1.04 3.51 3.8999999 -49.84733 -39.53409 -68.18198
0.37 3.7099998 4.19 -36.09634 -40.680004 -60.733524
-0.24 4.02 4.18 -18.334648 -38.38817 -48.701412
-0.28 4.64 3.6899998 -0.57295775 -30.939718 -38.38817
-0.41 5.45 3.11 11.459155 -27.501974 -32.085636
-0.68 6.0099998 2.4299998 15.469859 -21.199438 -19.480566
-0.42 6.7599998 1.74 12.605071 -17.188732 -14.323945
-0.19 7.18 0.9 5.7295775 -12.605071 -13.178029
-0.14 7.3199997 0.66999996 0.0 -11.459155 -17.761692
-1.22 7.62 0.78999996 -2.8647888 -8.021409 -13.750987
-1.1899999 8.32 0.96 -1.7188734 -8.594366 -2.8647888
-0.19 8.54 0.35999998 -6.8754935 -7.448451 -1.7188734
-0.5 8.71 0.69 -10.886198 -10.886198 -5.15662
-1.0699999 8.61 0.97999996 -10.31324 -9.740283 -5.15662
-1.1 8.88 1.3299999 -2.291831 -4.583662 1.1459155
-0.51 9.24 0.53 10.31324 -4.0107045 7.448451
0.06 9.46 -0.19 9.740283 -1.1459155 6.8754935
-0.42999998 9.87 0.24 -1.1459155 -6.3025355 2.291831
-0.08 9.889999 0.42999998 0.0 -5.15662 0.57295775
-0.16 9.66 0.04 -2.291831 0.0 -0.57295775
-0.57 9.5199995 0.07 -8.594366 0.0 0.0
-0.71999997 9.719999 0.45999998 -8.594366 -2.8647888 4.583662
-0.11 9.95 0.53999996 -4.0107045 -2.8647888 3.4377468
-0.11 9.91 0.34 -4.0107045 0.0 -2.291831
-0.21 9.83 0.61 -6.3025355 -1.7188734 -2.8647888
-0.59999996 9.71 0.76 -5.7295775 2.291831 -1.7188734
-0.96999997 9.719999 0.5 -0.57295775 4.583662 0.57295775
-0.12 9.96 0.47 2.291831 0.57295775 4.583662
0.19 10.2699995 0.32 2.291831 0.0 2.291831
0.16 10.15 0.21 0.57295775 -1.1459155 -5.7295775
-0.26999998 9.74 0.07 -4.0107045 1.7188734 -7.448451
-0.55 9.41 0.35999998 -11.459155 4.0107045 -5.7295775
-0.71 9.32 0.84 -10.31324 3.4377468 1.1459155
-0.39999998 9.36 0.97999996 0.0 2.291831 4.0107045
-0.28 9.53 0.61 9.167324 3.4377468 1.1459155
-0.32 9.559999 0.049999997 8.021409 2.291831 -1.1459155
-0.32 9.57 -0.04 5.15662 0.0 -0.57295775
-0.32 9.5 -0.17 -0.57295775 2.291831 -0.57295775
-0.42999998 9.61 0.02 -8.594366 2.291831 0.0
-0.26999998 9.55 0.48 -10.886198 0.0 0.57295775
-0.34 9.59 0.78999996 -4.0107045 -1.1459155 1.1459155
-0.47 9.8 0.45999998 6.3025355 0.57295775 1.7188734
0.08 9.9 0.07 1.7188734 1.7188734 0.0
-0.14999999 9.78 -0.01 -4.583662 3.4377468 0.0
-0.39 9.73 0.39999998 -6.3025355 0.0 0.57295775
-0.32 9.87 0.71999997 0.0 0.0 0.57295775
-0.02 9.96 0.48999998 5.15662 0.0 -0.57295775
-0.099999994 9.71 0.14999999 5.15662 0.57295775 -2.291831
-0.42 9.61 0.17999999 3.4377468 0.0 0.57295775
-0.17999999 9.679999 0.21 2.291831 0.0 1.1459155
-0.17 9.8 0.29999998 1.1459155 0.0 0.57295775
-0.22999999 9.639999 0.21 0.57295775 -0.57295775 -0.57295775
-0.44 9.45 0.42999998 0.0 -2.291831 -1.1459155
-0.41 9.49 0.47 0.0 -2.291831 0.57295775
-0.22 9.51 0.08 -1.7188734 2.291831 3.4377468
-0.04 9.5199995 0.12 -6.3025355 0.57295775 0.57295775
-0.28 9.46 0.53999996 -4.0107045 0.0 -0.57295775
-0.44 9.4 0.78 5.15662 -0.57295775 0.0
-0.35999998 9.599999 0.25 9.167324 0.57295775 1.7188734
-0.17999999 9.66 -0.21 1.7188734 0.0 1.7188734
-0.28 9.74 0.55 -6.3025355 -2.291831 4.0107045
-0.12 9.98 0.64 -2.291831 -0.57295775 4.0107045
-0.049999997 10.03 0.42999998 1.7188734 0.0 1.1459155
-0.11 9.79 0.04 1.7188734 0.57295775 0.0
-0.39 9.69 0.41 -2.291831 0.0 0.0
