-1.13 9.5 -1.1899999 26.929016 26.356058 3.4377468
-0.29 9.26 -0.93 21.199438 8.594366 9.740283
-0.26999998 9.21 -1.09 29.793804 -18.907606 3.4377468
-0.35 8.87 -2.9399998 40.107044 -24.064226 -0.57295775
-1.0799999 8.79 -3.1999998 29.793804 -9.740283 -1.7188734
-1.05 8.57 -2.49 7.448451 -1.7188734 2.8647888
-0.87 8.22 -2.07 -2.291831 -9.740283 7.448451
-0.32 7.89 -2.1499999 -4.0107045 -17.188732 11.459155
0.61 7.1099997 -1.8 -2.8647888 -13.178029 16.042818
-0.01 6.5699997 -2.33 0.0 -9.740283 10.886198
-0.5 5.17 -3.36 4.0107045 -5.7295775 14.896902
-1.41 4.88 -4.2599998 13.178029 -2.8647888 18.907606
-0.66999996 5.2799997 -4.2799997 17.188732 -12.032113 27.501974
1.22 5.44 -5.66 20.053522 -30.939718 36.09634
1.65 5.04 -6.08 7.448451 -34.377464 41.25296
1.65 5.04 -6.08 7.448451 -34.377464 41.25296
0.78 6.3399997 -2.46 -43.544792 -14.896902 37.815212
1.88 6.0099998 -2.79 -28.07493 -21.199438 41.25296
3.01 6.49 -3.51 -17.188732 -28.07493 45.263664
3.31 6.74 -3.3999999 -18.334648 -41.825916 59.58761
4.0299997 7.19 -2.08 -37.815212 -42.971836 64.17127
4.77 7.5899997 -0.90999997 -46.40958 -30.939718 57.868736
4.6 8.01 -0.31 -34.377464 -26.356058 46.40958
3.76 8.559999 -0.28 -20.62648 -43.544792 46.98254
3.6799998 9.28 0.17 -16.615776 -56.72282 56.72282
5.18 9.62 -0.93 -7.448451 -69.900856 76.77634
6.18 10.08 -2.35 -3.4377468 -84.22479 88.80846
7.3399997 10.36 -2.7 -9.740283 -88.2355 90.52733
7.5699997 10.42 -1.6999999 -39.53409 -95.68395 83.07887
6.49 9.91 -0.02 -75.057465 -92.81916 66.463104
6.0699997 10.26 2.1699998 -105.42423 -116.31043 67.60902
7.1499996 12.03 4.56 -105.42423 -126.05072 73.91155
8.49 13.349999 5.56 -92.24621 -138.08282 81.93296
7.41 13.7699995 7.41 -85.37071 -124.33183 69.900856
6.8199997 13.87 7.8999996 -80.21409 -104.85127 57.868736
6.2799997 15.339999 7.2799997 -49.84733 -65.890144 41.825916
6.95 15.38 5.45 -36.09634 -59.58761 40.107044
7.41 14.83 5.5299997 -36.669296 -59.58761 34.950428
6.5099998 14.969999 5.64 -30.939718 -52.712116 4.0107045
6.5099998 14.61 3.84 -23.49127 -49.27437 -9.167324
6.15 14.03 2.97 -42.398876 -41.825916 -24.637184
5.87 13.469999 4.33 -63.598316 -34.950428 -37.242256
5.75 13.09 4.33 -61.879436 -32.658592 -42.398876
5.44 13.07 3.51 -45.263664 -26.929016 -46.40958
5.58 12.63 2.36 -28.07493 -23.49127 -44.11775
6.3399997 12.59 1.22 -18.334648 -24.064226 -43.544792
6.92 12.11 0.24 -19.480566 -31.51268 -49.84733
5.98 11.75 0.16 -30.366762 -37.815212 -69.900856
5.98 11.75 0.16 -30.366762 -37.815212 -69.900856
5.79 11.389999 2.11 -50.993244 -40.107044 -75.057465
7.31 10.78 1.36 -38.38817 -44.69071 -64.17127
6.6099997 9.429999 1.8 -25.7831 -36.09634 -81.93296
4.02 9.99 2.99 -24.064226 -30.366762 -103.70536
3.9599998 10.21 2.9299998 -12.605071 -21.199438 -96.256905
5.0899997 9.69 2.86 0.57295775 -16.615776 -77.349304
5.5499997 9.61 3.1299999 7.448451 -26.356058 -77.349304
4.83 9.5199995 2.3799999 17.188732 -37.815212 -90.52733
4.38 9.3 2.12 20.62648 -42.971836 -101.41353
3.6999998 8.83 2.3 12.032113 -52.139156 -105.997185
3.53 8.7699995 2.24 8.594366 -52.712116 -106.57015
3.27 8.2699995 1.87 0.0 -49.27437 -103.70536
2.8899999 8.16 2.23 -6.8754935 -46.98254 -105.42423
2.23 8.22 2.74 -18.334648 -44.69071 -109.43494
1.6899999 7.94 2.86 -23.49127 -49.27437 -111.15381
1.37 7.16 3.06 -24.064226 -48.128452 -108.86198
0.25 7.2 2.8999999 -16.615776 -45.83662 -107.143105
-0.55 7.2 2.61 -10.886198 -41.825916 -102.55944
-0.11 6.62 3.1299999 -14.896902 -45.83662 -92.24621
-0.04 6.5899997 3.1699998 -17.188732 -49.27437 -89.95437
-0.24 6.58 3.21 -19.480566 -53.858032 -91.67324
-1.3 5.89 2.8899999 -24.064226 -34.950428 -87.089584
-1.78 5.7799997 2.95 -28.07493 -26.929016 -84.79775
-2.55 5.94 3.82 -37.815212 -20.053522 -81.36001
-2.98 5.54 4.5899997 -31.51268 -24.637184 -66.463104
-3.04 6.0 4.13 -21.772396 -24.637184 -63.598316
-3.11 5.94 3.03 3.4377468 -22.345354 -58.441692
-3.75 5.8599997 3.46 13.750987 -10.886198 -49.84733
-3.59 6.47 3.3 11.459155 -6.3025355 -39.53409
-2.99 6.2599998 2.53 15.469859 -12.605071 -32.085636
-3.36 6.0 1.9699999 8.594366 -6.8754935 -29.220846
-4.44 6.5699997 3.05 -5.15662 5.7295775 -29.220846
-4.58 7.4199996 3.36 -2.8647888 4.0107045 -19.480566
-3.4499998 7.06 2.3899999 9.167324 -1.7188734 -8.021409
-3.53 7.3799996 2.35 11.459155 -7.448451 -10.31324
-3.86 8.0 2.55 4.0107045 -10.886198 -11.459155
-3.6599998 7.89 2.48 0.0 -8.594366 -9.167324
-3.75 7.7999997 2.9399998 -7.448451 0.0 -6.3025355
-4.0499997 8.03 3.46 -9.167324 2.8647888 -4.583662
-3.8799999 8.4 3.53 -2.291831 0.0 0.57295775
-3.26 8.41 2.72 8.021409 2.291831 1.1459155
-3.72 8.42 2.34 6.3025355 3.4377468 -2.291831
-3.9399998 8.7 2.8 0.57295775 4.0107045 0.0
-3.85 8.82 2.6499999 0.0 3.4377468 1.7188734
-3.47 8.61 2.33 2.291831 5.7295775 4.0107045
-3.52 8.71 2.5 2.291831 4.0107045 4.0107045
-3.34 9.389999 2.59 0.0 -3.4377468 1.7188734
-3.21 8.95 2.85 -1.1459155 4.0107045 4.0107045
-3.47 8.92 3.06 -1.1459155 6.8754935 1.1459155
-3.7099998 9.21 2.61 5.7295775 3.4377468 -2.291831
-3.7099998 9.21 2.61 5.7295775 3.4377468 -2.291831
-3.1 8.9 1.5799999 4.583662 1.1459155 2.291831
-3.73 8.98 2.71 -9.740283 8.021409 -1.7188734
-3.56 8.97 3.1899998 -6.8754935 4.583662 2.291831
-3.1799998 9.2699995 2.87 4.0107045 0.0 5.15662
-2.8999999 9.19 1.8499999 13.750987 1.7188734 4.0107045
-3.04 9.11 1.9399999 6.8754935 4.583662 0.57295775
-3.4299998 8.96 2.23 -0.57295775 5.7295775 -3.4377468
-3.58 8.73 2.12 -0.57295775 4.583662 -2.291831
-3.31 8.71 2.07 0.0 2.291831 0.0
-3.26 8.75 2.21 -1.1459155 1.1459155 2.291831
-3.35 8.91 2.32 -1.1459155 5.15662 2.291831
-3.4099998 8.9 2.1399999 0.0 5.7295775 2.291831
-3.27 8.91 2.32 2.291831 5.7295775 4.583662
-3.35 9.0 2.71 8.594366 -2.8647888 5.7295775
-3.04 9.54 2.37 14.896902 -4.583662 6.3025355
-2.7 9.73 0.95 25.210142 -7.448451 6.8754935
-3.1499999 9.559999 1.8 4.0107045 -0.57295775 0.0
-3.34 9.37 2.12 -4.0107045 -0.57295775 -4.0107045
-3.46 8.82 2.18 -9.167324 0.57295775 -3.4377468
-3.6 8.87 2.6799998 -4.0107045 1.7188734 0.0
-3.4399998 9.0199995 2.76 1.7188734 -2.8647888 3.4377468
-2.86 9.44 1.61 15.469859 0.57295775 8.021409
-2.96 9.33 1.4 14.323945 2.8647888 6.8754935
-3.1699998 9.32 1.61 9.740283 2.8647888 4.0107045
-2.9399998 9.42 2.05 3.4377468 -6.3025355 0.0
-2.9399998 9.42 1.65 3.4377468 -6.3025355 0.0
-3.3 9.22 1.68 8.021409 0.0 0.0
-3.33 9.19 1.87 0.57295775 2.291831 -1.7188734
-3.26 9.099999 2.28 -5.7295775 0.57295775 0.0
-3.34 9.05 2.44 -3.4377468 2.8647888 1.7188734
-3.08 9.19 2.12 3.4377468 -1.1459155 2.8647888
-3.02 9.179999 1.92 4.0107045 -1.1459155 3.4377468
-3.28 9.25 1.9 3.4377468 3.4377468 5.15662
-3.09 9.42 1.66 1.1459155 0.57295775 4.0107045
-2.79 9.33 1.55 -2.8647888 1.1459155 5.15662
-3.04 9.12 2.04 -9.167324 4.583662 0.57295775
-3.25 9.12 2.53 -6.3025355 0.57295775 -1.7188734
-3.35 9.13 2.29 1.7188734 -1.7188734 -0.57295775
-3.22 9.12 1.89 6.3025355 0.57295775 1.7188734
-3.1799998 9.0 1.78 5.15662 0.57295775 1.7188734
-3.1799998 9.23 2.07 3.4377468 0.0 1.7188734
-2.84 9.23 1.99 2.8647888 -0.57295775 2.8647888
-3.22 9.15 1.7099999 3.4377468 0.0 1.1459155
-3.33 9.17 1.8199999 2.8647888 -1.1459155 -0.57295775
-3.06 9.3 2.01 0.0 -5.15662 0.57295775
-3.02 9.33 2.22 -2.291831 -1.1459155 2.8647888
-3.27 9.15 2.48 -2.291831 2.291831 1.1459155
-3.08 9.41 2.4199998 2.291831 -1.7188734 1.7188734
-2.6299999 9.41 1.81 9.167324 -4.0107045 4.0107045
-2.8999999 9.42 1.64 4.583662 0.0 1.7188734
-3.3899999 9.139999 1.8499999 -5.7295775 5.15662 -0.57295775
-3.12 9.04 2.56 -8.594366 4.0107045 1.1459155
-2.79 9.2 2.3799999 -2.291831 -3.4377468 1.7188734
-2.81 9.32 1.5899999 8.594366 -5.7295775 0.0
-3.32 9.16 1.52 5.7295775 -0.57295775 -1.7188734
-3.49 9.24 2.29 -1.7188734 1.7188734 -1.7188734
-3.21 9.0199995 2.48 -3.4377468 0.57295775 4.583662
-3.04 8.98 2.54 -3.4377468 0.57295775 4.583662
-2.9399998 9.28 1.8 9.167324 -2.8647888 1.7188734
-3.01 9.26 1.51 9.740283 -2.291831 1.1459155
-3.24 9.2 1.8399999 2.8647888 0.57295775 0.57295775
-3.1399999 9.349999 2.22 -3.4377468 1.7188734 0.57295775
-2.7 9.4 1.9499999 -2.291831 -1.7188734 2.291831
-2.97 9.28 1.9699999 0.57295775 -2.291831 1.7188734
-3.1899998 9.25 2.0 0.0 -1.7188734 -2.291831
-3.09 9.16 1.99 -0.57295775 -4.583662 -1.7188734
