1.9872481 10.1206 0.41420954 1.699565 -3.17513 -3.7341847
1.7310607 9.967366 0.6273 -1.065435 -4.33013 -4.504185
1.5634614 9.816526 0.818842 -2.8504353 -2.75513 -6.184185
1.3910737 9.775824 0.79250497 -1.695435 -2.33513 -5.799185
1.3048798 9.730332 0.89545876 1.279565 -1.56513 -4.504185
1.3743137 9.646533 0.8643332 3.4845648 -0.97012997 -3.104185
1.498816 9.644139 0.5794145 6.039565 -0.51513004 -0.794185
1.7789462 9.747093 0.3615355 9.294565 0.32487 1.760815
1.7885233 9.715967 0.4644893 10.274566 -0.27012998 2.7058148
1.7382435 9.63935 0.5770202 7.579565 1.7248701 0.430815
1.7669748 9.519637 0.062251143 7.124565 2.49487 -1.7391851
1.6544439 9.330489 -0.6177229 11.394566 -0.20013002 -2.8591847
1.3743137 9.124581 -0.8571504 13.109565 -2.82513 -4.084185
1.2138973 8.971348 -1.010384 8.314565 -2.3001301 -4.504185
1.3910737 8.758257 -0.9194015 1.7345649 -1.6001301 -3.174185
1.132492 8.300951 -0.72785956 -5.860435 -0.48013002 -0.724185
0.91700727 7.989695 -0.65363705 -13.105434 2.6348698 0.640815
0.7206767 7.640131 -0.723071 -16.955435 2.80987 3.265815
0.9026416 7.2714124 -1.0008069 -16.570435 1.75987 8.340816
0.9529214 6.8236833 -1.4198049 -11.530436 -4.78513 14.080815
1.2785428 6.2969427 -1.9489397 -2.920435 -14.445129 17.720816
1.5395187 5.691191 -2.6935592 8.244565 -27.990131 20.310816
1.8507744 5.2290964 -3.0359404 17.204565 -39.715134 22.760815
2.1021733 4.8986864 -2.7869358 12.654566 -43.28513 31.685814
1.838803 4.6137676 -2.2961094 4.499565 -38.490128 36.515816
2.2554069 4.948966 -2.2194927 4.499565 -42.44513 43.76082
2.7869358 5.288953 -2.5522969 6.9845653 -51.02013 50.83082
3.1580484 5.7007685 -2.1716073 2.784565 -50.91513 53.840816
3.5052183 6.1317377 -1.1947432 -9.010435 -46.33013 55.275814
3.4549387 7.369578 0.15323359 -17.480434 -42.44513 55.800816
3.1460772 8.545167 -0.37590113 -15.485434 -44.26513 60.59582
4.4485626 8.897125 -0.4285752 -19.335436 -44.68513 76.87081
5.5092263 9.033599 0.5770202 -37.010437 -44.96513 96.54082
7.458166 8.830086 1.9058428 -47.125435 -58.580128 103.015816
7.3216925 9.122187 2.4613144 -45.795433 -77.72513 95.38581
6.7829804 9.320911 2.1835787 -39.250435 -76.88513 80.86082
7.2426815 9.110215 2.056682 -37.570435 -59.385136 80.195816
7.901107 8.947405 2.2625897 -44.290432 -47.345135 86.70582
7.7095647 8.363202 3.2466366 -51.885433 -42.51513 84.15082
6.0263896 8.9498 4.4916596 -55.210434 -43.530132 69.66081
6.3903193 9.3280945 3.4716985 -46.040436 -37.54513 61.015816
7.553937 9.629773 1.4844503 -26.930437 -31.280132 68.68082
8.310528 9.5794935 1.6448668 -23.325436 -27.08013 75.54081
8.123775 10.192428 2.4349775 -40.580437 -21.34013 72.42582
7.7957587 10.891556 2.3631492 -53.285435 -16.93013 61.08581
8.600235 11.358439 1.403045 -52.025436 -11.29513 54.085815
9.993703 12.1054535 1.6496553 -54.090435 -9.05513 54.050816
11.2004175 12.830918 3.1915684 -69.98044 -3.5951302 49.150818
10.573117 13.65455 3.7877429 -82.61543 7.32487 28.115816
10.060742 13.644972 2.6097596 -74.28543 18.41987 1.8658152
9.682447 13.3959675 1.4916332 -55.070435 23.074871 -17.349186
9.945818 13.304985 2.1668186 -48.525436 19.29487 -30.754183
9.809344 13.546807 2.7079248 -58.255436 17.57987 -41.009186
9.8787775 13.606664 1.9297855 -61.12543 21.394869 -52.909187
9.931452 13.168511 1.2953026 -50.450436 22.584871 -64.21419
9.490906 12.670503 2.0494993 -43.065437 18.66487 -77.234184
8.736709 12.301784 2.8946784 -44.115433 12.01487 -94.20919
8.48531 11.861238 2.6073654 -40.475433 4.3148704 -108.24418
8.327288 11.183658 2.4062462 -28.435434 -3.4551299 -114.75419
7.8268843 10.589877 3.2274826 -22.065435 -5.80013 -119.094185
7.405492 10.008069 4.5275736 -25.915436 -3.70013 -125.429184
7.1564875 9.2490835 4.3839173 -10.935435 -15.98513 -137.85419
6.3639827 8.786988 3.9146392 3.869565 -26.52013 -143.6292
5.355993 8.28898 4.189981 2.469565 -24.49013 -144.8892
4.393494 7.937021 4.515602 -7.2254353 -13.36013 -137.74918
3.694366 7.491686 4.740664 -9.955436 -3.6301303 -126.79418
3.2562137 7.144516 4.556305 -3.235435 -1.95013 -117.834175
2.597788 6.952974 4.697567 6.7745647 -6.92013 -112.19919
1.7095122 6.7925577 4.415043 17.834564 -12.94013 -107.33419
0.9289786 6.481302 3.4166303 29.594564 -12.27513 -91.51419
1.2809371 6.117372 2.6121538 35.194565 -5.87013 -69.91918
2.52596 6.1077952 2.1668186 28.159565 0.25487 -52.349186
2.473286 6.646507 3.3495905 13.529565 0.91987 -47.694187
1.4964218 6.893117 3.6440864 7.894565 -2.61513 -55.21919
0.37590113 6.533976 2.727079 19.339565 -13.50013 -69.07918
-0.8284191 6.1317377 1.8364087 28.439566 -18.50513 -72.61418
-0.8930645 6.2083545 1.776552 21.649565 -8.91513 -56.829185
0.6703969 6.4621477 2.0973847 3.134565 9.73987 -28.934183
1.9273912 6.8069234 1.9561225 -14.365435 25.45487 -8.739185
1.2665714 6.981705 2.2530127 -21.470436 29.234869 -16.159184
0.21548474 6.143709 2.865947 -20.455437 23.87987 -40.064186
-0.22027329 5.1620564 2.2099156 -11.985435 15.514869 -59.279186
-0.8571504 5.152479 1.3407938 -0.400435 6.16987 -66.524185
-2.4062462 5.401484 1.324034 0.019565 5.67987 -66.27918
-3.4309957 5.7989335 1.2546 -9.710436 15.129869 -63.16418
-3.1652312 5.8180876 2.0710478 -19.755436 23.63487 -55.604187
-2.545114 6.3472223 4.1420956 -34.665436 26.539871 -36.704185
-1.6759924 6.6776323 4.2546263 -36.730434 27.23987 -17.489185
-2.2458298 7.14691 3.4262073 -14.330435 17.264872 -7.199185
-2.9641123 7.3192983 2.8515813 12.094565 5.7498703 -11.609184
-2.5858169 7.103813 2.6073654 26.969566 -8.215131 -15.949185
-2.648068 7.5850625 2.7941186 25.709564 -21.480131 -10.979185
-2.2242813 7.616188 2.221887 12.374564 -9.72013 -3.804185
-2.9736893 8.044764 2.1620302 -0.12043501 15.86487 -0.899185
-3.3950818 8.358414 2.4086404 -9.325436 28.56987 -5.204185
-3.0215747 8.60263 2.597788 -12.580435 23.109869 -6.534185
-2.5499027 8.693612 2.3128695 -7.120435 4.17487 0.88581496
-2.6600394 8.801354 2.3392065 2.364565 -9.44013 5.4008155
-2.49244 9.06233 2.6217308 7.8595653 -14.900131 4.4558153
-2.063865 8.976136 3.100586 7.4045653 -16.82513 5.1208153
-2.2099156 9.009656 3.0718546 2.644565 -9.58013 7.150815
-2.2170985 9.076695 3.057489 2.539565 -1.8801302 6.2408147
-2.221887 9.019233 2.8827069 4.954565 -1.95013 4.525815
-2.257801 8.940222 2.8970726 7.894565 -5.6251297 4.140815
-2.2721667 8.851634 2.6648278 11.744565 -7.97013 5.1908154
-2.2793496 9.076695 2.3942747 15.139565 -8.355129 7.010815
-1.9465454 9.268238 2.248224 15.419565 -6.2201304 10.335814
-1.6520497 9.407105 2.343995 14.334566 -5.80013 12.2958145
-1.3479767 9.469357 2.1189332 15.139565 -8.74013 11.665815
-1.4796618 9.42626 1.7478206 15.874565 -9.65013 9.075815
-1.7358493 9.419077 1.7238779 11.639565 -5.10013 5.1908154
-1.7454263 9.428655 2.1883671 3.764565 1.33987 4.2458153
-1.6233183 9.431048 2.2362528 1.279565 1.0948701 6.135815
-1.6257126 9.435837 2.1309047 4.429565 -3.14013 7.150815
-1.6137413 9.466963 1.9800652 7.334565 -4.78513 7.395815
-1.4605076 9.641745 2.1237218 7.4745646 -5.2401295 8.445816
-1.089395 9.778218 2.1093562 7.019565 -6.50013 9.390815
-0.9984126 9.826104 1.9704882 6.494565 -7.02513 8.830814
-1.2617828 9.780613 2.1189332 3.2045648 -3.24513 5.4008155
-1.3982565 9.687236 2.4613144 -1.1354351 0.07987 1.2358149
-1.3719195 9.608225 2.3942747 -1.905435 -0.93513006 -0.23418501
-1.5131817 9.510059 2.2147043 1.2095649 -2.19513 0.115815
-1.525153 9.474146 2.2697725 2.994565 -0.095130004 0.570815
-1.3000913 9.347249 2.2961094 2.994565 0.9898701 2.1458151
-1.4772675 9.373586 2.056682 4.989565 -0.58513004 2.530815
-1.620924 9.4142885 1.8747171 7.7195654 -2.3001301 0.92081493
-1.4341706 9.469357 1.7310607 8.209564 -2.23013 1.130815
-1.4150164 9.488511 1.7382435 6.389565 -2.05513 3.090815
-1.4844503 9.490906 1.9154198 2.574565 -0.20013002 3.300815
-1.3862851 9.545974 2.0614705 -0.960435 2.31987 2.845815
-1.2761484 9.584282 1.838803 -0.12043501 0.39487 3.440815
-1.2306572 9.569917 1.7454263 3.5545652 -4.75013 2.915815
-1.3455825 9.474146 1.8819 3.4845648 -6.8501306 0.81581503
-1.5036045 9.37598 2.0590763 -0.47043505 -4.54013 -1.3191851
-1.664021 9.308941 2.0614705 -3.795435 -1.18013 -2.054185
-1.637684 9.421472 2.1620302 -3.865435 1.3748701 -1.529185
-1.2833313 9.462174 2.0758362 -1.7654351 0.56987 0.850815
-1.1684061 9.541185 1.8507744 1.699565 -3.31513 4.4558153
-1.3791022 9.5483675 1.7573977 3.134565 -3.9801302 2.425815
-1.3455825 9.507666 1.8411974 -0.785435 -1.14513 1.5508151
-1.3192455 9.507666 2.248224 -4.1104345 0.28987 2.1458151
-1.3743137 9.517242 2.3056867 -3.130435 -0.13013001 2.215815
-1.297697 9.560339 2.0925963 0.9295651 -1.63513 2.320815
-1.2162915 9.62259 1.951334 3.4495652 -3.0001302 2.530815
-1.201926 9.565128 1.7789462 3.099565 -2.44013 2.1458151
-1.359948 9.519637 1.9992194 -0.12043501 0.91987 1.2008151
-1.4078336 9.522031 2.142876 -2.5354352 2.42487 0.990815
-1.3695252 9.577099 1.9585168 -0.54043496 0.14987001 2.040815
-1.2186859 9.538791 1.8196489 2.574565 -2.65013 3.0558152
-1.1636176 9.486116 2.004008 1.454565 -2.23013 3.370815
-1.2857256 9.452597 2.0973847 -1.345435 0.77987003 2.6358151
-1.3288225 9.481328 2.020768 -1.415435 1.9698701 1.7958149
-1.324034 9.574705 1.9633054 0.15956502 0.81487006 1.760815
-1.0223553 9.646533 2.0399222 0.82456505 -0.20013002 2.950815
-1.1779832 9.646533 1.9465454 0.9295651 -0.69013 2.6358151
-1.1827718 9.574705 1.8603516 1.594565 -1.18013 0.500815
-1.1995317 9.526819 1.9848539 0.36956498 -1.00513 0.115815
-1.1923488 9.586677 2.083019 -1.695435 1.5148702 0.500815
-1.1516461 9.5794935 2.0279508 -1.485435 1.19987 0.67581505
