-2.52 9.5 -2.05 29.793804 24.064226 12.605071
-1.93 9.309999 -1.9699999 10.886198 13.178029 15.469859
-1.35 9.059999 -1.89 9.740283 15.469859 11.459155
-1.55 9.08 -1.74 10.886198 16.042818 6.8754935
-2.22 8.78 -1.76 12.032113 6.3025355 0.0
-1.9 8.44 -2.5 16.615776 9.740283 5.7295775
-1.2099999 8.29 -2.62 11.459155 19.480566 15.469859
-0.77 7.6299996 -2.84 -5.7295775 34.950428 22.345354
-2.06 8.08 -0.59999996 -29.220846 56.72282 19.480566
-1.15 8.08 -1.8299999 -13.178029 30.939718 21.772396
-0.31 7.6099997 -3.49 20.62648 -18.334648 24.637184
-1.13 7.17 -4.2799997 22.91831 -13.178029 21.772396
-2.04 7.1 -3.6299999 10.886198 -1.7188734 22.91831
-2.49 7.75 -1.25 -19.480566 12.032113 28.64789
0.59999996 7.56 -2.05 -14.896902 -21.199438 47.555496
-0.13 7.66 -3.06 5.15662 -37.242256 41.25296
-1.41 7.93 -2.1499999 2.291831 -31.51268 33.231552
-0.39 7.8799996 -1.62 -4.583662 -38.38817 42.971836
1.4 7.8599997 -2.4199998 -0.57295775 -47.555496 53.858032
1.41 7.64 -2.82 2.291831 -51.5662 50.420284
0.85999995 7.6 -2.46 -4.583662 -52.139156 38.38817
0.45999998 7.68 -1.8 -6.3025355 -53.285076 37.242256
1.16 7.7599998 -2.03 -4.0107045 -52.712116 43.544792
1.8399999 7.24 -2.55 -5.7295775 -46.40958 49.84733
2.01 6.74 -2.3799999 -18.334648 -37.815212 48.128452
1.65 6.8599997 -1.56 -26.929016 -29.793804 42.971836
1.76 8.33 -1.18 -21.199438 -30.939718 43.544792
3.05 8.83 -1.53 -9.740283 -44.11775 53.285076
4.04 8.54 -1.93 -5.15662 -63.598316 56.72282
3.32 8.75 -2.18 -2.8647888 -66.463104 52.712116
3.24 8.96 -2.1499999 -8.021409 -61.30648 55.576904
3.49 8.94 -1.77 -25.210142 -64.17127 67.03606
4.27 9.349999 -0.71 -32.085636 -66.463104 74.48451
5.45 9.849999 -0.53999996 -23.49127 -79.641136 81.93296
5.8799996 10.219999 -0.85999995 -14.323945 -82.50592 80.78705
5.8799996 10.219999 -0.85999995 -14.323945 -82.50592 80.78705
6.14 11.34 0.63 -18.907606 -89.95437 63.598316
6.12 11.059999 0.9 -40.680004 -84.22479 66.463104
6.12 11.059999 0.9 -40.680004 -84.22479 66.463104
6.74 10.99 3.26 -59.014652 -61.30648 75.057465
7.3199997 11.13 3.6999998 -45.263664 -63.598316 64.17127
6.31 12.25 3.24 -25.7831 -69.900856 57.29578
6.62 12.66 2.21 -13.178029 -72.76564 69.900856
7.23 13.349999 2.1699998 -25.7831 -69.900856 63.02536
6.69 13.059999 2.84 -53.285076 -58.441692 40.680004
5.49 12.62 3.21 -62.4524 -43.544792 18.907606
5.31 12.58 3.8999999 -56.14986 -42.971836 10.886198
5.21 12.9 3.75 -39.53409 -46.98254 13.750987
5.45 13.46 3.1399999 -28.07493 -43.544792 18.907606
5.72 13.969999 2.31 -29.220846 -34.950428 15.469859
5.79 13.889999 2.21 -36.09634 -24.637184 9.167324
6.1299996 14.17 2.2 -37.242256 -19.480566 1.7188734
6.64 14.5199995 1.31 -28.64789 -17.188732 -10.31324
6.06 14.809999 0.97999996 -27.501974 -16.615776 -18.334648
5.93 15.17 1.3 -33.231552 -21.199438 -29.793804
6.95 15.2699995 0.69 -37.242256 -25.210142 -25.210142
8.139999 14.839999 -0.26 -35.523384 -21.772396 -22.345354
8.2699995 14.549999 -0.38 -43.544792 -6.3025355 -30.939718
7.45 13.96 0.88 -64.17127 20.053522 -42.398876
8.0 13.23 1.63 -82.50592 28.64789 -48.701412
8.099999 11.42 2.47 -77.922264 10.31324 -59.58761
6.98 10.79 3.02 -59.58761 -17.188732 -86.516624
6.5099998 10.469999 3.1299999 -27.501974 -20.053522 -99.1217
5.8199997 9.88 2.29 -1.1459155 -12.605071 -99.69466
5.8199997 9.88 2.29 -1.1459155 -12.605071 -99.69466
4.89 9.24 3.6999998 -9.740283 -2.291831 -79.641136
5.97 8.34 3.29 -4.583662 -12.605071 -68.18198
6.02 8.07 2.82 6.8754935 -28.07493 -81.36001
4.88 7.98 3.1999998 20.053522 -20.62648 -100.84057
3.6499999 7.7799997 2.75 33.231552 -16.615776 -110.0079
2.32 7.6299996 2.48 41.25296 -10.886198 -104.27831
1.8399999 7.5699997 2.5 45.263664 -2.291831 -88.80846
2.11 7.23 2.3 46.40958 -4.0107045 -68.18198
2.19 7.29 1.8499999 42.398876 -9.740283 -54.43099
2.58 7.0 1.53 37.242256 -4.0107045 -44.69071
2.96 6.81 1.51 31.51268 -6.8754935 -42.398876
2.49 6.0 1.0799999 20.053522 -30.939718 -59.58761
1.26 5.8799996 1.16 24.064226 -24.064226 -77.922264
0.11 5.42 0.53 28.07493 -13.178029 -89.95437
-1.05 5.29 0.21 16.615776 -4.583662 -92.24621
-1.6899999 5.0699997 0.52 0.0 -0.57295775 -84.22479
-2.75 4.96 0.21 -17.188732 -2.291831 -79.06818
-2.98 4.99 0.97999996 -29.220846 -2.8647888 -71.04677
-3.6899998 5.3399997 1.56 -33.80451 -6.3025355 -68.75493
-3.86 5.37 1.76 -26.356058 -13.178029 -55.00395
-3.74 5.87 1.8299999 -9.740283 -10.31324 -42.398876
-3.3999999 6.29 1.79 -1.7188734 -10.31324 -36.669296
-3.78 6.58 0.85999995 12.032113 -18.334648 -30.939718
-3.8799999 7.16 0.68 20.62648 -17.188732 -30.366762
-3.48 7.52 0.41 18.334648 -16.042818 -23.49127
-3.35 7.73 0.32999998 6.3025355 -14.323945 -18.334648
-3.3799999 8.09 0.91999996 -4.0107045 -8.021409 -7.448451
-3.1999998 8.32 1.12 -6.3025355 -4.0107045 -2.8647888
-2.6399999 8.66 0.96999997 -0.57295775 -12.032113 -4.0107045
-2.74 8.79 0.76 1.1459155 -13.178029 -8.021409
-2.84 8.5199995 1.11 -0.57295775 -8.021409 -8.021409
-3.03 8.95 1.16 -3.4377468 -8.594366 -10.31324
-3.36 9.33 1.13 -2.8647888 0.0 -6.3025355
-3.1999998 9.17 0.98999995 -2.291831 2.8647888 -1.1459155
-2.98 8.79 1.49 -4.0107045 -1.1459155 9.167324
-2.6 9.59 1.9499999 -3.4377468 -5.15662 8.021409
-1.93 9.53 1.17 6.3025355 -9.167324 8.594366
-2.08 9.7699995 0.76 18.334648 -0.57295775 9.740283
-2.37 10.139999 0.83 16.615776 4.583662 6.3025355
-2.4099998 10.08 0.66999996 11.459155 1.7188734 6.8754935
-1.9799999 9.969999 0.62 8.021409 1.1459155 7.448451
-1.86 9.95 0.48999998 2.291831 -2.8647888 4.0107045
-2.11 9.79 0.28 -3.4377468 2.291831 0.57295775
-2.4299998 9.889999 1.37 -8.594366 9.167324 1.1459155
-2.1599998 9.74 1.5 -9.167324 1.1459155 5.7295775
-1.9399999 9.7699995 1.3 1.1459155 -2.291831 4.0107045
-2.1699998 9.86 0.90999997 10.886198 1.1459155 0.0
-2.21 9.88 0.82 11.459155 -1.1459155 1.1459155
-2.09 9.95 0.65 9.167324 0.0 2.8647888
-1.9699999 9.9 0.34 7.448451 5.15662 4.583662
-1.9499999 9.78 0.44 2.291831 2.8647888 5.15662
-1.99 9.84 0.57 0.0 0.0 4.0107045
-1.9699999 9.849999 0.63 0.0 4.0107045 0.57295775
-1.9799999 9.849999 0.62 1.7188734 5.7295775 0.0
-2.03 9.66 -0.01 2.8647888 5.7295775 0.57295775
-2.33 9.51 -0.17 4.583662 8.021409 -1.1459155
-2.6599998 9.74 0.42 0.0 2.291831 -1.7188734
-2.06 9.74 1.15 -5.15662 -8.021409 2.291831
-1.5999999 9.889999 0.78999996 1.7188734 -8.021409 5.15662
-1.78 10.21 0.58 8.594366 3.4377468 2.291831
-1.76 9.95 0.38 4.583662 4.583662 1.7188734
-1.89 9.86 0.089999996 -0.57295775 2.8647888 -1.1459155
-2.31 9.849999 0.22999999 -5.7295775 6.3025355 -4.0107045
-2.23 9.5199995 0.89 -10.31324 3.4377468 0.57295775
-1.93 9.75 1.22 -6.8754935 -1.7188734 2.8647888
-1.77 10.05 1.03 1.7188734 1.1459155 1.7188734
-1.87 9.88 0.45999998 8.021409 5.7295775 1.1459155
-2.11 9.79 0.21 6.3025355 4.583662 0.0
-2.03 9.969999 0.19 2.8647888 0.0 -0.57295775
-1.8399999 9.86 0.099999994 1.1459155 -1.1459155 0.0
-1.91 9.9 0.47 -4.583662 0.57295775 1.7188734
-1.89 9.91 0.66999996 -4.583662 1.1459155 2.291831
-1.9 10.0 0.59 -1.1459155 2.8647888 0.0
-1.8199999 9.83 0.44 0.0 3.4377468 0.0
-1.9499999 9.76 0.22 1.1459155 -1.7188734 -3.4377468
-1.91 10.01 0.22 0.0 -0.57295775 -4.583662
-1.51 9.969999 0.35 -5.7295775 2.8647888 -2.291831
-2.3 9.57 0.7 -16.042818 10.31324 -8.594366
-2.45 9.33 0.71999997 -17.188732 9.740283 -8.594366
-2.6 9.46 1.4 -16.615776 10.31324 -2.291831
-2.22 9.62 1.56 -11.459155 5.7295775 2.291831
-1.9799999 9.429999 1.11 -0.57295775 1.1459155 4.583662
-2.19 9.83 0.7 8.021409 2.291831 2.8647888
-2.23 9.91 0.35999998 8.594366 3.4377468 2.291831
-2.06 9.679999 0.42 5.15662 0.57295775 4.583662
-2.02 9.74 0.87 4.583662 -2.8647888 4.583662
-1.76 9.94 0.53999996 6.8754935 -9.167324 0.57295775
-2.11 9.73 -0.07 10.31324 -5.15662 0.0
