0.5913859 9.766247 0.38308397 -1.996085 0.492345 -5.59748
0.7589851 9.601042 0.45491222 -1.7510849 -1.572655 -2.9374802
0.7015225 9.6585045 0.33519846 1.8889148 -4.0926547 -1.9924802
0.70631105 9.684841 0.14844504 5.213915 -3.4976552 -2.5874798
0.7302538 9.72315 0.04070267 4.408915 -1.677655 -2.72748
0.723071 9.737515 0.09577099 1.2239151 1.4723449 -1.4324801
0.70631105 9.648928 0.2944958 -2.416085 3.572345 -0.59248
0.67279124 9.670476 0.43336374 -4.026085 2.907345 -0.76748
0.65363705 9.670476 0.4860378 -1.961085 0.772345 -0.55748
0.6943397 9.668081 0.51955765 0.103915006 -0.697655 -0.66248
0.5985687 9.684841 0.5554718 0.138915 0.387345 -0.31248
0.7637737 9.680053 0.5698374 -0.281085 2.1723452 1.3675201
0.9624985 9.680053 0.37111259 0.55891496 2.2423449 3.1875203
0.8834874 9.718362 0.5698374 0.55891496 2.662345 2.8025198
0.82123625 9.735122 0.66321415 -1.611085 4.412345 1.33252
0.83081335 9.792584 0.56744313 -1.366085 5.4273453 0.91252
0.88109314 9.799767 0.52674043 1.2239151 4.727345 1.15752
0.7805336 9.943423 0.6392714 2.168915 3.257345 1.19252
0.845179 10.063137 0.6344828 1.9589151 2.8723452 0.21252
1.0151725 10.269045 0.4644893 2.763915 3.607345 1.4375199
1.0846065 10.482135 0.5147691 3.393915 3.292345 2.5225198
1.2809371 10.532414 0.42139238 1.993915 3.957345 0.91252
1.6664152 10.443827 0.2777359 0.83891505 6.092345 -0.20748
1.7573977 10.180456 0.30886146 -0.421085 8.017344 -0.90748006
1.5586729 9.873989 0.20351335 -1.7160851 9.137345 -4.79248
1.063058 9.354432 -0.5123748 -0.316085 10.012344 -9.09748
1.0271438 8.736709 -1.1708003 3.463915 11.832345 -11.407479
1.1205206 7.7478733 -1.5897985 4.4439154 12.672345 -10.84748
1.3838909 6.5220046 -2.030345 1.293915 11.132345 -11.61748
1.4078336 5.3919067 -2.3463893 -4.201085 8.892345 -10.70748
0.9792584 4.1804037 -2.2865324 -14.246086 14.177345 -8.992479
-0.14844504 3.6536634 -1.403045 -28.771086 27.862347 -7.13748
-1.4293821 3.79732 -0.74701375 -36.996086 34.23235 -7.52248
-1.297697 4.2235007 -1.0439038 -29.821087 24.012344 -8.39748
0.071828246 4.6472874 -2.6432793 24.078915 -15.362655 11.83252
0.8571504 5.047131 -3.7111259 35.173916 -27.822657 28.45752
0.40463245 5.7438655 -3.083826 16.938915 -25.197655 35.807518
0.2944958 6.1461034 -1.6281068 -11.166085 -18.057653 41.40752
1.5490957 6.1077952 -0.8332076 -26.426086 -18.967655 51.90752
2.6935592 6.7303066 -0.47885495 -27.826084 -21.977657 63.037525
3.1484714 7.0080423 -0.45012367 -22.086086 -18.792656 65.55752
3.8380225 6.7494607 -0.047885496 -18.026085 -24.007656 61.88252
3.9313993 6.9218483 0.6656084 -16.381084 -32.687656 52.50252
3.9577363 7.683228 0.51716334 -13.196085 -30.587654 46.79752
4.4054656 7.743085 0.43096948 -12.741085 -14.347654 50.22752
5.0064287 8.061523 1.4700848 -19.321085 -2.797655 50.647522
5.2865586 8.564321 2.3056867 -18.726086 -7.732655 45.01252
5.339233 9.148524 1.5802214 3.9539149 -16.692656 34.33752
4.7741838 9.071907 0.1987248 31.673912 -19.177654 26.07752
4.051113 9.543579 0.0670397 38.358917 -16.832655 29.647518
4.170827 10.202005 0.82123625 22.818914 -15.327655 39.902523
5.288953 10.5803 0.2466103 13.298915 -19.842655 58.45252
6.167652 10.889162 -0.36871833 20.473913 -34.892654 74.587524
6.6010156 10.934653 -0.019154198 17.813915 -47.737656 77.17752
5.99287 11.209994 1.1037607 0.873915 -53.232655 72.38253
5.9617443 11.447028 1.9872481 -15.506085 -54.667656 69.93252
6.325674 11.593079 2.1907616 -23.556086 -53.127655 76.932526
6.605804 12.397555 2.413429 -25.411085 -47.562653 80.57252
6.8093176 12.799793 1.9633054 -23.311085 -41.332653 74.09752
6.7039695 13.070346 1.786129 -16.976086 -37.832653 61.567516
5.9210415 13.30259 1.1684061 -13.581085 -44.412655 47.28752
5.078257 13.178088 1.1181264 -21.386086 -45.567654 36.612522
4.6640472 12.97697 1.5395187 -42.246086 -37.097656 35.31752
5.6672482 13.429487 2.221887 -65.276085 -30.902655 38.92252
6.754249 13.759897 1.6305012 -76.82608 -30.972658 43.15752
6.9314256 13.628212 1.4413534 -74.13109 -36.467655 38.187523
6.136526 13.465402 1.4269878 -73.50108 -36.327656 22.262522
6.2346916 13.534836 0.88588166 -77.91109 -28.557655 7.2475195
6.2275085 13.951439 0.42139238 -77.77109 -22.117655 0.21252
6.4789076 14.595499 0.29210153 -74.13109 -24.077656 -8.71248
6.2682114 15.361668 0.8379962 -74.37608 -22.747654 -17.49748
6.3927135 16.190086 0.9194015 -66.57109 -8.782655 -37.447483
6.3544054 16.388811 0.5961744 -47.846085 -6.647655 -46.82748
6.3304625 16.783867 0.339987 -29.366085 -6.892655 -57.43248
5.9856873 16.537256 0.18196489 -20.651085 -6.017655 -63.942482
7.0271964 16.000938 1.9010541 -31.571087 6.1973453 -63.52248
8.827691 15.232376 3.5962007 -34.896084 15.192346 -61.31748
8.016032 14.502123 3.9864676 -8.856085 2.557345 -79.09748
6.8524146 13.635395 3.0550947 30.308912 -15.887655 -101.14748
6.943397 12.347275 2.2338583 50.433914 -24.987654 -100.90249
6.694392 11.540404 2.6073654 38.498917 -12.282655 -91.17248
7.884347 10.989721 3.9577363 14.838914 5.147345 -81.75748
7.0343795 9.474146 4.965726 7.8739157 -6.752655 -83.08748
5.444581 8.803748 4.7741838 29.118917 -31.462658 -104.01749
5.3440213 8.382356 3.7542229 50.363914 -32.687656 -109.86248
4.850801 8.008849 3.407053 51.518913 -14.5226555 -100.69248
3.8859081 7.4701376 3.581835 35.943916 4.6573453 -94.49748
2.5307484 6.737489 3.6177492 24.743916 11.727345 -86.06248
0.9385557 6.2706056 3.014392 27.893915 2.067345 -74.58248
0.51716334 5.499649 2.0854135 40.77392 -2.972655 -55.857483
1.3120626 5.61218 1.2713599 50.643917 0.31734502 -26.14248
2.6552508 5.5379577 0.56744313 49.38392 0.772345 -6.78748
3.4166303 5.672037 0.9984126 39.723915 -15.677656 -9.51748
3.344802 5.643306 1.8459859 21.838915 -40.212658 -22.29248
3.2562137 5.5307746 2.954535 3.4989152 -61.772655 -37.517483
3.4357843 5.1644506 3.4094474 -4.901085 -67.61766 -47.03748
3.4190245 4.9561486 2.7582045 -2.2060852 -58.482655 -50.25748
1.7526091 4.862772 1.6233183 6.403915 -44.23765 -54.42248
-0.06464542 4.925023 1.3216397 3.218915 -26.912655 -67.16248
-0.98404694 4.477294 2.0686533 -19.216085 -0.34765503 -77.032486
-1.5083932 4.2618093 2.9569294 -46.061085 20.092346 -71.747475
-2.5092 4.364763 3.337619 -57.681084 25.097345 -59.812477
-2.6001825 4.790944 3.172414 -47.286087 28.142345 -49.20748
-2.5666625 5.276982 1.8555629 -19.881084 28.072346 -35.45248
-2.4110348 5.7103453 0.339987 16.413916 12.987345 -20.99748
-2.099779 6.1820173 -0.23463893 40.878914 -3.007655 -13.787479
-1.7406378 6.5220046 0.53392327 37.27392 -6.122655 -10.39248
-1.9273912 6.7901635 0.36871833 19.668915 -2.517655 -7.06748
-1.9680939 7.5443597 0.1340794 11.163916 2.2423449 -6.99748
-1.2833313 7.881953 -0.11013664 16.658915 -5.5276556 4.09752
-1.3264283 8.178843 -0.27294734 17.043915 -7.8376555 4.6575203
-1.5107874 8.74868 -0.18196489 12.843915 -0.207655 3.57252
-1.1684061 9.031204 -0.33519846 9.028915 8.892345 7.45752
-0.82602483 9.225141 -0.4070267 8.398914 8.332345 9.62752
-1.0415095 9.462174 -0.3328042 6.963915 0.98234504 5.1125197
-1.2546 9.656111 -0.23463893 4.8989153 0.177345 0.94752
-1.0654523 9.636956 -0.23942748 4.2339153 2.3123453 2.66252
-0.7302538 9.61062 -0.42378664 5.283915 -0.34765503 5.3225203
-0.8332076 9.77343 -0.3304099 3.7089152 -3.742655 3.99252
-0.79250497 9.907509 0.07422252 -0.911085 -3.637655 2.97752
-0.56265455 9.91948 0.11013664 -1.506085 -4.5826554 5.3225203
-0.600963 10.005674 -0.32562137 2.413915 -4.232655 6.7575197
-0.76137936 10.058349 -0.37829542 3.7439148 -0.907655 6.58252
-0.57223165 10.10384 -0.021548472 0.90891504 1.9273449 8.26252
-0.23942748 10.199611 0.028731298 0.9789151 -0.032655 10.57252
-0.25379312 10.314536 -0.011971374 4.8289146 -3.8826551 9.31252
-0.31365 10.369604 -0.14605077 8.013915 -5.877655 5.21752
-0.27294734 10.237919 -0.3232271 9.133915 -8.502655 1.99752
-0.4836435 10.185245 -0.32801566 7.838915 -9.097655 0.10752001
-0.66321415 10.106234 -0.035914123 3.323915 -4.827655 -2.13248
-0.65363705 9.941029 0.047885496 -1.7510849 -1.572655 -3.3924801
-0.67279124 9.945818 0.028731298 -2.5560849 0.177345 -3.00748
-0.7398309 9.91948 0.014365649 -1.121085 1.8573451 -2.09748
-0.65124273 9.931452 0.05027977 0.803915 1.437345 -1.64248
-0.44533512 9.804555 -0.028731298 2.5189152 -0.522655 -0.73248005
-0.46209505 9.871595 -0.076616794 2.868915 -0.9426551 -0.59248
-0.54350036 9.895537 -0.057462595 1.713915 1.9623449 -2.5874798
-0.679974 9.715967 -0.17957062 0.73391503 6.057345 -4.96748
-1.0343267 9.696813 -0.1699935 0.173915 8.052345 -7.4174795
-1.063058 9.6896305 -0.105348095 -1.296085 9.137345 -8.222481
-0.8643332 9.708784 -0.12210801 -2.276085 7.877345 -5.87748
-0.86912173 9.648928 -0.21069619 -0.666085 4.832345 -2.69248
-0.9505271 9.668081 -0.36871833 2.308915 2.3473449 -1.11748
-0.79250497 9.775824 -0.36392978 4.653915 1.7173451 -0.20748
-0.6177229 9.75667 -0.43096948 5.458915 -2.9026551 2.4525201
-0.7398309 9.687236 -0.5123748 5.248915 -3.2176552 -0.10248
-0.9074302 9.7135725 -0.45730647 2.413915 -0.34765503 -1.60748
-1.0199611 9.651321 -0.18914771 -0.94608504 2.732345 -0.62748003
-1.0079896 9.577099 -0.05506832 -0.841085 1.9973452 1.2275201
-0.8930645 9.656111 -0.2681588 3.148915 -1.082655 2.8025198
-0.88109314 9.703996 -0.5554718 6.893915 -3.077655 4.6575203
-0.82123625 9.749487 -0.42139238 6.718915 -3.9176548 5.39252
-0.7901107 9.799767 -0.47167215 4.4439154 -3.847655 5.6725197
-0.65363705 9.945818 -0.38068968 3.8489149 -3.252655 6.7575197
-0.44294083 10.012857 -0.45970076 4.5489154 -4.6526546 7.3175206
-0.4860378 10.05356 -0.5147691 5.1439147 -6.752655 5.0075197
-0.5147691 10.029617 -0.30646718 2.833915 -6.472655 1.9625201
-0.4070267 9.933846 -0.17717634 -0.841085 -4.1626554 1.1225201
-0.56265455 9.914692 -0.17478207 -1.646085 -1.9226549 -0.17248
-0.6608198 9.8548355 -0.1699935 -0.771085 -0.732655 -3.32248
-0.68236834 9.696813 -0.40223816 0.138915 0.282345 -5.00248
-0.7637737 9.665688 -0.4764607 0.138915 2.2773452 -5.98248
