0.38787252 9.373586 -0.5506832 8.193815 -27.063261 -15.698095
0.59378016 9.371192 -0.47885495 0.35381502 -22.09326 -11.218095
1.2474172 9.699207 -0.5363176 -3.6361852 -18.383259 -2.118095
1.6137413 9.725544 -0.5411061 -4.581185 -16.31826 6.036905
1.6520497 9.665688 -0.31365 -3.4611852 -21.11326 6.3869047
1.3407938 9.780613 -0.014365649 -4.441185 -25.34826 2.2569048
1.333611 9.529214 -0.038308397 -6.401185 -22.47826 -2.468095
1.3647367 9.553157 0.062251143 -9.271184 -8.828259 -2.048095
1.3024855 9.581888 0.3040729 -8.7111845 -8.23326 -1.2430949
1.4533248 9.687236 0.2849187 -5.316185 -12.50326 -0.403095
1.637684 9.670476 0.014365649 -1.2911849 -12.57326 1.206905
1.5634614 9.574705 0.009577099 -1.431185 -9.21326 1.6619049
1.5083932 9.584282 0.3232271 -4.441185 -5.39826 1.206905
1.7286664 9.615408 0.45491222 -6.226185 -0.88326 1.7669051
1.7047237 9.6585045 0.30886146 -5.071185 3.52674 1.416905
1.4437478 10.072714 0.4166038 -1.641185 3.9817402 -1.383095
1.9369683 10.211582 0.4644893 4.168815 -5.2932606 -2.923095
1.9848539 10.628186 -0.021548472 10.5388155 -13.55326 -3.868095
2.099779 10.886767 -0.56744313 13.233815 -10.543261 -4.288095
1.8052832 11.178869 -0.25858167 8.403815 -5.1532598 -4.428095
2.1452703 11.425479 0.13647367 2.4188151 -2.91326 -6.2130947
2.466103 11.176475 -0.5506832 4.063815 -8.3732605 -7.8230953
2.3894863 10.790997 -0.9337672 8.298815 -11.103261 -9.713096
1.908237 10.039194 -1.2210802 5.638815 -10.85826 -13.843095
1.1157321 8.93304 -1.2426286 -1.5011849 -9.45826 -17.938095
0.8092649 7.9585695 -1.0343267 -7.5911856 -7.1832595 -22.278095
-0.38547826 7.106208 -1.036721 -10.461185 -3.9282598 -25.393095
-0.25379312 5.7438655 -1.0462981 -8.361185 -3.12326 -23.153095
-0.5219519 5.2865586 -1.8531687 -1.781185 -1.02326 -17.973097
-0.7948992 4.5539107 -3.3208592 15.018816 0.44674 -16.153095
-0.9792584 4.1420956 -4.659259 32.868816 -2.80826 -17.343096
-1.0870007 3.9098508 -4.95136 43.053818 -13.44826 -17.133097
-1.2210802 3.902668 -4.853195 37.523815 -20.69326 -14.123095
-1.1564348 4.1397014 -3.7398572 16.488815 -14.18326 -3.973095
-0.5411061 4.3958883 -2.9569294 -10.006185 0.30674002 13.841906
0.749408 4.5084195 -3.1460772 -22.256187 6.08174 32.776905
1.3527653 4.3073006 -3.5746522 -15.256186 -6.90326 44.886906
1.5012103 4.5060253 -2.3990633 -12.176185 -14.008261 47.336906
1.4748733 4.7765784 0.035914123 -25.896185 -7.74326 47.266907
1.1564348 4.9633317 0.69912827 -36.326183 -4.4182596 44.116905
2.7725701 5.183605 -1.2953026 -18.546185 -6.06326 43.941906
3.8236568 5.3440213 -3.0335462 22.438814 -37.14326 57.626907
3.605778 6.0694866 -1.7789462 22.333815 -54.99326 65.53691
3.2921278 6.6608725 -0.80687064 1.788815 -52.01826 59.20191
3.632115 6.9050884 -2.0614705 -4.476185 -47.95826 69.87691
6.6632667 6.2777886 -2.5570855 -17.076185 -46.69826 101.3069
6.8093176 6.56989 -0.04070267 -47.281185 -52.29826 110.2319
5.7630196 7.5826683 2.535537 -63.941185 -57.72326 91.366905
7.0894475 8.162083 0.28013015 -44.376186 -74.06826 89.1619
8.6984005 7.6281595 -0.2849187 -29.501184 -79.24826 102.46191
8.71516 8.353624 3.2633965 -46.721184 -68.95826 101.271904
7.7526617 9.998491 3.727886 -42.10119 -74.41826 80.7619
8.013638 10.376787 -0.56744313 5.148815 -92.93326 70.33191
9.926663 9.567522 -2.657645 24.013815 -96.53826 81.601906
10.055954 10.448615 2.865947 -20.751184 -77.11326 89.266914
8.449396 12.385584 5.427821 -59.321182 -56.18326 74.2519
7.7670274 12.830918 1.3072741 -26.176186 -52.92826 55.176903
9.514848 12.349669 -3.275368 25.273815 -54.43326 56.366905
8.909097 12.713599 -0.8643332 13.618814 -49.91826 63.226906
7.101419 14.095096 2.4014575 -37.79619 -31.473259 52.936905
7.57788 14.676905 -0.21309046 -48.05118 -20.09826 44.431904
8.980925 14.195655 -2.6983478 -23.936184 -23.21326 48.106907
8.399116 14.202838 -0.6847626 -31.986183 -24.85826 47.58191
8.150111 14.992949 1.1875603 -66.706184 -10.753261 35.541904
9.62259 14.868446 -0.967287 -67.16119 -6.27326 26.861906
9.6585045 14.777464 -1.5371244 -44.481186 -9.73826 21.541904
8.277008 15.098297 0.28731298 -46.301186 -4.73326 5.2669053
8.432636 15.610672 -0.7326481 -52.461185 6.25674 -12.338095
9.119793 15.775877 -2.403852 -34.191185 10.10674 -21.193094
9.105427 15.737568 -2.1596358 -20.996185 20.36174 -30.433096
8.674458 15.804608 -1.3623424 -29.221186 37.126743 -42.963097
9.445415 15.974602 -2.4708917 -31.356186 24.421741 -54.268093
9.96976 15.344907 -2.6289136 -16.131186 -17.053259 -61.268093
8.595447 14.69127 -1.0055954 -17.286184 -33.04826 -73.4131
7.678439 13.874823 0.38787252 -36.116184 -23.94826 -90.0031
8.837268 12.917112 1.1181264 -45.006187 -13.028259 -94.343094
10.218765 12.313755 0.97446984 -38.741184 -3.9282598 -87.5181
10.405519 11.832506 1.2569942 -24.006186 -5.95826 -85.453094
8.279403 11.289005 1.9106313 -12.106185 -7.14826 -102.0781
6.804529 10.331296 1.2091088 -0.976185 -10.71826 -126.543106
6.936214 9.656111 0.88588166 13.968815 -14.77826 -123.35809
8.140534 8.930645 1.5083932 -2.271185 -7.0082603 -105.4031
7.7574506 8.549955 2.1596358 -13.786185 -7.95326 -106.34809
6.4525704 7.7694216 3.0886145 -14.836185 -12.818259 -118.878105
3.921822 6.9912825 2.3320236 -4.7561846 -20.69326 -123.39309
2.142876 6.3998966 1.7526091 -1.1161851 -12.39826 -107.6081
3.380716 5.6552773 2.1117504 -17.951185 15.006741 -77.578094
4.5467277 5.0567083 2.1883671 -39.126186 39.12174 -53.673096
3.8045027 5.3272614 2.7055306 -46.441185 45.77174 -59.06309
1.3216397 5.681614 3.1508656 -42.031185 44.441742 -74.603096
0.25379312 4.5539107 2.2841382 -26.386185 40.45174 -78.5231
0.3423813 3.8667538 1.3838909 -9.271184 41.25674 -62.913097
1.0941836 4.2115293 1.6328955 -7.6261845 52.701744 -41.948093
0.5147691 5.157268 2.7055306 -13.226186 58.93174 -37.713097
-0.92658436 5.516409 3.7015488 -1.606185 39.61174 -55.983097
-1.1253091 5.312896 2.1069617 34.86381 -2.45826 -64.3481
-0.52913475 5.288953 -0.52913475 73.67882 -37.878258 -52.168095
-0.22027329 5.4924664 -1.2593886 73.74882 -41.58826 -39.358093
-1.1229149 5.593026 0.24421602 28.388815 -9.66826 -39.883095
-1.9058428 4.9609375 2.4996228 -22.781185 20.18674 -53.1131
-2.4900458 4.731087 2.2601955 -40.386185 24.17674 -59.728092
-3.3495905 4.678413 1.0965779 -25.441185 14.096741 -56.963093
-4.6736245 4.582642 1.733455 -16.831186 13.74674 -49.648094
-4.5275736 4.9202347 3.4645157 -25.441185 26.48674 -37.363094
-3.8356283 5.9282246 2.9928436 -24.461185 20.60674 -20.598095
-3.347196 6.7853746 0.5506832 8.333816 -11.38326 -8.453095
-2.770176 7.24747 0.35914123 37.418816 -33.25826 -7.368095
-2.7127132 7.355212 1.403045 26.498816 -28.988258 -7.788095
-3.3831103 7.4821086 1.9752767 -2.341185 -3.99826 -10.343095
-3.4836698 7.4821086 1.3575538 -16.131186 20.29174 -17.273096
-3.8883023 7.7526617 0.679974 -11.441185 25.436739 -20.318094
-3.8260512 7.927444 -0.12689656 1.8588151 14.83174 -17.063095
-3.1029801 8.461368 0.22745611 12.113815 -1.4782599 -7.368095
-2.3248408 8.851634 0.41181526 11.028815 -12.258261 5.651905
-2.423006 9.287392 0.7110996 4.6938148 -10.36826 15.521905
-2.6959534 9.299363 1.0032011 -0.731185 -1.02326 15.556905
-2.2937152 9.567522 1.3743137 3.9238148 -7.77826 17.866905
-1.2641771 9.845258 0.8739103 14.598816 -19.15326 22.871906
-1.3814965 10.192428 0.45491222 20.548813 -17.71826 22.521906
-1.5275474 10.343267 0.6488485 15.683815 -6.79826 17.026905
-1.3407938 10.1541195 1.1731946 8.403815 -2.66826 13.316905
-1.3958622 10.096657 1.0223553 7.4938154 -3.6832597 10.061905
-1.1923488 9.996098 0.49800915 11.273815 -3.12326 6.8069053
-1.3647367 9.883567 0.36871833 10.923815 -2.91326 3.656905
-1.6807809 9.804555 0.3232271 7.038815 -0.49826 -1.698095
-1.7382435 9.835681 0.5411061 4.343815 0.83173996 -1.8380951
-1.5012103 9.792584 0.63208854 5.218815 -2.31826 1.731905
-1.5059988 9.656111 0.4166038 7.703815 -4.06826 2.466905
-1.8890828 9.603436 0.07422252 9.908815 -2.56326 -0.61309505
-1.8507744 9.498088 -0.05985687 11.2038145 -2.56326 -1.5930951
-1.6089526 9.670476 -0.009577099 10.363815 -4.5582604 2.4319048
-1.211503 9.687236 -0.12450229 9.033814 -4.69826 6.176905
-1.4006507 9.660899 -0.30167863 6.653815 -3.61326 4.671905
-1.5514901 9.684841 -0.2370332 1.7538149 -0.0082600005 0.12190501
-1.7166951 9.5244255 0.09337672 -3.286185 -0.39326 -2.118095
-1.7550035 9.387952 0.2083019 -6.716185 -5.11826 -4.568095
-1.7190893 9.289786 0.24421602 -8.361185 -5.67826 -6.3180947
-1.7550035 9.431048 0.40223816 -10.216185 -1.58326 -5.9680953
-1.8316202 9.641745 0.3998439 -10.986185 2.33674 -4.8830953
-1.9178141 9.816526 0.4740664 -8.886185 3.00174 -3.413095
-1.8316202 9.730332 0.65124273 -6.121185 -0.18326001 -1.2430949
-1.8052832 9.596253 0.8236305 -3.846185 -4.76826 0.92690504
-1.7382435 9.5794935 0.6392714 -1.571185 -6.37826 1.731905
-1.7741576 9.842864 0.505192 0.038815003 -2.77326 2.536905
-1.7813405 9.759064 0.56744313 0.143815 1.21674 3.8319046
-1.9154198 9.720756 0.76137936 -0.45118502 1.0417401 3.5519052
-1.6233183 9.794978 0.8475733 -1.221185 -1.86326 2.396905
-1.5179702 9.818921 0.68236834 -0.871185 -2.10826 4.8119054
-1.6448668 9.873989 0.62251145 1.473815 0.20174 6.561905
-1.3791022 9.742304 0.7110996 3.2938151 -2.03826 4.251905
-1.525153 9.785401 0.6296943 3.048815 -1.33826 4.216905
-1.7406378 9.754275 0.43096948 4.2738156 -0.95326006 2.4319048
-1.6424725 9.581888 0.4166038 3.958815 -1.79326 1.346905
-1.4700848 9.586677 0.68715686 1.5788151 -1.02326 2.2219052
-1.489239 9.636956 0.50998056 1.053815 1.00674 2.396905
-1.594587 9.57231 0.21309046 2.208815 1.8117402 0.68190503
-1.6688095 9.641745 0.42139238 0.843815 0.90174 -0.85809505
-1.525153 9.577099 0.59378016 -1.9211851 -0.63826007 0.366905
-1.6807809 9.603436 0.47885495 -1.641185 -1.12826 1.241905
-1.7382435 9.498088 0.34716985 0.38881502 -0.70826006 -0.33309498
-1.5610672 9.526819 0.44054657 -0.206185 -0.88326 0.12190501
-1.6305012 9.543579 0.29210153 -0.171185 -1.16326 1.381905
