1.23 9.86 -0.96999997 4.0107045 -2.8647888 -2.291831
0.35999998 10.0199995 -0.84 4.0107045 -7.448451 -9.167324
0.14 9.61 -0.9 -6.3025355 -23.49127 -8.594366
0.59999996 9.38 -0.87 -18.334648 -24.637184 5.7295775
0.77 8.9 -0.61 -19.480566 -16.042818 7.448451
0.52 8.86 -0.049999997 -14.896902 -5.7295775 4.0107045
0.89 8.61 -0.64 0.0 -6.3025355 1.7188734
1.23 8.49 -1.6899999 12.605071 -9.167324 -2.291831
1.4699999 7.87 -2.9199998 13.178029 -12.032113 -5.7295775
1.37 7.14 -3.34 -8.021409 -9.167324 -1.7188734
1.24 6.49 -3.1399999 -16.615776 -6.8754935 0.0
1.29 5.7 -3.1599998 -24.064226 -4.0107045 8.021409
1.87 4.33 -4.25 -5.7295775 -6.3025355 16.042818
1.9 3.76 -5.0 4.0107045 -19.480566 19.480566
1.49 3.02 -5.2 0.0 -34.377464 30.939718
1.62 3.06 -4.18 -5.15662 -44.11775 38.38817
2.1599998 3.04 -3.59 -11.459155 -54.43099 46.40958
3.6899998 2.36 -4.27 -17.761692 -69.32789 66.463104
4.36 2.9099998 -3.57 -28.64789 -68.75493 84.79775
4.75 2.9099998 -2.8799999 -39.53409 -68.75493 88.80846
5.43 3.6499999 -0.74 -61.879436 -83.65183 101.41353
6.2999997 3.83 -0.71 -62.4524 -90.52733 103.70536
7.6099997 4.42 -1.27 -59.014652 -103.70536 115.16451
8.73 5.5299997 0.71 -66.463104 -104.85127 124.33183
10.21 7.12 2.27 -64.74423 -116.31043 128.34254
9.78 8.24 1.01 -38.38817 -124.33183 123.75887
10.03 9.69 2.79 -45.263664 -123.18592 128.9155
12.44 10.83 3.55 -67.60902 -124.9048 149.54198
13.469999 12.36 4.72 -82.50592 -121.46705 152.40677
12.0 13.469999 8.61 -111.72677 -93.96508 123.18592
11.889999 13.16 8.78 -112.29972 -87.089584 114.59156
11.4 12.94 8.36 -88.2355 -66.463104 93.39212
8.929999 12.32 5.5699997 -66.463104 -45.83662 75.057465
8.12 12.04 5.3399997 -65.317184 -39.53409 68.18198
8.38 12.2 5.81 -67.03606 -37.242256 65.317184
9.08 12.16 4.69 -63.02536 -41.25296 59.014652
8.61 12.16 3.6 -49.27437 -36.09634 44.11775
7.6 12.469999 3.6899998 -52.139156 -26.356058 26.356058
7.8799996 12.389999 3.9499998 -59.58761 -14.323945 13.750987
8.849999 11.929999 3.1699998 -51.5662 -12.605071 8.594366
8.57 12.03 1.26 -33.231552 -14.323945 -8.021409
8.59 12.219999 1.05 -29.220846 -15.469859 -15.469859
8.91 12.66 0.0 -26.929016 -14.323945 -21.199438
10.309999 13.0 -1.49 -25.7831 -6.8754935 -26.929016
10.24 13.179999 -1.73 -32.085636 -13.178029 -43.544792
9.559999 13.75 -1.61 -33.80451 -22.345354 -60.160564
10.32 14.0 -1.61 -33.231552 -31.51268 -63.02536
10.78 14.17 -1.3 -32.085636 -36.669296 -69.32789
11.42 14.179999 -1.04 -28.07493 -44.11775 -81.36001
11.69 14.29 -0.88 -28.07493 -50.420284 -98.54874
12.15 13.549999 -0.74 -30.939718 -52.139156 -105.997185
12.37 12.34 0.03 -41.25296 -56.14986 -120.32113
11.889999 11.59 0.68 -49.27437 -57.29578 -134.07211
11.7699995 10.0 0.94 -56.14986 -53.285076 -140.94762
10.889999 8.28 1.74 -69.32789 -45.263664 -148.39606
9.33 6.98 3.25 -79.641136 -30.366762 -154.69861
8.08 6.2999997 4.68 -77.349304 -17.188732 -148.39606
7.94 5.21 4.2599998 -61.30648 -22.345354 -136.9369
6.98 4.68 4.19 -44.69071 -28.64789 -132.92621
5.91 4.64 4.39 -33.80451 -29.793804 -125.47776
5.79 4.38 3.4299998 -18.907606 -34.377464 -107.716064
5.44 4.27 2.1399999 -13.178029 -26.929016 -99.69466
4.3399997 4.58 2.24 -20.053522 -5.7295775 -100.26762
3.73 4.75 2.82 -24.637184 0.0 -97.402824
3.87 4.8199997 2.83 -30.939718 1.7188734 -85.37071
3.3 4.58 2.1299999 -32.085636 2.8647888 -83.65183
2.53 4.33 2.23 -35.523384 18.334648 -78.49522
1.78 4.39 3.7099998 -45.263664 25.210142 -77.922264
1.1999999 4.0699997 3.74 -39.53409 13.178029 -81.93296
0.19 3.9299998 3.03 -27.501974 17.188732 -82.50592
-1.0799999 4.0499997 2.69 -4.583662 30.939718 -78.49522
-1.92 4.5 3.03 5.15662 30.939718 -67.60902
-1.63 4.73 2.9299998 15.469859 20.62648 -48.128452
-0.84999996 4.7999997 1.86 30.366762 0.0 -37.815212
-1.4599999 5.6099997 1.15 40.107044 -13.178029 -41.25296
-1.6999999 6.2799997 1.24 38.38817 -5.15662 -41.25296
-1.56 6.29 0.38 31.51268 -2.291831 -29.793804
-1.9 6.69 0.66999996 12.032113 0.0 -24.064226
-1.87 7.18 1.41 -6.3025355 3.4377468 -18.907606
-1.55 7.23 1.65 -14.896902 -0.57295775 -12.605071
-1.8399999 7.89 1.8299999 -14.323945 -1.1459155 -13.178029
-2.09 8.59 2.6 -15.469859 -1.1459155 -9.740283
-0.98999995 8.51 2.58 -16.042818 -13.750987 -2.8647888
-0.77 8.49 2.55 -19.480566 -16.615776 -1.7188734
-1.29 8.94 3.53 -26.929016 -2.8647888 -1.7188734
-1.13 8.599999 3.9399998 -27.501974 6.3025355 2.291831
-0.82 8.03 3.5 -13.750987 6.3025355 5.7295775
-1.6899999 8.5 3.28 4.0107045 8.594366 1.1459155
-1.61 8.87 2.52 17.761692 4.0107045 5.7295775
-1.0799999 9.2 1.9599999 22.345354 -2.8647888 12.032113
-0.55 9.469999 1.74 18.334648 -5.15662 12.032113
-0.59999996 9.75 1.77 9.740283 -1.1459155 11.459155
-0.29999998 9.679999 1.9 2.291831 1.7188734 12.032113
-0.25 9.9 2.44 -2.291831 -0.57295775 8.021409
-0.29999998 9.86 2.56 -1.7188734 -1.7188734 4.583662
-0.32 9.73 2.34 -0.57295775 0.0 4.583662
-0.76 9.7699995 2.6499999 -1.1459155 1.7188734 2.291831
-0.7 9.78 2.73 -4.583662 2.8647888 4.0107045
-0.32 9.809999 2.86 -1.1459155 1.7188734 8.594366
0.17 9.95 2.62 4.583662 0.0 8.594366
0.06 10.13 2.32 8.594366 0.0 4.0107045
-0.06 10.07 1.8499999 8.594366 4.583662 0.0
-0.41 10.0 2.1 1.7188734 4.583662 -2.8647888
-0.26 9.78 2.24 -5.15662 4.0107045 -1.1459155
-0.48999998 9.73 2.4299998 -8.021409 5.7295775 -1.1459155
-0.53 9.66 2.6399999 -7.448451 8.021409 -0.57295775
-0.04 9.69 2.37 -2.8647888 4.0107045 0.57295775
-0.17999999 9.639999 2.1399999 -1.1459155 5.15662 -0.57295775
-0.66999996 9.66 2.32 -3.4377468 8.021409 -3.4377468
-0.57 9.37 2.24 -5.15662 4.0107045 -1.7188734
-0.53 9.36 2.3899999 -5.15662 2.8647888 -0.57295775
-0.48999998 9.45 2.55 -4.583662 2.8647888 0.0
-0.35 9.54 2.55 -1.1459155 2.291831 1.7188734
-0.22999999 9.48 2.3 1.7188734 0.0 0.57295775
-0.51 9.44 2.19 4.583662 2.291831 -1.1459155
-0.78999996 9.41 2.1299999 1.1459155 2.291831 -4.0107045
-0.71 9.24 2.26 -1.7188734 4.0107045 -1.7188734
-0.64 9.19 2.4299998 -3.4377468 2.8647888 0.57295775
-0.56 9.17 2.6499999 -1.7188734 -2.291831 0.57295775
-0.66999996 9.28 2.6699998 1.7188734 -2.291831 0.0
-0.83 9.349999 2.49 4.0107045 -0.57295775 1.7188734
-0.66999996 9.37 2.4299998 5.15662 1.1459155 4.0107045
-0.17 9.36 2.79 5.15662 -2.8647888 5.7295775
-0.08 9.5199995 2.69 10.31324 -5.15662 1.7188734
-0.24 9.83 2.33 16.042818 -1.1459155 -0.57295775
-0.39 9.92 1.78 13.750987 2.8647888 -1.7188734
-0.51 9.7699995 1.7099999 10.886198 5.7295775 -1.1459155
-0.74 9.75 1.91 0.57295775 3.4377468 0.57295775
-0.53 9.75 2.23 0.0 1.7188734 2.8647888
0.0 9.76 1.9499999 1.7188734 -1.7188734 5.15662
-0.11 9.7699995 1.93 1.1459155 1.1459155 3.4377468
-0.24 9.63 2.11 -2.291831 3.4377468 1.7188734
-0.45 9.62 1.99 -2.291831 -0.57295775 -1.1459155
-0.51 9.59 2.08 -1.1459155 -1.1459155 -2.291831
-0.56 9.639999 2.49 -4.0107045 -1.7188734 -0.57295775
-0.14999999 9.51 2.51 -2.291831 -1.7188734 1.1459155
-0.37 9.559999 2.21 0.0 1.7188734 1.1459155
-0.55 9.429999 1.9799999 2.291831 2.8647888 0.0
-0.53 9.469999 2.06 0.0 -1.7188734 0.0
-0.48999998 9.45 2.37 -1.1459155 -1.1459155 1.7188734
-0.48 9.5 2.48 -0.57295775 -2.291831 2.291831
