1.9944309 9.852441 0.23942748 11.483815 -5.67826 -6.598095
2.1811843 9.8237095 -0.19154198 10.258815 -9.24826 -1.173095
2.2841382 9.826104 -0.22506183 6.758815 -4.8382597 1.451905
2.205127 9.881172 0.1340794 -0.801185 1.0767399 2.1869051
2.0064023 9.838076 0.4740664 -4.511185 3.49174 0.61190504
2.030345 9.840469 0.32562137 -0.626185 1.00674 -1.418095
2.264984 9.830893 -0.27294734 5.918815 -3.85826 -2.363095
2.099779 9.838076 -0.38308397 5.358815 -3.33326 -2.853095
1.802889 9.754275 0.19633053 -3.5661852 2.1967402 -4.9880953
1.8771114 9.646533 0.44294083 -8.676186 2.72174 -6.0730953
1.6999351 9.608225 0.25379312 -5.841185 -0.53326005 -6.003095
1.7406378 9.646533 0.14605077 -2.761185 -0.84826 -5.7230954
1.6448668 9.644139 0.2753416 -2.9361851 -0.46326 -4.1130953
1.8364087 9.632168 0.4860378 -5.0011854 0.69174004 -2.9930952
2.030345 9.644139 0.38308397 -4.3711853 -0.60326004 -1.733095
2.004008 9.598648 0.28252444 -2.971185 0.76173997 -1.9080949
1.5586729 9.648928 0.5889916 -3.9161854 3.6667402 -4.288095
1.5490957 9.543579 0.5961744 -4.1961846 3.70174 -7.2280955
1.8603516 9.469357 0.2466103 -1.431185 2.72174 -7.0180955
1.9106313 9.28021 -0.16281068 1.088815 3.6667402 -5.933095
1.7023294 8.988108 -0.2849187 0.458815 6.18674 -6.7380953
1.515576 8.557138 -0.600963 -2.166185 7.7967396 -9.083096
1.4269878 7.970541 -0.84039044 -4.6511846 9.30174 -10.378095
1.6185298 7.3240867 -1.2043202 -7.976185 13.64174 -9.5380945
1.4700848 6.605804 -1.3144568 -9.726185 16.686739 -7.718095
0.69673395 5.5283804 -1.6137413 -9.516185 16.266739 -9.783095
0.57462597 4.529968 -2.0399222 -6.646185 18.57674 -15.453096
-0.4644893 3.6728175 -2.7342618 -1.7461851 20.74674 -16.678097
-0.61293435 3.756617 -2.5834224 2.5938148 19.62674 -12.898095
0.0047885496 4.024776 -2.8276386 4.0988154 12.55674 1.0319049
0.45730647 4.3695517 -3.265791 9.033814 -1.51326 19.056906
1.0032011 4.7933383 -3.6728175 18.098814 -14.848261 27.281906
1.2186859 5.0758624 -3.4860642 12.533815 -27.553259 36.346905
2.1835787 4.8292522 -2.8276386 -1.606185 -30.353262 47.686905
2.803696 4.922629 -1.4437478 -12.771185 -34.16826 53.916904
3.1460772 5.461341 -0.97446984 -13.891185 -37.00326 52.7619
4.350397 5.5714774 -1.3623424 -12.001184 -32.383263 55.281906
3.7302802 5.3799353 -1.0678465 -26.911184 -10.33326 61.19691
4.702356 5.777385 0.99362403 -51.726185 -3.4732602 69.8419
7.8316727 6.119766 3.3902931 -61.141182 -33.43326 83.2469
7.963358 7.393521 2.9832664 -46.091187 -47.22326 83.73691
7.6353426 7.1924014 1.9202085 -29.571188 -38.82326 80.44691
6.0335727 6.5411587 1.7166951 -38.741184 -26.153261 79.64191
6.4358106 6.282577 3.3639562 -70.41618 -17.928259 84.43691
7.764633 6.7015753 5.152479 -102.581184 -22.89826 104.52691
7.982512 8.262642 7.223527 -116.75618 -16.84326 118.421906
8.348836 8.648121 6.811712 -93.481186 -12.36326 111.5969
8.4781275 8.655303 4.9274178 -38.741184 -34.65826 93.921906
8.655303 8.940222 3.3831103 -0.45118502 -47.01326 79.67691
8.521224 9.953 4.7358756 -8.116186 -42.67326 81.84691
8.353624 11.662513 6.897906 -46.756187 -28.56826 92.94191
9.4932995 12.239532 6.246663 -62.436188 -12.71326 100.2919
10.508472 12.696839 3.4381785 -37.901188 -23.07326 99.101906
9.976943 13.367236 2.6552508 -18.126184 -39.13826 88.11191
9.344854 14.01369 3.9840732 -40.386185 -24.50826 74.77691
10.616215 14.523671 4.041536 -73.88119 -2.28326 66.376915
12.009683 15.119845 3.6369035 -82.386185 -0.91826004 62.70191
12.330515 15.308993 4.8771377 -79.34119 -10.57826 49.786903
11.559559 15.548421 5.0375543 -80.14619 -12.01326 21.786905
11.966585 15.141394 3.3855045 -66.91618 -6.79826 -7.2280955
12.2706585 14.425506 2.925804 -44.551186 -6.48326 -25.498095
11.157321 13.644972 4.2737803 -41.331184 -6.69326 -43.033096
10.925076 13.477373 4.12773 -49.486187 0.97174 -65.7131
11.569136 13.108655 2.7941186 -40.071186 4.01674 -81.148094
11.482942 12.660925 2.5044115 -20.891186 0.44674 -88.53309
11.214784 12.222773 2.9401696 -15.396184 0.41174 -98.8931
11.379988 11.593079 2.901861 -17.741184 1.7767401 -112.7881
11.176475 10.470163 3.3112822 -6.436185 -9.73826 -136.93811
9.984126 9.780613 4.1349125 -5.526185 -12.78326 -149.5381
8.9498 9.160496 4.807704 -2.726185 -11.838261 -154.3331
8.516436 8.648121 4.3767343 6.6188154 -12.7482605 -149.0481
9.150918 7.6090055 4.415043 12.323815 -10.36826 -137.0781
9.385557 6.682421 6.246663 12.778815 -20.308262 -133.6831
7.7143536 6.352011 5.4709177 29.123814 -48.34326 -149.1181
6.6800265 6.167652 4.680807 43.928818 -56.56826 -159.3731
5.6457 5.437398 4.853195 33.708817 -42.32326 -152.9681
3.8547823 5.03516 5.549929 20.233816 -33.39826 -144.2181
3.5985951 5.4757066 5.1859994 22.928816 -36.583263 -135.43309
3.8547823 5.90907 2.5738454 36.61381 -41.58826 -119.7881
3.0167863 5.9617443 1.4581133 33.498814 -30.668262 -109.603096
1.9154198 5.583449 2.3751206 3.223815 -9.87826 -113.383095
0.749408 5.3679643 3.0455174 -23.551186 -1.26826 -117.338104
-0.679974 5.7103453 2.5762396 -24.601185 -6.37826 -113.41809
-0.85954463 5.2219133 2.2985039 -16.061184 -7.6382604 -102.7781
-0.3615355 5.0806513 3.6728175 -16.306185 -6.16826 -85.0331
1.2186859 5.827665 4.242655 -11.616185 -15.863259 -68.02309
1.2234744 6.071881 1.8004947 17.293816 -38.08826 -62.9831
0.11253092 6.2538457 0.70870537 44.873814 -52.508263 -78.2081
-1.3383996 5.834848 1.8675344 31.293816 -44.738262 -96.758095
-2.7127132 6.095824 2.9473522 -3.5311852 -36.65326 -104.5981
-3.275368 6.3735595 3.0024207 -22.851185 -31.263262 -97.2481
-2.7510219 5.808511 2.803696 -22.221186 -26.85326 -74.5331
-2.657645 5.576266 3.5890179 -19.736185 -25.768261 -51.293095
-3.3902931 5.897099 4.130124 -16.236185 -25.03326 -38.833096
-3.8763309 6.6608725 3.2921278 3.083815 -37.10826 -34.038097
-3.3064935 6.6249585 2.5092 32.133816 -48.37826 -27.703094
-2.1811843 6.7853746 1.6568382 51.138813 -47.22326 -14.648095
-2.0686533 7.4629545 1.2426286 53.448814 -31.823257 4.566905
-2.0542877 7.6305537 1.0175668 44.978817 -6.48326 15.171906
-2.3296294 7.7957587 1.4844503 33.778816 9.12674 15.696905
-1.7143008 6.7039695 1.8795058 24.748816 15.25174 8.976905
-1.6951466 6.474119 2.4876516 24.433815 12.66174 0.71690506
-1.3910737 6.2706056 1.3072741 34.233818 3.35174 -5.688095
-2.710319 6.821289 -1.9441512 64.33382 26.731739 -21.228094
-4.1564612 8.22194 -1.838803 35.353813 38.70174 -17.728096
-3.7350688 8.71516 1.6855695 -18.091183 26.45174 2.3269053
-1.56825 9.026416 4.494054 -47.491188 -0.56826 19.266905
-0.59378016 9.725544 4.9178405 -39.686184 -6.55326 21.471905
-1.4772675 9.478934 3.8930907 -14.801186 11.541739 2.2219052
-3.0000262 8.351231 2.595394 5.218815 31.946741 -21.578094
-4.1397014 8.0375805 1.611347 19.358816 34.991737 -31.728094
-4.642499 8.049552 0.339987 32.483818 27.43174 -23.048094
-4.1013927 8.296163 -0.12689656 37.383816 18.261742 -3.6230948
-3.3783216 8.662486 -0.023942748 34.303814 6.78174 13.596906
-2.6744049 9.246689 0.1699935 27.933815 -4.4532604 23.396906
-2.2745612 9.6585045 0.66800267 18.133816 -9.07326 23.291906
-1.9178141 9.569917 1.0391153 7.9488153 -7.53326 19.161905
-1.8507744 9.677659 1.201926 3.433815 -6.83326 15.171906
-2.19555 9.826104 1.0391153 3.8888152 -4.73326 7.611905
-2.063865 9.696813 1.1300977 2.5238152 1.3217402 2.5019052
-2.257801 9.804555 1.2689656 -0.41618502 3.9817402 1.2769051
-2.3463893 9.826104 0.8356019 1.648815 5.41674 1.451905
-2.3320236 9.715967 0.51955765 7.388815 0.06174 1.171905
-2.4014575 9.584282 0.6847626 8.648815 -5.7482605 -2.118095
-2.1716073 9.481328 1.0702409 4.133815 -3.08826 -1.8380951
-2.291321 9.45978 0.8786988 1.508815 -0.28825998 0.051905002
-2.5499027 9.44302 0.7541966 1.648815 2.7917402 -2.2930949
-2.5427198 9.261055 0.6153286 0.52881503 10.80674 -3.6930947
-2.4206119 9.550762 0.28252444 3.2938151 13.50174 0.22690499
-1.7166951 9.665688 -0.44294083 11.343816 5.10174 5.0919046
-1.786129 9.603436 0.098165266 11.588816 -5.50326 4.006905
-2.4541316 9.510059 0.7781393 -3.0761847 -2.73826 -4.148095
-2.7414446 9.313729 0.9074302 -13.681185 6.5367403 -10.238095
-2.6432793 9.404712 0.845179 -9.481185 3.8767402 -9.818095
-2.4780743 9.454991 0.7015225 -1.3261851 -4.76826 -4.848095
-2.4445546 9.395134 0.66321415 1.3688151 -6.2382603 -0.438095
-2.5570855 9.483723 0.7829279 0.038815003 -3.15826 -0.018095
-2.5068057 9.5483675 0.8284191 -1.5011849 -1.26826 0.47190496
-2.1452703 9.507666 0.81165916 -0.976185 -0.0082600005 2.7819052
-2.135693 9.615408 0.6895511 0.91381496 -0.11326 4.7419047
-2.343995 9.749487 0.45012367 3.188815 0.09674 0.71690506
-2.3823035 9.648928 0.55307746 1.543815 2.05674 -0.47309503
-2.3296294 9.371192 0.5554718 0.213815 1.56674 -1.383095
-2.5714512 9.320911 0.531529 -0.171185 1.8117402 -2.1880949
-2.6360965 9.256267 0.4740664 0.143815 1.28674 -2.468095
-2.5307484 9.387952 0.5123748 0.668815 -0.77826 0.401905
-2.3583608 9.507666 0.5770202 0.77381504 -1.12826 4.881905
-2.1069617 9.586677 0.6943397 1.543815 -2.21326 7.121905
-1.9297855 9.608225 0.5458947 3.013815 -3.43826 6.4919047
-2.1069617 9.593859 0.39505535 4.833815 -2.91326 2.8519049
-2.2937152 9.541185 0.31843856 3.188815 -0.11326 -0.928095
-2.49244 9.435837 0.3519584 0.563815 3.94674 -2.503095
-2.4996228 9.407105 0.5794145 -1.711185 3.24674 -1.768095
-2.2793496 9.416683 0.65124273 -1.396185 -0.91826004 0.401905
-2.3272352 9.536397 0.4740664 1.788815 -3.89326 1.311905
-2.2721667 9.517242 0.43815228 3.328815 -2.66826 0.54190505
-2.3559663 9.466963 0.44772938 1.9288151 -0.91826004 -0.788095
-2.569057 9.447808 0.7015225 -0.731185 1.0767399 -2.398095
-2.5092 9.464568 0.70631105 -1.641185 1.91674 -1.138095
-2.3918805 9.486116 0.5818088 0.563815 0.72673994 1.9069052
-2.1189332 9.510059 0.51716334 2.5938148 -0.11326 3.4469051
-2.2123098 9.555551 0.4740664 2.208815 0.90174 3.8319046
-2.4541316 9.581888 0.35674694 0.843815 3.28174 2.291905
-2.432583 9.490906 0.5363176 -0.55618495 4.9967403 0.92690504
-2.1476645 9.44302 0.81165916 -2.586185 4.15674 1.8369049
-2.185973 9.47654 0.43336374 -1.396185 2.37174 3.936905
