0.47 8.9 -1.36 37.242256 -8.594366 -3.4377468
0.29 8.99 -1.7099999 36.09634 -17.761692 -5.15662
0.32999998 8.99 -2.1599998 27.501974 -45.263664 -2.291831
0.97999996 8.7699995 -2.49 17.761692 -56.72282 6.3025355
1.3199999 8.389999 -2.34 9.740283 -41.825916 8.021409
0.91999996 8.05 -1.9699999 6.8754935 -29.793804 1.1459155
0.52 7.94 -1.9699999 2.291831 -30.939718 0.0
1.0799999 7.7 -1.8299999 2.291831 -34.377464 5.7295775
1.4499999 7.5699997 -1.9499999 2.8647888 -37.242256 8.021409
1.39 7.5099998 -2.31 5.7295775 -35.523384 5.7295775
1.48 7.2999997 -2.47 2.291831 -35.523384 6.8754935
1.23 7.18 -2.35 -1.1459155 -37.815212 8.594366
1.0 7.29 -1.65 -9.740283 -38.961132 13.178029
1.49 7.56 -1.14 -8.021409 -44.69071 25.7831
2.18 7.81 -1.92 -4.583662 -48.701412 28.64789
2.6799998 7.7 -2.71 -6.8754935 -45.263664 26.929016
2.71 7.5 -2.74 -6.8754935 -45.263664 26.929016
1.4 7.7 -1.14 -30.939718 -47.555496 18.334648
1.52 7.94 -0.51 -33.80451 -50.420284 24.064226
3.62 8.5199995 -0.84999996 -16.042818 -63.02536 41.25296
3.27 8.53 -2.01 -5.7295775 -62.4524 36.09634
2.57 8.7699995 -1.04 -9.740283 -60.160564 33.80451
4.17 9.179999 0.03 -28.64789 -72.19268 46.98254
4.5899997 9.09 0.0 -24.637184 -68.75493 47.555496
3.5 9.04 -0.47 -20.62648 -63.598316 44.11775
3.6899998 9.21 1.36 -30.366762 -63.598316 47.555496
4.14 9.389999 1.5699999 -33.80451 -67.60902 54.43099
4.5499997 9.719999 0.77 -20.62648 -70.47381 60.733524
3.99 10.41 0.07 0.57295775 -65.317184 58.441692
5.25 11.01 0.71999997 -18.907606 -70.47381 67.03606
4.69 10.9 1.24 -45.263664 -67.03606 67.03606
3.8999999 11.2699995 2.09 -56.14986 -62.4524 64.17127
4.75 12.11 3.24 -79.06818 -55.576904 64.17127
4.9 11.98 3.3999999 -77.349304 -55.00395 61.879436
4.2 11.639999 3.72 -75.057465 -55.00395 47.555496
4.0499997 12.719999 3.54 -50.420284 -45.83662 48.128452
4.36 13.08 2.79 -35.523384 -41.825916 49.27437
4.79 13.46 1.15 -14.323945 -32.085636 41.825916
5.0499997 13.09 0.77 -13.750987 -28.64789 36.09634
3.7099998 12.71 1.78 -38.38817 -35.523384 16.615776
4.06 12.7 2.05 -39.53409 -35.523384 16.042818
4.5899997 12.66 1.92 -33.80451 -33.231552 16.042818
4.36 12.11 2.04 -20.053522 -30.939718 -1.7188734
4.21 12.16 1.92 -16.615776 -30.939718 -4.583662
4.4 12.25 1.12 -8.594366 -25.210142 -4.0107045
5.1099997 12.32 0.59999996 -9.167324 -18.334648 -5.15662
5.0099998 11.969999 0.61 -10.31324 -18.907606 -8.021409
4.39 11.84 1.04 -9.740283 -25.7831 -25.210142
4.39 11.84 1.04 -8.021409 -28.64789 -26.356058
4.77 11.67 0.24 -1.7188734 -28.07493 -22.345354
4.15 10.95 0.06 -2.8647888 -22.91831 -24.637184
3.97 11.73 0.13 -0.57295775 -20.62648 -26.356058
5.0 12.429999 -0.53999996 4.583662 -24.064226 -26.356058
5.45 12.309999 -0.64 2.8647888 -28.64789 -27.501974
5.23 11.96 -0.049999997 -10.886198 -37.815212 -33.80451
5.0 11.5199995 0.90999997 -28.64789 -39.53409 -32.085636
5.2799997 10.99 1.15 -27.501974 -34.950428 -32.085636
4.8199997 10.61 1.06 -15.469859 -29.220846 -42.971836
5.0 11.41 0.41 0.0 -28.64789 -45.83662
5.0899997 11.42 0.01 5.7295775 -29.793804 -43.544792
4.7999997 11.07 -0.93 8.594366 -33.231552 -40.680004
4.5699997 10.929999 0.42999998 -4.583662 -34.950428 -51.5662
4.97 10.74 0.45999998 -4.0107045 -44.11775 -58.441692
4.5499997 10.0199995 0.24 0.0 -42.398876 -60.733524
4.2999997 10.11 0.62 -2.8647888 -38.961132 -61.30648
4.5299997 10.41 1.55 -14.323945 -38.961132 -53.858032
4.8599997 10.0199995 0.93 -11.459155 -36.669296 -52.712116
4.48 9.59 0.59999996 -9.167324 -31.51268 -56.72282
4.02 9.36 1.0799999 -13.178029 -26.929016 -66.463104
3.34 9.309999 1.18 -16.042818 -28.64789 -67.03606
2.6299999 8.429999 0.82 -9.740283 -25.210142 -59.58761
2.69 8.36 0.87 -12.605071 -19.480566 -40.680004
2.69 8.36 0.87 -12.605071 -19.480566 -40.680004
3.35 8.179999 1.17 -18.334648 -28.64789 -32.658592
2.33 7.8799996 1.3 -10.886198 -32.658592 -42.971836
1.76 7.89 1.4 -7.448451 -27.501974 -38.38817
1.77 7.7799997 1.37 -6.3025355 -24.637184 -33.231552
2.04 7.2999997 1.54 -5.15662 -18.334648 -25.7831
2.77 7.5699997 1.87 0.0 -16.042818 -19.480566
2.25 7.6299996 0.53 12.032113 -20.62648 -29.793804
1.05 7.2999997 0.0 13.178029 -21.199438 -47.555496
0.38 7.0899997 0.34 -1.7188734 -10.31324 -52.139156
-0.21 7.02 1.0799999 -11.459155 -10.886198 -50.993244
-0.02 7.0099998 1.01 -22.345354 -17.188732 -32.658592
-0.06 7.06 0.77 -23.49127 -12.605071 -27.501974
0.0 7.0899997 1.41 -42.398876 -2.8647888 -10.31324
0.59 7.3599997 2.84 -40.680004 -7.448451 -13.178029
0.55 7.44 2.78 -33.231552 -10.886198 -18.334648
0.0 7.6299996 2.4099998 -9.167324 -9.167324 -30.939718
-0.71 7.97 2.07 12.605071 -4.0107045 -32.085636
-0.89 8.11 1.14 13.750987 -2.8647888 -18.334648
-0.89 8.11 1.14 13.750987 -2.8647888 -18.334648
-0.24 8.15 1.04 1.1459155 -2.291831 -8.021409
-0.41 8.57 1.09 -4.583662 -2.8647888 -12.032113
-0.66999996 8.67 1.05 -5.7295775 0.0 -14.323945
-0.85999995 8.57 1.7199999 -10.886198 3.4377468 -13.178029
-0.82 8.71 2.01 -11.459155 0.0 -12.032113
-0.74 9.01 1.73 0.0 -5.15662 -8.594366
-0.59 9.3 1.03 16.042818 -0.57295775 -6.3025355
-0.34 9.8 0.81 8.594366 0.57295775 -4.0107045
-0.29 9.639999 0.78 -2.8647888 0.57295775 -1.7188734
-0.29 9.639999 0.78 -8.021409 3.4377468 -2.291831
-0.7 9.61 1.53 -12.605071 5.7295775 -2.8647888
-0.22999999 9.389999 1.75 -8.021409 0.57295775 0.0
-0.42 9.25 1.42 0.0 2.291831 -1.1459155
-0.44 9.2699995 1.5899999 5.15662 5.7295775 -2.291831
0.04 9.28 1.62 11.459155 -1.1459155 -5.7295775
-1.13 9.79 1.04 20.053522 4.0107045 -15.469859
-1.23 10.37 0.72999996 21.199438 6.8754935 -13.750987
-0.87 10.429999 0.41 20.62648 5.7295775 -8.021409
-0.37 10.17 0.13 13.178029 2.291831 1.1459155
-0.29 10.24 1.0 0.0 3.4377468 4.0107045
-0.29 10.48 1.3 -5.15662 2.291831 0.57295775
-0.19 10.5 1.15 -1.7188734 0.0 -2.291831
-0.68 10.2 0.45999998 6.8754935 1.1459155 -5.7295775
-0.45 10.15 0.97999996 -0.57295775 4.583662 -3.4377468
-0.48 10.179999 1.22 -8.021409 0.0 -1.7188734
-0.75 10.0 0.90999997 -0.57295775 5.7295775 -2.291831
-0.62 9.9 1.01 -0.57295775 5.7295775 -0.57295775
-0.42999998 9.99 1.3 -2.291831 1.7188734 0.57295775
-0.37 10.07 1.18 -0.57295775 0.57295775 0.0
-0.75 9.95 0.68 6.8754935 5.15662 0.0
-0.11 10.15 0.85999995 2.8647888 0.0 1.1459155
-0.08 10.23 0.81 3.4377468 0.0 0.0
-0.38 10.19 0.71999997 7.448451 0.57295775 -6.3025355
-0.38 10.19 0.71999997 6.8754935 1.1459155 -10.31324
-0.79999995 9.9 0.74 1.7188734 1.1459155 -7.448451
-0.75 9.66 0.95 -2.8647888 1.1459155 -1.1459155
-0.65 9.92 1.09 -2.291831 1.1459155 0.0
-0.42999998 10.11 0.61 4.0107045 -1.1459155 -1.1459155
-0.39999998 10.07 0.31 7.448451 -0.57295775 -1.1459155
-0.63 9.9 0.14 8.021409 0.0 -1.7188734
-0.74 9.83 0.31 -0.57295775 0.0 -1.7188734
-0.87 9.76 0.84999996 -9.740283 0.0 -0.57295775
-0.42999998 9.74 1.06 -8.594366 -0.57295775 0.57295775
-0.71999997 9.599999 0.87 -0.57295775 0.0 -0.57295775
-0.89 9.679999 0.94 2.291831 0.57295775 -2.8647888
-0.68 9.929999 0.96 7.448451 -0.57295775 -3.4377468
-0.63 10.0 0.38 12.032113 -0.57295775 -3.4377468
-0.72999996 9.96 0.21 8.594366 0.0 -3.4377468
-0.91999996 9.83 0.59999996 -4.0107045 1.1459155 -1.1459155
-0.59999996 9.889999 1.39 -10.31324 0.57295775 4.0107045
-0.52 9.9 1.27 -4.0107045 2.291831 4.0107045
-0.55 9.99 0.82 4.583662 2.8647888 1.1459155
-0.62 9.929999 0.64 5.7295775 0.57295775 0.0
-0.88 10.0199995 0.7 3.4377468 -1.1459155 -2.291831
-0.69 10.03 0.74 0.57295775 0.57295775 1.7188734
-0.48999998 10.13 0.78999996 -0.57295775 0.0 4.0107045
-0.32 10.23 0.72999996 -1.1459155 1.1459155 3.4377468
-0.63 10.059999 0.61 0.0 1.7188734 1.1459155
