1.4964218 9.670476 -0.85954463 13.211136 7.853545 -3.456985
1.0606637 9.835681 -0.5961744 11.601135 4.318545 -4.191985
0.75180227 9.850046 -0.6392714 6.8761353 3.618545 -6.921985
0.967287 9.909904 -0.6703969 4.7761354 3.8635447 -6.886985
1.175589 9.93624 -0.83081335 4.2861347 2.673545 -4.051985
1.0846065 9.962578 -0.8092649 3.8661351 2.358545 -3.001985
0.88588166 9.907509 -0.3423813 1.1711351 3.478545 -4.2619853
0.9792584 9.890749 -0.2753416 -3.168865 3.163545 -5.3119855
1.0582695 9.871595 -0.4644893 -2.993865 2.9185452 -4.436985
1.0439038 9.862018 -0.34956414 0.64613503 3.408545 -3.3869848
0.9529214 9.866806 -0.19393626 1.9061351 3.793545 -4.5069847
1.1229149 9.742304 -0.45730647 5.1611347 6.3835454 -6.081985
1.2234744 9.646533 -1.0798179 9.641135 8.133545 -5.416985
0.9217958 9.63935 -1.1372806 9.221134 7.2585454 -6.361985
0.44772938 9.72315 -0.5411061 1.9761351 6.313545 -8.496985
0.22506183 9.873989 -0.047885496 -3.728865 6.838545 -8.426985
0.29210153 9.991309 -0.12210801 -2.188865 8.168545 -5.871985
0.4836435 10.252285 -0.22027329 0.99613494 9.323545 -2.791985
0.5770202 10.661706 -0.03351985 1.031135 10.268546 -2.301985
0.7733508 10.628186 0.057462595 -1.9438651 11.983544 -4.4719853
1.3551595 10.496501 -0.25858167 -1.173865 11.738545 -6.361985
1.472479 10.032011 -0.74222517 3.726135 9.813545 -8.9169855
1.0989721 9.4142885 -1.376708 7.2611346 11.0735445 -15.566986
0.47885495 8.856422 -2.0423164 9.606135 12.298545 -21.901985
-0.3304099 8.147717 -2.8587642 8.731135 12.613545 -22.251986
-0.42139238 7.4701376 -3.4453614 4.006135 17.163546 -17.071985
-0.24421602 6.490879 -3.78056 0.086135 15.238546 -7.2719855
0.42139238 5.913859 -3.8643596 1.9761351 0.048545 1.1630149
0.7398309 5.320079 -3.9074564 7.471135 -16.121454 0.778015
0.83081335 4.80531 -4.005622 15.171134 -30.891453 2.248015
0.9313729 4.40786 -3.9864676 20.421135 -38.13645 6.483015
1.0510867 4.0128045 -3.9744961 20.386135 -41.426453 14.393015
1.1660118 3.4309957 -3.9050622 16.536135 -43.491455 23.913015
1.063058 3.5842295 -3.100586 8.311134 -46.711456 35.358013
1.4245936 3.9146392 -2.5522969 -1.6988649 -51.261456 49.218014
1.8292259 4.216318 -2.6983478 -3.903865 -53.95645 65.808014
2.5618742 4.6712303 -2.813273 1.9061351 -57.981457 78.89802
2.803696 5.4589467 -2.5858169 3.166135 -59.661457 81.38302
3.7230973 6.304126 -1.8531687 -6.598865 -59.52145 86.28301
4.434197 6.8907228 -0.7110996 -21.788866 -56.896454 96.85302
4.95136 7.240287 -0.1340794 -32.813866 -46.571457 103.29302
5.2314906 8.032792 -0.23224466 -31.518864 -40.516457 101.85801
6.246663 8.892337 -0.7541966 -20.948866 -46.116455 97.44801
6.5220046 9.222747 -0.76137936 -10.133864 -51.331455 98.568016
6.6010156 8.935433 -0.21309046 -8.453865 -49.756454 99.12802
6.0072355 9.526819 0.49800915 -17.658867 -48.111458 94.15802
6.8691745 10.302565 0.31125572 -24.483866 -51.646454 91.043015
8.193209 10.826911 -0.67279124 -24.483866 -54.586456 103.013016
8.353624 10.951413 0.14605077 -24.133865 -56.091457 121.35302
8.269825 10.661706 0.75180227 -35.403866 -58.611458 120.19801
8.20518 10.640158 1.0534809 -55.668865 -58.016453 98.84802
8.480521 11.028029 1.1277034 -62.94886 -53.256454 99.37302
8.657698 11.602655 0.9792584 -67.11386 -44.576454 97.37801
8.693612 11.715187 -0.18675344 -66.58887 -38.066456 85.68802
8.415876 11.209994 -0.2083019 -74.04386 -38.066456 71.02301
7.683228 11.4446335 0.531529 -93.50386 -34.461456 59.823017
8.415876 12.277842 0.50998056 -103.93387 -28.791456 56.95302
8.887548 14.248329 0.11971374 -101.97386 -26.831455 54.328014
8.645726 15.658557 0.23463893 -106.80386 -26.726456 44.598015
9.821315 15.275474 0.7134939 -133.15886 -19.901455 36.233017
10.867614 13.707223 2.80609 -169.66386 -9.716455 26.923016
10.637763 13.0966835 3.8284454 -182.36887 8.273545 -1.9869851
9.98652 13.175694 2.875524 -141.52386 14.328545 -39.506985
9.488511 13.893977 -0.04070267 -74.56886 3.828545 -68.97699
9.04557 14.643385 -1.4964218 -28.473866 -0.546455 -85.986984
9.526819 15.376033 -1.611347 -23.993866 -2.436455 -93.33699
11.025636 15.474198 -0.9984126 -45.133865 -11.361455 -92.111984
11.746312 14.70803 -0.2681588 -66.58887 -11.571456 -94.736984
11.032818 13.580327 1.6927522 -76.31887 -13.951455 -111.99199
9.44302 13.218791 3.8212626 -74.56886 -22.106455 -136.772
9.323306 12.897959 3.4118416 -53.673866 -28.266455 -153.85197
9.4932995 11.607444 2.4589202 -16.433865 -33.236454 -157.002
7.680834 10.139753 3.7494342 6.736135 -38.90646 -157.527
6.4525704 10.0368 4.233078 5.791135 -38.766457 -160.15198
8.542772 8.375174 3.6033835 8.031136 -29.876457 -140.51698
9.581888 6.138921 4.7286925 12.546135 -17.206455 -98.06198
8.571504 4.314483 5.8156934 2.886135 -0.441455 -83.78198
6.8787518 3.6560576 5.566689 -0.088865004 10.653544 -100.96699
5.176422 2.9090438 4.4916596 16.396135 19.718544 -115.21198
3.3855045 2.7653873 4.2737803 33.056133 25.108545 -117.87198
1.8052832 1.6305012 4.5946136 37.291134 29.833546 -118.85198
0.13886794 1.4389591 4.295329 34.98114 33.998543 -111.11699
0.7134939 1.541913 3.78056 37.641136 49.293545 -84.93699
0.8739103 2.6025767 3.1580484 46.286137 65.53355 -49.061985
0.14126222 2.8803127 2.8515813 57.661133 57.133545 -32.016987
-0.7350424 3.3040993 2.3152637 77.36614 17.338547 -40.521984
-1.2043202 3.5507095 0.69673395 98.016136 -31.451456 -47.976986
-1.6592325 4.4629283 -0.5554718 103.79114 -48.881454 -38.246986
-0.44772938 5.140508 0.4764607 78.976135 -28.651455 -24.736986
-1.0822122 5.5810547 1.8100717 -25.673864 15.343545 -18.751986
-2.2362528 5.3966956 1.8220432 -36.62887 17.898544 -35.97199
-2.971295 5.442187 1.132492 -26.268866 16.743544 -39.191982
-2.7917244 5.954561 1.2905141 -20.388866 15.518545 -26.661985
-2.1332989 7.3600006 1.5227587 -15.8038645 11.0735445 -9.686985
-1.5275474 7.8388557 1.0846065 0.296135 -0.441455 -0.55198497
-1.0870007 8.351231 0.6273 14.401136 -13.811456 0.498015
-1.211503 8.81572 0.6464542 13.666136 -10.766456 -1.6369851
-0.9313729 8.834874 0.9122187 4.741135 -0.721455 -1.951985
-1.0726352 9.165284 0.9074302 -2.328865 3.5485451 -2.1969852
-0.9864412 9.282603 0.84039044 -2.818865 3.233545 -3.7369852
-0.9074302 9.440625 0.8332076 0.71613497 -1.421455 -2.966985
-0.9792584 9.397529 0.71828246 2.3261352 -1.9464551 -1.426985
-0.7901107 9.567522 0.90024734 0.961135 1.4835451 1.828015
-0.48124924 9.921875 0.74222517 2.046135 1.763545 6.833015
-0.22506183 10.144543 0.38308397 8.171135 -1.3864549 7.9880147
-0.31604427 10.228342 0.47167215 11.671135 -4.746455 6.483015
-0.06464542 10.194822 0.31365 10.866136 -5.201455 4.488015
0.06464542 10.228342 0.06943397 9.396135 -1.2814552 4.103015
-0.32562137 10.008069 0.17957062 4.3211355 4.143545 1.198015
-0.67757976 9.787795 0.5123748 -2.608865 8.098545 -4.751985
-0.6344828 9.75667 0.5961744 -6.038865 9.288545 -6.886985
-0.6703969 9.876384 0.4668836 -3.483865 10.338545 -2.5119853
-0.6296943 9.873989 0.11971374 2.501135 6.873545 1.408015
-0.5243462 9.814133 -0.15083931 8.871135 1.0285449 3.018015
-0.2849187 9.842864 -0.16281068 10.166135 -1.771455 4.173015
-0.2944958 9.845258 0.043096945 6.526135 -0.966455 4.5230155
-0.42139238 9.730332 0.06943397 2.466135 1.343545 2.528015
-0.61293435 9.613013 -0.023942748 0.99613494 3.513545 0.148015
-0.6153286 9.596253 -0.019154198 0.751135 4.248545 -1.426985
-0.58420306 9.684841 0.2777359 -0.508865 4.458545 -1.5319849
-0.5243462 9.660899 0.46209505 -2.4688652 4.7385454 -0.761985
-0.54350036 9.680053 0.15083931 -1.6638651 4.073545 0.533015
-0.5818088 9.77343 -0.047885496 3.061135 2.673545 0.74301505
-0.5123748 9.7135725 -0.014365649 4.496135 1.238545 0.078015
-0.7398309 9.63935 -0.026337024 1.696135 0.99354506 -0.271985
-0.88588166 9.565128 0.21309046 -1.628865 1.938545 -2.0219848
-0.81644773 9.423865 0.35674694 -4.3238654 1.343545 -2.686985
-0.82602483 9.534002 0.20351335 -2.328865 0.433545 1.688015
-0.7398309 9.6585045 0.062251143 0.016135 0.22354501 3.4030151
-0.52913475 9.701602 0.2466103 0.296135 -2.9964552 4.383015
-0.4860378 9.730332 0.16281068 0.436135 -4.746455 4.278015
-0.4836435 9.744699 0.071828246 0.226135 -2.7864552 3.298015
-0.505192 9.687236 0.19633053 -2.4338648 -0.791455 2.283015
-0.6249057 9.613013 0.3902668 -4.743865 -0.33645502 0.953015
-0.72546524 9.699207 0.4836435 -5.338865 0.11854499 1.0930151
-0.4860378 9.783007 0.18435916 -3.448865 0.99354506 3.333015
-0.37829542 9.852441 0.2657645 -1.873865 1.938545 5.188015
-0.31604427 9.821315 0.51716334 -4.3238654 4.283545 4.9080153
-0.2370332 10.063137 0.69194543 -7.998865 7.9935455 3.998015
-0.13886794 10.178062 0.7948992 -8.663864 12.473545 3.998015
-0.20111908 10.149331 0.7302538 -6.493865 12.438545 3.438015
-0.43815228 10.022434 0.5243462 -2.048865 8.833545 0.253015
-0.4644893 10.091868 0.5411061 -0.123865 7.433545 -2.0569851
-0.5147691 10.008069 0.39266106 -0.053865 7.223545 -1.461985
-0.4932206 9.979338 0.15562786 2.641135 3.618545 -0.796985
