2.3799999 9.09 1.25 30.939718 -0.57295775 -29.220846
1.8499999 9.36 -0.69 1.7188734 6.3025355 -28.64789
0.52 8.98 -2.5 -30.366762 -15.469859 -16.615776
0.51 8.76 -0.13 -34.377464 -24.064226 -8.594366
2.22 7.81 2.11 -12.032113 -1.1459155 -15.469859
1.68 7.25 1.5699999 8.021409 11.459155 -21.199438
1.0 6.41 0.51 23.49127 2.291831 -18.334648
0.84999996 5.5499997 -0.78 29.220846 -4.583662 -8.594366
1.1999999 4.71 -2.25 26.356058 -8.594366 1.7188734
0.89 4.4 -2.9299998 20.053522 -14.896902 13.750987
1.38 4.4 -3.1399999 13.178029 -34.377464 29.220846
0.91999996 4.24 -4.47 -9.740283 -49.84733 34.950428
-0.57 4.2799997 -5.12 -40.680004 -59.58761 55.00395
0.39 4.36 -4.1 -61.30648 -58.441692 70.47381
2.3999999 4.41 -2.71 -69.32789 -50.993244 73.33859
4.72 3.76 -2.54 -87.089584 -21.772396 55.576904
3.4399998 2.46 0.08 -83.65183 -26.356058 53.285076
2.9099998 3.26 2.59 -60.733524 -53.858032 70.47381
4.7 3.4299998 3.3999999 -20.053522 -76.203384 82.50592
5.6099997 3.4399998 1.89 12.032113 -80.78705 83.65183
4.61 3.8 0.31 12.032113 -80.78705 87.089584
3.8899999 5.41 -0.21 -17.188732 -81.93296 113.44564
5.99 6.15 -1.3199999 -50.420284 -91.10028 116.883385
8.57 6.69 -1.5699999 -87.089584 -88.2355 101.98649
7.0499997 7.0099998 -0.12 -103.1324 -80.21409 109.43494
6.39 8.65 2.8899999 -92.24621 -91.67324 131.20734
9.33 10.49 3.47 -83.65183 -117.456345 125.47776
11.0 13.25 6.45 -77.922264 -104.27831 94.53803
9.25 15.0 8.26 -65.890144 -87.089584 96.256905
10.41 16.13 8.82 -50.993244 -69.32789 92.24621
11.94 17.359999 8.87 -34.950428 -53.285076 64.74423
10.86 17.93 8.26 -24.064226 -30.366762 31.51268
9.179999 17.71 7.17 -14.896902 -5.7295775 4.0107045
8.46 17.21 4.83 -16.615776 -7.448451 -9.167324
8.72 16.789999 3.11 -22.345354 -3.4377468 -23.49127
8.66 16.07 1.02 -28.07493 10.886198 -34.950428
9.19 16.279999 0.14 -21.772396 2.291831 -46.98254
9.54 16.529999 -1.9599999 -27.501974 -6.3025355 -62.4524
9.719999 16.14 -2.57 -27.501974 -34.950428 -83.65183
10.21 15.559999 -1.61 -6.8754935 -55.576904 -89.95437
10.69 14.969999 -2.0 1.7188734 -61.879436 -97.97578
10.71 13.98 -2.4099998 -7.448451 -55.00395 -104.27831
11.12 13.36 -0.78999996 -6.8754935 -54.43099 -110.58085
11.63 12.259999 -0.03 -2.291831 -63.02536 -126.05072
11.57 10.79 0.26999998 -18.907606 -66.463104 -138.08282
10.74 9.12 1.42 -34.950428 -59.014652 -146.67719
9.53 7.8599997 3.25 -35.523384 -52.139156 -145.53128
8.16 6.46 4.5099998 -24.064226 -50.993244 -139.80171
6.67 5.48 5.29 -13.178029 -46.40958 -131.20734
5.39 4.37 5.69 14.323945 -48.128452 -110.58085
2.6499999 2.45 4.42 28.07493 -51.5662 -89.38142
1.8 2.4199998 3.1299999 27.501974 -61.30648 -69.32789
1.74 2.4099998 2.6399999 23.49127 -69.32789 -51.5662
2.51 2.46 2.33 18.907606 -64.17127 -45.263664
2.1699998 2.51 1.88 15.469859 -48.701412 -43.544792
1.1899999 2.95 1.91 5.7295775 -50.993244 -33.231552
0.71 3.52 1.67 -11.459155 -51.5662 -25.210142
0.57 4.17 1.8499999 -24.637184 -52.712116 -18.907606
1.18 4.7999997 2.77 -25.210142 -50.993244 -20.62648
1.9399999 5.45 3.77 -17.761692 -34.377464 -28.07493
1.48 5.91 3.6399999 -14.896902 -13.178029 -29.793804
-0.45 5.72 2.98 -11.459155 -7.448451 -22.345354
-0.71 6.43 2.98 1.7188734 -14.323945 -10.886198
0.53 6.97 1.8299999 9.167324 -21.199438 -9.167324
0.41 7.19 1.05 4.583662 -16.615776 -14.896902
-0.29 7.73 0.98999995 -3.4377468 -16.615776 -10.31324
-0.32 7.95 1.18 -23.49127 -5.7295775 -1.7188734
0.099999994 8.12 1.74 -27.501974 4.583662 -1.1459155
-0.049999997 8.32 2.5 -14.323945 0.0 1.7188734
0.26999998 8.82 3.22 6.3025355 -6.8754935 1.7188734
0.84999996 9.17 2.26 11.459155 -5.7295775 -2.291831
0.61 9.099999 0.59 -1.1459155 -2.8647888 -4.583662
-0.01 9.2 1.93 -10.31324 -4.583662 3.4377468
0.68 9.5 2.6399999 0.0 1.1459155 5.15662
0.53 9.469999 2.8 17.761692 3.4377468 5.7295775
0.089999996 9.55 1.8 22.91831 0.0 5.15662
0.38 9.78 1.28 17.761692 -0.57295775 9.167324
1.02 10.219999 1.1899999 13.750987 6.8754935 5.15662
1.12 10.04 0.32 5.7295775 10.31324 1.1459155
0.78 9.929999 -0.03 -1.7188734 5.7295775 1.1459155
0.91999996 9.929999 0.45 -2.291831 2.291831 -0.57295775
1.0 9.74 0.65 -2.8647888 3.4377468 -2.8647888
0.64 9.65 0.51 -6.3025355 2.8647888 -1.1459155
0.58 9.5 0.48 -10.886198 4.0107045 -1.1459155
0.63 9.45 1.28 -6.8754935 4.0107045 -1.7188734
0.39 9.58 1.5899999 0.57295775 0.57295775 1.7188734
1.05 9.679999 0.78999996 2.8647888 0.57295775 2.291831
0.89 9.5199995 0.35 -2.8647888 1.1459155 -0.57295775
0.47 9.57 1.15 -2.291831 -0.57295775 1.1459155
0.85999995 9.719999 1.28 2.291831 0.57295775 1.7188734
1.13 9.639999 0.78999996 0.0 0.0 -0.57295775
0.7 9.53 0.79999995 0.57295775 -1.7188734 0.57295775
0.47 9.61 0.89 0.0 -1.7188734 4.583662
0.69 9.88 1.0 -2.8647888 -1.1459155 5.15662
0.96 9.88 0.95 -6.8754935 6.3025355 4.583662
0.45 9.889999 1.4599999 -1.1459155 -4.0107045 8.021409
0.93 10.15 1.93 9.167324 -12.605071 9.167324
1.36 10.059999 1.2099999 10.31324 -8.021409 8.021409
1.38 10.16 1.13 3.4377468 -4.583662 4.0107045
1.55 10.01 1.37 0.57295775 0.0 0.0
1.27 9.679999 1.09 -0.57295775 2.8647888 -4.0107045
0.29 9.48 1.16 2.291831 -2.291831 0.57295775
0.64 9.54 1.36 6.3025355 -3.4377468 2.291831
1.31 9.53 0.87 3.4377468 0.0 -1.7188734
0.94 9.61 0.63 -2.8647888 -0.57295775 -2.291831
0.78999996 9.51 0.9 -6.3025355 1.1459155 -2.291831
0.81 9.33 1.05 -9.167324 5.15662 -3.4377468
0.59 9.16 1.39 -6.8754935 1.7188734 -1.7188734
0.5 9.23 1.76 0.0 -1.1459155 -0.57295775
0.61 9.48 1.8299999 7.448451 -2.291831 1.1459155
1.06 9.46 1.23 9.167324 -1.1459155 0.0
0.68 9.25 0.91999996 5.15662 0.57295775 -0.57295775
0.31 9.32 0.78999996 0.57295775 1.1459155 2.8647888
0.71999997 9.4 0.42 -4.0107045 -1.7188734 1.7188734
1.0699999 9.429999 0.84999996 -2.8647888 -1.7188734 0.0
0.62 9.37 1.4 1.1459155 -1.7188734 1.1459155
0.72999996 9.46 1.75 5.15662 0.0 2.291831
0.68 9.48 0.89 3.4377468 0.0 3.4377468
0.88 9.58 1.04 3.4377468 -4.0107045 3.4377468
1.0 9.69 1.14 4.0107045 -2.8647888 2.291831
0.90999997 9.82 1.0 0.57295775 0.0 1.7188734
0.95 9.7699995 1.04 -3.4377468 2.291831 0.57295775
0.94 9.65 1.48 -0.57295775 2.291831 0.57295775
0.78999996 9.57 1.3399999 1.7188734 1.1459155 1.1459155
0.68 9.5199995 0.84999996 1.7188734 -3.4377468 1.7188734
0.94 9.59 1.27 2.8647888 -2.291831 1.7188734
1.11 9.719999 1.3299999 1.7188734 1.1459155 0.0
0.96999997 9.74 0.94 -1.1459155 2.8647888 0.0
0.78 9.679999 0.97999996 -0.57295775 0.57295775 1.7188734
