0.96 10.32 2.22 2.8647888 1.1459155 -13.178029
0.82 10.09 0.14999999 17.761692 -9.167324 -9.167324
0.48999998 9.73 -0.16 8.594366 -22.345354 -3.4377468
0.39 9.66 0.72999996 2.291831 -26.929016 0.57295775
0.77 9.65 0.96 5.15662 -22.345354 0.0
1.75 9.99 0.25 9.740283 -4.0107045 0.0
1.63 9.9 -0.48 -1.7188734 6.8754935 -15.469859
0.85999995 9.51 -0.16 -6.8754935 4.0107045 -19.480566
0.19 9.0 0.45999998 -2.8647888 -2.8647888 -16.042818
0.0 8.76 0.53999996 0.57295775 -7.448451 -8.594366
0.66999996 8.38 -0.17 -7.448451 -3.4377468 -6.8754935
0.85999995 7.91 -0.17999999 -20.053522 2.8647888 -6.8754935
0.68 7.04 0.75 -17.761692 4.583662 -1.7188734
1.02 6.37 0.57 -4.0107045 -2.291831 3.4377468
1.26 5.56 -0.31 11.459155 -8.594366 7.448451
1.23 4.61 -2.07 14.323945 -17.761692 10.31324
0.88 3.6999998 -2.57 1.1459155 -20.62648 12.605071
0.58 2.97 -2.27 -10.31324 -21.199438 21.199438
1.02 2.25 -2.06 -16.615776 -24.637184 42.971836
1.29 1.65 -1.5999999 -18.334648 -30.366762 53.858032
0.31 2.1399999 -0.31 -9.740283 -37.242256 68.75493
1.88 3.06 0.53999996 10.886198 -55.576904 85.37071
4.2999997 3.6399999 -0.45 15.469859 -64.17127 92.24621
5.7799997 4.2799997 -2.1699998 -24.637184 -58.441692 88.80846
3.3899999 6.37 3.61 -106.57015 -13.178029 85.94367
5.12 7.7799997 6.41 -75.630424 -17.761692 95.11099
6.93 8.33 3.32 -17.761692 -46.98254 98.54874
5.22 9.099999 0.39 -1.1459155 -38.38817 90.52733
4.61 10.139999 0.16 -27.501974 -38.38817 93.39212
5.87 10.79 0.74 -49.27437 -48.701412 99.69466
5.96 11.69 0.94 -68.18198 -46.98254 107.143105
7.1299996 12.57 1.49 -73.33859 -50.993244 107.716064
7.8599997 13.599999 2.6499999 -68.18198 -61.30648 97.97578
8.01 15.25 4.75 -45.263664 -69.32789 88.2355
9.5 16.77 4.7799997 -21.199438 -71.04677 67.60902
9.42 17.14 3.4399998 -22.345354 -56.72282 40.680004
7.37 16.92 3.4199998 -34.377464 -28.64789 16.615776
7.19 15.98 3.51 -24.064226 -28.07493 9.167324
8.03 15.53 1.86 -6.8754935 -42.398876 1.1459155
7.72 15.25 0.45999998 -6.8754935 -45.83662 -12.032113
7.3799996 15.4 0.13 -14.323945 -38.38817 -24.064226
8.12 15.36 -0.35999998 -13.750987 -35.523384 -31.51268
8.65 14.849999 -2.01 -12.032113 -47.555496 -50.420284
8.47 14.11 -3.01 -12.605071 -60.160564 -64.17127
7.87 13.63 -2.8899999 -6.3025355 -68.18198 -68.75493
8.0199995 13.46 -3.26 -2.291831 -75.630424 -66.463104
9.34 12.96 -4.0699997 -12.032113 -87.089584 -70.47381
9.809999 12.36 -2.98 -19.480566 -96.829865 -83.07887
9.0 11.87 -0.90999997 2.8647888 -110.0079 -84.79775
8.82 10.599999 -1.54 8.594366 -120.32113 -81.93296
8.679999 9.929999 -1.1999999 -11.459155 -115.16451 -80.78705
8.78 9.33 0.62 -31.51268 -105.997185 -79.06818
9.37 8.91 2.26 -33.80451 -105.997185 -79.641136
8.76 8.13 3.0 -24.064226 -101.98649 -87.662544
7.81 7.45 3.8999999 -0.57295775 -95.11099 -95.11099
6.6499996 6.35 4.14 14.896902 -88.80846 -93.39212
5.83 5.0699997 3.34 19.480566 -75.057465 -89.38142
4.43 4.2 2.32 7.448451 -63.02536 -83.07887
3.24 3.62 2.1 -9.167324 -59.014652 -71.04677
2.8 3.1499999 2.25 -21.199438 -59.014652 -60.733524
2.08 2.36 3.29 -22.345354 -68.75493 -54.43099
1.27 2.71 3.37 -9.740283 -68.18198 -51.5662
0.68 3.5 3.01 0.0 -57.868736 -42.398876
0.37 3.9199998 2.71 -4.583662 -52.712116 -32.658592
-0.03 4.85 2.9199998 -18.907606 -51.5662 -26.929016
0.48999998 5.7999997 3.6699998 -30.366762 -53.858032 -17.188732
1.15 6.19 3.6 -29.793804 -36.669296 -16.042818
0.9 6.3399997 2.98 -31.51268 -12.605071 -24.637184
-0.5 6.66 2.8 -36.669296 -3.4377468 -18.334648
-0.47 6.8199997 3.09 -32.658592 -16.042818 -8.021409
-0.03 7.37 3.1499999 -18.334648 -14.323945 -9.167324
-0.29 7.79 2.5 -4.583662 -2.8647888 -8.021409
-0.45 7.96 1.8 -0.57295775 -6.3025355 -2.8647888
-0.21 8.91 1.5899999 -0.57295775 -10.886198 1.7188734
0.19999999 8.84 1.39 0.57295775 -11.459155 3.4377468
0.099999994 9.32 1.79 2.8647888 -9.167324 2.291831
0.47 9.57 1.49 6.3025355 -6.8754935 0.57295775
0.55 9.45 1.04 3.4377468 -1.7188734 -1.1459155
-0.17 9.51 1.12 -2.291831 2.291831 -1.7188734
-0.21 9.66 1.2099999 -0.57295775 -3.4377468 2.291831
0.19999999 9.59 1.06 0.0 -4.583662 4.583662
0.47 9.71 1.25 0.0 -0.57295775 1.7188734
0.19999999 9.9 1.35 2.8647888 2.291831 1.7188734
0.52 9.96 1.12 5.7295775 0.57295775 1.7188734
0.66999996 9.83 0.56 0.57295775 4.583662 -1.7188734
-0.08 9.53 0.28 -6.3025355 0.0 0.0
0.22999999 9.7699995 0.9 -8.594366 -1.1459155 2.8647888
0.39999998 9.78 1.01 -5.7295775 0.57295775 4.0107045
0.48 9.969999 1.22 0.0 -0.57295775 2.8647888
0.52 9.84 1.0799999 5.7295775 -2.8647888 1.7188734
0.76 9.99 0.78999996 6.3025355 -1.1459155 2.291831
0.84 9.809999 0.35 -0.57295775 1.7188734 -1.7188734
0.32999998 9.66 0.25 -7.448451 1.1459155 -2.291831
0.19999999 9.719999 0.90999997 -9.167324 -0.57295775 0.0
0.55 9.809999 1.3299999 -2.291831 0.0 1.1459155
0.59 9.76 0.90999997 0.0 2.291831 0.0
0.35 9.55 0.77 -0.57295775 0.0 0.0
0.63 9.65 1.04 4.0107045 0.0 0.0
0.31 9.73 0.68 6.8754935 2.8647888 -0.57295775
0.31 9.53 0.12 6.8754935 0.0 0.0
0.44 9.57 0.02 1.1459155 -0.57295775 1.1459155
0.47 9.5199995 0.31 -5.7295775 -0.57295775 0.57295775
0.22999999 9.49 0.78999996 -8.021409 0.0 0.0
0.26 9.61 0.84999996 -2.291831 -0.57295775 4.0107045
0.63 9.76 0.84 0.0 -3.4377468 2.8647888
0.62 9.8 0.88 2.291831 -4.583662 1.1459155
0.48999998 9.75 0.81 4.0107045 -3.4377468 0.57295775
0.48 9.7 0.63 1.1459155 -2.8647888 1.1459155
0.79999995 9.7699995 0.51 -3.4377468 0.57295775 0.0
0.31 9.7 1.06 -7.448451 0.0 -0.57295775
0.48999998 9.69 1.29 -2.8647888 -3.4377468 0.57295775
0.44 9.69 1.22 0.0 0.0 1.1459155
0.42 9.63 0.85999995 2.291831 0.0 1.1459155
0.52 9.639999 0.93 0.0 -0.57295775 1.1459155
0.71 9.87 1.15 1.1459155 -1.1459155 1.1459155
0.84 9.76 0.89 7.448451 -2.291831 -2.291831
0.37 9.559999 0.32 4.0107045 -0.57295775 -3.4377468
0.0 9.42 0.39 -3.4377468 -2.291831 0.0
0.34 9.48 0.95 -4.583662 -3.4377468 2.8647888
0.69 9.59 1.31 -1.1459155 0.57295775 1.1459155
0.58 9.639999 1.1899999 0.57295775 1.7188734 0.0
0.52 9.63 1.03 4.0107045 0.0 0.0
0.48999998 9.559999 0.71 5.15662 1.1459155 0.57295775
0.29999998 9.51 0.52 4.0107045 -0.57295775 0.57295775
