1.6927522 9.70639 0.8092649 2.553915 3.152345 -1.22248
1.6999351 9.744699 0.6895511 2.7989151 0.072345 1.57752
1.6759924 9.72315 0.8786988 -0.59608495 3.082345 1.15752
1.6161355 9.761458 1.1708003 -5.006085 3.7473452 0.52752
1.5131817 9.749487 1.1444633 -5.111085 2.977345 -0.06748
1.6137413 9.663293 1.0079896 -2.5210853 3.257345 -0.17248
1.6616267 9.720756 1.0462981 -0.806085 1.9273449 -0.10248
1.5610672 9.771035 1.2043202 -0.911085 0.52734506 -0.9774801
1.4652961 9.785401 1.2809371 -1.6810851 2.1723452 -1.74748
1.525153 9.818921 1.0439038 0.208915 3.957345 -1.39748
1.6520497 9.804555 0.66321415 3.883915 3.817345 -0.83747995
1.4964218 9.804555 0.5602603 4.4789147 4.062345 -1.5374801
1.2857256 9.830893 0.76616794 0.73391503 5.007345 -2.5874798
1.4150164 9.735122 0.9122187 -5.181085 6.8623447 -1.4674801
1.5730386 9.718362 0.9481328 -9.416085 10.397346 2.20752
1.3958622 9.749487 0.9912298 -9.031085 10.187345 2.7675202
1.4006507 9.73991 1.3288225 -7.1410847 6.8273454 -0.27748
1.4557191 9.747093 1.5754328 -6.826085 4.867345 -1.3274801
1.3910737 9.766247 1.5850099 -5.006085 3.8523455 -1.11748
1.56825 9.787795 1.2929084 -0.106085 3.012345 -2.09748
1.5850099 9.73991 1.0343267 4.8989153 0.9473451 -2.30748
1.4820561 9.58907 1.063058 5.983915 1.437345 -2.5874798
1.3743137 9.318518 1.1205206 2.763915 2.662345 -3.70748
1.3647367 9.057542 1.0343267 -1.016085 4.272345 -4.16248
1.3216397 8.660092 0.6608198 -2.2060852 5.987345 -3.00748
1.2593886 8.123775 -0.0047885496 -0.316085 6.6173453 -1.85248
1.2067145 7.7047763 -0.531529 2.7989151 6.652345 -1.50248
1.4605076 7.1397276 -0.9888355 5.5289154 2.5223448 -2.27248
1.9800652 6.22272 -1.2809371 -0.036085 -1.537655 0.9825199
2.2554069 5.4302154 -1.4509305 -5.286085 0.632345 4.48252
1.8795058 4.9417834 -1.5059988 -8.576085 5.042345 6.51252
1.0846065 4.685596 -1.3360053 -7.1760855 7.1773453 4.93752
0.51955765 4.7765784 -0.9289786 0.34891498 -5.737655 3.7825198
0.56265455 5.154874 -0.9289786 10.288915 -23.622656 8.577519
1.2617828 5.767808 -1.333611 12.633915 -24.777655 25.83252
2.3799093 6.0311785 -0.7206767 1.713915 -13.367655 46.412518
3.3615618 6.1652575 -0.11253092 -9.206085 -4.267655 59.257526
3.7685885 6.3927135 -0.37590113 -1.6810851 -7.9426556 58.55752
3.3687446 6.543553 -0.49800915 11.093915 -13.612655 50.85752
3.2777622 6.7877693 -0.4189981 13.648914 -9.482656 45.85252
3.4286015 7.1756415 -0.17478207 7.453915 0.387345 46.90252
3.938582 7.1493044 0.34477556 -5.391085 17.222345 54.63752
4.051113 7.240287 0.5123748 -16.381084 35.562344 63.87752
3.3328304 7.7071705 0.42618093 -13.266086 42.772346 66.25752
3.7877429 8.023215 0.3974496 -0.59608495 30.067347 67.132515
5.4948606 8.22194 0.6895511 8.713914 -0.907655 74.44752
7.2953553 8.159689 0.9505271 7.698915 -29.187656 84.49252
7.1349387 7.9561753 1.1181264 0.663915 -33.702652 84.66753
6.3544054 7.927444 1.4533248 -8.611086 -22.607656 71.19252
6.5483418 8.341654 2.3416007 -14.526086 -17.462654 60.412518
7.6736507 9.107821 2.221887 -11.026085 -28.942654 57.57752
8.43503 10.065532 1.7909175 1.538915 -38.637657 56.737522
7.21395 10.541992 1.9178141 8.398914 -33.107655 55.337524
6.646507 11.293795 3.0957973 -0.036085 -18.512655 53.02752
6.952974 12.352064 2.9832664 -12.951085 -12.282655 54.46252
8.370385 13.6162405 2.1021733 -7.736085 -21.697655 64.822525
9.227535 14.008902 1.8364087 -2.1710851 -33.422657 73.67752
8.308133 14.037633 2.1835787 -19.531084 -36.572655 70.072525
7.448589 13.7263775 2.5475085 -47.986084 -27.507654 50.85752
7.1924014 13.350476 1.8411974 -67.691086 -21.872654 34.37252
7.51084 13.058374 1.8316202 -73.74609 -23.027657 27.09252
7.6185822 12.768667 2.403852 -81.27108 -20.577654 22.61252
7.6305537 12.672896 1.5562786 -70.526085 -22.082655 2.48752
7.3025384 12.778245 0.062251143 -53.796085 -30.307657 -8.992479
7.745479 13.010489 -0.74701375 -55.896088 -30.797657 -16.09748
8.25546 13.355265 -0.34716985 -73.92109 -22.887655 -21.45248
8.437425 13.992142 -0.7350424 -83.791084 -21.942656 -33.42248
7.726325 14.72479 -0.34956414 -93.06608 -25.162655 -48.892483
7.9777236 14.765492 1.1947432 -107.34608 -13.087655 -59.392483
8.394327 16.271492 3.4980354 -107.10109 5.7423453 -68.422485
8.353624 16.534863 3.641692 -73.18609 6.652345 -86.20248
9.043176 16.23079 3.3639562 -23.591085 -14.102655 -93.58748
8.545167 15.474198 3.5866237 6.788915 -28.802654 -106.04748
7.4845033 14.083124 4.9010806 12.143916 -26.667656 -116.54748
7.7909703 13.079924 6.1484976 13.053916 -21.277655 -114.97248
7.970541 12.213196 6.186806 25.758915 -22.747654 -105.87248
8.93304 11.662513 5.217125 48.543915 -22.747654 -97.89249
8.583475 10.956202 4.3671575 66.183914 -29.467655 -96.52748
7.9920893 10.039194 4.522785 65.44891 -36.992653 -106.117485
6.864386 8.820508 5.2434616 48.298916 -36.677658 -111.85748
6.7662206 7.9944835 5.9018874 34.683914 -33.07266 -112.62748
6.4789076 7.206767 5.200365 34.64892 -33.527653 -108.74248
5.784568 7.170853 3.7542229 48.578915 -37.832653 -108.77747
4.7071443 6.1461034 2.885101 54.808914 -43.327656 -114.06248
2.6097596 5.3919067 2.7845416 44.623913 -43.012657 -119.66248
0.87630457 4.5419393 2.719896 25.793915 -34.892654 -120.85248
0.31125572 4.041536 2.638491 12.703915 -26.352655 -104.08749
0.98404694 3.8021083 2.719896 9.868915 -21.382654 -75.702484
1.6281068 3.737463 2.944958 14.663914 -25.757654 -49.13748
1.802889 3.3831103 2.8827069 25.443916 -31.917656 -36.81748
1.7981004 3.222694 2.310475 40.458916 -40.177654 -37.692482
1.3431882 3.7494342 1.4652961 53.793915 -44.797653 -40.35248
1.3814965 3.7590115 1.7214836 54.248917 -38.287655 -41.50748
0.68715686 3.5962007 2.2194927 40.283916 -32.407658 -45.74248
-0.31125572 3.8715425 1.5754328 25.023916 -29.852654 -52.67248
-1.7813405 3.8356283 1.0822122 13.858915 -18.897655 -58.482483
-3.0694604 4.3264546 1.7669748 -3.221085 -3.2176552 -61.212482
-3.0646718 4.434197 2.1404817 -24.781086 16.207346 -59.392483
-2.8946784 5.0231886 1.4485363 -30.066086 23.837345 -45.84748
-2.8300328 5.5547175 0.1340794 12.878916 4.447345 -16.37748
-2.9665065 6.1317377 -0.28013015 23.343916 -6.367655 -10.98748
-2.7893302 6.58665 -0.019154198 19.703917 -7.312655 -6.4724803
-2.2314641 7.0726876 0.13168511 15.993916 -3.042655 1.9275199
-1.8483802 7.903501 -0.43336374 19.073915 -1.607655 10.432521
-1.786129 8.458973 -0.94095 24.008915 2.2423449 12.81252
-1.333611 8.806143 -0.76137936 23.553915 -0.137655 12.462521
-1.185166 8.976136 -0.9433443 20.298914 -4.6526546 10.60752
-1.5012103 9.122187 -1.1133378 15.5739155 -1.1526549 5.8125205
-1.7621863 9.131764 -0.9313729 8.118916 5.287345 2.0675201
-1.8914771 9.1628895 -0.49800915 2.448915 5.777345 1.64752
-1.446142 9.404712 -0.56744313 4.9689155 0.772345 6.58252
-0.8739103 9.684841 -1.0750294 13.053916 -6.122655 11.552521
-0.8475733 9.993703 -1.3192455 14.383916 -6.822655 12.81252
-0.9792584 9.991309 -1.185166 7.173915 0.45734504 10.71252
-0.73743665 9.950606 -0.6296943 -0.911085 3.712345 7.8425198
-0.52913475 10.060742 -0.67757976 -4.201085 3.152345 6.37252
-0.89067024 10.065532 -1.1061549 -1.331085 2.5223448 3.50252
-1.3671309 10.005674 -1.0941836 0.628915 1.577345 -2.16748
-1.1995317 10.05356 -0.52674043 -1.7160851 -0.032655 -3.14748
-0.8356019 10.259467 -0.5650489 -2.6260853 -3.9526553 0.63252
-0.6751855 10.345661 -0.92658436 0.383915 -5.667655 3.6075203
-0.89067024 10.271439 -0.9433443 1.9589151 -2.552655 2.7675202
-0.9624985 10.178062 -0.7829279 -0.036085 -1.8876551 -1.29248
-0.77574503 10.142148 -0.4932206 -3.9910853 -3.707655 -4.89748
-1.0319325 9.926663 -0.5363176 -6.371085 -3.9526553 -6.0524797
-1.4844503 9.938635 -0.38547826 -6.8960853 -1.082655 -8.18748
-1.4174107 9.895537 0.035914123 -8.751085 1.017345 -10.39248
-1.1300977 9.70639 -0.29210153 -7.1410847 -2.167655 -8.222481
-1.4150164 9.636956 -0.57223165 0.48891497 -6.402655 -4.79248
-1.4174107 9.732727 -0.14365649 3.4989152 -2.832655 -4.7224803
-1.0822122 9.751882 -0.31365 -1.121085 1.6473451 -4.44248
-1.185166 9.725544 -0.8356019 0.208915 0.9473451 -3.49748
-1.56825 9.553157 -0.7805336 0.90891504 0.072345 -9.65748
-1.4820561 9.373586 -0.17957062 -6.126085 1.5073451 -8.50248
-1.5658557 9.385557 -0.09577099 -7.3160853 3.292345 -4.44248
-1.7813405 9.450203 -0.36871833 -2.5560849 3.887345 -1.6774801
-1.6520497 9.500483 -0.51716334 2.728915 0.59734505 0.63252
-1.2498114 9.603436 -0.6057515 5.598915 -3.4976552 5.4975204
-0.967287 9.735122 -0.7350424 6.263915 -2.692655 7.5625205
-1.2043202 9.816526 -0.90503585 4.3389153 0.91234505 4.83252
-1.3072741 9.70639 -0.80687064 0.803915 1.9623449 0.35252
-1.2354459 9.653716 -0.8284191 -1.121085 0.772345 -0.80248
-1.3479767 9.70639 -0.91700727 -1.4710851 0.212345 -1.01248
-1.3479767 9.703996 -0.74701375 -2.976085 0.842345 -1.71248
-1.3886794 9.653716 -0.45730647 -5.111085 0.737345 -2.20248
-1.4102279 9.816526 -0.29689008 -4.166085 -0.66265506 -2.13248
-1.2450229 9.914692 -0.6656084 1.818915 -3.672655 -0.24247998
-1.175589 9.871595 -0.71828246 6.578915 -5.492655 0.9825199
-1.3024855 9.73991 -0.52674043 4.9339147 -3.8826551 -0.55748
-1.3934679 9.730332 -0.37590113 0.83891505 -1.047655 -2.79748
-1.4772675 9.7135725 -0.51716334 0.033915002 1.157345 -2.69248
-1.56825 9.584282 -0.9122187 3.8489149 1.4723449 -1.74748
-1.6544439 9.591465 -0.66800267 4.8289146 0.7023451 -1.22248
-1.4916332 9.529214 -0.3998439 0.83891505 0.59734505 -0.06748
-1.3168511 9.677659 -0.6368771 0.48891497 -0.102655 1.9275199
