-0.87 9.87 -0.82 4.0107045 4.0107045 5.7295775
-0.24 9.26 -0.98999995 2.8647888 -14.323945 10.886198
-0.69 9.38 -0.85999995 4.583662 -14.896902 5.7295775
-0.52 9.36 -0.59999996 5.7295775 -8.594366 4.583662
-0.14 9.19 -1.23 12.032113 -5.15662 7.448451
0.06 8.99 -1.9499999 13.750987 0.0 6.3025355
-0.25 8.7699995 -1.92 6.3025355 2.8647888 4.0107045
-0.42 8.48 -1.09 -0.57295775 -1.1459155 5.7295775
-0.14 8.4 -0.81 4.0107045 -5.15662 6.3025355
0.7 8.11 -1.93 14.323945 -3.4377468 9.740283
0.72999996 7.5099998 -3.24 12.032113 5.15662 10.886198
-0.049999997 7.37 -2.35 -2.291831 9.167324 8.594366
0.0 7.6 -2.06 -2.291831 0.0 10.31324
0.69 7.4199996 -2.77 1.1459155 -3.4377468 12.605071
0.17 6.92 -3.6899998 0.57295775 -1.7188734 9.167324
-0.19999999 6.52 -3.76 -0.57295775 -13.750987 26.356058
-0.01 7.3799996 -2.69 -10.886198 -20.62648 32.085636
1.61 7.1 -2.98 -9.167324 -26.929016 45.263664
2.32 7.0899997 -4.5899997 0.57295775 -39.53409 54.43099
2.1 6.7 -4.8399997 -8.021409 -50.993244 53.285076
1.75 6.8399997 -2.51 -37.242256 -52.139156 47.555496
2.77 7.44 -1.29 -41.825916 -48.128452 45.83662
5.49 7.39 -2.97 -11.459155 -63.02536 49.27437
4.8399997 7.22 -3.33 -9.740283 -61.30648 38.961132
3.1299999 7.62 -2.58 -26.356058 -46.40958 8.021409
2.58 8.41 -1.39 -40.107044 -42.971836 4.583662
3.1799998 8.0199995 -1.39 -43.544792 -67.60902 32.658592
3.58 7.41 -0.85999995 -52.139156 -86.516624 61.879436
3.9099998 8.01 1.61 -56.14986 -88.80846 70.47381
5.3399997 9.44 1.68 -16.042818 -103.1324 72.76564
7.0 9.66 -0.75 32.658592 -107.143105 76.77634
6.6 9.74 -2.56 42.398876 -108.289024 83.07887
5.81 11.21 0.12 17.761692 -114.59156 90.52733
7.7799997 11.8 0.55 -16.615776 -116.31043 90.52733
8.599999 12.429999 1.2099999 -33.80451 -116.883385 89.95437
8.09 12.74 5.29 -68.18198 -107.143105 84.22479
6.54 14.88 8.08 -83.65183 -83.07887 64.74423
6.72 14.37 5.79 -59.014652 -71.04677 53.285076
6.72 14.37 5.79 -59.014652 -71.04677 53.285076
6.3799996 15.339999 5.97 -26.929016 -55.576904 46.98254
6.85 15.2 4.6 -21.772396 -57.868736 42.971836
5.65 13.16 2.31 -28.07493 -38.961132 14.896902
4.93 12.9 3.1999998 -57.868736 -28.64789 -2.291831
4.5499997 13.16 4.8199997 -59.014652 -29.220846 -5.7295775
5.3599997 12.74 3.1899998 -39.53409 -30.366762 -4.583662
5.46 12.23 2.72 -36.669296 -25.7831 -7.448451
4.74 12.55 2.59 -34.950428 -16.615776 -17.761692
5.46 12.88 0.87 -20.053522 -17.188732 -18.334648
6.6 14.11 -2.1599998 -14.323945 -14.896902 -28.07493
6.8599997 14.13 -2.79 -25.7831 -14.896902 -33.231552
6.3199997 14.37 -0.84999996 -68.75493 -8.594366 -49.84733
5.73 12.7699995 1.65 -110.58085 -3.4377468 -50.420284
5.89 12.23 1.8399999 -105.42423 -7.448451 -46.40958
6.47 12.09 1.61 -71.04677 -14.323945 -53.285076
6.46 12.66 1.36 -16.615776 -38.38817 -79.06818
6.66 12.46 0.72999996 -6.3025355 -44.69071 -81.36001
6.1 11.94 0.79999995 0.0 -46.40958 -81.93296
6.06 11.11 0.75 -5.7295775 -45.83662 -81.36001
6.64 10.67 1.02 -12.605071 -46.40958 -83.07887
6.5699997 10.32 1.74 -16.042818 -54.43099 -93.39212
5.77 9.84 2.37 -12.605071 -55.576904 -105.42423
4.97 8.809999 1.8299999 -1.1459155 -50.420284 -107.716064
4.8199997 8.28 1.26 10.31324 -43.544792 -107.143105
4.97 7.8399997 1.41 9.167324 -42.398876 -105.997185
3.9299998 7.58 2.1499999 -8.021409 -44.69071 -111.15381
3.03 8.2699995 3.47 -8.021409 -41.25296 -112.87268
2.6799998 7.6499996 1.67 17.188732 -44.69071 -108.86198
2.45 7.39 1.5899999 21.199438 -46.40958 -104.85127
1.74 7.3599997 2.3999999 0.57295775 -60.733524 -106.57015
1.18 6.6099997 2.86 -7.448451 -55.00395 -106.57015
0.78999996 6.2599998 2.54 -4.0107045 -45.83662 -101.98649
-0.42999998 5.2599998 2.8899999 -2.291831 -34.377464 -92.24621
-1.51 5.67 4.39 -4.0107045 -37.815212 -88.2355
-1.5799999 5.64 4.4 1.7188734 -40.680004 -84.79775
-1.38 4.8199997 3.01 30.366762 -48.128452 -68.18198
-2.6699998 5.02 1.66 35.523384 -32.085636 -65.890144
-2.76 4.63 2.06 13.178029 -17.761692 -52.712116
-2.79 4.5899997 3.08 -5.7295775 -4.583662 -40.107044
-3.54 5.35 2.82 -4.0107045 0.57295775 -34.950428
-2.82 5.95 2.3799999 6.3025355 5.15662 -16.042818
-3.03 7.5499997 1.87 14.896902 -1.1459155 -9.167324
-2.6299999 7.37 1.7199999 -5.7295775 -10.31324 -10.886198
-2.87 7.3999996 2.19 -11.459155 -0.57295775 -9.740283
-3.4299998 7.5299997 2.1299999 -12.605071 6.3025355 -14.323945
-3.47 7.7 2.19 -8.594366 9.167324 -7.448451
-2.58 8.25 1.91 -2.8647888 5.7295775 -0.57295775
-2.4199998 8.34 1.62 2.8647888 -3.4377468 7.448451
-2.8799999 9.03 1.09 14.323945 -4.0107045 -1.1459155
-2.6299999 9.17 0.78 11.459155 -8.021409 1.1459155
-2.46 9.17 0.78999996 6.8754935 -5.15662 1.7188734
-2.46 9.33 0.61 2.291831 -2.8647888 1.1459155
-2.3999999 9.54 1.02 -5.15662 -3.4377468 1.7188734
-2.58 9.57 1.8499999 -4.0107045 -1.7188734 1.7188734
-2.56 9.22 1.86 4.583662 -0.57295775 2.291831
-2.54 9.15 1.64 4.583662 -0.57295775 2.291831
-2.6 9.349999 1.0799999 13.750987 0.57295775 5.7295775
-2.36 10.0 1.1899999 9.167324 -6.8754935 7.448451
-1.8 10.179999 0.79999995 10.886198 -10.886198 6.8754935
-1.62 10.0199995 0.04 12.032113 -10.31324 5.15662
-2.07 9.87 0.35 2.8647888 -4.583662 0.0
-2.61 9.88 1.5799999 -10.886198 -1.7188734 -3.4377468
-2.59 9.9 2.1299999 -10.886198 -1.1459155 0.0
-1.8499999 9.78 1.54 1.7188734 -2.291831 5.15662
-1.8399999 9.92 0.91999996 10.31324 -0.57295775 2.291831
-2.23 9.929999 0.68 9.740283 2.8647888 -0.57295775
-2.3 9.889999 0.44 5.7295775 0.0 -1.1459155
-2.29 9.78 0.94 -2.8647888 -1.7188734 0.57295775
-2.3799999 9.67 1.56 -5.7295775 -1.1459155 0.0
-2.26 10.01 1.4399999 1.1459155 -4.0107045 -0.57295775
-1.65 10.12 0.59 5.7295775 -3.4377468 0.57295775
-1.86 9.849999 0.53999996 -1.1459155 4.583662 -1.1459155
-2.3999999 9.62 1.36 -5.15662 9.167324 -4.583662
-2.4099998 9.49 1.23 -4.0107045 2.291831 -4.583662
-2.27 9.62 1.1 0.0 0.57295775 -1.7188734
-2.1499999 9.809999 0.89 5.15662 1.1459155 -0.57295775
-1.76 10.0 0.72999996 6.3025355 -1.1459155 1.7188734
-1.6899999 9.809999 0.35 4.0107045 0.0 0.0
-2.34 9.4 0.34 -1.1459155 2.8647888 -7.448451
-2.75 9.36 0.64 -2.291831 1.1459155 -9.167324
-2.46 9.29 0.97999996 -4.0107045 0.0 -1.7188734
-2.45 9.38 1.05 -1.7188734 2.291831 0.57295775
-2.35 9.46 1.48 0.0 2.8647888 1.7188734
-2.2 9.58 1.41 13.178029 0.0 1.1459155
-2.29 9.62 -0.29999998 15.469859 0.0 0.57295775
-2.57 9.469999 -0.12 5.7295775 1.1459155 0.0
-2.5 9.469999 1.0799999 -8.021409 -1.7188734 1.7188734
-2.1 9.83 1.31 -10.886198 -5.15662 1.7188734
-2.05 9.86 1.17 -6.3025355 -5.7295775 2.8647888
-2.54 9.75 1.61 -5.7295775 4.583662 0.0
-2.49 9.82 1.75 0.0 2.291831 1.7188734
-1.9 9.79 0.35999998 6.3025355 0.0 2.8647888
-1.93 9.79 0.22999999 11.459155 -2.291831 0.57295775
-2.1499999 9.8 0.64 -1.7188734 -2.291831 -2.291831
-2.44 9.719999 1.1 -5.7295775 0.0 -0.57295775
-2.35 9.66 1.3299999 -6.8754935 3.4377468 0.57295775
-2.11 9.67 1.26 -2.8647888 0.57295775 0.57295775
-2.02 10.0199995 0.19 4.0107045 -0.57295775 -0.57295775
-2.1399999 9.86 0.02 -8.594366 8.021409 -1.7188734
-2.28 9.78 0.42999998 -27.501974 15.469859 -1.7188734
-2.37 9.53 1.68 -31.51268 15.469859 -1.7188734
-2.33 9.63 2.19 -19.480566 5.15662 -1.7188734
-2.34 9.48 1.04 9.167324 -2.8647888 -3.4377468
-2.47 9.55 0.9 11.459155 -2.291831 -3.4377468
-2.46 9.62 0.85999995 10.31324 -2.291831 -2.291831
-2.29 9.469999 0.7 0.0 2.291831 1.1459155
-2.4299998 9.58 0.96 -2.291831 3.4377468 1.1459155
-2.29 9.63 1.4 0.0 -4.0107045 0.0
-2.22 9.73 0.83 6.8754935 -6.3025355 -1.1459155
-2.32 9.75 0.77 5.7295775 -2.291831 -0.57295775
-2.4299998 9.76 1.3 -0.57295775 0.0 0.0
-2.23 9.76 1.38 -0.57295775 -1.1459155 1.1459155
-2.12 9.679999 0.71 4.0107045 -2.8647888 0.57295775
-2.2 9.63 0.82 1.1459155 -2.8647888 0.0
-2.35 9.84 1.4 -4.583662 0.0 -1.7188734
-2.28 9.78 1.1899999 -1.7188734 2.291831 -1.1459155
-2.34 9.559999 0.90999997 1.1459155 0.57295775 -1.1459155
-2.33 9.51 1.09 0.0 0.0 0.0
-2.29 9.5199995 1.04 1.1459155 -1.7188734 -0.57295775
-2.28 9.57 1.23 0.0 -1.7188734 0.0
-2.4199998 9.61 1.03 0.57295775 -0.57295775 -1.7188734
-2.1299999 9.63 1.02 -1.1459155 1.7188734 1.1459155
-2.1399999 9.53 1.03 -2.8647888 0.0 0.0
-2.51 9.42 1.11 -1.7188734 0.0 -1.1459155
-2.5 9.51 0.93 1.7188734 -0.57295775 -0.57295775
-2.24 9.63 1.2099999 0.0 -1.1459155 2.291831
-2.08 9.599999 0.91999996 -1.1459155 2.291831 4.0107045
-2.28 9.5 0.48999998 0.0 1.1459155 1.7188734
-2.29 9.639999 0.94 -4.583662 0.57295775 0.57295775
-2.18 9.63 1.65 -10.886198 -1.7188734 0.57295775
-2.3899999 9.74 1.73 -8.594366 0.0 1.1459155
-2.36 9.7 1.28 1.7188734 1.7188734 1.1459155
-2.34 9.79 1.13 6.3025355 -1.1459155 2.291831
-1.9799999 9.87 0.85999995 6.8754935 -1.1459155 3.4377468
-2.07 9.79 0.74 5.15662 0.0 0.57295775
-2.27 9.78 0.71999997 0.57295775 0.0 -1.1459155
-2.33 9.83 0.89 -4.0107045 0.57295775 0.0
-2.21 9.78 1.22 -5.15662 0.0 1.7188734
-2.18 9.679999 1.5999999 -5.15662 -2.291831 1.1459155
-2.1399999 9.87 1.48 0.0 -2.8647888 0.0
-2.02 9.719999 0.56 6.3025355 0.0 0.0
-2.34 9.65 0.89 0.0 4.0107045 0.0
-2.37 9.58 1.39 -5.15662 2.291831 -0.57295775
-2.09 9.48 1.23 0.0 -2.8647888 0.57295775
-2.12 9.49 0.42999998 5.15662 -5.7295775 -0.57295775
-2.45 9.55 0.42999998 -4.0107045 -1.7188734 -1.7188734
-2.19 9.69 1.74 -21.772396 3.4377468 0.0
-2.36 9.58 1.7199999 -15.469859 0.57295775 -0.57295775
-2.45 9.63 1.5899999 -6.3025355 0.57295775 0.0
-2.36 9.679999 1.56 -4.0107045 -0.57295775 0.57295775
-2.12 9.8 1.6899999 -2.8647888 0.0 1.1459155
-2.1 9.719999 1.5799999 0.0 2.291831 2.291831
