2.152453 9.634562 0.5123748 -12.94293 7.0357003 1.410955
1.9968252 9.452597 1.2737542 -17.56293 2.8707001 -0.304045
2.047105 9.522031 1.2569942 -17.597929 -3.2893 -0.024045
2.0064023 9.431048 1.3743137 -14.657931 -1.8193 0.815955
1.7789462 9.37598 1.3934679 -14.377929 1.9257001 1.095955
1.7550035 9.464568 1.185166 -14.62293 4.4107003 1.305955
2.2123098 9.486116 1.1037607 -13.04793 4.7257004 3.4059548
1.9728824 9.399923 1.5107874 -13.012929 2.6957 5.890955
2.0327394 9.433443 1.8411974 -15.217931 -0.3843 6.3459554
2.1141446 9.435837 1.5107874 -13.012929 -0.55929995 3.195955
2.2194927 9.3592205 1.1444633 -5.3129296 -2.6943 0.57095504
2.142876 9.150918 0.94573855 4.80207 -8.9943 -3.349045
1.8866886 8.830086 0.84039044 3.47207 -7.8743005 -4.5390453
1.812466 8.490098 0.5506832 2.9470701 -7.0693 -3.139045
1.6520497 8.049552 0.19633053 2.80707 -5.9493003 0.045955
1.4221992 7.4845033 -0.083799616 2.9470701 -4.7592998 2.985955
1.4126221 6.9577627 -0.10055954 4.5220704 -5.6693 5.540955
1.5634614 6.3807425 -0.31843856 9.4220705 -9.379299 7.920955
1.6233183 5.681614 -0.5506832 19.397072 -18.5143 9.320955
1.6568382 5.0830455 -0.8284191 30.07207 -29.4693 8.060955
1.7813405 4.3623686 -1.1444633 36.51207 -33.424297 8.970956
2.0782306 3.8763309 -1.1253091 37.10707 -29.6793 13.975955
2.4421604 3.8356283 -1.0582695 35.49707 -23.659298 22.515955
2.3368123 4.048719 -1.1372806 37.00207 -20.789299 32.420956
2.9329867 4.1588554 -1.594587 41.76207 -20.964298 44.600956
3.1436827 4.381523 -2.030345 47.78207 -29.2243 60.630962
3.4788814 4.644893 -1.7430321 44.24707 -41.2643 77.010956
3.5147953 5.0591025 -0.35674694 28.35707 -51.834297 94.440956
3.641692 5.7127395 0.35914123 10.71707 -55.5443 113.58596
5.420638 7.003254 0.4070267 2.21207 -48.964302 139.20596
8.614601 7.8915296 0.29928434 1.61707 -42.2793 167.83595
10.695226 7.963358 0.10774237 1.7570701 -44.1693 182.74594
9.035994 9.299363 0.21787901 -4.50793 -51.624302 172.94595
9.294575 10.59706 1.5969813 -20.95793 -41.6143 154.04596
12.09827 11.540404 1.6328955 -40.067932 -19.809301 157.61595
13.211608 12.471778 0.67757976 -42.58793 -14.594301 163.84595
12.016866 13.166117 0.57223165 -38.63293 -14.9793 143.40596
11.542799 13.613847 1.1348863 -48.08293 -10.7093 109.35095
12.222773 14.028056 0.7039168 -58.827934 -0.2793 87.89596
12.715994 14.298609 -0.7589851 -55.922928 2.0657003 75.12096
12.033626 14.463814 -0.9337672 -56.27293 -1.3643 52.54595
12.093482 14.020873 -0.69673395 -72.68793 7.3857 25.630957
12.818948 12.87641 -0.4836435 -92.357925 19.320702 7.7109547
12.636982 11.990528 -0.19154198 -101.10793 19.845701 -8.424046
11.509279 11.360834 0.4860378 -98.90293 11.900701 -32.714046
10.831699 11.159715 0.30886146 -90.85293 7.3157005 -58.404045
11.332103 11.152532 -0.15802214 -76.50294 6.2307 -73.03404
11.973768 10.678466 -0.0670397 -62.992935 -0.3143 -76.709045
11.47097 10.197216 1.4293821 -61.032932 -8.329301 -81.364044
10.415095 9.900327 2.1596358 -61.87293 -9.7643 -112.75905
9.828498 9.567522 2.4996228 -46.89293 -14.6993 -120.84405
9.390346 8.956982 2.6025767 -30.687931 -21.944302 -123.95904
8.9498 8.60263 2.6025767 -17.31793 -28.524302 -125.81405
8.633755 8.0926485 2.370332 -8.707931 -34.2643 -125.67405
7.8268843 7.7837873 2.360755 -7.55293 -37.6593 -124.764046
7.415069 7.187613 2.6767993 -13.60793 -35.1743 -123.25904
6.694392 7.0894475 3.0790374 -20.99293 -33.1793 -118.604034
6.9840994 7.1828246 3.040729 -23.44293 -31.849302 -112.30404
6.490879 6.962551 3.0024207 -21.34293 -35.5593 -113.38905
5.1237483 6.596227 3.9050622 -22.21793 -37.344303 -121.82404
3.8116856 6.466936 4.5850363 -17.70293 -37.4493 -126.654045
4.5419393 6.55313 3.3902931 3.5420702 -44.7643 -120.87905
4.7981267 6.5986214 2.4684973 24.15707 -55.089302 -110.44904
3.057489 6.550736 2.413429 25.627071 -56.139297 -113.91405
2.657645 6.325674 2.5714512 15.26707 -49.2093 -117.344055
3.059883 6.344828 2.22907 4.4520698 -42.2793 -106.14405
1.8675344 6.3472223 1.9297855 -6.01293 -37.5543 -95.74905
0.8978531 6.2777886 2.403852 -21.20293 -26.6693 -91.44404
0.15802214 5.6935854 3.2202997 -39.542934 -10.8143 -85.49404
0.31843856 5.6409116 3.4573328 -46.787933 -5.0393 -69.56904
0.76616794 5.454158 3.7350688 -40.24293 -5.5643 -50.074047
0.7350424 5.5379577 3.7350688 -31.142931 0.38570002 -36.424046
0.12689656 5.8396363 3.6704233 -16.05793 9.4507 -34.324047
-0.45491222 6.344828 3.6177492 6.7970705 4.6207004 -38.349045
-0.25139886 6.771009 2.7031362 33.04707 -14.874299 -40.13405
-0.3328042 6.675238 1.7358493 55.37707 -29.6093 -36.529045
-0.79250497 6.8260775 1.3647367 62.202076 -27.9643 -34.009045
-1.3814965 6.7901635 0.9624985 54.81707 -15.2943 -34.009045
-1.9680939 6.840443 0.9217958 43.23207 -8.399301 -33.90405
-1.8244374 6.5794673 1.2138973 29.092072 -5.0743 -30.019043
-1.7286664 6.682421 1.2138973 12.53707 2.0657003 -19.554045
-1.759792 7.005648 1.3862851 0.70707005 9.3457 -10.069045
-1.7550035 7.142122 1.0534809 -2.7929301 10.6407 -8.634046
-2.099779 7.5036573 0.97446984 0.81207 2.1007001 -8.669045
-2.1620302 7.764633 1.2234744 4.76707 -15.2243 -8.739045
-1.8076775 8.023215 1.0079896 9.737071 -20.5793 -1.4240451
-1.2186859 8.660092 0.7015225 14.147069 -21.1743 5.8209553
-0.9816527 8.964165 0.6344828 13.7970705 -20.8593 6.3459554
-0.9601042 9.0838785 0.5770202 12.50207 -21.8393 2.5309553
-1.333611 9.433443 0.45491222 10.22707 -21.2093 0.850955
-0.9289786 9.399923 0.40223816 5.39707 -18.4443 3.930955
-0.6153286 9.505271 0.67757976 -2.1979299 -14.489301 7.815955
-0.70631105 9.653716 1.0606637 -9.02293 -9.7993 7.3609548
-0.8092649 10.029617 1.3551595 -11.08793 -8.9593 5.365955
-0.2083019 9.835681 1.4198049 -7.09793 -11.864301 6.730955
-0.043096945 9.634562 0.7733508 0.49707 -18.0243 7.325955
-0.7302538 9.93624 0.9481328 1.09207 -16.4843 0.990955
-0.72785956 9.8548355 1.4916332 -8.707931 -6.9993005 -3.3840451
-0.2753416 9.617802 1.5658557 -12.31293 -4.2693005 -0.164045
-0.117319465 9.783007 1.0439038 -4.8229303 -9.379299 2.495955
-0.102953814 9.775824 0.99362403 1.02207 -12.4243 -0.094045
-0.4070267 9.634562 1.0917894 -1.9529302 -11.2692995 -5.099045
-1.0295382 9.636956 1.3551595 -7.16793 -8.399301 -9.474045
-0.7326481 9.648928 1.7214836 -9.722931 -6.7193003 -10.209045
-0.6847626 9.543579 1.7837347 -7.4829297 -7.7693 -5.939045
-0.7853221 9.744699 1.7669748 -1.8479301 -9.9393 -3.349045
-0.5698374 9.783007 1.6281068 3.5420702 -8.8893 -1.389045
-0.409421 9.787795 1.3312168 7.56707 -8.0843 2.320955
-0.59378016 9.799767 1.0941836 8.68707 -5.9493003 3.930955
-0.52674043 9.811738 1.2258687 4.73207 -0.034300003 3.370955
-0.5243462 9.895537 1.3096683 -0.55292994 3.7807002 3.8259552
-0.51716334 9.895537 1.4293821 -0.72793 1.7857001 2.635955
-0.44054657 9.883567 1.3120626 3.29707 -3.3243 2.180955
-0.41181526 9.926663 0.888276 8.72207 -8.6443 2.775955
-0.30886146 9.926663 0.87151605 10.36707 -8.469299 2.6709552
-0.35435268 9.864412 1.0965779 4.55707 -2.5542998 2.355955
-0.5243462 9.780613 1.2569942 -2.37293 3.1156998 0.71095496
-0.5770202 9.775824 1.2641771 -3.45793 3.3257 -0.86404496
-0.505192 9.775824 1.2306572 0.39207003 -0.8393 -0.72404504
-0.3328042 9.787795 1.0223553 4.38207 -3.4643002 0.745955
-0.3423813 9.814133 0.9577099 5.01207 -0.2793 1.130955
-0.43575802 9.8237095 0.92658436 4.27707 0.1057 -0.409045
-0.4070267 9.759064 0.9792584 4.31207 -1.1543001 -0.47904497
-0.505192 9.715967 0.87151605 4.48707 -3.4643002 -0.584045
-0.5985687 9.862018 0.9194015 3.8570702 -2.7993002 0.010954999
-0.23942748 9.749487 0.9217958 2.45707 0.24569999 2.1459548
-0.026337024 9.754275 0.68715686 1.9320699 1.6107 2.775955
-0.3615355 9.905115 0.65124273 -1.18293 5.2507005 -1.1790451
-0.4070267 9.814133 0.8475733 -6.60793 8.1907 -4.4690447
-0.69673395 9.591465 1.1253091 -9.02293 5.1457 -5.939045
-0.967287 9.510059 1.3192455 -6.99293 1.7157 -7.094045
-0.9241901 9.505271 1.3096683 -3.24793 -0.2793 -4.644045
-0.8547561 9.675264 1.2857256 1.19707 -2.5893 -0.409045
-0.69673395 9.744699 1.23784 4.17207 -3.1843 2.880955
-0.3974496 9.842864 1.036721 6.9020696 -4.3392997 5.960955
-0.3040729 9.797373 0.91700727 8.23207 -5.4943 6.520955
-0.26097596 9.749487 0.9313729 5.29207 -3.7793 4.140955
