0.5554718 9.675264 -1.6783867 -1.295875 -7.94332 -2.993865
0.4740664 9.763853 -1.3743137 -1.750875 -11.75832 -0.9638651
0.59378016 9.692024 -1.4054393 -3.4658751 -12.28332 -0.683865
0.76616794 9.744699 -1.541913 -3.500875 -10.18332 -0.29886502
0.5554718 9.75667 -1.5538844 -1.260875 -10.638319 -0.018864999
0.3040729 9.749487 -1.4341706 -0.35087502 -8.223321 -1.733865
0.55786604 9.7135725 -1.5347302 -0.525875 -6.40332 -3.2038653
0.7326481 9.634562 -1.8172545 2.029125 -13.01832 -2.118865
0.67757976 9.57231 -1.8220432 3.7441254 -15.43332 -1.208865
0.5602603 9.419077 -1.620924 -1.400875 -9.27332 -3.273865
0.44533512 9.29218 -1.5610672 -2.870875 -9.27332 -4.883865
0.5865973 9.07909 -1.7262721 -1.365875 -11.44332 -5.163865
0.8978531 8.751075 -1.7166951 0.664125 -16.13332 -6.248865
0.0047885496 8.147717 -1.8483802 1.6791251 -20.57832 -8.173865
-0.045491222 7.632948 -1.7095122 2.379125 -21.52332 -9.818865
-0.10774237 6.8691745 -2.0064023 4.024125 -22.53832 -8.698865
-0.023942748 5.935407 -2.4517374 7.3841243 -21.76832 -6.878865
0.11253092 5.2314906 -2.7318676 8.749125 -20.85832 -5.303865
0.30886146 4.4725056 -3.093403 8.119124 -17.18332 -1.6638651
-0.0023942748 3.7614057 -3.3950818 6.0541253 -9.93832 1.4511349
-0.42378664 3.8763309 -3.5435266 4.8991246 -5.70332 4.251135
-0.42378664 3.7925313 -3.4357843 3.009125 -4.6533203 6.001135
0.20111908 3.6464806 -3.5962007 1.154125 -3.9883199 13.561135
0.8739103 3.6560576 -3.301705 -2.905875 2.55668 21.681135
1.3910737 3.519584 -2.4948344 -14.105876 18.34168 28.401136
1.7478206 4.1181526 -1.7382435 -22.715876 42.10668 36.381134
1.9752767 4.62095 -1.611347 -14.910875 53.86668 45.726135
2.4804688 5.054314 -1.776552 5.074125 40.076683 51.95613
2.944958 6.062304 -2.310475 24.569126 19.32168 56.926136
3.7661943 6.9649453 -2.6887705 36.609123 9.87168 66.55114
5.2913475 7.4701376 -3.5339496 38.569126 7.28168 83.141136
5.114171 8.080677 -2.865947 27.719126 5.0416803 96.89613
4.216318 8.284191 -1.5371244 3.3591251 3.3616803 100.25614
4.515602 8.447001 -0.29928434 -21.980875 2.2416801 107.88614
5.7295 9.179649 1.2474172 -38.815876 -3.3583202 130.63614
6.7829804 10.348056 2.152453 -45.605873 -10.0783205 154.82114
7.5850625 11.207601 2.1117504 -38.815876 -14.768319 167.42113
7.620977 12.574731 1.5514901 -21.070873 -13.08832 168.75113
9.117398 13.956228 0.8978531 -3.605875 -7.06832 168.01614
12.692051 15.162942 -1.8507744 10.149125 -3.6733198 174.84114
11.372806 16.671335 -4.364763 19.459126 -7.4883204 171.41113
9.474146 17.818193 -5.1429024 3.9541254 -5.8433204 137.98615
9.847652 19.08237 -3.8188684 -44.34588 13.931681 104.351135
11.449422 19.55883 -3.7542229 -95.97088 25.58668 90.80614
12.0025 19.532494 -3.3902931 -123.76087 20.89668 78.381134
12.486143 18.763931 -1.6951466 -137.58588 8.89168 50.346134
13.532441 16.834146 -0.76616794 -151.55087 -0.27831998 17.166136
13.702435 15.725597 -0.35914123 -140.00087 -0.59332 -46.708866
13.357659 15.148577 0.17238778 -119.66587 -4.30332 -76.00387
12.660925 14.253118 0.91461295 -100.31087 -13.47332 -98.75387
12.222773 13.269071 1.0127783 -83.72088 -15.083321 -112.26387
11.772649 12.294601 1.1468576 -67.86588 -14.66332 -119.43887
11.643358 11.265063 0.82123625 -52.325874 -21.73332 -122.448875
10.795785 10.197216 0.91461295 -42.805874 -32.16332 -128.04886
9.672871 8.74868 1.4126221 -42.980873 -39.40832 -136.34387
8.224334 7.613794 2.0518935 -47.285873 -38.21832 -137.60387
7.5299945 6.0455437 2.3775148 -53.095875 -35.34832 -132.73886
6.873963 4.745453 3.1436827 -59.360874 -31.70832 -123.70886
5.856396 4.1780095 4.3623686 -61.355877 -34.61332 -123.67387
4.5946136 4.0918155 4.9872746 -51.730877 -42.733322 -122.97387
4.4629283 3.6656346 4.1780095 -32.585876 -46.968323 -113.80387
4.3863115 3.5794408 2.803696 -13.580875 -44.483322 -101.30886
3.1269228 3.8380225 3.3663504 -11.480875 -39.40832 -98.858864
1.6807809 4.024776 4.8747435 -21.140875 -37.168324 -103.79386
1.0486923 4.63771 4.601796 -18.760878 -37.343323 -98.75387
1.7190893 5.183605 3.684789 0.629125 -34.64832 -82.12887
3.0694604 5.427821 3.3663504 15.294126 -31.81332 -61.30387
1.9848539 4.869955 3.4621215 21.314125 -26.42332 -57.278866
0.49082634 4.436591 4.0966043 27.719126 -27.82332 -77.89386
-1.1085492 4.9800916 3.7661943 41.509125 -48.47332 -93.95887
-1.5131817 5.6840086 3.213117 62.82412 -76.08832 -87.133865
-0.4764607 5.334444 2.2410412 76.33413 -89.07332 -60.21886
0.31365 5.3272614 0.22506183 81.759125 -75.913315 -34.458866
-0.5219519 5.9641385 0.21548474 72.09913 -53.58332 -24.763866
-1.1540405 5.952167 1.4150164 40.42412 -37.48332 -28.823866
-1.4844503 5.837242 1.9178141 4.514125 -23.86832 -32.078865
-1.036721 5.995264 1.6616267 -12.845876 -8.538321 -25.638865
-1.6233183 6.5363703 1.8579572 -14.245875 1.5766801 -17.973866
-2.281744 7.151699 1.9752767 -11.340875 1.61168 -20.703865
-1.924997 7.290567 1.6185298 -2.1008751 -10.49832 -25.533865
-1.5179702 7.678439 0.9720756 10.184125 -25.40832 -18.953863
-0.8978531 8.688824 0.23463893 17.919127 -22.853321 -5.863865
-0.30167863 9.232324 0.28970724 17.849125 -12.458321 2.991135
-0.75659084 9.371192 0.8379962 9.939125 -9.93832 4.881135
-0.679974 9.024022 0.7541966 -1.5408751 -17.568321 -6.668865
-0.8786988 8.968953 0.85236186 -6.545875 -8.818319 -5.723865
-1.2569942 9.416683 1.2138973 -13.090875 5.2866797 -2.573865
-0.95531565 9.632168 1.2737542 -10.255876 5.32168 3.3411353
-0.14844504 9.598648 0.68236834 0.874125 -9.693321 8.836136
0.37111259 9.852441 0.7206767 5.354125 -16.168322 9.116135
0.026337024 9.931452 0.9505271 0.734125 -8.57332 4.2161355
-0.17717634 9.907509 1.0223553 -3.255875 -0.27831998 -0.47386503
-0.18196489 10.017646 0.845179 -0.91087496 -1.11832 -1.173865
0.26337022 10.005674 0.9289786 3.1841252 -6.89332 -2.923865
0.4070267 10.0200405 0.94573855 4.4441247 -9.48332 -5.898865
-0.16520496 9.98652 0.6105401 4.269125 -5.2833204 -10.623866
-0.7326481 9.859624 0.4644893 3.6741252 0.70168 -14.718866
-0.8044763 9.60583 0.69194543 0.979125 2.59168 -13.073865
-0.84039044 9.62259 0.7829279 -1.575875 2.10168 -6.8438654
-0.7446195 9.522031 0.57223165 -1.6458751 4.13168 -0.47386503
-0.34716985 9.505271 0.9241901 -2.905875 8.19168 6.5611353
-0.36632404 9.58907 1.0175668 -3.3608751 9.836679 10.166135
-0.22027329 9.601042 0.70631105 2.554125 6.9316797 8.556135
0.102953814 9.859624 0.32083282 10.674125 0.49168003 5.791135
0.08858817 9.677659 -0.05027977 14.174125 -2.58832 2.7111351
-0.4932206 9.727939 0.16520496 10.149125 -2.27332 -3.2388651
-0.8356019 9.608225 0.50998056 -8.75E-4 4.5166802 -7.823865
-1.0151725 9.44302 0.7326481 -7.420875 11.58668 -6.283865
-1.211503 9.567522 0.81644773 -7.4908752 11.93668 -3.2038653
-0.33519846 9.8237095 0.6943397 -3.045875 8.08668 1.801135
0.009577099 9.974549 0.43575802 1.399125 1.36668 8.241136
-0.011971374 10.084685 0.45970076 3.6041248 -5.1783204 8.066135
-0.11971374 10.005674 0.7326481 1.434125 -6.4383197 3.831135
-0.29689008 9.905115 1.0678465 -3.4658751 -2.9383202 1.136135
-0.43096948 9.780613 1.0774237 -6.4758754 0.24668002 0.226135
-0.43336374 9.73991 1.0391153 -5.775875 1.71668 0.78613496
-0.53871185 9.538791 1.1779832 -4.2358756 3.6416802 2.3961349
-0.69194543 9.591465 0.90503585 -2.2408752 2.4166799 2.6061351
-0.3040729 9.79019 0.7134939 3.219125 -4.4433203 2.3261352
-0.2777359 9.77343 0.7733508 5.844125 -6.5783205 3.8661351
-0.3040729 9.794978 1.0510867 4.0941253 -3.6733198 3.3411353
-0.29210153 9.780613 0.9313729 3.149125 -3.8133202 2.3961349
-0.117319465 9.890749 0.61293435 6.7191253 -2.7633202 5.791135
0.03351985 9.888355 0.5506832 3.779125 3.3966799 6.981135
0.016759925 9.821315 0.84278476 0.55912507 6.3366804 5.1611347
-0.009577099 9.802161 0.7853221 3.114125 0.98168004 2.011135
-0.18435916 9.876384 0.41181526 8.224125 -3.7433202 -0.018864999
-0.29928434 9.866806 0.13647367 8.224125 -0.9433201 0.261135
-0.23942748 9.73991 0.24421602 3.2541249 3.67668 1.801135
-0.102953814 9.771035 0.73743665 -0.770875 3.18668 2.256135
0.07901107 9.840469 0.6895511 0.979125 -1.9933201 1.9061351
-0.16759923 9.921875 0.21069619 5.4941254 -3.3233202 0.331135
