1.6879637 9.845258 0.69673395 12.983915 -2.062655 -7.4174795
1.8842943 9.720756 0.49800915 14.873915 -6.1576552 -5.3524804
1.908237 9.792584 0.45012367 9.133915 -0.522655 -4.47748
1.7214836 9.778218 0.66321415 2.623915 6.127345 -6.2624803
1.4485363 9.797373 0.8092649 -0.771085 8.717345 -8.11748
1.3575538 9.744699 0.84278476 0.208915 7.352345 -8.992479
1.4174107 9.703996 0.5458947 3.5339148 5.007345 -8.46748
1.3743137 9.787795 0.3615355 6.0889153 2.662345 -7.45248
1.3168511 9.912297 0.36392978 4.863915 3.047345 -6.92748
1.4533248 9.881172 0.6201172 0.9789151 5.672345 -5.8074803
1.4748733 9.802161 0.5219519 -0.281085 7.5623455 -5.52748
1.376708 9.862018 0.20590763 3.1139147 7.3173447 -6.5074797
1.3216397 9.809344 0.28731298 5.668915 3.467345 -7.80248
1.228263 9.727939 0.43336374 3.078915 3.467345 -8.39748
1.3192455 9.701602 0.409421 1.713915 4.272345 -7.45248
1.1300977 9.680053 0.38068968 3.078915 4.377345 -6.71748
0.9984126 9.620196 0.4740664 4.2339153 4.412345 -8.012481
0.8930645 9.466963 0.5147691 4.653915 3.6773448 -8.64248
1.1157321 9.308941 0.038308397 6.333915 3.4323452 -7.7324796
1.0558752 9.115005 -0.35914123 9.448915 3.222345 -6.96248
0.6943397 8.648121 -0.4189981 9.238915 3.992345 -8.11748
-0.043096945 8.130958 -0.66800267 5.703915 5.707345 -9.44748
-0.19633053 7.719142 -1.0606637 4.1989145 5.3223453 -9.44748
-0.090982445 7.1947956 -1.2809371 3.778915 2.487345 -4.7224803
-0.028731298 6.689604 -1.3527653 0.73391503 1.9623449 2.8725202
0.60335726 6.1125836 -1.2402344 -1.8210851 -0.067655 10.152519
1.1157321 5.4517636 -1.3024855 -0.036085 -8.887655 15.332521
1.2905141 4.6832013 -1.8004947 6.998915 -19.177654 14.56252
1.7933118 4.522785 -1.934574 14.838914 -25.862656 13.82752
1.908237 4.4126487 -1.8244374 16.623915 -25.337654 17.22252
2.176396 4.5491223 -1.4700848 11.128915 -15.292655 21.63252
2.2242813 4.5874305 -1.3695252 4.058915 -5.9826555 26.95252
2.310475 5.0830455 -1.5203645 2.833915 -6.227655 30.52252
2.8491871 5.463735 -1.6616267 7.103915 -10.392655 33.21752
2.9377751 5.705557 -1.6257126 8.328916 -12.527656 36.92752
3.2969165 5.97611 -0.90982443 -7.421085 -3.9526553 41.05752
3.78056 6.7805862 -0.3902668 -9.766085 -6.857655 44.03252
4.6233444 7.273807 -0.26337022 -3.5360851 -11.127655 47.322517
4.9944572 7.439012 -0.42139238 -0.036085 -8.152656 47.14752
4.5443335 7.4246464 -0.34477556 -3.116085 -4.5126553 46.412518
4.72151 7.307327 0.105348095 -11.481085 -13.507654 53.587524
4.556305 7.455772 0.31604427 -19.986086 -26.632654 67.90253
5.375147 7.4270406 1.1923488 -30.486084 -34.82266 82.00752
6.0479383 7.362395 1.812466 -41.861084 -37.167652 96.60252
6.8619914 7.822096 2.6337023 -43.856087 -25.162655 103.21752
7.0295906 8.755863 2.0710478 -32.341087 -16.622656 103.35752
6.4405994 9.486116 1.637684 -14.421085 -25.967655 99.92752
6.742278 10.082292 1.9202085 -6.861085 -35.837658 103.74252
8.640938 11.061549 1.1133378 -5.986085 -38.917656 112.737526
10.168485 11.58829 0.32801566 -7.561085 -35.977657 115.29253
8.308133 11.346468 0.2944958 -18.621084 -34.507656 101.18752
6.4405994 11.679273 1.1348863 -37.101086 -34.927654 83.54752
7.8364615 12.344881 1.2689656 -51.626083 -44.202656 86.97752
10.826911 12.835708 0.59378016 -61.60108 -52.707653 104.477516
11.614627 13.288225 1.3695252 -75.74108 -42.837654 107.41753
11.593079 13.865246 1.9297855 -88.34109 -32.197655 85.157524
11.480548 13.896371 1.5083932 -86.486084 -35.592655 56.527523
10.723957 13.527653 0.65363705 -77.94609 -44.797653 32.02752
9.984126 13.264282 1.4437478 -81.44608 -36.642654 13.232521
9.73991 13.63779 2.4182177 -95.51608 -24.567654 -0.94247997
9.984126 14.214809 1.5443072 -93.10109 -17.917656 -13.997479
9.29218 14.530854 0.20351335 -66.57109 -16.307655 -29.25748
8.48531 14.925909 -0.16520496 -38.571087 -19.282654 -49.557484
8.693612 15.510112 -0.57462597 -29.226086 -21.977657 -64.85248
9.581888 15.598701 -1.0606637 -28.036083 -20.192656 -72.622475
9.57231 15.0168915 -1.3048798 -23.696085 -21.627653 -80.00748
8.389539 14.284244 -0.18675344 -23.941086 -29.082655 -95.23248
8.540379 13.795812 0.93616146 -33.91609 -30.202656 -110.702484
8.724737 12.847678 2.1117504 -42.036083 -25.022655 -113.99248
9.8548355 11.712792 3.2394538 -39.586086 -18.757654 -111.157486
9.964972 11.169292 4.087027 -27.161083 -16.097656 -108.63748
8.056735 10.4845295 4.065479 12.563915 -39.617657 -134.36249
6.117372 9.696813 3.8883023 25.478914 -31.357655 -135.06248
5.1429024 9.284998 4.4820824 29.363916 -20.052654 -116.30248
7.3049326 9.115005 4.989669 34.893917 -18.652657 -90.75248
9.234718 8.770228 5.2147307 39.618916 -17.707655 -79.867485
7.5443597 8.214757 4.4892654 44.623913 -17.532656 -99.047485
5.0926223 8.150111 4.06069 46.583916 -29.257654 -120.047485
4.12773 7.7574506 3.5339496 36.678913 -28.382654 -111.75248
5.4517636 7.537177 3.6608462 18.933916 -11.967655 -85.04748
7.781393 6.952974 4.398283 5.458915 -2.972655 -71.71248
5.7127395 6.241874 3.4549387 13.8239155 -24.602655 -95.61748
3.5962007 6.0862465 2.4852571 27.333918 -41.577656 -124.59747
2.3032923 5.1812105 1.620924 22.293915 -28.452656 -128.48248
0.8739103 4.40786 1.5562786 0.27891502 -7.802655 -113.81748
-0.08140534 4.0104103 2.569057 -27.756086 16.942347 -95.022484
0.42139238 3.6201434 3.6871831 -43.33108 34.792343 -72.51749
0.07422252 3.1652312 3.1819913 -28.526085 28.177345 -54.80748
-0.99362403 3.4453614 1.9273912 6.228915 6.8623447 -50.572483
-1.6041641 3.8619652 0.5243462 30.658913 -4.6176553 -45.14748
-1.6927522 3.5578923 -0.38068968 28.488914 0.80734503 -34.36748
-1.5467016 3.476487 0.34716985 2.448915 16.452345 -23.90248
-1.8866886 3.9529476 1.1564348 -26.916086 18.727345 -20.99748
-2.7869358 4.1804037 0.9194015 -35.211086 4.3073454 -31.952478
-3.2298768 4.635316 1.1229149 -30.591085 -2.797655 -41.64748
-3.2346652 5.3703585 1.6352897 -27.196085 8.507345 -31.84748
-2.3416007 6.596227 1.2450229 -18.446085 12.637345 -12.4574795
-1.6017698 7.1828246 0.6081458 -1.016085 2.3473449 1.99752
-1.5371244 7.3863378 0.58420306 10.603915 -5.002655 5.6725197
-2.135693 7.881953 0.91700727 12.528914 -8.187655 2.48752
-1.9106313 8.408693 0.7015225 12.703915 -6.717655 1.4375199
-0.8834874 8.767835 -0.1340794 18.058916 -3.602655 8.857521
-1.3647367 9.160496 -0.30167863 20.893913 -1.747655 14.6675205
-1.8076775 9.150918 0.2753416 13.508916 2.837345 8.68252
-1.6831752 9.014444 0.7996878 5.773915 1.6823449 3.6775198
-1.2091088 9.021627 0.65842557 7.628915 -6.682655 7.07252
-1.4365649 8.988108 0.27294734 16.483915 -12.877655 11.37752
-1.924997 9.335278 0.4166038 23.728916 -13.962655 8.787519
-0.8643332 10.032011 -0.076616794 26.493916 -14.067655 8.647521
0.12689656 10.340873 -1.036721 32.268913 -15.887655 18.62252
0.17717634 10.290593 -0.99362403 21.488916 -7.767655 13.19752
-0.80208206 10.144543 -0.25379312 2.378915 0.45734504 -1.04748
-1.1085492 10.060742 -0.028731298 -5.9160852 5.812345 -7.4874806
-0.9792584 9.890749 -0.045491222 -3.8510847 2.207345 -5.63248
-0.9122187 9.984126 -0.08619389 -1.226085 -0.66265506 -2.5174801
-1.0726352 9.974549 -0.19393626 -0.141085 -0.417655 -1.4674801
-0.8834874 9.744699 -0.14126222 0.34891498 -0.9426551 0.21252
-0.6440599 9.62259 -0.023942748 -0.281085 -2.342655 2.41752
-0.37590113 9.653716 0.06943397 -2.031085 -0.032655 2.13752
-0.021548472 9.754275 -0.11253092 -3.396085 2.802345 -0.10248
-0.71828246 9.881172 -0.87151605 -2.1360848 3.152345 -6.08748
-1.3814965 9.763853 -1.1396748 -3.8510847 7.2823453 -13.962481
-1.4078336 9.699207 -0.047885496 -14.1760845 9.417345 -13.997479
-0.97446984 9.732727 0.88588166 -21.106083 5.497345 -7.80248
-1.0486923 9.862018 0.84039044 -14.456085 -0.137655 -3.67248
-1.2713599 9.941029 0.2777359 -0.036085 -4.932655 -3.74248
-1.2713599 10.032011 0.12210801 9.238915 -6.332655 -1.57248
-0.89545876 10.127783 0.3423813 8.7839155 -5.1426554 3.1525202
-0.679974 10.067925 0.36392978 6.158915 -3.427655 5.5675197
-0.8978531 10.130177 0.16041641 6.998915 -1.8176551 3.6775198
-1.0055954 10.077502 -0.09577099 9.203916 -1.852655 0.45752
-1.0702409 9.991309 -0.2777359 9.518915 -2.237655 -1.11748
-1.0175668 9.885961 -0.15802214 6.718915 -0.697655 -1.5374801
-1.0271438 9.828498 -0.038308397 2.483915 2.3123453 -1.6774801
-1.0846065 9.79019 -0.19154198 1.4339151 1.822345 -2.8674798
-1.1516461 9.613013 -0.27055305 2.553915 0.98234504 -4.33748
-1.2593886 9.574705 -0.15562786 2.2389152 0.492345 -4.58248
-1.2162915 9.404712 -0.04070267 1.048915 -0.032655 -4.5124803
-1.1995317 9.450203 -0.052674048 1.153915 0.492345 -3.3574803
-1.228263 9.591465 -0.28013015 2.7989151 1.297345 -1.8874801
-1.1971374 9.62259 -0.5818088 5.1789155 0.562345 -1.4324801
-1.0032011 9.651321 -0.5554718 5.878915 -1.432655 -1.18748
-0.9577099 9.665688 -0.56744313 3.9539149 -3.007655 -0.9774801
-0.9888355 9.871595 -0.3040729 0.103915006 -0.87265503 -1.4324801
-1.0750294 9.754275 -0.34956414 -3.501085 1.5423449 -2.55248
-1.3886794 9.737515 -0.32083282 -3.711085 -0.067655 -4.5124803
-1.3431882 9.727939 -0.090982445 -3.6410851 -1.747655 -6.4724803
-1.0486923 9.768641 -0.038308397 -4.796085 -1.677655 -4.8274803
-1.324034 9.761458 -0.29210153 -4.0960855 -2.2026548 -1.4674801
-1.5107874 9.742304 -0.10774237 -1.506085 -5.562655 -4.33748
-1.1444633 9.58907 0.2083019 -3.571085 -7.767655 -2.06248
-1.1564348 9.615408 0.33519846 -4.236085 -4.757655 0.10752001
-1.2330515 9.711179 0.24900457 -1.996085 -1.7126551 -0.06748
-1.0127783 9.648928 0.021548472 0.94391495 -1.3276551 -0.20748
-1.1229149 9.603436 -0.021548472 1.468915 -1.957655 -1.71248
-1.359948 9.634562 0.023942748 0.173915 -0.837655 -3.2524803
-1.2043202 9.562734 -0.07422252 -0.94608504 0.9473451 -2.23748
-1.324034 9.641745 -0.021548472 -2.1010852 2.767345 -2.0274801
-1.5347302 9.668081 0.08619389 -3.606085 5.147345 -3.00748
-1.4078336 9.696813 0.14844504 -3.011085 3.957345 -1.60748
-1.3072741 9.840469 0.11492519 0.27891502 -0.767655 -0.34748
-1.1875603 9.857229 0.13168511 2.553915 -3.8126547 -0.48747998
-1.1516461 9.749487 0.23224466 1.608915 -2.517655 -0.9774801
-1.3431882 9.780613 0.31604427 -0.386085 1.5423449 -2.09748
-1.4269878 9.77343 0.2083019 -0.21108499 3.7473452 -2.5174801
-1.3791022 9.775824 0.17717634 1.8889148 2.207345 -1.4674801
-1.3264283 9.763853 0.09337672 4.5489154 -1.0126549 -0.73248005
-1.3096683 9.794978 -0.083799616 5.9139156 -1.537655 -0.13747999
-1.462902 9.744699 -0.16520496 5.318915 1.227345 -0.03248
-1.5059988 9.6896305 -0.17478207 3.6739151 2.907345 -0.69748
-1.4676905 9.730332 -0.076616794 2.588915 1.9623449 -0.38248
-1.3695252 9.708784 -0.15323359 2.938915 -0.697655 0.94752
-1.2569942 9.783007 -0.22266756 3.8489149 -2.1326551 1.8575201
-1.2641771 9.845258 -0.2944958 3.393915 -0.97765505 1.8225201
