-0.32 7.5299997 -0.96999997 29.220846 -8.594366 -10.31324
0.0 6.58 -2.3 13.750987 -0.57295775 -5.7295775
-0.04 5.13 -3.3899999 -6.8754935 -13.750987 -3.4377468
0.07 3.27 -2.24 -13.750987 -26.929016 3.4377468
0.48999998 1.67 -1.37 -2.291831 -21.772396 13.178029
0.62 0.63 -3.6799998 14.323945 -15.469859 31.51268
0.84999996 0.099999994 -5.2799997 9.740283 -26.356058 42.971836
1.3 -0.19 -5.79 -3.4377468 -48.701412 53.858032
2.07 -0.08 -4.7 -31.51268 -67.03606 67.03606
2.25 0.58 -2.02 -55.576904 -59.58761 73.91155
2.5 2.23 -0.06 -63.02536 -52.712116 87.089584
5.92 2.97 -0.03 -69.900856 -44.11775 87.662544
6.45 2.6699998 1.1 -66.463104 -56.72282 81.93296
3.76 4.0 3.09 -48.128452 -75.630424 99.69466
3.62 6.0 4.14 -32.085636 -88.80846 134.64508
7.6 8.61 2.83 -33.80451 -81.93296 152.97972
10.82 11.03 2.45 -55.00395 -71.04677 101.98649
7.3199997 14.469999 5.0299997 -76.203384 -59.014652 87.089584
6.6099997 14.299999 5.04 -93.39212 -62.4524 90.52733
6.79 15.91 9.66 -108.86198 -58.441692 97.402824
9.32 17.74 10.57 -78.49522 -71.04677 93.39212
9.17 16.98 8.87 -61.879436 -46.98254 67.03606
7.18 15.96 8.22 -59.58761 -11.459155 48.128452
6.23 16.48 8.94 -42.398876 -22.91831 45.263664
7.5699997 17.07 8.21 -24.637184 -21.772396 30.366762
7.33 16.09 5.91 -28.07493 -7.448451 10.886198
6.8599997 14.679999 5.0499997 -30.939718 0.0 0.57295775
6.23 14.32 5.44 -16.615776 -4.583662 -4.0107045
7.33 14.099999 2.47 -0.57295775 -5.7295775 -14.323945
7.35 13.7699995 1.7099999 -2.291831 -7.448451 -26.929016
7.69 13.4 1.3299999 -3.4377468 -11.459155 -33.80451
8.73 13.259999 0.45999998 -0.57295775 -18.907606 -39.53409
9.59 12.86 -0.44 -9.740283 -24.064226 -48.128452
9.42 12.03 -0.07 -20.053522 -33.231552 -67.03606
8.22 12.059999 0.84 -2.8647888 -45.263664 -62.4524
8.21 13.179999 0.61 20.62648 -57.868736 -56.14986
9.2699995 14.07 -0.11 30.939718 -65.890144 -57.29578
10.83 13.889999 -1.2099999 26.356058 -68.18198 -69.900856
10.49 13.54 -1.5899999 9.740283 -76.203384 -87.089584
9.8 13.57 1.92 -0.57295775 -96.256905 -93.96508
10.26 12.38 3.31 -4.583662 -95.68395 -103.1324
8.86 10.96 4.9 -5.7295775 -89.38142 -115.16451
8.099999 10.12 6.15 8.021409 -86.516624 -114.59156
8.38 9.139999 6.39 27.501974 -85.94367 -112.87268
7.46 8.12 5.6299996 37.815212 -69.900856 -116.31043
5.6 6.68 4.91 30.939718 -65.317184 -113.44564
3.6899998 5.95 6.0099998 35.523384 -75.630424 -96.829865
3.21 4.77 5.5699997 40.107044 -64.74423 -82.50592
2.49 4.19 4.7999997 38.961132 -46.40958 -68.18198
3.05 3.47 4.49 38.38817 -43.544792 -59.58761
0.89 2.45 3.31 52.712116 -34.377464 -62.4524
-0.12 2.53 1.86 52.139156 -38.38817 -56.72282
-1.38 2.27 0.98999995 40.107044 -50.420284 -50.420284
-1.51 2.53 0.64 23.49127 -53.285076 -34.950428
-1.29 3.27 1.04 0.0 -46.40958 -26.356058
-1.05 4.31 2.4099998 -13.178029 -41.25296 -20.053522
-0.14999999 5.1099997 2.7 0.57295775 -31.51268 -29.220846
-0.22999999 5.66 1.56 1.7188734 -22.345354 -43.544792
-1.3299999 5.64 0.74 -11.459155 -14.896902 -49.27437
-2.18 5.72 1.05 -21.199438 -5.15662 -45.263664
-2.58 5.85 1.3199999 -23.49127 -0.57295775 -36.669296
-2.44 6.79 1.29 -13.178029 -4.0107045 -22.345354
-1.26 7.3599997 0.42999998 -9.740283 -8.021409 -17.761692
-1.39 7.77 0.42 -14.323945 -4.0107045 -20.62648
-2.1399999 7.74 0.59999996 -17.188732 -2.291831 -19.480566
-2.32 7.81 0.82 -17.761692 -2.291831 -13.178029
-2.3799999 8.13 0.71999997 -19.480566 4.0107045 -4.583662
-1.3199999 8.44 1.1999999 -17.761692 0.0 0.0
-1.3 8.67 1.8499999 -8.021409 -1.1459155 -0.57295775
-1.79 8.86 1.9 6.3025355 -1.7188734 2.8647888
-1.9 8.88 0.78999996 6.8754935 -2.291831 8.021409
-1.8 9.15 0.84999996 1.7188734 -3.4377468 14.896902
-1.13 9.59 1.35 6.3025355 -3.4377468 14.896902
-0.37 10.01 0.42 6.8754935 1.7188734 6.8754935
-1.05 10.21 0.34 4.0107045 3.4377468 4.583662
-0.87 10.0199995 0.68 1.7188734 -2.291831 5.15662
-0.66999996 9.94 0.59 2.291831 -1.7188734 4.583662
-0.72999996 10.099999 0.59999996 0.0 0.57295775 2.8647888
-0.77 9.94 0.84999996 1.1459155 0.0 1.7188734
-0.95 9.94 0.83 6.3025355 0.0 3.4377468
-0.91999996 9.98 0.19999999 3.4377468 0.0 4.583662
-0.37 10.05 0.28 0.57295775 -0.57295775 2.291831
-0.24 9.91 0.39999998 -1.7188734 2.8647888 -2.291831
-0.53 9.91 0.5 -4.583662 6.3025355 -4.0107045
-0.97999996 9.559999 0.61 -2.8647888 4.0107045 -2.8647888
-1.06 9.55 0.72999996 2.8647888 -2.291831 -0.57295775
-0.74 9.679999 0.59999996 8.021409 -6.3025355 0.57295775
-0.31 9.91 0.17999999 5.7295775 0.0 0.57295775
-0.64 9.86 0.24 -1.1459155 6.3025355 -2.291831
-0.85999995 9.599999 0.48 -4.0107045 4.583662 -2.291831
-0.90999997 9.61 0.66999996 0.0 0.0 0.0
-0.78999996 9.63 0.68 4.0107045 -2.8647888 0.0
-0.71999997 9.71 0.52 3.4377468 1.1459155 0.0
-0.82 9.76 0.39999998 1.1459155 2.291831 0.57295775
-0.65999997 9.73 0.42999998 2.291831 0.0 0.0
-0.76 9.61 0.0 0.57295775 1.7188734 -1.7188734
-0.78 9.559999 -0.08 -6.3025355 4.0107045 -1.7188734
-0.76 9.37 0.22 -13.178029 5.7295775 -2.291831
-0.94 9.42 0.87 -14.896902 5.7295775 -2.8647888
-0.90999997 9.37 0.78 -9.167324 5.7295775 -2.8647888
-1.03 9.53 0.88 -4.583662 2.291831 0.57295775
-0.94 9.5 1.0699999 -0.57295775 0.57295775 2.8647888
-0.72999996 9.49 1.0799999 3.4377468 0.0 3.4377468
-0.71999997 9.5199995 0.93 8.021409 0.0 3.4377468
-0.84999996 9.82 0.69 8.594366 0.57295775 4.583662
-0.52 9.87 0.32999998 5.15662 -0.57295775 2.8647888
-0.82 9.83 0.68 0.0 0.0 0.57295775
-0.59 9.78 0.74 -1.1459155 0.57295775 1.1459155
-0.68 9.84 0.66999996 -0.57295775 2.291831 0.0
-0.69 9.87 0.72999996 -0.57295775 0.0 -0.57295775
-0.72999996 9.8 0.96 -1.7188734 0.0 -2.291831
-0.85999995 9.74 1.03 -0.57295775 2.291831 -1.7188734
-0.94 9.66 0.71999997 2.8647888 1.7188734 -0.57295775
-0.77 9.58 0.56 3.4377468 -1.1459155 0.0
-0.71999997 9.5 0.66999996 2.291831 0.57295775 -1.7188734
-1.0 9.37 0.45 -0.57295775 5.7295775 -0.57295775
-1.01 9.34 0.34 -4.583662 6.3025355 -0.57295775
-0.96 9.5199995 0.79999995 -10.886198 5.7295775 0.57295775
-0.72999996 9.679999 1.49 -8.594366 2.291831 1.7188734
-0.65 9.53 1.37 -0.57295775 2.8647888 1.1459155
