0.84996754 9.6896305 0.7637737 18.478914 13.337345 -3.8824801
1.8914771 9.703996 -0.03351985 36.328915 7.9823456 1.0175201
1.4557191 9.967366 -0.39505535 40.843914 -3.8826551 6.9675198
1.1420691 9.833286 -0.04070267 30.308912 0.52734506 2.83752
0.9984126 9.996098 0.11492519 14.313915 5.952345 -0.66248
1.0008069 9.948212 0.117319465 5.0389147 3.467345 -1.01248
1.0055954 9.960183 0.18675344 1.2239151 1.297345 -1.36248
1.1277034 9.981731 0.24421602 -1.121085 -2.4126549 -2.5174801
0.99362403 9.833286 0.4644893 -3.046085 -5.8426547 -3.9524798
0.9289786 9.80695 0.57462597 -6.161085 -3.2876549 -5.2474804
0.9696813 9.802161 0.4860378 -5.881085 -1.3276551 -5.2824802
1.0462981 9.663293 0.4932206 -1.961085 3.082345 -3.04248
1.0462981 9.821315 0.4070267 0.033915002 3.397345 -1.9924802
1.0846065 9.90272 0.2777359 2.413915 1.9623449 -1.9224801
1.1013664 9.941029 0.37829542 1.293915 1.157345 -2.76248
1.0127783 10.029617 0.8092649 -2.731085 3.992345 -2.9024801
0.9792584 10.125388 0.75180227 -1.996085 5.952345 -2.23748
1.089395 10.38397 0.57223165 3.043915 3.572345 -1.95748
1.1444633 10.38397 0.62251145 5.213915 2.8723452 -3.14748
1.0750294 10.465375 0.61293435 5.213915 4.6573453 -5.9124804
1.1229149 10.419884 0.45251793 7.2089157 2.837345 -8.222481
1.0319325 10.297776 0.38068968 8.153914 2.487345 -10.602481
1.1420691 10.127783 0.22745611 8.503915 3.5373452 -12.14248
0.9792584 9.943423 -0.08619389 10.043915 4.412345 -13.54248
0.87151605 9.574705 -0.44772938 11.443914 5.462345 -15.81748
0.69673395 9.134158 -0.85954463 11.093915 4.972345 -17.18248
0.46927786 8.648121 -1.0462981 7.838915 7.2473454 -16.552479
0.4740664 7.9681463 -1.0965779 2.763915 10.432344 -13.85748
0.5363176 7.4533772 -1.2306572 -0.036085 9.417345 -11.72248
0.5602603 6.8428373 -1.3719195 0.803915 5.3223453 -11.86248
0.09337672 6.368771 -1.594587 3.8489149 0.35234502 -13.577479
-0.076616794 5.8827333 -1.472479 7.033915 -4.477655 -13.962481
-0.29689008 5.461341 -1.5083932 9.098915 -9.797655 -11.72248
-0.15562786 4.9705143 -1.733455 13.228915 -14.767654 -8.04748
0.19154198 4.644893 -1.759792 16.483915 -17.742657 0.52752
0.49082634 4.4725056 -1.6185298 16.448915 -19.667656 10.222521
0.7134939 4.494054 -1.23784 14.628915 -19.562656 17.50252
1.1157321 4.781367 -1.4533248 13.543915 -17.987656 23.382519
1.759792 4.9417834 -2.1117504 19.003914 -19.667656 31.397518
1.9058428 5.078257 -2.3248408 25.408915 -21.732656 37.10252
1.8938714 5.114171 -1.6161355 21.033916 -19.037657 35.422523
1.0415095 5.4158497 -0.9960183 9.168915 -18.337654 32.58752
1.1061549 5.906676 -0.3304099 1.538915 -17.182655 33.18252
2.2961094 6.028784 -0.55307746 5.843915 -25.792656 43.26252
3.1604428 6.5579185 -1.4748733 19.493916 -35.347656 54.77752
2.657645 6.5363703 -2.0662591 29.748913 -36.747654 54.497524
2.403852 7.067899 -1.376708 21.068916 -20.052654 52.712517
3.849994 6.969734 -0.49082634 1.7489151 -7.242655 64.19252
5.138114 7.0607166 -0.9385557 -9.171084 -20.752653 81.48252
5.6552773 7.024802 -1.2162915 -11.026085 -25.687654 91.45753
5.7893567 6.9505796 -0.2777359 -36.261086 -9.482656 98.21252
5.4350038 6.859597 1.5610672 -49.911083 -13.892655 98.73752
5.6385174 7.448589 2.5738454 -44.556087 -25.932655 100.94252
6.6608725 9.237112 1.7095122 -23.661085 -33.98266 112.35252
9.565128 10.652128 0.14365649 -9.451086 -35.627655 134.15752
10.63058 10.671283 0.71828246 -18.516087 -36.50266 143.15253
8.775017 11.346468 2.3966691 -33.91609 -32.827656 119.07252
8.5331955 12.672896 2.2697725 -31.151085 -15.747655 95.587524
9.72315 12.988941 1.2162915 -19.951084 -2.342655 95.867516
9.0838785 13.216397 0.5889916 -12.566086 -5.772655 94.08252
7.56112 13.860456 0.13168511 -13.721086 -17.602655 84.03752
8.801354 14.162135 -0.03351985 -24.221085 -24.777655 88.937515
10.587483 14.662539 -0.92658436 -35.386086 -31.322657 95.55251
10.577906 15.2682905 -1.8675344 -45.571083 -34.577656 84.52753
9.715967 14.985766 -1.1348863 -65.276085 -35.977657 59.36252
8.875577 14.212416 -0.28252444 -88.761086 -33.947655 37.03252
7.982512 13.759897 -0.2561874 -95.62109 -33.177654 22.85752
8.770228 13.678492 -0.63208854 -85.71609 -37.832653 13.547521
8.966559 13.740743 -1.3695252 -73.816086 -38.217655 4.93752
8.497281 13.544413 -2.4996228 -61.60108 -39.092655 -12.31748
8.142929 13.597087 -2.4804688 -55.861084 -43.712654 -32.54748
8.463761 13.424699 -1.6305012 -64.01608 -45.462654 -47.38748
8.61939 13.278648 -1.5323359 -71.57609 -44.972652 -56.872482
8.813326 13.015278 -1.5179702 -68.07609 -43.292656 -66.46248
9.215564 12.33291 -1.0319325 -63.00109 -40.212658 -75.632484
8.925857 12.028836 -0.0047885496 -61.286087 -37.447655 -84.76749
8.722343 11.657724 0.36871833 -59.396084 -35.382656 -93.55248
8.607418 10.721562 1.1636176 -56.351086 -32.372654 -98.59248
7.7502675 9.811738 2.8539755 -52.956085 -24.882656 -99.32748
8.904308 9.850046 4.843618 -49.736084 -15.222656 -102.37248
9.088667 9.732727 4.7717896 -38.081085 -0.767655 -102.33749
6.1748347 9.964972 3.0383348 -0.106085 -4.232655 -110.21248
4.7119327 9.852441 2.5379312 41.683914 -26.877655 -126.172485
6.203566 9.960183 3.1604428 47.178917 -20.577654 -119.732475
7.2019787 10.024829 3.1221344 31.218916 -4.6876554 -95.407486
5.8061166 9.897932 2.9114382 30.413914 -1.9926552 -92.04748
4.496448 9.512454 1.8795058 41.508915 -19.842655 -97.997475
4.3456087 9.4095 1.3288225 38.84892 -24.112654 -88.68748
5.607392 8.990502 1.9226027 20.578917 -17.952656 -76.43748
5.2578273 8.243488 2.5738454 6.3689156 -23.482655 -76.71748
4.005622 7.7311134 2.631308 4.7939153 -25.092655 -90.47248
3.9050622 6.735095 2.1404817 6.473915 -27.332655 -93.44748
2.8372157 5.851608 1.8100717 -0.49108505 -27.122656 -89.80749
1.8411974 5.851608 2.3823035 -20.686085 -17.392656 -85.74748
1.6999351 5.9282246 2.8300328 -38.221085 -13.6476555 -79.62248
1.5514901 5.9832926 2.604971 -38.11608 -16.097656 -77.27748
1.0008069 5.95935 2.8204558 -34.196087 -11.862656 -75.87748
0.23224466 5.9378014 3.3064935 -32.516087 -8.3976555 -72.622475
-0.65124273 6.3280683 3.5052183 -22.436085 -7.067655 -68.87748
-0.90503585 6.675238 2.6863763 0.418915 -15.1876545 -61.212482
-1.7286664 7.0152254 1.8555629 25.373915 -21.242655 -50.50248
-1.7693691 7.18043 1.4940275 39.198917 -15.362655 -37.41248
-0.7134939 7.0774765 1.0343267 44.098915 -8.152656 -17.21748
-0.6847626 7.2378926 0.60335726 47.773914 -9.727655 -3.8474798
-1.0774237 6.864386 -0.05506832 44.798912 -4.5826554 -1.9924802
-1.8100717 6.0335727 -0.65842557 28.978914 17.082344 -5.10748
-2.710319 5.497255 0.2753416 -3.256085 45.397343 -6.08748
-2.7366562 5.5451403 2.1596358 -40.006084 67.20235 -1.71248
-1.2737542 5.9018874 2.5762396 -50.366085 70.77235 12.42752
-1.1803775 6.2753944 1.2809371 -17.536085 46.307343 22.29752
-1.1564348 7.0774765 -0.13168511 31.078915 10.362346 20.127522
-0.67757976 7.8699813 -1.4533248 61.283913 -18.407656 16.732521
-0.047885496 8.305739 -1.403045 62.823917 -27.997656 20.967522
0.9433443 8.626573 -0.7996878 42.558914 -22.957655 25.13252
1.5658557 9.012051 -0.5147691 20.298914 -19.212656 20.65252
0.9888355 9.047964 -0.749408 9.868915 -20.892656 5.04252
0.0047885496 8.990502 -0.6153286 3.7089152 -16.937654 -15.747479
-0.66321415 9.067119 -0.13886794 -8.926085 -3.4626548 -26.877481
-0.9122187 9.076695 0.15083931 -21.316084 6.442345 -28.41748
-0.67757976 8.894731 0.37111259 -22.401085 5.182345 -28.03248
-1.324034 8.806143 0.2561874 -15.821085 -1.8876551 -24.497478
-1.6017698 8.770228 0.23224466 -8.016085 -4.6876554 -22.71248
-0.6153286 8.959376 0.4285752 -1.121085 -3.2876549 -17.777481
-0.55307746 9.399923 -0.25379312 6.753915 -3.742655 -4.68748
-1.3431882 9.62259 -0.6296943 8.223915 8.017344 -10.63748
-1.541913 9.670476 -0.5650489 7.2089157 8.2273445 -10.95248
-1.3527653 9.687236 -0.34477556 5.563915 -0.732655 -6.4724803
-1.2689656 9.964972 0.026337024 4.5489154 -9.132654 -5.2124796
-1.089395 9.8237095 -0.10055954 6.823915 -14.977655 -5.4574804
-1.4126221 9.938635 -0.16759923 8.818914 -14.627656 -7.55748
-1.733455 10.032011 -0.19154198 6.403915 -7.382655 -8.25748
-1.6185298 9.90272 -0.011971374 2.658915 -1.607655 -6.5424805
-1.4796618 9.900327 0.090982445 0.34891498 1.192345 -3.14748
-1.5275474 9.976943 -0.043096945 2.2039149 1.9973452 -2.6224802
-1.5059988 9.960183 -0.27055305 6.333915 -1.502655 -4.58248
-1.4844503 9.897932 -0.21787901 6.228915 -2.797655 -4.33748
-1.6017698 9.909904 -0.13647367 3.5339148 1.157345 -2.79748
-1.5562786 9.945818 -0.28970724 4.1989145 2.697345 -1.85248
-1.2354459 9.876384 -0.40223816 7.2089157 -0.767655 -1.11748
-1.3455825 9.751882 -0.48843205 7.7339153 -2.762655 -1.64248
-1.5514901 9.692024 -0.37111259 5.1789155 -0.907655 -4.09248
-1.5706443 9.531608 -0.32562137 3.2539148 -1.082655 -4.8274803
-1.6065584 9.45978 -0.36392978 5.0739155 -3.9176548 -3.3574803
-1.786129 9.531608 -0.3974496 9.553915 -8.082655 -1.6774801
-1.4413534 9.562734 -0.7805336 15.713914 -14.102655 -0.24247998
-1.3144568 9.567522 -1.1516461 20.053915 -16.202656 1.8225201
-1.5347302 9.672871 -1.3072741 17.183914 -10.847655 1.8225201
-1.3048798 9.617802 -1.1061549 10.043915 -6.437655 1.05252
-1.1277034 9.562734 -0.7948992 2.553915 -7.4176555 1.4375199
-1.3072741 9.553157 -0.83081335 -2.1360848 -7.977655 0.49252003
-1.3120626 9.471751 -0.8739103 -3.6410851 -6.297655 -2.16748
-1.3000913 9.45978 -0.5889916 -6.126085 -3.847655 -2.97248
-1.5203645 9.601042 -0.2370332 -9.696085 -2.097655 -2.65748
-1.23784 9.565128 -0.4189981 -9.206085 -0.417655 -1.95748
-1.2234744 9.538791 -0.67757976 -1.8910851 -3.672655 0.45752
-1.3623424 9.699207 -0.64166564 4.4439154 -6.402655 0.80752
-1.089395 9.653716 -0.8547561 6.193915 -6.437655 0.00252
-1.2354459 9.601042 -1.010384 6.298915 -6.297655 0.42252
-1.6424725 9.61062 -0.75659084 3.393915 -4.0576553 -2.34248
-1.5323359 9.598648 -0.37590113 -2.766085 -1.1526549 -5.98248
-1.6568382 9.668081 -0.34956414 -5.671085 -1.572655 -4.7224803
-1.6065584 9.680053 -0.7015225 -1.506085 -3.987655 -2.16748
-1.6065584 9.708784 -0.85236186 5.668915 -5.632655 -0.41748002
-1.3910737 9.751882 -0.43336374 3.7089152 -4.757655 2.90752
-1.1803775 9.735122 -0.44294083 3.9539149 -4.862655 4.48252
-1.3575538 9.754275 -0.83081335 8.398914 -4.4426546 2.94252
-1.3719195 9.715967 -0.83081335 8.888915 -3.602655 1.33252
-1.2043202 9.6585045 -0.70870537 5.738915 -2.797655 2.10252
-1.3862851 9.696813 -0.76137936 3.008915 0.387345 2.4525201
-1.4198049 9.656111 -0.89545876 3.883915 2.4523451 1.9275199
-1.1564348 9.591465 -0.98404694 5.843915 -0.522655 2.2775202
