-0.42 9.76 -2.7 12.605071 -32.658592 -1.7188734
-0.02 9.719999 -3.11 16.042818 -30.366762 8.021409
-0.26 9.349999 -2.69 8.021409 -20.053522 5.15662
-0.53999996 9.179999 -1.87 -1.1459155 -12.605071 -1.7188734
-0.7 8.849999 -1.76 -2.291831 -16.615776 -9.740283
-0.59 8.44 -2.26 6.3025355 -25.210142 -14.323945
-0.74 8.2 -2.71 13.178029 -26.356058 -14.323945
-1.06 7.5899997 -2.6399999 8.021409 -31.51268 -11.459155
-1.5899999 7.45 -2.34 -1.1459155 -30.939718 -5.15662
-1.4699999 7.37 -2.34 0.0 -26.356058 3.4377468
-0.64 6.54 -2.82 0.0 -31.51268 12.032113
0.12 5.27 -2.78 0.0 -37.815212 12.032113
-0.78999996 4.21 -2.8799999 1.1459155 -55.576904 4.583662
-2.04 4.6 -2.81 10.31324 -59.014652 2.8647888
-1.26 5.14 -4.04 21.199438 -56.72282 13.750987
-0.22999999 4.8199997 -4.89 13.750987 -66.463104 26.356058
0.34 5.49 -4.29 -3.4377468 -77.349304 35.523384
-0.53 6.2599998 -3.22 -18.334648 -80.78705 37.815212
0.47 6.87 -2.87 -21.199438 -74.48451 50.420284
1.48 6.24 -3.62 -19.480566 -76.77634 67.60902
1.4599999 6.91 -2.76 -27.501974 -75.630424 78.49522
2.0 7.7999997 -1.81 -34.377464 -71.04677 80.21409
3.4299998 7.98 -1.51 -29.220846 -81.36001 83.65183
3.6699998 7.77 -2.22 -14.896902 -84.79775 79.641136
3.85 8.099999 -1.61 -9.167324 -63.598316 75.630424
3.29 8.66 0.06 -22.345354 -56.14986 68.75493
5.0099998 10.19 -1.02 -9.740283 -53.285076 64.74423
4.64 9.76 -2.8 2.291831 -54.43099 64.17127
4.74 10.26 -1.4399999 -10.886198 -76.203384 79.641136
5.87 9.94 -0.57 -10.31324 -101.41353 84.79775
5.33 10.36 -1.35 -3.4377468 -95.68395 77.349304
5.13 11.49 -0.84999996 -0.57295775 -75.630424 74.48451
6.5899997 11.639999 1.04 -27.501974 -75.057465 93.96508
7.46 11.679999 1.78 -45.83662 -76.203384 86.516624
6.23 12.12 1.5699999 -37.242256 -59.014652 64.17127
5.6299996 12.66 2.3799999 -21.772396 -64.17127 64.74423
6.25 13.91 2.3799999 -17.188732 -72.19268 74.48451
7.1499996 14.11 2.23 -18.907606 -52.712116 69.32789
6.52 14.17 2.6599998 -28.64789 -39.53409 57.29578
5.79 15.28 2.59 -27.501974 -49.27437 45.263664
5.87 15.36 1.26 -27.501974 -42.971836 39.53409
6.41 14.589999 1.7099999 -49.84733 -35.523384 36.669296
6.39 14.07 2.3 -59.58761 -30.366762 21.772396
5.65 13.509999 2.1599998 -52.139156 -29.793804 12.032113
5.17 13.54 1.67 -41.825916 -22.345354 2.291831
5.17 13.54 1.67 -41.825916 -22.345354 2.291831
5.2999997 13.59 0.13 -28.07493 -18.907606 -5.15662
5.49 13.259999 -1.48 -24.064226 -20.053522 -12.605071
5.47 13.09 -1.7199999 -25.210142 -18.907606 -20.62648
5.41 13.759999 -1.3199999 -29.793804 -20.053522 -29.793804
6.3399997 13.86 -2.18 -25.210142 -22.91831 -32.658592
6.47 13.25 -2.74 -20.053522 -26.929016 -40.107044
5.7 11.83 -1.6899999 -33.80451 -34.950428 -50.420284
5.12 11.23 0.59999996 -51.5662 -37.815212 -55.00395
5.14 11.42 1.5899999 -49.27437 -37.242256 -49.84733
6.5499997 11.42 -1.03 -10.31324 -33.80451 -40.680004
6.1099997 11.46 -2.62 24.637184 -36.669296 -50.420284
5.6099997 11.74 -1.99 20.053522 -46.40958 -67.60902
6.04 11.559999 -1.24 9.167324 -65.317184 -79.06818
6.22 10.96 -1.77 8.021409 -76.203384 -83.65183
5.94 10.82 -1.53 -9.740283 -60.733524 -81.93296
5.7 10.71 -0.24 -34.377464 -48.128452 -79.641136
5.6099997 10.16 -0.14 -48.701412 -40.107044 -87.662544
5.3199997 9.36 0.59 -48.701412 -40.107044 -87.662544
5.25 9.21 1.24 -46.40958 -56.14986 -96.829865
5.0499997 8.51 1.12 -41.825916 -61.30648 -100.84057
4.2799997 8.0 0.87 -37.815212 -58.441692 -109.43494
3.57 7.49 1.78 -42.971836 -48.701412 -113.44564
2.49 7.54 2.73 -49.27437 -45.263664 -115.16451
1.78 7.33 2.44 -44.69071 -43.544792 -112.29972
1.91 6.64 2.12 -34.377464 -37.242256 -99.69466
0.02 5.96 2.96 -29.793804 -39.53409 -100.84057
-0.21 6.22 3.22 -28.64789 -40.107044 -100.84057
-0.5 6.35 2.6 -20.62648 -35.523384 -94.53803
-0.98999995 6.5899997 2.49 -12.032113 -34.377464 -79.06818
-1.1 6.8999996 2.3899999 -12.032113 -32.658592 -75.057465
-0.62 6.2999997 2.47 -14.896902 -29.220846 -67.03606
-1.79 6.3399997 2.86 -14.896902 -26.929016 -64.74423
-2.31 6.45 2.5 -11.459155 -21.772396 -63.598316
-2.3799999 6.0899997 2.27 -19.480566 -13.750987 -46.98254
-2.46 6.2999997 3.76 -25.7831 -15.469859 -41.825916
-2.46 6.6099997 4.12 -28.07493 -20.62648 -40.107044
-2.46 6.39 3.28 -6.8754935 -21.199438 -33.80451
-2.99 6.27 3.3 7.448451 -9.167324 -30.939718
-3.51 7.04 3.22 10.886198 -10.886198 -28.64789
-3.3 7.29 2.98 13.750987 -10.31324 -20.62648
-3.02 7.5299997 2.28 17.761692 -4.583662 -12.032113
-2.6 7.54 1.75 15.469859 -3.4377468 -8.594366
-3.1499999 7.8399997 1.66 2.291831 -1.1459155 -9.740283
-3.4399998 7.6499996 2.4299998 -10.886198 4.0107045 -12.605071
-3.8 7.7999997 2.53 -14.323945 -2.291831 -10.31324
-3.7099998 8.17 2.35 -7.448451 -2.291831 -4.583662
-3.3999999 8.34 2.51 -5.15662 -0.57295775 -1.1459155
-2.62 8.53 3.28 -6.3025355 -1.7188734 5.7295775
-2.81 8.71 2.86 0.0 -1.7188734 4.583662
-3.27 8.79 2.6699998 4.583662 1.1459155 4.0107045
-2.62 8.95 2.1 11.459155 4.583662 5.7295775
-2.69 8.97 1.9799999 10.31324 1.7188734 5.7295775
-3.1 9.389999 2.03 9.167324 6.8754935 2.8647888
-2.52 9.349999 1.4499999 9.167324 6.3025355 2.8647888
-2.58 9.26 1.56 5.7295775 4.0107045 4.0107045
-3.27 9.719999 1.38 1.7188734 4.583662 0.0
-2.78 9.55 1.66 -2.291831 6.8754935 2.291831
-2.74 9.55 1.9799999 -4.583662 2.8647888 4.583662
-2.6599998 9.65 2.19 -4.583662 2.8647888 4.583662
-2.59 9.7699995 1.92 5.7295775 1.7188734 2.291831
-2.6 9.73 1.5699999 12.605071 2.8647888 0.57295775
-2.69 9.559999 1.41 14.323945 2.8647888 -1.1459155
-2.84 9.59 1.74 13.178029 2.8647888 -1.7188734
-2.69 9.65 1.7099999 14.323945 0.0 -1.1459155
-2.62 9.71 0.89 20.62648 -2.291831 -2.8647888
-2.77 9.58 0.63 14.896902 4.0107045 -3.4377468
-2.8 9.42 1.65 -0.57295775 3.4377468 -0.57295775
-2.79 9.7 2.29 -4.0107045 0.57295775 -0.57295775
-2.4299998 9.389999 1.63 3.4377468 -1.7188734 0.0
-2.83 9.179999 1.09 14.896902 2.291831 -1.7188734
-3.24 9.53 1.29 10.886198 4.583662 -5.15662
-2.83 9.58 1.0799999 4.0107045 2.291831 -1.7188734
-2.76 9.429999 0.91999996 2.291831 5.7295775 0.0
-2.9399998 9.469999 1.25 0.57295775 2.8647888 -1.7188734
-2.86 9.49 1.41 2.291831 -2.8647888 -2.8647888
-2.9099998 9.45 1.24 7.448451 -1.7188734 -2.291831
-2.8799999 9.389999 0.85999995 8.594366 -0.57295775 -2.291831
-2.84 9.3 1.06 2.291831 1.7188734 -0.57295775
-2.97 9.29 1.3199999 -2.8647888 1.7188734 -0.57295775
-3.01 9.01 1.15 -2.291831 0.0 -1.1459155
-3.1599998 8.99 1.38 -0.57295775 0.0 0.0
-3.1699998 9.26 1.62 1.7188734 -2.8647888 0.0
-2.79 9.38 1.26 6.3025355 -0.57295775 3.4377468
-2.77 9.37 1.26 8.021409 2.291831 4.583662
-2.7 9.59 1.13 6.8754935 -0.57295775 2.8647888
-2.62 9.5199995 0.66999996 6.3025355 -1.7188734 2.291831
-2.87 9.58 1.2099999 -1.7188734 0.0 0.0
-2.82 9.75 1.51 -4.583662 -1.1459155 0.0
-2.77 9.599999 1.35 -0.57295775 -0.57295775 0.0
-2.87 9.38 1.24 2.8647888 4.0107045 1.1459155
-2.76 9.49 1.3199999 2.291831 0.0 1.1459155
-2.73 9.71 1.1899999 1.7188734 -0.57295775 2.291831
-2.86 9.66 0.91999996 2.291831 2.8647888 2.291831
-2.86 9.599999 1.23 -1.1459155 4.0107045 1.1459155
-2.69 9.639999 1.41 0.0 -0.57295775 1.7188734
-2.54 9.639999 1.14 1.1459155 -2.8647888 1.1459155
-2.62 9.46 0.90999997 2.8647888 -6.8754935 -3.4377468
-3.07 9.36 1.3199999 -1.1459155 -5.7295775 -6.8754935
-3.06 9.26 1.4599999 -5.15662 0.0 -1.7188734
-3.1399999 9.09 1.0799999 -5.15662 8.594366 3.4377468
-3.1699998 9.24 1.56 -7.448451 9.167324 5.15662
-2.3799999 9.51 1.9499999 -8.021409 5.15662 6.8754935
-2.2 9.58 1.67 -1.1459155 -4.0107045 6.8754935
-3.02 9.61 0.71999997 12.032113 2.8647888 -1.1459155
-3.05 9.54 0.96 4.0107045 3.4377468 0.0
-2.86 9.67 1.37 -4.0107045 0.0 3.4377468
