0.9505271 9.634562 -0.15323359 2.768815 2.8617399 -5.6180954
1.6688095 9.613013 -0.53871185 1.9288151 -1.6182599 0.891905
1.6305012 9.771035 -0.42378664 -2.341185 -1.68826 4.8119054
1.2929084 9.80695 0.23224466 -10.111185 3.31674 1.101905
1.1875603 9.653716 0.5602603 -14.311185 5.20674 -2.713095
1.1205206 9.584282 0.2753416 -9.761186 2.37174 -3.238095
0.82602483 9.613013 0.25139886 -2.306185 -2.49326 -4.358095
1.201926 9.730332 0.17238778 0.143815 -4.2082596 -4.358095
1.2067145 9.7135725 0.5363176 -1.4661851 -3.7882597 -0.99809504
1.2857256 9.847652 0.3902668 -3.741185 -2.3882601 -0.648095
1.3838909 9.830893 0.31365 -1.641185 -2.28326 -0.47309503
1.376708 9.778218 0.36392978 -1.4661851 -1.4432601 -0.61309505
1.3360053 9.5794935 0.69673395 -3.6361852 -0.11326 -1.523095
0.9601042 9.534002 0.8739103 -4.931185 -0.91826004 -3.343095
0.8786988 9.61062 0.7302538 -3.1461852 -1.0932599 -4.533095
1.2593886 9.7135725 0.64166564 -0.13618499 -0.18326001 -2.433095
1.5059988 9.840469 0.6296943 0.948815 1.3217402 1.101905
1.1348863 10.034406 0.88109314 0.563815 1.8467399 0.78690505
1.2785428 10.213976 0.85954463 0.563815 2.0917401 -4.463095
1.6879637 10.204399 0.41420954 2.348815 2.12674 -4.8830953
1.6424725 10.206794 0.43096948 5.183815 1.8117402 -3.2030952
1.6496553 10.127783 0.05506832 4.308815 4.92674 -4.218095
1.6352897 9.747093 -0.3304099 3.573815 8.00674 -8.103095
1.525153 9.37598 -0.6392714 2.033815 9.30174 -10.343095
1.3671309 8.877971 -0.9792584 2.033815 8.70674 -11.848095
1.1492519 8.118986 -1.3886794 3.7838151 7.0967402 -13.143096
0.9385557 7.2450757 -1.8627458 5.8838153 5.80174 -14.893094
0.80208206 6.23948 -1.924997 6.5838146 3.84174 -15.768094
0.52674043 5.087834 -2.142876 7.178815 3.84174 -14.193095
0.26337022 4.3695517 -2.4804688 11.343816 5.48674 -10.483095
0.2466103 3.8954852 -3.0119977 17.468815 2.5117402 -4.008095
0.32562137 3.572258 -3.4812756 21.318815 -6.86826 3.586905
0.16759923 3.3591676 -3.2298768 16.243816 -13.20326 8.556905
-0.17957062 3.6369035 -2.0016139 2.4888148 -12.50326 17.096905
0.18675344 4.304906 -1.8483802 -2.656185 -13.098261 30.676907
1.4533248 4.5850363 -2.4254005 5.183815 -18.348259 46.56691
2.8420043 4.5467277 -3.093403 12.918816 -28.00826 56.541904
3.0048149 4.7717896 -2.317658 7.4238153 -39.69826 57.346905
1.7837347 5.6241517 -1.0678465 -9.446185 -43.75826 50.276905
1.3886794 5.233885 0.014365649 -26.316185 -38.43826 48.001907
3.110163 4.625739 1.4174107 -35.171185 -38.788258 58.0469
4.4844766 4.946572 1.611347 -31.916187 -47.39826 71.94191
4.106181 6.119766 1.4245936 -21.801186 -46.20826 82.37191
3.6728175 6.531582 1.7669748 -21.101185 -26.258259 88.741905
5.604997 6.675238 2.5666625 -26.106186 -22.82826 98.296906
7.4246464 8.102226 1.924997 -22.956186 -49.67326 115.656906
8.976136 8.906702 0.339987 -8.466186 -58.598263 128.60692
8.633755 8.92825 1.0343267 -9.796185 -48.658257 132.1419
7.9418097 9.088667 3.0910087 -38.986187 -31.22826 122.7269
8.2578535 10.309748 2.9904492 -61.91119 -20.483261 111.3869
10.079897 10.618608 2.142876 -56.381187 -28.708261 115.656906
11.243514 10.130177 2.6025767 -46.161186 -46.243263 129.55191
9.75667 10.000886 3.512401 -53.651184 -54.85326 123.601906
8.356019 10.185245 3.703943 -65.27119 -47.118263 98.8569
9.201198 10.807756 4.1349125 -72.30618 -42.21826 82.86191
11.140561 10.94423 5.5714774 -83.856186 -40.57326 92.13691
11.207601 11.624205 5.784568 -92.676186 -34.72826 99.9419
9.792584 12.797399 2.8874955 -75.66618 -26.95826 84.89191
10.115811 13.326533 0.47885495 -38.216187 -25.87326 60.91691
10.843671 13.264282 1.2091088 -24.426186 -30.528261 53.811905
11.492519 13.85088 2.152453 -85.22118 -11.208261 47.896904
11.827718 13.915525 2.2362528 -96.49118 8.63674 29.661907
12.103059 13.338505 3.3735332 -90.191185 8.671741 6.001905
10.388759 13.62103 3.3639562 -64.956184 -4.27826 -20.773094
10.352844 14.679298 1.9920366 -30.516186 -11.13826 -35.998096
12.122213 15.229982 1.1612233 -13.261185 -11.06826 -38.588097
13.017673 15.687288 0.85954463 -11.581185 -5.3632603 -49.298096
13.429487 15.493352 1.0702409 -10.811186 -6.69326 -76.7731
13.082317 14.997737 1.3719195 -10.706185 -15.443261 -106.6981
12.177281 14.011296 2.0686533 -15.361186 -13.69326 -129.6231
11.782227 13.242734 2.6815877 -19.246185 -9.423261 -144.3581
12.021654 12.687263 3.232271 -17.076185 -11.27826 -152.05809
12.426287 11.928277 3.5985951 -11.266185 -11.69826 -158.8481
11.353651 10.723957 4.022382 -1.081185 -13.44826 -173.68811
9.871595 10.012857 3.6823947 10.5388155 -16.66826 -189.4031
8.583475 9.371192 3.849994 15.858815 -15.23326 -191.8531
7.082265 8.128563 4.106181 12.743815 -8.653259 -183.27809
6.7231236 7.4414062 4.120547 12.0788145 -5.1882606 -166.2681
5.9210415 6.577073 3.46691 17.013815 -10.753261 -145.61809
5.5547175 6.0048413 2.760599 21.668814 -15.723261 -134.6281
4.7071443 5.3009243 1.838803 18.308815 -12.15326 -133.0531
3.0862203 4.5443335 1.7119064 12.183815 -9.98326 -139.6681
1.0965779 3.5794408 2.4900458 6.4088154 -12.53826 -144.18309
-1.2210802 2.6959534 2.1716073 9.733814 -23.14326 -144.8481
-1.4413534 2.6552508 0.92658436 25.343815 -46.243263 -141.2781
0.12210801 3.5674694 0.7829279 31.048815 -57.72326 -116.35809
0.11253092 4.14449 1.5730386 16.768816 -54.88826 -78.76809
-1.0319325 4.513208 3.215511 -1.7461851 -47.01326 -67.49809
-1.333611 5.1596622 2.5115943 -5.8061852 -45.36826 -71.6981
-0.888276 5.2913475 1.9465454 9.768815 -42.883263 -60.358093
-1.0127783 5.3679643 1.6783867 20.933817 -24.15826 -34.458096
1.1348863 5.791751 2.9377751 20.163815 2.30174 -10.028095
1.2737542 6.5555243 3.215511 19.358816 9.511741 6.4919047
1.1133378 7.1660647 1.5538844 40.07881 -16.87826 -4.393095
0.9624985 7.7718163 -0.15802214 66.223816 -41.65826 -24.133095
0.45251793 7.6066113 0.25139886 56.178814 -30.24826 -27.073095
-0.9577099 7.084659 1.350371 7.0738153 1.18174 -24.273096
-1.472479 5.9449844 3.2394538 -47.036182 32.961742 -28.438095
-1.7214836 5.1237483 3.6033835 -79.621185 60.226738 -36.103092
-4.000833 5.288953 2.466103 -75.63118 62.57174 -44.3631
-5.1716337 6.263423 0.95531565 -35.836185 37.96674 -60.673096
-4.517997 7.1229677 1.0486923 23.803816 -43.40826 -21.578094
-1.8747171 7.759845 2.7653873 13.933815 -61.81826 7.856905
-1.6592325 8.253065 3.615355 2.558815 -48.868263 9.816904
-2.3870919 8.444607 3.2610023 1.3688151 -16.073261 -2.328095
-2.7749646 8.142929 2.423006 5.533815 8.77674 -7.9280953
-3.1604428 7.92505 1.664021 11.658815 17.24674 -8.523095
-3.562681 7.927444 1.2186859 19.288815 12.136741 -9.5380945
-3.2969165 7.9944835 1.0965779 26.778816 -0.35826 -6.3880954
-3.1317115 8.487704 0.20590763 34.758816 -7.60326 3.7269046
-2.885101 8.9976845 -0.30886146 38.608814 -6.72826 11.111905
-2.4541316 9.332883 0.0047885496 32.203815 -3.8232603 17.201904
-1.6281068 9.471751 0.45730647 23.558815 -10.40326 18.986904
-1.7478206 9.462174 -0.03351985 20.723816 -15.338261 12.336905
-2.3032923 9.653716 0.1987248 15.613816 -8.75826 3.621905
-2.2170985 9.397529 0.4070267 6.128815 -1.30326 -0.228095
-2.3200524 9.304152 0.6751855 1.4038149 0.27174002 -1.453095
-2.3032923 9.397529 0.6608198 1.4038149 -0.88326 -2.083095
-2.2266755 9.289786 -0.043096945 5.953815 -0.91826004 -0.578095
-2.5068057 9.306546 -0.15323359 9.838815 -0.42826 -1.2430949
-2.4014575 9.316123 0.23942748 6.7238154 -1.89826 -3.098095
-2.310475 9.301758 0.4189981 1.088815 -0.84826 -0.018095
-2.5187771 9.371192 0.11971374 0.77381504 0.23674001 1.556905
-2.1620302 9.325701 0.057462595 4.238815 -2.66826 0.92690504
-2.1452703 9.268238 0.27055305 4.203815 -5.22326 3.8669052
-2.5044115 9.265843 0.19633053 1.9638151 -3.99826 4.356905
-2.5522969 9.308941 0.38787252 0.633815 0.34174 2.711905
-2.4589202 9.431048 0.4189981 0.563815 2.72174 5.546905
-2.3727264 9.354432 0.10774237 6.443815 -1.40826 10.726905
-1.9489397 9.648928 0.011971374 15.473816 -10.43826 13.386906
-1.350371 9.826104 -0.36632404 18.658815 -15.898261 16.221907
-1.2713599 9.993703 -0.2849187 16.173815 -12.01326 17.726904
-1.4868447 9.929058 -0.03351985 6.8288155 -3.08826 13.176905
-1.8747171 9.7135725 0.27055305 -3.391185 3.00174 4.0769053
-2.0016139 9.668081 0.3304099 -8.921185 4.05174 -3.448095
-2.0016139 9.629773 0.38787252 -8.396185 2.23174 -4.008095
-1.9178141 9.711179 0.62251145 -5.4561853 0.51673996 -1.418095
-1.8795058 9.766247 0.69194543 -4.8961854 2.1967402 0.576905
-1.9058428 9.694419 0.3998439 -3.0411851 4.19174 2.466905
-1.89866 9.687236 0.19154198 5.463815 0.23674001 3.936905
-1.7789462 9.687236 0.15323359 5.043815 0.09674 5.651905
-1.6185298 9.627379 0.07422252 4.308815 0.76173997 6.6319056
-1.4174107 9.62259 0.17957062 3.5038152 -0.81326 5.861905
-1.3862851 9.6585045 0.13647367 3.223815 -1.79326 3.061905
-1.6831752 9.761458 0.18435916 2.6638153 0.58674 -1.2780951
-1.7813405 9.682447 0.1699935 1.4038149 3.35174 -3.8330953
-1.8459859 9.581888 0.2466103 0.598815 5.20674 -2.853095
-1.8699286 9.435837 0.0023942748 2.453815 4.7167406 -1.313095
-1.9010541 9.462174 -0.21069619 5.498815 2.4417398 0.401905
-1.812466 9.557945 -0.18435916 5.463815 0.83173996 3.621905
-1.7645805 9.543579 -0.2561874 3.853815 2.0917401 6.666905
-1.7478206 9.596253 -0.11971374 1.648815 5.38174 8.346905
-1.611347 9.653716 -0.019154198 0.738815 5.48674 9.781905
-1.3623424 9.735122 0.071828246 3.713815 0.44674 10.7969055
-1.1995317 9.917087 -0.35674694 9.768815 -7.35826 9.746905
-1.1899546 9.945818 -0.7326481 14.493815 -11.94326 6.8069053
-1.3000913 9.938635 -0.6488485 10.993814 -8.75826 3.341905
-1.3312168 9.818921 -0.27294734 1.7188151 -5.1882606 1.136905
-1.4293821 9.768641 0.11013664 -5.876185 -2.7032602 -0.47309503
-1.5490957 9.77343 -0.03351985 -8.606185 0.83173996 -1.2080951
-1.5299416 9.735122 -0.0023942748 -6.226185 1.0417401 -1.803095
-1.525153 9.703996 0.07901107 -4.3011847 -3.8232603 -2.398095
-1.6424725 9.694419 0.10774237 -4.1611853 -6.06326 -2.503095
-1.5993756 9.663293 0.21069619 -4.966185 -3.4732602 -3.098095
-1.6951466 9.694419 0.13168511 -5.141185 -1.37326 -3.238095
-1.6568382 9.646533 0.07422252 -3.4961848 -1.4782599 -3.5530949
-1.6592325 9.596253 0.28970724 -2.096185 -3.33326 -3.343095
-1.7190893 9.498088 0.28252444 -2.866185 -3.4732602 -2.923095
-1.9992194 9.438231 0.06464542 -3.286185 -1.19826 -2.9930952
-2.0375278 9.419077 0.16520496 -3.1461852 2.05674 -2.713095
-1.8364087 9.608225 0.34956414 -3.881185 2.93174 -0.578095
-1.620924 9.660899 0.11971374 -2.516185 0.97174 3.481905
-1.6616267 9.699207 -0.028731298 2.0688152 -3.36826 4.251905
-1.6041641 9.703996 0.17478207 2.943815 -5.95826 2.4319048
-1.5514901 9.675264 0.44054657 -1.1161851 -2.56326 2.536905
-1.5730386 9.591465 0.3423813 -3.2511852 0.30674002 2.5019052
-1.6975409 9.534002 0.12929083 -1.8511848 0.93674004 0.54190505
-1.7190893 9.373586 0.06943397 -0.66118497 -0.63826007 -2.713095
-1.8866886 9.505271 0.18196489 -4.2661853 -0.0082600005 -2.8880951
-1.7621863 9.565128 0.32562137 -8.851186 6.4667397 -2.118095
-1.690358 9.644139 0.47885495 -10.881186 9.68674 -1.2430949
-1.7526091 9.735122 0.41420954 -8.186185 7.2717404 -1.488095
