0.61 9.46 -1.7199999 14.323945 -6.3025355 -6.3025355
0.51 9.309999 -1.5899999 9.167324 -18.334648 -8.021409
0.45999998 9.0 -1.4699999 2.291831 -22.345354 -4.583662
0.69 8.73 -1.18 -2.8647888 -28.64789 0.0
0.83 8.49 -1.18 0.57295775 -30.366762 0.57295775
0.84999996 8.429999 -1.22 10.886198 -33.80451 -2.8647888
0.85999995 8.36 -1.36 16.615776 -37.242256 -5.15662
0.48 8.5199995 -2.01 25.7831 -37.815212 -12.032113
0.71 8.55 -1.93 17.761692 -38.961132 -8.594366
0.71 8.55 -1.93 17.761692 -38.961132 -8.594366
0.94 8.639999 -1.4399999 5.15662 -34.377464 -1.1459155
0.83 9.03 -1.74 7.448451 -27.501974 2.8647888
0.90999997 8.84 -2.3 12.605071 -30.366762 6.3025355
0.90999997 8.83 -2.32 16.042818 -28.64789 8.594366
1.1 9.0199995 -2.1599998 15.469859 -36.09634 6.8754935
1.25 9.139999 -2.51 14.323945 -46.40958 6.8754935
1.55 9.04 -2.69 8.021409 -49.27437 10.886198
1.13 9.0 -2.34 2.8647888 -47.555496 10.31324
1.28 8.78 -1.8199999 -5.15662 -48.128452 13.178029
1.49 8.78 -1.7199999 -4.583662 -50.420284 16.042818
2.02 8.7699995 -2.1299999 2.291831 -54.43099 17.761692
1.66 8.86 -2.49 -1.1459155 -57.29578 12.605071
1.35 8.54 -1.88 -15.469859 -58.441692 16.042818
1.8499999 8.58 -1.06 -29.793804 -65.317184 22.345354
2.62 8.59 -1.0699999 -31.51268 -67.60902 26.929016
2.4299998 8.59 -0.96999997 -25.210142 -64.17127 25.7831
1.74 8.59 -0.71999997 -19.480566 -63.02536 20.62648
1.89 8.95 -0.19999999 -18.334648 -64.17127 22.345354
2.08 8.889999 -0.45999998 -16.042818 -72.76564 33.231552
2.4299998 9.05 -0.26999998 -14.896902 -72.19268 36.669296
3.11 9.679999 -0.29999998 -9.167324 -68.75493 42.398876
3.62 9.67 -0.77 -9.740283 -71.04677 38.38817
2.48 9.0199995 -0.19 -25.7831 -64.74423 32.658592
2.51 9.41 0.68 -39.53409 -58.441692 41.25296
3.9599998 9.61 0.65999997 -34.950428 -56.72282 59.58761
4.89 10.0 0.34 -32.658592 -56.14986 59.58761
5.0499997 9.88 0.03 -35.523384 -51.5662 49.27437
2.61 8.929999 0.5 -53.858032 -35.523384 38.38817
2.84 9.41 2.19 -75.057465 -26.356058 44.11775
3.77 9.69 2.4099998 -73.91155 -29.793804 49.27437
4.11 10.25 2.12 -45.263664 -47.555496 54.43099
3.8799999 11.09 2.97 -40.107044 -41.25296 44.69071
4.47 11.83 2.87 -36.669296 -42.971836 46.40958
4.37 12.07 2.76 -33.80451 -41.825916 46.40958
4.02 12.16 2.72 -30.939718 -30.366762 38.38817
3.72 12.63 3.02 -32.085636 -23.49127 33.231552
4.13 13.15 2.29 -24.064226 -30.366762 27.501974
3.4299998 13.349999 2.45 -29.793804 -29.220846 18.334648
3.62 13.62 2.81 -33.231552 -29.220846 18.334648
4.71 13.99 2.79 -24.637184 -22.345354 22.91831
4.38 13.889999 2.05 -14.323945 -13.178029 10.31324
4.14 14.15 1.73 -7.448451 -14.323945 0.0
4.37 14.2 1.31 -2.8647888 -17.761692 -1.7188734
4.56 14.25 0.75 0.57295775 -18.334648 -4.583662
5.0499997 14.33 0.26 3.4377468 -16.615776 -9.740283
5.8799996 14.99 -0.55 -4.583662 -4.583662 -14.323945
5.1 14.03 0.01 -18.907606 17.188732 -18.907606
5.0899997 13.17 1.17 -28.64789 17.188732 -24.637184
5.49 12.759999 1.3199999 -13.750987 0.0 -33.231552
5.5899997 12.5199995 0.48 14.896902 -13.750987 -42.398876
4.94 12.15 -0.63 28.07493 -25.210142 -48.128452
5.25 11.679999 -0.84999996 10.886198 -33.80451 -42.398876
5.5899997 10.96 0.29 -2.291831 -29.793804 -41.25296
5.18 10.12 1.5 -14.323945 -30.939718 -59.014652
5.17 9.73 1.67 -4.0107045 -38.38817 -67.60902
4.63 9.33 1.4599999 8.594366 -42.971836 -73.91155
3.72 8.889999 0.26999998 0.0 -43.544792 -76.203384
2.69 8.29 1.16 -25.7831 -37.242256 -70.47381
2.71 8.349999 2.2 -31.51268 -38.961132 -64.74423
3.1399999 8.21 2.11 -30.366762 -41.25296 -59.58761
3.23 7.96 1.4699999 -14.896902 -45.83662 -58.441692
1.99 8.22 1.76 -12.032113 -48.128452 -64.17127
1.53 8.17 1.8299999 -16.042818 -44.69071 -55.00395
1.5999999 8.2 1.74 -16.042818 -43.544792 -46.40958
2.35 8.03 2.06 -16.042818 -41.25296 -29.793804
2.62 8.809999 1.87 -1.7188734 -43.544792 -32.085636
2.47 9.0199995 1.5999999 4.583662 -46.40958 -39.53409
1.24 8.9 1.12 3.4377468 -35.523384 -45.263664
1.11 8.2 2.49 -17.761692 -21.772396 -24.637184
1.11 8.2 2.49 -17.761692 -21.772396 -24.637184
1.56 7.96 3.01 -17.188732 -22.91831 -17.188732
1.16 8.0199995 2.1 7.448451 -34.950428 -28.64789
0.48 7.75 1.6899999 22.345354 -41.25296 -34.950428
0.03 8.05 0.85999995 28.07493 -53.858032 -26.929016
0.84999996 7.96 1.0 22.345354 -53.858032 -17.188732
2.1699998 7.8599997 1.35 -1.1459155 -48.128452 -2.291831
1.7099999 7.8399997 1.39 -14.323945 -41.825916 -5.7295775
0.52 8.04 1.63 -20.62648 -20.053522 -17.761692
-0.28 7.44 0.59 -9.740283 -11.459155 -21.199438
-0.07 7.3399997 0.59999996 -3.4377468 -16.615776 -20.62648
0.14999999 7.64 1.6999999 -4.0107045 -17.761692 -21.199438
-0.45999998 7.8799996 0.82 -8.594366 -26.929016 -26.356058
-0.52 7.6 0.89 -8.594366 -26.929016 -26.356058
-0.57 7.87 1.2099999 -6.8754935 -17.761692 -16.042818
-0.48999998 8.059999 1.3199999 -8.021409 -10.31324 -13.178029
-0.28 8.11 1.3399999 -3.4377468 -7.448451 -11.459155
-0.22999999 8.2 1.4499999 0.0 -8.021409 -12.605071
-0.63 8.45 1.4 4.583662 -8.594366 -14.896902
-0.32999998 8.82 0.98999995 8.594366 -5.15662 -9.740283
-0.32999998 8.82 0.98999995 8.594366 -1.7188734 -8.594366
-0.71 9.0199995 0.39999998 1.1459155 4.0107045 -8.594366
-0.66999996 9.2699995 1.0699999 -7.448451 2.8647888 -0.57295775
0.089999996 9.23 1.1 -6.3025355 -2.8647888 2.291831
0.08 9.22 0.93 0.0 0.0 0.0
-0.44 9.69 1.4599999 1.7188734 -3.4377468 -8.021409
0.01 9.63 1.4499999 2.291831 -5.7295775 -6.3025355
-0.44 9.889999 1.22 7.448451 0.57295775 -1.7188734
-0.35 9.98 1.18 6.3025355 1.7188734 1.1459155
0.17999999 10.05 0.98999995 3.4377468 -0.57295775 6.3025355
0.04 10.059999 0.9 0.0 1.1459155 4.583662
0.03 9.91 1.4 -2.291831 4.583662 1.1459155
-0.08 9.94 1.52 -0.57295775 1.1459155 -2.291831
-0.34 9.69 1.16 7.448451 -0.57295775 -3.4377468
-0.16 9.59 0.75 7.448451 0.0 2.291831
-0.13 9.639999 0.76 5.15662 -1.1459155 3.4377468
0.049999997 9.809999 0.7 2.8647888 -1.1459155 5.15662
0.07 9.88 0.64 2.8647888 0.0 5.15662
-0.11 9.78 0.45999998 -0.57295775 0.57295775 4.0107045
0.14 10.05 1.17 -3.4377468 0.0 3.4377468
0.19999999 10.12 0.9 2.8647888 0.0 3.4377468
0.17 10.349999 0.85999995 5.15662 0.0 2.291831
0.22999999 10.309999 0.7 8.021409 0.0 0.57295775
0.22 10.36 0.77 5.15662 -0.57295775 1.7188734
0.26999998 10.33 0.87 3.4377468 -0.57295775 1.7188734
0.34 10.4 0.84 1.7188734 0.0 1.7188734
0.25 10.23 0.76 2.291831 1.1459155 -1.1459155
0.17999999 10.16 0.75 2.291831 0.0 -2.291831
0.01 9.91 0.91999996 -0.57295775 0.0 -4.0107045
0.0 9.719999 0.88 -1.1459155 1.1459155 -2.8647888
-0.22999999 9.599999 0.85999995 -4.0107045 3.4377468 -2.291831
-0.06 9.62 1.0 -7.448451 7.448451 -0.57295775
-0.02 9.88 0.97999996 -8.594366 5.15662 -0.57295775
-0.099999994 9.99 0.95 -7.448451 5.15662 -1.1459155
-0.03 9.969999 0.94 -4.583662 5.7295775 -1.7188734
0.01 10.01 0.84 -3.4377468 5.15662 -0.57295775
-0.19 9.889999 0.72999996 -3.4377468 5.7295775 -0.57295775
-0.35999998 9.83 0.77 -6.3025355 2.291831 1.7188734
0.19 10.0 1.26 -2.291831 -1.1459155 4.0107045
0.19999999 10.04 1.0 1.7188734 0.0 2.8647888
0.099999994 10.01 0.75 8.021409 1.7188734 0.0
0.06 10.0199995 0.89 6.3025355 -1.7188734 -2.291831
-0.03 10.04 0.93 3.4377468 0.57295775 0.0
-0.08 9.969999 0.91999996 3.4377468 3.4377468 2.291831
-0.08 9.969999 0.91999996 3.4377468 3.4377468 2.291831
0.37 9.969999 0.95 4.0107045 -1.1459155 2.291831
0.11 10.04 0.75 6.8754935 -1.1459155 -1.7188734
-0.17 9.9 0.51 4.0107045 1.1459155 -2.8647888
-0.19999999 9.73 0.98999995 -1.1459155 1.1459155 -0.57295775
-0.17 9.7699995 1.05 -0.57295775 0.0 0.57295775
0.049999997 9.94 0.71999997 6.8754935 0.0 1.7188734
0.24 10.13 0.63 8.021409 -1.7188734 0.57295775
0.25 10.139999 0.57 6.8754935 -2.291831 0.0
-0.01 10.11 0.59 1.7188734 1.7188734 -0.57295775
0.08 10.059999 0.65 0.57295775 1.7188734 0.57295775
0.21 9.96 0.69 -0.57295775 -0.57295775 2.291831
