2.1093562 9.63935 0.61293435 3.148915 -1.9926552 -0.87248
1.9920366 9.737515 0.70631105 6.578915 -1.537655 -1.64248
1.56825 9.653716 0.7541966 5.108915 -11.057655 -1.8874801
1.8220432 9.670476 0.82602483 2.308915 -4.0926547 -4.37248
1.4652961 9.725544 0.7901107 0.73391503 0.177345 -2.37748
1.637684 9.701602 0.81165916 -0.49108505 0.66734505 0.56252
1.6137413 9.663293 0.8547561 -1.331085 2.032345 0.35252
1.5874043 9.692024 0.8140534 -1.7860851 0.7023451 -1.36248
1.6041641 9.675264 0.9696813 -1.541085 1.017345 -0.62748003
1.6400782 9.63935 0.9696813 -2.031085 1.332345 -0.31248
1.6400782 9.677659 0.84039044 -0.281085 0.247345 0.17752
1.5203645 9.732727 0.86912173 0.55891496 -0.172655 -0.27748
1.6328955 9.744699 0.9289786 -0.561085 0.107345 -0.73248005
1.7645805 9.6896305 0.9505271 -2.031085 1.332345 0.10752001
1.6807809 9.677659 0.9792584 -1.5760851 1.9973452 -0.34748
1.5730386 9.644139 0.91461295 0.173915 2.1723452 -1.8174801
1.5371244 9.534002 0.81644773 2.028915 1.052345 -2.8324802
1.5371244 9.347249 0.56265455 3.5339148 0.14234501 -3.00748
1.5275474 9.141341 0.4189981 4.5839148 -0.452655 -2.65748
1.4317763 8.971348 0.30646718 4.1289153 -0.732655 -1.9924802
1.3168511 8.674458 0.18435916 3.7089152 -0.24265501 -1.01248
1.2785428 8.511647 -0.10055954 4.7939153 -0.767655 0.10752001
1.4844503 8.118986 -0.45730647 7.453915 -2.447655 1.7525201
1.6233183 7.6736507 -0.5961744 9.133915 -4.6876554 3.6775198
1.7262721 7.405492 -0.90503585 10.183914 -6.332655 5.39252
1.7621863 7.14691 -1.2234744 11.723915 -8.222654 7.5625205
1.6257126 6.924243 -1.2210802 11.898915 -11.967655 8.40252
1.7645805 6.761432 -1.2641771 10.113915 -15.432655 8.157519
1.7981004 6.5986214 -1.3168511 8.888915 -17.777657 10.85252
1.5347302 6.4142623 -1.0750294 5.6339154 -16.202656 14.38752
1.4700848 6.1987777 -0.65842557 -1.856085 -10.427655 16.27752
2.0351336 6.2346916 -0.2753416 -9.731085 -5.807655 22.01752
2.770176 6.431022 -0.18675344 -11.5510845 -8.992655 32.90252
3.0263634 6.4860907 -0.2657645 -6.091085 -15.117654 41.302525
3.2035396 6.325674 -0.2777359 -0.21108499 -13.822655 42.70252
2.648068 6.3472223 0.028731298 -0.561085 -9.587655 40.70752
2.6552508 6.7063637 0.18914771 -4.726085 -6.297655 41.05752
3.2921278 6.864386 0.07901107 0.593915 -17.427654 63.66752
4.252232 7.003254 0.047885496 -1.1560851 -16.412655 68.49752
4.6736245 7.1660647 0.65842557 -10.956085 -5.1776547 68.56752
4.601796 7.6090055 1.3048798 -18.061085 5.6373453 67.55252
4.697567 7.867587 1.175589 -12.566086 5.672345 68.35752
5.217125 7.7670274 0.8475733 -2.416085 -8.607655 70.072525
5.5307746 8.035186 0.9768641 -0.351085 -23.272654 70.35252
5.94259 8.660092 1.1540405 -5.426085 -22.432655 72.83752
6.0407553 8.724737 0.7805336 -9.5910845 -11.057655 74.16752
6.028784 8.734315 1.1516461 -10.851085 -11.617655 68.07752
6.261029 8.91628 1.1468576 -9.836085 -23.237656 63.42252
7.0942364 9.031204 1.1971374 -9.766085 -29.187656 67.02752
7.3576064 8.870789 1.7023294 -18.831085 -20.647655 70.072525
6.7662206 8.875577 2.4804688 -29.541088 -3.7776551 60.517517
6.6441126 9.035994 2.291321 -27.406084 4.062345 49.772522
6.9649453 9.227535 1.5203645 -9.1360855 -5.212655 44.13752
7.455772 9.2490835 0.76137936 7.3489156 -21.907656 42.98252
7.448589 8.964165 0.8379962 6.4389153 -23.272654 40.39252
6.7566433 8.581081 1.2857256 -7.701085 -12.982655 31.852518
6.7303066 8.260248 1.6544439 -19.951084 -7.977655 23.59252
7.127756 7.9322324 1.733455 -24.816086 -9.202656 23.662521
7.4414062 7.7837873 1.8148603 -25.656086 -10.112655 25.13252
7.1588817 8.248277 1.6855695 -23.171085 -12.562655 18.62252
6.9577627 8.595447 1.3838909 -19.146086 -23.272654 10.25752
6.960157 8.854029 1.5897985 -21.771084 -33.142654 11.552521
7.5395713 9.153313 2.5115943 -35.491085 -25.792656 20.51252
7.4892917 9.536397 2.6289136 -46.97109 -10.252655 29.017519
7.3312693 9.787795 2.4206119 -43.961086 -7.557655 27.40752
7.333664 9.811738 1.6664152 -33.951084 -13.752655 25.58752
7.3049326 9.8237095 1.3862851 -27.826084 -12.807654 28.63252
7.537177 9.957788 1.1612233 -30.906086 -4.477655 30.52252
8.315316 10.182851 0.71828246 -36.716084 -0.277655 29.717522
8.229122 10.45101 0.21309046 -39.936085 -2.657655 25.622519
8.480521 10.941835 0.019154198 -40.91609 -4.722655 15.787521
8.810931 11.44224 -0.3328042 -45.046085 -3.602655 9.48752
9.117398 11.540404 -0.25139886 -50.751087 -6.017655 4.30752
8.854029 11.617022 0.43336374 -60.831085 -6.892655 -2.72748
9.244295 12.397555 1.2067145 -72.206085 -3.3926551 -9.692481
10.173274 12.694445 1.5562786 -73.886086 -6.787655 -10.98748
10.920287 12.550789 1.6616267 -55.301086 -13.367655 -19.10748
9.799767 12.069539 1.6544439 -43.611084 -2.447655 -35.242477
9.119793 11.899546 1.8004947 -28.876087 2.557345 -43.11748
9.601042 11.564347 1.5850099 -12.811085 -8.572656 -38.21748
11.214784 11.3344965 1.3168511 -2.1010852 -25.792656 -34.402477
10.707197 10.587483 1.1540405 -2.3810852 -29.572657 -47.982483
8.171659 10.072714 2.4684973 -16.066086 -1.957655 -67.33749
7.953781 9.466963 4.1013927 -31.361084 15.892345 -66.39248
9.325701 9.232324 3.529161 -23.626085 5.917345 -51.16748
9.794978 9.519637 3.5674694 0.173915 -17.532656 -51.90248
8.966559 9.167678 3.46691 13.613916 -26.457655 -72.30748
7.326481 9.11261 4.0582957 15.783915 -7.8376555 -89.632484
7.843644 9.117398 3.6560576 18.933916 -11.652656 -86.34248
8.542772 9.457385 2.638491 23.693916 -31.427654 -75.702484
8.506859 8.81572 3.9673133 7.2089157 -34.962654 -80.357475
7.0702934 8.341654 5.880339 -18.621084 -17.672655 -93.58748
5.5307746 7.9561753 5.810905 -12.391085 -10.672655 -102.19748
5.4589467 8.099832 3.8116856 27.858915 -30.902655 -99.57249
6.610593 8.889942 1.9920366 63.45391 -55.787655 -87.812485
6.3280683 8.609812 2.0279508 63.173916 -62.787655 -82.80748
4.8771377 8.260248 2.971295 31.35892 -43.817654 -95.68748
3.1221344 7.965752 3.213117 3.2539148 -18.197657 -105.31248
3.294522 8.075889 2.700742 -3.361085 -5.1776547 -96.49248
5.0567083 7.728719 2.6600394 -0.701085 -0.312655 -76.19248
4.6760187 7.5659084 3.615355 -2.591085 2.767345 -62.40248
2.8156672 7.4438004 4.0989985 1.783915 -7.522655 -75.14248
1.9944309 6.7901635 2.8467927 28.628916 -30.832655 -91.977486
1.6041641 5.973716 0.86912173 69.99892 -56.942657 -90.297485
2.2530127 5.889916 -0.44772938 99.22392 -72.76266 -75.632484
3.6297207 6.158075 -1.5850099 100.44891 -75.24766 -55.82248
3.301705 5.6576715 -1.2833313 79.973915 -75.142654 -44.27248
1.7047237 4.6305275 0.94095 42.838917 -73.252655 -59.637474
0.7996878 3.8236568 1.9154198 0.383915 -60.687656 -81.51248
-1.2450229 2.7246847 1.6616267 -21.071085 -37.902657 -85.99248
-1.6233183 3.9936504 0.8786988 -14.701086 -16.832655 -71.78247
-0.15802214 3.172414 1.1013664 -1.7160851 -9.202656 -39.05748
0.18914771 2.4014575 2.5499027 -17.956085 -15.852655 -7.4874806
-1.5897985 3.047912 5.147691 -63.38609 10.502346 -2.55248
-2.7031362 5.090228 3.258608 -49.59609 24.607344 -12.177481
-2.770176 5.3631754 2.3487835 -18.201084 20.022345 -3.63748
-1.2258687 5.899493 2.9090438 -8.191086 -4.022655 15.75252
-0.4668836 6.689604 2.7366562 1.3989149 -26.037655 26.88252
-0.24182175 7.3408465 1.8842943 17.813915 -33.212654 23.382519
-0.46209505 8.2387 0.28731298 28.908916 -26.037655 14.49252
-0.32801566 8.81572 -0.014365649 20.718914 -15.257656 8.647521
-0.3304099 9.115005 0.17238778 0.033915002 -0.627655 3.08252
-0.47885495 9.208381 0.3040729 -17.501085 15.192346 -4.8274803
-0.5458947 9.4932995 0.4166038 -28.001085 32.62234 -8.53748
-0.44294083 9.730332 0.3328042 -28.876087 40.917343 -5.5624804
-0.50998056 10.010463 0.25139886 -19.636086 30.067347 -1.11748
0.12929083 9.907509 0.5913859 -8.261085 5.147345 1.54252
0.15083931 9.557945 0.65363705 -0.106085 -17.917656 1.89252
0.045491222 9.653716 1.036721 3.7089152 -24.322655 0.84252
0.5411061 9.917087 0.9696813 5.1789155 -20.542654 7.387521
1.2474172 10.142148 0.32801566 11.093915 -17.672655 15.92752
1.2234744 10.292988 -0.2370332 16.063917 -14.837655 16.34752
1.0175668 10.328901 -0.3328042 12.353915 -10.077655 7.9125204
0.91461295 10.13736 -0.16281068 2.5189152 -4.0576553 0.07252
0.66321415 9.933846 0.45012367 -9.066085 3.152345 -5.8074803
0.23942748 9.830893 0.74222517 -17.571085 6.7923446 -10.602481
-0.22985038 9.751882 0.76616794 -17.256084 5.007345 -12.177481
-0.12210801 9.754275 0.90024734 -11.236085 0.66734505 -10.287479
0.21548474 9.696813 0.7110996 -3.7810853 -5.4226556 -4.8274803
-0.014365649 9.708784 0.42378664 2.0639153 -9.377655 -0.83747995
-0.05027977 9.862018 0.6847626 2.308915 -5.912655 -0.17248
0.3974496 9.926663 0.8739103 -0.176085 -0.9426551 2.34752
0.6703969 9.984126 0.54350036 3.323915 -2.342655 6.9675198
0.5985687 9.857229 0.14365649 12.003915 -8.502655 6.93252
0.48124924 9.821315 0.34956414 14.278915 -12.982655 1.8575201
0.505192 9.73991 0.5770202 7.068915 -10.707655 -1.39748
0.42139238 9.699207 0.59378016 -0.141085 -3.707655 -1.36248
0.1699935 9.73991 0.600963 -3.256085 3.047345 -1.95748
0.019154198 9.701602 0.6440599 -5.951085 6.6173453 -3.32248
-0.023942748 9.696813 0.679974 -4.026085 3.887345 -2.72748
-0.016759925 9.696813 0.55786604 0.383915 1.437345 0.14252
0.023942748 9.759064 0.49082634 3.428915 -0.137655 1.99752
0.12689656 9.783007 0.4740664 5.0739155 -1.502655 3.1175199
0.24182175 9.72315 0.44772938 6.5439153 -4.372655 4.83252
0.2753416 9.761458 0.54350036 7.698915 -7.382655 5.6725197
0.45730647 9.79019 0.45012367 8.188914 -7.8726544 4.55252
0.45730647 9.761458 0.43096948 6.473915 -3.4626548 3.08252
0.40223816 9.732727 0.5219519 2.133915 2.697345 1.2625201
0.18914771 9.62259 0.42618093 -0.351085 5.217345 -0.31248
0.07422252 9.751882 0.4644893 0.138915 5.287345 -0.90748006
0.37829542 9.737515 0.4285752 1.643915 3.117345 0.59752005
0.26337022 9.672871 0.17957062 3.1139147 0.492345 1.29752
0.105348095 9.70639 0.38787252 1.608915 1.437345 -1.15248
0.2753416 9.725544 0.5123748 -1.016085 3.047345 -0.90748006
0.43575802 9.905115 0.36871833 0.698915 2.662345 2.4525201
0.44054657 9.941029 0.22985038 4.303915 0.98234504 3.57252
0.4285752 9.96976 0.18914771 5.388915 -0.172655 2.5575202
0.44772938 9.98652 0.2944958 3.988915 -0.067655 2.3825197
0.6249057 9.979338 0.2657645 3.428915 -0.55765504 2.5575202
0.6392714 9.984126 0.12929083 4.408915 -2.587655 2.5225198
0.5411061 9.876384 0.026337024 4.4789147 -3.007655 0.91252
0.31843856 9.787795 0.14605077 1.7489151 -0.837655 -1.25748
0.30886146 9.759064 0.4166038 -1.7160851 0.9473451 -2.48248
0.4932206 9.727939 0.29210153 -1.926085 0.737345 -0.52248
