2.54 10.21 -0.04 13.178029 11.459155 -20.053522
1.49 9.59 -1.37 7.448451 1.1459155 -19.480566
0.24 9.139999 -2.1299999 -21.772396 -31.51268 3.4377468
0.85999995 8.87 -0.94 -26.929016 -26.929016 9.167324
1.06 8.559999 0.48 -7.448451 -7.448451 5.7295775
1.62 8.88 0.71999997 16.615776 -8.021409 -2.291831
2.04 8.62 -0.11 29.793804 -13.750987 -8.021409
2.37 7.96 -1.54 29.793804 -17.761692 -10.31324
2.1599998 6.62 -3.6 18.334648 -22.91831 -9.740283
1.43 6.0899997 -4.29 6.8754935 -30.939718 -5.15662
1.54 5.91 -4.73 -2.8647888 -46.40958 3.4377468
2.12 5.15 -5.47 -21.772396 -57.868736 8.594366
2.32 4.11 -5.2 -38.961132 -63.02536 15.469859
2.6599998 3.54 -4.0099998 -46.40958 -77.349304 29.220846
2.9099998 3.03 -2.8899999 -47.555496 -87.089584 37.815212
3.26 2.11 -2.25 -53.285076 -96.829865 49.84733
3.3 1.1 -2.06 -57.29578 -103.1324 66.463104
2.29 1.39 -0.65 -37.242256 -109.43494 85.94367
3.53 2.28 0.55 -5.7295775 -123.18592 97.97578
7.2 2.49 -2.46 -8.594366 -128.34254 91.10028
4.37 3.02 -1.93 -37.815212 -127.76959 112.29972
5.3599997 4.71 0.47 -48.701412 -134.07211 146.10423
8.809999 6.25 1.5799999 -53.285076 -127.76959 152.97972
10.71 7.12 1.87 -62.4524 -123.18592 148.96902
10.5 10.03 4.47 -66.463104 -126.05072 150.11493
11.759999 12.69 6.97 -59.014652 -103.1324 124.33183
11.79 12.92 6.48 -67.60902 -86.516624 114.59156
10.16 13.63 7.47 -64.17127 -89.38142 107.716064
10.67 15.54 9.29 -49.27437 -75.057465 84.22479
9.94 16.22 8.74 -46.98254 -50.420284 67.03606
8.429999 16.17 7.72 -28.64789 -42.398876 53.858032
8.929999 17.49 7.1 -1.1459155 -40.680004 40.107044
9.23 18.56 3.4199998 -4.0107045 -29.220846 20.053522
9.349999 19.13 1.25 -27.501974 -21.199438 -2.291831
9.17 19.27 0.83 -34.950428 -15.469859 -20.62648
9.929999 18.98 -0.03 -30.366762 -21.772396 -34.377464
10.73 18.25 -2.22 -38.961132 -26.929016 -64.17127
10.78 17.43 -2.9299998 -38.38817 -37.242256 -75.057465
11.0199995 17.14 -2.53 -29.793804 -46.98254 -88.80846
12.15 16.02 -3.9199998 -37.815212 -59.014652 -108.86198
11.8 14.0 -4.24 -46.40958 -71.61973 -116.31043
10.69 12.46 -2.74 -40.680004 -79.06818 -114.59156
9.26 9.8 -1.5 -34.377464 -72.19268 -105.42423
10.04 8.62 -1.37 -50.993244 -68.18198 -97.97578
10.219999 7.37 0.26 -60.733524 -71.61973 -102.55944
8.99 6.2799997 2.12 -53.858032 -73.33859 -108.289024
7.6099997 4.8599997 3.4199998 -38.961132 -67.60902 -100.26762
6.22 3.59 3.8999999 -22.91831 -52.712116 -85.37071
4.6 3.3 4.33 1.1459155 -59.014652 -50.420284
4.5099998 3.08 4.8399997 22.345354 -103.1324 -42.971836
5.6299996 3.3899999 4.97 49.27437 -118.029305 -53.858032
6.2799997 2.9399998 4.29 72.19268 -93.96508 -68.18198
5.6099997 2.3899999 3.27 84.22479 -62.4524 -71.04677
3.4499998 2.51 2.6599998 79.641136 -56.72282 -55.576904
1.54 3.5 0.62 30.939718 -66.463104 -49.27437
1.3199999 4.08 0.64 -11.459155 -62.4524 -43.544792
1.62 4.27 1.48 -45.263664 -56.14986 -40.680004
0.97999996 4.6 2.53 -60.733524 -37.815212 -39.53409
0.51 5.0499997 3.52 -59.58761 -20.053522 -37.242256
0.29999998 5.16 3.33 -50.420284 0.57295775 -35.523384
0.03 5.33 3.26 -42.398876 -5.15662 -33.80451
-0.32 6.0899997 3.6299999 -28.07493 -2.291831 -30.366762
-0.17999999 6.47 3.1399999 -18.334648 9.740283 -25.7831
-0.37 6.91 2.1499999 -20.62648 10.886198 -17.761692
-0.31 7.16 1.36 -27.501974 10.31324 -9.740283
-0.29999998 7.5099998 1.27 -28.07493 3.4377468 -2.8647888
0.19 8.5199995 2.2 -17.761692 4.0107045 -2.291831
0.65 8.59 2.4099998 -3.4377468 9.167324 -2.291831
-0.06 8.71 2.09 9.167324 8.021409 1.7188734
-0.19 8.63 1.6899999 18.334648 -1.1459155 9.740283
0.41 8.73 1.5 24.064226 -5.15662 11.459155
0.47 9.04 1.03 21.199438 0.57295775 16.615776
0.51 9.44 0.78999996 18.334648 -4.583662 18.907606
1.14 9.76 0.75 17.188732 -5.15662 12.032113
1.37 9.75 0.84999996 17.188732 2.291831 6.8754935
1.01 9.96 0.65999997 14.323945 4.0107045 9.740283
1.4699999 10.179999 0.31 9.740283 6.3025355 6.3025355
1.27 9.94 -0.03 0.0 8.594366 -2.8647888
1.02 9.95 0.42 -3.4377468 4.0107045 0.0
1.37 9.79 0.45999998 -3.4377468 7.448451 -1.7188734
1.12 9.75 0.58 -2.8647888 9.740283 -4.583662
0.76 9.66 0.37 -2.8647888 6.3025355 -1.1459155
1.02 9.66 0.47 -1.1459155 0.0 2.8647888
1.4699999 9.78 0.58 2.8647888 2.291831 -1.1459155
1.25 9.809999 0.66999996 5.7295775 2.291831 -1.7188734
1.17 9.809999 0.45999998 3.4377468 2.291831 -2.291831
1.23 9.75 0.14 0.0 5.15662 -2.8647888
1.13 9.8 0.22999999 -2.8647888 5.15662 -2.291831
1.13 9.69 0.22 -5.7295775 4.583662 -2.8647888
1.23 9.67 0.52 -5.15662 5.15662 -5.15662
1.06 9.62 0.56 -2.8647888 6.3025355 -4.583662
0.77 9.53 0.65 -1.1459155 5.7295775 -1.7188734
0.77 9.54 0.59999996 2.291831 1.7188734 0.57295775
1.04 9.429999 0.42999998 2.8647888 1.1459155 -1.1459155
1.27 9.33 0.51 -6.3025355 8.594366 -2.8647888
1.01 9.19 0.57 -15.469859 13.178029 -2.291831
0.47 9.16 0.87 -17.761692 9.167324 1.7188734
0.66999996 9.099999 1.42 -9.740283 6.3025355 4.0107045
0.93 9.15 1.51 1.1459155 4.0107045 2.291831
0.90999997 9.29 1.31 12.032113 6.3025355 1.7188734
0.84 9.66 0.17 16.042818 6.3025355 4.0107045
0.87 9.679999 -0.34 9.740283 0.57295775 4.583662
1.11 9.75 -0.24 1.1459155 -2.291831 4.583662
1.24 9.88 0.17 -3.4377468 0.0 5.15662
1.4699999 10.03 0.35999998 -5.7295775 4.583662 3.4377468
1.4499999 9.91 0.32999998 -5.7295775 1.1459155 0.57295775
1.26 9.84 0.65 -0.57295775 -1.7188734 1.1459155
1.05 9.889999 0.81 4.583662 -5.15662 3.4377468
1.39 9.98 0.65 5.15662 -6.3025355 0.57295775
1.49 9.92 0.64 3.4377468 -2.291831 -0.57295775
1.4499999 9.91 0.63 1.1459155 2.8647888 -1.1459155
1.1899999 9.7 0.69 1.1459155 1.1459155 -1.1459155
1.27 9.57 0.48999998 2.291831 2.291831 -1.7188734
1.14 9.51 0.29 0.0 0.57295775 -2.291831
0.91999996 9.4 0.51 -1.1459155 -0.57295775 -1.7188734
1.09 9.469999 0.87 0.57295775 -1.1459155 0.0
1.1999999 9.53 0.84999996 2.8647888 0.0 0.0
1.1899999 9.46 0.63 0.0 5.15662 0.0
0.84999996 9.37 0.62 -4.0107045 5.7295775 3.4377468
0.97999996 9.33 0.96999997 -4.0107045 5.7295775 5.7295775
1.05 9.639999 1.3399999 1.7188734 5.7295775 6.3025355
1.13 9.61 0.94 4.583662 3.4377468 5.15662
1.27 9.849999 0.79999995 6.8754935 2.291831 0.0
1.1999999 9.78 0.38 7.448451 4.583662 0.0
