-0.7326481 9.466963 -0.6560313 3.8491254 -1.46832 -7.2288647
-0.5147691 9.680053 -1.010384 7.3841243 -4.82832 -2.048865
-0.45012367 9.727939 -1.0750294 6.9291253 -5.9833198 1.1711351
-0.38068968 9.665688 -0.5698374 1.609125 -5.0733204 0.99613494
-0.29210153 9.725544 -0.37350687 -3.8858747 -3.2883198 1.346135
-0.17957062 9.672871 -0.3519584 -4.970875 -2.16832 2.361135
-0.34477556 9.701602 0.11492519 -4.865875 -0.97832 1.486135
-0.2944958 9.70639 0.12929083 -3.395875 -0.103319995 -0.998865
-0.08858817 9.407105 -0.38547826 3.919125 -2.13332 -2.118865
-0.89067024 9.304152 -0.7015225 11.934125 -2.7633202 -3.658865
-1.0008069 9.155706 -0.600963 14.384126 -1.53832 -6.983865
-0.7398309 8.945011 -0.7039168 13.579124 -4.68832 -6.248865
-0.38787252 8.415876 -1.0534809 13.404125 -2.90332 -1.908865
-0.3974496 7.814913 -1.3383996 13.684125 1.6466801 0.64613503
-0.22745611 7.1971903 -1.5395187 12.284125 6.7916803 1.3811351
0.70870537 5.94259 -1.6879637 9.974125 10.81668 1.9761351
0.8475733 4.685596 -1.8819 8.434125 13.7566805 1.9061351
0.14605077 3.2298768 -2.2721667 8.924126 26.041681 -3.308865
-0.14365649 2.466103 -2.865947 13.299126 37.731678 -6.3188653
0.016759925 2.1835787 -3.2274826 26.914127 20.686682 -2.4688652
-0.06464542 2.1620302 -4.070267 41.404125 0.63168 -2.4338648
0.19154198 2.0686533 -4.932206 51.729126 -0.83831996 -1.873865
0.26097596 2.291321 -4.846012 49.139126 15.89168 2.746135
0.56744313 2.719896 -4.453351 6.404125 45.78168 34.876133
1.472479 3.7638 -3.529161 -14.280875 33.77668 59.551136
3.014392 4.4916596 -2.4804688 -25.375875 16.80168 84.29614
4.582642 4.558699 -2.1979442 -21.630877 -4.5833197 101.131134
4.908263 5.1093826 -2.2721667 -14.035874 -26.00332 109.49613
5.3512044 6.4860907 -0.8356019 -20.755877 -39.96832 113.20614
5.540352 7.9489923 0.5219519 -33.285873 -40.948322 123.77613
6.1820173 8.91149 0.34477556 -31.325876 -27.613321 139.21114
7.2714124 8.875577 0.25379312 -26.215876 -28.27832 158.67114
7.9322324 9.229929 0.86193895 -28.175875 -45.39332 169.13614
8.097438 10.546781 2.3583608 -35.70088 -57.74832 171.72614
7.7957587 11.851661 2.5714512 -36.26087 -51.623318 182.33113
8.250671 13.144568 1.5826156 -27.125874 -38.49832 195.38614
11.049579 15.292233 0.1699935 -21.035875 -34.47332 206.62114
12.907536 16.518103 -0.09577099 -29.610874 -35.10332 211.62614
12.009683 16.855694 -0.8475733 -52.675877 -28.20832 194.23114
11.358439 17.521303 -1.7262721 -82.18088 -15.67832 163.67613
10.843671 18.325779 -0.9696813 -121.80088 -17.53332 137.14615
11.8301115 19.187717 0.53871185 -163.24088 -34.508324 109.531136
14.059181 19.187717 1.4078336 -196.87589 -35.45332 85.241135
15.783059 18.028889 1.6688095 -215.21587 -25.75832 56.226135
14.116644 17.178923 3.0646718 -220.95587 -24.078321 10.9011345
13.063164 15.371244 4.0750556 -215.35588 -16.93832 -43.698868
12.981758 14.406351 3.790137 -191.38087 -1.32832 -77.47387
13.3959675 14.169318 3.318465 -147.70088 8.71668 -98.19386
12.514874 14.267484 3.8212626 -102.65587 4.13168 -117.58386
12.665713 13.977777 4.087027 -70.24588 -1.57332 -135.01387
12.536423 12.888381 2.7127132 -40.880875 -6.50832 -144.46387
12.466989 11.482942 0.7829279 -9.555875 -14.83832 -156.92387
13.245129 9.98652 0.7853221 4.3041253 -17.813322 -167.17888
11.573924 8.411087 2.6169424 -11.305876 -15.958321 -174.49387
8.379962 6.8859344 4.577853 -36.610874 -15.748322 -190.10388
6.25624 5.4254265 4.925023 -46.515873 -12.458321 -201.44386
4.486871 5.0184 5.190788 -37.45088 -11.6183195 -189.19386
4.9609375 3.502824 4.982486 -20.125875 -12.77332 -160.77386
4.8292522 3.0024207 4.355186 -0.035875 -14.94332 -122.48387
5.5619006 2.7246847 3.9266107 20.194126 -11.51332 -92.663864
6.1820173 2.7127132 4.9346004 40.004124 0.98168004 -67.84887
5.803722 2.7582045 5.5331693 47.389122 12.07668 -77.22887
4.1780095 2.8946784 5.5619006 65.55413 19.111681 -92.76887
2.8803127 2.5283542 3.294522 90.15913 28.87668 -97.45887
1.6400782 2.1883671 1.1420691 98.55913 40.356678 -93.468864
-0.44772938 2.5642684 0.45251793 79.729126 43.051678 -85.48886
-2.2530127 3.4238129 1.8268317 46.864124 24.57168 -79.92386
-1.472479 3.3400133 2.7941186 17.184124 -10.00832 -65.468864
-0.66321415 3.2250881 3.8523881 0.699125 -17.07832 -44.538864
-1.2354459 3.6800003 3.6536634 0.804125 5.91668 -31.483866
-1.4700848 4.249838 2.9521408 14.524126 26.916681 -27.598866
-2.0399222 4.869955 2.3894863 28.629124 27.26668 -29.033863
-3.1939626 5.777385 1.063058 38.429127 23.31168 -34.703865
-3.2370596 6.246663 0.3998439 39.654125 25.37668 -30.993866
-2.3823035 6.7207294 0.6201172 28.489126 31.32668 -15.243866
-1.8459859 7.450983 1.0295382 17.324125 32.27168 -3.448865
-2.2099156 7.9681463 0.7446195 19.879124 18.76168 -4.393865
-2.1213274 8.097438 -0.0023942748 33.354122 -4.16332 -9.573865
-1.3791022 8.482916 -0.36632404 39.339127 -21.31332 -7.753865
-1.1947432 8.8085375 -0.47167215 29.434126 -13.82332 0.15613501
-1.8795058 9.014444 -0.4070267 13.824125 5.7416797 2.641135
-1.6281068 9.253872 0.48124924 2.554125 11.97168 -0.193865
-0.90503585 9.431048 0.45491222 0.279125 2.4516802 2.641135
-0.91700727 9.591465 -0.15802214 6.964125 -6.82332 8.871135
-0.7302538 9.866806 -0.46927786 11.584125 -5.24832 9.991135
-0.25139886 9.953 -0.26097596 7.314125 1.5066801 9.676135
-0.6177229 10.017646 0.05027977 0.314125 2.2416801 8.276135
-0.92658436 9.862018 0.0670397 -1.680875 -3.42832 1.801135
-0.8332076 9.692024 0.17238778 -0.665875 -8.78332 -1.2788651
-0.4740664 9.732727 0.44054657 -0.455875 -8.3283205 1.731135
-0.2561874 9.665688 0.37590113 -0.140875 -4.3383203 5.336135
-0.6895511 9.8237095 0.08858817 3.009125 -3.7783198 4.636135
-0.86912173 9.821315 0.3902668 4.584125 -4.5483203 -0.438865
-0.5123748 9.72315 0.7015225 1.2241249 -0.41832 -2.083865
-0.27055305 9.945818 0.51716334 -0.87587494 1.82168 2.571135
-0.14605077 10.194822 -0.16041641 2.029125 5.7416797 7.1911354
-0.28970724 10.170879 -0.22745611 6.789125 7.24668 5.5111356
-0.1340794 10.000886 -0.028731298 1.399125 -1.6783199 -3.973865
-0.057462595 9.893144 -0.16281068 -3.710875 0.10668 -5.478865
-0.6392714 10.005674 -0.06943397 -8.890875 7.9116807 -8.558865
-0.8236305 9.838076 0.27294734 -12.635876 10.641681 -10.238865
-0.82123625 9.732727 0.70631105 -11.550876 7.28168 -7.1938653
-0.6751855 9.735122 0.38787252 -4.515875 3.5016801 -2.398865
-0.5650489 9.73991 -0.29928434 2.764125 1.5766801 0.751135
-0.7350424 9.802161 -0.26097596 2.099125 4.6216803 0.436135
-0.66800267 9.749487 0.44772938 -3.5708752 6.5116806 0.121135004
-0.46209505 9.627379 0.43575802 -2.590875 1.82168 0.891135
-0.24421602 9.8237095 -0.17957062 4.0941253 -2.51832 1.4161351
-0.06464542 10.132571 -0.2849187 4.6891246 0.98168004 0.71613497
-0.25858167 10.00328 -0.19633053 -1.9608749 7.6316805 -2.6788652
-0.8739103 9.636956 0.14844504 -8.715875 11.16668 -6.563865
-1.211503 9.447808 0.49082634 -10.955875 8.96168 -7.6138644
-1.1061549 9.402317 0.42618093 -6.895875 3.43168 -4.393865
-0.9624985 9.569917 0.2083019 -0.49087498 1.5066801 1.206135
-0.6392714 9.735122 -0.090982445 4.3041253 0.84168 5.791135
-0.42139238 9.783007 -0.15562786 6.019125 -1.43332 7.681135
-0.45251793 9.838076 -0.1987248 5.5291247 -4.79332 6.246135
-0.6081458 9.80695 0.023942748 2.624125 -3.7433202 3.761135
-0.5506832 9.763853 0.15323359 -0.91087496 -0.59332 3.0261352
-0.5698374 9.79019 0.14844504 -1.400875 -1.3983201 2.571135
-0.42378664 9.785401 -0.071828246 0.174125 -2.23832 2.501135
-0.5458947 9.845258 0.20111908 -8.75E-4 -0.9433201 3.3761349
-0.49800915 9.797373 0.4740664 -2.2408752 1.01668 3.131135
-0.16281068 9.93624 0.27055305 -0.840875 -0.17332 2.466135
-0.34716985 9.897932 -0.12210801 4.4441247 -3.3933198 1.731135
-0.5554718 9.77343 -0.2777359 7.489125 -4.4433203 -1.593865
-0.8284191 9.60583 -0.16759923 3.7441254 -2.23832 -3.623865
-0.8475733 9.61062 0.20351335 -3.255875 2.7316802 -3.658865
-0.5411061 9.694419 0.45970076 -7.7708745 5.1816797 -1.733865
