1.43 9.36 3.25 17.761692 14.896902 -20.053522
1.52 9.45 2.3799999 12.032113 10.886198 -22.91831
0.76 8.97 1.14 1.7188734 0.0 -14.323945
0.89 8.53 1.61 0.0 -5.15662 -12.605071
0.57 8.48 2.6 8.594366 10.31324 -9.740283
1.0799999 8.349999 1.9 10.886198 15.469859 -12.032113
0.91999996 7.85 1.4 10.886198 15.469859 -16.615776
0.38 6.77 1.22 16.615776 8.594366 -13.750987
0.07 5.8199997 0.31 21.772396 5.7295775 -6.8754935
-0.35999998 5.24 -0.38 27.501974 4.0107045 5.7295775
-0.06 4.8599997 -0.84999996 48.128452 -10.31324 25.210142
0.22999999 4.31 -2.53 50.420284 -30.366762 36.669296
1.0 4.31 -4.2599998 34.950428 -44.69071 41.825916
1.8399999 4.0 -5.2999997 8.021409 -45.83662 45.263664
2.6799998 3.1699998 -5.44 -14.896902 -50.420284 44.69071
2.47 2.26 -4.49 -23.49127 -71.04677 58.441692
2.26 0.94 -1.68 -13.750987 -88.2355 77.349304
3.54 0.75 -1.6899999 -7.448451 -97.97578 93.39212
4.47 0.0 -2.44 -17.761692 -96.256905 101.41353
2.79 0.81 -1.14 -35.523384 -96.829865 123.75887
4.5099998 2.56 1.99 -17.761692 -111.72677 148.96902
8.849999 3.26 1.4499999 16.042818 -119.17522 147.8231
9.37 4.2999997 -1.3399999 -16.615776 -108.289024 154.12566
9.25 6.67 -1.1899999 -55.576904 -96.829865 154.69861
10.44 8.28 0.93 -75.630424 -99.1217 151.8338
11.87 8.83 1.4499999 -102.55944 -101.41353 146.10423
12.2 10.639999 3.01 -133.49916 -76.77634 125.47776
12.86 13.969999 9.0199995 -124.9048 -55.576904 104.27831
12.799999 13.179999 9.469999 -95.11099 -41.25296 81.36001
11.719999 13.049999 9.82 -45.83662 -53.285076 68.18198
9.349999 15.13 9.21 -2.8647888 -57.868736 67.03606
10.05 17.21 4.99 -14.323945 -36.09634 59.58761
11.759999 17.609999 2.53 -62.4524 -9.167324 5.7295775
11.37 16.52 3.82 -49.27437 -15.469859 -13.178029
9.62 15.75 4.4 -29.793804 -20.62648 -16.615776
9.99 15.719999 2.57 -32.085636 -17.761692 -26.356058
11.09 15.86 0.48 -42.971836 -8.594366 -41.825916
11.65 16.18 0.28 -23.49127 -28.64789 -68.18198
13.71 15.7 -1.91 -17.188732 -37.242256 -90.52733
13.0199995 14.21 -3.1499999 -20.62648 -37.815212 -107.716064
11.78 13.45 -2.05 -9.167324 -53.858032 -110.58085
12.28 13.09 -1.54 12.605071 -75.630424 -111.15381
13.59 12.309999 -2.97 15.469859 -89.38142 -121.46705
13.679999 11.32 -3.3 -2.8647888 -95.68395 -142.09354
12.32 10.34 -2.28 -12.605071 -108.289024 -142.66649
12.57 9.15 -1.9399999 -36.669296 -103.70536 -149.54198
12.17 7.45 -1.13 -60.160564 -94.53803 -154.12566
10.82 5.8399997 1.3299999 -58.441692 -89.95437 -153.55267
8.62 4.81 4.64 -17.761692 -107.143105 -128.34254
6.52 2.6699998 2.52 -29.793804 -107.143105 -110.58085
5.12 2.48 1.5699999 -74.48451 -88.2355 -93.96508
5.44 1.9499999 3.03 -116.883385 -66.463104 -88.2355
5.02 1.5999999 5.25 -132.35324 -34.377464 -84.22479
4.69 0.95 6.43 -121.46705 -11.459155 -88.80846
2.84 0.77 7.1499996 -64.17127 -18.907606 -86.516624
1.35 0.56 7.08 -22.345354 -34.377464 -75.630424
1.16 0.65999997 5.99 -2.8647888 -29.793804 -69.900856
-0.17 1.23 4.33 -8.021409 -21.199438 -57.868736
-0.87 1.9 3.49 -20.053522 -17.761692 -43.544792
-1.43 3.03 3.85 -19.480566 -16.615776 -22.345354
-0.53999996 4.5299997 3.6599998 -20.053522 -13.178029 -18.907606
-0.35 5.3199997 3.8999999 -17.761692 -10.886198 -16.042818
-0.31 6.15 3.98 -10.886198 -12.032113 -15.469859
-0.48 6.66 3.73 -6.3025355 -13.178029 -14.896902
-0.32 6.99 3.6399999 -3.4377468 -13.178029 -12.605071
0.0 7.2999997 2.8899999 -16.042818 -1.7188734 -13.750987
-0.24 7.1299996 2.1699998 -28.64789 2.8647888 -12.605071
-1.14 7.2999997 2.9199998 -24.637184 -9.167324 -3.4377468
-1.1899999 7.5899997 4.19 -9.740283 -23.49127 4.0107045
0.17 7.4199996 4.4 -5.15662 -17.188732 0.57295775
0.37 7.69 4.02 -11.459155 -4.583662 0.0
0.0 8.83 5.16 0.0 -5.7295775 8.594366
0.65999997 8.51 4.02 9.167324 -2.291831 4.0107045
-0.35 8.59 3.36 9.167324 -5.7295775 5.15662
-0.48 9.04 3.75 12.605071 -15.469859 13.750987
0.75 9.44 3.52 12.605071 -9.740283 14.896902
1.31 9.719999 2.61 -8.021409 5.15662 5.7295775
1.13 9.889999 2.9399998 -13.750987 5.15662 0.57295775
0.87 9.63 3.81 -4.0107045 2.291831 0.0
0.28 9.38 4.18 9.740283 -1.7188734 5.15662
0.13 9.51 3.79 13.750987 -3.4377468 9.167324
0.38 9.59 3.1799998 10.31324 0.0 11.459155
1.48 10.3 3.03 8.021409 4.0107045 7.448451
1.62 10.21 2.75 8.021409 0.57295775 -0.57295775
0.82 9.889999 2.55 7.448451 -2.8647888 -2.8647888
0.65999997 9.73 2.87 7.448451 -8.594366 -1.1459155
0.9 9.42 2.84 7.448451 -5.7295775 -2.291831
0.78999996 9.09 2.55 -1.7188734 0.0 -4.0107045
0.25 8.929999 3.1999998 2.291831 -2.291831 0.0
0.38 8.9 3.74 12.032113 -0.57295775 2.291831
0.63 9.03 3.26 14.896902 -2.291831 2.291831
0.59999996 8.98 2.34 6.8754935 -2.8647888 2.291831
0.59 9.04 2.18 -0.57295775 -0.57295775 2.8647888
0.82 9.389999 3.12 2.291831 -4.0107045 1.1459155
1.12 9.22 2.9199998 3.4377468 -1.1459155 -1.1459155
0.65999997 9.15 2.57 -0.57295775 2.291831 -2.291831
0.26999998 9.01 2.72 -4.583662 2.291831 -1.1459155
0.26 8.96 3.21 -1.1459155 1.1459155 2.291831
0.44 9.01 3.1899998 5.15662 -1.1459155 4.0107045
0.62 9.16 2.74 1.1459155 0.0 4.583662
1.05 9.34 2.76 0.0 0.57295775 1.7188734
1.01 9.5 2.98 2.8647888 0.57295775 0.57295775
0.84999996 9.48 2.99 4.583662 -1.1459155 0.0
0.9 9.28 2.79 1.1459155 1.1459155 -1.1459155
0.31 9.12 2.49 -7.448451 5.15662 1.7188734
0.5 9.309999 2.79 -11.459155 4.583662 4.0107045
1.05 9.45 3.09 -11.459155 5.7295775 3.4377468
1.3 9.54 3.1899998 -9.167324 5.7295775 -1.1459155
0.89 9.37 3.1499999 -6.3025355 4.0107045 -4.583662
0.45999998 9.04 3.36 3.4377468 -2.291831 -0.57295775
0.29999998 8.929999 3.6499999 10.31324 -4.0107045 2.8647888
0.41 8.95 3.35 9.740283 -0.57295775 4.0107045
0.75 9.17 2.9299998 1.7188734 4.583662 2.291831
0.79999995 9.29 2.78 -2.8647888 5.7295775 1.1459155
1.12 9.15 3.1399999 2.291831 2.291831 -0.57295775
0.22999999 9.04 2.98 9.740283 -3.4377468 1.7188734
0.41 9.05 2.73 5.7295775 -1.7188734 5.15662
0.74 9.23 2.86 0.0 3.4377468 6.8754935
0.96999997 9.2699995 2.99 -0.57295775 6.8754935 5.7295775
0.9 9.21 3.1299999 3.4377468 2.8647888 4.0107045
0.76 8.929999 3.08 15.469859 -2.8647888 5.7295775
0.45999998 8.94 2.87 16.615776 -8.021409 9.167324
0.42 9.2 2.3999999 8.021409 -7.448451 12.605071
0.96999997 9.4 2.6599998 4.583662 -1.7188734 10.886198
1.3399999 9.61 3.33 10.886198 1.7188734 7.448451
1.55 9.45 2.9099998 14.896902 1.1459155 2.8647888
0.75 9.179999 1.81 5.15662 -3.4377468 4.583662
0.9 9.22 2.19 -1.1459155 -2.291831 5.15662
1.04 9.26 2.57 -2.8647888 -1.7188734 5.7295775
1.26 9.28 2.96 -1.1459155 -1.7188734 4.0107045
1.12 9.3 3.08 2.8647888 0.0 2.8647888
1.0 9.179999 2.69 4.0107045 -1.7188734 3.4377468
0.88 9.26 2.49 1.7188734 -1.7188734 5.7295775
1.06 9.429999 2.44 -0.57295775 -1.1459155 5.15662
1.4399999 9.45 2.6599998 0.57295775 -1.1459155 1.1459155
1.39 9.42 2.85 1.7188734 -0.57295775 0.0
1.0699999 9.24 2.6399999 1.1459155 0.57295775 1.1459155
1.0 9.3 2.5 1.1459155 0.0 4.583662
1.15 9.44 2.3899999 0.57295775 -1.1459155 5.15662
1.25 9.469999 2.09 -2.8647888 -1.1459155 5.7295775
1.26 9.55 2.21 -6.3025355 -3.4377468 5.7295775
1.4499999 9.599999 2.62 -6.3025355 -5.7295775 5.15662
1.91 9.5 3.01 -3.4377468 0.0 -2.291831
1.51 9.34 3.12 -0.57295775 1.7188734 -2.8647888
1.04 9.179999 3.01 2.291831 0.0 0.0
0.93 9.08 3.02 7.448451 -2.291831 2.291831
1.06 9.099999 2.81 9.740283 -5.15662 3.4377468
1.27 9.22 2.19 3.4377468 -5.7295775 1.7188734
1.56 9.37 2.55 -6.3025355 0.57295775 -2.8647888
1.1899999 9.179999 2.87 -8.021409 4.583662 -3.4377468
0.74 8.94 2.96 -4.583662 1.1459155 0.0
0.72999996 8.99 3.31 1.1459155 -4.0107045 4.583662
1.29 9.179999 3.24 8.594366 -4.583662 5.7295775
1.5999999 9.3 2.69 6.8754935 -1.7188734 2.291831
1.49 9.23 2.53 2.291831 -0.57295775 -0.57295775
1.18 9.04 2.6399999 2.291831 -0.57295775 0.57295775
0.91999996 9.05 2.56 0.0 0.0 3.4377468
1.0 9.05 2.37 -2.291831 -1.1459155 4.583662
1.18 9.139999 2.78 0.57295775 -2.8647888 4.583662
1.51 9.25 2.95 2.291831 0.57295775 2.291831
1.3 9.38 2.32 -0.57295775 -1.1459155 1.7188734
1.26 9.25 2.6599998 -2.291831 -2.8647888 2.8647888
1.38 9.2699995 2.79 -0.57295775 -2.291831 2.8647888
1.36 9.32 2.81 -1.1459155 -1.7188734 2.291831
1.49 9.389999 3.05 0.0 -1.1459155 1.1459155
1.61 9.32 2.99 2.8647888 0.57295775 0.0
1.22 9.24 2.61 1.1459155 -1.7188734 1.1459155
1.17 9.179999 2.71 1.1459155 -2.8647888 3.4377468
1.3199999 9.29 3.1299999 4.583662 -1.7188734 3.4377468
1.5899999 9.44 2.8899999 4.583662 0.0 1.1459155
1.54 9.42 2.47 -1.1459155 1.1459155 0.0
1.4499999 9.37 2.82 0.0 0.0 0.57295775
1.5799999 9.3 2.5 0.0 -0.57295775 -0.57295775
1.36 9.139999 2.3999999 -2.8647888 0.0 -1.1459155
1.17 9.059999 2.85 -4.0107045 0.0 0.0
1.3199999 9.139999 3.24 0.0 1.7188734 1.1459155
1.42 9.19 2.99 3.4377468 0.57295775 1.1459155
