1.1564348 9.905115 -0.42618093 8.221954 -15.323876 -11.240075
1.0199611 9.802161 -0.26337022 -2.243045 -14.623876 -6.340075
1.0534809 9.718362 -0.2370332 -3.713045 -4.963875 -1.825075
1.5036045 9.883567 -0.30886146 -1.5430449 -1.148875 2.129925
1.2138973 9.921875 -0.65842557 1.6769551 -1.7088751 2.934925
1.2641771 9.766247 -0.2753416 1.2219551 -0.48387504 -0.390075
1.1516461 9.725544 -0.2466103 0.13695501 -0.273875 -2.0350752
1.324034 9.857229 -0.66321415 2.796955 1.091125 -0.600075
1.3264283 9.804555 -0.6081458 3.1469553 2.0361252 -0.075075
1.1133378 9.694419 -0.40463245 0.521955 4.0661254 -2.0000749
1.0750294 9.584282 -0.6081458 0.731955 5.536125 -2.6300752
1.0774237 9.522031 -0.88588166 3.7769551 3.891125 -1.4050751
1.1181264 9.416683 -1.0582695 4.8269553 2.281125 -0.84507495
1.1109436 9.282603 -0.9792584 1.886955 2.176125 -1.195075
1.1444633 9.069513 -0.96489275 -1.683045 2.526125 -1.090075
1.132492 8.691217 -1.0271438 -3.433045 2.631125 -1.685075
0.92658436 7.937021 -1.2402344 -4.343045 2.456125 -3.225075
0.8571504 7.474926 -0.9720756 -5.008045 1.5111251 -4.905075
0.2561874 6.8284717 -0.8978531 -4.133045 0.356125 -6.445075
0.22027329 5.968927 -1.4605076 1.781955 0.636125 -8.370075
0.77574503 5.097411 -1.5730386 8.816956 -3.493875 -6.340075
0.68236834 4.1564612 -1.9178141 12.946955 -7.588875 -5.745075
0.7853221 3.6129606 -1.5443072 16.201956 -8.078876 -7.9150753
0.409421 3.2825508 -2.5594797 21.171955 -11.263875 -8.685076
0.27294734 4.0391417 -3.407053 29.816956 -8.953876 -5.150075
1.0822122 4.922629 -3.6009893 33.456955 -10.913875 6.294925
1.3695252 5.3895125 -3.799714 26.771954 -9.793875 14.169925
0.9289786 5.6576715 -3.7183087 12.386954 -1.218875 11.719925
0.6703969 6.100612 -2.7845416 -12.6030445 6.376125 7.6599255
0.90024734 6.8093176 -1.6065584 -37.348045 12.816125 17.424927
2.4589202 7.161276 -0.531529 -49.318043 -1.5688751 36.709923
4.932206 7.0894475 -0.3328042 -54.323044 -38.458878 61.734924
5.008823 6.778192 0.888276 -62.758045 -54.768875 82.83993
3.7494342 7.0966306 2.5211713 -78.92805 -36.49888 81.01992
5.008823 8.269825 2.803696 -77.10805 -19.313877 70.134926
7.127756 9.07909 1.1157321 -43.088047 -38.528873 74.719925
7.762239 8.921068 0.59378016 -5.848045 -67.85888 88.96492
6.361588 9.071907 2.8396099 -11.833046 -52.80888 90.99492
5.870762 9.390346 3.5267668 -39.938046 -11.228874 82.594925
6.002447 10.348056 2.2985039 -40.288044 -4.158875 82.734924
7.190007 11.32492 1.908237 -16.523045 -38.388878 91.869934
7.515629 11.98574 3.5219781 -13.723044 -63.098873 112.484924
8.279403 12.57952 2.7869358 -29.193045 -29.708874 139.25992
9.914692 13.989748 0.102953814 -11.833046 -38.948875 135.23492
10.125388 14.834927 0.45730647 -29.088045 -45.878876 117.62993
8.363202 15.143788 1.9465454 -65.208046 -29.673874 90.53993
8.391933 15.589124 2.49244 -80.60805 -17.493876 69.04993
9.086273 15.821368 2.1309047 -76.68805 -19.313877 56.029926
8.801354 15.950659 2.3344178 -71.12305 -16.548876 35.274925
8.269825 16.21403 2.3200524 -61.568043 -12.838875 10.039926
8.669669 16.249943 0.9577099 -42.388046 -15.533875 -10.470076
8.966559 16.226 -0.0023942748 -31.748045 -13.608875 -27.305077
8.801354 15.909956 0.057462595 -40.043045 -3.878875 -45.260075
8.296163 15.3784275 0.3519584 -48.408043 0.111125 -64.30008
7.9585695 14.894784 0.36392978 -49.983044 -1.6388751 -81.100075
8.614601 14.317763 0.818842 -48.86305 0.146125 -88.83508
8.755863 13.539624 1.647261 -45.783047 -1.743875 -92.33508
8.044764 12.682474 2.4780743 -38.538044 -6.923875 -101.71507
7.728719 12.107848 2.8180614 -28.108046 -7.2038746 -108.54008
7.56112 11.763072 3.0335462 -12.218045 -8.568875 -108.40008
7.266624 10.824516 3.3855045 6.296955 -18.648876 -105.42508
7.860404 10.113417 3.9002736 21.766954 -32.473873 -102.20507
7.491686 9.905115 3.459727 32.021954 -35.903877 -99.12508
6.0503325 9.438231 2.6145482 40.49196 -32.753876 -101.68008
4.582642 8.763046 3.2466366 39.546955 -31.143877 -107.84008
4.6305275 8.449396 3.7733772 29.711958 -31.283878 -106.65008
4.477294 7.9920893 3.3855045 26.176954 -33.033875 -95.94007
3.9266107 7.865193 2.710319 30.901955 -33.87387 -87.78507
2.935381 7.755056 2.595394 31.986958 -31.703876 -81.90508
2.885101 7.6975937 2.6504622 27.961956 -29.393877 -77.56508
3.6273263 7.3384523 1.908237 26.351954 -27.818876 -68.81508
2.9665065 7.2809896 1.7693691 30.026953 -34.993877 -60.555077
1.5754328 6.8476257 1.5730386 30.026953 -40.908875 -63.880074
1.0415095 6.0599093 0.9601042 28.416954 -44.828876 -69.55007
2.6983478 5.794145 0.46209505 25.966955 -47.208874 -60.240074
4.0798445 6.3113084 1.4557191 13.541955 -40.03388 -36.755074
2.4876516 6.246663 2.7246847 -11.483046 -28.098873 -26.535074
1.4126221 5.8827333 2.351178 -22.193045 -24.318876 -50.020073
0.27055305 5.7534423 1.8555629 4.7219553 -43.533875 -74.100075
-1.3192455 5.933013 2.1117504 5.841955 -29.673874 -64.02007
-1.359948 5.7797794 2.0183737 11.091956 -17.913876 -43.685078
-0.50998056 5.849213 1.7885233 23.341957 -25.648874 -20.270075
-0.5506832 6.2945485 1.4102279 33.491955 -35.728874 -8.895076
-0.7350424 6.316097 1.1348863 37.201958 -33.523872 -7.7400756
-0.45970076 6.1987777 0.4836435 36.08195 -25.578876 -5.640075
-1.0391153 6.304126 0.035914123 27.926956 -16.233873 -8.685076
-1.5826156 6.2179317 0.05985687 12.911955 -4.1938753 -16.665075
-2.3320236 6.193989 0.43575802 -2.4180448 7.181125 -21.180075
-2.6815877 6.265817 0.56265455 -8.263045 12.046125 -21.495077
-2.6121538 6.5220046 0.44772938 -2.7330449 2.526125 -18.835075
-2.4948344 6.9553685 0.29928434 4.966955 -12.873876 -15.195076
-2.152453 7.2426815 -0.028731298 9.446956 -18.018875 -9.910075
-2.1716073 7.47732 -0.11253092 7.7669554 -15.253875 -6.620075
-2.545114 7.7837873 -0.031125572 0.62695503 -7.6588755 -7.250075
-2.2410412 8.085466 0.14365649 -5.3580446 1.8261251 -5.745075
-1.7621863 8.346442 0.08858817 -4.413045 3.541125 0.90492505
-1.7957062 8.794171 -0.20351335 2.9019551 -2.793875 6.154925
-1.7717633 9.026416 -0.3615355 7.976956 -7.553875 5.6999254
-1.3671309 9.217958 -0.29928434 7.311955 -3.388875 7.3099256
-1.089395 9.6896305 -0.45012367 7.451956 0.18112502 12.594925
-0.7589851 10.015251 -0.6464542 9.796955 -0.868875 14.519925
-0.44054657 10.005674 -0.6368771 10.986956 -2.688875 13.644925
-0.4285752 9.866806 -0.679974 9.656955 -7.133875 10.4949255
-0.6656084 9.8237095 -0.52674043 5.4219546 -7.483875 4.2999253
-0.9433443 9.881172 -0.4740664 -1.928045 0.671125 -0.49507502
-1.0032011 9.866806 -0.45970076 -6.128045 7.846125 -0.63507503
-0.7398309 9.8787775 -0.4285752 -4.378045 4.311125 0.65992504
-0.6656084 9.783007 -0.3232271 -1.5080451 -2.863875 1.989925
-0.84996754 9.787795 -0.14365649 -1.5080451 -5.698875 1.0799251
-0.723071 9.797373 -0.11971374 -3.153045 -3.633875 -0.320075
-0.7302538 9.885961 -0.25379312 -3.1180449 0.216125 2.479925
-0.68715686 9.917087 -0.3615355 -0.038045 1.966125 5.034925
-0.61293435 9.926663 -0.3902668 2.866955 -0.20387499 4.789925
-0.53871185 9.885961 -0.4189981 3.4619553 -2.828875 3.319925
-0.6081458 9.799767 -0.3974496 2.446955 -2.618875 2.654925
-0.72785956 9.845258 -0.23224466 -0.28304502 0.42612502 1.569925
-0.7350424 9.840469 -0.41420954 -2.313045 1.931125 -0.110075004
-0.8284191 9.821315 -0.505192 0.171955 -0.063875005 -0.63507503
-0.7829279 9.730332 -0.14126222 -2.1730452 0.076124996 0.16992499
-0.79250497 9.727939 -0.16281068 -1.963045 -0.20387499 1.184925
-0.87630457 9.885961 -0.3423813 0.731955 0.146125 1.744925
-0.59378016 9.814133 -0.409421 2.026955 -0.868875 3.179925
-0.55307746 9.818921 -0.27294734 1.6769551 -2.793875 2.899925
-0.5985687 9.830893 -0.34956414 0.381955 -1.883875 1.324925
-0.70631105 9.792584 -0.18196489 -1.753045 1.0211251 -0.355075
-0.80208206 9.7135725 -0.04070267 -2.978045 2.0711248 -0.880075
-0.888276 9.684841 -0.22745611 -0.388045 0.146125 -0.21507502
-0.80687064 9.694419 -0.3519584 3.0069551 -1.4988751 1.534925
-0.8236305 9.6585045 -0.33759275 4.686955 -3.808875 2.969925
-0.7709565 9.668081 -0.30646718 5.3519554 -5.4538755 3.389925
-0.6368771 9.701602 -0.46209505 5.946955 -5.698875 4.5449247
-0.7541966 9.792584 -0.6273 5.841955 -3.458875 4.754925
-0.65363705 9.811738 -0.6081458 4.371955 -1.008875 4.5099254
-0.6344828 9.725544 -0.5243462 2.9019551 -2.0238752 4.019925
-0.61293435 9.73991 -0.5243462 2.6219552 -4.053875 2.654925
-0.69912827 9.708784 -0.54828894 2.236955 -4.508875 2.024925
-0.7541966 9.665688 -0.56744313 1.396955 -4.368875 1.639925
-0.6153286 9.720756 -0.28970724 -1.333045 -3.038875 1.989925
-0.55786604 9.79019 -0.15562786 -4.238045 -0.62387496 3.214925
-0.67279124 9.838076 -0.30886146 -3.1180449 -1.358875 3.4599252
-0.7039168 9.850046 -0.2370332 -0.63304496 -2.688875 2.794925
-0.57223165 9.859624 -0.27294734 0.031955 -2.618875 3.4599252
-0.48843205 9.895537 -0.43815228 0.591955 -1.533875 4.824925
-0.5506832 9.754275 -0.339987 0.346955 0.601125 4.194925
-0.7637737 9.778218 -0.047885496 -1.9980451 2.4911249 2.2349253
-0.4740664 9.866806 -0.29928434 -1.8230449 1.8261251 2.654925
