2.1285102 9.775824 1.0319325 -2.745435 -12.55513 -1.809185
2.1716073 9.794978 1.1468576 -2.8504353 -13.08013 0.81581503
2.1572416 9.771035 1.2306572 -2.4304352 -9.335131 0.325815
2.047105 9.73991 1.3168511 -1.2054352 -6.60513 -0.23418501
2.17879 9.632168 1.3000913 -1.415435 -1.7051301 -0.12918499
2.1740015 9.670476 1.3407938 -1.2054352 -0.72512996 0.220815
2.205127 9.763853 1.297697 0.754565 -1.46013 0.430815
2.281744 9.72315 1.1684061 2.504565 -0.72512996 0.15081501
2.3152637 9.715967 1.2426286 2.434565 0.00987 -1.039185
2.0973847 9.727939 1.3192455 2.084565 1.0948701 -3.139185
2.0447106 9.725544 1.2713599 3.589565 1.7248701 -4.259185
2.0399222 9.672871 1.132492 5.619565 2.3898702 -4.364185
2.142876 9.543579 0.81165916 8.104565 2.1798701 -4.469185
2.2745612 9.483723 0.29210153 10.414565 0.63987 -4.609185
1.9680939 9.440625 -0.14605077 10.659566 0.46486998 -5.6591854
1.8531687 9.035994 -0.117319465 6.7045655 0.91987 -6.9541855
1.4126221 8.490098 -0.045491222 1.349565 -0.30513 -7.7591844
1.1253091 7.910684 -0.43336374 1.1395651 -4.89013 -8.4941845
1.5467016 7.1924014 -0.9624985 5.269565 -9.8251295 -5.729185
2.1237218 6.308914 -1.5634614 8.104565 -14.13013 2.285815
2.1644244 5.7366824 -1.7119064 8.699565 -17.07013 9.740814
2.169213 5.200365 -1.9992194 8.734565 -21.935131 15.480815
1.8316202 4.9776974 -2.3032923 9.504565 -29.180128 20.205814
1.2474172 5.03516 -2.4948344 7.019565 -33.73013 24.860815
1.8771114 5.157268 -2.604971 2.0145652 -38.455128 33.15582
2.8994668 5.3296556 -2.2410412 -5.3004346 -42.79513 46.735817
2.9904492 5.4709177 -1.3527653 -16.115435 -43.28513 55.87082
2.0327394 5.4326096 0.105348095 -29.555433 -37.19513 54.855816
1.3383996 5.6576715 0.6177229 -40.755436 -26.10013 49.080814
2.719896 6.423839 -0.18914771 -36.625435 -26.31013 55.065815
5.705557 7.26423 -0.80208206 -17.235435 -51.26513 77.430824
5.813299 7.640131 0.5698374 -8.030436 -72.090126 91.39582
4.8843207 7.8125186 1.7023294 -20.980436 -66.45513 78.62082
4.7119327 7.893924 1.5754328 -32.075436 -60.92513 65.91581
5.621757 9.203592 1.0798179 -27.840435 -65.26513 67.87582
7.290567 9.45978 0.52674043 -18.985435 -60.890133 74.66582
8.020821 9.143736 1.0127783 -12.230435 -66.73514 80.475815
7.6281595 9.148524 1.9130256 -17.760435 -72.020134 77.74581
7.005648 9.857229 1.7166951 -30.150436 -57.53013 62.310818
7.7837873 10.553964 1.4126221 -32.565437 -49.935135 65.91581
9.021627 10.721562 1.6712039 -39.495434 -53.01513 68.92582
9.268238 10.800573 2.0183737 -49.470436 -55.81513 64.20081
8.624178 11.43745 2.657645 -65.220436 -44.055134 55.730816
8.6984005 12.158128 3.5890179 -83.56044 -24.63013 49.990818
8.875577 12.194041 4.3671575 -92.38043 -18.99513 43.270817
8.679246 12.110242 4.558699 -90.140434 -24.28013 32.000816
8.81572 11.703216 4.12773 -82.40544 -19.59013 22.445814
8.894731 11.109435 4.0151987 -76.21044 -5.34513 12.855815
8.516436 11.162109 4.0319586 -67.60044 2.84487 -2.614185
8.734315 11.715187 2.6360965 -46.635437 -0.51513004 -18.539186
9.014444 12.103059 1.228263 -23.045435 -5.73013 -28.479183
9.024022 12.941055 0.43096948 -13.560434 -5.0651298 -37.369186
8.806143 13.917919 0.8547561 -20.770435 2.3898702 -45.874187
8.875577 14.186078 1.0726352 -31.375437 11.27987 -52.524185
9.174861 14.133404 0.9960183 -31.620436 13.09987 -60.88919
9.227535 13.8006 1.6305012 -26.440435 3.9998703 -73.94418
9.024022 13.338505 1.9848539 -21.505434 -9.23013 -91.164185
8.499676 12.61304 2.1213274 -14.050435 -17.91013 -108.87418
7.6688623 11.650541 2.176396 -6.770435 -22.075129 -122.41919
7.3145094 10.929865 2.3846977 -2.745435 -24.770132 -129.31418
7.18043 10.247497 2.5810282 -1.9404352 -26.52013 -129.31418
6.0407553 9.670476 2.935381 -1.6604351 -30.160128 -129.1042
5.420638 9.222747 2.6887705 0.40456498 -33.06513 -131.06418
5.0231886 8.581081 2.4373717 3.799565 -33.06513 -126.3742
5.0638914 7.6904106 2.7342618 4.114565 -29.95013 -117.65919
4.1612496 7.2163444 3.469304 2.469565 -30.79013 -114.99918
1.9561225 6.8691745 2.8683412 6.494565 -40.45013 -123.25918
1.4820561 6.672844 0.7972935 19.339565 -41.57013 -123.57419
2.6983478 6.830866 1.5730386 24.484566 -30.895132 -100.82419
3.0646718 6.56989 2.6265194 6.214565 -30.020132 -78.45918
2.4421604 6.529187 3.3519847 -9.885435 -42.79513 -77.304184
1.1348863 6.3903193 3.5219781 -8.135435 -53.33013 -83.00918
0.43336374 6.186806 3.4142358 2.0145652 -51.615128 -83.60419
1.0846065 6.1293435 1.7214836 11.674565 -41.99013 -75.274185
0.7948992 6.6153812 1.6664152 17.029566 -30.65013 -61.869186
-0.28252444 6.9146657 2.803696 6.7745647 -15.950131 -53.609184
-0.6895511 6.359194 2.8420043 -9.570435 0.25487 -47.904182
-0.05985687 6.366377 2.4373717 -10.305434 9.73987 -39.994186
1.0510867 6.9721284 1.7262721 6.8795652 20.34487 -9.859185
0.8236305 6.981705 2.588211 13.004565 10.40487 -16.439184
0.03351985 6.632141 3.1388943 26.969566 -15.670131 -32.889187
-0.723071 6.301731 1.7813405 51.259567 -35.76013 -35.584187
-1.1612233 7.0295906 0.54350036 59.414566 -34.78013 -25.889187
-0.25858167 7.003254 0.4932206 40.304565 -21.65513 -15.074186
-0.30646718 7.2594414 1.2737542 13.039565 -10.000131 -14.654184
-1.2665714 7.1157846 2.0447106 -4.880435 -1.9851301 -20.569185
-1.8962656 7.0343795 2.2338583 -10.550435 1.4448701 -23.124186
-2.1476645 7.0966306 2.0806248 -7.7154346 7.98987 -19.589186
-1.8651401 7.5419655 1.8411974 -2.920435 7.744869 -12.939185
-1.733455 7.3001437 1.5778271 -0.225435 3.57987 -10.209186
-2.7175019 7.5659084 1.5754328 2.084565 4.8048697 -12.2041855
-2.9808722 8.05434 1.2426286 6.739565 5.04987 -9.159185
-2.1811843 8.46855 0.7134939 13.774566 -1.42513 2.250815
-1.4078336 8.91628 0.3040729 18.394566 -8.77513 12.575815
-1.0941836 9.268238 0.339987 18.184565 -13.64013 11.525815
-1.4964218 9.323306 0.36632404 14.194565 -13.710131 3.370815
-1.5299416 9.299363 0.8236305 7.019565 -10.59513 -1.214185
-1.3814965 9.323306 0.56744313 0.9295651 -5.20513 0.850815
-1.5514901 9.656111 0.89545876 -2.8504353 -1.42513 0.710815
-1.2210802 9.725544 1.3527653 -6.8404355 0.49987 -2.194185
-1.0175668 9.651321 1.2809371 -4.0404353 -5.41513 -2.054185
-1.4293821 9.771035 1.0582695 2.0145652 -11.610129 -3.559185
-1.498816 9.486116 0.94573855 3.2395651 -8.425131 -7.339185
-1.7071179 9.421472 1.376708 -0.085435 -1.67013 -7.654185
-1.7238779 9.261055 1.201926 -2.360435 1.82987 -5.729185
-1.7262721 9.330489 1.0726352 0.82456505 1.2348701 -2.649185
-1.5897985 9.457385 0.7110996 4.849565 1.3748701 -0.304185
-1.498816 9.512454 0.36632404 9.329565 2.14487 1.060815
-1.489239 9.632168 0.31365 11.569565 -0.37513 1.095815
-1.2929084 9.586677 0.14365649 8.769565 -3.2801301 1.165815
-1.4006507 9.58907 0.2849187 4.534565 -4.0501304 2.005815
-1.5012103 9.641745 0.6464542 -0.295435 -2.54513 1.130815
-1.3814965 9.5794935 0.6249057 -3.4804351 -2.3001301 -0.409185
-1.350371 9.668081 0.5027977 -1.905435 -4.57513 0.640815
-1.3455825 9.814133 0.43575802 0.754565 -5.34513 2.425815
-1.0750294 9.914692 0.5554718 0.264565 -4.89013 3.6858146
-0.9194015 9.876384 0.4932206 -3.515435 -3.9801302 5.0158153
-1.0319325 9.840469 0.4932206 -5.160435 -9.72013 3.0558152
-0.9481328 9.737515 1.1420691 -7.085435 -10.105131 0.36081502
-1.0079896 9.629773 1.063058 -4.4954348 -5.83513 -1.214185
-1.4533248 9.634562 0.65842557 2.644565 -1.39013 -2.9291852
-1.489239 9.6585045 0.5818088 5.479565 -3.31513 -2.019185
-1.1923488 9.715967 0.5602603 6.0745654 -8.00513 2.3558152
-1.0175668 9.862018 0.56744313 6.5645647 -11.43513 4.735815
-0.82123625 9.771035 0.6057515 5.304565 -11.120131 4.840815
-0.8978531 9.727939 0.55307746 2.819565 -7.935129 3.9308152
-0.9289786 9.754275 0.6344828 -0.225435 -4.01513 1.8308151
-1.0870007 9.636956 0.85236186 -2.465435 -2.61513 -0.96918505
-1.3192455 9.60583 0.9433443 -3.130435 -1.95013 -4.994185
-1.4964218 9.629773 0.888276 -1.7654351 -1.2151301 -6.3591847
-1.3838909 9.696813 0.6656084 1.174565 -2.33513 -3.174185
-1.2258687 9.73991 0.61293435 4.324565 -4.01513 0.74581504
-0.8786988 9.730332 0.7685622 3.799565 -4.82013 2.1108148
-0.9960183 9.792584 0.85954463 1.069565 -3.17513 0.990815
-1.2234744 9.759064 0.75180227 0.999565 -1.11013 -1.8791851
-1.3886794 9.692024 0.61293435 2.9595652 -1.00513 -2.299185
-1.3886794 9.751882 0.6368771 3.099565 -0.23513001 -0.479185
-1.1253091 9.737515 0.8739103 0.999565 1.6198701 2.285815
-0.96489275 9.768641 0.85954463 0.789565 1.40987 5.0508146
-1.0151725 9.857229 0.44294083 4.849565 -0.58513004 5.1908154
-1.0223553 9.816526 0.3974496 8.804565 -1.8101301 3.895815
-1.0032011 9.727939 0.505192 8.174565 -2.09013 3.230815
-1.1947432 9.675264 0.5147691 5.724565 -2.26513 2.985815
-1.2546 9.701602 0.56744313 5.024565 -1.84513 2.1458151
-1.010384 9.677659 0.4956149 5.584565 -1.35513 3.370815
-0.92658436 9.8787775 0.3232271 7.439565 -3.2101302 5.470815
-0.7206767 9.912297 0.19393626 8.699565 -3.5951302 5.7508154
-0.74701375 9.821315 0.14844504 8.209564 -3.2101302 4.2458153
-1.1013664 9.720756 0.16041641 6.0045652 -3.7701304 1.060815
-1.2546 9.703996 0.27294734 2.434565 -1.91513 -2.054185
-1.0678465 9.684841 0.38547826 -0.890435 0.74487 -1.284185
-0.9768641 9.682447 0.3232271 -1.485435 0.32487 1.2358149
-1.0750294 9.768641 0.28252444 0.15956502 -0.93513006 2.3558152
-0.98404694 9.7135725 0.31365 0.614565 -0.72512996 2.285815
-0.91700727 9.636956 0.38547826 0.019565 -1.00513 2.4608152
-1.0462981 9.6585045 0.4166038 -1.065435 -1.11013 0.465815
-0.99362403 9.672871 0.33759275 -0.26043501 -1.4951301 0.500815
-1.1013664 9.665688 0.44772938 0.544565 -2.09013 1.305815
-1.2210802 9.665688 0.19633053 3.0645652 -4.57513 0.92081493
-1.3455825 9.682447 0.057462595 3.3795652 -3.24513 2.075815
-1.1085492 9.684841 0.4836435 -1.100435 0.21987 5.995815
-0.6464542 9.77343 0.65124273 -2.360435 -0.83013 9.180816
-0.5961744 9.871595 0.55307746 1.1045649 -3.5601301 8.375814
-0.73743665 9.900327 0.36392978 4.499565 -5.2401295 3.545815
-0.8284191 9.816526 0.41420954 3.799565 -4.96013 0.780815
-1.0199611 9.771035 0.42618093 0.964565 -2.16013 -0.54918504
-0.9864412 9.77343 0.50040346 -0.855435 0.56987 -0.54918504
