0.7877164 9.917087 -0.023942748 -5.008045 4.6261253 5.2099247
0.74701375 9.955395 0.021548472 -5.113045 -1.0788751 9.689924
0.54350036 9.926663 0.32083282 -7.913045 4.381125 7.834925
0.63208854 9.778218 0.48124924 -10.888045 10.401125 4.7199254
0.7901107 9.830893 0.28970724 -8.473045 8.266126 3.949925
0.54350036 9.785401 -0.016759925 -1.473045 2.351125 2.304925
0.44294083 9.675264 0.13647367 3.811955 -0.518875 -1.510075
0.65842557 9.598648 0.28252444 -0.213045 0.25112498 -1.1600751
0.40223816 9.569917 0.4285752 1.2219551 -1.7788751 -2.6300752
0.18435916 9.505271 0.3974496 4.161955 -4.8238754 -4.9750752
0.32562137 9.61062 0.35674694 7.0319552 -8.148875 -2.840075
0.4740664 9.735122 0.035914123 9.831955 -8.813875 0.23992501
0.48124924 9.818921 -0.06464542 10.916954 -8.778875 0.764925
0.45730647 9.830893 -0.019154198 9.201955 -10.528875 -0.040075
0.43815228 9.895537 0.06943397 7.066955 -12.2438755 -0.425075
0.44054657 9.881172 -0.038308397 6.6469555 -11.158875 -0.460075
0.53392327 9.833286 -0.33759275 6.7519555 -9.898875 -1.020075
0.55307746 9.620196 -0.5913859 6.0169554 -12.663875 -2.245075
0.38068968 9.390346 -0.5363176 2.831955 -17.213877 -4.800075
0.17957062 8.880365 -0.409421 -2.523045 -18.333876 -7.355075
0.06943397 8.176449 -0.39266106 -7.143045 -17.703875 -8.475076
-0.42139238 7.3815494 -0.43815228 -8.298044 -18.578875 -9.035075
-0.44294083 6.9122715 -0.52674043 -5.3230453 -27.888874 -8.615075
-0.11971374 6.021601 -0.44294083 -3.0130448 -34.363873 -8.720075
0.17717634 5.3871183 -0.8044763 -0.773045 -36.49888 -4.555075
0.15323359 5.106988 -1.1253091 1.921955 -34.188873 2.654925
-0.3304099 5.1788163 -0.69194543 -2.3830452 -26.628874 9.969926
-0.0023942748 5.255433 -0.63208854 -9.523045 -15.918876 16.584925
1.0175668 5.341627 -0.9960183 -8.053045 -15.883875 26.209925
1.5275474 5.7295 -1.4102279 -0.773045 -24.458876 34.329926
1.9321798 6.2083545 -1.5610672 2.831955 -28.728876 38.634926
2.7414446 6.2275085 -1.4557191 1.3269551 -27.748875 42.414925
2.1476645 6.241874 -1.2091088 -4.7630453 -25.893875 42.099922
1.7813405 6.7829804 -1.228263 -8.263045 -27.958876 37.479927
2.6815877 7.0367737 -1.6879637 -4.9730453 -34.783875 42.099922
3.4836698 7.039168 -1.333611 -1.928045 -44.828876 52.214928
3.2729738 7.513234 -0.9864412 -6.373045 -46.683876 54.419926
3.1963568 8.193209 -0.8786988 -11.238045 -43.043873 50.044926
3.7733772 8.243488 -0.5458947 -16.033047 -33.90888 49.484924
4.62095 7.9920893 -0.25379312 -19.883045 -27.818876 55.50493
4.7933383 7.9992723 0.0023942748 -18.413044 -34.258877 61.874924
4.434197 8.458973 0.35914123 -13.373045 -45.598877 64.56992
5.4565525 8.526012 0.3232271 -10.363046 -52.388878 66.24992
6.426234 8.509253 0.10055954 -8.858045 -59.423874 80.28493
6.3807425 8.705584 0.8356019 -23.628044 -66.213875 95.08993
5.968927 9.014444 1.9752767 -41.758045 -61.803875 98.30992
6.0766697 9.771035 2.2961094 -50.928047 -58.268875 109.99992
7.4988685 11.229149 2.3966691 -49.70305 -59.03887 120.91994
8.648121 11.937854 2.9904492 -46.973045 -60.788876 126.34493
8.906702 12.256292 3.5363438 -43.71805 -52.598877 117.24493
7.6712565 13.29062 2.8491871 -30.068043 -39.543877 98.09993
7.613794 14.322552 1.3958622 -7.9830446 -31.143877 84.62493
8.245882 15.311387 0.44294083 -2.7680452 -33.348873 78.63993
8.672064 15.555603 0.4764607 -18.518047 -30.478876 69.399925
8.324894 15.701654 0.26337022 -34.758045 -21.798876 52.179924
7.616188 15.651375 -0.06464542 -45.013046 -22.743876 33.349926
7.5754857 15.184491 1.0654523 -63.668045 -26.698875 19.524925
7.929838 14.839715 1.9848539 -83.058044 -20.748875 9.024925
7.8292785 14.365649 1.9728824 -82.043045 -12.803875 -4.835075
7.161276 13.901159 1.5371244 -65.06805 -14.063875 -24.435076
7.142122 13.640183 1.3168511 -49.353046 -15.603874 -40.990074
7.2378926 13.336111 1.2929084 -41.023045 -11.473875 -51.490074
7.5252056 13.039221 0.6656084 -32.343044 -6.5738754 -60.240074
7.513234 12.945844 0.72785956 -22.718046 -5.348875 -68.50008
7.8556156 12.517269 1.1420691 -19.568047 -6.538875 -76.13007
7.3169036 11.787015 1.5826156 -17.398046 -8.323874 -83.48007
7.0894475 11.219572 1.8507744 -10.678045 -14.413875 -93.31508
7.2809896 10.63058 2.1380875 -1.333045 -19.348873 -99.195076
6.9481854 10.403124 2.6337023 6.786955 -23.793877 -100.73507
6.6273527 10.139753 2.281744 13.401956 -23.058876 -104.41007
6.471725 9.8787775 1.924997 21.241955 -20.188875 -104.76008
6.694392 9.474146 1.4509305 25.616955 -17.248875 -103.53507
5.6002088 9.105427 1.9369683 19.666954 -16.163877 -104.30508
4.182798 8.590658 2.466103 6.226955 -16.443874 -112.00507
2.9904492 8.164477 2.516383 -4.413045 -16.793877 -113.16007
4.802915 8.109408 2.4445546 -7.423045 -12.313875 -101.78508
5.2937417 7.640131 2.1452703 -7.9830446 -3.9488747 -85.545074
2.885101 7.1924014 3.354379 -6.4430447 -2.373875 -85.09007
1.3910737 7.0128307 3.3495905 -4.098045 -9.898875 -102.38007
0.12689656 6.7997403 2.0016139 8.256955 -17.353874 -105.70507
1.733455 6.7446723 1.6089526 25.301954 3.436125 -58.000076
3.0981915 6.91706 1.3551595 13.926955 10.961125 -35.110077
2.2362528 6.9721284 0.89545876 7.661955 4.696125 -43.580074
0.3423813 7.0798707 1.0989721 -0.63304496 0.706125 -58.315075
-0.5363176 6.9840994 1.2665714 -12.288045 7.111125 -54.71008
0.117319465 6.797346 0.9912298 -18.728046 18.906124 -34.200077
2.1141446 7.161276 1.1660118 -24.293045 23.771124 -16.315075
1.2091088 7.3169036 1.8435916 -26.533045 9.981125 -27.690075
-0.15562786 7.1564875 2.0925963 -19.288044 -7.4488754 -49.250076
-0.92658436 6.9553685 1.786129 -9.593045 -8.113874 -50.265076
-1.6664152 6.8260775 1.2761484 -3.713045 4.1711254 -35.670074
-0.65124273 6.8667803 1.6496553 -5.638045 21.041124 -17.645075
-0.043096945 6.838049 1.9202085 -10.958045 30.491125 -2.105075
-0.8284191 6.778192 1.8842943 -7.7730446 25.241125 -4.275075
-1.7214836 6.672844 1.6065584 -0.213045 21.636126 -8.895076
-1.3024855 6.711152 1.3455825 3.706955 26.116125 -0.84507495
-0.66321415 7.075082 1.3862851 3.636955 29.791126 12.209926
-0.99362403 7.7311134 1.4485363 7.101955 21.496124 14.029925
-1.0702409 7.8364615 0.5027977 19.491955 4.766125 6.819925
-1.0439038 7.9322324 0.07422252 31.041952 -8.218875 4.4049253
-0.9720756 8.458973 0.17717634 27.086956 -8.463875 6.5399256
-0.61293435 8.786988 0.7589851 13.786956 -1.4988751 9.514925
-0.5027977 9.086273 1.0343267 5.631955 -0.903875 9.409925
-0.3423813 9.354432 0.888276 6.7519555 -3.528875 7.4849253
-0.3902668 9.462174 0.5650489 11.406956 -2.3038752 6.154925
-0.41420954 9.45978 0.41181526 13.156955 0.84612507 4.4049253
-0.5770202 9.404712 0.4668836 10.531956 3.6461248 1.394925
-0.65842557 9.428655 0.5889916 5.9119554 4.801125 -1.4050751
-0.76616794 9.490906 0.3519584 3.9869552 2.631125 -1.650075
-0.6703969 9.557945 0.21069619 5.631955 1.441125 -0.880075
-0.48124924 9.545974 0.24421602 5.8069553 2.001125 0.30992502
-0.50998056 9.591465 0.2777359 3.636955 0.84612507 0.23992501
-0.9529214 9.596253 0.40223816 0.661955 -0.20387499 -1.195075
-0.9122187 9.553157 0.7781393 -1.298045 -0.028875 -2.9100752
-0.6560313 9.598648 0.83081335 -0.983045 -1.533875 -1.720075
-0.5243462 9.780613 0.6488485 2.236955 -4.438875 2.129925
-0.34716985 9.780613 0.6249057 6.8569555 -5.5238748 4.4749246
-0.24182175 9.763853 0.44533512 9.061955 -6.643875 4.334925
-0.53392327 9.850046 0.31125572 8.466955 -6.538875 3.6699252
-0.69194543 9.761458 0.6344828 0.48695502 3.6461248 -0.180075
-0.6440599 9.708784 0.967287 -2.4530451 3.261125 0.869925
-0.5027977 9.885961 0.7637737 3.2869549 -0.518875 3.214925
-0.36871833 9.960183 0.4644893 10.076956 -3.528875 4.4049253
-0.3232271 9.90272 0.4668836 11.546955 -4.753875 4.334925
-0.27294734 9.93624 0.4644893 10.601954 -5.103875 3.704925
0.0023942748 9.962578 0.13647367 9.656955 -3.5988748 3.004925
-0.29210153 9.897932 0.21787901 5.596955 1.1611251 0.27492502
-0.44772938 9.708784 0.505192 -0.31804502 5.466125 -2.840075
-0.57462597 9.703996 0.69194543 -1.683045 5.746125 -2.945075
-0.64166564 9.73991 0.34716985 2.7269552 5.676125 -1.335075
-0.51955765 9.692024 0.20351335 8.256955 4.9061255 0.9399251
-0.54828894 9.744699 0.16281068 10.1469555 2.001125 2.864925
-0.3998439 9.792584 0.023942748 10.321955 -0.028875 3.004925
-0.22985038 9.850046 0.04070267 8.571955 1.616125 4.4049253
-0.21069619 9.871595 0.06943397 6.6469555 3.786125 4.6499248
-0.0670397 9.845258 0.18914771 5.701955 2.281125 3.214925
-0.12450229 9.835681 0.12450229 4.9319553 1.581125 1.989925
-0.46209505 9.80695 0.026337024 5.3519554 3.856125 0.554925
-0.45491222 9.718362 -0.15323359 6.5769553 4.381125 -0.355075
-0.21069619 9.828498 -0.22506183 6.401955 3.436125 0.554925
-0.105348095 9.909904 -0.19154198 2.656955 5.2911253 2.2349253
-0.25858167 9.847652 -0.12929083 -1.5080451 7.846125 1.814925
-0.33759275 9.737515 0.026337024 -2.6980448 7.9861245 -0.28507498
-0.39266106 9.694419 -0.05027977 -1.053045 4.661125 -1.125075
-0.51955765 9.775824 -0.09577099 1.6769551 1.7211251 -0.880075
-0.2681588 9.761458 -0.12450229 3.4619553 1.4061251 0.379925
-0.05027977 9.830893 -0.045491222 4.4069552 -0.063875005 2.654925
-0.102953814 9.93624 -0.21069619 4.896955 -1.6388751 3.284925
-0.18435916 9.876384 -0.16520496 4.7219553 -1.4288751 1.499925
-0.32562137 9.718362 0.10774237 2.166955 0.601125 -0.425075
-0.38787252 9.725544 0.11971374 -0.353045 1.6511251 -1.265075
-0.36871833 9.744699 -0.09577099 1.046955 1.091125 -0.95007503
