1.22 10.09 1.5 -1.1459155 14.323945 0.57295775
1.5699999 9.87 0.82 9.740283 5.7295775 -5.7295775
1.77 9.11 -0.39 7.448451 -14.896902 -5.7295775
0.7 8.55 -0.22999999 -1.1459155 -22.91831 0.57295775
-0.16 8.5199995 0.53 -0.57295775 -14.323945 9.167324
0.42 8.16 0.42999998 0.57295775 0.0 7.448451
1.35 7.87 0.31 1.7188734 0.0 4.0107045
1.8499999 7.0299997 -0.38 5.15662 -10.886198 -2.291831
1.42 6.1099997 -0.57 18.907606 -27.501974 -2.8647888
1.1 5.14 -0.31 34.950428 -33.231552 11.459155
1.63 3.4299998 -3.49 18.334648 -37.242256 25.7831
2.2 2.77 -4.5299997 -7.448451 -41.25296 33.231552
1.8299999 2.32 -3.86 -21.772396 -42.398876 37.815212
1.54 2.22 -2.56 -10.886198 -58.441692 48.701412
2.6299999 2.1399999 -2.32 9.740283 -81.93296 60.733524
3.6799998 1.81 -3.1899998 8.594366 -94.53803 75.057465
4.5499997 1.31 -3.6899998 -12.605071 -90.52733 87.662544
3.83 1.37 -2.9199998 -27.501974 -95.68395 105.42423
3.84 2.37 -0.82 -28.64789 -104.27831 123.75887
5.42 3.6399999 -0.47 -40.680004 -105.42423 140.94762
6.44 5.39 0.25 -42.971836 -100.26762 148.39606
10.4 10.599999 3.59 -26.356058 -96.829865 139.80171
9.559999 12.099999 2.54 -45.83662 -83.07887 121.46705
7.81 13.5 4.36 -57.868736 -73.33859 111.15381
8.429999 14.9 6.3799996 -35.523384 -68.75493 106.57015
9.62 15.25 4.11 -24.064226 -64.74423 96.256905
9.19 15.87 2.98 -42.398876 -39.53409 82.50592
8.83 17.91 4.1 -41.825916 -26.356058 62.4524
9.0 19.949999 4.2599998 -41.25296 -30.366762 32.658592
9.34 19.619999 2.6599998 -53.858032 -23.49127 3.4377468
8.19 17.75 2.06 -49.84733 -28.07493 -4.0107045
6.7 18.09 3.02 -24.064226 -36.669296 -5.15662
10.349999 19.859999 -0.94 -8.021409 -35.523384 -35.523384
10.88 19.1 -3.48 -21.772396 -39.53409 -67.03606
9.37 17.83 -3.53 -33.231552 -41.25296 -83.07887
8.79 16.71 -3.05 -28.07493 -49.27437 -88.2355
9.15 15.7 -2.99 -19.480566 -57.29578 -90.52733
10.4 14.58 -3.1799998 -13.750987 -69.32789 -96.256905
10.36 13.48 -2.81 -5.15662 -92.24621 -107.716064
9.639999 12.36 -2.61 -10.886198 -99.1217 -103.70536
9.45 11.0 -2.98 -36.09634 -87.089584 -99.1217
8.3 9.559999 -1.68 -58.441692 -60.160564 -83.65183
6.0299997 8.37 0.5 -66.463104 -46.98254 -47.555496
5.49 7.3599997 2.05 -72.76564 -32.085636 -9.167324
7.0 4.19 3.61 -70.47381 10.31324 -7.448451
5.1099997 3.01 4.35 -72.76564 46.98254 10.31324
4.16 2.77 4.36 -78.49522 24.637184 40.107044
5.7 3.09 4.5899997 -72.19268 -38.38817 46.98254
7.72 3.05 4.81 -39.53409 -73.91155 15.469859
7.7799997 2.46 3.81 13.178029 -44.69071 -62.4524
5.38 1.87 2.59 20.053522 -46.40958 -78.49522
2.85 2.6699998 2.3899999 8.594366 -75.630424 -82.50592
2.8999999 2.78 2.59 -10.886198 -79.06818 -94.53803
3.09 2.45 2.97 -28.64789 -56.72282 -104.27831
2.12 2.7 4.0099998 -36.669296 -44.11775 -101.41353
0.08 3.8799999 4.37 -41.25296 -25.7831 -85.37071
-0.17999999 4.15 4.4 -36.669296 -25.210142 -76.77634
-0.31 4.98 4.68 -22.91831 -33.80451 -69.900856
-0.82 5.3199997 4.5099998 -5.15662 -35.523384 -61.879436
-0.96999997 5.87 3.81 3.4377468 -29.220846 -49.27437
-1.23 6.25 2.84 0.0 -18.907606 -19.480566
-0.83 6.64 2.5 -6.8754935 -25.7831 -8.021409
0.19999999 7.7 2.98 -6.8754935 -28.64789 -9.740283
0.41 8.22 3.57 -1.7188734 -20.053522 -9.167324
0.45999998 8.639999 3.78 5.15662 -11.459155 -5.7295775
0.56 8.57 3.26 8.021409 -5.7295775 -4.583662
0.72999996 8.7699995 2.8999999 7.448451 -8.021409 -1.1459155
0.35999998 9.33 2.54 10.31324 -10.886198 5.15662
1.04 9.51 2.33 12.032113 -7.448451 4.583662
1.4599999 9.58 2.1599998 6.8754935 -2.291831 -0.57295775
1.17 9.94 2.4299998 2.291831 1.1459155 -1.7188734
1.01 9.98 2.74 5.7295775 1.7188734 0.0
1.48 9.78 2.23 5.7295775 9.740283 -5.7295775
0.98999995 9.33 1.48 -2.8647888 8.594366 -4.0107045
0.19 9.2699995 1.5899999 -5.7295775 -1.7188734 1.1459155
0.84999996 9.179999 2.18 -0.57295775 0.0 0.0
1.11 9.139999 2.45 5.15662 5.7295775 -2.291831
0.82 9.22 2.2 6.3025355 1.7188734 -2.291831
0.78 9.17 2.06 5.7295775 -8.594366 0.0
0.94 9.3 2.26 11.459155 -4.0107045 0.57295775
0.94 9.2699995 1.65 11.459155 4.0107045 1.1459155
0.87 9.349999 1.17 2.291831 7.448451 5.15662
1.03 9.46 1.43 -7.448451 6.8754935 5.7295775
1.14 9.51 1.8199999 -9.167324 9.740283 3.4377468
0.95 9.38 1.68 -7.448451 3.4377468 5.7295775
0.95 9.38 1.7199999 -4.0107045 -2.291831 5.7295775
1.22 9.46 2.12 0.0 2.291831 4.0107045
1.36 9.63 2.08 0.57295775 8.021409 4.583662
1.29 9.66 1.79 -1.7188734 7.448451 5.7295775
1.36 9.41 1.5699999 -1.7188734 5.15662 5.15662
0.83 9.38 1.53 1.1459155 1.1459155 10.31324
1.16 9.54 1.5799999 4.583662 -4.0107045 12.605071
1.9 9.8 1.89 8.594366 -2.8647888 8.021409
1.92 9.87 1.5699999 9.740283 6.8754935 4.583662
1.74 9.78 1.37 6.3025355 9.740283 4.583662
1.4599999 9.429999 1.0699999 -1.7188734 12.605071 4.583662
1.48 9.04 1.04 -6.8754935 9.167324 4.0107045
1.1999999 9.29 1.39 -7.448451 5.7295775 6.8754935
1.5799999 9.29 1.51 -5.15662 0.57295775 3.4377468
1.9399999 9.45 1.78 -1.7188734 -0.57295775 -1.1459155
1.77 9.4 2.04 0.0 2.8647888 -0.57295775
1.11 9.44 2.18 3.4377468 -2.291831 4.583662
1.56 9.55 2.33 7.448451 -6.8754935 5.15662
1.78 9.7 2.06 10.31324 -1.7188734 2.8647888
1.5899999 9.87 1.4699999 5.7295775 -1.7188734 2.291831
1.7099999 9.7699995 1.3399999 -2.8647888 -2.8647888 0.0
1.62 9.63 1.86 -5.7295775 0.0 0.0
1.3 9.63 2.1599998 -1.1459155 -3.4377468 1.1459155
1.79 9.57 2.24 2.291831 -1.7188734 -1.1459155
1.7099999 9.49 2.11 2.8647888 0.0 -0.57295775
1.51 9.37 1.8499999 1.1459155 -0.57295775 -0.57295775
1.27 9.28 1.74 -0.57295775 -2.291831 1.1459155
1.28 9.19 1.9 0.0 -0.57295775 3.4377468
1.18 9.61 1.64 2.291831 -4.583662 8.594366
2.1699998 9.91 1.55 -0.57295775 -9.740283 3.4377468
2.36 9.87 1.63 -8.021409 0.57295775 -4.583662
1.51 9.54 1.81 -13.178029 7.448451 -5.15662
1.05 9.2 2.23 -12.032113 4.0107045 -1.7188734
1.04 9.03 2.6499999 1.1459155 -1.1459155 1.7188734
1.15 9.16 2.5 9.167324 -1.7188734 4.583662
1.67 9.28 1.87 9.167324 0.0 1.1459155
1.62 9.429999 1.53 4.583662 0.57295775 -0.57295775
1.3299999 9.32 1.3399999 0.0 -1.7188734 1.7188734
1.35 9.34 1.51 -2.8647888 -4.0107045 1.7188734
1.78 9.4 2.03 0.0 -3.4377468 -1.7188734
1.81 9.4 1.99 0.0 2.291831 -4.583662
1.3399999 9.2699995 1.6899999 -2.8647888 5.7295775 -3.4377468
1.01 9.099999 1.64 -5.7295775 1.1459155 0.0
1.02 8.92 1.48 -7.448451 0.0 2.291831
1.0 9.05 1.4699999 -11.459155 -4.583662 7.448451
1.4599999 9.32 1.75 -12.605071 -6.3025355 4.583662
1.99 9.5199995 2.33 -9.740283 -1.7188734 0.0
1.9399999 9.559999 2.56 -6.8754935 0.0 -1.7188734
1.64 9.4 2.54 -6.3025355 1.1459155 0.57295775
1.28 9.25 2.45 -5.15662 0.0 4.583662
1.24 9.179999 2.6599998 4.583662 -5.15662 5.15662
1.81 9.32 2.6799998 11.459155 -1.7188734 3.4377468
1.5899999 9.309999 2.1699998 13.178029 -4.0107045 2.291831
1.43 9.28 1.87 11.459155 -5.7295775 2.291831
1.43 9.389999 1.91 7.448451 -6.8754935 4.583662
1.81 9.38 1.88 3.4377468 -5.7295775 4.0107045
1.5699999 9.34 1.88 -1.7188734 -2.8647888 5.7295775
1.53 9.32 2.08 -2.291831 -5.7295775 5.7295775
1.61 9.23 2.1 -0.57295775 -5.15662 3.4377468
1.55 9.0 1.87 0.57295775 -9.167324 4.0107045
1.5999999 9.22 2.08 4.0107045 -13.178029 2.8647888
1.6899999 9.36 2.32 5.15662 -8.021409 4.583662
2.01 9.4 2.03 0.0 0.57295775 3.4377468
1.86 9.48 2.06 -1.1459155 -1.1459155 4.0107045
1.91 9.349999 2.1399999 2.291831 -5.7295775 3.4377468
1.8299999 9.41 1.91 6.3025355 -2.8647888 1.1459155
1.9599999 9.48 1.9 2.8647888 -4.583662 1.7188734
2.1499999 9.5 2.09 -1.1459155 3.4377468 0.0
1.9 9.389999 2.12 0.0 2.291831 0.57295775
1.5799999 9.29 2.0 2.8647888 -1.7188734 2.291831
1.64 9.2 2.1299999 6.3025355 -4.0107045 4.0107045
1.8399999 9.09 2.1 7.448451 -1.7188734 1.7188734
1.99 9.03 1.8 1.7188734 3.4377468 0.0
1.51 8.95 1.15 -9.167324 0.0 4.583662
2.01 9.25 1.53 -12.032113 -3.4377468 1.1459155
2.2 9.3 1.9499999 -13.178029 -2.291831 -2.291831
1.92 9.16 2.29 -11.459155 -0.57295775 -2.8647888
1.63 9.12 2.59 -6.8754935 -0.57295775 0.0
1.5999999 9.08 2.8999999 0.0 -1.1459155 4.583662
1.8499999 9.2 2.6299999 10.31324 -1.7188734 7.448451
2.0 9.349999 1.9399999 8.594366 -4.583662 6.3025355
