-1.8199999 8.54 -1.03 7.448451 -21.772396 -4.0107045
-1.5699999 8.21 -1.36 14.896902 -24.064226 3.4377468
-1.4399999 8.22 -1.77 19.480566 -0.57295775 14.323945
-1.4399999 8.22 -1.77 19.480566 -0.57295775 14.323945
-0.099999994 7.7799997 -2.79 18.334648 -5.15662 18.334648
-0.72999996 7.1499996 -2.9299998 16.042818 -5.7295775 7.448451
-1.77 6.95 -2.49 17.761692 -8.594366 0.0
-2.03 6.5699997 -2.8 26.356058 -20.62648 7.448451
-1.49 6.8999996 -3.8799999 30.939718 -23.49127 12.605071
-1.01 6.94 -4.94 14.323945 -13.178029 26.929016
-1.24 6.8999996 -4.39 -4.583662 -11.459155 32.658592
-1.23 7.27 -1.9699999 -21.772396 -13.178029 38.38817
-0.45 7.71 -1.75 -21.772396 -34.377464 44.69071
1.0799999 6.98 -2.9199998 -12.605071 -29.793804 52.139156
0.64 6.97 -1.9399999 -18.334648 -15.469859 49.84733
-0.08 7.1099997 -1.31 -21.199438 -16.042818 47.555496
0.75 7.06 -2.3999999 -6.8754935 -34.377464 56.14986
1.27 6.62 -3.51 1.7188734 -52.712116 65.317184
2.5 6.87 -2.8799999 -10.31324 -51.5662 73.91155
3.09 7.18 -3.5 -20.053522 -45.83662 69.900856
2.98 6.44 -2.58 -35.523384 -36.669296 65.317184
2.36 6.6099997 -1.1999999 -47.555496 -49.27437 65.317184
3.32 7.33 0.44 -40.680004 -69.900856 80.21409
5.48 7.74 0.37 -27.501974 -71.04677 92.81916
5.46 8.24 -0.68 -20.053522 -54.43099 91.10028
5.47 8.04 -0.32 -23.49127 -32.085636 86.516624
6.3599997 8.48 0.29999998 -22.91831 -29.793804 81.36001
6.02 9.0199995 -0.14 -12.032113 -41.825916 65.890144
5.6099997 8.7 -0.7 -5.15662 -55.00395 66.463104
6.85 8.9 0.76 -21.199438 -57.868736 87.662544
8.41 9.5 1.68 -36.09634 -61.879436 103.70536
7.0299997 10.969999 1.1899999 -27.501974 -68.75493 88.2355
8.58 10.62 2.8999999 -26.356058 -71.61973 91.10028
8.63 11.33 3.8899999 -33.231552 -72.76564 90.52733
6.85 13.59 3.52 -19.480566 -66.463104 74.48451
7.2599998 13.809999 2.9399998 -13.750987 -64.17127 83.65183
8.83 14.009999 3.81 -39.53409 -57.868736 88.2355
8.61 14.53 4.02 -45.83662 -42.971836 63.598316
7.47 14.299999 3.73 -46.40958 -38.961132 55.00395
7.4199996 14.219999 4.65 -49.27437 -29.793804 36.09634
7.3199997 13.65 4.45 -36.669296 -22.345354 24.064226
6.3199997 13.25 3.47 -27.501974 -20.053522 16.615776
6.5299997 13.599999 2.73 -10.31324 -17.188732 9.167324
7.1 13.78 1.28 0.57295775 -20.053522 6.3025355
7.22 13.36 0.08 -1.7188734 -13.178029 0.57295775
7.02 13.12 0.14 -16.042818 -10.886198 -13.178029
7.1 12.75 0.55 -29.220846 -13.178029 -27.501974
6.89 12.259999 0.71 -30.366762 -11.459155 -35.523384
6.52 12.219999 -0.07 -23.49127 -8.021409 -39.53409
7.0299997 12.41 -0.97999996 -21.199438 -8.594366 -33.80451
7.25 12.28 -1.1 -27.501974 -6.3025355 -33.231552
7.3199997 12.3 -0.48 -37.815212 -13.750987 -40.107044
7.83 11.7699995 -0.13 -37.242256 -21.772396 -44.11775
7.74 11.5 -0.31 -28.07493 -24.637184 -62.4524
7.21 11.71 0.68 -25.7831 -19.480566 -78.49522
7.19 11.75 0.41 -16.615776 -19.480566 -80.21409
7.19 11.73 -0.53 -1.1459155 -12.032113 -85.37071
7.44 11.96 -1.13 0.0 -16.615776 -95.11099
7.37 11.28 -0.5 -16.615776 -30.939718 -103.1324
6.73 10.55 0.29 -33.80451 -30.366762 -106.57015
6.3599997 10.219999 1.15 -38.38817 -26.356058 -105.42423
6.0299997 9.95 2.18 -41.25296 -21.199438 -101.41353
5.6 9.469999 2.03 -30.366762 -26.929016 -103.70536
5.0299997 8.92 2.05 -9.167324 -29.220846 -107.716064
4.37 9.11 2.04 7.448451 -26.356058 -108.289024
4.23 9.059999 1.37 17.188732 -21.772396 -105.42423
3.75 8.86 1.0799999 17.761692 -17.761692 -100.26762
3.86 8.75 1.18 4.0107045 -21.772396 -88.80846
4.0099998 8.429999 1.13 2.8647888 -22.91831 -88.2355
3.6 7.71 0.65999997 -0.57295775 -24.064226 -96.829865
1.15 6.7 1.9499999 -16.615776 -5.7295775 -103.70536
0.37 6.62 2.3899999 -22.345354 -6.8754935 -93.39212
-0.07 5.8399997 2.49 -14.323945 -5.7295775 -76.77634
-0.13 5.5 1.8 0.0 -1.7188734 -65.317184
-0.14999999 5.5699997 1.76 1.1459155 -2.8647888 -57.868736
-0.14 5.54 1.9499999 0.0 -5.7295775 -54.43099
-0.91999996 4.93 1.55 2.8647888 -9.167324 -53.858032
-1.29 4.85 1.3399999 14.896902 -5.7295775 -52.712116
-2.6699998 5.08 1.74 22.345354 -2.291831 -48.701412
-2.69 5.49 1.63 25.210142 -11.459155 -45.263664
-2.69 5.5299997 1.63 28.64789 -23.49127 -41.25296
-2.5 5.75 0.38 26.356058 -18.334648 -33.231552
-2.97 5.96 0.51 13.750987 -1.1459155 -28.64789
-3.4199998 6.7799997 0.13 2.291831 0.57295775 -28.64789
-3.3899999 6.69 -0.13 -6.8754935 4.583662 -19.480566
-3.6399999 6.44 0.26999998 -20.053522 12.605071 -9.740283
-3.28 7.08 1.92 -29.793804 2.291831 -4.583662
-2.69 7.5699997 2.05 -20.62648 -9.740283 -2.291831
-2.82 7.5299997 1.39 2.8647888 -3.4377468 -2.8647888
-2.87 8.059999 0.9 18.334648 1.1459155 -4.583662
-2.82 8.59 0.53 18.907606 -8.021409 -5.15662
-2.6299999 8.88 0.56 16.042818 -10.31324 -4.0107045
-2.6299999 8.7699995 0.17 10.31324 -3.4377468 2.291831
-2.71 9.01 0.17 7.448451 2.291831 3.4377468
-2.3899999 9.26 0.72999996 -2.291831 4.583662 8.594366
-2.1699998 9.34 0.72999996 -9.167324 1.1459155 9.740283
-2.4299998 9.54 0.95 -4.583662 0.0 6.3025355
-2.1 9.719999 0.78999996 2.8647888 -7.448451 5.7295775
-1.81 9.66 0.42999998 8.021409 -9.167324 6.8754935
-2.1699998 9.7 0.5 0.0 -0.57295775 6.8754935
-2.3899999 10.09 1.4 -15.469859 5.15662 11.459155
-1.88 10.559999 1.6999999 -22.91831 4.583662 20.053522
-0.82 10.32 0.74 -12.605071 5.7295775 25.7831
-0.88 10.28 0.45 -1.7188734 12.605071 18.907606
-1.23 10.469999 0.78 -0.57295775 10.31324 8.594366
-1.61 10.34 0.79999995 0.0 3.4377468 5.15662
-1.66 10.07 0.48999998 3.4377468 2.8647888 2.291831
-1.66 10.3 0.56 0.0 4.0107045 4.0107045
-1.38 10.29 0.98999995 -2.291831 5.7295775 8.021409
-1.36 10.219999 0.89 -0.57295775 4.0107045 6.8754935
-1.15 10.44 0.5 6.8754935 -1.7188734 2.291831
-1.29 10.48 0.06 12.605071 0.57295775 -1.1459155
-1.52 10.08 0.42999998 5.7295775 5.7295775 -1.7188734
-1.5799999 10.03 0.93 -1.7188734 5.7295775 -1.1459155
-1.43 10.05 0.57 0.0 0.0 -2.8647888
-1.35 9.969999 0.089999996 6.3025355 -1.7188734 -2.8647888
-1.53 9.87 0.12 7.448451 -2.291831 -6.3025355
-1.5999999 9.849999 0.53 0.57295775 -4.0107045 -5.7295775
-1.61 9.67 0.65999997 -2.291831 0.0 -2.8647888
-1.9699999 9.719999 0.35999998 -1.1459155 1.1459155 -2.291831
-1.93 9.9 0.32 1.1459155 -1.1459155 -0.57295775
-1.43 10.139999 0.26 2.291831 -2.291831 1.1459155
-1.24 9.92 0.14999999 5.7295775 -1.7188734 0.0
-1.48 9.91 0.01 5.7295775 -2.8647888 -2.8647888
-1.77 9.96 0.14 4.0107045 -2.291831 -7.448451
-1.8299999 9.84 0.28 -1.1459155 -0.57295775 -3.4377468
-1.9599999 9.469999 0.48 -5.7295775 -1.1459155 -1.7188734
-1.66 9.84 0.82 -1.1459155 -5.7295775 0.0
-1.52 9.86 0.45 2.8647888 -5.15662 0.57295775
-1.56 9.79 0.28 5.7295775 -1.7188734 -1.1459155
-1.87 9.9 0.58 0.0 -4.0107045 -2.8647888
-1.6899999 9.969999 0.53999996 -1.1459155 -5.15662 -2.291831
-1.63 9.63 0.31 -0.57295775 -5.15662 -1.1459155
-1.86 9.54 0.47 -1.7188734 -1.7188734 -1.7188734
-2.08 9.65 0.88 -6.3025355 0.0 -1.1459155
-2.01 9.8 1.05 -6.8754935 3.4377468 1.1459155
-1.73 9.849999 1.15 0.57295775 2.8647888 5.15662
-1.3399999 9.65 0.77 5.7295775 0.0 1.7188734
-1.7199999 9.92 0.51 12.605071 -2.8647888 -4.583662
-1.8399999 9.849999 0.24 11.459155 -1.7188734 -4.583662
-2.02 9.62 0.17999999 4.0107045 -2.8647888 -2.291831
-2.1 9.75 0.48 0.0 -2.8647888 -1.1459155
-1.9699999 9.8 0.65999997 -1.1459155 -2.291831 0.57295775
-1.6899999 9.88 1.01 0.0 -2.291831 4.0107045
-1.64 10.08 0.71 6.8754935 -5.15662 1.7188734
-1.52 10.08 0.39 13.750987 -2.291831 0.0
-1.68 9.87 0.29 12.032113 -2.291831 0.0
