-0.45 10.2 -1.62 0.0 5.7295775 -12.605071
-0.53999996 9.75 -0.59 -8.594366 -16.615776 -4.583662
0.22999999 9.5199995 -0.78 3.4377468 -20.053522 3.4377468
0.62 9.599999 -1.56 15.469859 -12.605071 6.3025355
0.34 9.65 -1.49 12.605071 -4.0107045 2.8647888
0.5 9.63 -0.84999996 3.4377468 -7.448451 0.57295775
0.53999996 9.5199995 -0.77 4.0107045 -4.583662 0.0
0.58 9.33 -1.3 12.032113 -0.57295775 -2.291831
0.45999998 8.98 -2.02 17.761692 -2.291831 -4.583662
0.48999998 8.45 -2.4099998 16.042818 -4.0107045 -4.583662
-0.14999999 8.11 -2.59 10.886198 -10.886198 -4.0107045
-0.32999998 8.03 -2.22 1.7188734 -13.178029 -2.8647888
-0.13 7.83 -2.09 -2.8647888 -12.032113 0.0
0.88 7.5099998 -2.01 -25.7831 -8.021409 5.15662
0.95 6.5 -1.18 -30.939718 -6.8754935 5.7295775
0.71 6.19 -1.51 -24.637184 -9.167324 10.886198
0.57 5.69 -2.24 -1.7188734 -25.210142 17.761692
0.59999996 5.38 -2.6699998 7.448451 -42.398876 20.053522
0.89 5.06 -3.4099998 9.740283 -45.83662 24.064226
0.53999996 4.96 -3.55 6.3025355 -37.815212 33.80451
1.15 5.81 -2.95 -0.57295775 -42.971836 54.43099
1.9 6.44 -2.51 -1.7188734 -57.29578 61.879436
2.53 6.8399997 -2.61 -0.57295775 -62.4524 66.463104
5.44 8.309999 -2.81 -1.1459155 -73.91155 79.641136
6.29 8.38 -1.76 -22.91831 -72.19268 73.91155
3.79 7.5499997 0.7 -57.29578 -64.74423 47.555496
2.8899999 7.3199997 3.4099998 -65.890144 -52.139156 33.231552
2.8899999 7.3199997 3.4099998 -65.890144 -52.139156 33.231552
4.2 9.4 -0.12 18.334648 -65.317184 43.544792
4.62 8.45 -2.5 33.231552 -83.07887 77.922264
4.27 9.09 -1.03 -19.480566 -65.317184 88.2355
4.5099998 9.61 0.48 -55.00395 -45.263664 81.36001
5.13 9.469999 0.94 -56.14986 -51.5662 94.53803
5.92 10.63 1.79 -49.27437 -55.00395 98.54874
5.8399997 12.559999 2.29 -31.51268 -47.555496 95.11099
6.43 13.23 1.4699999 -10.31324 -50.420284 93.96508
6.85 14.099999 1.36 -12.032113 -43.544792 89.95437
6.42 15.04 1.56 -22.91831 -32.658592 75.057465
5.8799996 15.28 2.02 -29.220846 -31.51268 58.441692
6.08 16.05 2.58 -24.064226 -27.501974 43.544792
6.04 16.76 1.81 -11.459155 -24.637184 34.377464
6.0499997 16.66 1.49 -8.594366 -18.907606 27.501974
5.04 15.549999 0.9 -13.750987 -1.1459155 -6.8754935
4.47 14.92 0.06 -8.021409 0.0 -14.896902
4.64 13.96 -0.78 -2.8647888 -5.7295775 -17.188732
4.62 13.799999 -0.62 -3.4377468 -9.167324 -20.053522
5.12 13.59 -0.32 -6.3025355 -14.896902 -28.07493
5.23 13.0 -0.58 -2.291831 -16.615776 -34.377464
4.83 12.83 -0.16 2.291831 -18.907606 -43.544792
4.35 12.99 -1.14 18.334648 -19.480566 -49.27437
5.3599997 13.23 -3.23 34.377464 -24.637184 -45.83662
5.75 12.83 -3.58 25.210142 -34.377464 -48.128452
5.17 12.63 -2.21 0.57295775 -39.53409 -60.733524
5.17 12.2699995 -1.4399999 -6.3025355 -40.107044 -68.18198
5.44 12.0199995 -1.4499999 -4.583662 -39.53409 -68.75493
5.5099998 11.69 -0.32999998 1.7188734 -29.793804 -76.203384
4.68 11.389999 -0.39999998 14.896902 -17.761692 -76.203384
4.5499997 11.259999 -1.24 21.199438 -17.761692 -76.203384
4.68 10.71 -1.9499999 19.480566 -38.38817 -76.77634
4.24 10.25 -1.55 10.886198 -48.701412 -75.057465
3.8999999 9.599999 -1.26 7.448451 -50.993244 -73.91155
3.4299998 9.05 -0.35999998 1.7188734 -45.83662 -63.02536
3.06 9.059999 -0.14 5.15662 -42.971836 -61.879436
2.59 9.05 -0.42999998 12.032113 -40.107044 -59.014652
2.62 8.91 -1.05 20.62648 -39.53409 -55.00395
2.8999999 8.559999 -2.09 34.950428 -45.83662 -40.680004
2.53 8.55 -2.26 22.91831 -44.69071 -33.80451
3.05 8.099999 -2.78 7.448451 -40.680004 -29.220846
2.81 7.6699996 -0.04 -26.929016 -32.085636 -26.356058
2.28 7.7999997 0.82 -35.523384 -31.51268 -31.51268
1.93 7.5499997 0.13 -26.929016 -33.80451 -37.242256
1.13 7.17 -0.69 -10.886198 -36.09634 -35.523384
0.65999997 6.99 -0.58 -18.907606 -32.658592 -32.085636
-0.14999999 7.0099998 -0.29 -36.669296 -18.907606 -7.448451
1.06 7.0499997 -0.48999998 -36.669296 -18.907606 -7.448451
1.4499999 7.3399997 0.0 -53.285076 -18.334648 -8.021409
1.4499999 7.3399997 0.0 -54.43099 -16.042818 -12.032113
0.42999998 7.18 0.19999999 -56.72282 -11.459155 -16.615776
0.19 6.8999996 0.53 -63.598316 -3.4377468 -16.615776
-0.01 6.5699997 1.66 -65.890144 0.0 -13.750987
0.37 7.68 2.0 -32.658592 -5.7295775 -9.740283
0.71 7.7799997 1.25 -32.658592 -5.7295775 -9.740283
0.37 7.7999997 0.55 -17.761692 -6.8754935 -13.750987
-0.28 8.17 1.05 -17.761692 -7.448451 -20.62648
-0.32999998 8.23 0.68 -13.750987 -14.323945 -18.907606
-0.22999999 8.38 0.84999996 -14.323945 -9.740283 -11.459155
-0.29 8.72 1.5999999 -20.053522 -2.291831 -7.448451
0.21 8.99 1.31 -5.7295775 2.8647888 -5.15662
-0.06 8.92 0.97999996 6.3025355 1.1459155 -9.167324
-0.22 8.97 0.83 12.605071 -2.291831 -11.459155
-0.52 9.21 0.26999998 21.199438 -9.740283 -11.459155
-0.29 9.34 -0.41 19.480566 -6.3025355 -6.8754935
-0.14999999 9.22 -0.57 5.15662 0.0 -2.291831
-0.32999998 9.24 0.71 -11.459155 5.7295775 -3.4377468
-0.5 9.36 0.83 -9.167324 2.8647888 -4.0107045
-0.48 9.429999 0.32 1.1459155 1.7188734 0.0
-0.26999998 9.4 0.06 1.1459155 1.7188734 0.0
-0.32 9.559999 0.58 -1.1459155 0.57295775 1.1459155
-0.03 9.599999 0.42 -2.291831 0.0 2.291831
-0.08 9.57 0.22999999 2.8647888 -1.1459155 2.291831
-0.39999998 9.74 0.39 5.15662 -1.7188734 0.0
-0.22 9.86 -0.31 11.459155 -4.583662 2.291831
-0.04 9.95 -0.44 8.021409 -0.57295775 6.3025355
0.049999997 10.05 -0.03 0.57295775 2.8647888 7.448451
0.48999998 10.05 0.5 -9.740283 4.0107045 8.021409
-0.11 10.07 0.90999997 -8.021409 0.0 1.7188734
-0.38 10.21 1.18 -6.8754935 -0.57295775 -0.57295775
-0.19999999 10.28 0.81 0.0 -1.1459155 0.0
0.29 10.4 -0.04 8.021409 2.8647888 6.3025355
0.42 10.429999 -0.14 6.3025355 4.0107045 6.3025355
0.53 10.55 0.03 1.1459155 5.15662 5.15662
0.44 10.38 -0.099999994 0.0 5.7295775 3.4377468
0.34 10.3 -0.01 -1.7188734 4.583662 0.0
0.24 10.139999 0.17999999 -5.7295775 4.0107045 -1.7188734
-0.03 10.16 0.66999996 -6.3025355 3.4377468 -2.291831
0.22 10.09 0.19999999 -1.1459155 2.8647888 -0.57295775
0.26 10.09 0.0 1.1459155 2.291831 0.0
0.22999999 9.929999 -0.07 3.4377468 4.0107045 0.0
0.08 9.99 -0.07 1.1459155 3.4377468 -1.1459155
-0.02 9.92 -0.14999999 0.0 4.0107045 -0.57295775
0.0 9.969999 0.07 -0.57295775 2.8647888 0.0
0.089999996 10.01 0.22999999 -1.1459155 -1.7188734 0.0
0.16 9.809999 0.14 1.1459155 -4.0107045 0.0
-0.12 9.79 0.38 0.0 0.0 -1.1459155
-0.11 9.75 0.34 1.1459155 0.57295775 0.0
0.21 9.849999 -0.08 5.15662 1.1459155 3.4377468
0.0 9.929999 -0.049999997 2.8647888 2.291831 2.8647888
-0.099999994 10.0 0.38 -1.7188734 0.57295775 3.4377468
0.07 10.04 0.5 -3.4377468 -2.291831 6.3025355
0.22 10.12 0.48999998 -1.1459155 -2.291831 8.021409
0.38 10.13 0.44 2.291831 -1.7188734 6.3025355
0.38 10.13 0.44 2.291831 -1.7188734 6.3025355
0.39 10.139999 0.5 4.0107045 -2.8647888 2.8647888
0.26999998 10.08 0.0 8.021409 -2.8647888 0.0
0.14 10.09 0.08 5.15662 -1.1459155 -0.57295775
0.26999998 10.07 0.48 0.0 0.0 0.0
0.29 10.08 0.5 0.0 0.0 1.1459155
0.25 10.11 0.35 2.8647888 0.57295775 0.57295775
0.38 10.07 0.24 5.7295775 -3.4377468 -1.1459155
0.099999994 9.92 0.03 5.7295775 -1.1459155 -1.1459155
-0.24 9.84 0.32999998 2.291831 1.7188734 -0.57295775
0.0 10.05 0.39 3.4377468 0.57295775 1.1459155
