1.68 10.44 0.56 -17.188732 9.167324 -13.750987
0.59999996 9.719999 0.93 -12.032113 -12.032113 -10.886198
0.39999998 9.389999 1.73 0.0 -30.366762 -3.4377468
0.98999995 9.08 1.9699999 16.042818 -29.793804 -1.7188734
1.42 9.32 0.91999996 24.637184 -4.583662 -5.15662
1.36 8.84 0.19 20.62648 10.886198 -12.032113
0.84999996 8.54 -0.14 17.761692 7.448451 -12.605071
0.59999996 7.77 -0.71 20.053522 -8.594366 -8.594366
0.71 7.24 -1.3 20.62648 -10.31324 -4.583662
0.78999996 6.5899997 -1.79 16.042818 -9.740283 -1.1459155
0.89 5.87 -2.19 9.740283 -9.167324 3.4377468
1.1 5.17 -2.54 5.15662 -16.042818 10.31324
1.1999999 4.54 -2.9099998 2.8647888 -23.49127 16.615776
1.73 3.75 -2.74 3.4377468 -42.971836 23.49127
2.1599998 2.81 -2.3 6.8754935 -46.98254 26.929016
2.23 1.74 -1.74 8.594366 -46.98254 34.950428
1.36 1.1899999 -1.26 11.459155 -44.11775 53.285076
0.87 1.39 -1.06 11.459155 -44.11775 77.922264
1.99 1.8199999 -0.96 15.469859 -51.5662 99.69466
4.7599998 3.56 -1.0 33.231552 -61.879436 113.44564
5.33 4.8599997 -2.11 23.49127 -56.72282 120.89409
6.7599998 5.66 -2.6499999 -14.896902 -50.993244 127.76959
7.0499997 5.87 -1.65 -62.4524 -42.971836 125.47776
6.67 7.27 1.3199999 -87.662544 -52.139156 124.9048
7.6699996 9.19 2.51 -87.662544 -57.868736 133.49916
8.87 10.309999 2.1399999 -95.11099 -53.285076 126.05072
9.07 10.98 3.0 -95.11099 -48.128452 115.73747
8.75 13.349999 5.2599998 -68.18198 -53.858032 108.86198
9.04 16.38 5.0 -46.40958 -61.30648 100.84057
10.309999 17.15 2.83 -53.858032 -46.98254 73.33859
9.71 18.039999 2.44 -65.890144 -29.793804 43.544792
7.6299996 17.93 1.56 -65.317184 -27.501974 18.907606
7.71 17.57 1.01 -50.420284 -36.09634 9.740283
8.51 17.74 -0.22 -31.51268 -49.27437 1.7188734
8.5 17.72 -2.1699998 -31.51268 -53.285076 -13.178029
8.44 17.17 -2.6499999 -46.98254 -51.5662 -26.356058
9.19 16.46 -1.9599999 -52.139156 -52.712116 -37.242256
9.55 15.799999 -2.1 -29.793804 -65.317184 -55.576904
9.51 15.219999 -2.08 -8.021409 -77.349304 -66.463104
9.5 14.67 -2.2 13.178029 -92.24621 -72.76564
9.5199995 14.41 -2.9399998 23.49127 -100.84057 -76.77634
10.34 13.95 -4.35 8.594366 -109.43494 -80.21409
11.429999 12.809999 -4.39 -18.907606 -115.73747 -92.81916
10.599999 11.11 -0.13 -32.658592 -122.61296 -104.85127
10.91 9.809999 0.74 -37.242256 -128.34254 -105.997185
10.11 8.3 2.12 -52.712116 -113.44564 -112.29972
8.2699995 7.02 4.2999997 -62.4524 -99.69466 -113.44564
6.87 6.04 6.46 -50.993244 -93.39212 -103.1324
6.27 5.25 6.6099997 -20.62648 -85.94367 -86.516624
6.15 4.24 5.44 13.178029 -69.32789 -72.19268
5.5699997 3.74 4.7799997 21.199438 -79.641136 -74.48451
5.0699997 3.6499999 5.04 32.085636 -88.80846 -79.06818
4.9 3.3799999 4.5 40.680004 -75.630424 -87.089584
3.3999999 2.72 3.05 33.231552 -46.40958 -91.10028
1.74 2.31 2.31 15.469859 -40.680004 -83.65183
0.17999999 3.01 2.09 -6.3025355 -43.544792 -65.317184
-0.78 3.08 1.53 -25.7831 -35.523384 -58.441692
-1.05 3.85 2.35 -44.11775 -28.07493 -43.544792
-0.71999997 4.61 2.98 -44.11775 -30.939718 -31.51268
-1.31 5.17 2.6799998 -33.231552 -26.356058 -21.772396
-1.01 6.08 2.75 -19.480566 -21.772396 -11.459155
-0.34 7.0499997 2.08 -10.886198 -19.480566 -3.4377468
0.16 7.56 1.8199999 -17.188732 -12.605071 -9.167324
-0.48 7.8599997 2.08 -13.750987 -8.021409 -12.032113
-0.9 7.91 2.36 0.57295775 -9.740283 -7.448451
-0.87 8.2 1.5899999 11.459155 -2.8647888 -0.57295775
-0.25 8.5 0.38 6.8754935 -4.583662 0.0
-0.35999998 8.84 0.32 -1.7188734 -6.8754935 -2.8647888
-0.74 8.78 0.68 -5.7295775 -1.7188734 -2.291831
-1.1 9.22 1.09 -5.15662 2.8647888 3.4377468
0.01 9.38 0.52 3.4377468 0.0 9.167324
0.64 9.5199995 -0.04 4.583662 -0.57295775 5.7295775
-0.11 9.73 -0.19 0.0 1.7188734 -0.57295775
-0.28 9.92 0.04 -5.7295775 -2.291831 0.0
-0.24 9.74 0.24 -2.8647888 -0.57295775 1.7188734
0.089999996 9.67 0.44 -2.291831 1.7188734 2.8647888
0.01 9.69 0.42 -4.0107045 4.583662 4.0107045
-0.04 9.9 0.51 -8.021409 6.3025355 3.4377468
0.19 10.08 0.62 -5.7295775 4.0107045 3.4377468
0.29999998 9.71 0.51 3.4377468 0.57295775 -5.7295775
-0.51 9.469999 0.45 6.8754935 6.8754935 -6.8754935
-0.53999996 9.3 0.32 5.15662 5.15662 0.0
-0.13 9.2 0.37 0.0 0.0 2.8647888
-0.29999998 9.84 1.22 -3.4377468 1.1459155 4.583662
0.42999998 10.12 0.89 0.0 4.583662 7.448451
0.35 9.88 0.28 -4.0107045 9.167324 0.0
0.08 9.55 0.44 -3.4377468 7.448451 -1.1459155
-0.35999998 9.25 0.22999999 -2.8647888 10.886198 0.57295775
-0.5 9.41 0.06 -2.8647888 5.15662 4.583662
0.02 9.7 0.19 0.0 0.0 6.3025355
0.42 10.0 0.24 5.7295775 2.8647888 2.8647888
0.16 9.849999 0.01 0.57295775 0.57295775 0.0
0.0 9.88 0.26 -1.7188734 2.291831 0.57295775
0.07 9.809999 0.14 0.0 3.4377468 1.7188734
0.11 9.73 0.22999999 1.1459155 0.57295775 1.7188734
0.099999994 9.8 0.24 4.0107045 0.0 2.8647888
0.31 9.98 0.06 5.15662 -1.7188734 2.291831
0.25 9.969999 -0.04 2.291831 -1.1459155 0.0
0.51 9.969999 0.12 -1.7188734 0.0 -1.1459155
0.38 9.8 0.16 -6.8754935 4.583662 -2.291831
0.0 9.57 0.42 -8.021409 2.8647888 -1.1459155
-0.01 9.5199995 0.76 -0.57295775 0.0 1.1459155
0.22999999 9.429999 0.39999998 5.15662 -1.1459155 0.0
-0.11 9.48 0.17 2.291831 -0.57295775 0.0
0.14999999 9.63 0.22 0.0 -0.57295775 2.8647888
0.32999998 9.59 0.089999996 -1.7188734 1.1459155 1.7188734
0.02 9.54 0.35 -3.4377468 1.7188734 0.57295775
-0.099999994 9.63 0.65 -0.57295775 -1.7188734 2.291831
0.48 9.91 0.5 5.15662 -2.291831 4.583662
0.53999996 9.849999 -0.04 3.4377468 0.0 -1.1459155
0.02 9.48 0.01 -0.57295775 -1.7188734 -1.7188734
-0.03 9.46 0.64 0.0 -4.0107045 1.1459155
0.12 9.63 0.74 4.0107045 -1.7188734 3.4377468
0.42 9.74 0.45999998 3.4377468 0.0 1.1459155
0.5 9.71 0.35999998 2.291831 -0.57295775 -1.7188734
0.089999996 9.74 0.32999998 6.8754935 -1.7188734 -4.583662
