-0.72999996 8.12 -0.93 18.334648 1.7188734 -7.448451
-0.049999997 6.7599998 -2.06 19.480566 -68.18198 -4.583662
0.39 6.3599997 -2.6299999 16.615776 -73.91155 -6.8754935
-0.37 6.27 -2.62 13.178029 -53.858032 -4.0107045
-0.75 6.96 -2.2 11.459155 -38.961132 -3.4377468
0.32999998 7.16 -2.28 18.334648 -44.11775 0.0
0.63 7.17 -2.61 25.7831 -55.00395 0.0
0.90999997 6.71 -3.4399998 17.188732 -55.00395 -0.57295775
-0.55 6.64 -2.3 -8.021409 -48.128452 6.3025355
-0.79999995 6.85 -0.96 -20.053522 -44.69071 12.032113
1.4499999 7.1 -1.4499999 2.291831 -55.00395 32.658592
1.87 7.1099997 -2.1299999 2.291831 -55.00395 32.658592
1.16 7.12 -2.8799999 37.242256 -55.576904 30.939718
0.96999997 6.91 -2.07 32.085636 -45.83662 38.961132
2.37 7.17 -2.1299999 21.772396 -37.815212 56.14986
2.8799999 7.06 -2.86 24.637184 -24.637184 73.33859
2.46 7.31 -3.27 21.772396 -6.8754935 77.922264
2.37 8.01 -2.22 9.740283 -0.57295775 87.662544
3.8999999 9.309999 -1.42 24.637184 -24.637184 99.1217
4.87 9.79 -2.23 41.825916 -38.38817 100.84057
4.48 10.349999 -4.0899997 61.30648 -44.11775 95.11099
4.29 11.11 -3.3799999 32.085636 -43.544792 93.39212
6.02 11.809999 -1.05 -36.09634 -60.160564 104.85127
5.44 11.7699995 -0.14999999 -53.858032 -52.139156 91.10028
4.97 11.58 0.22999999 -56.14986 -46.98254 83.07887
5.35 12.11 0.65 -50.420284 -59.014652 80.21409
5.31 12.139999 0.56 -48.128452 -61.879436 71.61973
4.5699997 12.219999 1.29 -56.14986 -55.00395 61.879436
5.0099998 12.19 1.38 -56.72282 -48.128452 61.30648
4.98 12.07 0.9 -52.139156 -45.263664 61.30648
4.44 12.46 1.22 -45.263664 -37.242256 53.285076
4.81 12.83 1.17 -39.53409 -36.669296 48.701412
4.81 12.83 1.17 -39.53409 -36.669296 48.701412
4.5299997 13.809999 0.32 -26.929016 -36.669296 37.242256
4.5299997 13.809999 0.32 -26.929016 -36.669296 37.242256
4.41 14.0199995 0.62 -34.950428 -34.377464 30.939718
5.16 14.17 0.68 -34.950428 -26.356058 24.637184
4.35 13.809999 0.08 -20.053522 -16.615776 4.0107045
4.27 13.79 0.17 -13.750987 -15.469859 -0.57295775
4.17 13.639999 -0.17999999 1.7188734 -10.31324 -1.7188734
3.8 13.61 -0.90999997 6.8754935 -5.15662 -2.291831
4.9 14.16 -1.79 7.448451 5.15662 0.0
6.6299996 13.58 -2.1 1.1459155 8.021409 2.291831
6.62 13.13 -2.36 -0.57295775 6.3025355 -12.032113
6.3799996 12.71 -2.58 0.57295775 5.15662 -28.07493
6.43 12.05 -3.81 -5.7295775 -3.4377468 -37.242256
6.24 11.54 -3.6599998 -22.91831 -11.459155 -46.98254
5.46 11.28 -2.46 -40.107044 -18.334648 -60.160564
5.68 10.91 -1.23 -46.40958 -29.793804 -59.014652
5.58 10.96 -0.79999995 -44.69071 -32.658592 -56.72282
5.35 10.61 -1.0 -33.231552 -45.83662 -53.858032
5.15 9.91 0.07 -24.637184 -42.398876 -50.420284
4.54 10.13 0.75 -12.605071 -40.107044 -60.733524
4.44 9.929999 0.13 12.605071 -43.544792 -59.58761
4.36 10.04 -0.39 37.242256 -49.84733 -59.014652
4.45 10.23 -1.54 42.398876 -61.30648 -58.441692
4.56 9.929999 -2.04 36.669296 -68.75493 -55.00395
4.4 9.389999 -2.06 12.605071 -71.61973 -47.555496
4.39 8.94 -1.91 -12.032113 -69.900856 -47.555496
4.87 8.87 -0.06 -19.480566 -63.598316 -59.58761
3.6999998 9.73 -0.78 -10.886198 -69.32789 -76.77634
3.52 9.01 -1.4499999 -8.594366 -67.60902 -78.49522
3.1599998 8.61 -1.4399999 -21.772396 -53.285076 -68.75493
2.4299998 8.58 -0.35 -34.950428 -53.285076 -65.890144
2.87 7.68 0.71 -44.69071 -44.11775 -57.29578
2.27 7.81 0.76 -40.680004 -40.680004 -61.879436
1.4499999 8.08 1.04 -37.815212 -40.107044 -67.60902
1.38 7.66 1.3299999 -30.366762 -36.669296 -54.43099
1.4 7.2 1.23 -24.064226 -38.961132 -49.27437
0.91999996 7.0899997 1.5899999 -7.448451 -37.242256 -48.701412
0.87 7.2 1.6999999 4.583662 -32.658592 -49.27437
0.07 7.3799996 0.44 14.896902 -33.80451 -57.29578
-0.03 6.85 0.14999999 11.459155 -25.210142 -53.858032
-0.7 6.73 0.29999998 -2.291831 -22.91831 -48.128452
-1.02 6.6299996 0.84999996 -14.323945 -21.199438 -43.544792
-1.12 6.75 1.14 -14.896902 -21.199438 -40.680004
-1.51 6.94 0.75 -10.886198 -17.761692 -37.242256
-1.4 6.96 0.65 -10.31324 -16.042818 -32.085636
-1.65 7.08 0.94 -12.032113 -14.323945 -26.356058
-1.61 7.77 1.05 -9.167324 -14.323945 -20.053522
-1.42 7.81 0.52 -2.291831 -14.323945 -17.761692
-1.48 7.81 -0.11 3.4377468 -10.31324 -17.761692
-1.9499999 8.11 0.65 -7.448451 -6.3025355 -16.615776
-2.03 8.2699995 1.0799999 -17.188732 -6.8754935 -12.605071
-1.89 8.23 0.79999995 -8.021409 -2.8647888 -4.0107045
-1.48 8.679999 0.98999995 -5.15662 -2.8647888 -1.1459155
-1.48 9.04 1.05 -5.15662 -5.7295775 -2.8647888
-1.9399999 9.28 0.45 0.0 -1.7188734 -5.7295775
-1.79 9.25 0.39999998 2.291831 2.291831 -4.583662
-1.4599999 9.429999 0.78 -4.583662 -4.583662 0.57295775
-1.1 9.62 0.98999995 -6.3025355 -6.8754935 1.7188734
-1.0699999 9.65 0.66999996 -3.4377468 -6.3025355 1.1459155
-1.8299999 9.65 0.42 -6.3025355 0.0 -4.0107045
-1.68 9.679999 1.05 -12.605071 1.7188734 0.0
-1.23 9.63 0.98999995 -8.021409 -0.57295775 6.3025355
-1.22 9.639999 0.84999996 -3.4377468 0.0 6.8754935
-1.3299999 9.82 0.89 0.0 1.1459155 6.3025355
-1.25 9.98 0.76 4.0107045 1.7188734 5.7295775
-0.98999995 9.87 0.42999998 6.3025355 2.291831 4.583662
-1.36 9.99 0.28 6.3025355 5.7295775 2.8647888
-0.83 10.26 0.089999996 4.583662 7.448451 6.3025355
-0.65999997 10.179999 -0.11 3.4377468 4.583662 8.021409
-0.91999996 10.12 -0.14999999 0.57295775 4.0107045 1.1459155
-1.22 10.099999 0.29999998 -1.7188734 4.0107045 -1.1459155
-1.17 10.04 0.29 -5.7295775 1.7188734 2.291831
-1.17 10.04 0.29 -5.7295775 1.7188734 2.291831
-1.06 10.03 0.13 0.0 6.8754935 4.583662
-0.84 10.2 0.049999997 2.8647888 1.1459155 2.8647888
-0.81 10.309999 -0.089999996 4.0107045 1.7188734 0.57295775
-0.97999996 10.09 -0.14 2.291831 3.4377468 0.0
-1.37 9.929999 0.19999999 -6.3025355 1.1459155 0.0
-1.4499999 10.05 0.42 -7.448451 0.57295775 0.57295775
-0.93 10.139999 0.19999999 -3.4377468 0.57295775 3.4377468
-0.77 9.99 -0.11 -2.291831 1.1459155 2.8647888
-1.03 10.13 0.48 -5.7295775 0.0 0.57295775
-0.88 10.25 0.9 -9.740283 -2.291831 0.0
-0.93 10.08 0.91999996 -8.021409 2.8647888 4.0107045
-0.93 10.0 0.96999997 -6.8754935 5.7295775 4.583662
-0.97999996 10.099999 0.83 -1.1459155 4.583662 2.291831
-0.78 10.16 0.13 12.032113 2.291831 1.1459155
-0.90999997 10.16 -0.39999998 13.750987 3.4377468 -2.8647888
-1.06 10.0 -0.26 4.583662 4.583662 -4.0107045
-1.14 10.0199995 0.02 -2.291831 2.8647888 -2.291831
-0.96 10.0199995 0.42 -6.8754935 0.57295775 0.0
-0.94 9.82 0.35999998 -6.8754935 0.57295775 0.0
-1.14 9.809999 0.41 0.0 0.0 -1.7188734
-1.02 9.91 0.25 4.583662 -2.291831 -2.291831
-0.96999997 10.0199995 0.02 3.4377468 0.57295775 -0.57295775
-1.0699999 9.7699995 0.21 -4.0107045 2.8647888 0.0
-1.11 9.849999 0.39 -5.15662 0.57295775 0.0
-1.05 9.82 0.26999998 -2.8647888 -1.7188734 -0.57295775
-1.26 9.679999 0.099999994 0.0 0.0 -2.291831
-1.22 9.67 0.29999998 -1.1459155 -0.57295775 -1.1459155
-1.1999999 9.83 0.41 -2.8647888 -1.1459155 0.0
-1.1999999 9.83 0.41 -2.8647888 -1.1459155 0.0
-0.79999995 9.83 0.22999999 -1.1459155 0.57295775 5.15662
