0.01 9.719999 -1.03 10.886198 9.167324 -23.49127
-1.61 9.5 -1.29 -13.178029 13.178029 -12.605071
0.19 9.42 0.41 -24.064226 -2.8647888 5.7295775
1.4399999 9.19 0.65999997 -8.021409 -17.761692 3.4377468
-0.47 9.0199995 -0.5 17.761692 -3.4377468 -17.761692
-0.58 8.79 -0.82 14.323945 2.8647888 -14.323945
-0.049999997 8.63 -0.32 4.0107045 -0.57295775 -7.448451
0.19 8.62 -0.35999998 0.0 -3.4377468 -4.0107045
0.75 8.72 -0.44 -1.1459155 -0.57295775 -1.7188734
0.35 8.55 -0.57 -1.7188734 -1.1459155 -5.7295775
0.11 8.29 -0.97999996 -2.291831 -5.7295775 -2.8647888
0.21 7.89 -0.82 -6.3025355 -10.31324 0.57295775
0.89 7.3999996 -0.52 -7.448451 -18.907606 5.15662
1.89 6.66 -0.69 -6.3025355 -18.334648 7.448451
1.9 5.6 -1.73 -4.583662 -14.323945 6.8754935
1.27 2.99 -1.9399999 2.291831 -24.637184 12.605071
0.63 2.1299999 -2.7 11.459155 -34.950428 22.345354
0.75 1.56 -3.6299999 22.345354 -43.544792 37.815212
0.98999995 1.54 -4.6 26.929016 -59.014652 49.84733
2.55 1.35 -4.54 13.750987 -63.02536 61.879436
2.37 1.4699999 -3.12 -17.188732 -66.463104 71.61973
2.46 2.69 -0.64 -30.366762 -68.18198 87.089584
3.55 4.21 0.41 -12.032113 -73.91155 90.52733
6.16 4.81 -0.78 10.31324 -93.39212 109.43494
7.85 4.7799997 -2.1399999 6.8754935 -102.55944 119.74818
6.22 6.0499997 -0.07 -18.334648 -89.95437 116.31043
7.64 8.23 1.64 -24.064226 -77.349304 138.65578
8.679999 9.73 1.03 -20.62648 -91.67324 151.8338
9.67 12.28 2.57 -41.25296 -86.516624 152.40677
9.91 14.13 4.0 -65.890144 -55.00395 139.22873
9.25 14.179999 3.3 -60.733524 -56.72282 120.89409
8.05 15.61 3.8899999 -59.58761 -63.02536 109.43494
8.37 17.16 5.46 -63.02536 -61.30648 96.256905
8.889999 17.89 5.0 -55.576904 -43.544792 77.922264
9.16 17.99 4.25 -52.712116 -31.51268 53.858032
7.89 17.02 4.15 -45.83662 -26.356058 28.64789
6.29 15.91 2.83 -31.51268 -22.91831 14.323945
7.6699996 15.2 -0.099999994 -22.91831 -22.345354 8.021409
8.36 15.33 -1.7099999 -31.51268 -20.62648 0.0
7.89 14.98 -1.86 -46.40958 -21.772396 -14.323945
7.1499996 15.12 -0.01 -58.441692 -28.07493 -26.929016
7.74 15.639999 -0.26 -43.544792 -29.220846 -30.939718
9.34 15.599999 -2.86 -14.896902 -29.220846 -33.80451
8.849999 15.299999 -3.5 -10.886198 -34.377464 -58.441692
8.389999 15.5199995 -2.6699998 -8.021409 -45.83662 -67.03606
9.74 14.94 -3.1799998 6.8754935 -67.03606 -72.76564
10.07 13.78 -3.55 9.167324 -83.65183 -85.94367
9.75 12.889999 -3.1299999 -2.291831 -87.089584 -96.256905
9.3 11.429999 -0.53 -16.042818 -88.2355 -100.84057
9.059999 10.46 0.76 -31.51268 -87.662544 -99.69466
8.13 9.37 1.5699999 -32.658592 -82.50592 -99.1217
7.2599998 8.33 1.54 -30.939718 -80.21409 -90.52733
7.2799997 6.7799997 1.4 -35.523384 -77.349304 -78.49522
6.58 5.93 1.9399999 -46.98254 -63.02536 -76.203384
5.52 4.7 2.6299999 -66.463104 -49.27437 -68.18198
4.61 3.6499999 3.6399999 -67.03606 -36.669296 -59.58761
3.84 2.7 3.8999999 -54.43099 -26.929016 -50.420284
4.13 2.37 3.73 -36.669296 -27.501974 -41.825916
4.23 2.25 3.29 -17.761692 -35.523384 -43.544792
2.25 2.4199998 3.01 -2.8647888 -49.27437 -63.598316
1.15 2.69 2.47 17.761692 -62.4524 -67.60902
0.77 2.69 1.92 27.501974 -60.160564 -57.29578
0.39999998 3.27 2.02 21.199438 -55.00395 -48.128452
0.13 4.1 2.19 8.021409 -50.420284 -40.680004
0.57 4.65 2.1699998 -5.7295775 -42.398876 -30.366762
0.14 5.12 1.8 -23.49127 -20.62648 -22.91831
-0.01 5.65 1.79 -36.09634 -11.459155 -19.480566
-0.28 6.0099998 2.58 -40.680004 -14.323945 -13.178029
-0.03 6.3999996 3.12 -29.793804 -13.178029 -8.594366
-0.11 6.7999997 2.83 -17.188732 -9.167324 -7.448451
-0.11 7.93 2.96 -10.31324 -10.31324 -2.291831
0.61 8.08 2.59 1.1459155 -18.907606 8.594366
0.41 8.41 2.27 8.594366 -17.761692 8.021409
0.48999998 9.01 2.24 9.167324 -13.178029 8.594366
1.1999999 9.309999 1.73 9.167324 -11.459155 12.032113
1.3199999 9.34 1.26 7.448451 -1.7188734 9.740283
0.81 9.429999 1.5899999 0.0 0.57295775 5.7295775
0.88 9.57 1.63 -1.1459155 -1.7188734 6.8754935
1.02 9.66 1.4399999 -1.7188734 -1.1459155 8.021409
0.89 9.87 1.23 -3.4377468 0.0 7.448451
1.18 10.08 1.1 -5.15662 -3.4377468 8.021409
1.48 9.98 1.5899999 -3.4377468 -15.469859 5.7295775
1.37 9.86 1.6899999 7.448451 -17.188732 3.4377468
1.5699999 9.96 1.35 14.323945 -9.740283 4.0107045
1.76 9.809999 0.85999995 13.750987 -2.8647888 4.0107045
0.93 9.79 1.0799999 2.8647888 4.0107045 -1.1459155
0.83 9.88 1.54 -3.4377468 8.594366 2.291831
1.56 9.91 1.53 0.0 0.57295775 9.167324
2.1399999 9.91 0.89 13.178029 -3.4377468 5.7295775
2.06 9.889999 0.51 15.469859 -2.291831 -1.1459155
1.43 9.88 0.39 9.167324 1.7188734 -5.15662
1.18 9.75 0.17999999 -2.8647888 6.8754935 -2.291831
1.2099999 9.45 0.28 -14.896902 10.886198 -0.57295775
1.4399999 9.4 1.6999999 -15.469859 1.7188734 1.1459155
1.56 9.54 1.4499999 -1.1459155 -4.0107045 0.57295775
1.3199999 9.57 0.77 11.459155 1.7188734 -2.291831
1.37 9.59 0.35 12.605071 3.4377468 -1.1459155
1.37 9.719999 0.31 6.3025355 3.4377468 0.0
1.39 9.73 0.5 -0.57295775 3.4377468 0.0
1.41 9.65 0.82 -9.167324 1.7188734 -0.57295775
1.28 9.51 1.1999999 -7.448451 0.0 -1.1459155
0.98999995 9.32 1.55 1.7188734 -8.021409 -0.57295775
0.78999996 9.42 1.26 16.042818 -14.323945 1.1459155
1.51 9.54 0.68 24.637184 -17.761692 2.8647888
1.5 9.7 0.17 14.896902 -11.459155 -1.1459155
1.05 9.53 0.42999998 0.0 -1.7188734 0.0
1.05 9.45 0.97999996 -13.178029 2.291831 2.291831
1.65 9.49 1.37 -15.469859 3.4377468 6.8754935
1.66 9.48 1.36 -8.021409 0.57295775 4.0107045
1.55 9.73 0.94 1.1459155 3.4377468 0.0
1.48 9.42 0.59999996 6.3025355 -1.1459155 -2.291831
0.98999995 9.349999 0.75 5.7295775 -1.7188734 -2.291831
0.9 9.4 0.7 4.0107045 -1.1459155 2.291831
1.4599999 9.54 0.69 0.57295775 0.57295775 4.583662
1.8499999 9.75 0.64 -3.4377468 4.0107045 2.291831
1.25 9.53 1.04 -8.021409 4.583662 0.0
0.9 9.41 1.1899999 -4.583662 2.8647888 -4.0107045
1.26 9.309999 1.03 1.1459155 -2.291831 0.0
1.4599999 9.5199995 0.93 3.4377468 -1.7188734 1.7188734
1.51 9.66 0.75 2.291831 4.0107045 1.1459155
1.56 9.73 0.85999995 0.0 4.0107045 0.57295775
1.4599999 9.5199995 1.01 1.1459155 -1.7188734 -1.1459155
1.36 9.429999 0.78999996 5.15662 0.0 -1.1459155
1.16 9.29 0.51 4.583662 1.1459155 -1.1459155
0.88 9.44 0.58 -0.57295775 2.8647888 0.0
1.41 9.45 0.66999996 -3.4377468 1.1459155 4.583662
1.26 9.48 0.77 -3.4377468 0.57295775 2.291831
1.29 9.59 0.79999995 -2.291831 -0.57295775 -0.57295775
1.55 9.46 0.84999996 -5.7295775 -0.57295775 0.57295775
1.3399999 9.48 1.3 -10.31324 2.291831 1.1459155
1.11 9.4 1.49 -10.886198 4.583662 0.57295775
1.4 9.45 1.3 -6.3025355 1.7188734 3.4377468
1.5999999 9.5199995 1.02 1.1459155 1.1459155 3.4377468
1.5999999 9.58 0.75 2.8647888 0.57295775 0.57295775
1.37 9.73 0.68 0.57295775 0.57295775 0.57295775
1.65 9.74 0.79999995 -4.583662 1.1459155 0.57295775
1.75 9.7 0.94 -10.886198 5.7295775 -0.57295775
1.5699999 9.71 1.5899999 -16.615776 14.896902 -1.7188734
1.51 9.44 1.86 -19.480566 13.750987 -1.7188734
1.14 9.429999 2.05 -9.740283 6.3025355 -2.8647888
