-1.11 9.42 -0.79999995 10.886198 -8.594366 -5.7295775
-0.69 8.9 -0.83 11.459155 -25.210142 -5.15662
-0.82 8.889999 -0.77 12.605071 -24.064226 -3.4377468
-0.91999996 8.9 -0.89 14.323945 -8.021409 0.0
-0.96 8.8 -1.1 10.886198 -1.1459155 2.8647888
-0.76 8.559999 -1.06 10.886198 -2.291831 6.8754935
-0.26999998 8.22 -1.64 14.323945 -6.8754935 4.583662
-0.19999999 8.07 -1.9 14.323945 -9.740283 2.291831
-0.42999998 7.93 -1.78 16.615776 -14.323945 4.0107045
-0.88 7.7999997 -2.59 21.199438 -18.907606 6.8754935
-0.59999996 7.41 -3.3 18.334648 -24.064226 14.323945
-0.82 7.06 -3.02 -4.583662 -16.615776 24.064226
-1.03 7.0099998 -2.73 -4.583662 -16.615776 24.064226
-0.59 7.08 -2.23 -2.8647888 -21.199438 30.939718
-0.049999997 7.48 -2.8899999 5.7295775 -32.658592 32.085636
0.12 8.12 -3.6699998 24.064226 -46.98254 41.825916
0.85999995 8.17 -4.45 14.896902 -38.961132 46.98254
0.59999996 8.28 -2.4099998 -12.605071 -14.896902 41.825916
0.77 8.37 -1.04 -20.053522 0.0 40.107044
1.52 7.8599997 -1.04 0.0 11.459155 50.993244
1.41 8.349999 -1.38 21.772396 26.356058 64.74423
2.48 8.69 -1.9499999 37.815212 36.09634 72.19268
3.6599998 8.47 -3.4299998 42.971836 -9.167324 68.18198
3.8899999 8.2699995 -4.69 42.971836 -42.398876 59.014652
3.1999998 8.05 -5.47 29.793804 -46.40958 56.72282
3.1699998 8.12 -4.66 -12.605071 -41.25296 68.18198
4.89 7.68 -3.02 -63.02536 -49.27437 73.91155
5.5 7.0099998 -2.18 -89.38142 -62.4524 60.160564
4.47 7.9199996 -0.63 -95.11099 -61.879436 44.69071
4.74 8.24 0.34 -92.81916 -60.733524 45.263664
5.94 7.23 0.32 -87.089584 -69.900856 57.868736
6.3599997 7.37 0.51 -79.641136 -76.203384 61.879436
5.97 8.38 1.16 -71.04677 -80.21409 54.43099
6.54 8.42 1.04 -57.29578 -91.67324 55.576904
7.54 8.26 1.13 -46.40958 -101.98649 62.4524
7.83 8.809999 1.37 -48.128452 -100.84057 60.733524
7.08 10.13 1.35 -60.733524 -97.402824 54.43099
7.02 9.57 1.7199999 -88.2355 -86.516624 56.14986
8.69 9.389999 3.79 -107.143105 -84.79775 51.5662
7.72 11.41 6.54 -110.0079 -101.41353 43.544792
7.3799996 11.62 7.44 -113.44564 -94.53803 42.971836
6.6499996 12.21 8.5199995 -116.883385 -76.203384 40.107044
7.6299996 13.759999 8.46 -81.93296 -62.4524 44.69071
8.4 13.7 6.6099997 -57.868736 -52.139156 45.263664
8.67 13.9 5.2799997 -12.032113 -21.772396 28.07493
7.69 14.799999 3.56 1.1459155 -10.886198 14.323945
7.6099997 15.28 3.34 10.31324 -19.480566 -4.0107045
8.389999 14.92 0.79999995 2.291831 -37.815212 -24.064226
7.7 14.2 0.78999996 -28.64789 -24.637184 -36.09634
7.41 14.15 2.4299998 -71.04677 -15.469859 -46.40958
7.96 13.98 2.9099998 -85.94367 -24.637184 -42.971836
8.99 13.25 2.79 -79.06818 -29.793804 -46.98254
9.05 13.099999 2.9099998 -52.712116 -28.07493 -66.463104
8.74 12.509999 2.54 -28.07493 -29.793804 -86.516624
8.05 11.37 2.05 -14.323945 -34.950428 -100.84057
7.35 10.94 1.3299999 -9.740283 -32.085636 -108.86198
7.08 9.809999 1.23 -16.042818 -24.064226 -112.29972
6.56 9.349999 2.83 -31.51268 -32.658592 -114.59156
6.7599998 9.0199995 3.1799998 -26.356058 -45.83662 -114.0186
6.42 8.099999 1.5799999 -11.459155 -42.971836 -120.32113
4.8199997 8.099999 2.33 -17.188732 -30.366762 -122.61296
3.73 8.5199995 3.6899998 -26.356058 -42.971836 -115.73747
4.29 8.3 3.82 -25.210142 -54.43099 -110.0079
5.0299997 7.74 2.95 -13.178029 -65.317184 -101.98649
4.15 8.12 3.12 -5.15662 -54.43099 -108.86198
3.75 8.32 3.34 -4.583662 -40.680004 -118.029305
3.1399999 7.7799997 2.24 2.291831 -35.523384 -119.74818
2.1499999 7.68 2.01 8.021409 -18.334648 -119.74818
1.6999999 7.69 2.33 4.0107045 -5.7295775 -113.44564
1.54 7.5699997 2.1 -4.0107045 -19.480566 -109.43494
1.16 6.8199997 2.19 -8.021409 -26.356058 -104.85127
0.26 6.71 2.6599998 -8.594366 -24.064226 -99.69466
-0.35999998 6.94 2.58 -4.583662 -28.07493 -91.67324
-0.76 5.95 2.48 -4.0107045 -28.07493 -80.21409
-1.3299999 4.98 3.4299998 -10.886198 -17.761692 -75.630424
-2.0 5.29 4.22 -19.480566 -20.053522 -75.057465
-2.1 5.1099997 3.83 -7.448451 -20.053522 -56.72282
-2.23 5.0 3.4399998 0.0 -17.188732 -51.5662
-2.4199998 4.93 3.07 12.605071 -8.021409 -44.11775
-2.75 5.2 2.95 22.345354 -13.750987 -42.971836
-2.95 5.8599997 2.1 26.929016 -17.761692 -42.971836
-2.79 5.7999997 1.4399999 31.51268 -15.469859 -38.961132
-3.27 5.64 1.24 22.91831 -2.8647888 -32.085636
-4.45 7.1299996 2.6699998 -7.448451 -4.583662 -30.366762
-4.24 7.19 2.78 -13.750987 -4.583662 -26.929016
-3.09 7.22 2.76 -20.053522 -7.448451 -10.31324
-3.1399999 7.31 2.9099998 -26.356058 -7.448451 -5.15662
-3.5 7.46 3.35 -29.220846 -5.15662 -4.583662
-3.33 7.97 4.18 -26.929016 -9.740283 -0.57295775
-2.95 7.96 3.8899999 -11.459155 -17.188732 2.8647888
-3.1399999 8.01 3.34 3.4377468 -7.448451 0.57295775
-3.37 8.33 2.97 4.583662 -2.291831 2.8647888
-2.8 8.309999 2.85 -3.4377468 3.4377468 1.7188734
-2.78 8.639999 3.08 -6.3025355 9.740283 0.0
-2.72 8.9 3.07 0.57295775 2.291831 -1.1459155
-2.79 8.79 2.22 7.448451 -1.1459155 -1.7188734
-3.1699998 8.65 1.8299999 11.459155 1.7188734 -1.1459155
-3.81 8.76 1.9399999 4.0107045 8.021409 -2.291831
-3.4299998 9.0199995 2.53 -6.3025355 9.167324 5.7295775
-2.37 9.23 2.72 -9.167324 1.7188734 16.615776
-1.8199999 9.21 2.6799998 -4.0107045 -1.7188734 14.896902
-2.23 9.5199995 3.47 -2.291831 -2.8647888 4.0107045
-2.4199998 9.179999 3.4299998 2.8647888 -5.7295775 -4.0107045
-3.12 9.37 3.32 12.605071 -1.7188734 -3.4377468
-3.1999998 9.429999 2.53 21.199438 4.583662 5.7295775
-2.48 9.469999 2.22 18.334648 4.583662 16.042818
-1.6999999 9.8 2.04 12.605071 1.1459155 14.896902
-1.88 9.96 1.68 11.459155 2.8647888 5.7295775
-2.23 10.03 1.75 11.459155 5.7295775 0.57295775
-2.36 9.74 1.37 10.31324 5.15662 0.0
-2.56 9.51 1.8399999 4.583662 1.7188734 -1.7188734
-2.4299998 9.7 2.3899999 -2.8647888 1.1459155 0.0
-2.1699998 9.61 2.19 -2.8647888 -0.57295775 1.1459155
-2.3999999 9.2699995 1.93 2.291831 4.583662 1.1459155
-2.59 9.42 2.24 2.291831 7.448451 -0.57295775
-2.33 9.63 2.4199998 2.8647888 1.1459155 0.57295775
-2.11 9.679999 1.65 6.3025355 -3.4377468 -0.57295775
-2.36 9.38 1.24 6.8754935 2.291831 -0.57295775
-2.61 9.36 1.91 -2.8647888 5.15662 -2.291831
-2.53 9.53 2.82 -10.886198 1.1459155 -1.1459155
-2.45 9.429999 2.36 -1.1459155 1.1459155 0.0
-2.4099998 9.179999 2.03 9.740283 1.1459155 0.0
-2.56 9.58 2.34 10.31324 -4.0107045 -2.291831
-2.26 9.8 2.06 12.032113 -7.448451 -1.1459155
-2.4099998 9.23 1.22 14.896902 -0.57295775 0.0
-2.74 9.22 1.8299999 10.886198 2.291831 -0.57295775
-2.46 9.41 2.57 -1.7188734 -4.583662 -1.7188734
-2.1699998 9.28 2.1 1.7188734 -6.3025355 0.0
-2.46 9.22 1.75 5.15662 -0.57295775 0.0
-2.6499999 9.3 2.0 2.291831 2.8647888 -2.8647888
-2.49 9.29 2.21 0.0 0.0 -2.291831
-2.58 9.2 1.77 2.8647888 -1.7188734 -1.7188734
-2.6599998 9.13 1.77 6.3025355 1.7188734 -0.57295775
-2.7 9.25 1.88 1.7188734 1.1459155 0.0
-2.7 9.389999 1.8399999 0.0 2.291831 1.1459155
-2.6499999 9.25 1.56 0.57295775 6.3025355 3.4377468
-2.57 9.2 1.56 2.291831 2.291831 2.291831
-2.33 9.61 1.7199999 3.4377468 -6.3025355 1.1459155
-2.33 9.61 1.7199999 4.0107045 -4.583662 0.57295775
-2.52 9.46 1.74 0.0 0.0 0.57295775
-2.48 9.38 2.22 -6.3025355 0.0 0.57295775
-2.3799999 9.41 2.37 -4.583662 0.0 1.7188734
-2.46 9.34 2.21 0.0 2.291831 2.8647888
-2.44 9.37 2.09 1.1459155 0.0 1.1459155
-2.3 9.37 1.9499999 1.7188734 1.1459155 1.7188734
-2.77 9.38 1.8 1.7188734 2.8647888 1.7188734
-2.7 9.58 2.2 0.0 5.15662 1.7188734
-2.33 9.55 1.74 1.7188734 0.57295775 4.583662
-2.08 9.88 1.6899999 4.583662 0.0 6.3025355
-2.0 9.87 1.55 2.8647888 -1.1459155 2.291831
-2.3799999 9.48 1.91 -3.4377468 1.7188734 -0.57295775
-2.7 9.469999 2.62 -8.021409 4.0107045 -4.0107045
-2.54 9.2699995 2.06 2.8647888 2.291831 0.57295775
-2.54 9.3 1.9499999 6.8754935 4.0107045 2.291831
-2.31 9.4 1.64 9.740283 1.1459155 3.4377468
-2.18 9.599999 1.53 5.7295775 -1.1459155 1.1459155
-2.22 9.42 1.5899999 0.0 1.7188734 0.57295775
