0.6057515 9.8787775 -0.0023942748 -4.1838646 -9.506455 1.723015
0.6177229 9.90272 0.339987 -11.078865 -13.881455 1.583015
0.6344828 9.926663 0.48124924 -12.3038645 -16.681456 0.708015
0.6081458 9.888355 0.50998056 -10.273866 -16.891457 -0.48198506
0.57223165 9.885961 0.4764607 -7.1588645 -13.496455 -1.146985
0.5027977 9.847652 0.4764607 -4.498865 -8.806455 -1.251985
0.50998056 9.850046 0.4956149 -2.7838652 -5.3764553 -0.69198495
0.5865973 9.876384 0.48843205 -1.628865 -3.136455 0.32301497
0.6368771 9.909904 0.38308397 -0.29886502 -1.2814552 1.233015
0.75659084 9.873989 0.3328042 0.821135 -0.231455 1.408015
0.7781393 9.869201 0.36871833 0.856135 0.11854499 0.74301505
0.5506832 9.818921 0.45730647 0.191135 0.188545 -1.076985
0.38547826 9.727939 0.50040346 0.121135004 0.153545 -3.281985
0.22745611 9.70639 0.6081458 0.891135 -0.12645501 -3.911985
0.12450229 9.742304 0.4956149 2.291135 -1.421455 -3.4219851
0.47167215 9.845258 0.35435268 3.9011352 -0.721455 -0.726985
0.7326481 9.909904 0.3974496 3.936135 0.888545 3.928015
0.5411061 10.072714 0.7781393 2.501135 0.503545 5.0130153
0.531529 10.122993 0.75659084 0.751135 1.693545 2.563015
0.7206767 10.199611 0.43815228 2.9561348 1.798545 1.058015
0.9313729 10.199611 0.14844504 7.2611346 0.083545 1.023015
0.85954463 10.079897 0.07422252 7.4361343 1.1335449 0.043015
0.6560313 9.926663 0.22985038 4.461135 1.973545 -3.211985
0.2657645 9.680053 0.13647367 -0.508865 4.0035453 -8.461985
0.30167863 9.557945 -0.031125572 0.611135 4.248545 -7.2019844
0.44533512 9.469357 -0.41420954 1.3811351 3.793545 -4.4719853
0.65842557 9.222747 -0.7541966 0.541135 4.0035453 -2.476985
0.5554718 9.105427 -0.7829279 -2.013865 3.198545 -2.9319851
0.1987248 8.897125 -0.6943397 -3.9388652 2.988545 -4.856985
0.090982445 8.684034 -0.67757976 -2.923865 0.32854497 -4.786985
0.0670397 8.490098 -0.7805336 1.346135 -3.906455 -2.301985
0.16281068 8.3129225 -1.0271438 6.386135 -5.901455 0.603015
0.3902668 8.207574 -1.7909175 10.796135 -7.6514554 4.278015
0.72546524 8.066312 -2.2194927 14.401136 -12.411455 7.4980154
0.65842557 7.728719 -2.2793496 11.9861355 -15.841455 4.838015
0.55307746 7.1229677 -2.4349775 7.611135 -18.186455 5.7130146
0.5698374 6.7997403 -2.2769554 3.236135 -19.516457 10.403015
0.5411061 6.524399 -2.1045675 0.611135 -23.471455 15.618014
0.41181526 6.6177754 -1.8411974 1.696135 -27.811455 19.678017
0.7685622 6.6680555 -2.073442 6.806135 -33.096455 24.613016
1.2402344 6.7231236 -2.2458298 13.456135 -39.74646 31.893015
1.6257126 6.876357 -1.8316202 16.746136 -44.716457 37.003017
2.0782306 6.938608 -1.594587 18.251135 -49.301456 37.633015
2.2625897 7.4030976 -1.6137413 21.051134 -51.996456 37.178017
2.6744049 7.778999 -1.7885233 21.751135 -46.921455 37.808014
2.8827069 7.848433 -1.211503 15.696135 -37.086456 40.013016
2.6720107 7.702382 -0.057462595 3.446135 -31.591455 40.048016
2.6767993 7.6712565 0.045491222 -4.043865 -32.676456 41.798016
2.7582045 7.7071705 -0.17478207 -2.6788652 -35.756454 48.798016
3.2394538 7.800547 0.23942748 -6.6338654 -30.226456 58.598015
3.8571768 8.0711 0.83081335 -16.223864 -23.611456 69.098015
4.4461684 8.514041 1.0846065 -20.283865 -21.441456 77.46301
4.532362 8.657698 0.74701375 -14.053865 -20.496454 80.71802
4.271386 9.119793 0.6440599 -1.9788648 -21.406454 75.85301
4.946572 9.668081 0.679974 6.946135 -24.696455 71.863014
5.5188036 9.802161 0.12210801 11.601135 -25.991455 74.943016
4.819675 9.694419 -0.5411061 16.886135 -23.681456 76.693016
3.962525 9.799767 -0.81644773 20.841135 -21.686457 67.418015
4.5108137 10.151725 -0.54828894 16.431135 -28.861456 61.678017
5.5786605 10.108628 -0.30646718 0.926135 -39.116455 71.583015
5.906676 9.976943 0.21548474 -18.323864 -39.151455 86.24802
5.956956 10.541992 1.3431882 -34.178867 -34.706455 91.67302
6.6967864 11.260275 1.1827718 -42.893864 -40.761456 86.94801
7.4270406 11.420691 0.21548474 -39.148865 -35.336456 86.528015
7.616188 11.375199 0.12210801 -48.353863 -29.176458 79.84302
7.312115 11.482942 1.4940275 -68.093864 -27.461454 67.90801
6.936214 11.614627 1.786129 -80.203865 -23.541456 57.058014
6.65369 11.961797 1.2833313 -81.25386 -16.191456 51.493015
7.1109962 12.217984 0.5698374 -80.868866 -12.446456 48.938015
7.362395 12.433469 0.8140534 -89.233864 -15.911455 46.173016
7.2762012 12.79261 1.4389591 -103.758865 -12.866456 38.018013
8.839663 11.856449 1.1109436 -112.92887 -9.611455 32.663013
8.803748 10.769448 0.57223165 -115.16888 -6.1464553 21.603014
7.922655 9.924269 1.7741576 -118.808876 3.443545 -0.061985
6.4932733 10.577906 2.056682 -116.35887 6.523545 -20.536985
6.9649453 11.794198 0.76137936 -95.56886 6.173545 -28.936987
8.269825 12.75909 -1.2905141 -68.093864 10.688545 -24.806984
7.9489923 14.020873 -1.2306572 -51.923866 9.778544 -31.176987
7.2809896 15.696866 0.30646718 -49.298866 -1.771455 -54.171986
8.930645 16.932312 -0.64166564 -42.263866 -14.581455 -71.041985
10.659311 17.08315 -1.3120626 -31.938866 -23.751455 -73.526985
11.511673 16.044035 1.4557191 -51.678867 -22.141455 -82.486984
10.556357 15.390398 5.2506447 -85.523865 -18.291454 -104.081985
8.590658 14.77507 6.6273527 -86.188866 -19.971457 -130.752
8.475733 14.008902 5.0495257 -46.358868 -20.146456 -146.502
9.617802 13.012883 3.5962007 0.576135 -22.876455 -144.43698
8.954588 11.763072 3.816474 18.636135 -24.976456 -140.69199
7.4845033 10.738322 4.5898247 11.636135 -19.796457 -146.67699
5.784568 9.692024 5.2243075 1.801135 -15.071454 -149.232
6.079064 7.893924 5.166845 1.031135 -19.026455 -138.66197
6.150892 7.0535336 4.8364353 6.841135 -17.451456 -113.916985
9.632168 5.442187 4.8915033 11.881135 -9.016455 -92.60199
6.759038 4.70475 7.0702934 16.606134 -5.341455 -91.55199
4.5347567 3.7207031 7.2522583 26.791138 -16.996454 -122.947
2.875524 2.779753 5.305713 59.446136 -21.546455 -144.78697
1.2091088 2.6696165 3.014392 103.82613 -21.336456 -129.31699
1.0774237 2.360755 2.0064023 126.12114 -8.456455 -95.401985
1.4245936 1.7909175 2.5834224 112.64613 12.228545 -53.961987
1.0271438 1.2330515 3.0359404 81.53114 27.103546 -17.316984
0.44054657 1.673598 3.110163 63.401134 24.653543 5.0130153
0.6895511 2.7079248 2.0902019 62.87614 10.968545 17.928015
1.594587 3.4046588 1.2689656 64.73114 -26.061457 24.648014
0.8571504 4.051113 0.79250497 47.651134 -35.266457 3.9630153
-0.51955765 4.4318027 0.8834874 19.756134 -23.156456 -26.451984
-1.7957062 4.685596 1.4174107 -9.118865 2.463545 -46.926987
-1.8962656 5.1979704 1.5826156 -26.513865 23.288546 -47.346985
-1.6927522 6.055121 2.176396 -29.418865 27.873545 -39.541985
-2.2242813 6.6153812 1.5036045 -19.898865 21.013544 -39.366985
-2.760599 6.8667803 1.489239 -10.308866 18.773544 -42.306984
-2.7917244 7.1924014 1.4700848 -4.7788653 25.528543 -33.346985
-1.8244374 7.7670274 0.9481328 5.2311354 25.878546 -13.781984
-1.2258687 8.427847 0.46927786 19.126135 13.698545 -2.616985
-0.7039168 8.904308 -0.22266756 30.571135 -1.3864549 -2.546985
-0.6105401 9.3280945 -0.72546524 33.756134 -8.421455 -4.2269845
-0.21787901 9.735122 -1.036721 28.681135 -2.296455 -1.916985
0.011971374 10.07032 -1.0510867 17.131136 6.698545 -0.901985
-0.23224466 10.055954 -0.68236834 4.006135 11.808545 -5.556985
-0.87630457 9.993703 -0.41181526 -5.163865 11.808545 -13.361985
-1.1061549 9.775824 -0.23224466 -8.488865 8.133545 -17.001986
-1.2091088 9.634562 -0.17478207 -6.983865 3.443545 -13.746986
-1.0415095 9.763853 -0.31365 -4.1838646 2.708545 -8.286984
-0.9720756 9.871595 -0.14126222 -3.518865 2.603545 -3.596985
-0.9720756 9.914692 0.021548472 -3.5888653 -0.33645502 -2.1269848
-0.81165916 9.888355 -0.038308397 -1.593865 -2.716455 -1.041985
-0.5889916 9.816526 -0.32562137 1.836135 -1.176455 2.0730152
-0.6081458 9.900327 -0.3902668 3.586135 1.518545 3.473015
-0.5865973 9.785401 -0.28731298 1.521135 2.0085452 0.56801504
-0.9433443 9.680053 -0.12929083 -2.013865 1.378545 -3.806985
-1.3192455 9.63935 -0.062251143 -4.078865 2.8485448 -6.326985
-1.1923488 9.644139 -0.12210801 -2.643865 5.0535445 -5.556985
-0.70631105 9.648928 -0.18196489 1.801135 2.743545 -1.181985
-0.7901107 9.763853 -0.29928434 5.581135 -1.351455 2.528015
-1.010384 9.687236 -0.26097596 5.721135 -1.316455 1.233015
-1.0247496 9.466963 -0.13168511 2.781135 2.708545 -1.0069851
-1.036721 9.419077 -0.052674048 0.64613503 4.1085453 -0.236985
-0.97446984 9.447808 -0.10055954 3.936135 2.9185452 1.933015
-1.0558752 9.495694 -0.23463893 6.491135 2.953545 2.563015
-0.85954463 9.366403 -0.53871185 9.046135 3.023545 4.5230155
-0.8978531 9.371192 -0.7685622 9.956135 2.4985452 6.728015
-1.1492519 9.44302 -1.0439038 7.9261355 3.408545 7.0430155
-1.3048798 9.541185 -0.9122187 2.081135 5.473545 7.5330157
-0.8667275 9.545974 -0.55307746 -4.078865 4.5985446 11.173016
-0.15083931 9.684841 -0.09337672 -5.653865 0.153545 14.988015
-0.19154198 9.972155 -0.37111259 -0.47386503 -2.296455 12.2930155
-0.34956414 10.034406 -0.7829279 5.791135 -0.61645496 6.063015
-0.4285752 9.979338 -0.9074302 5.126135 1.693545 2.773015
-0.50040346 9.981731 -0.7039168 -1.243865 6.103545 1.933015
-0.47885495 10.000886 -0.4668836 -6.2138653 7.9585447 2.283015
-0.4166038 10.046377 -0.47167215 -5.198865 4.6335454 3.228015
-0.31604427 10.017646 -0.6656084 -0.368865 -1.421455 2.4930153
-0.28731298 9.981731 -0.70631105 1.9061351 -4.186455 1.723015
-0.4189981 9.888355 -0.65842557 0.121135004 -3.1714551 1.023015
-0.57462597 9.897932 -0.40463245 -3.728865 0.083545 0.21801502
-0.33759275 9.962578 -0.19154198 -6.1088653 1.308545 1.3730149
-0.20590763 9.974549 -0.41420954 -4.358865 -0.61645496 3.8580153
-0.5770202 9.931452 -0.6201172 -1.208865 -1.0364549 2.983015
-0.69912827 9.751882 -0.4836435 -1.4188651 2.0085452 -0.201985
-0.61293435 9.680053 -0.13886794 -4.078865 0.29354498 -1.111985
-0.67279124 9.694419 -0.21309046 -4.358865 -2.856455 0.463015
-0.63208854 9.804555 -0.17717634 -1.8388652 -2.856455 1.793015
-0.409421 9.862018 -0.062251143 -0.578865 -2.506455 3.7880151
