-0.049999997 9.76 0.82 12.032113 -5.15662 -1.7188734
0.13 9.69 -0.98999995 -2.8647888 -8.594366 -4.0107045
-0.35999998 9.5 -1.17 -12.032113 -10.886198 -1.7188734
-0.65 9.03 0.26999998 -4.583662 -13.750987 0.57295775
-0.21 8.429999 0.96 20.053522 -8.594366 5.15662
0.03 8.24 -0.84 18.907606 -5.15662 4.0107045
0.07 7.6099997 -1.77 4.0107045 -0.57295775 2.8647888
-0.01 7.0299997 -1.27 -0.57295775 -1.7188734 6.3025355
0.48 6.27 -1.3199999 1.7188734 -6.8754935 10.31324
1.12 5.17 -2.96 -18.334648 -3.4377468 10.31324
1.2099999 3.84 -4.0699997 -37.242256 -4.583662 10.886198
0.42 2.6 -3.47 -38.961132 -15.469859 21.199438
-0.32 1.66 -2.22 -28.07493 -32.085636 39.53409
-0.58 1.3 -1.3299999 -8.594366 -41.25296 59.58761
-0.91999996 2.79 -0.91999996 10.886198 -65.317184 85.94367
2.6599998 3.3999999 -4.5099998 -9.167324 -65.317184 88.2355
3.09 3.27 -4.46 -46.40958 -52.712116 92.24621
3.23 3.6899998 -1.67 -60.733524 -44.11775 97.97578
4.19 4.11 0.48999998 -44.11775 -64.74423 110.0079
5.13 4.73 0.049999997 -30.939718 -71.61973 111.72677
5.35 5.2999997 -0.12 -34.377464 -77.349304 117.456345
5.7999997 5.8599997 0.81 -32.085636 -79.06818 126.62367
6.3199997 6.33 0.87 -36.09634 -76.203384 134.64508
7.02 7.72 0.76 -45.83662 -68.75493 131.78029
7.91 9.03 1.73 -40.680004 -67.03606 127.19663
8.9 10.57 3.58 -10.886198 -83.07887 121.46705
10.04 13.599999 1.79 -24.064226 -71.04677 111.15381
9.23 13.94 1.8199999 -53.858032 -53.285076 99.69466
8.5199995 14.7699995 4.52 -59.014652 -42.398876 97.402824
8.83 16.06 5.91 -40.107044 -37.815212 89.38142
9.469999 16.39 5.23 -2.291831 -35.523384 61.879436
7.98 17.24 4.2 13.178029 -33.80451 53.858032
8.38 17.63 1.76 3.4377468 -28.64789 39.53409
10.179999 16.84 -0.71 -12.605071 -19.480566 11.459155
10.01 15.58 -0.79999995 -6.3025355 -26.929016 -8.594366
8.45 14.639999 -0.22 6.3025355 -37.815212 -12.605071
8.07 13.91 -3.53 -12.605071 -42.971836 -15.469859
8.82 13.94 -3.35 -23.49127 -48.701412 -25.210142
9.26 14.28 -2.79 -24.637184 -53.858032 -36.09634
10.13 14.2699995 -2.8 -23.49127 -62.4524 -49.27437
10.26 13.7 -2.86 -26.929016 -63.598316 -64.74423
9.719999 12.95 -2.03 -22.91831 -67.60902 -72.19268
9.86 12.73 -1.67 -22.91831 -68.75493 -77.349304
10.62 12.349999 -2.51 -35.523384 -65.890144 -87.089584
10.44 11.24 -2.31 -44.11775 -66.463104 -93.39212
9.42 10.4 -0.39 -35.523384 -67.03606 -90.52733
9.25 10.08 1.14 -10.31324 -71.61973 -93.39212
8.79 9.099999 0.53 -6.8754935 -72.76564 -95.11099
7.41 8.33 0.97999996 -4.0107045 -72.76564 -87.662544
5.37 8.349999 1.61 8.021409 -79.06818 -69.900856
4.43 8.08 1.5 24.064226 -104.85127 -38.38817
7.69 7.64 0.35 22.345354 -122.04 -24.637184
11.09 8.47 -0.42 -18.907606 -91.10028 -68.18198
10.45 8.19 -0.65999997 -56.72282 -48.128452 -95.68395
7.81 7.17 0.78999996 -71.61973 -33.231552 -106.57015
5.23 5.96 3.1599998 -57.868736 -38.38817 -101.41353
3.03 4.91 4.44 -33.80451 -42.398876 -81.93296
1.9799999 3.81 3.11 -14.323945 -38.38817 -58.441692
1.3199999 3.01 2.52 -14.896902 -33.80451 -50.420284
0.89 3.0 2.26 -17.761692 -30.366762 -44.69071
0.48 3.08 2.6 -16.042818 -32.658592 -40.107044
-0.13 3.24 2.49 -12.032113 -32.658592 -36.669296
-0.81 3.33 2.08 -15.469859 -25.210142 -25.7831
-0.82 4.04 2.6 -13.750987 -25.210142 -21.772396
-0.42999998 4.47 2.3799999 -15.469859 -20.62648 -18.907606
-0.32999998 5.23 2.23 -14.323945 -14.323945 -19.480566
-0.74 6.0899997 2.75 -3.4377468 -13.178029 -18.907606
-0.48999998 6.3399997 2.08 -4.583662 -5.7295775 -21.199438
-1.61 6.56 0.22999999 -28.64789 2.8647888 -20.053522
-1.91 7.0099998 1.4499999 -27.501974 -2.8647888 -9.740283
-1.43 7.17 1.9499999 -17.188732 -3.4377468 -2.8647888
-1.04 7.64 1.5799999 -12.605071 0.0 0.57295775
-1.0799999 8.16 1.01 -15.469859 6.8754935 5.15662
-0.64 8.49 1.5699999 -1.7188734 -2.8647888 9.740283
-0.45999998 8.73 1.8299999 9.167324 -10.31324 10.31324
-0.19999999 8.849999 1.16 6.3025355 -6.8754935 12.605071
0.06 8.94 0.55 0.0 0.0 12.605071
0.089999996 9.07 0.89 -0.57295775 -0.57295775 14.323945
-0.12 9.09 1.6899999 6.8754935 -2.291831 20.053522
0.0 9.04 1.31 20.053522 6.3025355 28.07493
0.08 9.22 0.59999996 22.91831 1.1459155 33.80451
0.88 9.719999 0.37 27.501974 -8.021409 34.377464
1.26 10.389999 0.29999998 33.80451 -14.896902 29.793804
1.5799999 10.679999 -0.32 32.658592 -13.178029 25.210142
1.8199999 10.63 -1.5 2.291831 6.3025355 16.042818
1.8199999 10.55 -1.62 -16.042818 10.886198 9.167324
1.67 10.28 -0.64 -18.334648 7.448451 4.0107045
1.4499999 10.05 0.31 -8.021409 0.0 1.7188734
1.0799999 9.88 0.69 0.57295775 -6.3025355 3.4377468
1.06 9.849999 0.45999998 0.0 -3.4377468 2.8647888
1.18 9.719999 0.19999999 -9.167324 5.15662 1.1459155
1.06 9.92 0.79999995 -5.15662 1.1459155 4.0107045
1.56 9.9 0.83 1.7188734 -0.57295775 2.291831
1.5799999 9.86 0.37 4.0107045 0.0 0.0
1.25 9.82 0.08 1.7188734 0.0 -0.57295775
1.24 9.84 0.14999999 -1.1459155 3.4377468 1.1459155
1.4599999 9.99 0.44 0.0 4.0107045 0.0
1.88 10.07 -0.02 -3.4377468 3.4377468 -6.3025355
1.53 9.809999 -0.35 -5.7295775 0.0 -6.3025355
1.0 9.88 0.26999998 -2.291831 -2.8647888 -4.583662
1.16 9.73 0.61 1.7188734 -0.57295775 -4.0107045
0.96 9.67 0.12 -4.0107045 2.291831 -2.291831
1.0699999 9.73 0.69 -3.4377468 2.291831 -0.57295775
1.3399999 9.69 0.83 2.8647888 1.1459155 -1.1459155
1.23 9.62 0.39 5.7295775 0.57295775 -2.8647888
1.04 9.599999 0.02 2.291831 0.57295775 -2.8647888
1.09 9.38 0.0 -22.91831 4.0107045 -4.583662
0.77 9.2 0.17 -17.188732 17.761692 -2.8647888
0.44 9.09 0.77 -14.896902 18.907606 0.57295775
0.32 9.2 1.31 -4.0107045 8.594366 3.4377468
0.47 9.2699995 1.18 4.0107045 -1.1459155 5.15662
0.7 9.22 0.93 9.167324 -7.448451 8.021409
1.4 9.58 0.76 8.594366 -6.3025355 6.3025355
1.5699999 9.78 0.53999996 2.8647888 1.7188734 2.8647888
1.5 9.78 0.59999996 -1.7188734 8.594366 0.57295775
1.2099999 9.599999 0.53 -1.7188734 10.31324 -0.57295775
0.83 9.679999 0.76 3.4377468 4.0107045 0.57295775
0.93 9.62 0.42 8.594366 -1.1459155 2.291831
1.23 9.67 -0.049999997 4.0107045 0.0 1.1459155
1.22 9.71 -0.11 -1.1459155 0.57295775 0.0
1.3199999 9.679999 -0.13 -6.8754935 2.8647888 -1.1459155
1.26 9.51 -0.03 -10.31324 2.291831 -2.291831
0.94 9.46 0.58 -9.167324 0.0 -0.57295775
0.96 9.5199995 1.14 -2.291831 1.7188734 1.1459155
0.98999995 9.88 1.63 2.8647888 4.583662 4.0107045
1.38 9.73 0.87 3.4377468 5.7295775 2.291831
1.4399999 9.67 0.51 0.0 4.583662 -1.1459155
1.1999999 9.559999 0.64 -1.1459155 5.15662 -2.8647888
0.95 9.48 0.74 0.0 6.8754935 -1.7188734
0.90999997 9.5 0.59 -0.57295775 6.8754935 0.0
1.12 9.4 0.53999996 -0.57295775 7.448451 0.0
1.01 9.41 0.61 2.8647888 4.583662 2.291831
1.11 9.57 0.72999996 7.448451 0.57295775 2.291831
1.26 9.69 0.47 9.740283 -1.1459155 0.57295775
1.1899999 9.65 0.07 3.4377468 -1.7188734 1.7188734
1.22 9.63 -0.04 -1.7188734 0.0 2.8647888
1.31 9.73 0.24 -2.8647888 1.7188734 1.1459155
1.31 9.719999 0.41 -1.7188734 0.0 0.57295775
1.38 9.55 0.52 -2.291831 0.0 0.0
