0.56 8.76 -1.5999999 18.907606 -21.199438 -8.594366
0.48999998 8.48 -2.09 8.594366 -45.83662 -8.594366
0.53 8.34 -1.5999999 4.583662 -28.64789 -1.1459155
0.35 8.179999 -1.91 5.7295775 -17.761692 0.0
0.5 7.99 -2.09 8.594366 -17.188732 1.1459155
0.31 7.8999996 -2.1 13.178029 -20.053522 -2.291831
0.48999998 8.15 -2.31 18.907606 -22.91831 0.0
0.81 8.309999 -2.83 24.064226 -22.91831 4.583662
0.90999997 8.28 -3.33 19.480566 -23.49127 4.583662
1.0699999 8.17 -3.24 13.750987 -26.356058 5.7295775
1.4699999 7.85 -2.9399998 -0.57295775 -33.80451 8.594366
1.09 7.2 -2.19 -18.334648 -34.377464 10.31324
1.2099999 6.81 -1.91 -22.345354 -30.939718 16.615776
1.65 6.5899997 -1.92 -21.772396 -31.51268 18.907606
1.9599999 6.56 -1.92 -17.761692 -41.825916 22.345354
1.37 6.35 -1.24 -11.459155 -41.25296 25.210142
1.15 6.6499996 -0.56 -6.3025355 -38.38817 28.07493
2.1 7.24 -0.82 7.448451 -42.398876 37.242256
2.61 7.54 -1.38 16.615776 -48.701412 42.971836
2.32 8.11 -2.74 33.80451 -47.555496 44.11775
2.1699998 8.57 -2.6599998 25.7831 -36.09634 50.993244
2.8 9.28 -1.5699999 5.7295775 -41.825916 60.160564
3.31 9.61 -1.91 0.57295775 -49.84733 67.03606
4.17 9.849999 -1.8399999 0.0 -56.72282 65.317184
4.2799997 10.03 -1.5999999 -3.4377468 -62.4524 58.441692
4.21 10.15 -1.42 -5.7295775 -63.598316 57.868736
4.95 10.46 -0.83 -18.334648 -63.02536 65.317184
5.24 10.29 -0.81 -21.772396 -65.890144 66.463104
5.2799997 10.3 -0.099999994 -31.51268 -65.317184 56.72282
4.98 10.5 0.38 -31.51268 -65.317184 56.72282
4.99 10.54 0.58 -30.939718 -60.160564 56.72282
5.08 11.03 1.05 -30.939718 -58.441692 56.72282
5.25 11.469999 1.13 -28.64789 -56.14986 55.576904
5.25 11.469999 1.13 -25.7831 -52.712116 53.858032
4.77 11.63 1.03 -25.210142 -48.128452 48.701412
3.99 11.96 1.79 -40.107044 -38.38817 48.128452
4.2 12.23 1.9 -45.83662 -38.38817 49.84733
4.99 12.41 1.24 -34.950428 -39.53409 47.555496
4.85 12.849999 1.1899999 -24.064226 -35.523384 35.523384
5.0699997 13.139999 1.03 -21.199438 -34.950428 28.64789
5.06 13.03 0.83 -26.356058 -33.231552 16.042818
4.35 12.99 0.79999995 -34.950428 -29.220846 11.459155
5.0299997 13.15 0.74 -31.51268 -20.62648 7.448451
5.0299997 13.15 0.74 -31.51268 -20.62648 7.448451
4.98 13.21 -0.13 -11.459155 -21.772396 -13.178029
4.72 13.67 -0.39 -12.032113 -23.49127 -19.480566
5.13 13.42 -1.16 -14.323945 -23.49127 -17.761692
5.17 13.219999 -1.28 -17.188732 -22.91831 -16.042818
4.8199997 12.719999 -1.17 -25.210142 -19.480566 -18.907606
4.35 12.719999 -0.45999998 -26.356058 -15.469859 -25.7831
5.23 13.09 -0.91999996 -12.605071 -6.3025355 -24.637184
5.71 13.32 -1.43 -4.0107045 -4.0107045 -24.637184
5.75 13.61 -2.09 4.0107045 -5.15662 -30.366762
5.6299996 13.09 -2.28 -1.1459155 -9.167324 -37.242256
5.2 12.05 -1.37 -18.334648 -12.032113 -46.98254
5.1 11.63 0.31 -30.366762 -16.615776 -57.868736
5.7 11.179999 0.12 -14.896902 -21.772396 -55.576904
5.58 11.0199995 -0.099999994 -6.8754935 -24.637184 -57.29578
5.0699997 10.63 -0.63 2.8647888 -32.085636 -60.733524
4.99 10.219999 -1.0 4.583662 -34.377464 -59.58761
4.9 9.78 -0.71999997 0.57295775 -32.085636 -60.733524
4.68 9.5199995 0.099999994 -6.3025355 -28.07493 -63.598316
4.6 9.34 0.16 -4.0107045 -29.793804 -64.74423
3.51 9.07 -0.7 -3.4377468 -32.085636 -67.03606
3.06 8.889999 -0.71999997 -7.448451 -30.939718 -65.890144
2.71 8.51 0.0 -27.501974 -31.51268 -56.14986
3.11 7.87 1.38 -48.128452 -29.220846 -43.544792
3.56 7.58 1.73 -52.139156 -28.64789 -34.950428
2.99 7.3599997 2.29 -40.680004 -29.220846 -34.950428
2.36 7.5 2.31 -16.042818 -33.231552 -46.98254
1.27 7.72 1.09 8.021409 -44.69071 -52.712116
1.4699999 7.73 0.71 13.178029 -50.420284 -42.971836
1.52 7.6499996 0.88 0.0 -40.680004 -29.793804
1.8399999 7.95 1.89 -16.615776 -37.242256 -20.62648
2.02 7.69 1.77 -18.907606 -41.825916 -19.480566
1.36 6.93 1.86 -13.178029 -28.64789 -29.793804
0.96999997 6.83 1.78 -12.605071 -21.199438 -34.950428
0.06 6.74 2.08 -15.469859 -13.750987 -36.09634
0.06 6.74 2.08 -16.615776 -8.594366 -34.377464
0.12 6.98 2.1299999 -12.032113 -7.448451 -25.7831
0.24 7.0699997 1.0799999 -1.1459155 -10.31324 -26.356058
-0.59999996 7.16 0.77 4.583662 -10.31324 -38.961132
-1.11 7.43 1.41 5.7295775 -10.886198 -44.11775
-1.09 7.68 1.56 5.15662 -13.750987 -40.680004
-0.74 7.79 0.85999995 5.7295775 -14.896902 -29.220846
-0.58 7.7999997 0.51 5.7295775 -5.15662 -16.615776
-0.71 8.21 0.88 0.57295775 -3.4377468 -17.188732
-0.34 8.72 0.95 -0.57295775 -5.7295775 -18.334648
-0.76 8.5 0.38 2.291831 -5.15662 -22.91831
-1.02 8.389999 0.38 -0.57295775 -1.7188734 -21.199438
-1.4399999 8.32 1.39 -17.188732 -1.7188734 -12.605071
-0.85999995 8.61 2.0 -15.469859 -4.583662 -5.15662
-0.53 8.91 1.3 -1.7188734 1.7188734 1.1459155
-0.78999996 8.889999 0.79999995 9.167324 8.021409 0.0
-0.84 9.21 0.51 12.605071 0.57295775 -3.4377468
-0.89 9.5 0.35 12.605071 -3.4377468 -2.291831
-0.26 9.969999 0.19999999 12.032113 0.57295775 5.15662
-0.26 10.059999 -0.01 8.594366 2.8647888 0.0
-0.32999998 10.17 0.14999999 5.15662 2.8647888 0.0
-0.03 10.25 0.32999998 0.0 1.7188734 1.1459155
-0.19 10.059999 0.12 -1.1459155 0.57295775 0.0
-0.63 10.0 0.44 -5.7295775 1.1459155 -2.291831
-0.48999998 9.84 1.02 -5.7295775 0.57295775 -1.1459155
-0.22 9.9 1.12 -1.7188734 -3.4377468 0.57295775
-0.28 10.15 0.95 6.8754935 -1.1459155 -0.57295775
-0.12 10.37 0.45 14.323945 -0.57295775 -1.1459155
-0.14999999 10.349999 -0.07 15.469859 -2.291831 -1.7188734
-0.29 10.37 -0.14 3.4377468 1.1459155 -1.1459155
-0.19 10.3 0.06 0.0 1.7188734 -0.57295775
-0.14999999 10.21 0.26 -5.7295775 0.57295775 0.0
-0.44 10.139999 0.07 -5.15662 2.291831 -2.291831
-0.45999998 9.92 0.25 -5.7295775 4.0107045 -2.291831
-0.32 9.87 0.63 -7.448451 -1.7188734 0.0
-0.19999999 9.99 0.75 -4.583662 -2.291831 -1.7188734
-0.35 10.219999 0.56 4.583662 0.0 -3.4377468
-0.39999998 10.139999 0.12 5.7295775 -0.57295775 -4.583662
-0.64 10.139999 0.08 4.583662 0.57295775 -3.4377468
-0.39999998 10.05 0.35999998 -0.57295775 1.7188734 -1.1459155
-0.17 10.03 0.51 -4.0107045 -2.8647888 0.0
-0.35 10.12 0.53999996 -4.583662 -2.8647888 0.0
-0.28 9.9 0.62 -4.583662 3.4377468 -0.57295775
-0.26999998 9.67 0.66999996 -5.15662 1.1459155 -1.7188734
-0.56 9.25 0.89 -4.0107045 0.57295775 -2.8647888
-1.0799999 9.2 0.88 0.57295775 1.1459155 -2.291831
-0.89 9.599999 1.11 4.0107045 2.291831 2.291831
-0.32 9.94 0.31 10.31324 -2.291831 5.15662
-0.17999999 9.98 -0.26999998 11.459155 -1.7188734 0.57295775
-0.61 10.099999 -0.11 0.57295775 -1.1459155 -4.0107045
-0.76 9.94 0.39 -9.167324 0.0 0.0
-0.71 9.7699995 0.65 -10.31324 2.8647888 4.583662
-0.65 9.7699995 0.66999996 -7.448451 3.4377468 5.15662
-0.35999998 10.0199995 0.72999996 2.8647888 -1.7188734 5.15662
-0.099999994 10.34 0.53999996 10.31324 -3.4377468 4.0107045
-0.06 10.42 0.28 10.31324 -3.4377468 4.0107045
-0.34 10.429999 -0.049999997 12.605071 -2.291831 0.57295775
-0.24 10.2699995 0.35 2.291831 -2.291831 0.0
-0.08 10.19 0.35 0.0 -3.4377468 0.57295775
-0.29 10.23 0.32999998 0.57295775 -2.291831 -1.1459155
-0.39 10.09 0.68 0.0 -1.1459155 -2.8647888
-0.34 9.99 0.66999996 0.0 -2.291831 -2.8647888
-0.39 9.929999 0.52 2.291831 -2.291831 -4.0107045
-0.48 9.929999 0.31 4.0107045 0.0 -1.7188734
-0.42999998 9.79 0.28 2.291831 -1.1459155 -0.57295775
-0.59999996 9.74 0.29 1.1459155 -1.1459155 -1.7188734
-0.59999996 9.75 0.42 0.57295775 -0.57295775 0.0
-0.45 9.96 0.37 1.7188734 -1.1459155 0.57295775
