0.18435916 9.534002 0.14365649 3.131135 18.773544 -0.061985
0.5147691 9.629773 -0.21309046 6.8761353 -0.721455 5.433015
0.43575802 9.847652 -0.04070267 4.531135 3.793545 4.418015
0.3232271 9.900327 0.06464542 -1.033865 13.9085455 2.668015
0.3423813 9.847652 0.3040729 -5.723865 20.103544 3.298015
0.48124924 9.787795 0.5770202 -8.068866 20.383545 4.208015
0.55786604 9.763853 0.43096948 -4.393865 12.753545 4.103015
0.4668836 9.833286 0.23463893 0.191135 7.363546 2.633015
0.38787252 9.826104 0.14365649 1.1711351 6.243545 1.1630149
0.2681588 9.785401 0.2849187 -0.29886502 5.1585445 0.35801497
0.30646718 9.759064 0.45730647 -2.083865 5.123545 1.023015
0.35674694 9.761458 0.38547826 -1.033865 3.723545 2.598015
0.6105401 9.890749 0.37111259 1.556135 0.923545 3.263015
0.8044763 10.075109 0.28252444 3.411135 -0.581455 2.773015
0.8379962 10.075109 0.045491222 4.0761347 1.4835451 1.3730149
0.6751855 9.924269 -0.057462595 2.4311352 5.8935447 -0.096985
0.25379312 9.852441 0.19633053 -1.243865 8.378545 -2.756985
0.083799616 9.871595 0.339987 -2.9588652 6.663545 -4.6119847
0.25858167 9.8237095 0.25858167 -1.4188651 3.688545 -3.666985
0.4070267 9.701602 0.1987248 1.241135 1.553545 -1.3919849
0.2083019 9.380769 0.1340794 3.166135 0.398545 -1.5319849
-0.28252444 9.076695 -0.047885496 3.831135 2.113545 -3.106985
-0.09337672 8.406299 -0.6249057 6.176135 4.563545 -2.546985
0.24900457 7.5036573 -1.2498114 11.216134 2.113545 -0.411985
0.50998056 5.8324533 -1.9944309 13.771135 -1.351455 0.183015
0.14365649 4.245049 -2.2865324 8.906135 0.81854504 -0.166985
-0.5818088 3.74704 -2.4254005 -0.29886502 13.278545 -1.286985
-2.5499027 3.8284454 -3.067066 -0.543865 20.313545 -4.2619853
-1.9393626 4.051113 -3.6369035 12.371135 -1.666455 -2.161985
-0.505192 4.1804037 -4.4916596 24.726135 -32.571453 10.403015
1.0439038 4.2977233 -4.8364353 22.381136 -43.38646 30.808016
1.6688095 4.580248 -3.4429672 -0.64886504 -32.641453 44.913017
1.6855695 5.073468 -1.211503 -34.423866 -19.061455 46.453014
2.4373717 5.174028 0.22745611 -59.728863 -14.161455 44.598015
3.703943 4.8986864 0.17478207 -62.94886 -17.416454 52.368015
3.4836698 4.8124924 0.3519584 -50.31387 -21.406454 64.513016
3.1843855 5.157268 1.9489397 -36.978867 -26.901457 67.83801
4.4892654 6.284971 1.4174107 -24.728865 -45.171455 67.80302
5.774991 7.415069 0.18914771 14.051135 -63.266457 95.03302
5.1979704 8.542772 0.86193895 8.591135 -46.396458 93.91301
4.9393888 9.735122 3.301705 -4.253865 -42.371456 86.49301
7.0774765 10.886767 2.9329867 3.796135 -55.216454 95.31302
9.725544 11.272245 0.18914771 16.676136 -59.101456 107.35301
8.640938 10.544386 0.19154198 -4.1138654 -40.16646 93.66802
6.3711653 10.017646 2.535537 -51.223866 -13.776456 68.39802
6.6632667 9.708784 3.7422516 -79.85387 -13.111455 60.69802
7.57788 10.245102 2.5283542 -79.608864 -26.901457 69.903015
5.830059 10.668888 3.6464806 -80.02887 -27.356455 65.21302
5.195576 11.997711 6.754249 -91.40387 -24.416454 53.663017
8.600235 13.235551 6.150892 -76.35387 -32.781456 59.753014
9.948212 13.410334 3.0024207 -35.753864 -33.621456 65.24802
6.629747 13.192454 1.5897985 -17.728865 -20.216457 44.843018
3.684789 13.2858305 3.6464806 -38.553867 -7.1964555 15.373014
4.68799 13.75032 4.436591 -63.403866 -11.256454 13.133016
6.93382 13.314562 3.275368 -62.983864 -18.676456 28.253016
6.8691745 12.026443 1.8316202 -55.213867 -12.446456 30.458015
5.478101 12.352064 2.1213274 -61.68887 -5.166455 18.698015
6.263423 12.957815 3.2729738 -80.44887 -9.086455 9.4580145
7.57788 11.796592 4.2737803 -101.48387 -20.426456 9.0030155
6.8260775 10.35045 5.2434616 -113.10387 -10.066455 0.288015
5.480495 9.1628895 5.341627 -107.29386 9.008545 -18.261986
5.071074 9.29218 4.398283 -83.00387 11.143545 -27.956985
5.437398 10.45101 2.7869358 -51.188866 6.838545 -25.156984
6.7303066 12.795005 1.5347302 -24.833864 -1.526455 -19.066986
7.371972 14.844503 1.9154198 -19.338865 -1.0364549 -14.586984
7.5467544 16.503736 3.1843855 -31.203863 2.043545 -20.431986
9.057542 17.626652 2.9641123 -37.958866 4.178545 -33.486984
9.75667 18.699286 2.7893302 -25.568867 -5.866455 -45.981983
10.094262 19.051245 3.79732 -16.118866 -14.966455 -62.361984
10.5946665 18.17973 5.9856873 -20.353867 -12.481455 -79.651985
10.676071 17.219624 7.4653487 -19.583864 -9.9264555 -96.94198
11.178869 15.807002 5.9713216 5.021135 -12.691455 -115.52698
9.847652 13.721589 4.233078 46.671135 -16.016455 -126.307
8.2578535 11.734341 4.2115293 71.311134 -18.571455 -135.82698
9.627379 10.254679 4.235472 66.02613 -14.896455 -135.58199
9.37598 9.186832 4.4030714 53.356136 -17.031456 -122.24699
7.798153 6.8787518 4.680807 51.466137 -41.111454 -125.01199
6.5363703 4.9968514 4.7550297 48.806133 -40.551456 -118.886986
4.8316464 3.4190245 4.826858 43.066135 -30.961456 -98.76198
4.8843207 2.3727264 5.3105016 35.681137 -17.906456 -68.87199
5.576266 1.7071179 6.280183 30.186136 -19.201454 -41.396984
7.142122 1.1923488 7.103813 41.106133 -32.291454 -34.011986
5.5547175 0.9816527 5.3105016 70.54114 -50.35146 -50.951984
2.4972286 1.6616267 2.4589202 101.76114 -60.99146 -84.93699
0.11971374 1.6185298 0.4166038 96.546135 -50.666454 -107.79199
-2.264984 0.7326481 0.7541966 51.291138 -26.376455 -109.96199
-3.727886 0.70631105 2.3631492 -3.3788652 6.243545 -99.18199
-4.1349125 1.0223553 3.921822 -33.688866 26.018545 -85.07699
-3.605778 1.8579572 4.0128045 -25.953865 18.738546 -70.13199
-3.8356283 2.82285 2.648068 12.581135 -7.8614554 -56.656986
-4.4198313 3.9505534 0.66321415 50.136135 -30.611456 -47.906986
-4.1971636 5.114171 -0.30646718 59.86614 -33.831455 -36.181984
-2.779753 5.784568 0.6847626 38.866135 -26.166454 -19.766985
-2.47568 6.9840994 1.4006507 9.886135 -15.386456 -6.606985
-2.142876 7.5419655 0.5794145 1.206135 -7.2664547 -6.466985
-1.8914771 8.08786 0.28252444 6.106135 -3.451455 -10.071985
-2.0902019 8.506859 0.21787901 5.686135 1.518545 -11.226985
-1.9704882 9.016839 0.7996878 -2.398865 7.9935455 -11.086985
-1.4389591 9.186832 1.2258687 -10.028865 14.223545 -6.781985
-1.3024855 9.512454 1.2641771 -11.148866 10.548545 -3.281985
-1.3575538 9.601042 0.67279124 -5.653865 6.313545 -3.7369852
-1.4964218 9.696813 0.5770202 -0.998865 5.473545 -5.136985
-1.1516461 9.514848 0.7853221 -3.308865 7.5385456 -5.801985
-1.3623424 9.617802 0.70870537 -7.718865 10.023545 -4.121985
-1.5778271 9.929058 0.89067024 -8.523865 13.768544 -3.806985
-0.8092649 9.816526 0.76616794 -6.878865 14.048546 -2.966985
-0.89067024 9.787795 0.4956149 -1.908865 4.0035453 0.288015
-1.5107874 9.792584 0.50998056 1.4161351 0.538545 -2.301985
-1.6520497 9.701602 1.1420691 -2.223865 7.7835455 -7.8669853
-1.1684061 9.644139 1.2929084 -7.578865 10.443545 -7.306985
-1.1803775 9.766247 1.089395 -5.863865 9.043546 -2.5119853
-1.0582695 9.608225 0.6751855 9.606135 -0.406455 -1.111985
-1.4413534 9.57231 0.40223816 10.2361355 0.67854506 -3.3869848
-1.5610672 9.70639 0.6464542 6.3511353 5.9985447 -4.121985
-1.515576 9.900327 0.52674043 4.6711354 8.413546 -0.726985
-1.1875603 9.783007 0.35914123 6.8761353 5.2985454 1.653015
-1.1827718 9.749487 0.43575802 6.736135 1.693545 1.4780151
-1.3743137 9.663293 0.36871833 5.651135 -0.966455 -1.216985
-1.5083932 9.478934 0.59378016 2.536135 0.958545 -2.3719852
-1.7909175 9.517242 0.65124273 -0.403865 3.933545 -2.231985
-1.6616267 9.60583 0.6560313 0.576135 4.703545 -0.62198496
-1.4269878 9.636956 0.44533512 4.461135 1.9035451 2.668015
-1.5706443 9.620196 0.20111908 7.541135 -0.441455 3.4030151
-1.6424725 9.534002 -0.023942748 7.401135 0.433545 1.688015
-1.6616267 9.593859 0.2561874 4.251135 1.343545 1.023015
-1.3910737 9.644139 0.2777359 1.6261351 1.378545 2.3180149
-1.3144568 9.593859 0.14844504 2.011135 0.67854506 4.103015
-1.3551595 9.675264 0.25858167 1.9761351 -0.371455 3.263015
-1.3527653 9.636956 0.17478207 0.961135 -2.331455 1.443015
-1.3910737 9.58907 0.14126222 0.926135 -3.451455 0.778015
-1.5562786 9.553157 0.15083931 0.15613501 -2.7864552 0.88301504
-1.4533248 9.517242 0.29689008 -1.8388652 -1.246455 0.98801506
-1.5395187 9.356826 0.56744313 -4.1488647 -0.30145502 1.0930151
-1.8052832 9.399923 0.6560313 -4.883865 0.888545 1.058015
-1.6520497 9.435837 0.43815228 -1.3138651 1.378545 2.4930153
-1.5299416 9.423865 0.1699935 4.846135 -2.646455 5.258015
-1.5299416 9.569917 0.1699935 8.101135 -5.831455 6.9030147
-1.2234744 9.794978 0.22266756 6.806135 -4.676455 8.373015
-0.9481328 10.027223 0.1987248 4.1111355 -2.156455 10.578014
-0.8667275 10.051166 0.16759923 2.7111351 -1.7364551 10.053015
-1.1133378 9.967366 0.3304099 1.4161351 -2.751455 6.238015
-1.2474172 9.8548355 0.409421 -0.683865 -2.156455 2.4230149
-1.2953026 9.771035 0.39266106 -1.6638651 -0.021455 1.5480151
-1.2306572 9.802161 0.38787252 -0.823865 -0.12645501 2.388015
-1.0510867 9.838076 0.32083282 0.47113502 -1.3864549 3.438015
-0.9241901 9.73991 0.339987 1.2761351 -2.926455 3.578015
-1.1061549 9.550762 0.43336374 0.541135 -2.2264552 2.983015
-1.4940275 9.541185 0.53392327 -0.998865 -0.511455 1.443015
-1.3120626 9.63935 0.57462597 -1.768865 2.708545 0.74301505
-1.1037607 9.735122 0.36632404 4.251135 1.5885451 3.158015
-1.0750294 9.737515 0.23224466 6.911135 2.1485448 5.818015
