2.2721667 9.682447 0.8571504 -2.58293 -1.1543001 1.235955
2.0949905 9.72315 1.158829 -2.7929301 -6.3343 -0.199045
2.0375278 9.70639 1.1013664 -5.0329304 -4.6193 -2.964045
2.0064023 9.727939 1.1157321 -4.64793 -2.9743 -4.014045
1.9441512 9.641745 1.3216397 -4.2279296 -2.4143 -4.049045
1.9968252 9.593859 1.3886794 -5.13793 -1.2593 -3.874045
2.1237218 9.591465 1.201926 -4.75293 0.38570002 -3.209045
2.185973 9.596253 1.0965779 -2.05793 0.7007 -2.824045
2.0064023 9.565128 1.185166 -1.04293 0.1407 -3.4890451
1.8531687 9.4142885 1.201926 -3.21293 1.3306999 -5.2740455
1.7741576 9.182044 0.92658436 -3.98293 2.2407 -6.604045
1.7645805 8.865999 0.7134939 -1.5329301 0.7007 -7.2340455
1.3264283 8.657698 0.39266106 3.68207 -0.9443 -7.6890454
1.0558752 8.432636 0.021548472 6.4120703 -0.8743 -8.739045
1.0702409 8.197997 -0.28013015 8.58207 -3.0443 -7.584046
1.3958622 7.9178667 -0.50040346 9.667069 -5.4943 -5.1340446
1.1827718 7.3647895 -0.8236305 8.86207 -4.0243 -4.1890445
1.3096683 7.024802 -0.9194015 9.667069 -6.7193003 -1.879045
1.5562786 6.3831367 -1.1540405 13.20207 -16.9393 0.95595497
1.7645805 5.619363 -1.7621863 17.12207 -21.9093 2.1459548
1.6592325 5.190788 -1.7933118 16.142069 -22.9943 4.805955
1.6448668 4.659259 -1.8292259 9.07207 -19.2493 9.810955
1.8675344 4.865166 -1.0271438 -0.97292995 -14.909299 20.065954
2.0878077 4.867561 -0.6751855 -7.30793 -17.4293 31.335955
2.535537 5.0591025 -0.68236834 -2.93293 -31.009302 40.645958
3.0814316 5.681614 -1.1229149 2.35207 -45.7443 53.525955
4.8484063 5.837242 1.8938714 -7.41293 -53.1993 73.40595
5.478101 6.124555 4.3216662 -16.47793 -67.4443 91.430954
5.3081074 6.481302 1.637684 25.59207 -89.0743 88.49095
5.138114 7.1971903 -0.7206767 76.41207 -90.5793 86.110954
5.547535 7.632948 -1.6496553 80.26207 -67.864296 94.23095
6.119766 8.190814 -1.0343267 47.81707 -36.8543 107.565956
6.6153812 8.660092 -0.5698374 15.827071 -19.2843 115.68596
6.3280683 9.04557 -1.4557191 5.9920697 -20.5443 114.040955
5.5307746 9.814133 -1.8938714 7.42707 -35.6993 107.49596
6.5627074 9.814133 -0.47885495 -9.337931 -49.454304 113.09596
7.865193 10.08708 1.2354459 -43.56793 -48.7193 133.18596
8.935433 11.238726 0.7805336 -64.46293 -38.6743 145.75095
10.541992 11.243514 0.69912827 -66.702934 -30.939302 145.61096
10.865219 11.700821 3.9074564 -78.74293 -23.869299 137.73596
10.489318 12.191648 4.252232 -90.36292 -17.1843 119.53595
10.592272 12.972181 2.2194927 -63.517933 -13.054299 96.78596
11.164503 13.613847 -0.2083019 -24.422932 -7.0343 80.40596
11.066339 13.491738 -1.8651401 -10.66793 0.7007 62.590954
11.130983 12.814158 -0.7853221 -33.27793 6.0207 40.715958
11.415902 11.96898 0.7781393 -81.99793 12.6357 21.255957
11.6098385 11.135772 2.0662591 -122.10793 24.0107 4.5609555
11.842083 10.355239 2.5020173 -131.45293 31.290699 -16.194046
10.393547 10.218765 1.7454263 -108.80793 25.2007 -44.299046
9.660899 10.623397 1.0941836 -69.99293 5.6007 -70.79405
10.304958 11.286612 0.82123625 -45.492928 -2.0993001 -80.66404
11.10704 11.415902 0.2561874 -37.967934 5.4607005 -76.709045
10.498895 11.420691 0.9074302 -31.667929 10.3607 -76.46404
9.411894 11.447028 1.5993756 -23.092932 -6.4043 -109.74905
9.380769 11.157321 1.3144568 -11.542931 -9.4843 -116.95904
9.205987 10.424672 0.54828894 2.2470698 -18.8643 -120.07404
8.693612 9.804555 0.5794145 2.59707 -29.119299 -128.61404
7.7694216 9.352037 1.2905141 -11.08793 -32.0593 -136.59404
7.039168 8.892337 2.2314641 -25.29793 -27.7893 -137.74904
6.316097 8.334471 2.0351336 -27.537931 -25.3743 -133.37405
5.856396 8.162083 2.466103 -27.082932 -29.2593 -127.56404
6.0503325 8.12138 3.5770466 -29.49793 -31.779303 -119.96905
5.6935854 8.006455 3.8978794 -21.482931 -35.9793 -119.72405
5.28177 7.7837873 2.473286 -1.70793 -45.0793 -123.39905
5.506832 7.412675 2.099779 5.32707 -45.2543 -123.39905
5.073468 7.3863378 3.9146392 -12.03293 -36.4343 -124.55405
2.7989073 7.3863378 4.3958883 -21.027931 -34.9993 -131.37904
1.6041641 7.151699 1.8866886 -5.17293 -42.2443 -135.78905
1.9992194 7.233104 1.2809371 -1.35793 -31.464302 -124.06405
3.007209 7.1301503 2.9760835 -25.22793 -11.3043 -100.05405
3.0431232 6.8883286 4.826858 -43.25293 -7.1043005 -90.42904
2.4517374 6.299337 4.1540666 -26.662931 -20.4393 -97.74404
1.1013664 6.0096297 3.1700199 6.76207 -31.5343 -105.93405
-0.18914771 5.7175283 2.8803127 24.12207 -29.644299 -105.33904
-0.8332076 5.375147 3.0191805 23.912071 -20.1243 -92.35405
-1.1875603 5.116565 3.4788814 20.342072 -7.9093003 -72.684044
-1.9656997 5.446975 3.6177492 23.63207 -4.5493 -51.57905
-1.802889 5.2410674 2.8013015 38.087067 -6.7542996 -29.809046
-0.47167215 5.3679643 1.9992194 53.697067 -1.2593 -2.9290452
0.5458947 6.158075 1.9704882 57.75707 13.4757 20.485956
0.105348095 6.4429936 1.3264283 54.292072 18.9707 22.025955
-1.3216397 6.426234 0.47885495 54.74707 8.4007 0.57095504
-2.8731298 6.5004563 0.6249057 52.19207 -5.7743 -20.744045
-3.047912 6.3639827 0.8356019 36.47707 -9.5193 -26.309046
-1.7023294 6.8069234 1.472479 16.66707 -2.0993001 -13.569045
-1.2186859 7.3145094 1.1779832 3.89207 5.6357 3.055955
-2.1572416 7.676045 1.0295382 2.98207 1.9257001 4.385955
-2.667222 7.573091 1.2330515 4.20707 -1.8542999 -7.654045
-2.2099156 7.7311134 0.9601042 0.60207003 0.28070003 -8.529045
-2.1189332 8.315316 0.4836435 1.5120701 1.7157 1.6559551
-2.152453 8.528407 0.18675344 8.75707 -2.1342998 4.8409553
-2.0375278 8.638543 0.36392978 9.14207 -11.689301 4.595955
-1.8364087 9.014444 0.6273 10.75207 -19.9843 8.130955
-1.0008069 9.227535 0.3615355 14.007071 -22.364302 11.945954
-0.7709565 9.615408 -0.023942748 13.93707 -19.424301 11.700956
-0.91700727 9.718362 -0.11492519 7.4620695 -10.0443 5.995955
-1.1731946 9.668081 0.15802214 -1.18293 -3.4293 -0.199045
-1.0415095 9.534002 0.74222517 -7.83293 -3.3593001 -1.4240451
-0.9888355 9.526819 0.48124924 -7.5879297 -6.0543003 -0.444045
-1.297697 9.653716 0.56265455 -5.73293 -4.0943003 -1.354045
-1.2162915 9.560339 1.0558752 -7.55293 -0.5943 -1.879045
-1.2737542 9.536397 0.9624985 -5.5579305 -2.7293 -0.444045
-1.3168511 9.682447 0.74701375 0.74207 -4.0943003 1.1659551
-0.86912173 9.608225 0.75180227 5.6420703 -4.3043 4.315955
-0.72546524 9.70639 0.71828246 7.88207 -6.1943 6.730955
-0.6751855 9.840469 0.4166038 9.35207 -5.6693 4.910955
-0.9217958 9.871595 0.17717634 8.40707 -1.6793001 1.8309549
-1.0702409 9.72315 0.18914771 5.71207 2.8357 -0.23404503
-1.2402344 9.809344 0.12929083 4.73207 1.7157 -0.899045
-0.8284191 9.979338 -0.16759923 5.08207 -3.6743 -0.47904497
-0.679974 10.029617 0.06943397 0.53207 -3.0093 2.0409548
-1.0032011 9.996098 0.5818088 -9.02293 3.2207 1.8309549
-0.98404694 9.8548355 1.0271438 -14.342931 6.5107 -0.619045
-1.0223553 9.804555 0.93616146 -10.632931 1.5757 -0.33904502
-0.9601042 9.6896305 0.6943397 -1.5329301 -5.0743 0.535955
-0.9720756 9.641745 0.5602603 4.10207 -6.3693004 2.425955
-1.0462981 9.677659 0.5123748 4.24207 -2.1693 4.420955
-0.7398309 9.775824 0.52913475 3.22707 2.1007001 5.995955
-0.69912827 9.90272 0.6201172 3.40207 2.1357 7.395955
-0.7326481 9.881172 0.5363176 6.23707 -3.0793002 6.030955
-0.6368771 9.845258 0.13886794 10.99707 -9.2043 4.210955
-0.81165916 9.933846 0.021548472 13.902071 -10.0443 3.2309551
-0.6608198 9.888355 0.33759275 9.667069 -4.0243 2.565955
-0.57462597 9.783007 0.48124924 2.28207 1.7507 3.615955
-0.77574503 9.943423 0.2370332 0.04207 2.6257 4.1059556
-0.6703969 9.953 0.17957062 2.70207 2.2757 2.180955
-0.57223165 9.857229 0.17478207 4.48707 1.2607 1.235955
-0.8739103 9.809344 0.18435916 4.90707 -2.2742999 -0.024045
-0.89067024 9.794978 0.23224466 2.7720702 -0.4193 -1.214045
-0.7733508 9.749487 0.18675344 2.35207 0.28070003 0.29095498
-0.8667275 9.737515 0.05027977 2.52707 0.84070003 0.360955
-0.93616146 9.727939 0.11253092 1.2670699 1.0507001 0.360955
-0.8356019 9.759064 0.42378664 -0.44793 0.5257 1.5859551
-0.5865973 9.668081 0.23942748 0.42707002 -0.2793 3.055955
-0.749408 9.727939 0.18196489 2.0720701 0.0707 2.180955
-0.7637737 9.771035 0.23224466 2.0720701 0.28070003 0.25595498
-0.7350424 9.744699 0.12929083 2.3170702 -1.2243001 -0.584045
-0.9624985 9.787795 0.23463893 1.33707 -0.5943 -1.5290451
-0.84039044 9.881172 0.14605077 -0.06293 1.1906999 -0.86404496
-0.7015225 9.890749 0.102953814 -0.58792996 1.5407 0.745955
-0.7829279 9.900327 0.43815228 -3.3879302 4.2357 0.640955
