0.34716985 9.737515 -0.18914771 3.114125 -1.01332 -2.6788652
0.505192 9.9889145 -0.2849187 -7.630875 5.11168 -3.0638652
0.76616794 10.012857 -1.0439038 -15.680875 9.3816805 -1.4188651
0.45491222 9.835681 -0.2083019 -12.005876 9.52168 2.781135
0.28731298 9.680053 0.34956414 -4.725875 8.50668 4.741135
0.7206767 9.601042 -0.1987248 -7.665875 12.53168 2.6761348
0.4956149 9.553157 -0.8547561 -9.135875 15.366679 2.186135
0.3423813 9.452597 -0.84039044 0.55912507 12.321681 3.726135
0.5458947 9.191621 -0.92658436 9.904125 8.75168 0.961135
0.72785956 8.8636055 -0.9433443 7.699125 3.7816803 -0.893865
0.7733508 8.518829 -1.0295382 5.4241247 6.26668 0.436135
0.39505535 8.171659 -0.98404694 4.024125 10.50168 -0.123865
-0.17717634 7.637737 -0.9074302 3.009125 15.15668 -3.3438652
-0.043096945 7.0559278 -1.1157321 4.2341247 20.126678 -6.143865
0.12450229 5.791751 -1.8699286 9.239125 18.37668 -5.513865
0.38787252 4.790944 -2.1093562 19.494125 7.3866806 -4.3238654
0.2083019 3.912245 -2.169213 27.509127 -0.59332 -4.1838646
-0.22745611 2.5187771 -2.0375278 30.239126 -4.5483203 -4.078865
-0.9912298 1.7981004 -2.3918805 29.994123 0.98168004 -4.883865
-0.4189981 1.8842943 -2.9641123 30.239126 10.011681 -1.488865
0.86912173 1.8531687 -4.2474437 38.184124 0.49168003 10.516135
2.3823035 1.7526091 -5.0040345 45.569126 -11.02332 28.856136
3.1341057 0.8332076 -4.8771377 44.589123 -7.52332 44.081135
1.7358493 1.0151725 -2.9736893 26.144125 6.68668 52.026134
1.4796618 1.9441512 -0.8978531 -9.485875 32.79668 53.986137
3.3136764 2.4972286 -1.3192455 -39.165874 51.94168 59.34114
5.4254265 3.162837 -2.753416 -35.910873 42.03668 83.03614
6.6273527 3.8906965 -2.6456738 -5.635875 15.57668 113.20614
7.142122 4.850801 -1.5634614 18.234123 -0.55832 131.26614
7.920261 6.936214 -0.24421602 2.729125 6.47668 152.65114
9.253872 7.439012 -0.61293435 -3.8858747 19.60168 179.04114
8.988108 8.229122 -0.84278476 -4.585875 25.02668 202.91113
9.471751 10.063137 2.3799093 -20.160875 20.546679 221.95114
16.316982 12.452623 4.2402606 -55.51087 20.51168 247.60614
19.59235 14.839715 2.971295 -70.17587 23.801682 281.38113
17.779884 17.286665 2.8420043 -57.820877 30.906681 279.38614
16.424725 19.091948 2.3152637 -53.76087 47.286682 220.97113
17.152584 19.903606 -0.35435268 -47.005875 35.491676 164.86615
17.327366 20.43753 -3.0766432 -35.000874 14.4216795 130.81113
17.94509 20.234016 -3.6728175 -43.365875 18.76168 97.66614
18.332962 18.89801 -3.0527003 -75.56587 29.611677 58.92113
17.767914 16.779078 -2.3775148 -103.950874 28.59668 14.996135
17.037659 14.557191 -2.257801 -113.05087 11.44668 -72.71386
16.518103 13.865246 -0.84996754 -113.225876 5.8816805 -99.453865
17.047237 13.43667 -0.035914123 -105.490875 -1.08332 -118.35386
17.540457 12.636982 -0.2681588 -81.795876 -18.478321 -137.11386
16.975409 11.736735 -0.19154198 -58.590878 -39.72332 -161.71887
15.517295 10.247497 0.021548472 -43.715874 -54.80832 -185.55386
13.321745 9.016839 1.0870007 -37.030876 -66.04332 -203.68387
13.15654 7.929838 2.4684973 -37.240875 -75.45832 -209.21387
13.005701 6.9505796 2.5427198 -32.725876 -87.91833 -208.47887
10.503684 5.0854397 3.4286015 -29.575876 -97.19333 -217.64886
7.6640735 3.3304362 4.415043 -36.225876 -91.55832 -224.15887
4.8915033 2.0949905 4.393494 -37.555878 -81.68832 -215.82887
3.2562137 2.281744 4.285752 -35.665874 -76.54332 -192.09888
2.753416 2.9114382 5.954561 -45.570877 -67.26832 -169.03386
4.740664 3.3567734 7.14691 -53.515877 -56.20832 -133.29887
5.9186473 3.7949257 6.60341 -32.550877 -58.273323 -101.65887
5.152479 3.2705793 4.6329217 12.214125 -83.438324 -100.92387
2.3751206 2.4349775 2.4900458 53.094124 -101.84832 -120.34886
0.24182175 1.9680939 2.030345 64.259125 -98.06832 -129.69386
-0.6943397 1.8723229 1.515576 52.884125 -86.65832 -113.87386
-0.52674043 2.1141446 0.84996754 36.99413 -71.08331 -83.07386
-0.68236834 2.6552508 1.0319325 23.099127 -62.858326 -56.648865
-0.82123625 3.2179053 1.6951466 11.129126 -71.43332 -42.613865
-0.91700727 3.8523881 2.6648278 1.3291249 -80.77832 -29.978865
-0.45251793 4.2402606 1.9585168 -2.4858751 -84.97832 -17.273865
-0.5506832 4.6832013 0.63208854 8.749125 -81.618324 -7.9288645
-0.409421 5.604997 0.3423813 7.9091253 -60.54832 -8.313865
-1.6927522 6.0239954 2.0351336 -22.225876 -27.08832 -15.348866
-2.4349775 5.897099 2.9641123 -54.670876 -5.14332 -29.313868
-2.6624336 6.114978 2.482863 -62.055874 3.46668 -32.463863
-2.6959534 7.0942364 2.2889266 -47.635876 2.6966798 -21.473866
-1.9154198 7.632948 2.2362528 -32.200874 -0.45332003 -7.963865
-0.9816527 8.22194 1.8723229 -18.900875 -6.0883203 3.796135
-0.08140534 8.791777 1.1779832 -4.830875 -15.748322 11.356135
-0.05506832 9.165284 1.0726352 4.024125 -20.403318 12.231135
-0.60335726 9.464568 1.3982565 0.489125 -13.40332 6.316135
-0.66800267 9.268238 1.9896424 -10.290875 -0.97832 0.226135
-0.6081458 9.531608 1.9537282 -15.260875 8.47168 -0.018864999
-0.22745611 9.742304 1.2809371 -7.875875 6.47668 2.9561348
0.0071828244 9.80695 1.2713599 7.979125 -9.37832 0.78613496
-0.35914123 9.747093 1.3886794 4.6891246 -2.13332 -0.64886504
-0.7350424 9.890749 1.3862851 4.2341247 8.05168 0.541135
-0.16041641 9.991309 1.0151725 9.589125 5.2516804 4.566135
0.5889916 10.082292 0.57223165 15.924125 -7.06832 7.1911354
0.39505535 10.144543 0.44533512 14.839124 -9.76332 2.991135
-0.1699935 10.00328 0.7877164 6.404125 -1.32832 -3.1338649
-0.26097596 9.737515 1.1229149 0.279125 5.7766805 -4.1838646
-0.05027977 9.759064 0.97446984 2.2041252 5.6016803 -2.153865
-0.05506832 9.98652 0.5027977 8.609125 -1.04832 -1.9438651
0.076616794 9.847652 0.3902668 11.444125 -8.39832 -4.428865
-0.28252444 9.842864 0.43815228 8.679125 -9.93832 -7.298865
-0.6273 9.670476 0.55307746 3.044125 -1.8183202 -9.538865
-0.73743665 9.5794935 0.6368771 -1.365875 6.40668 -7.648865
-0.70631105 9.613013 0.58420306 -2.3458753 8.22668 -2.643865
-0.37829542 9.672871 0.59378016 -1.8558749 4.4466796 1.241135
-0.14126222 9.6896305 0.67757976 -1.155875 -0.20832 3.131135
-0.2681588 9.72315 0.7996878 0.069125 -2.8683202 2.536135
-0.4932206 9.8237095 0.5219519 2.624125 -4.51332 0.401135
-0.3998439 9.785401 0.51716334 4.759125 -5.6333203 -0.578865
-0.1987248 9.763853 0.6105401 3.4641252 -5.80832 0.681135
-0.3304099 9.747093 0.67757976 1.784125 -6.5783205 1.5911349
-0.30167863 9.749487 0.63208854 0.874125 -6.4383197 0.506135
-0.32801566 9.761458 0.53871185 0.174125 -6.26332 -0.018864999
-0.4070267 9.620196 0.85954463 -2.4508748 -4.23332 -0.438865
-0.72785956 9.617802 1.1516461 -6.7908754 -0.27831998 -0.578865
-0.6105401 9.644139 1.3407938 -8.120874 1.33168 -0.29886502
-0.17957062 9.708784 1.0151725 -4.585875 -1.01332 2.1161351
-0.11013664 9.747093 0.7877164 1.714125 -4.89832 4.7761354
-0.1340794 9.744699 0.69673395 4.584125 -4.86332 4.391135
-0.30886146 9.725544 0.9984126 1.8891249 -2.83332 1.661135
-0.37829542 9.720756 0.9601042 -1.820875 -1.2933201 -0.858865
-0.43336374 9.692024 0.8236305 -1.505875 -0.59332 -0.92886496
-0.43575802 9.730332 0.9385557 -0.700875 -0.24331999 -0.158865
-0.26097596 9.680053 1.1013664 -2.730875 0.80667996 0.99613494
-0.22745611 9.730332 1.3072741 -5.250875 1.12168 2.641135
-0.30646718 9.77343 1.2522057 -4.620875 0.38668 3.4811351
-0.31843856 9.617802 1.2713599 -1.330875 0.03668 2.9211352
-0.38547826 9.591465 1.1516461 0.41912502 -0.31332 1.346135
-0.090982445 9.682447 0.8739103 4.2341247 -0.13832 2.641135
-0.052674048 9.842864 0.8834874 3.6041248 -0.24331999 3.411135
-0.12689656 9.96976 0.90982443 3.114125 0.87668 2.2211351
-0.098165266 9.914692 0.9313729 3.149125 1.68168 1.661135
-0.098165266 9.845258 0.8667275 3.7441254 1.36668 1.7661351
