1.0822122 9.58907 0.7901107 -11.304826 -5.665905 1.043245
0.53871185 9.4095 1.3623424 -13.929825 -7.1709056 1.6732451
0.21069619 9.469357 1.5897985 -9.449824 -3.320905 -0.636755
0.6153286 9.732727 1.3671309 -0.38482502 -4.020905 2.478245
1.1444633 9.684841 0.9026416 6.860175 -4.125905 6.258245
1.0462981 9.775824 0.7829279 7.840175 -1.255905 6.223245
0.9912298 9.845258 0.8379962 4.7601748 1.054095 3.5282452
1.0822122 10.00328 0.8547561 1.120175 0.214095 2.688245
1.3144568 9.993703 0.50758624 -0.76982504 1.9640951 2.6182451
1.0032011 9.835681 0.7637737 -4.584825 3.294095 -0.251755
0.47885495 9.701602 1.1253091 -8.224825 3.434095 -5.291755
0.5363176 9.852441 1.1348863 -7.2098255 1.159095 -5.746755
0.9289786 10.012857 0.9122187 -3.3598251 -0.835905 -2.666755
1.0941836 9.783007 0.75180227 -0.664825 -0.345905 -0.636755
0.8379962 9.5244255 0.9601042 -1.364825 0.179095 -3.156755
0.38787252 9.534002 1.324034 -2.484825 -0.835905 -6.796755
0.6656084 9.344854 1.3431882 -0.104825 -2.5859048 -6.5867553
0.7637737 9.100638 1.1660118 5.4601755 -3.7759054 -2.666755
0.6703969 8.688824 0.69912827 12.145175 -2.5859048 -0.70675504
0.6895511 7.8364615 0.34477556 17.430176 -2.795905 -1.476755
0.69673395 6.876357 0.16281068 19.915174 -5.315905 -4.276755
0.55307746 5.7175283 -0.35674694 20.265175 -4.8259053 -7.041755
-0.76616794 5.3081074 -0.72785956 18.480177 2.664095 -7.216755
-1.5993756 5.116565 -0.6368771 13.755175 13.829095 -4.486755
-0.9960183 5.4302154 -0.76616794 10.395176 13.584095 2.5132449
0.6081458 5.212336 -1.7143008 13.930175 0.669095 14.798245
1.3814965 5.212336 -2.8276386 19.705175 -10.950905 30.233246
1.2067145 5.2051535 -2.9210153 14.000175 -7.5909047 37.233246
0.5818088 5.200365 -1.5850099 -8.329824 0.284095 34.678246
0.7781393 5.2482505 -0.73743665 -34.089825 -1.290905 29.463247
0.9960183 5.62894 -0.818842 -46.164825 -9.585905 32.263245
1.7454263 5.6361227 -0.7877164 -44.589825 -12.945906 41.118244
2.4541316 5.794145 -0.15562786 -43.574825 -13.190906 48.188244
3.2179053 6.3352513 0.24182175 -46.05983 -20.995905 52.633244
3.0910087 7.228316 -0.18914771 -34.12483 -44.340904 56.798244
3.4716985 7.106208 0.10055954 -37.239826 -44.30591 55.923244
4.4246197 6.794952 1.7023294 -50.749825 -46.370907 55.74824
5.3272614 7.0942364 1.6137413 -49.909824 -51.410904 58.26824
5.011217 7.676045 0.7805336 -41.544827 -56.275906 60.508244
4.5275736 7.3432407 2.099779 -57.329826 -54.385906 62.468246
4.4054656 7.6257653 5.90907 -82.389824 -59.81091 66.178246
5.6385174 8.197997 5.870762 -65.204834 -75.035904 81.263245
8.336864 8.875577 2.6528566 -13.719825 -90.33091 103.31324
9.12937 8.3129225 1.6233183 -4.6548247 -88.58091 116.08824
7.814913 8.662486 4.577853 -55.404827 -66.98591 110.83825
7.946598 9.5244255 6.6225643 -104.124825 -41.645905 108.14325
10.0200405 9.864412 5.9042816 -103.38983 -30.795906 122.24825
9.670476 10.13736 6.6225643 -80.639824 -33.525906 121.37325
8.549955 10.805362 7.965752 -59.63983 -41.785904 96.803246
9.232324 12.155733 5.0662856 -25.129827 -50.010906 80.59824
10.683254 12.275447 1.4916332 15.155173 -48.925903 79.443245
9.419077 11.937854 1.489239 10.535175 -36.430904 73.21325
6.9721284 12.476566 5.61218 -40.284824 -21.450905 50.39325
8.447001 13.036826 5.930619 -73.74482 -13.715905 36.49824
10.848459 13.146963 3.3591676 -51.764824 -17.705904 43.078247
10.307353 13.508498 2.6360965 -20.264826 -28.380905 36.113247
9.342461 13.882006 3.842811 -27.369827 -28.905907 8.008245
10.458193 13.695251 4.4485626 -51.099827 -16.620905 -10.576755
11.44224 13.352871 3.816474 -61.214825 -6.4359055 -13.376755
11.188446 13.429487 3.605778 -53.934826 4.904095 -23.631754
10.738322 13.745532 3.9864676 -41.334824 8.859096 -42.986755
11.312948 13.721589 2.971295 -28.244827 -1.710905 -61.746754
11.681666 13.180483 2.0518935 -11.864825 -8.920906 -74.27675
10.881979 12.23235 2.3727264 -5.704825 -5.2809052 -86.001755
10.08708 11.566742 3.7853484 -16.169825 1.9290949 -102.556755
10.065532 11.193234 4.4318027 -25.724827 7.5990953 -113.511765
10.415095 10.436644 4.048719 -17.604826 6.4790955 -116.27676
10.178062 9.627379 3.3759274 2.660175 -0.80090505 -118.621765
9.107821 9.27542 3.7614057 17.115175 -9.060905 -125.76176
8.425453 8.696006 4.3958883 18.025175 -13.120905 -136.01675
8.298556 7.743085 4.539545 17.675175 -15.535906 -136.78676
7.5898514 7.431829 4.216318 25.550175 -19.280905 -136.57677
6.471725 7.513234 4.245049 25.655176 -21.835905 -139.13174
6.114978 7.1588817 4.6305275 19.495174 -20.085907 -136.47176
5.715134 6.6010156 4.2378664 21.385176 -15.500906 -128.49176
5.1261425 6.019207 3.5794408 27.895174 -10.705905 -122.891754
5.1716337 5.482889 3.3855045 26.670174 -6.855905 -116.06676
3.9337935 5.00164 3.641692 22.960175 -4.895905 -114.77175
2.4900458 4.608979 3.6009893 32.340176 -4.755905 -120.51175
1.3671309 4.209135 2.9641123 48.895172 -15.010905 -117.11676
0.14126222 4.7119327 2.578634 57.155178 -24.180904 -102.59176
-0.42378664 4.925023 2.8563697 49.700176 -12.000905 -83.446754
0.66321415 4.8723493 2.6839821 36.575176 8.614095 -57.336754
0.8643332 5.255433 2.4852571 31.395172 28.319096 -38.611755
-0.12929083 5.6409116 1.9297855 32.935177 40.114098 -35.811752
-1.1708003 5.566689 1.7478206 38.360176 31.994095 -42.846756
-1.0079896 5.1045938 0.9577099 46.165176 12.814095 -44.666756
-1.7813405 5.28177 0.6177229 51.310173 1.6840951 -39.311756
-2.0327394 5.339233 0.6177229 43.330173 2.5590951 -34.831757
-1.4174107 5.7103453 1.2833313 27.440176 8.019094 -26.011757
-1.3886794 6.134132 1.6448668 16.485176 1.8240951 -19.361755
-1.3168511 6.035967 0.66800267 23.065176 -10.460905 -24.051754
-2.300898 6.8691745 0.06943397 31.640175 -16.550905 -31.716755
-2.3392065 6.9074826 -0.339987 20.965176 -9.725905 -34.376755
-2.3751206 6.9098773 0.4764607 -0.034825 10.539096 -33.46675
-2.3727264 6.605804 0.7948992 -21.384823 14.459096 -37.141754
-3.4190245 7.1301503 0.85954463 -31.919827 17.119095 -38.401756
-3.5507095 7.3815494 0.5602603 -29.609827 21.039095 -35.496758
-3.5578923 7.6449194 0.34716985 -20.439827 13.129095 -23.981754
-3.0239692 7.972935 0.5027977 -11.129825 -0.940905 -16.386755
-2.5642684 8.473338 0.505192 -7.804825 -12.490905 -8.861755
-2.3535721 8.870789 0.22985038 -8.854825 -16.795906 -1.0567551
-2.1668186 9.031204 1.0079896 -14.8748255 -11.020905 3.1082451
-1.6759924 9.081485 1.9800652 -27.929825 -3.2159052 4.438245
-1.8795058 9.2419 1.7885233 -32.514824 -1.745905 4.7182446
-2.4158232 9.45978 1.462902 -21.419825 -4.8259053 1.5682449
-2.257801 9.469357 1.594587 -9.239824 -6.8209047 -3.436755
-2.1644244 9.581888 1.7478206 -6.089825 -9.690905 0.028245
-1.9130256 9.682447 1.7310607 -6.6848254 -7.520905 4.053245
-1.9585168 9.569917 1.6927522 -2.449825 -7.5559053 3.1082451
-2.1620302 9.5244255 1.5897985 -1.399825 -4.965905 1.078245
-2.205127 9.550762 1.3048798 -0.13982499 -1.4309051 2.863245
-1.8938714 9.670476 1.5059988 0.77017504 -3.810905 5.803245
-1.6448668 9.627379 1.5778271 0.805175 -8.500906 7.0632453
-1.8890828 9.567522 1.6328955 1.3301749 -8.815906 3.9832451
-1.8004947 9.536397 1.5754328 2.520175 -5.6309047 2.583245
-1.6688095 9.526819 1.6089526 4.515175 -4.440905 4.998245
-1.7813405 9.541185 1.4605076 6.580175 -4.265905 4.578245
-1.8244374 9.543579 1.4605076 8.435175 -3.4609048 3.458245
-1.7717633 9.517242 1.4245936 9.730175 -4.265905 3.5982451
-1.802889 9.684841 1.1181264 12.530175 -4.545905 4.788245
-1.637684 9.708784 0.818842 14.035175 -3.005905 6.223245
-1.6305012 9.751882 0.9313729 9.940175 0.354095 7.623245
-1.4293821 9.811738 0.9696813 5.600175 1.0190951 8.743246
-1.3575538 9.871595 0.9888355 6.195175 -2.305905 7.938245
-1.3048798 9.751882 0.80208206 7.7001753 -4.860905 5.033245
-1.4700848 9.708784 0.7541966 7.490175 -5.105905 2.233245
-1.6257126 9.703996 0.7589851 3.465175 -1.605905 0.378245
-1.6233183 9.634562 0.9433443 -0.62982506 1.404095 0.13324499
-1.5802214 9.603436 1.1396748 -1.4348251 0.739095 1.463245
-1.5371244 9.660899 0.92658436 1.505175 -1.8509051 2.898245
-1.5490957 9.672871 0.8140534 4.7601748 -2.690905 2.968245
-1.5107874 9.517242 1.0606637 4.515175 -0.695905 3.2132452
-1.5083932 9.445415 1.1372806 3.885175 -0.90590495 4.1932454
-1.6017698 9.471751 0.8547561 6.685175 -4.090905 3.353245
-1.7358493 9.452597 1.0798179 8.260175 -1.955905 1.393245
-1.733455 9.435837 1.3407938 4.515175 2.4890952 2.478245
-1.6664152 9.5794935 0.9217958 5.7401752 3.014095 6.643245
-1.3527653 9.826104 0.54350036 13.300176 -0.31090498 9.408245
-0.9529214 9.938635 0.4740664 16.660175 -2.5859048 12.138245
-0.8140534 9.931452 0.3232271 14.630175 -2.4109051 12.663245
-0.9696813 9.909904 0.0047885496 12.355175 -2.795905 9.198245
-1.1779832 9.747093 0.19393626 8.715176 -0.065905005 3.843245
-1.3910737 9.584282 0.52674043 1.1901749 4.344095 -0.601755
-1.5012103 9.61062 0.7206767 -4.934825 6.759095 -1.9317548
-1.2210802 9.742304 0.50040346 -4.6548247 5.3940954 -0.46175498
-1.359948 9.711179 0.41420954 0.98017496 1.439095 3.003245
-1.403045 9.5483675 0.6440599 8.820175 -7.6959047 2.6182451
-1.1516461 9.672871 0.45251793 11.235175 -11.615906 4.2282453
-0.9984126 9.799767 -0.05985687 11.515176 -8.920906 4.7182446
-0.99362403 9.833286 0.23463893 2.940175 -0.87090504 3.8782454
-1.1372806 9.763853 0.7733508 -5.319825 4.064095 2.443245
-1.1516461 9.744699 0.7877164 -3.744825 1.6840951 1.008245
-1.1420691 9.742304 0.3423813 3.220175 -2.725905 1.358245
-1.1085492 9.780613 0.23942748 5.1801753 -2.690905 1.918245
-0.9864412 9.708784 0.38308397 1.2951751 -0.90590495 2.373245
