0.6273 9.481328 -2.300898 10.009125 4.06168 -7.753865
0.5363176 9.651321 -2.2673783 7.6641254 4.02668 -4.1488647
0.55786604 9.526819 -1.8483802 4.654125 5.81168 -2.118865
0.75659084 9.454991 -2.011191 0.41912502 8.92668 -1.208865
0.76616794 9.47654 -2.604971 0.804125 9.31168 -0.858865
0.4764607 9.373586 -2.700742 6.8241253 5.11168 -1.628865
-0.15323359 8.990502 -2.5546913 9.729126 1.08668 -4.288865
-0.37829542 8.710372 -2.4996228 5.739125 3.5016801 -7.6138644
-0.22745611 8.214757 -2.9042554 2.2041252 6.8266797 -7.508865
0.19633053 7.082265 -3.2298768 2.729125 6.30168 -3.903865
0.4836435 5.97611 -3.3759274 3.1841252 4.55168 0.191135
0.5865973 4.867561 -3.0263634 -0.420875 7.946681 3.236135
0.4285752 3.790137 -2.7749646 -5.635875 14.596682 4.006135
-0.32801566 2.9401696 -3.7254915 -6.5808754 22.12168 1.9761351
-0.3232271 2.3200524 -4.2402606 4.269125 23.48668 -2.4688652
0.43336374 1.6233183 -3.8356283 18.794127 9.20668 -1.0688651
0.43815228 1.5467016 -3.232271 18.094126 -6.4733205 10.551135
1.1277034 1.6712039 -2.5642684 3.324125 1.01668 17.061134
2.099779 1.951334 -2.4182177 -12.215876 24.50168 21.261135
2.832427 2.2865324 -2.4996228 -16.905874 40.881676 28.821135
2.4349775 3.0048149 -2.1548474 -7.0358753 39.72668 34.49114
4.558699 5.334444 -0.90982443 8.154125 22.26168 38.061134
6.8476257 7.1301503 -1.9034485 17.429125 3.7466798 42.821136
5.1093826 8.171659 -2.727079 28.069124 1.9266801 56.156136
2.6935592 9.830893 -1.3312168 55.019127 19.00668 40.721138
3.921822 10.915499 -1.9489397 53.759125 19.53168 57.556133
6.471725 11.839689 -4.35758 60.724125 13.40668 99.13613
7.802942 11.719975 -6.3208857 70.24413 12.98668 132.00114
6.5579185 11.377594 -5.150085 47.074127 5.9866805 138.72115
4.826858 11.34168 -1.2354459 -15.925876 -2.62332 133.64613
6.2251143 12.723176 1.5227587 -82.42587 11.831679 143.23613
9.119793 14.128615 -0.9481328 -97.44087 29.296679 170.74614
11.425479 14.645779 -4.7071443 -54.985874 23.27668 185.62112
8.535589 13.802995 -3.3615618 -29.750877 -2.97332 165.56615
6.7925577 14.253118 0.5147691 -73.115875 -5.91332 123.076126
8.820508 15.46941 2.0255566 -144.44588 18.726679 103.266136
11.58829 16.161354 -0.07901107 -167.72087 32.16668 110.23113
11.403931 16.848513 -0.55307746 -139.54587 20.65168 96.336136
10.831699 17.885233 -2.6193366 -110.21587 2.10168 53.321136
11.538011 17.952272 -4.7933383 -83.65087 -14.80332 -10.9738655
11.6649065 17.734394 -4.4725056 -108.43088 -17.32332 -25.848866
13.115837 17.81101 -1.8220432 -141.96088 -13.61332 -38.938866
14.439872 18.134237 0.69673395 -149.87088 -14.733321 -55.668865
14.820561 17.803827 0.9864412 -122.88588 -25.65332 -80.97387
14.243541 16.381628 -0.09337672 -81.97088 -35.90832 -110.58387
12.699234 14.959429 -0.038308397 -55.51087 -50.36332 -139.77386
11.67209 13.506104 1.5347302 -52.92087 -53.758324 -158.21887
10.194822 11.578713 2.5834224 -48.790874 -52.14832 -167.24887
8.176449 9.945818 3.605778 -36.54088 -58.06332 -167.35387
7.0870533 9.12937 4.005622 -21.385876 -70.80332 -157.37886
7.290567 8.777411 3.7518287 -3.675875 -85.85332 -136.55386
7.8723755 7.395915 3.5171897 11.794125 -101.673325 -115.76386
9.577099 5.3727527 3.8140798 14.104125 -97.96332 -102.49886
8.679246 3.7925313 5.8013277 6.894125 -84.97832 -102.81386
5.3919067 2.7558103 4.331243 11.304125 -98.13831 -134.48886
3.634509 1.9441512 4.2642035 21.454126 -122.77832 -155.94386
2.1213274 0.80208206 4.6640472 4.1991253 -116.02333 -144.39388
0.62251145 0.39266106 5.1189594 -13.405874 -92.643326 -119.648865
0.083799616 0.6656084 4.371946 -6.6858754 -78.853325 -92.17387
-0.10774237 1.2402344 2.439766 20.544125 -77.66332 -66.83387
0.035914123 1.5371244 1.7047237 40.529125 -84.45332 -51.50387
-0.16520496 1.5802214 1.9034485 34.054127 -84.69832 -44.293865
-0.7039168 2.6025767 2.7845416 14.419126 -72.23832 -40.338863
-1.3814965 3.2466366 2.8970726 0.83912504 -51.133324 -33.933865
-1.6664152 3.8571768 2.0399222 5.739125 -33.45832 -30.608864
-1.9896424 4.5706706 1.0558752 21.174124 -28.83832 -27.563866
-2.0758362 5.3296556 0.73743665 28.034126 -33.45832 -19.758867
-1.5921928 5.9713216 0.7685622 22.049124 -33.45832 -7.1588645
-1.350371 6.794952 0.77574503 12.109125 -27.858322 3.3761349
-1.6448668 7.170853 0.50998056 3.2541249 -19.98332 5.2311354
-1.6616267 7.307327 0.4764607 -5.145875 -9.798321 4.881135
-1.132492 8.097438 0.73743665 -12.880875 -8.29332 9.956135
-0.68236834 7.965752 1.3192455 -17.465876 -14.313319 14.961135
-1.8651401 8.260248 1.7238779 -18.865875 -7.0333204 16.816133
-1.4174107 8.954588 1.2809371 -15.085875 8.156679 12.581135
1.201926 10.173274 0.0023942748 27.334127 -26.80832 36.836136
2.2434354 10.218765 -1.3551595 36.084126 -30.23832 33.721134
1.3431882 10.072714 -1.6305012 18.829124 -8.88832 16.326136
0.20590763 10.235525 -0.043096945 -7.840875 12.60168 3.516135
0.4956149 10.0439825 0.13886794 -15.890874 9.3816805 2.046135
0.53392327 10.122993 -0.3902668 -7.175875 -4.72332 2.291135
0.2561874 9.998491 -0.18435916 -2.7658749 -10.7433195 0.47113502
0.3519584 9.929058 -0.047885496 -3.4658751 -11.68832 0.121135004
0.4285752 10.0439825 -0.102953814 -3.290875 -10.113319 2.3261352
0.52674043 10.032011 -0.13647367 -4.2358756 -6.2983203 5.3711348
0.7541966 9.976943 0.25379312 -6.650875 -7.8733206 7.541135
0.6656084 9.835681 0.4764607 -7.7008753 -9.55332 6.701135
0.75659084 9.862018 0.17238778 -4.2358756 -4.37332 5.1611347
0.6249057 9.90272 0.052674048 -0.140875 1.12168 4.636135
0.37350687 9.718362 0.023942748 0.664125 5.6016803 1.031135
0.3304099 9.75667 0.071828246 0.909125 4.8316803 -1.523865
0.4956149 9.775824 -0.009577099 2.344125 -1.7833201 0.226135
0.64166564 9.586677 -0.038308397 2.484125 -5.38832 0.856135
0.5913859 9.720756 0.24421602 0.76912504 -4.05832 -0.858865
0.4070267 9.742304 0.21548474 -0.280875 -0.66332 -2.223865
0.39266106 9.668081 -0.14365649 1.0491251 1.9616798 -3.0288649
0.5602603 9.783007 -0.1987248 1.1891251 3.46668 -1.593865
0.2777359 9.720756 0.1340794 -2.2408752 5.42668 0.401135
-0.0071828244 9.70639 0.4740664 -5.425875 6.5116806 -0.683865
0.43815228 9.804555 0.11253092 -3.220875 1.61168 -1.4188651
0.88109314 10.039194 -0.32562137 3.149125 -4.9683204 1.9411348
0.83081335 10.0439825 -0.409421 5.4941254 -1.9933201 4.1461353
0.2944958 9.802161 0.062251143 1.399125 3.99168 0.436135
0.17478207 9.828498 0.083799616 -3.5358748 3.9566798 -5.268865
0.54350036 9.909904 0.03351985 -2.975875 -1.3983201 -5.198865
0.679974 9.830893 0.07901107 -0.49087498 -5.14332 -1.033865
0.4740664 9.871595 0.29928434 -0.630875 -4.5483203 -0.71886504
0.29928434 9.672871 0.38068968 -2.835875 -0.83831996 -3.3788652
0.2753416 9.593859 0.3998439 -3.500875 0.73668 -4.1488647
0.18435916 9.481328 0.4644893 -2.415875 0.42168 -2.4688652
-0.07901107 9.538791 0.2944958 1.819125 1.08668 -0.893865
0.13168511 9.615408 0.0071828244 4.8991246 -0.80332 2.4311352
0.23942748 9.72315 -0.14605077 5.809125 -2.51832 5.1611347
0.35914123 9.763853 -0.12450229 3.8141248 -1.9933201 5.826135
0.69194543 9.897932 -0.12210801 2.239125 -6.1933203 5.5111356
0.8284191 9.881172 -0.05985687 1.2591251 -9.133321 3.166135
0.5123748 9.871595 0.0670397 -2.380875 -2.3433201 -0.123865
0.28970724 9.840469 0.2657645 -6.0558753 5.3916802 -1.6988649
0.42139238 9.763853 0.2849187 -5.705875 4.8316803 -0.368865
0.54350036 9.780613 0.2849187 -2.625875 -0.48832 1.241135
0.6368771 9.931452 0.12929083 -0.315875 -1.43332 0.926135
0.679974 9.835681 0.16041641 -0.140875 1.1916801 0.331135
0.44054657 9.778218 0.18435916 -0.980875 2.6266801 -1.523865
0.31125572 9.871595 0.21309046 -1.225875 2.6966798 -2.8888652
0.60335726 9.778218 0.19393626 -0.665875 2.20668 -1.208865
0.45012367 9.778218 0.10055954 0.804125 0.70168 0.121135004
0.21548474 9.675264 -0.038308397 2.1691248 0.24668002 -1.383865
0.25379312 9.787795 0.0670397 1.749125 0.84168 -0.858865
0.55786604 9.842864 0.009577099 1.1891251 0.31667998 2.011135
