2.1045675 9.960183 0.011971374 2.2595649 -3.66513 12.365815
1.8890828 9.945818 0.3423813 -4.8454347 -3.14013 9.390815
2.0878077 9.809344 0.44533512 -9.430435 -0.20013002 5.4008155
2.0590763 9.730332 0.50758624 -9.710436 -0.51513004 3.440815
1.8842943 9.701602 0.7302538 -7.4704347 -1.2501299 -0.44418502
1.8196489 9.677659 0.97446984 -5.4754353 -1.2151301 -1.599185
1.8675344 9.699207 0.7637737 -0.47043505 -1.95013 -1.389185
1.9920366 9.684841 0.3998439 4.989565 -4.15513 -0.724185
1.9800652 9.715967 0.34716985 5.8295646 -4.85513 -1.564185
1.9561225 9.6896305 0.50998056 3.519565 -3.3501298 -3.069185
1.9178141 9.636956 0.42139238 2.434565 -1.77513 -3.2791848
1.8172545 9.601042 0.29210153 3.134565 -0.16513 -2.509185
1.7981004 9.4932995 0.10774237 3.2745652 2.73987 -1.7391851
1.7981004 9.452597 0.105348095 1.7345649 6.2398705 -0.619185
1.7454263 9.387952 0.18914771 -0.925435 10.29987 0.430815
1.6161355 9.438231 0.2561874 -2.815435 13.48487 0.605815
1.9058428 9.361614 0.15323359 -0.750435 6.34487 1.2358149
1.7789462 9.174861 -0.16281068 2.714565 -0.97012997 0.535815
1.6400782 8.877971 -0.4764607 3.309565 2.2848701 -1.1791852
1.4581133 8.571504 -0.83081335 2.224565 3.08987 -1.424185
1.5730386 8.1549 -0.8643332 -0.890435 3.64987 0.395815
1.8411974 7.412675 -0.8667275 -6.175435 4.83987 4.070815
1.7837347 6.6225643 -1.0558752 -8.695436 5.1548696 5.610815
1.4652961 5.7725964 -1.4126221 -6.8404355 3.64987 4.630815
1.4772675 4.9944572 -1.9704882 -3.025435 -0.02513 5.1208153
1.350371 4.601796 -2.2889266 -0.855435 -5.87013 8.585815
1.0271438 4.522785 -2.5307484 -3.130435 -8.04013 12.435815
1.403045 4.5419393 -2.5858169 -9.325436 -8.56513 19.680815
1.6855695 4.6688356 -2.5762396 -17.130434 -11.64513 31.405815
1.8675344 4.7550297 -2.640885 -23.640436 -13.395129 40.330814
2.3487835 4.4318027 -2.3918805 -28.610435 -18.015131 46.070816
2.2434354 4.8220696 -1.7933118 -34.385433 -29.635128 49.78081
2.9138324 5.4589467 -1.3000913 -40.930435 -40.45013 55.240814
4.2474437 5.8659735 -0.5650489 -47.96544 -42.44513 69.66081
5.1429024 6.141315 0.5243462 -57.205437 -41.290134 85.86582
5.6744313 7.6090055 1.5179702 -64.415436 -43.91513 93.07582
6.098218 8.703189 1.8507744 -62.875435 -54.62513 94.265816
6.93382 9.179649 2.6767993 -59.620434 -65.545135 97.835815
8.770228 9.869201 4.740664 -67.845436 -65.86012 105.50081
10.388759 10.922682 5.7295 -82.09044 -60.645126 112.22082
11.083098 11.083098 5.834848 -72.53543 -55.745132 97.87081
10.285805 11.085492 5.585843 -61.055435 -55.53513 74.03581
9.09585 11.660118 5.8587904 -55.59544 -54.69513 50.340816
9.002473 11.736735 5.8779445 -55.525436 -49.935135 39.875816
8.729526 11.648147 5.418244 -55.980434 -38.455128 34.170815
7.7502675 11.770255 4.9369946 -58.990433 -26.660131 24.475815
7.6018224 11.961797 4.9705143 -68.54543 -20.32513 13.205814
8.356019 11.233937 5.6672482 -84.57544 -14.760131 5.435815
7.240287 10.510866 7.580274 -100.500435 -4.78513 -8.599185
5.9473786 10.345661 8.6433325 -102.81044 10.50987 -28.199186
6.2873654 10.599455 8.573898 -83.70043 15.86487 -35.584187
7.649708 11.217177 6.93382 -51.605434 10.89487 -31.489187
8.8636055 11.708004 5.607392 -22.800434 4.97987 -28.969185
9.270632 11.9713745 4.819675 -10.480435 3.78987 -35.514187
8.530801 12.443047 5.212336 -12.930435 8.30487 -51.719185
8.597841 12.488538 5.3009243 -17.235435 15.19987 -64.984184
9.043176 12.390372 4.68799 -13.945435 17.264872 -69.814186
8.956982 11.648147 4.556305 -7.4704347 14.74487 -74.679184
8.2339115 11.059155 5.3009243 -4.7054353 11.10487 -84.304184
6.8883286 10.448615 5.3966956 2.119565 5.22487 -95.99419
6.5986214 10.111023 4.625739 17.764565 -2.72013 -100.40419
7.2450757 9.725544 3.7685885 32.744564 -10.31513 -92.94918
7.1301503 9.3592205 3.1867797 38.589565 -14.65513 -87.13918
5.9018874 8.717555 3.1700199 35.99957 -17.10513 -96.58919
4.7741838 8.049552 3.0000262 29.979565 -21.060131 -111.954185
3.684789 7.161276 2.6456738 24.134565 -21.935131 -117.58918
2.030345 6.5459476 2.925804 15.629566 -15.950131 -111.49919
2.3727264 5.90907 3.1556542 3.8345652 -7.7601295 -100.579185
3.2274826 5.7462597 2.6600394 -4.2504354 -8.18013 -87.734184
2.7462332 6.0455437 2.8803127 -5.4054346 -19.45013 -80.87418
1.7190893 6.2083545 3.4740927 -8.765435 -28.20013 -85.73919
0.9313729 6.263423 4.12773 -12.440435 -29.28513 -92.38919
0.80687064 6.081458 3.5243726 -7.5054355 -29.460129 -91.899185
1.158829 6.6417184 2.8372157 5.584565 -30.930132 -80.384186
1.525153 7.0439563 2.6337023 16.539564 -28.02513 -62.849182
0.9624985 6.857203 2.9904492 18.044565 -24.980131 -55.359184
0.50998056 6.610593 3.5076127 16.784565 -25.50513 -61.869186
-0.1987248 6.754249 3.869148 17.029566 -27.92013 -63.05919
-0.65842557 6.8787518 3.4956412 21.264566 -20.71013 -51.789185
-0.0047885496 6.682421 2.7749646 38.309563 -2.7901301 -22.249184
0.14844504 6.821289 2.6983478 41.879566 -15.63513 -12.484185
-0.52913475 7.269018 3.0431232 41.879566 -27.11513 -8.144184
-0.6392714 7.4964743 3.0024207 42.579567 -34.04513 -2.894185
0.23463893 7.4653487 2.5187771 44.014565 -39.505127 4.4558153
0.6464542 7.553937 2.1309047 39.919567 -34.43013 6.135815
0.18196489 7.6880164 2.0375278 28.229565 -17.14013 0.535815
-0.5363176 7.59464 2.1093562 16.819565 -2.47513 -10.139184
-0.21309046 6.936214 2.2003386 9.784565 1.02487 -13.569186
-0.5961744 7.0726876 1.5059988 8.069566 -0.16513 -13.569186
-1.8555629 7.292961 1.2785428 3.8345652 6.79987 -20.534185
-2.2170985 7.3169036 1.9178141 -5.860435 14.184871 -23.999186
-1.7095122 7.4461946 2.1979442 -7.6454353 12.29487 -13.744185
-1.0343267 7.848433 1.462902 1.804565 6.93987 -2.404185
-1.403045 8.755863 1.1947432 9.084565 -2.7901301 -2.054185
-1.0917894 8.705584 1.5514901 6.284565 -6.2201304 -5.6591854
-0.7781393 8.956982 1.7502149 -0.750435 -4.92513 -2.3341851
-0.723071 9.507666 1.7621863 -4.7054353 -2.96513 -0.23418501
-0.87151605 9.153313 2.2338583 -12.020435 -1.2151301 -4.959185
-1.3958622 8.810931 2.3799093 -21.575436 3.82487 -8.984185
-1.3551595 9.198804 2.1404817 -22.800434 9.31987 -3.419185
-0.49800915 9.569917 2.545114 -16.360435 2.91487 6.065815
-0.18675344 9.751882 2.7031362 -9.535435 -7.27013 10.440815
-0.15802214 9.684841 2.7127132 -0.750435 -12.69513 7.5358152
-0.12929083 9.7135725 2.2865324 7.2295647 -13.29013 4.9108152
-0.019154198 9.778218 1.9920366 13.074565 -12.90513 5.8558154
0.071828246 9.866806 2.0878077 12.654566 -12.41513 6.5558147
-0.038308397 9.775824 2.2434354 7.824565 -9.65013 5.2258153
-0.05985687 9.6896305 2.1835787 4.219565 -5.31013 2.565815
-0.16759923 9.696813 1.9992194 4.604565 -3.14013 2.495815
-0.13886794 9.759064 1.9656997 6.8795652 -3.7701304 2.215815
-0.0023942748 9.656111 2.073442 7.7195654 -6.0801296 2.425815
0.035914123 9.797373 1.8795058 9.014565 -9.02013 2.7058148
0.15562786 9.804555 1.4796618 12.269565 -12.69513 3.230815
0.29689008 9.98652 1.3862851 14.019566 -12.800131 3.7208152
0.53871185 9.857229 1.5850099 10.589565 -8.88013 3.265815
0.22266756 9.785401 1.5083932 4.779565 -4.78513 1.935815
0.12689656 9.754275 1.489239 1.349565 -2.44013 -1.354185
0.098165266 9.670476 1.4269878 2.434565 -8.74013 -5.729185
-0.18435916 9.699207 1.462902 2.434565 -11.50513 -6.289185
-0.17478207 9.646533 1.541913 2.224565 -10.35013 -4.714185
0.011971374 9.656111 1.446142 2.8545651 -9.545131 -0.724185
0.15562786 9.7135725 1.3264283 3.659565 -8.46013 1.375815
0.045491222 9.75667 1.4700848 2.224565 -7.9001307 0.605815
0.14126222 9.727939 1.6616267 0.264565 -7.51513 -0.654185
0.08140534 9.668081 1.5227587 0.859565 -7.7601295 -0.724185
-0.10774237 9.677659 1.4221992 1.524565 -6.46513 -1.669185
0.04070267 9.6896305 1.6281068 -1.2054352 -3.5601301 -0.9341849
0.021548472 9.660899 1.7190893 -3.6204348 -1.39013 -0.44418502
-0.16281068 9.771035 1.6616267 -2.570435 -1.91513 -1.914185
-0.016759925 9.701602 1.6281068 -0.61043495 -4.08513 -2.579185
0.07901107 9.6896305 1.6352897 0.054565 -6.29013 -1.424185
-0.098165266 9.711179 1.6281068 -0.855435 -4.68013 -0.96918505
-0.21069619 9.648928 1.7190893 -2.395435 -1.7051301 -2.194185
-0.23224466 9.586677 1.9154198 -3.235435 -1.95013 -3.174185
-0.22266756 9.574705 1.8220432 -1.310435 -5.3801303 -3.2441852
-0.25858167 9.711179 1.6855695 1.489565 -6.6751304 -1.914185
-0.17238778 9.680053 1.7789462 1.524565 -3.7701304 -0.374185
0.038308397 9.641745 1.9465454 0.124565 -1.32013 0.850815
-0.026337024 9.680053 1.673598 1.769565 -2.12513 1.5858151
-0.0071828244 9.754275 1.4940275 4.604565 -2.6851301 0.67581505
-0.057462595 9.761458 1.4652961 4.394565 -2.09013 -0.654185
0.026337024 9.682447 1.7190893 1.944565 -1.7051301 -1.529185
-0.08619389 9.646533 1.6544439 0.15956502 -2.51013 -1.564185
-0.2370332 9.653716 1.7071179 -0.225435 -1.32013 -2.684185
-0.22506183 9.668081 1.786129 -1.5554351 1.2348701 -2.8591847
-0.11013664 9.6585045 1.7837347 -1.310435 1.4448701 -1.7391851
-0.11971374 9.694419 1.6975409 0.614565 -0.02513 -0.23418501
