1.0 9.59 0.64 22.345354 -4.0107045 -5.15662
0.0 9.45 0.049999997 16.615776 -20.62648 -2.291831
-0.14999999 9.889999 0.76 10.886198 -38.38817 7.448451
0.68 9.69 0.97999996 5.7295775 -32.658592 3.4377468
0.71 10.09 1.3399999 -0.57295775 3.4377468 -5.15662
0.38 10.0 1.63 -11.459155 2.291831 -4.0107045
0.26 9.75 2.99 -22.91831 -4.0107045 -2.291831
-0.04 10.219999 4.96 -25.7831 -4.583662 -2.291831
0.32 10.559999 5.93 -24.064226 0.0 -1.7188734
1.04 10.48 6.87 -30.939718 14.896902 -7.448451
0.71 10.55 8.07 -34.377464 28.64789 -10.886198
0.55 10.03 8.889999 -28.64789 40.680004 -12.032113
0.52 9.24 9.139999 -13.178029 52.139156 -13.178029
0.26 9.33 9.34 4.583662 69.32789 -9.740283
1.5899999 9.24 8.01 12.032113 91.10028 -11.459155
1.26 8.97 6.43 -9.740283 109.43494 -22.345354
1.0799999 8.7699995 7.0699997 -31.51268 110.58085 -16.042818
1.76 8.429999 7.5499997 -39.53409 112.29972 -6.8754935
2.62 7.8999996 7.14 -32.658592 127.19663 0.57295775
3.1299999 7.87 6.56 -20.62648 139.80171 4.583662
3.08 7.6099997 5.74 0.0 145.53128 6.8754935
3.3799999 7.7999997 5.0899997 17.761692 151.26085 9.740283
3.85 8.03 4.2 30.939718 158.7093 11.459155
4.18 7.99 2.9399998 36.669296 153.55267 13.178029
3.36 8.41 1.87 37.815212 157.5634 16.042818
3.57 9.92 0.48999998 26.929016 152.40677 18.907606
3.6 9.82 1.01 -9.740283 135.79099 5.15662
2.3899999 10.66 2.3899999 -10.31324 138.08282 9.740283
4.13 10.44 1.3199999 2.8647888 144.38536 18.907606
4.5899997 9.8 0.07 7.448451 146.10423 12.032113
3.4299998 9.559999 -0.049999997 7.448451 134.07211 5.7295775
2.7 9.9 0.45999998 16.042818 123.18592 9.740283
2.95 9.8 0.35 25.210142 118.029305 13.750987
3.48 10.05 0.06 36.669296 116.31043 12.032113
4.39 10.63 -1.38 38.961132 118.029305 4.0107045
4.7799997 10.3 -3.53 14.323945 121.46705 -8.021409
3.05 9.88 -3.78 -21.199438 116.883385 -13.750987
2.25 9.65 -1.6999999 -39.53409 106.57015 -5.15662
2.6399999 9.42 -1.9399999 -37.242256 108.289024 -0.57295775
2.02 9.28 -1.4699999 -34.377464 103.1324 -2.8647888
0.78999996 9.28 -0.22999999 -20.62648 93.39212 -3.4377468
1.25 9.53 -0.52 8.021409 82.50592 5.7295775
1.9 9.57 -1.8 35.523384 74.48451 4.0107045
1.18 9.53 -2.3799999 40.107044 69.900856 0.57295775
0.34 9.42 -2.74 42.971836 61.30648 6.3025355
-0.29999998 9.59 -2.99 40.680004 55.576904 15.469859
0.35 9.929999 -3.6899998 23.49127 49.84733 18.907606
0.63 9.58 -4.13 -7.448451 40.107044 18.334648
0.5 9.5199995 -1.29 -28.07493 21.199438 10.886198
-0.049999997 9.429999 -0.39999998 -17.188732 14.896902 5.7295775
-0.03 9.23 -0.11 -1.1459155 8.594366 5.7295775
0.21 9.07 0.07 6.8754935 1.1459155 5.15662
0.07 9.44 0.52 10.31324 0.0 5.7295775
0.19999999 9.74 0.45 10.886198 0.57295775 6.8754935
0.48999998 9.599999 0.29999998 4.583662 1.7188734 5.7295775
0.41 9.469999 0.28 2.8647888 2.291831 5.15662
-0.16 9.429999 0.32999998 2.8647888 1.7188734 5.15662
0.06 9.75 0.62 4.0107045 -2.291831 6.8754935
1.05 9.849999 0.65999997 4.583662 -1.7188734 4.583662
0.58 9.48 0.39 -1.7188734 11.459155 -4.583662
-0.34 9.38 0.75 -9.167324 13.750987 -3.4377468
-0.52 9.309999 0.87 -8.594366 9.740283 2.8647888
-0.45 9.469999 0.48 0.0 8.021409 6.8754935
-0.5 9.87 0.32999998 6.8754935 4.583662 6.8754935
0.11 9.96 0.26999998 9.167324 -4.583662 6.8754935
0.11 10.11 0.42999998 7.448451 -6.3025355 1.7188734
-0.17 10.19 0.52 3.4377468 -6.8754935 1.7188734
-0.22 10.01 0.5 -2.291831 -9.740283 4.0107045
-0.11 10.01 0.91999996 -7.448451 -10.31324 4.583662
0.24 10.219999 1.5699999 -6.8754935 -12.032113 4.583662
0.53999996 10.179999 1.8299999 1.7188734 -9.167324 0.57295775
0.0 9.889999 1.5899999 2.291831 -5.15662 0.0
0.32 9.94 1.7099999 4.0107045 -9.740283 0.57295775
0.35 9.66 1.26 8.021409 -5.15662 0.0
0.089999996 9.51 0.97999996 6.3025355 -1.7188734 -2.8647888
-0.14 9.54 1.16 -1.1459155 -0.57295775 -1.7188734
0.07 9.49 1.3299999 -5.7295775 0.0 0.0
0.04 9.28 1.3299999 -1.1459155 0.0 0.0
-0.22 9.29 1.4499999 4.0107045 -1.1459155 0.57295775
0.01 9.49 1.43 9.740283 -1.7188734 1.7188734
0.06 9.26 1.12 12.605071 -0.57295775 1.1459155
-0.13 9.09 0.94 15.469859 -1.1459155 2.8647888
-0.02 9.32 0.19 10.886198 0.0 8.594366
0.14 9.45 0.06 2.8647888 -1.7188734 9.740283
0.38 9.849999 0.59 -2.291831 -2.291831 7.448451
0.51 10.28 1.23 -1.1459155 -3.4377468 3.4377468
0.52 10.23 1.0699999 0.0 0.0 0.57295775
0.11 9.91 1.0799999 -3.4377468 0.57295775 0.0
-0.11 9.9 1.68 -1.1459155 -1.1459155 2.8647888
0.42 10.099999 1.61 7.448451 0.0 3.4377468
0.57 10.16 1.05 9.740283 1.7188734 -0.57295775
0.24 10.07 0.69 5.7295775 0.0 -2.291831
0.0 9.79 0.66999996 1.1459155 -1.1459155 -2.291831
-0.03 9.69 1.0799999 -4.0107045 0.0 0.57295775
0.34 9.91 1.48 -3.4377468 -1.7188734 1.7188734
0.55 9.91 1.3399999 3.4377468 -0.57295775 -0.57295775
0.06 9.719999 0.97999996 7.448451 1.7188734 -3.4377468
0.04 9.59 0.89 6.3025355 -1.1459155 -1.7188734
0.13 9.62 0.85999995 3.4377468 0.0 -1.1459155
0.19999999 9.639999 0.62 -2.291831 4.583662 -1.1459155
0.35999998 9.54 0.71 -6.3025355 0.57295775 -2.291831
0.26 9.32 1.03 -4.0107045 1.7188734 -4.583662
-0.049999997 9.33 1.3399999 0.0 3.4377468 -2.8647888
-0.12 9.37 1.22 2.8647888 3.4377468 -0.57295775
-0.03 9.2 0.84999996 3.4377468 3.4377468 0.57295775
0.24 9.389999 0.75 0.57295775 0.0 0.0
-0.049999997 9.28 0.64 -1.1459155 1.1459155 -1.1459155
-0.32999998 9.37 0.96 -4.583662 1.1459155 0.57295775
-0.19 9.5199995 1.27 -4.583662 -0.57295775 2.8647888
0.06 9.65 1.22 0.0 0.57295775 5.15662
0.25 9.82 1.15 5.15662 0.0 3.4377468
0.31 9.94 0.98999995 8.021409 -0.57295775 2.291831
0.42 9.98 0.74 6.3025355 0.0 1.1459155
0.17 10.01 0.68 2.291831 1.7188734 1.7188734
0.14 10.16 0.66999996 -0.57295775 2.291831 3.4377468
0.29 10.24 0.65 -1.7188734 1.7188734 2.291831
0.31 10.2699995 1.0799999 -1.1459155 0.57295775 -2.291831
0.08 10.11 1.25 1.7188734 0.0 -2.291831
0.17 9.95 1.0699999 5.15662 -2.291831 -1.7188734
0.39 9.91 0.91999996 6.3025355 -0.57295775 -2.291831
0.48 9.88 0.88 3.4377468 -1.1459155 -4.0107045
