0.66999996 9.82 2.57 -10.31324 1.1459155 4.0107045
0.59 9.889999 2.25 13.178029 5.7295775 5.7295775
0.53 9.66 0.83 38.38817 4.583662 4.583662
0.89 9.78 -0.24 44.69071 -4.583662 6.8754935
0.7 10.08 -0.31 38.961132 -1.7188734 4.583662
0.58 10.26 -0.06 18.334648 2.8647888 -1.7188734
0.42999998 10.099999 0.96 -8.594366 7.448451 -2.8647888
0.84999996 10.01 2.29 -16.042818 10.31324 0.0
0.84999996 10.01 2.29 -16.042818 10.31324 0.0
0.51 10.0199995 2.75 -14.323945 17.761692 -0.57295775
0.58 9.73 2.21 -4.583662 23.49127 -1.1459155
0.72999996 9.86 2.44 -2.291831 24.637184 -0.57295775
0.90999997 9.849999 2.25 1.7188734 22.91831 -0.57295775
0.52 9.75 2.33 4.0107045 29.220846 -2.8647888
0.44 9.98 2.46 2.8647888 34.377464 -2.8647888
0.61 10.0 2.09 4.0107045 34.377464 -1.7188734
0.66999996 9.719999 1.75 1.1459155 41.25296 0.0
1.16 9.69 2.18 -7.448451 44.11775 -0.57295775
0.77 9.99 2.19 -8.594366 45.83662 -4.0107045
0.52 10.03 2.4099998 -8.594366 45.83662 -4.0107045
0.53999996 10.0 2.33 -7.448451 49.27437 -4.0107045
1.27 10.07 1.9599999 -2.8647888 53.858032 0.57295775
1.12 9.91 1.8499999 -0.57295775 55.576904 0.57295775
0.85999995 10.07 2.11 -1.1459155 56.72282 -1.7188734
0.97999996 10.0 1.9399999 0.0 58.441692 -2.291831
1.13 9.86 1.5999999 4.583662 58.441692 -0.57295775
0.79999995 9.65 1.22 7.448451 61.879436 -0.57295775
1.03 9.74 1.0 6.8754935 65.890144 0.0
1.09 9.79 0.62 8.021409 65.890144 1.1459155
1.01 10.33 -0.57 6.8754935 65.317184 1.1459155
0.84 9.929999 -0.35999998 -4.0107045 66.463104 2.291831
0.79999995 9.889999 0.91999996 -16.615776 65.317184 4.0107045
1.5699999 10.0 1.93 -14.323945 65.890144 6.3025355
1.43 9.99 1.5999999 -8.021409 66.463104 5.7295775
1.15 10.05 1.22 6.8754935 65.890144 1.1459155
1.25 10.04 1.29 10.31324 65.890144 1.7188734
0.89 9.71 0.61 12.032113 66.463104 0.0
0.77 9.88 0.61 8.594366 70.47381 -1.7188734
0.95 9.8 0.13 8.021409 72.19268 1.1459155
1.02 9.69 0.12 6.8754935 72.19268 2.291831
0.84999996 9.76 0.84999996 0.0 71.61973 3.4377468
1.3199999 9.61 1.36 -2.291831 71.61973 5.15662
1.17 9.61 0.45999998 6.3025355 72.76564 3.4377468
0.95 9.83 0.02 6.3025355 76.203384 2.8647888
1.42 9.87 -0.03 0.57295775 75.630424 6.3025355
1.48 9.809999 0.32 -2.8647888 74.48451 6.3025355
1.2099999 9.91 0.71 -4.0107045 75.057465 5.7295775
1.12 9.84 0.52 -2.291831 76.77634 5.7295775
0.84999996 10.139999 0.5 -2.291831 80.21409 5.7295775
1.3199999 10.04 0.57 -2.291831 80.21409 7.448451
1.9699999 9.969999 0.44 0.0 77.349304 10.886198
1.3399999 9.95 0.56 3.4377468 77.349304 5.15662
1.4 9.8 0.35999998 5.15662 77.922264 4.583662
1.41 10.0199995 -0.24 9.740283 77.349304 6.3025355
1.39 10.69 -1.0 10.31324 77.922264 6.8754935
1.77 11.059999 -0.56 1.7188734 80.21409 8.021409
2.11 10.469999 -0.39999998 -4.583662 77.349304 4.0107045
1.29 9.95 -0.089999996 -5.15662 74.48451 0.0
0.66999996 10.13 -0.39999998 -4.0107045 76.203384 -3.4377468
0.68 10.099999 -0.84 3.4377468 69.900856 -0.57295775
0.85999995 9.86 -1.15 6.3025355 66.463104 2.291831
1.02 9.65 -1.1999999 3.4377468 64.74423 5.15662
0.84999996 9.79 -1.09 1.7188734 64.17127 5.15662
1.25 9.9 -1.39 0.0 60.733524 5.15662
1.4399999 9.75 -1.4499999 0.0 58.441692 6.3025355
0.90999997 9.719999 -1.13 -2.291831 57.29578 3.4377468
0.5 9.8 -0.83 -3.4377468 54.43099 -0.57295775
0.52 9.7699995 -1.2099999 -1.1459155 52.139156 0.0
0.95 9.87 -1.8499999 2.8647888 48.701412 4.0107045
0.69 10.0 -2.05 -1.7188734 44.11775 0.0
0.53 9.9 -1.79 -4.583662 42.398876 -1.7188734
0.37 9.92 -1.55 -5.7295775 40.107044 -2.8647888
0.29 9.99 -1.73 -3.4377468 36.669296 -1.1459155
0.53999996 9.969999 -1.88 0.57295775 32.658592 1.1459155
0.37 10.16 -1.74 3.4377468 28.07493 0.57295775
0.31 10.07 -2.26 2.8647888 22.345354 1.1459155
0.24 10.17 -0.89 -4.583662 22.91831 2.8647888
0.55 10.13 -0.55 -2.8647888 20.053522 3.4377468
0.35 10.23 -1.1999999 8.021409 15.469859 2.291831
0.22 10.26 -2.1299999 12.605071 14.323945 1.1459155
0.28 10.17 -1.18 1.7188734 14.323945 1.1459155
0.34 10.16 -1.22 2.291831 13.178029 0.57295775
0.41 10.11 -1.5 1.1459155 10.886198 0.0
0.34 9.86 -1.22 -1.7188734 10.31324 0.0
-0.01 9.86 -0.5 -4.0107045 10.886198 -1.1459155
0.21 9.969999 -0.52 0.57295775 9.167324 1.7188734
0.41 10.03 -1.0 3.4377468 6.8754935 2.8647888
0.41 10.03 -1.0 3.4377468 6.8754935 2.8647888
0.44 9.969999 -0.88 0.0 6.3025355 1.1459155
0.0 10.29 -1.0799999 -1.7188734 6.3025355 1.7188734
0.08 10.65 -0.47 -5.7295775 5.15662 2.8647888
0.32999998 10.32 0.32999998 -8.021409 4.0107045 4.0107045
0.39 10.2699995 0.19999999 -5.7295775 4.583662 2.8647888
0.42999998 10.32 -0.07 0.0 5.15662 0.57295775
0.39 10.08 -0.32 1.1459155 5.7295775 -2.291831
0.29 9.96 -0.48 3.4377468 4.0107045 -3.4377468
0.22999999 9.809999 -0.83 4.0107045 2.8647888 -3.4377468
0.11 9.76 -0.95 3.4377468 2.291831 -3.4377468
0.29999998 9.8 -0.61 -3.4377468 1.7188734 -0.57295775
0.35 9.7 -0.14999999 -6.3025355 2.8647888 0.57295775
0.17 9.76 -0.02 -3.4377468 2.291831 0.0
0.21 9.84 -0.58 0.57295775 0.0 0.0
0.0 9.92 -0.57 0.57295775 0.0 0.0
0.04 10.05 -0.25 -1.7188734 0.57295775 1.7188734
0.59999996 10.07 0.17999999 -1.7188734 -0.57295775 4.0107045
0.47 9.96 -0.04 0.57295775 -1.7188734 2.291831
0.48 10.099999 -0.19999999 1.7188734 0.0 0.0
0.42 10.29 -0.29 1.7188734 0.0 0.0
0.32 10.03 -0.11 0.57295775 1.1459155 -1.1459155
-0.11 10.139999 0.37 0.0 1.1459155 -2.8647888
0.35 10.04 -0.14 2.8647888 2.8647888 -0.57295775
0.45 10.15 -0.39999998 6.3025355 2.291831 2.291831
0.39 10.23 -0.53 4.583662 3.4377468 0.57295775
0.47 10.17 -0.53999996 1.7188734 2.8647888 0.0
0.12 10.0199995 -0.29 -1.1459155 1.7188734 -1.7188734
0.099999994 10.07 -0.26 -2.291831 1.1459155 -1.7188734
0.26 10.07 -0.35 -0.57295775 0.0 0.0
0.049999997 9.92 -0.12 -1.1459155 0.0 -0.57295775
-0.01 9.98 -0.17999999 -0.57295775 1.1459155 0.0
0.41 10.05 -0.51 0.0 2.291831 1.1459155
0.5 10.23 -0.45999998 -1.7188734 2.291831 1.7188734
0.42999998 10.01 -0.28 -5.15662 1.1459155 -0.57295775
0.19999999 9.91 -0.32999998 -4.0107045 0.0 -2.291831
-0.08 9.98 -0.19 -4.583662 0.0 -2.291831
0.32999998 10.03 0.17999999 -5.15662 2.291831 0.0
0.48999998 10.059999 -0.28 0.57295775 1.7188734 0.57295775
0.22999999 9.96 -0.85999995 3.4377468 0.57295775 -1.1459155
0.19 9.95 -0.44 -2.8647888 1.1459155 0.0
0.21 9.91 -0.52 -3.4377468 1.1459155 0.57295775
0.17 10.0199995 -0.19 -4.583662 0.57295775 1.1459155
0.52 10.219999 -0.099999994 -2.8647888 1.1459155 2.291831
0.66999996 10.2 -0.44 -0.57295775 0.57295775 1.7188734
0.51 10.139999 -0.58 -0.57295775 1.1459155 0.0
0.14999999 10.01 -0.049999997 -4.583662 0.0 -1.7188734
0.13 9.94 -0.17999999 -4.583662 0.57295775 -1.7188734
0.26 9.969999 -0.48999998 -3.4377468 1.1459155 -0.57295775
0.32 10.01 -0.51 -2.8647888 1.1459155 0.0
0.37 10.059999 -0.19999999 -4.583662 -0.57295775 0.57295775
0.31 10.0 -0.049999997 -2.8647888 0.0 0.0
0.35 9.91 -0.14 -1.1459155 -0.57295775 0.0
0.26999998 10.37 -0.39 2.291831 0.0 0.0
0.39 10.48 -0.66999996 5.15662 -0.57295775 0.57295775
