0.70870537 9.677659 1.0606637 -7.701085 -10.287655 -0.13747999
0.06464542 9.826104 0.91461295 -5.706085 -6.507655 -3.67248
-0.023942748 9.852441 0.68236834 0.453915 -6.297655 -4.47748
0.22745611 9.742304 0.52913475 4.3389153 -7.522655 -1.64248
0.38068968 9.727939 0.5363176 4.408915 -8.362656 1.4375199
0.3902668 9.72315 0.6392714 3.078915 -7.8726544 2.4525201
0.3615355 9.680053 0.76137936 2.0639153 -7.277655 2.3825197
0.49800915 9.747093 0.81644773 1.8539151 -6.367655 2.41752
0.42139238 9.708784 0.6296943 3.393915 -4.477655 2.24252
0.20590763 9.703996 0.44772938 5.668915 -2.692655 1.19252
0.18196489 9.727939 0.505192 6.193915 -2.622655 1.4375199
0.28970724 9.73991 0.6273 5.213915 -4.197655 2.94252
0.48843205 9.787795 0.7015225 4.6889153 -6.192655 4.2725196
0.5865973 9.842864 0.4668836 5.668915 -7.0326552 4.7625203
0.49800915 9.8237095 0.28970724 6.928915 -5.772655 4.23752
0.3998439 9.751882 0.31365 5.948915 -4.337655 2.66252
0.3974496 9.708784 0.6105401 2.763915 -3.182655 1.7525201
0.50998056 9.646533 0.68236834 0.663915 -3.637655 2.2775202
0.4860378 9.708784 0.5985687 1.818915 -5.387655 2.24252
0.41420954 9.720756 0.49800915 4.758915 -7.312655 1.6125201
0.37590113 9.632168 0.71588814 6.578915 -12.632655 0.38752002
0.14844504 9.826104 0.9696813 4.9339147 -21.032656 -1.36248
0.043096945 9.7135725 1.8555629 0.27891502 -31.63766 -2.76248
-0.045491222 9.703996 3.059883 -5.251085 -49.697655 -4.8274803
0.07901107 9.953 2.9928436 -3.711085 -74.47766 -6.68248
0.5794145 9.996098 1.1827718 7.5589156 -99.362656 -9.482481
0.6344828 9.797373 1.9728824 11.968915 -113.15265 -13.43748
-0.4956149 9.488511 5.4134555 -16.626085 -94.14765 -21.837479
-1.7358493 8.775017 8.46855 -71.89109 -27.752655 -26.31748
-1.0726352 8.406299 8.854029 -74.621086 36.017345 -18.372482
0.038308397 8.573898 7.860404 -24.886084 7.4923453 -12.87748
-0.46927786 8.590658 6.481302 17.568914 -27.717655 -15.082481
-0.47885495 8.947405 5.8156934 33.143917 -24.987654 -14.557479
0.5865973 8.789383 5.607392 27.788916 12.497346 -6.99748
1.1085492 8.755863 5.087834 21.383915 36.192345 -1.8874801
1.4820561 8.712766 4.515602 21.243916 33.287342 -0.41748002
1.664021 8.696006 4.3623686 19.808916 26.077345 -2.34248
1.7669748 8.724737 4.7286925 15.678914 32.972347 -2.55248
1.9944309 8.609812 4.3958883 16.938915 39.62235 0.91252
2.9736893 8.9186735 2.7079248 28.523914 35.912346 7.4925203
3.205934 9.565128 2.5307484 36.608917 28.212345 8.82252
3.0862203 9.553157 2.2937152 37.27392 20.722345 0.63252
3.3783216 10.474953 0.09337672 42.348915 24.502346 -3.3574803
4.7143273 10.575512 -3.2514253 46.023914 45.957344 5.14752
3.6105664 10.127783 -3.1460772 29.118917 47.987347 5.0075197
1.951334 9.804555 0.21309046 -14.036086 50.052345 -10.81248
1.2258687 11.092675 1.2857256 -48.686085 63.037346 -11.61748
4.0989985 10.091868 -1.1085492 -39.656086 71.26235 5.6025205
3.9002736 9.268238 -1.4198049 -13.721086 61.112347 16.732521
1.6688095 10.000886 1.9273912 -13.336085 60.06234 -0.87248
1.0702409 11.547587 1.0462981 -13.826085 67.30734 -15.607481
2.988055 10.242707 -2.8779182 24.813917 48.407345 -11.02248
1.6041641 9.148524 -4.946572 60.023914 33.497345 -8.74748
-0.1340794 9.921875 -3.11974 45.393917 42.527348 -18.09248
0.2466103 10.30017 -2.0231621 3.358915 58.20735 -14.2074795
1.7573977 9.684841 -2.4804688 -18.026085 61.357346 8.26252
1.8411974 9.993703 -1.6017698 -18.551086 57.612347 23.907522
2.4421604 9.507666 -1.776552 -13.441085 53.762344 19.42752
1.8747171 9.421472 -3.0742488 4.3739147 38.642345 9.66252
0.72785956 9.474146 -3.6392977 26.003916 30.977346 -2.09748
-0.70631105 9.500483 -3.6584518 34.228916 54.602345 -16.83248
-1.690358 9.155706 -5.3464155 38.148914 70.912346 -33.142483
-2.4493432 9.541185 -6.952974 49.698914 56.422344 -35.06748
-2.4804688 9.926663 -6.7303066 46.408916 36.087345 -20.33248
-1.7502149 9.677659 -5.1429024 13.1589155 36.192345 1.50752
-2.3128695 9.340066 -4.2977233 -46.201088 74.86734 31.15252
-2.2697725 10.024829 -4.063084 -44.591084 73.887344 32.58752
-1.175589 10.190034 -4.1349125 -34.68609 45.01235 33.007523
-1.2522057 10.048771 -3.5890179 -30.311085 29.052347 28.982521
-1.063058 9.77343 -2.3631492 -34.966084 38.607346 24.222519
-1.0558752 10.051166 -1.5395187 -28.001085 35.632347 18.13252
-0.84996754 10.424672 -1.324034 -6.616085 19.602345 6.79252
-0.51955765 10.106234 -2.317658 11.828916 10.502346 -0.94247997
-0.15562786 9.783007 -2.4014575 16.413916 7.912345 -1.36248
-0.13886794 9.828498 -1.4581133 5.703915 10.712346 2.59252
0.0071828244 10.0368 -0.9481328 -1.331085 13.057345 3.3275201
0.076616794 10.223554 -1.5036045 6.333915 1.192345 1.0175201
0.12689656 10.271439 -1.4245936 10.498915 -10.077655 -2.09748
0.12689656 9.998491 -0.7350424 2.133915 -10.1476555 -3.32248
-0.22027329 10.144543 0.11492519 -6.721085 -6.892655 -2.79748
-0.071828246 10.034406 0.035914123 -6.966085 -6.682655 -1.08248
0.69673395 9.873989 -0.5698374 -1.926085 -10.427655 2.34752
0.5961744 9.984126 -0.4644893 0.73391503 -12.737656 3.43252
-0.019154198 10.065532 0.16281068 -0.911085 -12.7726555 -2.6224802
-0.21548474 9.847652 0.22027329 -2.5560849 -10.532656 -6.92748
-0.13886794 9.921875 -0.49800915 -0.771085 -8.817655 -4.47748
0.51716334 9.842864 -0.41181526 -0.421085 -8.817655 1.2625201
1.0343267 9.725544 0.30167863 -6.3010845 -10.182655 5.88252
0.22266756 9.835681 0.5458947 -10.746085 -11.127655 3.53752
0.3974496 9.663293 0.28970724 -8.646085 -8.677655 -2.79748
0.61293435 9.711179 0.73743665 -4.866085 -8.712655 -3.00748
0.39266106 9.993703 0.85236186 -2.4510849 -10.602654 -4.44248
0.40223816 10.010463 -0.2466103 3.428915 -11.757655 -8.32748
0.22027329 9.924269 -0.6847626 8.433915 -10.357655 -8.46748
0.39505535 9.715967 0.6201172 -0.87608504 -4.232655 -4.86248
0.24182175 9.835681 1.3623424 -16.766085 4.062345 -0.55748
-0.026337024 9.914692 0.84996754 -17.641085 2.837345 -1.01248
0.38547826 9.70639 0.30167863 -5.076085 -3.1126552 -3.49748
0.4166038 9.70639 0.28731298 1.713915 -1.957655 -1.3274801
0.3615355 9.701602 0.3304099 0.698915 2.3473449 0.94752
0.49800915 9.780613 0.117319465 -0.45608503 2.3123453 0.45752
0.26337022 9.816526 0.23224466 2.2039149 -3.5326552 -1.4674801
-0.29689008 9.708784 0.43575802 3.323915 -4.4076552 -7.8724804
-0.22027329 9.663293 0.49082634 2.2389152 -0.87265503 -4.47748
0.026337024 9.783007 0.15562786 4.023915 -1.607655 0.07252
0.24182175 9.8787775 -0.23224466 5.6339154 -3.847655 1.6825202
0.2753416 9.857229 -0.20351335 3.358915 -3.672655 0.66752
0.15562786 9.787795 0.2561874 -0.806085 -2.447655 -1.29248
-0.08858817 9.828498 0.5698374 -1.5760851 -2.972655 -2.55248
-0.052674048 9.931452 0.12450229 3.1139147 -4.4076552 -3.04248
0.18675344 9.687236 -0.40223816 7.453915 -4.932655 -1.85248
-0.062251143 9.699207 -0.16281068 4.758915 -3.182655 -1.39748
0.035914123 9.703996 0.28252444 -1.226085 -1.8876551 -1.39748
0.25858167 9.711179 0.18914771 -1.926085 -3.7776551 -0.17248
0.17717634 9.615408 0.11971374 0.48891497 -5.352655 0.17752
-0.05506832 9.783007 0.44054657 -0.106085 -3.8826551 -0.27748
0.3423813 9.763853 0.4836435 -2.241085 -2.027655 1.4025201
0.53871185 9.838076 0.21787901 -0.24608499 -4.337655 3.1875203
0.19154198 9.957788 0.35914123 2.308915 -6.787655 1.7525201
0.20111908 10.017646 0.62251145 -0.386085 -2.622655 0.14252
0.36632404 10.00328 0.6201172 -2.5210853 1.752345 0.73752
-0.0047885496 9.945818 -0.22506183 0.523915 2.487345 0.00252
-0.031125572 9.845258 -0.14605077 3.2539148 1.5423449 -1.57248
0.07422252 9.869201 0.5027977 -3.431085 4.6573453 1.4025201
0.42378664 9.93624 0.6081458 -9.451086 7.457345 5.0075197
0.24900457 9.974549 0.13647367 -5.181085 6.652345 4.79752
0.17957062 10.0439825 -0.26337022 3.323915 4.062345 -0.48747998
0.23942748 9.730332 -0.37829542 7.033915 0.842345 -4.33748
-0.057462595 9.696813 0.038308397 4.4789147 -1.1526549 -5.63248
-0.11971374 9.727939 0.48124924 -1.541085 0.7023451 -5.98248
0.09577099 9.61062 0.5243462 -4.621085 1.7173451 -4.7224803
0.1699935 9.591465 0.2753416 -1.401085 -0.172655 -3.14748
-0.0047885496 9.725544 0.026337024 4.023915 -1.677655 -2.5874798
0.098165266 9.718362 -0.22027329 6.0889153 -0.34765503 -2.5874798
0.15323359 9.584282 -0.16281068 3.883915 2.4173448 -1.5374801
-0.24182175 9.483723 0.03351985 0.628915 2.802345 -0.87248
-0.50758624 9.366403 0.2466103 -0.98108494 1.6823449 -2.6224802
-0.2657645 9.387952 0.18196489 -2.1360848 3.362345 -1.64248
-0.009577099 9.60583 -0.07422252 0.83891505 4.727345 6.2675204
0.05985687 9.62259 -0.12689656 1.5039151 3.957345 6.93252
-0.06464542 9.787795 0.021548472 0.313915 4.027345 6.44252
0.0071828244 9.876384 0.13647367 -1.0860851 5.4273453 5.6725197
0.18196489 9.964972 -0.090982445 0.24391499 4.2023454 5.25252
0.011971374 10.05356 -0.102953814 1.538915 1.437345 3.39752
-0.052674048 10.063137 -0.016759925 0.068915 0.98234504 2.8025198
0.22985038 10.017646 -0.03351985 -1.506085 0.7023451 4.8675203
