0.05985687 9.584282 0.4070267 -1.120875 -15.888319 -6.878865
-0.0071828244 9.512454 0.7302538 -3.8858747 -14.34832 -5.513865
-0.16281068 9.502876 1.0032011 -8.0858755 -14.733321 -3.308865
-0.50998056 9.651321 1.132492 -12.565875 -15.3283205 -4.3238654
-0.3304099 9.550762 0.9696813 -14.385876 -14.24332 -5.4088655
0.016759925 9.531608 0.8236305 -11.375875 -12.598321 -3.973865
0.19393626 9.663293 0.7326481 -4.830875 -11.09332 -0.788865
0.05506832 9.692024 0.71588814 0.279125 -14.13832 2.9211352
0.26097596 9.534002 0.7541966 1.994125 -13.123321 4.1811347
0.47885495 9.313729 1.0534809 1.399125 -9.27332 4.3211355
0.749408 9.311335 1.4078336 1.469125 -15.1183195 5.196135
0.29689008 9.3831625 1.4509305 3.6741252 -25.23332 6.246135
0.42378664 9.337671 1.0582695 12.214125 -48.43832 7.331135
0.37350687 9.110215 0.37350687 25.864126 -78.29332 4.6711354
-0.75659084 8.995291 0.69673395 29.819124 -89.31832 -2.7838652
-2.5546913 9.586677 3.8978794 6.544125 -72.16832 -12.233865
-3.0862203 9.818921 6.4166565 -39.865875 -40.49332 -19.758867
-2.1883671 9.62259 8.116591 -76.93087 -17.988321 -21.508865
-1.0654523 9.337671 9.059936 -82.49588 -26.10832 -15.348866
-1.3719195 9.4142885 9.510059 -68.91588 -43.25832 -7.823865
-1.4150164 9.510059 10.187639 -52.25588 -41.61332 -6.5288653
0.15323359 9.131764 10.431855 -36.855873 -24.42832 -8.033865
0.94573855 8.966559 9.364009 -20.615875 -9.62332 -0.788865
0.6273 9.352037 8.494887 0.139125 10.676681 9.011135
1.6927522 9.320911 7.355212 20.159126 34.476677 7.9961348
2.7390504 9.44302 5.487678 41.754124 36.47168 7.611135
3.3328304 9.517242 4.9537544 39.094128 47.49668 10.621136
3.6225379 8.959376 5.6768255 20.789125 66.88668 7.471135
3.301705 8.640938 5.418244 8.364125 84.52669 2.291135
3.4190245 8.370385 4.0319586 14.699125 90.89668 -1.558865
3.8188684 8.28898 1.8531687 26.424126 88.76168 -0.29886502
4.12773 8.2578535 1.5826156 27.299126 79.27669 3.131135
4.276175 7.965752 2.0423164 11.3741255 71.751686 3.6561348
3.9266107 8.530801 1.6185298 -5.775875 80.15168 6.701135
4.6832013 8.760652 -0.011971374 -6.195875 91.98168 12.581135
5.0064287 8.722343 -0.6392714 6.754125 78.506676 19.756134
4.4653225 9.510059 -0.5147691 11.864125 56.49168 17.166136
3.9840732 10.245102 -1.3982565 9.169126 63.17668 10.971136
4.0319586 10.568329 -3.3998702 11.164125 82.77668 11.706136
4.2043467 10.558752 -4.800521 17.114126 82.04168 16.151134
3.2969165 10.24989 -3.8092911 12.879125 64.01668 18.111134
1.6065584 10.604243 -2.545114 -9.450874 66.32668 13.281135
1.4796618 10.8700075 -2.7941186 -27.300877 79.55668 8.801135
2.2434354 10.398335 -3.7733772 -23.380875 83.546684 17.166136
2.8300328 10.223554 -3.2993107 -10.955875 77.14168 27.281136
1.4533248 10.609032 -2.056682 -5.635875 62.19668 24.376135
0.60335726 10.958596 -2.8276386 24.779125 43.751682 -0.823865
1.2354459 10.654523 -4.7789726 50.539127 39.341682 0.47113502
0.9505271 10.357633 -5.0184 57.994125 26.601679 -3.658865
0.019154198 10.472558 -4.6903844 49.034126 24.53668 -11.603865
-0.08619389 10.740717 -5.2147307 41.964127 28.981682 -6.8438654
0.42618093 10.431855 -5.8324533 35.104126 30.17168 4.2861347
0.2753416 10.398335 -4.9202347 18.409124 34.686684 4.251135
-0.24421602 10.0200405 -3.727886 3.779125 29.85668 -6.808865
-1.3216397 10.1541195 -3.3783216 5.3891253 15.786679 -14.123865
-1.158829 9.996098 -3.7302802 12.214125 10.011681 -14.088865
-0.50998056 9.73991 -3.469304 10.114124 7.5966797 -4.7088647
-0.4189981 9.703996 -1.8627458 -1.225875 10.0466795 1.4511349
-0.41420954 9.869201 -1.0822122 -7.665875 14.001679 0.576135
0.026337024 9.945818 -1.9992194 4.759125 4.20168 -3.6938648
0.3232271 9.500483 -2.7749646 18.724125 -10.533319 -7.263865
-0.21309046 9.598648 -1.5730386 13.229124 -10.60332 -9.363866
-0.61293435 9.771035 -0.04070267 -4.2358756 -3.9883199 -12.128864
0.23224466 9.5794935 0.038308397 -8.5408745 -3.42832 -10.623866
0.6081458 9.440625 -0.5770202 3.5691252 -12.87832 -6.458865
-0.014365649 9.797373 -0.5458947 13.229124 -17.63832 -8.068866
-0.44533512 9.857229 0.11492519 10.534124 -9.41332 -10.763865
-0.18675344 9.7135725 -0.28731298 6.334125 -4.05832 -9.678865
0.15562786 9.708784 -0.8475733 8.924126 -5.56332 -2.293865
0.17717634 9.852441 -0.04070267 5.214125 -4.5833197 4.0411353
0.32801566 9.694419 0.30646718 -5.005875 -1.04832 3.586135
0.47885495 9.421472 0.29689008 -6.8258753 1.08668 2.746135
0.2944958 9.380769 0.2657645 -2.380875 0.94668 1.311135
0.12689656 9.529214 0.35435268 0.734125 1.12168 -2.7138648
-0.028731298 9.565128 0.31365 1.9241251 2.55668 -5.513865
-0.31843856 9.4142885 -0.30167863 4.7941246 5.35668 -5.758865
-0.26097596 9.574705 -0.5913859 9.729126 4.72668 -5.338865
-0.20111908 9.761458 -0.6249057 10.954125 0.28168002 -3.448865
-0.04070267 9.73991 -0.55307746 6.0541253 -0.41832 -0.088865004
-0.07901107 9.624985 -0.2777359 -8.75E-4 0.73668 2.816135
-0.10055954 9.648928 0.052674048 -4.620875 1.15668 4.566135
0.14365649 9.656111 0.090982445 -5.9508753 1.85668 5.686135
0.0047885496 9.75667 -0.014365649 -3.815875 0.80667996 5.686135
-0.0047885496 9.821315 -0.37111259 2.379125 -1.22332 2.3961349
0.14605077 9.799767 -0.36871833 1.2241249 -0.73332 4.811135
0.11492519 9.70639 -0.045491222 -1.750875 0.28168002 5.896135
0.0023942748 9.835681 0.23942748 -2.590875 0.80667996 4.811135
0.15323359 9.893144 0.0023942748 0.38412502 1.33168 4.6711354
0.47885495 9.972155 -0.35914123 3.779125 1.75168 6.631135
0.531529 9.941029 -0.46209505 4.269125 1.7866801 5.721135
0.27055305 9.881172 -0.14126222 1.819125 2.38168 1.836135
0.047885496 10.00328 -0.13647367 1.1891251 1.85668 -0.508865
0.14126222 9.976943 -0.47885495 3.1841252 1.33168 0.436135
0.31843856 9.96976 -0.5027977 2.309125 1.22668 2.361135
0.49800915 9.926663 -0.42618093 -0.805875 1.9266801 2.886135
0.35674694 9.933846 -0.33519846 -2.695875 1.08668 1.661135
0.19633053 9.897932 -0.50040346 -2.2408752 -0.41832 -0.823865
0.14844504 9.857229 -0.3615355 -2.5558748 -1.11832 -2.3638651
0.2753416 9.794978 -0.1699935 -5.250875 0.0016800001 -2.013865
0.20351335 9.840469 -0.06943397 -5.530875 -0.06832 -0.998865
0.043096945 9.778218 -0.17957062 -2.9408753 0.07168 -2.258865
-0.1340794 9.70639 -0.17957062 0.174125 1.33168 -4.3238654
-0.24421602 9.648928 -0.25379312 2.659125 2.20668 -4.393865
-0.16041641 9.703996 -0.29210153 4.969125 3.57168 -1.2788651
0.18196489 9.802161 -0.6392714 6.579125 4.4466796 2.7111351
0.531529 9.809344 -0.888276 8.119124 2.7666802 4.6011353
0.33759275 9.871595 -0.7350424 6.999125 -0.06832 4.006135
-0.09577099 9.866806 -0.4285752 2.729125 -0.48832 0.751135
-0.08140534 9.749487 -0.22027329 -1.330875 -0.13832 -1.488865
0.13647367 9.737515 -0.10774237 -2.8008752 -0.48832 1.1711351
0.42139238 9.842864 -0.15323359 -2.415875 -1.2583201 5.1611347
0.5698374 9.838076 -0.21787901 -0.945875 -1.2933201 6.6661353
0.5770202 9.79019 -0.40463245 0.349125 -1.6433201 4.496135
