0.84278476 9.862018 0.82123625 -2.5001202 -7.660695 -3.6093051
0.72785956 9.725544 1.0271438 -13.10512 -4.4406953 -1.8593049
0.35435268 9.732727 1.0941836 -14.22512 -3.4956949 -3.364305
0.2083019 9.70639 1.1612233 -10.30512 -2.2356951 -5.569305
0.3519584 9.720756 1.010384 -4.8801203 -2.5856948 -3.8543053
0.53392327 9.833286 0.9385557 0.22988002 -3.8806949 0.520695
0.6656084 9.852441 0.9481328 2.60988 -3.7756948 3.3556952
0.7039168 9.840469 0.8547561 2.36488 -4.615695 3.565695
0.6249057 9.888355 0.82602483 1.9098799 -4.370695 1.605695
0.58420306 9.852441 0.82123625 0.50988 -3.1106951 -0.354305
0.57223165 9.653716 0.82602483 -0.99512005 -2.095695 -1.439305
0.32801566 9.60583 0.9385557 -1.38012 -3.1806948 -1.789305
0.32562137 9.5483675 0.90024734 -1.55512 -2.6556952 -2.139305
0.5506832 9.522031 0.84996754 -0.75012004 -1.220695 -0.45930505
0.53871185 9.543579 0.6943397 1.24488 -2.410695 2.480695
0.36632404 9.627379 0.8236305 1.0698801 -4.020695 1.3956951
0.2370332 9.651321 1.1564348 -1.73012 -5.245695 1.220695
0.3040729 9.61062 1.4317763 -3.02512 -8.360696 3.1806948
0.07901107 9.584282 1.6999351 -2.5701199 -12.875694 4.055695
-0.35914123 9.557945 2.3296294 -3.6901202 -16.095695 3.1806948
-0.37111259 9.58907 2.8898897 -6.0001197 -20.610695 2.795695
-0.2561874 9.672871 3.205934 -6.84012 -23.830696 2.970695
-0.4668836 9.747093 3.4716985 -8.7651205 -20.400694 2.480695
-0.45491222 9.601042 3.8715425 -14.96012 -12.560695 0.625695
-0.36632404 9.603436 4.1397014 -18.39012 -4.615695 -1.054305
-0.28013015 9.766247 3.9002736 -13.350121 -0.345695 -1.5793049
-0.5243462 9.845258 4.187587 -9.64012 -1.150695 -4.974305
-0.21069619 9.536397 4.7358756 -11.18012 -3.7756948 -8.334305
0.16041641 9.483723 4.3168774 -9.29012 3.9943054 -7.0393047
0.038308397 9.677659 3.8140798 -1.17012 19.254305 -2.664305
0.2083019 9.783007 3.45015 6.2148805 24.364304 -0.63430506
0.8667275 9.830893 3.2969165 8.52488 21.634304 0.205695
1.2091088 9.615408 3.3208592 8.48988 17.889305 0.450695
0.8978531 9.735122 2.8300328 9.43488 20.129305 -5.0093045
0.7853221 9.763853 2.073442 11.04488 28.389305 -8.229304
0.97446984 9.6896305 2.1189332 8.34988 29.264303 -6.829305
1.2713599 9.488511 2.700742 0.43988 23.909306 -7.4243045
0.77574503 9.457385 2.6767993 -7.5751204 24.854305 -8.334305
0.55307746 9.534002 3.050306 -9.29012 33.289307 -7.4593053
1.3743137 9.387952 2.3535721 -5.12512 38.924305 -4.134305
1.5514901 9.507666 1.6305012 8.34988 33.744305 2.8656948
1.4269878 9.787795 1.7957062 18.70988 24.749306 2.5856948
1.5443072 9.352037 1.8531687 17.694881 21.704306 -2.034305
1.0247496 9.330489 1.3360053 14.579881 27.654306 -4.099305
0.7015225 9.486116 0.5961744 17.44988 37.31431 -1.999305
1.3934679 9.615408 0.71828246 21.99988 29.789303 3.0056949
1.5012103 9.603436 1.1109436 20.10988 13.164305 5.700695
0.81644773 9.323306 0.80208206 14.12488 8.754305 3.2156951
1.0151725 9.311335 0.2944958 11.709881 17.119307 2.5506952
1.6975409 9.751882 0.36871833 15.139879 8.579305 9.340695
2.2554069 10.065532 0.47885495 14.50988 -10.775696 14.520696
2.1716073 9.651321 0.52674043 -10.58512 11.519305 11.650695
1.8675344 9.299363 1.6975409 -17.20012 18.344305 8.955695
1.4126221 9.663293 1.786129 -10.34012 18.134304 2.9356952
1.7238779 10.012857 0.5961744 3.2398798 25.554306 2.025695
2.1716073 9.632168 0.34477556 5.40988 23.909306 4.020695
2.248224 9.366403 0.9217958 1.52488 17.994307 1.2906951
1.8914771 9.189227 1.1516461 2.46988 22.999306 -2.174305
1.3264283 9.749487 1.3623424 9.539881 27.619307 -2.174305
1.8531687 9.577099 0.81644773 23.99488 26.149305 0.870695
2.5570855 9.450203 -0.11492519 37.22488 22.789305 1.255695
2.099779 9.469357 -0.9577099 39.674877 28.494307 -4.659305
1.201926 9.682447 -1.525153 33.654884 36.264305 -5.0093045
1.0606637 9.562734 -2.22907 19.68988 36.894306 2.165695
1.324034 8.961771 -1.9417568 -6.73512 45.504303 10.985696
1.2857256 8.676852 -0.7589851 -38.48012 58.629307 19.945694
0.75659084 9.29218 -0.20111908 -51.53512 57.299305 28.170694
0.9385557 9.771035 0.045491222 -47.96512 50.579304 30.620695
1.297697 9.981731 -0.1340794 -39.39012 50.159306 35.450695
1.7478206 9.797373 -0.91461295 -23.710121 57.789307 41.050694
1.5658557 10.211582 -1.211503 -5.82512 63.529305 35.52069
1.0486923 10.479741 -1.5969813 10.904881 62.584305 21.905695
1.4126221 10.240314 -2.3870919 29.524883 55.024303 12.420695
1.4269878 10.637763 -3.1939626 44.04988 43.43931 8.535695
1.5131817 11.159715 -3.955342 51.92488 36.264305 0.275695
0.8786988 10.831699 -4.2115293 48.074883 32.204304 -8.019304
-0.31365 10.558752 -3.4238129 31.37988 36.3693 -15.159305
-0.28970724 10.525232 -2.6983478 15.559879 36.124306 -18.449306
0.047885496 10.541992 -2.5642684 7.1948805 24.049307 -15.1943035
0.2370332 10.26665 -2.073442 4.77988 14.319305 -13.619305
0.26337022 10.029617 -1.4844503 2.9598799 7.7393055 -14.424306
0.38787252 9.895537 -0.94573855 2.08488 1.474305 -13.339305
0.51716334 9.648928 -0.99362403 3.8698797 -1.5006951 -9.489305
0.95531565 9.450203 -1.0798179 8.27988 -1.185695 -8.054305
0.5770202 9.404712 -0.60335726 9.92488 -6.015695 -9.559305
-0.16041641 9.601042 -0.34477556 8.38488 -11.755694 -13.199306
-0.09337672 9.517242 -0.54350036 8.83988 -12.875694 -15.264305
0.3040729 9.541185 -0.6368771 10.30988 -13.260695 -11.834305
0.44772938 9.541185 0.12689656 6.1098804 -11.020695 -5.7093053
0.3304099 9.730332 0.505192 -4.39012 -4.090695 -1.719305
0.6703969 9.890749 -0.011971374 -1.66012 -4.790695 0.695695
0.6560313 9.735122 0.31843856 -1.5201199 -3.320695 0.555695
0.46209505 9.694419 0.6560313 -4.63512 2.314305 0.065695
0.6943397 9.70639 0.18675344 0.33488 1.264305 0.660695
0.42618093 9.61062 0.20111908 5.1648803 -3.390695 -0.704305
0.30646718 9.627379 0.49082634 5.58488 -4.020695 -2.8043048
0.4668836 9.888355 -0.0670397 7.75488 -5.1056952 -1.614305
0.7110996 9.907509 -0.5554718 7.5448794 -1.780695 1.465695
0.6608198 9.883567 0.011971374 -0.68012005 1.789305 4.195695
0.51716334 9.90272 0.4956149 -7.7151203 2.279305 3.8456948
0.77574503 9.897932 0.13168511 -4.6701202 -0.415695 3.425695
0.6392714 9.852441 -0.071828246 2.8898802 -2.760695 1.6756951
0.33519846 9.90272 0.06943397 4.98988 -1.605695 -1.509305
0.5698374 9.885961 -0.5770202 3.4498801 0.004305 -1.229305
0.5123748 9.948212 -0.47885495 1.7348801 -0.590695 0.660695
0.45970076 10.0200405 0.28252444 -2.9201202 -3.0056949 1.465695
0.5147691 10.05356 0.33759275 -5.54512 -3.4956949 1.080695
0.5913859 10.046377 -0.58420306 0.22988002 -1.465695 0.135695
0.67757976 9.991309 -0.5913859 4.21988 0.14430499 -0.074305
0.57223165 9.759064 0.38308397 -4.14512 1.614305 0.030695
0.37111259 9.653716 0.76137936 -10.69012 1.719305 -0.739305
0.38787252 9.627379 0.36392978 -4.7751203 -1.815695 -1.719305
0.7039168 9.749487 -0.2777359 4.91988 -4.300695 -1.5793049
0.6895511 9.656111 -0.21548474 7.36988 -4.125695 0.100695
0.52674043 9.646533 0.36632404 1.2098801 -1.3956951 0.730695
0.5243462 9.62259 0.46927786 -3.76012 -0.695695 0.24069498
0.6153286 9.63935 0.062251143 -2.11512 -1.080695 0.310695
0.5243462 9.531608 -0.009577099 2.18988 -0.135695 0.9406949
0.3232271 9.510059 0.25139886 3.37988 -0.030695 0.730695
0.5458947 9.61062 0.12929083 2.15488 0.45930505 0.345695
0.6392714 9.866806 -0.24421602 4.70988 -1.7456951 0.9406949
0.531529 9.905115 -0.20111908 8.27988 -4.300695 -0.179305
0.5985687 9.8237095 -0.11013664 6.4598804 -4.370695 -1.929305
0.46927786 9.864412 -0.1340794 3.2748802 -4.405695 -1.404305
0.4740664 9.993703 -0.2944958 2.9598799 -3.8106954 -0.564305
0.5889916 10.008069 -0.3974496 2.43488 -0.555695 -0.039305
0.66800267 9.869201 -0.35435268 -1.62512 -0.310695 1.080695
0.45012367 9.77343 0.098165266 -3.5851197 -4.090695 -1.824305
0.30167863 9.7135725 0.25139886 -2.88512 -5.350695 -2.909305
0.44294083 9.624985 0.22266756 -1.38012 -3.0056949 -0.249305
0.70631105 9.833286 0.11971374 -0.33012 -2.200695 3.040695
0.89067024 9.964972 0.20590763 -1.45012 -1.465695 4.8606954
1.063058 9.93624 0.27055305 -3.55012 0.109304994 4.895695
0.8978531 9.771035 0.45012367 -3.51512 0.389305 1.850695
0.4860378 9.725544 0.409421 -0.61012 0.249305 -2.314305
0.37590113 9.6896305 0.14844504 3.1698802 0.249305 -3.259305
0.6344828 9.744699 -0.12450229 4.39488 0.879305 -0.179305
0.6560313 9.703996 -0.12450229 2.2248802 2.174305 2.795695
0.64166564 9.91948 0.15083931 -1.34512 2.5243049 2.8656948
0.68715686 9.890749 0.011971374 -1.13512 0.63430506 2.5506952
0.56265455 9.732727 -0.11013664 1.1398801 -0.24069498 0.80069494
0.56744313 9.644139 -0.15323359 1.7348801 0.28430504 -0.319305
0.5506832 9.672871 0.05027977 0.61488 -1.325695 -0.004305
