0.15562786 9.61062 1.1803775 -13.725005 -17.737543 -14.313425
0.062251143 9.596253 1.5706443 -19.535006 -12.172545 -10.2884245
0.18435916 9.598648 1.6017698 -18.485006 -12.277545 -6.963425
0.13647367 9.6896305 1.0846065 -9.560005 -13.257545 -3.603425
0.062251143 9.665688 0.7781393 1.954995 -9.337544 0.001575
-0.0023942748 9.519637 0.88109314 5.769995 -4.717545 1.681575
0.09337672 9.464568 1.1420691 0.34499502 -3.5975451 2.836575
0.26097596 9.57231 1.3312168 -9.840005 -2.407545 6.5465755
0.55786604 9.577099 1.5299416 -7.4600043 -5.312545 6.3715754
0.35914123 9.543579 1.3048798 0.13499501 -8.287545 2.7665749
-0.0023942748 9.562734 1.1157321 5.629995 -8.602545 -2.413425
-0.25858167 9.42626 1.297697 2.1649952 -8.812545 -3.603425
-0.29210153 9.411894 1.6233183 -4.1700053 -9.512546 -0.978425
-0.28731298 9.495694 1.9369683 -6.7950053 -12.557545 2.066575
-0.22027329 9.483723 2.2625897 -7.2850046 -18.437546 3.9915752
-0.531529 9.560339 2.8946784 -6.550005 -25.262545 2.9415748
-1.1827718 9.4932995 4.07745 -7.845005 -46.927544 2.381575
-1.2210802 9.4142885 4.8340406 -11.2400055 -73.492546 6.4415755
-0.9433443 9.222747 5.8851275 -15.965006 -83.01255 8.821575
-0.05985687 9.141341 6.7566433 -22.825005 -75.62755 12.181575
0.7685622 9.289786 7.0942364 -22.405005 -61.34754 16.556576
0.5458947 9.574705 6.7925577 -12.290005 -42.167545 11.796576
0.1340794 9.373586 6.3567996 -1.7550049 -21.412546 -0.103424996
0.43815228 9.158101 6.4621477 2.234995 -11.962545 -6.053425
1.0726352 9.119793 6.3998966 1.779995 -9.827545 -3.078425
1.9106313 9.270632 5.956956 4.3349953 -3.0025449 1.2965751
1.8747171 9.232324 4.9561486 11.999995 14.987455 1.891575
1.5514901 9.198804 4.3623686 16.689997 31.157455 -2.6234248
2.2003386 9.201198 4.573065 12.034996 38.752453 -3.2534251
2.9928436 9.39274 4.130124 4.474995 41.062454 2.066575
2.8204558 9.344854 3.1987512 1.884995 50.932453 3.7465749
2.4852571 9.0288105 3.2394538 -0.70500505 62.027462 0.45657498
2.6001825 8.887548 3.6440864 -6.830005 64.72246 -0.24342498
2.9138324 9.229929 3.7829542 -9.315005 60.417458 3.536575
3.354379 9.440625 2.865947 -3.435005 57.337456 10.046575
3.6512692 9.411894 2.013585 7.939995 61.29245 14.491575
3.9840732 9.330489 1.498816 15.254993 64.51245 15.681577
3.7207031 9.416683 1.201926 18.999996 62.797455 14.946574
3.4142358 9.5483675 1.4150164 18.614994 64.267456 8.506576
3.4621215 9.251478 1.5514901 12.349996 73.57745 4.3065753
4.149278 9.12937 1.1205206 8.499995 82.43246 9.696575
3.8212626 9.325701 0.8978531 16.619995 82.74745 16.136574
3.4525442 9.366403 0.45730647 29.009996 74.55746 11.341576
3.3902931 9.093455 -0.4668836 42.274998 75.74745 6.126575
3.0694604 8.9976845 -0.84039044 40.489994 75.922455 9.486575
2.7773588 9.273026 -0.7948992 37.654995 65.52746 9.836575
3.0287576 9.766247 -1.4221992 40.139996 55.552456 11.481575
3.1293173 9.785401 -2.2721667 38.249996 58.492455 13.406575
2.885101 9.402317 -2.3296294 24.984997 71.72246 13.546576
2.4804688 9.368797 -2.2147043 14.519996 80.99745 13.056575
2.3392065 9.835681 -2.0423164 14.029996 72.77246 13.791575
2.9569294 9.993703 -2.2625897 17.949997 55.937458 17.151577
3.3112822 9.960183 -2.6025767 19.069994 53.767452 17.886576
2.9617178 10.142148 -2.5858169 16.864996 58.387455 13.091575
2.6432793 10.08708 -3.083826 14.659995 61.95745 9.241575
2.2458298 9.814133 -3.2083282 8.359995 67.73246 9.381576
1.9944309 9.73991 -2.9856608 -0.81000507 68.642456 7.806575
1.7095122 9.859624 -2.9569294 -1.090005 61.222454 6.336575
1.3886794 9.845258 -3.7159145 6.2599945 55.342457 6.8265753
1.2162915 9.771035 -4.824464 14.414994 51.807457 4.446575
0.5985687 9.660899 -4.6640472 14.134995 38.122456 -0.068425
0.13647367 9.634562 -4.0463243 7.1699953 29.442455 -2.553425
-0.05506832 9.718362 -3.6225379 3.914995 32.10245 0.106575005
0.46209505 9.747093 -3.8883023 4.299995 33.642456 4.5165753
0.55786604 9.957788 -3.7733772 5.104995 30.667454 7.421575
0.31604427 10.041589 -3.294522 3.1799953 25.207455 6.3715754
0.45730647 10.041589 -3.0910087 1.1149951 16.352455 1.401575
0.49800915 9.941029 -2.9521408 5.314995 6.552455 -1.468425
0.34716985 10.017646 -2.1476645 6.2949953 2.7024548 -3.2534251
0.69194543 9.91948 -1.6328955 -0.70500505 3.262455 -4.408425
0.8834874 9.818921 -1.3886794 -5.255005 3.367455 -2.133425
0.80687064 9.792584 -0.8475733 -6.1300054 2.8774552 -0.208425
1.0223553 9.845258 -0.6105401 -6.620005 3.507455 0.38657498
1.2546 9.885961 -0.65842557 -3.6800048 0.707455 1.1565751
1.324034 10.055954 -0.59378016 0.869995 -3.8425448 0.771575
1.0726352 9.838076 -0.5889916 -0.565005 -3.7025452 -2.098425
0.94573855 9.636956 -0.4932206 -4.9750047 -1.6375451 -5.528425
0.9385557 9.577099 0.13886794 -10.260005 2.212455 -3.463425
1.0510867 9.608225 0.76616794 -18.065004 2.912455 2.1015751
1.3791022 9.648928 0.6201172 -21.565006 2.982455 6.896575
1.525153 9.768641 0.2753416 -6.970005 4.032455 10.186575
1.5658557 9.883567 0.14365649 -2.210005 2.002455 6.5465755
1.3982565 9.816526 0.20590763 -0.49500498 0.147455 1.226575
1.1779832 9.646533 0.15802214 1.744995 -1.4275451 -2.168425
1.1564348 9.648928 0.0670397 2.4799953 -2.267545 -2.203425
1.2737542 9.754275 0.043096945 0.869995 -3.7725449 -0.41842502
1.3312168 9.783007 0.2657645 -1.7900051 -3.5975451 0.561575
1.3312168 9.802161 0.4860378 -3.470005 -3.562545 0.246575
1.3383996 9.814133 0.5458947 -1.8250049 -3.9125454 0.281575
1.3383996 9.792584 0.5961744 0.449995 -3.4925451 0.526575
1.350371 9.821315 0.531529 2.269995 -2.8275452 0.106575005
1.5299416 9.771035 0.31843856 4.579995 -2.127545 -0.173425
1.3791022 9.751882 0.31843856 5.664995 -2.512545 -1.118425
1.175589 9.73991 0.6057515 5.0699954 -3.0375452 -3.603425
1.1731946 9.72315 0.54350036 6.329995 -4.2275453 -5.2834253
1.1612233 9.718362 0.21069619 10.564996 -4.3325453 -5.353425
1.185166 9.7135725 -0.16759923 12.734995 -2.757545 -3.9884253
1.3264283 9.665688 -0.05027977 8.499995 -0.447545 -1.678425
1.1995317 9.620196 0.49082634 -0.28500497 0.567455 -0.41842502
1.2617828 9.60583 0.47167215 -3.190005 0.847455 -1.328425
1.201926 9.70639 0.1699935 2.549995 -1.217545 -2.553425
1.0822122 9.670476 0.04070267 7.6949944 -3.2125452 -3.463425
1.1133378 9.541185 0.08858817 5.769995 -1.8825451 -2.343425
1.1875603 9.522031 0.18914771 0.939995 0.637455 -0.068425
1.2402344 9.577099 0.16759923 -0.915005 0.707455 1.681575
1.1372806 9.613013 0.28013015 0.34499502 -0.48254502 2.136575
1.1300977 9.711179 0.31843856 0.51999503 -0.37754503 1.681575
1.3862851 9.672871 0.15562786 0.48499504 1.1274551 1.401575
1.3192455 9.701602 0.09337672 2.619995 -0.342545 2.381575
1.1899546 9.672871 0.26097596 3.214995 -0.692545 1.681575
1.2138973 9.646533 0.22745611 1.4299951 0.707455 -0.103424996
1.158829 9.703996 -0.14605077 3.249995 -0.587545 -0.59342504
1.1229149 9.72315 -0.18196489 7.204995 -1.392545 -0.278425
1.1971374 9.73991 0.10055954 4.754995 -0.23754498 1.191575
1.3982565 9.780613 0.18675344 -0.70500505 0.672455 2.871575
1.3958622 9.828498 0.102953814 -1.0200051 0.077455 3.9215748
1.3360053 9.8787775 -0.071828246 4.2299953 0.077455 1.576575
1.3383996 9.900327 -0.098165266 3.424995 -0.692545 0.91157496
1.359948 9.888355 -0.12689656 2.024995 -1.147545 0.421575
1.2641771 9.783007 -0.06464542 0.58999497 -0.762545 -0.733425
1.2546 9.799767 0.035914123 -0.075004995 -0.587545 -1.468425
1.3168511 9.797373 0.031125572 1.394995 -1.007545 -1.328425
1.2905141 9.77343 -0.047885496 4.1249948 -1.6725451 -1.1884251
1.1612233 9.838076 -0.18914771 5.594995 -1.9175451 -2.098425
1.3120626 9.778218 -0.29928434 4.7899957 -1.007545 -1.8884252
1.3527653 9.708784 -0.2466103 2.864995 -0.657545 -1.048425
1.0989721 9.680053 -0.035914123 0.974995 -0.90254503 -1.503425
1.132492 9.63935 0.090982445 -0.425005 -0.727545 -1.573425
1.2905141 9.636956 -0.11971374 1.184995 -0.37754503 0.106575005
