1.5999999 10.08 0.21 21.772396 3.4377468 0.0
1.04 9.76 -0.42999998 10.31324 -13.750987 -1.7188734
1.0699999 9.4 0.71 9.167324 -20.62648 -1.7188734
0.87 9.46 1.73 16.042818 -14.896902 -1.7188734
0.88 9.719999 1.41 20.053522 0.0 1.1459155
0.85999995 9.849999 0.59999996 11.459155 9.167324 0.57295775
0.61 9.83 2.32 3.4377468 1.1459155 2.291831
0.91999996 10.74 2.8999999 2.8647888 -4.583662 2.8647888
1.25 11.179999 3.8899999 -2.291831 0.0 -1.7188734
0.88 11.219999 4.99 -10.31324 9.740283 -8.021409
0.41 11.309999 6.7799997 -13.178029 17.188732 -10.886198
0.66999996 11.21 7.52 -0.57295775 28.64789 -10.886198
0.53 11.259999 6.54 18.907606 49.27437 -10.886198
0.72999996 11.45 5.87 20.053522 54.43099 -12.032113
1.3 11.8 5.8199997 20.053522 61.30648 -14.896902
2.03 11.719999 5.48 20.053522 68.75493 -21.772396
2.34 11.37 4.88 14.323945 78.49522 -29.793804
2.25 10.8 4.5099998 3.4377468 88.2355 -34.950428
2.3 10.0199995 5.14 3.4377468 97.97578 -34.950428
3.0 9.59 3.86 5.7295775 105.997185 -36.09634
3.03 9.01 3.55 -2.8647888 114.0186 -40.680004
2.47 8.389999 3.8 -9.740283 115.16451 -42.971836
2.32 8.28 3.3899999 -13.178029 120.32113 -36.669296
2.52 7.94 3.3999999 -21.772396 129.48846 -27.501974
2.56 7.8399997 3.4299998 -22.345354 130.06142 -19.480566
2.8999999 7.5 3.0 -17.188732 135.79099 -17.188732
2.8 7.62 3.01 -8.021409 135.21803 -13.750987
2.78 7.96 2.86 4.0107045 138.65578 -8.021409
3.55 8.08 2.22 14.896902 147.8231 -5.7295775
3.72 7.73 -0.04 15.469859 154.69861 -10.31324
2.57 8.139999 0.22999999 3.4377468 148.39606 -9.167324
2.3899999 8.679999 0.88 -1.1459155 143.23946 0.0
3.56 8.7 0.26999998 4.583662 136.36395 5.15662
3.58 8.809999 -1.18 12.032113 139.80171 1.1459155
3.1499999 9.0199995 -2.26 3.4377468 144.38536 -1.1459155
2.22 8.95 -1.78 -23.49127 128.9155 0.57295775
1.78 8.9 -0.71 -23.49127 116.883385 10.886198
2.4299998 9.389999 -0.7 -10.886198 112.87268 18.334648
3.47 9.87 -1.42 -2.8647888 110.0079 13.178029
3.72 9.87 -2.12 -4.583662 108.289024 3.4377468
2.47 9.309999 -2.45 -12.605071 98.54874 2.8647888
2.3799999 10.08 -1.89 -18.334648 86.516624 10.886198
3.1399999 9.7 -2.6499999 -24.637184 83.07887 11.459155
1.99 9.41 -2.31 -29.793804 85.94367 6.3025355
1.3399999 9.5199995 -1.16 -24.637184 72.76564 7.448451
1.73 10.16 -1.0799999 -7.448451 63.598316 14.896902
2.75 10.179999 -1.8199999 8.594366 59.014652 12.032113
2.22 10.08 -1.92 12.032113 54.43099 5.7295775
1.41 10.19 -1.4399999 21.199438 48.128452 7.448451
1.8399999 10.49 -1.79 28.07493 48.701412 8.021409
1.79 10.559999 -2.84 20.62648 49.84733 5.15662
1.48 10.5199995 -3.31 8.021409 39.53409 1.1459155
0.61 9.9 -2.3899999 -0.57295775 23.49127 -2.8647888
0.24 9.65 -2.1499999 0.57295775 14.896902 -1.1459155
0.29 9.48 -2.1499999 3.4377468 5.15662 0.57295775
0.13 9.53 -1.54 1.7188734 -1.1459155 1.7188734
0.0 9.58 -0.71 0.0 -6.8754935 5.15662
0.39 9.8 -0.42999998 11.459155 -13.178029 9.740283
0.63 9.79 -0.64 17.761692 -20.053522 5.15662
0.47 10.03 -0.48 17.761692 -22.91831 3.4377468
0.45999998 10.03 -0.19999999 13.178029 -22.91831 3.4377468
0.58 9.86 -0.04 5.7295775 -20.053522 2.8647888
0.53999996 9.7699995 0.16 -1.1459155 -19.480566 4.0107045
0.41 9.59 1.09 -1.7188734 -16.042818 2.8647888
0.03 9.66 1.04 6.8754935 -16.042818 2.8647888
0.14 10.0 0.7 14.323945 -19.480566 3.4377468
0.62 10.2 0.5 14.896902 -21.199438 2.291831
0.5 9.94 0.44 8.594366 -17.761692 -1.1459155
0.03 9.82 0.56 0.0 -11.459155 -1.7188734
0.21 9.79 0.95 -12.032113 -10.31324 1.7188734
0.28 9.71 1.51 -9.740283 -6.8754935 0.57295775
0.26 9.7699995 1.7099999 1.1459155 -5.7295775 0.0
0.45999998 9.61 1.15 9.740283 -4.0107045 -2.8647888
0.19 9.61 0.82 8.594366 -3.4377468 -5.15662
-0.26999998 9.59 0.89 4.583662 -2.8647888 0.0
0.22999999 9.59 0.52 4.583662 -0.57295775 2.291831
0.31 9.78 0.5 1.7188734 0.0 0.57295775
0.19 9.83 0.76 0.0 -2.291831 -2.8647888
-0.08 9.46 0.87 -1.7188734 1.1459155 -4.0107045
-0.38 9.33 1.0699999 -0.57295775 1.1459155 -0.57295775
-0.089999996 9.48 0.58 4.0107045 1.1459155 3.4377468
0.28 9.73 0.37 1.7188734 -0.57295775 1.7188734
0.17999999 9.7699995 0.69 1.1459155 -1.7188734 0.0
0.17999999 9.86 0.88 4.0107045 0.0 0.0
0.19999999 9.87 0.63 1.1459155 3.4377468 -1.1459155
0.17 9.76 0.44 -5.7295775 4.583662 -0.57295775
0.06 9.59 1.06 -2.291831 -1.1459155 0.0
0.11 9.76 0.90999997 6.3025355 0.0 0.0
0.26999998 9.73 0.61 8.594366 0.57295775 -0.57295775
0.21 9.55 0.48 6.8754935 -0.57295775 -1.7188734
-0.14 9.559999 0.44 6.3025355 0.57295775 -1.1459155
-0.02 9.66 0.45 1.7188734 -0.57295775 2.291831
0.39999998 9.69 0.55 0.0 0.57295775 0.57295775
0.26999998 9.559999 0.53 0.0 2.291831 -1.1459155
-0.049999997 9.5 0.68 1.1459155 0.57295775 0.0
0.19999999 9.45 0.68 2.8647888 0.0 0.57295775
0.01 9.49 0.65999997 5.15662 1.7188734 1.7188734
-0.14 9.65 0.45999998 6.8754935 1.1459155 4.0107045
0.29 9.78 0.31 9.740283 -0.57295775 5.7295775
0.35999998 9.78 0.049999997 12.032113 -1.1459155 2.8647888
0.24 9.88 0.21 9.740283 -3.4377468 0.57295775
0.29 9.889999 0.35 4.0107045 -1.1459155 -0.57295775
0.17 9.809999 0.41 -5.15662 2.291831 0.0
0.08 9.66 0.71999997 -4.583662 1.7188734 0.57295775
0.089999996 9.7 0.7 0.0 0.57295775 1.7188734
0.41 9.849999 0.5 2.8647888 0.0 0.0
0.42999998 9.809999 0.39999998 1.7188734 1.7188734 -2.8647888
0.08 9.78 0.29 0.0 2.8647888 -1.7188734
0.04 9.469999 0.48999998 -4.583662 1.7188734 0.0
0.089999996 9.48 0.78999996 -1.7188734 0.0 1.1459155
0.26999998 9.679999 0.48999998 6.3025355 0.0 2.291831
