1.8890828 9.701602 2.063865 11.199125 -17.39332 2.746135
1.5586729 9.711179 1.9968252 3.149125 -12.598321 6.176135
1.5467016 9.565128 1.7166951 -0.525875 -7.17332 3.166135
1.4317763 9.550762 1.8268317 0.52412504 -8.78332 -1.453865
1.3838909 9.500483 2.291321 -0.280875 -10.813321 -4.5688653
1.1564348 9.495694 2.2075214 -4.7608747 -7.06832 -6.808865
1.1708003 9.354432 1.9920366 -6.4408746 -4.4433203 -7.788865
1.089395 9.26345 2.056682 -2.310875 -8.3283205 -8.593865
1.0534809 9.234718 2.5139885 1.0841249 -14.873321 -8.803865
0.845179 9.284998 2.4804688 1.2591251 -15.85332 -9.258865
0.7709565 9.177256 2.300898 1.644125 -8.39832 -8.383865
0.5913859 8.980925 3.8092911 7.5941243 -8.85332 -7.4388647
0.12689656 9.229929 4.45814 15.609125 -27.12332 -8.1388645
-0.7206767 9.385557 4.008016 20.369125 -50.748318 -9.958865
-0.9888355 9.924269 5.5547175 30.659124 -69.64832 -11.043865
-0.69912827 10.395941 7.233104 43.259125 -82.948326 -11.393865
-0.3328042 10.6497345 7.206767 43.679123 -93.13332 -9.398865
0.34956414 10.5395975 6.8284717 42.314125 -103.98332 -11.393865
0.65363705 9.785401 7.8699813 43.539127 -115.49832 -15.208864
-0.076616794 9.620196 8.667274 35.104126 -109.233315 -18.008865
-0.4285752 9.423865 8.083072 13.334125 -69.78832 -24.483866
0.35914123 9.217958 7.1947956 -1.8908751 -5.94832 -30.993866
1.2593886 8.830086 5.9713216 4.619125 19.00668 -30.643866
1.1109436 8.988108 5.030371 22.189125 4.97168 -24.693867
1.4652961 8.966559 4.113364 34.124126 26.28668 -16.328865
2.7653873 9.287392 3.2394538 34.054127 36.33168 -13.458865
2.8779182 9.153313 2.8898897 31.954124 43.01668 -8.838865
2.8515813 9.031204 2.257801 26.914127 48.30168 -10.203865
3.1341057 9.28021 1.6544439 22.329126 61.84668 -12.618865
3.9098508 9.368797 1.3383996 18.024124 79.66168 -7.543865
3.7422516 9.349643 0.9529214 16.309124 87.92168 -2.7138648
3.371139 9.364009 -0.30646718 20.299124 75.88168 -5.513865
3.6488748 9.44302 -1.472479 27.754126 60.48168 -11.113865
3.5387383 9.0288105 -1.5299416 27.159124 64.156685 -9.083865
3.3495905 9.282603 -0.8379962 16.974125 73.50168 -3.098865
2.9521408 9.996098 -2.2266755 7.629125 63.91168 -1.3138651
3.397476 9.603436 -3.8045027 16.379126 67.55168 1.136135
4.06069 8.511647 -3.964919 12.039125 75.14668 3.586135
2.6839821 8.437425 -1.924997 -6.755875 71.506676 -2.013865
0.7039168 8.889942 -0.81644773 -21.735874 70.176674 -15.873865
1.2402344 9.007262 -0.8044763 -19.985876 68.67168 -16.433865
2.954535 8.607418 -1.8148603 -6.125875 68.98668 -1.383865
3.0742488 8.849239 -1.9992194 8.329124 62.266674 6.4561353
2.7773588 9.411894 -1.6544439 15.434126 52.151684 2.8511348
2.5666625 9.352037 -2.3296294 20.439125 51.62668 -1.908865
2.4158232 9.153313 -2.700742 28.874126 58.661682 -5.093865
2.1380875 9.246689 -2.719896 34.789124 60.621685 -9.013865
1.3048798 9.538791 -3.241848 37.869125 58.31168 -11.778865
1.673598 9.517242 -4.304906 42.559128 65.101685 -10.9738655
2.1620302 9.457385 -5.33205 48.159122 68.531685 -5.618865
1.5874043 9.79019 -5.4852834 47.774128 55.51168 -5.688865
0.40463245 9.957788 -5.7175283 41.019127 45.67668 -15.1388645
-0.4956149 9.852441 -6.028784 34.40413 41.091682 -23.363865
-0.845179 9.598648 -6.2706056 27.579124 45.11668 -25.498865
-0.6057515 9.3831625 -5.803722 17.009125 43.681683 -18.008865
-0.57462597 9.217958 -4.7191157 1.644125 45.466682 -6.423865
-0.8786988 9.478934 -4.539545 -10.150875 48.721684 0.856135
-0.15562786 9.387952 -5.6313343 -7.2458754 37.906677 2.2211351
-0.6081458 9.134158 -5.133325 2.8691251 17.46668 3.3411353
-1.7310607 9.37598 -2.403852 -2.1008751 8.61168 1.136135
-0.9194015 9.543579 -2.47568 -17.465876 16.17168 -1.3138651
0.035914123 9.562734 -4.393494 -14.630875 19.14668 7.366135
0.6440599 9.517242 -3.275368 -1.715875 10.25668 13.246135
0.009577099 9.751882 -1.9633054 -10.220875 5.81168 4.1111355
0.06943397 9.742304 -2.5810282 -1.0158751 -5.42332 0.576135
0.4740664 9.677659 -2.7294734 5.704125 -12.913321 1.696135
0.43336374 9.859624 -1.8723229 -1.6108749 -6.2283196 0.051135
0.22985038 9.90272 -1.7478206 -5.495875 0.59668005 -1.628865
0.03351985 9.924269 -1.9130256 -1.820875 -1.6783199 -1.4188651
0.28970724 9.941029 -1.7047237 -1.190875 -6.54332 -0.22886501
0.679974 10.008069 -1.690358 -3.080875 -8.083321 3.0261352
0.65124273 9.955395 -1.8771114 -3.5358748 -5.24832 4.0411353
0.6368771 9.862018 -1.7693691 -5.495875 -1.74832 2.3261352
0.6273 9.8787775 -1.2091088 -10.290875 -0.59332 0.541135
0.31365 9.873989 -0.6081458 -13.300875 1.4016801 -0.71886504
0.4644893 9.826104 -0.9433443 -10.045876 2.03168 -1.033865
0.89067024 9.964972 -1.3479767 -4.6908755 -0.66332 1.066135
0.57462597 9.993703 -0.50998056 -6.090875 -0.9433201 0.576135
0.28731298 9.876384 -0.5027977 -8.890875 4.8316803 -2.7138648
0.31604427 9.833286 -1.1564348 -2.730875 2.10168 -3.4138649
0.67757976 9.840469 -1.2234744 2.554125 -5.14332 -2.6788652
0.6081458 9.842864 -0.8930645 -1.5408751 -2.23832 -2.573865
0.25379312 9.77343 -1.2785428 -4.200875 1.9616798 -4.883865
-0.24900457 9.660899 -0.7589851 -2.730875 -0.17332 -6.9488654
0.043096945 9.7135725 -0.33759275 -7.3158755 0.38668 -5.828865
0.2561874 9.77343 -0.9337672 -8.785875 2.7666802 0.051135
0.45970076 9.636956 -1.498816 -1.8558749 -1.11832 2.781135
0.23224466 9.615408 -0.8332076 -0.735875 -2.23832 1.6261351
0.25858167 9.72315 -0.047885496 -8.890875 4.02668 -0.053865
0.49800915 9.72315 -1.0486923 -9.555875 8.366679 1.066135
0.45491222 9.687236 -1.211503 -0.420875 7.80668 0.71613497
0.47885495 9.7135725 -0.5219519 -8.75E-4 9.20668 -1.6638651
0.09337672 9.732727 -0.5889916 -5.775875 14.141681 -3.623865
-0.028731298 9.682447 -1.0917894 -2.3458753 10.9216795 -5.793865
-0.11492519 9.699207 -1.1803775 5.319125 0.0016800001 -6.668865
0.05027977 9.766247 -0.95531565 4.479125 -4.4433203 -5.4088655
0.23463893 9.759064 -0.9217958 -0.665875 0.21168001 -1.208865
0.1699935 9.668081 -1.0558752 -1.750875 -0.17332 0.751135
0.083799616 9.737515 -0.84039044 -0.49087498 -4.7583203 -0.71886504
0.25858167 9.63935 -0.6943397 -1.7858751 -4.89832 -1.4188651
0.23942748 9.670476 -0.60335726 -3.815875 -2.7283201 0.681135
0.24421602 9.684841 -0.6153286 -2.7658749 -1.36332 0.191135
0.25858167 9.684841 -0.69673395 -1.050875 0.38668 0.681135
0.14365649 9.615408 -0.67279124 1.364125 -0.90832007 0.856135
-0.102953814 9.644139 -0.5650489 2.694125 -0.69832003 0.15613501
-0.028731298 9.814133 -0.6296943 4.2341247 0.63168 2.3961349
0.3040729 9.797373 -1.2546 8.014125 0.87668 6.491135
0.54828894 9.847652 -1.6424725 9.8341255 -1.36332 7.821135
0.4285752 9.885961 -1.2617828 3.989125 -3.3583202 4.496135
0.24182175 9.96976 -0.77574503 -3.9908748 -0.55832 1.871135
0.339987 9.840469 -0.7733508 -5.320875 1.68168 2.501135
0.4956149 9.797373 -0.84039044 -2.415875 -1.88832 3.586135
0.723071 9.794978 -0.6943397 -1.365875 -3.7783198 2.6761348
0.30167863 9.876384 -0.95531565 -0.17587501 -2.27332 0.191135
-0.11971374 9.809344 -1.3743137 3.4641252 -1.2933201 -3.0288649
-0.021548472 9.730332 -1.2737542 3.5341249 -0.87332 -2.7488651
0.22506183 9.811738 -0.8930645 -1.995875 0.07168 1.556135
0.30646718 9.845258 -0.89545876 -5.180875 -0.34832 4.636135
0.65363705 9.842864 -1.158829 -3.605875 -3.25332 5.3711348
0.749408 9.768641 -1.1157321 -2.730875 -6.68332 3.8661351
0.5219519 9.70639 -0.5650489 -6.125875 -5.8783197 0.191135
0.23224466 9.62259 -0.3615355 -9.415875 -1.46832 -2.7138648
0.17478207 9.507666 -0.50998056 -6.6858754 -0.97832 -3.3788652
0.20111908 9.514848 -0.41181526 -2.4858751 -2.4483202 -2.048865
0.22745611 9.562734 -0.28252444 -1.330875 0.49168003 0.191135
