-0.55 9.5 2.26 12.605071 13.750987 -11.459155
-0.22 9.49 2.5 10.31324 7.448451 -4.583662
0.32 9.71 2.69 10.31324 5.7295775 4.583662
0.87 9.7699995 2.21 16.615776 19.480566 3.4377468
0.21 9.809999 1.78 18.334648 22.91831 0.0
0.21 9.809999 1.78 15.469859 26.929016 -4.583662
-0.45 9.86 1.9499999 10.886198 30.366762 -5.15662
-0.44 9.91 2.1699998 8.594366 30.366762 -3.4377468
0.81 10.05 1.35 5.7295775 34.950428 9.167324
0.74 10.0199995 2.46 -5.7295775 46.40958 5.15662
0.74 9.86 2.28 -5.15662 49.27437 2.8647888
0.14 9.46 2.2 1.1459155 45.83662 -2.291831
0.26999998 9.54 2.01 5.7295775 44.11775 0.57295775
0.58 9.62 2.05 6.8754935 52.139156 5.7295775
0.58 9.58 2.1399999 8.021409 59.014652 4.0107045
0.66999996 9.51 1.9799999 8.021409 59.014652 4.0107045
0.71999997 9.42 1.5899999 13.178029 59.58761 3.4377468
0.35 9.719999 0.90999997 15.469859 51.5662 4.0107045
0.45 10.059999 1.09 12.032113 53.285076 4.583662
1.15 10.23 1.5999999 2.291831 53.858032 10.31324
1.15 10.23 1.5999999 2.291831 53.858032 10.31324
1.1 10.12 1.64 5.15662 63.02536 5.15662
1.0 10.059999 0.93 10.886198 64.17127 1.7188734
0.91999996 10.04 0.77 10.31324 64.74423 1.1459155
0.76 9.94 0.82 8.021409 67.03606 0.57295775
0.69 9.88 0.77 8.594366 65.317184 1.1459155
0.91999996 9.96 0.32999998 9.167324 61.879436 3.4377468
0.94 10.01 0.53 4.0107045 64.74423 5.15662
1.01 9.86 0.19 6.3025355 57.29578 4.583662
1.01 9.86 0.19 6.3025355 57.29578 4.583662
0.47 9.849999 0.41 2.291831 62.4524 2.291831
0.57 9.849999 0.01 0.0 63.02536 6.8754935
0.7 10.179999 0.53 -12.605071 65.890144 10.31324
1.5 10.01 1.14 -12.032113 60.160564 10.886198
1.78 9.78 1.1999999 -12.032113 60.160564 10.886198
1.68 9.929999 1.24 -8.021409 57.29578 9.740283
0.81 9.98 -0.26 13.750987 57.868736 -1.1459155
0.65999997 9.8 -0.21 13.750987 57.29578 0.0
0.83 9.95 -0.45 13.178029 55.576904 2.8647888
0.90999997 10.19 -0.48 14.896902 51.5662 4.583662
1.22 10.63 -0.74 13.178029 46.98254 5.7295775
1.09 10.51 -1.0 8.594366 44.69071 1.1459155
0.32 10.03 0.19 -2.8647888 46.98254 0.0
0.37 9.84 0.5 -2.8647888 41.25296 5.15662
0.44 9.679999 0.84999996 0.0 45.83662 9.167324
0.57 9.55 0.75 1.7188734 46.98254 11.459155
0.65 9.45 0.57 4.583662 44.69071 12.605071
0.31 10.09 0.44 4.0107045 44.69071 11.459155
1.2099999 10.2699995 0.29 1.7188734 35.523384 8.021409
1.4 10.11 0.24 1.1459155 35.523384 4.583662
0.65999997 10.25 0.51 -2.8647888 40.107044 -1.7188734
0.04 10.07 1.4599999 -2.8647888 44.11775 -1.1459155
0.39999998 10.16 0.84 1.7188734 44.69071 1.7188734
1.13 10.45 0.58 10.31324 48.701412 8.594366
1.29 10.01 -0.45999998 15.469859 46.98254 5.7295775
0.84 9.929999 -0.53 14.896902 46.98254 0.57295775
0.12 10.059999 -0.25 10.31324 46.40958 -3.4377468
0.69 10.03 0.07 2.291831 46.40958 2.291831
0.79999995 9.83 -0.17999999 6.8754935 46.40958 5.15662
0.9 9.84 -0.17 5.7295775 48.128452 3.4377468
0.85999995 9.7699995 0.26999998 2.8647888 49.27437 2.8647888
0.65 9.639999 0.45 2.8647888 47.555496 1.1459155
0.47 9.53 -0.28 10.886198 42.971836 1.7188734
0.61 9.66 -0.31 4.0107045 49.27437 3.4377468
0.53999996 9.74 0.089999996 -5.15662 49.27437 4.0107045
0.55 10.11 0.32999998 -6.8754935 48.701412 4.583662
1.11 10.23 0.63 -6.8754935 47.555496 5.7295775
1.01 10.2 0.68 -1.7188734 48.701412 4.0107045
0.71 9.889999 0.14999999 5.7295775 49.84733 0.0
0.47 9.87 -0.01 10.886198 49.27437 -1.7188734
0.48999998 10.09 -0.34 16.042818 47.555496 -2.8647888
0.78 10.26 -1.06 17.188732 48.128452 0.57295775
0.98999995 10.24 -0.32999998 3.4377468 52.712116 1.7188734
0.96999997 10.219999 -0.17999999 0.0 50.993244 0.0
0.66999996 9.92 -0.11 0.57295775 50.420284 -2.291831
0.51 9.82 -0.28 4.583662 46.40958 -2.291831
0.76 9.7699995 -0.65999997 4.583662 48.128452 -1.1459155
0.45 9.57 -0.35 0.0 50.420284 -1.7188734
0.14 9.75 -0.03 -1.1459155 46.98254 0.57295775
0.65 9.91 0.06 0.57295775 42.398876 5.7295775
0.88 9.92 0.06 1.1459155 42.398876 6.3025355
1.29 9.74 -0.39999998 2.8647888 44.11775 4.0107045
0.84 9.61 -0.56 1.7188734 46.98254 1.7188734
0.39 9.679999 -0.14999999 -1.1459155 47.555496 -2.291831
0.22999999 9.82 -0.03 1.7188734 41.25296 0.0
0.35999998 9.91 -0.39 3.4377468 42.398876 1.7188734
0.85999995 9.95 -0.44 2.291831 43.544792 4.583662
0.42 10.059999 0.39 -4.583662 45.83662 0.57295775
-0.01 10.07 0.03 1.1459155 43.544792 0.0
-0.02 10.12 -0.11 4.0107045 43.544792 1.1459155
0.53 10.0199995 -0.34 0.0 45.83662 5.7295775
0.65 10.01 0.08 -1.1459155 46.40958 4.0107045
0.57 10.03 -0.21 0.0 42.971836 2.8647888
0.37 10.219999 -0.19999999 -1.1459155 40.680004 4.0107045
0.78999996 10.219999 0.13 -5.7295775 42.971836 6.3025355
0.96 10.179999 0.07 -5.7295775 42.398876 6.8754935
0.91999996 10.13 0.03 -5.15662 41.25296 3.4377468
0.34 9.92 0.71999997 -6.8754935 41.825916 -1.7188734
0.48 10.01 0.61 -5.15662 41.825916 -0.57295775
0.53999996 10.09 0.35 -1.1459155 40.680004 0.0
0.44 10.2699995 -0.21 7.448451 41.25296 2.291831
0.48 10.2699995 -0.39 4.583662 41.25296 2.8647888
0.62 9.98 -0.12 0.0 39.53409 2.8647888
0.41 9.87 0.28 -4.0107045 39.53409 0.0
0.04 9.62 0.51 0.0 36.669296 -2.291831
-0.12 9.44 0.28 8.021409 36.09634 -0.57295775
0.21 9.94 -0.26 14.323945 36.09634 4.0107045
0.88 10.11 -0.97999996 17.761692 34.377464 8.021409
0.32999998 10.099999 -0.84999996 12.605071 34.950428 3.4377468
0.24 9.91 -0.52 4.583662 34.950428 0.0
0.39 9.8 -0.91999996 4.583662 30.939718 2.8647888
0.22999999 9.849999 -0.64 2.291831 29.793804 4.0107045
0.64 10.0 -0.89 1.7188734 26.929016 5.7295775
0.65 10.12 -0.96 1.1459155 27.501974 5.7295775
0.59999996 10.16 -0.78 -2.291831 27.501974 4.0107045
0.95 9.96 -0.38 -6.3025355 25.210142 4.0107045
0.77 10.099999 -0.59 -4.0107045 25.210142 3.4377468
0.7 10.01 -0.84999996 -2.8647888 26.356058 1.7188734
0.53 9.849999 -0.89 0.0 22.345354 0.57295775
0.39 10.099999 -1.17 1.7188734 16.615776 0.57295775
0.56 10.2699995 -1.56 -0.57295775 15.469859 2.8647888
0.41 9.99 -0.71 -14.323945 18.334648 1.7188734
0.22 9.92 -0.22999999 -16.615776 17.188732 1.7188734
0.26 9.86 0.14 -13.178029 12.605071 4.583662
0.52 10.099999 0.17 -4.0107045 9.740283 7.448451
0.96 10.23 -0.84 3.4377468 9.740283 7.448451
0.65 10.15 -0.62 0.0 13.178029 2.291831
0.089999996 10.04 -0.25 0.0 7.448451 -1.1459155
0.17999999 10.139999 -0.32 1.1459155 5.7295775 0.0
0.76 10.219999 -0.7 4.0107045 4.583662 2.291831
0.39999998 10.21 -0.58 3.4377468 6.3025355 1.1459155
0.17 10.2699995 -0.48999998 0.0 5.15662 1.1459155
0.58 10.219999 -0.39 0.0 3.4377468 2.8647888
0.42999998 10.0199995 -0.14999999 -1.7188734 5.15662 2.291831
0.099999994 9.969999 0.13 -1.7188734 5.15662 0.57295775
0.52 10.01 -0.03 1.7188734 5.15662 2.8647888
0.64 10.21 -0.25 2.291831 5.7295775 3.4377468
0.85999995 10.46 -0.55 4.583662 5.15662 2.8647888
0.94 10.309999 -0.69 1.7188734 4.0107045 1.7188734
0.42 10.17 -0.21 -2.8647888 5.7295775 -1.7188734
0.65999997 10.0 0.06 -4.0107045 4.0107045 -2.8647888
0.65999997 9.94 -0.11 -0.57295775 3.4377468 -4.583662
0.32 9.98 -0.21 5.15662 1.1459155 -6.3025355
0.21 10.25 -0.63 6.8754935 -0.57295775 -2.291831
0.75 10.3 -0.37 1.1459155 0.0 2.291831
0.7 10.099999 -0.17999999 -2.8647888 4.0107045 0.57295775
0.55 10.059999 -0.03 -3.4377468 2.291831 -1.1459155
0.51 9.88 0.19 -4.583662 0.57295775 -2.291831
0.14999999 9.87 0.45999998 -4.0107045 0.57295775 -2.8647888
0.24 9.889999 0.32 -0.57295775 1.1459155 -2.291831
0.35 9.94 0.099999994 3.4377468 2.8647888 -1.1459155
0.48999998 10.04 -0.44 8.021409 3.4377468 0.0
0.58 10.0199995 -0.35 -2.291831 0.0 -1.7188734
0.38 9.889999 0.06 -5.15662 0.57295775 -2.291831
-0.04 9.7699995 0.0 -2.8647888 1.1459155 -2.8647888
-0.01 9.8 0.0 0.0 0.0 -1.1459155
0.44 9.87 -0.22 1.7188734 0.0 1.7188734
0.26 9.9 0.26999998 -3.4377468 1.7188734 0.57295775
0.25 9.65 0.29 -2.8647888 2.8647888 0.0
0.26999998 9.54 0.35999998 1.1459155 0.57295775 0.0
0.22999999 9.63 0.7 4.583662 0.0 0.0
0.41 9.76 0.53 12.605071 -1.7188734 0.57295775
0.22999999 10.0 -0.55 17.188732 0.0 0.0
0.17999999 9.969999 -0.35999998 13.178029 1.1459155 -0.57295775
0.13 10.32 -0.39999998 12.605071 0.57295775 0.0
0.52 10.54 -0.75 13.750987 -1.1459155 1.7188734
0.5 10.37 -1.06 10.31324 1.7188734 1.1459155
0.32 10.32 -1.04 6.8754935 2.8647888 0.0
0.51 9.95 -0.84999996 0.0 1.7188734 1.7188734
0.48 9.9 -0.66999996 -1.7188734 0.57295775 1.1459155
-0.089999996 9.78 -0.099999994 -5.7295775 -1.1459155 0.0
