0.967287 9.584282 1.3072741 -0.570815 -8.733689 1.7285101
0.94573855 9.656111 1.5107874 -6.135815 -2.22369 4.4935102
0.93616146 9.6585045 1.4485363 -7.7458143 0.61131006 4.80851
0.94573855 9.613013 1.5275474 -7.150815 -0.50869 4.3185105
1.0750294 9.648928 1.6688095 -5.960815 -4.49869 4.14351
1.2138973 9.694419 1.6089526 -3.4758153 -9.153689 3.96851
1.3120626 9.708784 1.5347302 -1.095815 -10.938689 2.4985101
1.211503 9.663293 1.4605076 -0.88581496 -8.523689 0.32851002
0.95531565 9.624985 1.5778271 -2.530815 -4.39369 -1.0714899
0.9720756 9.61062 1.7885233 -4.420815 -2.5036902 -1.5614899
1.0702409 9.584282 1.7621863 -4.105815 -3.41369 -0.47649
1.0917894 9.536397 1.7023294 -1.095815 -6.10869 0.25851002
0.94095 9.534002 1.6879637 1.389185 -8.208691 -0.26648998
0.7446195 9.481328 1.8052832 1.8791851 -9.153689 -1.10649
0.44054657 9.464568 2.0542877 0.829185 -11.63869 -1.66649
0.36632404 9.27542 3.0455174 -1.2358149 -19.968689 -2.1914902
-0.9505271 9.435837 3.938582 -4.2458153 -33.51369 -2.78649
-1.175589 9.4142885 4.6664414 -4.210815 -51.92369 -3.6964903
-0.9601042 9.349643 5.525986 0.094185 -72.503685 -3.55649
-0.36392978 9.28021 6.0766697 6.849185 -96.89869 -0.47649
0.16041641 9.201198 6.2586346 14.164185 -113.17369 3.2335103
0.5147691 9.464568 5.7223167 21.619184 -111.17869 5.2285104
0.7302538 9.93624 5.157268 26.099186 -80.06369 6.73351
0.9505271 10.022434 4.371946 25.434185 -35.47369 5.75351
1.0319325 9.852441 4.6329217 19.904184 -16.04869 1.9735099
1.1468576 9.653716 3.9673133 11.819184 -16.99369 -1.77149
1.9369683 9.5794935 3.3783216 7.269185 -12.478691 -1.52649
1.9489397 9.155706 3.1484714 2.089185 -8.103691 1.9735099
1.4916332 8.897125 3.6129606 -22.165815 8.73131 2.4285097
1.4437478 8.992896 3.4908526 -24.475815 10.971311 11.738511
3.0359404 9.160496 3.328042 -17.895817 -2.4336898 23.32351
3.3591676 9.27542 3.6297207 -12.575815 -3.93869 24.09351
2.9234095 9.282603 3.0886145 -4.210815 16.88631 18.77351
3.2011454 9.385557 1.8914771 11.889186 23.676311 20.663511
3.7015488 9.411894 1.1037607 22.144186 17.65631 21.78351
3.9098508 9.182044 0.7829279 20.674185 18.60131 18.178509
3.572258 9.387952 0.70870537 13.429185 29.766314 13.383511
3.3663504 9.5794935 0.35674694 9.929185 37.04631 10.33851
3.2633965 9.2419 0.70870537 8.389185 38.90131 10.65351
3.74704 9.138947 0.7996878 8.529185 47.05631 13.8385105
3.6967604 9.177256 0.81165916 15.074186 45.76131 12.92851
3.4286015 9.6585045 -0.045491222 26.694185 38.446312 6.5585103
3.3591676 9.352037 -1.175589 37.614185 34.10631 1.55351
3.1939626 8.839663 -1.1492519 38.489185 31.16631 -1.24649
2.640885 8.710372 -0.12210801 32.119183 29.416313 -5.0614905
2.099779 9.287392 -0.2657645 28.304184 31.44631 -8.91149
2.0590763 9.4142885 -1.7406378 36.459183 32.63631 -6.46149
3.1077688 9.069513 -2.5115943 44.054184 30.50131 4.45851
2.6456738 8.655303 -1.132492 35.654186 28.33131 10.82851
2.2027328 9.100638 0.25379312 18.959187 32.84631 5.4035106
2.1907616 9.696813 -0.9696813 18.084185 37.18631 1.62351
3.344802 9.672871 -3.407053 39.43418 32.91631 6.48851
3.5578923 9.340066 -3.5339496 50.179184 21.54131 10.02351
2.4277947 9.268238 -1.6520497 33.169186 13.806311 0.9585101
1.7789462 9.730332 -0.99362403 10.804185 18.56631 -8.91149
2.5522969 9.294575 -2.7175019 9.894186 26.96631 -4.99149
2.8898897 9.0838785 -2.7893302 21.864185 21.36631 2.9185102
1.8866886 8.849239 -1.9633054 20.779186 12.75631 -3.5914903
1.4940275 8.784595 -2.4421604 17.594185 6.8413105 -16.12149
1.4533248 8.56911 -3.5507095 25.539185 -0.22869 -18.92149
1.5203645 8.494887 -3.2993107 30.054184 0.71631 -13.63649
1.0678465 9.182044 -2.2865324 21.444185 9.536309 -6.1114902
1.1277034 9.955395 -2.6767993 16.194185 10.06131 -3.94149
1.6855695 10.345661 -3.9936504 24.209185 7.7513103 -3.8714905
1.525153 10.436644 -4.7167215 32.294186 8.45131 -2.22649
1.297697 10.3193245 -4.608979 29.529186 10.271309 -4.9214897
0.71828246 10.139753 -3.1341057 17.489185 9.536309 -6.14649
0.44294083 10.072714 -2.439766 -7.325815 11.88131 -5.44649
0.7685622 10.089474 -2.2841382 -2.425815 5.26631 -4.6764903
0.818842 10.111023 -2.2745612 4.784185 1.80131 -4.85149
0.888276 10.077502 -2.2673783 8.669185 2.6063101 -6.04149
1.297697 10.010463 -2.6887705 12.589186 -5.65369 -6.39149
1.2857256 9.828498 -2.5546913 12.239185 -10.938689 -7.8614907
1.0582695 9.591465 -1.6041641 2.964185 -9.71369 -10.10149
0.9696813 9.598648 -0.76616794 -4.6658154 -6.1786904 -10.66149
1.324034 9.390346 -1.2737542 -2.215815 -5.1286902 -7.09149
1.7741576 9.3592205 -1.9848539 3.2791848 -7.50869 -2.50649
1.6496553 9.469357 -1.4868447 0.654185 -11.35869 -1.9814901
1.2402344 9.73991 -0.20111908 -9.110815 -11.56869 -3.90649
1.4341706 9.876384 -0.07901107 -13.415815 -9.258689 -2.2964902
2.030345 10.158908 -0.61293435 -8.620815 -7.71869 3.65351
2.0255566 10.30017 -0.47885495 -6.135815 -3.02869 7.04851
2.1979442 10.072714 -0.3328042 -8.515815 4.32131 6.6635103
2.2194927 9.8237095 -0.5818088 -8.305815 4.63631 3.8985102
1.9393626 9.737515 -0.6296943 -5.0858154 2.9913101 -1.24649
1.4676905 9.668081 -0.25379312 -5.4008155 2.39631 -7.02149
1.3958622 9.514848 -0.28970724 -6.800815 3.16631 -9.12149
1.515576 9.390346 -0.36871833 -5.2958155 4.25131 -5.58649
1.4868447 9.469357 -0.29928434 -3.370815 4.28631 -2.2964902
1.5203645 9.543579 -0.37350687 -1.8308151 4.00631 -2.22649
1.7286664 9.567522 -0.8978531 0.9341849 4.1113105 -2.22649
1.5778271 9.651321 -1.0008069 4.1541853 2.0813103 -2.05149
1.3814965 9.536397 -0.63208854 2.719185 2.29131 -3.83649
1.2330515 9.531608 -0.44294083 -2.1108148 6.87631 -4.1164904
1.4365649 9.560339 -0.8356019 -2.7408152 10.72631 -2.4714901
1.4916332 9.615408 -1.1348863 1.9491849 8.31131 -0.9314901
1.4581133 9.648928 -1.0534809 3.7341847 6.80631 -2.64649
1.2162915 9.483723 -1.1277034 2.404185 7.47131 -4.8164897
0.9074302 9.629773 -1.0415095 2.614185 7.82131 -5.93649
0.96489275 9.792584 -0.9912298 3.174185 7.68131 -6.35649
1.0965779 9.8237095 -1.1708003 3.174185 6.6313105 -3.6614897
1.3024855 9.933846 -1.3958622 5.904185 2.74631 -2.4714901
1.228263 9.90272 -1.5562786 4.224185 -0.33369002 -5.09649
1.1277034 9.847652 -1.2043202 -2.250815 1.24131 -5.69149
1.1229149 9.711179 -0.54828894 -8.690815 1.5563099 -4.46649
1.2186859 9.646533 -0.14365649 -9.460815 2.29131 -2.36649
1.324034 9.684841 -0.34956414 -4.0358152 3.44631 -0.44149
1.498816 9.778218 -0.8044763 3.454185 1.3113099 -0.54649
1.5347302 9.787795 -1.185166 6.639185 1.20631 -2.5414898
1.2929084 9.708784 -1.2905141 5.9741855 1.24131 -5.72649
0.89545876 9.560339 -0.9433443 2.719185 2.71131 -8.07149
0.7637737 9.534002 -0.8786988 -0.045815002 3.4813101 -8.14149
0.81165916 9.656111 -1.1229149 1.039185 1.76631 -4.88649
1.1253091 9.680053 -1.2905141 1.494185 1.3463101 -0.54649
1.1037607 9.70639 -1.0079896 -0.710815 1.2763101 1.62351
0.90982443 9.699207 -0.6392714 -4.000815 2.04631 -0.05649
1.0439038 9.699207 -0.97446984 -3.4758153 2.81631 -1.8064901
1.1444633 9.814133 -1.2929084 2.509185 -0.61369 -1.66649
1.2210802 9.833286 -1.4652961 5.449185 -0.82369 -1.24649
1.0941836 9.768641 -1.637684 5.834185 -1.62869 -2.01649
0.76137936 9.742304 -1.4796618 3.804185 -3.7986903 -4.18649
0.6943397 9.718362 -1.2043202 -1.270815 -3.55369 -4.8164897
0.8978531 9.534002 -0.9026416 -5.7158146 -2.3636901 -2.08649
1.0055954 9.519637 -0.42618093 -8.200815 -1.90869 1.3085101
1.1636176 9.581888 -0.4740664 -7.990815 -2.29369 2.8835099
1.3120626 9.720756 -0.6608198 -3.7558153 -5.09369 3.30351
1.4964218 9.663293 -0.8044763 -0.500815 -4.9186897 2.8485098
1.3551595 9.670476 -0.4740664 -0.395815 -3.55369 1.58851
1.1899546 9.701602 -0.36392978 -2.670815 -1.90869 -0.72149
