-0.009577099 9.644139 0.2466103 10.599995 -4.892545 -5.6684246
-0.052674048 9.60583 0.8140534 -0.49500498 -3.6675448 -4.338425
0.05506832 9.620196 1.0415095 -8.440005 -1.287545 -1.573425
0.34716985 9.526819 1.0678465 -8.4050045 0.46245497 1.541575
0.021548472 9.562734 1.0079896 -4.555005 2.317455 2.241575
0.03351985 9.553157 0.94573855 -0.040005002 1.4424549 1.1565751
0.29689008 9.560339 1.0223553 1.8149949 -1.602545 3.4315753
0.44772938 9.60583 0.9241901 1.954995 -2.337545 5.9165754
0.6105401 9.646533 0.8284191 2.129995 -1.007545 6.3715754
0.25139886 9.675264 0.84996754 0.869995 -0.342545 4.796575
0.17238778 9.615408 1.0319325 -1.4400051 -0.37754503 1.541575
0.13168511 9.550762 1.350371 -3.995005 -2.302545 0.66657495
0.014365649 9.534002 1.7143008 -5.395005 -2.967545 1.401575
-0.03351985 9.677659 2.0255566 -5.360005 -4.052545 2.1015751
-0.16520496 9.701602 2.238647 -4.660005 -7.622545 2.2065752
-0.61293435 9.754275 3.529161 -6.270005 -12.137545 -0.313425
-0.76137936 9.677659 4.6927786 -10.190005 -13.572545 -5.2134247
-1.8723229 9.960183 5.2243075 -9.875005 -20.327545 -9.203424
-1.8411974 9.593859 5.808511 -3.6450052 -37.932545 -11.3734255
-2.7294734 9.186832 6.5842557 -2.105005 -43.95255 -17.953426
-3.1748085 8.717555 7.4007034 -9.980005 -34.747543 -23.343426
-2.743839 8.664881 7.2522583 -14.460006 -16.302546 -23.378424
-2.545114 8.966559 6.778192 -8.020004 -0.132545 -14.278425
-3.014392 9.1628895 7.49408 1.534995 3.4724553 -5.1784253
-1.3479767 8.593052 6.9912825 33.209995 -61.48755 16.556576
0.95531565 9.069513 5.444581 62.96 -73.38754 33.881573
2.954535 9.27542 3.8452053 74.195 -46.227547 34.966576
2.4708917 9.596253 3.1053743 59.284996 -0.587545 17.466576
1.7454263 9.715967 2.4804688 39.824997 14.497456 -0.803425
2.456526 9.287392 2.3032923 26.629995 -2.337545 -9.763425
2.1141446 8.904308 2.0949905 8.464995 -3.5275452 -12.703425
2.2266755 8.9976845 1.4126221 -13.305004 29.792456 -8.923426
2.8252442 8.336864 1.5275474 -32.835007 41.132458 0.211575
1.6233183 8.487704 4.618556 -48.445004 33.747456 -0.208425
2.126116 8.789383 4.922629 -42.985004 34.517452 4.026575
3.6632404 9.124581 2.9593236 -5.990005 33.572456 18.971577
4.5850363 9.613013 -0.16041641 34.924995 26.957455 24.291574
4.113364 9.62259 -1.2162915 50.114998 14.532455 17.606575
3.9433706 10.292988 -1.0343267 37.585 14.042456 10.221576
4.0032277 10.786208 -1.6544439 20.224997 35.987457 11.446575
4.103787 10.635368 -2.1716073 6.364995 57.40745 11.376575
4.2378664 10.055954 -2.8898897 -0.21500501 65.07246 8.296576
2.545114 9.885961 -1.1540405 -3.400005 51.597454 -2.903425
1.3647367 10.422278 0.20590763 -11.975005 42.007458 -18.898426
1.4533248 10.740717 -2.1740015 -2.000005 44.142456 -19.143425
2.760599 9.893144 -5.4948606 24.599995 47.012455 -1.083425
2.5475085 9.270632 -4.522785 24.284996 40.327454 12.601575
0.8571504 9.246689 -0.076616794 -12.220005 36.897453 5.951575
-0.5602603 10.834093 -0.6751855 -34.095005 42.987453 -3.148425
2.2314641 10.192428 -4.5898247 -4.2750053 47.887455 9.661575
2.6983478 9.998491 -6.2083545 30.934996 41.307457 29.856573
1.1540405 9.682447 -3.3950818 24.844995 24.192455 13.441575
-0.25858167 9.466963 -1.1899546 -0.075004995 11.942455 -15.328425
-1.2330515 9.909904 -1.498816 -3.3650053 7.217455 -23.448425
-0.20590763 9.727939 -3.5842295 15.779994 12.222455 -14.803424
0.29928434 9.522031 -4.1947694 29.429998 20.867456 5.041575
0.25858167 10.029617 -3.040729 23.514996 22.302456 21.841576
0.4764607 10.187639 -2.169213 8.849995 19.922455 27.616573
0.75659084 10.022434 -2.925804 3.669995 23.842453 26.041574
0.8786988 9.842864 -3.2394538 14.134995 36.267452 22.891575
0.60335726 10.08708 -3.1556542 21.064997 43.442455 14.596576
-0.052674048 10.278622 -3.2681851 24.669994 32.067455 -2.413425
-0.9601042 9.703996 -4.2809634 34.889996 3.7524552 -29.328426
-1.4509305 9.0838785 -4.1756153 19.104996 8.687455 -23.518427
-1.4150164 9.213169 -2.2194927 -11.835004 19.082455 -7.033425
-1.1516461 9.58907 -0.6751855 -31.855005 28.532455 10.046575
0.50758624 9.845258 -1.2306572 -25.660006 24.892456 23.591576
1.6999351 9.933846 -1.9058428 -10.190005 6.307455 26.496574
1.6496553 9.742304 -0.9912298 -9.210006 0.147455 16.661575
0.749408 9.665688 0.48124924 -13.900005 1.4074551 1.0515751
0.37590113 9.799767 0.31604427 -4.695005 -3.457545 -8.328425
0.64166564 9.608225 -0.6177229 8.709995 -8.742545 -8.573425
0.84039044 9.471751 -0.7685622 10.284995 -8.777545 -1.9934249
0.8834874 9.797373 -0.021548472 1.464995 -4.787545 3.851575
1.3000913 9.957788 0.10055954 -5.045005 -1.007545 6.2665753
1.333611 9.826104 -0.18196489 -2.595005 1.1624551 4.936575
1.1181264 9.629773 -0.13168511 1.2549951 1.687455 0.246575
1.0079896 9.754275 -0.14605077 3.424995 -1.567545 -2.448425
0.9960183 9.761458 -0.07901107 3.9499953 -4.682545 -1.9234251
0.9313729 9.775824 0.052674048 1.464995 -0.867545 -0.59342504
1.0726352 9.80695 0.023942748 0.239995 4.102455 0.771575
1.3072741 9.811738 -0.22027329 2.0949948 2.3874547 1.436575
1.0008069 9.8548355 -0.15083931 3.8799953 1.197455 0.176575
0.7733508 9.869201 -0.17238778 3.669995 3.647455 -2.8684251
0.8667275 9.859624 -0.30646718 4.7899957 3.1924553 -3.4284253
0.94095 9.835681 -0.28252444 4.6149955 1.897455 -2.238425
0.9026416 10.010463 -0.1699935 2.269995 3.227455 -1.573425
1.0558752 9.9889145 -0.29689008 1.534995 3.017455 -1.713425
1.0870007 9.873989 -0.531529 2.269995 2.1774552 -1.748425
0.8739103 9.771035 -0.29689008 1.6749951 2.4574552 -2.168425
0.57223165 9.835681 -0.009577099 -1.510005 3.367455 -3.358425
0.65124273 9.749487 -0.20351335 -1.685005 1.722455 -4.583425
0.7541966 9.632168 -0.45251793 1.289995 1.337455 -3.638425
0.7829279 9.644139 -0.31604427 2.6899948 1.7924551 -1.853425
0.76616794 9.775824 -0.15562786 1.289995 1.722455 -0.48842502
0.7398309 9.835681 -0.32083282 -0.390005 3.507455 0.631575
0.54350036 9.816526 -0.5602603 0.939995 3.297455 0.45657498
0.5602603 9.838076 -0.72546524 2.0949948 2.492455 -0.48842502
0.95531565 9.732727 -0.43096948 0.13499501 3.8924553 1.611575
1.0510867 9.72315 0.12450229 -6.060005 4.872455 5.7065754
1.0415095 9.797373 0.37111259 -10.540006 5.1524553 5.5665746
0.8379962 9.771035 0.20111908 0.83499503 -1.357545 -3.183425
0.7398309 9.783007 -0.16041641 7.5199947 -2.477545 -5.8084254
0.7398309 9.792584 -0.48124924 9.374994 -1.4275451 -5.353425
0.7589851 9.840469 -0.56265455 6.2949953 0.53245497 -3.3934252
0.94095 9.73991 -0.32083282 0.974995 1.8274552 -0.698425
0.9864412 9.636956 -0.07422252 -2.420005 2.3874547 -0.208425
0.9792584 9.608225 0.12689656 -1.7900051 1.7924551 -2.5884252
0.70870537 9.651321 0.12689656 1.184995 1.9674551 -4.513425
0.60335726 9.744699 0.028731298 3.529995 5.8524547 -4.793425
0.72546524 9.948212 -0.44772938 6.434995 5.0474553 -4.268425
0.7781393 9.826104 -1.1468576 9.9699955 -1.6725451 -4.303425
0.53871185 9.670476 -0.6560313 3.9499953 -0.9725451 -4.058425
0.3328042 9.651321 0.23942748 -7.180005 4.592455 -2.6934252
0.4836435 9.699207 0.26337022 -8.790006 5.7824554 0.071575
0.7326481 9.794978 -0.3328042 -0.915005 2.5624552 2.7665749
0.9122187 9.857229 -0.8547561 5.349995 -0.517545 3.186575
0.7685622 9.797373 -0.48843205 3.529995 -2.092545 1.401575
