-0.11 9.84 1.76 1.7188734 7.448451 2.8647888
0.07 9.86 2.24 9.167324 1.1459155 6.8754935
0.07 9.86 2.24 9.167324 1.1459155 6.8754935
0.62 9.92 0.66999996 18.907606 5.15662 5.15662
0.62 9.75 0.66999996 13.178029 10.886198 2.291831
0.25 9.88 1.6999999 -8.021409 28.07493 -0.57295775
0.28 9.86 2.29 -4.0107045 26.356058 1.1459155
0.89 9.9 1.81 0.57295775 21.772396 2.291831
1.01 9.79 1.7199999 8.021409 18.907606 -0.57295775
0.29 10.16 1.3299999 10.31324 22.91831 -6.3025355
0.16 10.09 0.75 13.178029 30.366762 -6.3025355
0.58 9.66 1.04 10.886198 34.377464 0.0
0.14 9.7699995 0.81 13.750987 28.07493 -1.1459155
-0.22 9.82 0.14999999 16.615776 29.220846 -1.7188734
0.11 9.76 0.19999999 11.459155 35.523384 1.1459155
0.48999998 9.51 1.26 0.0 32.658592 7.448451
0.47 9.63 1.3199999 4.583662 29.793804 6.8754935
0.47 9.63 1.3199999 4.583662 29.793804 6.8754935
0.59 9.82 1.14 13.178029 28.64789 5.7295775
0.84 10.099999 0.22999999 12.605071 31.51268 7.448451
0.84 10.099999 0.22999999 12.605071 31.51268 7.448451
0.9 10.429999 1.79 2.8647888 32.085636 6.8754935
1.01 10.28 0.63 14.323945 29.793804 4.583662
0.97999996 10.219999 0.03 20.62648 29.793804 2.8647888
0.69 10.309999 -0.53999996 20.62648 34.950428 0.0
0.52 10.36 0.29 -1.1459155 42.398876 0.57295775
0.72999996 10.15 0.22999999 -0.57295775 38.38817 2.291831
1.01 9.96 0.22999999 0.0 37.242256 4.583662
0.91999996 10.099999 0.77 2.291831 41.825916 5.15662
0.81 10.28 0.14 13.178029 41.25296 1.7188734
0.84999996 10.03 -0.72999996 14.896902 40.680004 -0.57295775
0.14 10.059999 -0.81 10.31324 40.107044 -2.8647888
-0.049999997 9.99 -0.78999996 2.8647888 38.961132 0.0
0.16 9.84 -0.57 -1.1459155 37.815212 2.8647888
0.68 9.9 0.68 -13.178029 33.231552 7.448451
0.65 10.01 0.96 -12.032113 32.658592 6.8754935
0.53 10.099999 1.14 -4.0107045 30.939718 3.4377468
0.65999997 10.09 1.17 -1.1459155 30.939718 2.8647888
0.81 10.07 1.16 1.1459155 32.658592 2.291831
0.69 10.11 0.53999996 9.740283 36.09634 -1.1459155
0.78999996 10.08 0.08 12.605071 36.09634 -1.1459155
0.88 10.099999 -0.049999997 9.167324 40.107044 -4.0107045
0.29 9.7699995 -0.78 8.594366 38.961132 -8.021409
-0.07 9.5199995 -0.29 1.7188734 38.38817 -5.7295775
-0.099999994 9.5 0.099999994 1.7188734 37.242256 -3.4377468
0.11 9.53 0.089999996 6.8754935 36.09634 2.291831
0.59 10.12 -0.56 11.459155 29.793804 8.021409
0.9 10.29 -0.59999996 9.167324 28.64789 8.021409
0.88 10.4 -0.39 0.57295775 29.793804 5.15662
0.68 9.9 0.25 -9.167324 33.231552 0.57295775
0.24 9.65 1.06 -4.583662 33.231552 0.57295775
0.25 9.67 1.0699999 0.0 32.658592 2.291831
0.55 9.83 0.69 6.3025355 33.231552 4.0107045
0.57 10.059999 0.32999998 8.594366 33.80451 4.583662
0.63 10.09 0.29 8.594366 32.085636 3.4377468
0.52 9.969999 0.0 4.0107045 29.793804 0.0
0.07 9.99 0.26 1.1459155 31.51268 0.0
0.26 9.969999 0.71 -4.0107045 36.09634 1.7188734
0.75 9.929999 0.71999997 -5.7295775 34.377464 5.7295775
0.9 10.04 0.95 -1.7188734 38.961132 5.7295775
0.96 9.849999 0.44 3.4377468 36.09634 2.8647888
0.45999998 9.809999 0.48999998 5.15662 35.523384 -1.7188734
-0.13 9.79 0.29 7.448451 40.680004 -4.583662
0.06 9.83 0.29999998 8.021409 40.107044 0.0
0.63 10.16 0.099999994 9.740283 40.107044 5.15662
1.22 10.54 -0.78 14.896902 34.377464 4.583662
1.01 10.61 -0.88 13.750987 33.231552 0.57295775
0.16 10.42 -0.82 6.8754935 34.377464 -4.583662
-0.01 10.099999 -0.02 -3.4377468 34.377464 -1.7188734
0.13 9.82 0.45 -8.021409 36.09634 2.291831
0.39999998 9.78 0.66999996 -2.8647888 36.09634 5.15662
0.48999998 9.889999 0.48 1.1459155 34.950428 5.15662
0.48 9.91 -0.14 5.15662 32.658592 4.583662
0.41 9.95 0.38 1.1459155 33.80451 3.4377468
0.37 9.95 0.55 -3.4377468 37.242256 2.8647888
0.51 10.03 0.95 -2.8647888 38.961132 4.583662
0.76 9.92 1.06 -2.8647888 40.107044 5.7295775
0.96 9.95 0.94 1.7188734 37.815212 5.7295775
1.02 9.98 0.81 9.167324 37.815212 2.8647888
0.94 10.09 0.69 13.750987 40.680004 -0.57295775
0.78999996 10.03 0.26999998 19.480566 46.98254 -1.1459155
0.76 10.04 0.07 20.053522 47.555496 0.0
1.09 9.94 -0.45 20.62648 46.40958 0.0
0.90999997 10.03 -0.51 17.188732 48.701412 -2.291831
0.84 10.04 -0.53 16.615776 46.98254 -4.583662
0.7 9.9 -1.15 17.188732 42.971836 -5.15662
0.21 10.059999 -1.3299999 14.323945 44.69071 -5.15662
0.42999998 10.059999 -0.88 -4.0107045 52.139156 0.57295775
0.65999997 9.92 -0.099999994 -8.594366 53.858032 2.8647888
0.75 9.88 0.08 -8.594366 53.285076 4.0107045
0.79999995 9.91 0.049999997 -3.4377468 48.128452 2.8647888
0.44 10.05 -0.11 1.1459155 46.98254 0.0
0.47 10.05 -0.28 2.8647888 50.420284 -0.57295775
0.77 10.16 -0.47 3.4377468 49.84733 0.57295775
0.90999997 10.15 -0.44 0.57295775 48.701412 0.0
0.52 10.03 -0.9 1.7188734 48.701412 -2.8647888
0.45 10.08 -0.84999996 1.7188734 48.128452 -2.291831
0.76 10.15 -0.84 0.0 45.83662 0.0
0.66999996 10.16 -0.84999996 -3.4377468 46.40958 0.0
0.53 10.3 -0.64 -6.3025355 45.263664 -3.4377468
0.68 10.389999 -0.57 -2.291831 37.815212 -4.583662
0.93 10.36 -1.26 0.57295775 36.09634 -3.4377468
0.48999998 10.34 -0.69 -0.57295775 37.815212 -4.0107045
0.32999998 10.23 -0.42 -3.4377468 41.25296 -2.8647888
0.94 10.07 -0.88 0.0 38.961132 -1.1459155
0.64 9.95 -0.96 2.291831 38.38817 -3.4377468
0.32 10.03 -0.94 3.4377468 37.242256 -5.15662
0.37 10.05 -1.17 4.583662 33.80451 -3.4377468
0.28 10.05 -0.94 1.1459155 33.231552 0.0
0.32 10.0199995 -0.90999997 1.1459155 32.658592 0.0
0.45999998 9.86 -1.0 1.1459155 30.366762 0.0
0.35 9.94 -1.12 0.57295775 26.929016 0.0
0.47 10.13 -0.65 -2.291831 29.793804 0.0
0.41 10.03 -0.72999996 -0.57295775 28.64789 0.0
0.29 10.03 -0.82 0.57295775 25.7831 0.0
0.51 10.099999 -0.94 0.0 23.49127 0.57295775
0.78999996 10.11 -0.71999997 -2.8647888 24.064226 0.57295775
0.42 9.91 -0.29999998 -2.291831 25.210142 -5.7295775
0.31 9.87 -0.32 0.0 22.91831 -6.3025355
0.02 9.91 -0.41 1.7188734 17.761692 -6.3025355
-0.21 9.78 -0.58 1.1459155 22.345354 -6.8754935
-0.48 10.12 -0.51 0.57295775 26.356058 -4.0107045
0.22999999 9.9 -0.65999997 0.0 26.356058 1.7188734
0.25 9.73 -0.56 0.0 25.7831 1.7188734
-0.28 9.87 -0.31 -1.1459155 22.91831 -0.57295775
-0.21 9.87 -0.25 -0.57295775 22.91831 0.57295775
0.11 10.09 -0.04 0.57295775 26.929016 5.7295775
0.24 10.32 -0.04 2.291831 25.7831 6.3025355
0.5 10.33 -0.19 6.3025355 22.345354 5.15662
0.71 10.41 -0.53999996 8.594366 24.637184 1.7188734
0.35999998 10.37 -0.61 8.594366 21.772396 -2.8647888
0.13 10.36 -0.58 8.021409 21.199438 -3.4377468
0.69 10.3 -0.95 4.0107045 24.637184 1.1459155
0.84999996 10.15 -0.96 1.7188734 24.064226 0.0
0.26 10.219999 -0.51 -1.1459155 23.49127 -4.0107045
-0.03 10.0199995 -0.19999999 -3.4377468 22.91831 -3.4377468
