1.1037607 10.034406 -0.31125572 5.493915 -10.182655 -2.34248
0.90024734 9.921875 0.15083931 -0.841085 -5.5976553 -4.02248
0.73743665 9.77343 0.45970076 -12.356086 0.9473451 -4.7574797
0.6703969 9.670476 0.45970076 -19.286083 6.092345 -7.9424796
0.39266106 9.6585045 0.51716334 -19.146086 6.6173453 -10.04248
0.14126222 9.495694 0.60335726 -16.171085 5.5323453 -9.8324795
0.10774237 9.545974 0.87151605 -13.126085 4.3423448 -9.06248
0.54828894 9.574705 0.81644773 -9.5910845 -0.172655 -6.5424805
0.7901107 9.644139 0.6105401 -4.3760853 -5.072655 -2.20248
0.7446195 9.720756 0.4932206 0.873915 -5.9826555 2.4525201
0.6105401 9.727939 0.43815228 3.358915 -3.567655 3.53752
0.6081458 9.651321 0.5363176 2.9039152 -2.062655 1.3675201
0.53392327 9.534002 0.6440599 1.1889149 -2.587655 -0.55748
0.4070267 9.469357 0.89545876 -1.541085 -1.9226549 -1.22248
0.2944958 9.534002 0.8475733 -4.411085 0.7023451 -1.50248
0.43096948 9.680053 0.8092649 -4.866085 2.4173448 -1.22248
0.5961744 9.787795 0.888276 -1.436085 0.80734503 0.03752
0.5985687 9.787795 1.0750294 1.818915 -2.692655 1.99752
0.5794145 9.962578 1.403045 2.448915 -5.457655 2.69752
0.6608198 10.072714 1.6400782 1.083915 -5.1776547 2.1725202
0.48124924 10.075109 1.7454263 0.173915 -2.867655 1.4725201
0.40463245 10.094262 2.2099156 0.24391499 -2.727655 -0.20748
-0.11013664 9.912297 2.9856608 -0.771085 -10.357655 -2.8674798
-0.72546524 9.873989 3.3783216 -4.971085 -24.147655 -7.03248
-0.4836435 10.427067 3.9146392 -11.586085 -26.457655 -12.807481
1.1372806 11.248303 3.4980354 -14.736085 -14.382655 -14.2074795
0.48124924 9.905115 3.3735332 -12.531085 -20.927656 -8.18748
-1.5347302 8.854029 6.1915946 -12.706085 -60.617657 -10.35748
-2.2506182 8.22194 9.565128 -37.626087 -58.83266 -33.59748
-0.40223816 7.743085 9.160496 -99.75109 41.862347 -21.66248
-0.9960183 7.987301 7.1780357 -54.041084 33.39235 -6.92748
-1.376708 7.7909703 5.5571117 10.218915 4.272345 -12.387481
-0.79250497 7.8915296 4.113364 63.383915 -19.282654 4.2725196
0.80208206 8.865999 2.9521408 57.57391 -5.5976553 17.78252
1.9034485 9.088667 2.9162266 36.643913 3.7823448 20.02252
1.7741576 8.858817 3.4812756 12.458916 9.417345 13.5825205
1.7837347 8.530801 4.304906 -1.961085 7.9823456 9.03252
2.3894863 8.887548 4.40786 -2.241085 4.7623453 8.087521
2.978478 9.57231 3.6201434 9.658915 15.507345 12.70752
4.0798445 9.562734 2.6720107 26.248915 7.0373454 11.16752
3.9768906 9.842864 1.1947432 42.943913 -36.642654 0.66752
3.9888618 10.149331 -0.03351985 53.828915 -71.32766 -8.88748
4.0151987 10.055954 -0.94095 46.163918 -58.62266 -8.95748
3.3902931 9.979338 -1.3934679 20.228916 -16.202656 -7.97748
2.832427 10.223554 -2.1045675 -4.796085 14.142345 -7.52248
2.3296294 10.412702 -1.6759924 -23.906086 18.552343 -6.4724803
1.158829 10.029617 -0.8739103 -39.586086 23.417345 -5.87748
0.6751855 9.306546 -0.9289786 -45.571083 44.487347 -2.72748
0.6296943 9.663293 -1.3383996 -36.611088 59.642345 5.0075197
1.0989721 10.269045 -0.54828894 -24.081085 54.462345 17.81752
2.1716073 10.436644 -0.67279124 -17.326086 46.69235 26.00752
2.5283542 10.33369 -1.786129 -3.7810853 36.717346 25.76252
1.6137413 10.314536 -2.0902019 11.723915 27.127344 16.76752
1.2210802 10.470163 -1.2881198 10.673916 41.337345 9.592521
1.0510867 10.151725 -0.7996878 1.3989149 68.707344 6.47752
0.8475733 9.866806 -1.8699286 10.428915 71.64735 1.71752
0.3902668 10.065532 -2.9114382 34.683914 53.552345 -3.56748
0.22266756 9.964972 -3.100586 48.33391 34.337345 -9.587481
0.16281068 9.783007 -3.5219781 41.263916 33.987347 -10.53248
-0.45730647 9.862018 -4.1373067 27.578915 44.452347 -7.52248
-1.0391153 10.046377 -3.5052183 13.018915 45.467342 -4.89748
-1.2354459 10.041589 -2.0902019 -7.6660857 43.437347 -0.94247997
-0.9505271 9.636956 -1.7238779 -21.211086 46.237343 4.90252
-0.8930645 9.830893 -1.7238779 -17.851086 46.727345 10.60752
-0.7015225 10.254679 -1.9106313 -6.091085 44.592346 12.32252
-0.36392978 10.285805 -2.152453 4.1289153 42.527348 12.60252
-0.17717634 10.156514 -2.7653873 8.538915 43.332344 11.762521
-0.31365 10.2091875 -2.3296294 12.248916 37.557346 8.647521
-0.31604427 10.032011 -1.924997 6.788915 29.542347 0.42252
-0.31125572 9.778218 -1.733455 4.7939153 30.557344 -2.0274801
-0.43815228 9.744699 -1.3743137 4.618915 28.737345 -5.00248
-0.29928434 9.80695 -1.063058 8.853915 24.362345 -8.04748
-0.24182175 9.974549 -1.2498114 19.143915 16.312344 -12.4574795
-0.06464542 9.730332 -1.9585168 27.858915 5.6373453 -16.69248
-0.2083019 9.61062 -1.8938714 23.868916 2.977345 -17.14748
-0.49800915 9.63935 -1.0941836 9.833915 8.682345 -13.787479
-0.54828894 9.454991 -0.7446195 0.523915 12.707346 -10.74248
-0.45012367 9.45978 -0.9026416 3.078915 5.952345 -8.95748
-0.45730647 9.529214 -0.86193895 7.173915 -3.427655 -6.5074797
-0.5363176 9.62259 -0.41181526 3.988915 -3.427655 -3.7774801
-0.30167863 9.617802 -0.41420954 1.328915 -1.0126549 -0.90748006
0.14365649 9.629773 -0.531529 3.008915 -5.1776547 3.1875203
0.23463893 9.61062 -0.5458947 3.6039152 -8.117655 6.47752
0.12450229 9.675264 -0.32083282 0.068915 -5.002655 7.6325197
-0.045491222 9.905115 0.090982445 -5.006085 -1.607655 7.73752
0.14605077 9.842864 0.23224466 -7.0360847 -0.172655 8.61252
0.1699935 10.032011 0.13647367 -4.201085 -1.432655 8.577519
0.5794145 10.096657 -0.026337024 0.94391495 -4.4076552 7.66752
0.90024734 9.950606 -0.12450229 3.148915 -5.1776547 7.14252
0.55307746 9.960183 -0.076616794 3.2539148 -3.672655 4.41252
0.19393626 10.072714 0.011971374 4.268915 -5.737655 -0.80248
0.3974496 10.022434 0.31365 2.588915 -8.222654 -1.64248
0.723071 9.950606 0.50998056 -2.5560849 -5.457655 3.0475202
0.7446195 10.039194 0.45730647 -5.391085 -0.87265503 6.40752
0.67757976 10.118205 0.49800915 -3.9210854 1.017345 5.4625196
0.7398309 10.032011 0.48843205 -1.611085 -0.137655 1.78752
0.5219519 9.890749 0.12929083 2.448915 -1.9226549 -1.85248
0.39266106 9.778218 -0.0023942748 7.3489156 -2.167655 -5.2824802
0.30886146 9.783007 0.043096945 7.3139153 0.107345 -5.77248
0.2753416 9.751882 -0.009577099 5.248915 1.822345 -5.1424804
0.24900457 9.675264 -0.2753416 5.668915 0.877345 -4.7224803
0.18196489 9.675264 -0.31843856 6.403915 0.52734506 -3.8824801
0.14365649 9.644139 -0.15562786 4.758915 1.122345 -3.3574803
0.076616794 9.61062 0.023942748 1.818915 0.80734503 -2.23748
0.11492519 9.557945 -0.016759925 -0.036085 1.4723449 -0.17248
0.2466103 9.608225 -0.11013664 0.173915 1.4023451 1.64752
0.25379312 9.711179 -0.11013664 2.028915 0.562345 2.41752
0.10055954 9.61062 -0.08140534 4.8289146 0.842345 -0.73248005
-0.17238778 9.682447 -0.37829542 6.963915 2.767345 -3.2174802
-0.14844504 9.778218 -0.6703969 9.343915 0.247345 -3.8824801
-0.15323359 9.718362 -0.8236305 9.413916 -3.3226552 -3.2874799
-0.14605077 9.859624 -0.8547561 6.578915 -3.7776551 -1.15248
0.021548472 9.991309 -0.47885495 0.593915 -2.867655 2.83752
0.30167863 10.017646 -0.16520496 -5.0410852 -1.607655 7.80752
0.8332076 10.216371 -0.3232271 -5.531085 -0.80265504 10.95752
1.1396748 10.273833 -0.40463245 -3.361085 -3.007655 10.81752
0.9912298 10.2642565 0.076616794 -5.461085 -2.762655 7.14252
0.6464542 10.23313 0.44533512 -7.3860846 1.577345 1.4375199
0.85236186 10.099051 -0.07901107 -1.0860851 0.9473451 -2.72748
0.7589851 10.072714 -0.51716334 7.488915 -3.3226552 -3.70748
0.66800267 10.058349 -0.52913475 7.8039145 -1.2226549 -5.66748
0.37590113 9.816526 -0.2753416 2.553915 2.942345 -7.45248
-0.019154198 9.668081 -0.16759923 0.523915 3.7473452 -9.622479
-0.14844504 9.646533 -0.339987 2.973915 1.9973452 -10.18248
0.14844504 9.648928 -0.7446195 5.248915 -0.277655 -7.24248
0.29689008 9.646533 -0.8547561 4.5839148 -1.572655 -3.14748
0.105348095 9.627379 -0.43575802 0.068915 -1.677655 -1.29248
