0.83 9.849999 3.26 -2.291831 10.31324 4.583662
0.26999998 9.78 3.05 -6.3025355 11.459155 6.3025355
0.82 9.62 3.23 -17.188732 3.4377468 13.178029
1.5 9.5 3.4099998 -21.772396 7.448451 18.334648
1.11 9.61 4.31 -23.49127 28.64789 13.178029
1.48 9.58 4.75 -22.91831 33.80451 10.31324
1.7199999 9.45 4.88 -20.62648 36.669296 10.886198
1.6999999 9.34 4.73 1.7188734 46.40958 8.021409
1.62 9.5 4.3199997 9.167324 50.420284 8.021409
1.9 9.95 2.77 13.178029 53.285076 8.594366
2.05 9.94 2.6599998 12.032113 57.868736 9.740283
2.03 9.75 3.0 4.0107045 60.733524 8.594366
2.19 9.599999 3.06 2.291831 61.30648 8.594366
2.48 9.45 3.25 3.4377468 63.02536 8.021409
2.4199998 9.51 2.9399998 8.021409 65.317184 5.7295775
2.09 9.639999 2.47 13.750987 69.32789 2.8647888
2.22 9.7 2.04 16.615776 70.47381 5.7295775
2.6499999 9.679999 1.91 15.469859 68.75493 8.021409
2.54 9.71 1.77 13.750987 69.32789 6.3025355
2.1599998 9.79 1.86 13.178029 72.19268 5.7295775
2.31 9.82 2.25 11.459155 72.76564 6.8754935
2.36 9.849999 1.76 14.896902 75.057465 12.032113
2.4299998 9.86 1.35 18.334648 76.203384 12.032113
3.07 9.66 0.84 21.772396 76.203384 12.032113
3.1399999 9.639999 1.04 15.469859 77.349304 9.167324
1.81 9.809999 1.12 9.167324 76.77634 -1.1459155
1.8399999 9.71 1.13 10.31324 75.630424 -1.7188734
2.31 9.65 0.82 13.750987 74.48451 2.291831
2.51 9.69 0.45 15.469859 75.630424 2.291831
2.2 9.84 0.37 15.469859 77.349304 0.0
1.87 9.96 0.29999998 13.750987 73.91155 -0.57295775
1.8 9.7699995 0.26999998 13.178029 68.75493 1.7188734
1.75 9.67 0.48 12.605071 64.17127 2.8647888
1.79 9.679999 0.22999999 17.761692 64.17127 5.15662
1.79 9.63 -0.06 19.480566 64.17127 6.3025355
1.7099999 9.82 0.07 16.615776 64.17127 9.167324
1.64 10.01 0.34 12.605071 63.02536 10.31324
1.92 9.7 0.32 10.886198 62.4524 10.886198
2.1699998 9.63 0.59999996 7.448451 61.879436 10.31324
1.91 9.8 1.15 2.291831 60.733524 6.3025355
1.5799999 9.76 1.23 2.8647888 61.30648 2.291831
1.53 9.54 1.23 6.3025355 61.879436 2.8647888
1.61 9.46 1.39 9.167324 61.30648 4.0107045
1.61 9.5 1.03 12.032113 60.160564 4.583662
1.4599999 9.599999 0.77 15.469859 60.160564 4.0107045
1.4699999 9.65 0.57 14.323945 62.4524 4.583662
1.26 9.67 0.29999998 12.605071 61.879436 5.15662
1.09 9.69 0.35 12.605071 61.879436 5.15662
1.3 9.59 0.78999996 9.167324 60.733524 8.594366
1.41 9.58 0.84 9.167324 60.160564 9.740283
1.48 9.719999 0.55 11.459155 63.598316 10.31324
1.5999999 9.76 0.12 9.740283 63.598316 9.167324
1.52 9.719999 0.07 8.021409 63.598316 8.594366
1.31 9.88 0.39999998 4.0107045 60.160564 7.448451
1.4599999 9.88 0.53999996 2.291831 60.160564 8.021409
1.62 10.099999 0.53999996 1.7188734 60.160564 8.021409
1.67 9.98 -0.04 6.3025355 58.441692 7.448451
1.14 10.05 -0.24 9.740283 56.72282 5.7295775
0.91999996 10.07 0.02 8.594366 56.14986 4.583662
1.29 9.929999 0.39 4.0107045 53.858032 8.021409
1.41 9.9 0.35 5.15662 52.712116 9.167324
1.29 9.95 0.65999997 5.15662 52.712116 8.021409
1.3199999 9.98 0.79999995 4.583662 53.285076 7.448451
1.65 9.809999 0.65 6.8754935 52.712116 7.448451
1.16 9.889999 0.51 9.740283 52.712116 5.15662
1.05 9.96 0.65 8.021409 50.420284 4.583662
1.29 9.87 0.81 6.8754935 50.993244 5.7295775
1.25 9.79 0.91999996 6.3025355 52.712116 7.448451
1.27 9.69 0.90999997 7.448451 56.14986 7.448451
1.36 9.58 0.75 9.167324 56.14986 8.021409
1.17 9.67 0.55 11.459155 54.43099 6.3025355
0.97999996 9.87 0.39 11.459155 56.14986 5.7295775
1.1999999 9.86 0.45999998 8.594366 57.29578 7.448451
1.49 9.78 0.55 5.15662 59.014652 9.740283
1.41 9.84 0.48 4.0107045 61.30648 8.594366
1.4599999 9.74 0.56 4.0107045 60.160564 8.594366
1.16 9.639999 0.96 4.0107045 58.441692 7.448451
1.15 9.86 1.3199999 5.7295775 61.30648 8.594366
1.6899999 9.88 0.78 11.459155 63.02536 12.605071
1.76 9.9 0.48 12.605071 65.317184 12.605071
1.4699999 9.87 0.78 8.594366 65.890144 10.886198
1.6999999 9.74 0.90999997 9.167324 64.74423 10.886198
1.93 9.809999 0.45999998 12.605071 66.463104 10.31324
1.9699999 9.94 0.32 12.605071 68.18198 9.167324
1.9499999 9.74 0.37 8.594366 68.18198 5.7295775
1.9499999 9.74 0.37 8.594366 68.18198 5.7295775
1.37 9.54 0.28 9.167324 66.463104 4.583662
1.79 9.889999 0.22 8.594366 69.32789 10.31324
2.26 9.929999 -0.02 10.31324 69.32789 12.605071
2.03 9.87 -0.61 10.886198 65.890144 8.021409
1.74 9.9 -0.48999998 9.167324 65.890144 5.7295775
1.67 9.929999 -0.24 5.7295775 65.317184 5.15662
2.03 9.83 -0.68 7.448451 65.317184 7.448451
2.02 9.99 -0.84999996 9.167324 61.879436 8.021409
2.07 10.13 -0.81 8.021409 60.160564 6.8754935
2.26 9.84 -0.96 8.021409 56.14986 5.7295775
1.75 9.94 -1.17 9.167324 53.858032 3.4377468
1.5899999 10.08 -1.27 9.167324 52.139156 3.4377468
1.8499999 10.12 -1.05 6.3025355 48.128452 5.7295775
1.77 10.13 -1.0799999 6.3025355 44.69071 5.7295775
1.87 10.219999 -1.25 6.8754935 40.680004 6.3025355
1.75 10.2699995 -0.76 4.583662 40.107044 5.7295775
1.67 10.19 -0.59 2.291831 38.961132 4.0107045
1.7099999 9.9 -0.84 1.7188734 36.09634 2.291831
1.6999999 9.84 -0.81 3.4377468 34.377464 2.291831
1.31 9.84 -0.69 4.0107045 32.085636 1.7188734
1.26 9.889999 -0.82 5.7295775 29.220846 1.7188734
1.4599999 9.7699995 -1.12 6.8754935 28.07493 3.4377468
1.4599999 9.69 -0.95 3.4377468 25.7831 5.15662
1.3 9.7699995 -0.24 -1.7188734 22.91831 4.583662
1.37 9.929999 0.01 -0.57295775 20.62648 4.583662
1.51 9.94 -0.12 4.0107045 20.053522 4.0107045
1.56 10.07 -1.0 7.448451 20.62648 4.0107045
1.25 10.2 -0.52 2.291831 17.188732 0.57295775
1.25 10.179999 -0.44 1.7188734 15.469859 0.57295775
1.11 10.11 -0.65999997 4.583662 14.896902 0.57295775
1.38 10.21 -0.69 2.8647888 14.323945 3.4377468
1.4599999 10.01 -0.11 1.1459155 12.605071 3.4377468
1.01 9.929999 -0.35999998 3.4377468 11.459155 0.0
1.01 9.929999 -0.35999998 5.7295775 11.459155 0.57295775
1.3299999 9.96 -0.59999996 5.7295775 10.886198 1.7188734
1.8199999 10.05 -0.41 3.4377468 6.8754935 2.8647888
1.1 10.219999 -0.66999996 3.4377468 7.448451 -2.291831
1.12 10.179999 -0.45999998 0.57295775 7.448451 0.0
1.78 9.98 0.26999998 -4.583662 4.0107045 3.4377468
1.66 9.95 0.34 -0.57295775 4.0107045 0.0
1.27 9.88 -0.35 6.3025355 4.583662 -2.291831
1.0699999 9.87 -0.5 5.15662 4.0107045 -1.7188734
1.16 9.91 -0.42 3.4377468 2.291831 0.0
1.26 10.03 0.0 -0.57295775 0.0 0.0
1.24 9.96 -0.22999999 0.0 0.0 0.0
1.1999999 10.0199995 0.29 -1.7188734 5.15662 3.4377468
1.1999999 10.0199995 0.29 -1.7188734 5.15662 3.4377468
1.28 9.719999 0.28 0.57295775 1.7188734 2.8647888
1.03 9.679999 0.089999996 5.15662 2.8647888 -1.1459155
1.29 9.679999 -0.17 3.4377468 2.291831 0.57295775
1.09 9.75 -0.19999999 1.1459155 0.57295775 0.0
1.06 9.78 -0.08 0.0 0.0 0.0
1.18 9.79 0.44 -1.7188734 0.0 0.0
1.13 9.84 0.72999996 -1.1459155 -0.57295775 0.57295775
1.22 9.82 -0.11 6.3025355 0.57295775 1.7188734
1.3399999 9.95 -1.14 10.31324 0.57295775 2.291831
1.29 9.9 -0.90999997 5.15662 0.0 1.7188734
0.82 10.04 0.53999996 -6.8754935 -1.7188734 0.0
1.1 10.05 0.83 -7.448451 -1.7188734 1.1459155
1.64 10.059999 0.16 2.291831 -1.1459155 4.583662
1.7099999 10.11 -0.25 6.3025355 -2.291831 2.291831
1.05 10.21 -0.26999998 3.4377468 -2.291831 -2.291831
0.90999997 10.15 -0.06 0.57295775 -0.57295775 -1.7188734
1.66 10.059999 0.01 -1.7188734 -1.1459155 3.4377468
1.8299999 10.099999 -0.049999997 -1.7188734 -1.7188734 3.4377468
1.12 10.099999 -0.06 -2.291831 -2.8647888 -2.8647888
1.25 9.969999 0.16 -2.8647888 -2.291831 -2.8647888
1.42 9.969999 0.42999998 -4.583662 -2.8647888 -1.1459155
1.39 9.79 0.14 2.291831 -3.4377468 -2.8647888
1.23 9.84 -0.04 2.291831 -3.4377468 -2.8647888
1.03 9.92 -0.32999998 2.291831 -2.8647888 -2.8647888
1.12 10.0199995 0.14 -2.8647888 -2.8647888 -1.1459155
1.24 9.92 -0.02 -2.8647888 -1.7188734 0.57295775
1.43 9.91 0.52 -3.4377468 -1.1459155 2.291831
1.51 9.91 0.63 -4.583662 -1.7188734 1.1459155
1.53 9.91 0.55 -1.1459155 -1.1459155 0.0
1.27 9.98 0.04 1.1459155 -0.57295775 -0.57295775
1.1899999 9.98 -0.19999999 2.291831 0.0 -2.8647888
1.27 9.79 -0.03 -0.57295775 -1.7188734 -2.291831
1.1899999 9.75 0.17999999 -1.7188734 -1.1459155 -2.291831
1.0699999 9.67 -0.07 0.0 0.0 -1.7188734
1.09 9.87 -0.14 -0.57295775 0.0 0.0
1.37 9.91 -0.14 -0.57295775 -1.1459155 0.57295775
1.18 10.0199995 0.01 -1.7188734 -1.7188734 0.0
1.2099999 9.98 0.39 -3.4377468 -1.7188734 1.1459155
1.56 9.74 0.47 -2.291831 -1.7188734 1.7188734
1.06 9.79 0.22999999 1.1459155 -2.291831 0.0
0.97999996 10.07 -0.049999997 3.4377468 0.0 0.0
1.52 10.2 0.5 -1.1459155 -2.8647888 3.4377468
1.4699999 10.17 0.7 -2.291831 -2.291831 1.7188734
1.22 10.15 0.48 0.0 -1.1459155 -0.57295775
1.3299999 10.13 0.39 0.57295775 -0.57295775 -1.1459155
1.36 10.12 0.45999998 -1.1459155 -0.57295775 -1.7188734
1.09 9.889999 0.21 1.1459155 0.0 -3.4377468
1.0 9.889999 -0.25 4.583662 2.291831 -2.8647888
1.25 9.94 -0.5 2.291831 2.291831 -0.57295775
1.24 10.09 -0.049999997 -3.4377468 0.0 -0.57295775
1.3399999 9.96 0.39 -5.15662 0.0 0.0
1.27 9.8 0.28 -1.1459155 1.1459155 -1.1459155
0.88 9.84 0.03 0.0 1.1459155 -1.7188734
1.04 9.92 0.099999994 1.7188734 2.291831 -1.1459155
1.39 9.889999 0.04 2.291831 0.0 1.1459155
1.35 9.9 -0.25 4.0107045 -1.1459155 0.57295775
1.13 9.969999 -0.08 1.7188734 -1.1459155 -1.1459155
0.96999997 10.0199995 0.55 -4.0107045 0.0 -1.7188734
0.88 9.889999 0.53 -2.8647888 0.57295775 0.0
1.12 9.889999 0.39 1.1459155 2.291831 1.1459155
1.4 9.92 0.32 1.7188734 1.1459155 3.4377468
1.0699999 9.92 0.04 3.4377468 1.7188734 0.57295775
