1.6041641 9.536397 1.7382435 -3.65925 -5.1069202 -2.23615
1.6305012 9.423865 1.8004947 -7.1592503 -2.27192 -1.9561499
1.4437478 9.500483 1.7526091 -6.21425 -2.51692 -2.41115
1.3838909 9.478934 1.786129 -4.07925 -4.33692 -2.9361503
1.4868447 9.466963 1.8148603 -2.81925 -4.6869197 -2.06115
1.5012103 9.47654 1.8459859 -2.2592502 -4.02192 -0.73115
1.5012103 9.502876 1.8148603 -1.76925 -2.79692 0.42385
1.5921928 9.502876 1.8483802 -0.85924995 -3.46192 0.94885
1.5490957 9.490906 1.908237 -0.82425 -4.23192 1.0538499
1.5275474 9.498088 1.8675344 -0.89425 -2.90192 1.08885
1.5467016 9.457385 1.812466 -0.019250002 -3.35692 1.50885
1.5059988 9.454991 1.8076775 0.57575005 -5.1069202 1.3688501
1.4605076 9.387952 1.838803 0.19075 -5.3869205 0.9838501
1.3814965 9.27542 1.924997 -1.20925 -4.5469203 0.45885003
1.2306572 9.253872 2.2362528 -3.5892498 -2.90192 0.28385
1.0774237 9.196409 2.4780743 -5.8292503 -2.1319199 0.91385007
0.9864412 9.09585 2.6983478 -5.8992496 -3.49692 2.90885
1.1205206 9.031204 3.0862203 -5.09425 -8.64192 5.3238497
1.2522057 9.002473 3.519584 -5.05925 -16.656921 7.73885
1.3431882 8.885154 3.8021083 -5.19925 -24.35692 8.753851
1.1540405 8.5331955 4.5275736 -7.36925 -28.76692 7.6338506
0.7685622 8.159689 5.1692395 -15.20925 -23.551922 5.4288497
0.34716985 7.90829 5.9641385 -22.384249 -12.77192 5.0788503
0.4189981 7.987301 6.352011 -23.539251 -8.15192 7.94885
0.7326481 8.0926485 6.0766697 -15.454249 -7.10192 14.668851
0.88109314 8.118986 5.4350038 1.94075 -2.1319199 20.19885
1.2162915 8.305739 5.2937417 19.125751 0.17808 22.92885
2.0854135 8.549955 4.862772 31.270748 -3.88192 26.393848
2.8013015 8.8324795 4.1013927 39.775753 -6.9619203 29.92885
3.0048149 8.89952 3.1604428 48.31575 17.53808 28.77385
3.1939626 8.976136 2.5834224 42.225754 21.77308 25.83385
3.3902931 9.153313 2.6217308 29.100748 25.588081 25.51885
3.5147953 9.42626 2.8491871 17.79575 38.78308 28.248852
3.675212 9.428655 2.456526 15.31075 51.59308 30.348852
3.7781656 9.42626 1.462902 15.275749 52.433083 28.423851
3.840417 9.464568 1.7071179 5.4757504 45.608078 23.978851
4.09421 9.507666 3.1412885 -14.194251 40.393078 21.353851
4.644893 9.215564 4.328849 -22.489252 34.82808 21.318851
4.807704 9.06233 3.675212 -11.534249 32.93808 24.118849
4.9609375 9.253872 3.2346652 3.09575 37.068077 26.63885
5.846819 9.09585 3.4214187 5.3007503 42.003082 26.21885
5.94259 9.06233 2.885101 9.255751 50.12308 21.59885
5.1285367 9.239507 1.3168511 24.480751 58.838078 16.41885
4.659259 9.229929 0.035914123 37.04575 54.04308 11.27385
4.6233444 9.378374 0.50040346 26.40575 48.51308 10.258849
5.078257 9.337671 0.8571504 4.9857497 63.03808 15.61385
5.5810547 9.378374 0.74701375 -2.29425 75.39308 22.158852
5.6385174 8.854029 0.42139238 4.18075 70.63308 15.15885
4.470111 8.758257 0.53871185 11.005751 55.758083 -3.25115
3.5842295 9.002473 0.5027977 16.85075 44.52308 -16.76115
3.7542229 9.047964 0.22266756 22.380749 41.47808 -12.491151
4.6065845 8.959376 0.4285752 21.40075 40.288082 1.12385
4.7358756 9.366403 0.409421 15.380751 41.40808 13.47885
4.537151 9.273026 -0.31843856 19.75575 48.583076 16.41885
4.513208 8.791777 -0.2370332 29.940752 37.48808 6.75885
4.063084 9.347249 -0.3974496 33.79075 22.368078 -0.66115004
4.252232 9.488511 -1.2929084 38.20075 24.81808 -1.18615
4.3001175 9.4095 -2.2314641 46.91575 35.91308 -1.25615
3.4645157 9.220352 -2.4852571 55.245754 27.96808 -8.95615
2.423006 9.282603 -2.1668186 54.405754 17.95808 -20.926151
2.0327394 9.553157 -2.7414446 43.310753 21.52808 -26.701149
2.3463893 9.428655 -3.634509 39.180748 27.758081 -20.29615
2.142876 9.395134 -3.6273263 38.83075 18.90308 -12.66615
1.7382435 9.466963 -2.5283542 27.45575 10.81808 -11.33615
1.7526091 9.560339 -1.6664152 9.15075 10.64308 -9.7261505
1.9752767 9.534002 -1.3048798 -0.78925 13.338079 2.76885
2.4206119 9.550762 -1.4078336 2.18575 15.89308 5.77885
2.925804 9.675264 -1.4341706 5.2307496 14.773081 6.47885
2.8539755 9.5483675 -1.0008069 3.34075 13.16308 1.82385
2.3416007 9.574705 -0.5770202 1.8707502 11.37808 -7.52115
2.1309047 9.615408 -0.91461295 6.00075 4.3080797 -12.80615
2.1332989 9.565128 -0.75659084 5.82575 -1.1169199 -10.84615
2.2889266 9.557945 -0.13647367 -2.85425 0.35308 -5.42115
2.4517374 9.529214 0.5818088 -11.98925 3.22308 -0.10115
2.5810282 9.4142885 0.6392714 -11.9192505 4.76308 3.8538501
2.7989073 9.452597 0.6177229 -6.3892503 3.25808 4.6238503
2.6456738 9.4142885 0.7901107 -3.9392502 3.18808 1.1588501
2.535537 9.452597 0.55786604 -2.50425 4.51808 -1.99115
2.3799093 9.488511 0.42618093 0.96075 0.70308 -3.95115
2.2027328 9.435837 0.73743665 0.64575005 -1.64192 -4.96615
2.310475 9.450203 0.50758624 -1.55925 0.21308 -3.88115
2.4613144 9.478934 0.41420954 -0.33425 -1.0119201 -1.18615
2.4684973 9.526819 0.6273 -1.1042501 -3.9169202 -0.17115
2.482863 9.517242 0.9337672 -5.72425 -2.76192 -1.0111501
2.3966691 9.567522 1.1037607 -8.97925 0.42308 -1.60615
2.5235655 9.550762 0.69912827 -6.35425 0.31807998 -2.23615
2.3966691 9.510059 0.4740664 -0.22924998 -2.8319201 -3.04115
2.310475 9.411894 0.39505535 2.0457501 -4.4069204 -4.51115
2.1931558 9.390346 0.7350424 -0.57925 -2.79692 -4.1261497
2.3846977 9.378374 1.0917894 -4.28925 -0.45192 -1.50115
2.6624336 9.507666 1.1540405 -4.4292502 0.24808002 1.68385
2.6624336 9.555551 1.1157321 -1.4542501 -3.5669198 2.41885
2.4996228 9.522031 0.79250497 1.8357501 -6.2269206 1.61385
2.6337023 9.471751 0.5818088 4.6007495 0.17808 1.33385
2.6360965 9.471751 0.48124924 4.00575 4.13308 1.9638501
2.473286 9.395134 0.7446195 1.45075 1.96308 0.49385
2.4254005 9.25866 0.90024734 -2.29425 0.84308004 -1.04615
2.430189 9.201198 0.94573855 -4.25425 0.35308 -1.11615
2.5307484 9.227535 0.7948992 -3.72925 2.45308 0.49385
2.3727264 9.153313 0.76137936 0.89075 3.25808 1.08885
2.0375278 9.009656 0.9337672 2.43075 1.26308 -0.45115
1.9154198 8.897125 0.7589851 3.93575 1.64808 2.06885
2.0758362 8.945011 0.6105401 3.27075 4.93808 8.82385
2.5068057 9.059936 0.66800267 -2.04925 9.06808 16.17385
3.1700199 9.2490835 0.7350424 -7.40425 12.95308 21.28385
3.387899 9.440625 0.9624985 -8.20925 7.52808 19.288849
3.2490308 9.569917 1.1636176 -5.68925 0.10808 11.658851
3.0527003 9.577099 1.2689656 -3.48425 -0.69692 4.48385
3.0455174 9.502876 1.2210802 -1.76925 0.70308 1.33385
3.1029801 9.531608 1.0654523 -0.43925 1.78808 1.29885
2.9832664 9.581888 1.1731946 -0.19425 2.97808 1.1588501
2.8539755 9.514848 1.0941836 1.24075 2.1730802 0.108849995
2.7246847 9.541185 0.7948992 4.0757504 1.61308 -0.69615
2.7917244 9.500483 0.50758624 4.8807497 2.73308 -0.31115
2.7510219 9.478934 0.5650489 2.57075 3.57308 0.52885
2.6217308 9.4932995 0.9433443 -1.4542501 3.39808 0.45885003
2.588211 9.419077 1.0462981 -2.85425 2.1730802 0.07385
2.6528566 9.416683 0.80208206 0.120749995 0.94808 0.56385
2.8372157 9.471751 0.49800915 3.7607503 -0.34692 0.63385004
2.7175019 9.462174 0.74222517 2.85075 -1.2919201 0.21384999
2.5929997 9.404712 1.1133378 -1.1742501 0.49308 -0.06615
2.796513 9.421472 0.88588166 -1.3142501 1.64808 0.91385007
2.9042554 9.423865 0.71828246 1.94075 -0.52191997 1.8938498
3.040729 9.431048 0.77574503 1.9757499 -0.52191997 1.99885
