0.83 10.15 0.59999996 15.469859 0.0 1.1459155
0.97999996 10.0199995 0.55 15.469859 -14.323945 4.0107045
1.27 9.82 0.75 13.750987 -22.91831 4.0107045
1.4599999 9.74 1.13 10.31324 -19.480566 1.1459155
1.43 9.62 1.41 8.594366 -8.594366 -1.7188734
1.3299999 9.58 1.49 2.8647888 -5.7295775 -2.291831
0.84999996 9.94 2.1699998 -5.15662 -6.3025355 -1.7188734
1.03 10.38 3.4399998 -12.032113 -6.3025355 0.0
1.56 10.7699995 4.47 -20.62648 -2.8647888 -1.1459155
1.3199999 11.03 5.16 -33.231552 10.31324 -5.7295775
1.74 10.75 6.93 -36.09634 22.345354 -12.605071
1.3399999 10.28 9.09 -5.7295775 41.825916 -17.188732
1.15 9.91 8.38 9.740283 65.317184 -15.469859
2.37 9.95 7.7599998 9.740283 86.516624 -9.740283
3.73 10.0 7.17 7.448451 103.1324 -11.459155
4.0299997 9.54 6.56 9.167324 116.31043 -25.210142
2.74 9.58 5.94 14.896902 125.47776 -34.377464
2.51 9.16 4.8599997 15.469859 133.49916 -28.07493
2.8 9.0 4.72 13.750987 131.78029 -21.772396
3.6999998 8.97 4.43 17.761692 131.20734 -21.772396
3.76 9.059999 3.9099998 20.053522 139.80171 -24.637184
2.8899999 8.97 3.1599998 16.042818 148.96902 -20.053522
3.79 9.059999 2.58 19.480566 146.10423 -14.323945
4.54 9.469999 1.3 20.053522 149.54198 -16.042818
3.9599998 9.44 0.74 8.021409 150.11493 -21.772396
3.5 9.75 1.1899999 -0.57295775 151.8338 -21.772396
4.04 9.5199995 0.22999999 0.57295775 151.8338 -17.761692
4.39 9.26 -0.82 -1.7188734 149.54198 -17.188732
3.3999999 9.099999 -0.84 -12.032113 142.66649 -16.042818
3.11 9.59 -0.39999998 -6.8754935 135.21803 -5.15662
3.8999999 10.11 -0.88 -0.57295775 135.21803 -1.7188734
4.41 9.92 -2.03 0.0 138.08282 -8.021409
3.54 9.54 -2.56 0.0 134.07211 -12.605071
2.81 9.57 -3.31 13.750987 110.0079 -9.740283
2.9299998 9.559999 -4.0 21.199438 101.41353 -8.594366
2.76 9.32 -5.0 21.199438 98.54874 -8.594366
2.29 9.099999 -5.67 12.032113 93.39212 -10.886198
1.09 9.09 -5.49 -1.1459155 85.37071 -13.750987
0.42 9.309999 -4.83 -8.594366 73.33859 -8.594366
0.78999996 9.53 -4.39 -8.021409 52.139156 1.7188734
1.1 9.32 -4.08 -8.021409 43.544792 0.0
0.69 9.309999 -3.56 -6.8754935 40.680004 -0.57295775
0.39 9.41 -2.81 -3.4377468 28.64789 0.57295775
0.39 9.53 -2.3 0.57295775 22.345354 0.57295775
0.44 9.86 -1.87 4.583662 21.199438 0.0
0.53999996 9.53 -1.3199999 3.4377468 21.772396 -1.1459155
0.049999997 9.58 -1.4 8.021409 18.907606 -1.1459155
0.11 9.5199995 -1.93 13.178029 16.615776 0.0
0.099999994 9.42 -1.9699999 10.886198 10.886198 -1.1459155
-0.21 9.639999 -1.55 8.594366 5.7295775 -1.7188734
-0.59999996 10.03 -1.04 13.178029 4.583662 1.1459155
-0.089999996 10.51 -0.78999996 23.49127 -0.57295775 2.8647888
0.72999996 10.34 -1.62 31.51268 -3.4377468 -4.0107045
0.34 9.76 -2.46 25.7831 0.57295775 -11.459155
-0.56 9.639999 -1.9799999 10.886198 -2.8647888 -9.740283
-1.15 9.44 -1.4 0.0 -8.021409 -2.291831
-0.14 9.639999 -0.099999994 -6.8754935 -13.178029 4.583662
0.35999998 9.45 0.24 -3.4377468 -18.334648 2.291831
-0.37 9.3 0.48999998 -0.57295775 -13.750987 -4.0107045
-0.93 9.599999 0.95 0.0 -10.886198 -1.7188734
-0.7 9.5 0.93 0.0 -12.032113 2.291831
-0.78 9.349999 0.82 -4.0107045 -5.15662 3.4377468
-0.64 9.92 1.27 -2.291831 -5.15662 4.583662
-0.13 10.07 1.04 0.57295775 -3.4377468 2.291831
-0.17999999 9.67 0.53999996 1.1459155 0.0 -4.0107045
-0.89 9.559999 0.61 1.1459155 -1.1459155 -2.291831
-0.78 9.62 0.72999996 3.4377468 -1.7188734 0.57295775
-0.74 9.42 -0.32999998 1.7188734 3.4377468 0.57295775
-0.56 9.49 0.01 -2.291831 -1.1459155 1.1459155
-0.48999998 9.7 0.19 -0.57295775 -1.1459155 1.7188734
-0.48999998 9.7 -0.14999999 1.7188734 -0.57295775 1.7188734
-0.45 9.679999 0.13 0.57295775 -5.15662 0.57295775
-0.41 9.809999 0.48 1.7188734 -1.7188734 0.57295775
-0.45999998 9.67 0.13 0.0 1.1459155 0.57295775
-0.53999996 9.58 0.19 -2.8647888 0.57295775 -0.57295775
-0.52 9.61 0.79999995 1.7188734 -0.57295775 0.57295775
-0.62 9.8 0.71 10.886198 1.1459155 1.1459155
-0.53 9.78 0.17999999 13.750987 0.0 -0.57295775
-0.58 9.679999 -0.32999998 5.7295775 0.57295775 -0.57295775
-0.7 9.75 -0.11 -1.7188734 2.8647888 -0.57295775
-0.69 9.639999 0.089999996 -3.4377468 2.291831 0.0
-0.83 9.61 0.39 -1.1459155 1.7188734 0.0
-0.63 9.809999 0.32999998 2.8647888 1.1459155 2.291831
-0.28 9.83 -0.04 4.583662 2.8647888 0.0
-0.44 9.7699995 -0.25 2.291831 2.8647888 -2.291831
-0.59999996 9.679999 -0.22 0.57295775 1.1459155 -1.1459155
-0.62 9.639999 -0.04 0.57295775 1.1459155 0.0
-0.59999996 9.65 0.03 2.291831 3.4377468 1.1459155
-0.42 9.62 -0.13 3.4377468 1.1459155 0.57295775
-0.74 9.83 -0.14 4.0107045 1.1459155 0.0
-0.37 9.78 -0.22999999 4.0107045 -1.7188734 0.57295775
-0.5 9.5199995 -0.14999999 2.291831 -0.57295775 -0.57295775
-0.66999996 9.5 0.26 0.57295775 0.57295775 0.0
-0.71 9.5199995 0.35 0.57295775 3.4377468 2.291831
-0.57 9.69 0.62 4.0107045 3.4377468 4.583662
-0.28 10.059999 0.47 16.042818 1.1459155 2.8647888
-0.049999997 10.059999 -0.29 16.615776 0.57295775 -1.7188734
-0.39 9.88 -1.04 4.583662 4.583662 -3.4377468
-0.74 9.66 -0.87 -8.021409 5.15662 -0.57295775
-0.37 9.58 -0.17 -10.31324 2.8647888 0.57295775
-0.98999995 9.37 0.29999998 0.57295775 2.291831 0.0
-0.71999997 9.719999 0.07 11.459155 -1.1459155 2.291831
-0.14 9.7699995 -0.34 16.042818 -4.583662 3.4377468
-0.37 9.86 -0.66999996 13.750987 -1.1459155 0.0
-0.45999998 9.8 -0.77 6.3025355 0.0 0.57295775
-0.24 9.76 -0.51 -0.57295775 -0.57295775 0.0
-0.44 9.55 -0.24 0.0 0.0 -1.1459155
-0.85999995 9.42 -0.04 2.291831 -1.7188734 0.0
-0.87 9.49 0.049999997 2.8647888 -2.291831 4.0107045
-0.65 9.5199995 0.25 4.0107045 0.57295775 5.7295775
-0.52 9.75 0.35 8.021409 2.8647888 6.8754935
0.13 9.8 -0.44 8.594366 -0.57295775 2.8647888
-0.45999998 9.88 -0.45999998 6.3025355 -0.57295775 -1.1459155
-0.65 9.76 -0.59999996 0.57295775 0.57295775 0.0
-0.37 9.719999 -0.38 -5.7295775 0.57295775 1.7188734
-0.35 9.67 -0.02 -8.594366 1.1459155 1.1459155
-0.42999998 9.74 0.48 -4.583662 0.0 0.0
-0.42 9.7699995 0.35 6.3025355 0.0 0.0
-0.26999998 9.76 -0.17 8.021409 0.0 -0.57295775
-0.42999998 9.63 -0.5 4.0107045 1.1459155 -1.1459155
-0.64 9.66 -0.22 1.1459155 1.1459155 0.0
-0.56 9.7 -0.08 3.4377468 1.7188734 1.7188734
-0.29 9.69 -0.12 5.7295775 1.1459155 -0.57295775
-0.56 9.719999 -0.02 9.740283 0.57295775 -1.1459155
-0.53999996 9.809999 -0.29 15.469859 1.1459155 0.0
-0.29999998 9.809999 -0.97999996 17.761692 1.1459155 1.1459155
-0.07 9.78 -1.39 10.886198 0.57295775 0.57295775
-0.28 9.71 -1.13 1.1459155 0.0 -2.291831
-0.59999996 9.469999 -0.78999996 -2.8647888 -1.1459155 -2.291831
-0.59 9.4 -0.44 -2.8647888 -1.7188734 -0.57295775
-0.65 9.4 -0.14999999 0.0 0.0 1.1459155
-0.45 9.639999 -0.19 2.291831 -1.7188734 2.291831
-0.03 9.78 -0.39999998 2.8647888 -1.1459155 0.0
-0.25 9.599999 -0.61 1.1459155 0.0 -1.7188734
-0.71999997 9.429999 -0.17999999 0.0 -1.1459155 0.0
-0.42999998 9.389999 -0.17999999 1.7188734 0.0 2.8647888
-0.26999998 9.36 -0.14 4.583662 0.0 2.8647888
-0.42999998 9.44 0.02 7.448451 0.0 1.7188734
-0.59999996 9.8 -0.13 9.740283 0.0 1.7188734
-0.21 9.95 -0.69 4.583662 2.291831 2.291831
-0.03 9.78 -0.90999997 -1.1459155 2.8647888 -1.7188734
-0.41 9.59 -0.57 -3.4377468 1.7188734 -1.7188734
-0.61 9.36 -0.26999998 -1.1459155 0.57295775 0.0
-0.71 9.389999 -0.13 2.8647888 2.291831 2.291831
-0.65999997 9.51 -0.48 4.583662 2.291831 5.15662
-0.13 9.94 -0.63 4.0107045 0.0 4.583662
-0.02 10.11 -0.72999996 4.0107045 0.0 2.8647888
0.0 9.95 -0.85999995 0.57295775 -0.57295775 0.0
