-0.29689008 9.881172 0.37350687 11.77141 -9.490109 -2.52322
-0.071828246 9.668081 0.7350424 1.83141 -9.94511 -4.9032197
-0.102953814 9.586677 0.8236305 -6.07859 -12.255111 -3.9232202
-0.22745611 9.555551 0.7733508 -8.49359 -9.07011 -4.0632195
-0.43815228 9.60583 0.9241901 -8.94859 -1.1601101 -4.72822
-0.40223816 9.601042 1.0223553 -8.56359 3.70489 -4.8332205
-0.23224466 9.663293 0.9026416 -5.90359 0.93988997 -3.08322
-0.3519584 9.701602 1.0127783 -3.1385899 -2.42011 -0.91322
-0.2466103 9.682447 1.0271438 -2.5085902 -1.47511 -0.21321999
-0.117319465 9.7135725 0.99362403 -0.89859 -1.61511 1.1867801
-0.14365649 9.680053 0.9026416 2.4964101 -5.67511 1.9567801
-0.26337022 9.696813 0.9720756 0.81641 -5.71011 0.83678
-0.2777359 9.648928 0.99362403 -0.47858998 -3.43511 1.60678
-0.28013015 9.668081 1.1037607 -0.09359 -3.7851098 2.83178
-0.11971374 9.615408 1.0917894 0.78141004 -5.2901106 3.35678
-0.25379312 9.615408 0.91461295 1.13141 -4.3801103 3.46178
-0.409421 9.62259 0.84278476 0.81641 -0.70511 3.6717799
-0.28970724 9.555551 0.88588166 0.67641 -2.42011 4.89678
-0.09337672 9.569917 1.1061549 0.25641 -8.125111 6.29678
-0.023942748 9.759064 1.1947432 -0.12859002 -10.470111 6.75178
-0.17238778 9.907509 1.1420691 2.4964101 -12.255111 5.45678
-0.11492519 9.79019 1.1372806 6.06641 -23.63011 3.28678
-0.08858817 9.648928 1.23784 4.1064095 -40.150112 -0.66822004
-1.1827718 9.512454 2.3535721 -10.66359 -44.00011 -8.99822
-2.1931558 9.663293 4.5682764 -31.103588 -34.41011 -15.43822
-1.9369683 9.323306 5.516409 -40.58859 -34.935112 -12.42822
-1.1995317 9.232324 5.61218 -33.27359 -47.745113 -7.1782207
-1.7023294 9.179649 5.8683677 -20.74359 -60.625107 -7.91322
-1.6352897 8.779806 6.531582 -19.58859 -59.155106 -12.56822
-1.6065584 8.5882635 6.9649453 -26.30859 -39.310112 -12.393219
-1.5036045 8.3679905 7.1588817 -26.483591 -19.22011 -10.39822
-1.2043202 8.427847 7.170853 -20.218592 -4.59011 -7.73822
-1.0822122 8.696006 7.0439563 -10.2085905 -1.26511 -3.01322
0.052674048 8.734315 6.9050884 -1.2485901 -2.10511 2.06178
0.8547561 8.755863 6.4932733 5.89141 2.96989 7.73178
1.1660118 9.143736 5.3512044 12.9614105 18.999891 10.32178
0.8356019 9.519637 4.0128045 19.156412 36.044888 6.96178
1.0822122 9.636956 3.7111259 21.29141 37.93489 1.67678
1.5395187 9.282603 3.5147953 16.531408 21.41489 -0.00322
1.7717633 9.390346 3.6512692 3.1964102 27.329891 2.65678
2.0782306 9.569917 3.354379 -10.73359 56.13489 8.25678
2.0758362 9.47654 2.9665065 -12.09859 63.16989 10.42678
1.7478206 9.543579 3.5435266 -7.12859 51.724888 9.27178
2.1309047 9.495694 3.0981915 -4.46859 44.759888 8.25678
2.8372157 9.481328 1.7214836 2.00641 48.36489 12.28178
3.179597 9.780613 0.74222517 11.17641 54.909893 17.46178
3.2179053 10.046377 0.9529214 13.381411 54.909893 19.45678
2.6432793 10.338479 0.21787901 7.8864107 43.709892 13.681781
2.0973847 10.1206 -1.23784 -3.83859 49.30989 9.97178
2.3966691 9.96976 -0.9337672 -23.26359 49.20489 18.58178
2.49244 9.543579 1.0941836 -46.53859 42.58989 19.036781
1.611347 9.603436 2.9617178 -53.81859 55.574894 12.73678
1.1995317 9.694419 2.317658 -32.08359 58.89989 11.301781
2.0087965 9.435837 1.6233183 -2.01859 43.32489 15.151781
2.456526 8.990502 1.786129 16.42641 33.83989 14.6267805
1.7166951 8.980925 1.7095122 29.79641 33.73489 8.0817795
1.0654523 9.7135725 0.9912298 43.936413 37.47989 5.70178
1.9824595 9.727939 -0.14844504 54.71641 38.73989 12.386781
2.0351336 9.380769 -0.50998056 59.126415 36.77989 15.71178
1.2498114 9.308941 -0.2657645 61.261414 32.12489 8.606779
0.37350687 9.732727 -1.9130256 67.87641 29.114891 5.21178
0.70870537 9.883567 -3.2083282 72.91641 28.41489 12.42178
1.7071179 9.598648 -3.7063375 62.836407 26.69989 22.53678
1.3886794 9.653716 -3.205934 44.35641 26.66489 24.006779
0.7039168 10.07032 -3.5674694 34.521408 27.784891 17.88178
0.9601042 10.027223 -5.03516 31.51141 28.134892 13.50678
1.0822122 9.787795 -4.8579836 18.07141 33.48989 12.42178
0.5650489 10.022434 -3.981679 -0.65358996 32.26489 8.676781
0.09337672 10.458193 -3.6033835 -9.05359 17.14489 2.93678
-0.55786604 10.158908 -3.964919 -9.78859 8.394891 0.41678002
-0.4189981 9.814133 -3.2610023 -14.863589 16.689892 2.6217802
0.11013664 10.0439825 -2.5068057 -23.158592 24.98489 9.37678
0.30646718 10.592272 -2.2961094 -20.46359 18.47489 11.02178
0.15083931 10.685649 -2.6600394 -9.85859 11.474891 4.37178
0.20351335 10.439038 -2.700742 -2.4735901 15.74489 -2.90822
-0.102953814 10.362421 -2.2889266 -1.42359 16.02489 -7.59822
-0.62251145 10.254679 -1.6041641 -1.77359 7.6248903 -11.02822
-0.54828894 10.0368 -1.2474172 -2.99859 3.5648901 -13.89822
-0.1987248 9.586677 -1.2498114 -2.85859 4.61489 -13.863219
-0.7206767 9.641745 -0.9529214 -1.70359 6.15489 -12.18322
-0.57223165 9.675264 -0.888276 -1.07359 7.3798895 -10.2932205
-0.13168511 9.57231 -0.7709565 0.95640993 1.98989 -5.91822
0.009577099 9.490906 -0.56265455 3.37141 -5.53511 -2.13822
0.05506832 9.562734 -0.339987 3.23141 -8.02011 -0.87821996
0.023942748 9.680053 0.5506832 -0.26859 -9.280109 1.1867801
0.27055305 9.675264 0.7110996 -6.74359 -6.83011 3.3917801
0.6296943 9.792584 0.33519846 -6.6385903 -3.54011 5.52678
0.76137936 9.897932 -0.043096945 6.06641 -9.2451105 5.24678
0.7039168 9.996098 0.25858167 1.51641 -5.60511 4.1617804
0.47885495 10.0200405 0.5770202 -2.7185898 -4.3101096 2.0267801
0.4860378 10.099051 -0.17478207 -0.058589995 -9.66511 2.51678
0.6153286 9.979338 0.09337672 -4.0485897 -9.31511 4.86178
0.6368771 9.897932 1.1109436 -14.26859 -2.63011 5.94678
0.55786604 10.034406 1.3431882 -13.28859 -2.07011 4.3367805
0.6273 10.0200405 0.67757976 -2.9635901 -4.4501104 3.32178
1.0702409 9.8548355 0.11971374 2.9864101 -3.2601101 3.56678
0.8930645 9.859624 0.31365 2.18141 -3.33011 0.41678002
0.38308397 9.857229 0.67279124 -0.26859 -5.08011 -5.53322
0.2561874 9.749487 0.5961744 -1.5635899 -4.87011 -6.72322
0.58420306 9.574705 0.5219519 -2.33359 -2.07011 -2.76822
0.62251145 9.608225 0.69673395 -3.8735902 -0.67011005 1.39678
0.600963 9.761458 0.7972935 -2.01859 -3.2251098 0.94178
0.66321415 9.735122 0.56265455 1.6564101 -4.73011 -1.0182201
0.62251145 9.747093 0.41181526 3.0214102 -2.14011 -1.33322
0.45970076 9.730332 0.6943397 1.58641 -0.39011 -1.0882201
0.28731298 9.699207 0.83081335 -1.1435901 2.02489 -1.68322
0.5363176 9.768641 0.42618093 -0.09359 3.52989 -1.0532199
0.888276 9.720756 -0.24900457 4.4214096 -0.77511007 0.80178
0.4740664 9.601042 0.34716985 3.96641 -4.9401097 0.73178
0.011971374 9.505271 1.4341706 -4.5385904 -3.19011 -1.54322
-0.057462595 9.510059 1.5107874 -9.40359 -0.00511 -2.24322
0.65363705 9.653716 0.23224466 -1.63359 0.16989 1.50178
1.0295382 9.771035 -0.11253092 8.48141 0.02989 7.3467793
1.1013664 9.885961 0.18196489 6.94141 2.8648899 8.676781
0.81644773 9.747093 0.27294734 1.83141 2.8298903 4.0567803
0.5961744 9.692024 0.26097596 2.6014102 -3.19011 -1.6482201
0.40463245 9.648928 0.4070267 2.39141 -6.23511 -4.41322
0.19154198 9.596253 0.7110996 -2.05359 -1.7901101 -4.4482203
-0.011971374 9.701602 0.5865973 -5.51859 3.38989 -4.1332197
0.5363176 9.900327 0.21548474 -3.6635902 2.09489 -1.6482201
1.0774237 10.000886 0.39266106 -1.10859 -2.24511 3.84678
0.845179 10.082292 0.5770202 -4.50359 1.7098899 1.7817799
0.6296943 10.015251 0.51955765 -2.05359 -1.33511 -2.66322
0.4932206 9.866806 0.68715686 -1.8785902 -1.7551099 -3.64322
0.3902668 9.897932 0.79250497 -1.5985901 1.35989 -4.0982203
0.3423813 9.838076 0.51716334 2.74141 0.69489 -3.57322
0.47167215 9.852441 0.098165266 6.7664104 -0.21511 -2.17322
0.5243462 9.881172 -0.05027977 6.69641 0.02989 -1.12322
0.5698374 9.751882 0.06943397 3.6864102 -1.19511 -1.33322
0.4189981 9.735122 0.2753416 1.3064101 -3.9251103 -1.36822
0.45012367 9.711179 0.30646718 -1.31859 -3.50511 -0.00322
0.41420954 9.715967 0.5889916 -3.94359 -0.56511 1.60678
0.4764607 9.665688 0.6943397 -3.62859 -0.00511 1.64178
0.43336374 9.766247 0.5698374 0.78141004 -2.00011 1.36178
0.52674043 9.907509 0.038308397 4.52641 -2.0351102 1.67678
0.75659084 9.885961 -0.11013664 4.2464104 0.06489 2.0267801
0.6273 9.751882 0.17717634 0.04641 0.16989 0.17177999
0.37829542 9.694419 0.47885495 -2.36859 -2.00011 -2.55822
0.11971374 9.821315 0.71588814 -2.22859 -3.2951102 -3.3282201
0.4070267 9.859624 0.41420954 -0.96858996 -1.33511 -1.85822
0.79250497 9.771035 0.1699935 1.6914101 -1.86011 1.74678
0.6153286 9.826104 0.47167215 1.16641 -2.24511 2.3767798
0.42139238 9.866806 0.70631105 -1.17859 -0.8801101 0.24178
