0.08858817 9.45978 0.84278476 -1.9694848 5.445265 -8.879114
0.40463245 9.692024 1.4198049 -8.129485 4.710265 -3.524115
0.81644773 9.909904 0.76616794 -7.9544854 -0.049735 2.9858851
0.79250497 9.991309 0.117319465 3.9455152 -9.184734 5.505885
0.7685622 10.079897 0.21309046 12.275515 -13.664735 4.070885
0.69673395 9.888355 0.44054657 0.865515 -5.509735 -0.864115
0.6201172 9.727939 0.5913859 -3.089485 -3.1997352 -2.6841152
0.4932206 9.696813 0.79250497 -3.8594847 -2.184735 -3.7691152
0.44054657 9.692024 0.6656084 -1.899485 -1.764735 -4.049115
0.41420954 9.617802 0.45970076 0.9005151 -3.3047352 -3.629115
0.37350687 9.529214 0.49800915 1.075515 -6.384735 -3.2441149
0.44294083 9.545974 0.83081335 -0.70948505 -8.169735 -1.879115
0.55307746 9.634562 0.70631105 0.095515 -9.219735 0.53588504
0.71588814 9.624985 0.4956149 2.930515 -10.199736 2.075885
0.63208854 9.663293 0.38547826 3.875515 -10.864735 2.4608848
0.5698374 9.730332 0.3902668 2.685515 -11.039736 2.075885
0.7110996 9.632168 0.5243462 1.180515 -11.1097355 2.635885
0.8786988 9.545974 0.7829279 -0.289485 -12.299735 3.7558851
0.74222517 9.63935 0.85954463 -0.9544851 -13.244735 3.440885
0.3232271 9.26345 1.5275474 -2.3194852 -13.419735 -0.094115
-0.6895511 8.844451 2.8443985 -7.6394854 -15.589734 -4.399115
-1.0654523 9.174861 2.8420043 -7.1494846 -19.334736 -5.309115
-0.42378664 9.581888 2.8276386 1.530515 -22.239737 2.180885
-0.38547826 9.450203 3.8787253 0.23551501 -20.979736 9.600885
-0.77574503 9.471751 4.577853 -9.809485 -20.454735 7.5708847
-0.6440599 9.833286 4.6903844 -12.609485 -22.169735 3.195885
0.23463893 10.204399 4.5610933 -10.054485 -17.514734 2.670885
0.6560313 9.759064 4.6999617 -13.519485 -0.18973501 2.320885
-0.15562786 9.550762 5.260222 -23.984486 20.390265 -4.469115
-0.84278476 9.239507 5.047131 -29.444485 30.260265 -15.984115
-0.5770202 9.232324 4.7598186 -22.654486 27.215265 -21.444115
-0.4644893 9.04557 5.559506 -14.464486 18.780266 -18.924114
-0.14844504 8.696006 5.870762 -10.229485 14.370266 -15.984115
0.5985687 8.55235 5.355993 -0.21948501 15.070266 -10.244115
1.4868447 8.858817 4.2378664 19.800516 13.915265 0.955885
1.8148603 9.0838785 3.318465 37.930515 13.915265 9.670885
1.5059988 9.407105 3.232271 41.325512 22.700266 11.805884
1.7693691 9.529214 3.083826 34.325516 33.06027 10.475884
2.918621 9.684841 1.9321798 34.185513 31.135267 12.295885
3.3256476 9.991309 1.0750294 42.340515 18.605267 17.020885
3.572258 9.835681 0.5458947 44.300518 8.945265 14.815885
2.762993 9.744699 0.22985038 12.625515 57.350266 1.620885
2.126116 9.3831625 -0.28252444 5.240515 81.43026 0.745885
2.1189332 9.366403 -0.55307746 10.9805155 70.825264 4.875885
2.796513 9.466963 -0.9912298 19.485516 41.460266 9.740885
2.6193366 9.205987 -1.1899546 22.670517 23.820267 7.640885
2.5211713 8.913885 -1.5754328 22.215515 28.405266 2.845885
1.9561225 8.8085375 -1.7933118 18.715515 30.855267 2.285885
1.5969813 8.92825 -1.4054393 11.400516 19.550266 0.500885
2.083019 8.609812 -1.010384 3.420515 13.3902645 4.4558854
1.9226027 8.492493 -0.53871185 -1.514485 28.370264 9.320885
2.2458298 8.894731 -1.8938714 2.790515 42.685265 14.570886
2.7869358 8.660092 -3.205934 7.2355146 39.675262 19.260885
1.9800652 8.566715 -2.2147043 -9.004485 46.465263 17.055885
1.0606637 9.086273 -1.2162915 -31.194485 65.78526 11.000885
0.9217958 9.90272 -0.7901107 -37.074486 68.97026 11.770885
2.185973 10.202005 -1.5850099 -28.954487 59.135265 21.990885
3.047912 10.199611 -1.8603516 -19.714485 58.505264 27.730885
2.5618742 9.670476 -1.9010541 -17.544487 74.85026 21.605886
1.4269878 10.518049 -1.3695252 -15.339485 78.84026 10.335885
1.1779832 11.564347 -0.7015225 -8.374485 58.540268 7.0458846
1.7502149 11.552376 -1.5490957 4.295515 39.990265 7.2908845
2.4876516 11.183658 -3.3112822 18.575514 40.935265 7.7808847
2.9162266 10.934653 -4.2570205 29.075514 41.250263 8.2708845
1.1731946 11.368017 -3.5554981 28.585514 39.010265 2.635885
0.4070267 11.049579 -3.553104 20.500515 40.620266 -12.939115
0.723071 10.953807 -3.7925313 17.490517 29.035267 -17.209114
0.9481328 10.841276 -3.677606 15.215517 11.885265 -10.034115
0.77574503 10.743111 -2.5211713 4.7505155 4.4652653 -5.939115
0.749408 10.726351 -1.7071179 -9.459486 3.485265 -7.479115
1.1037607 10.525232 -1.23784 -14.324485 -8.869735 -9.964115
1.0175668 9.950606 -0.71588814 -11.209485 -20.209734 -9.404116
0.8475733 9.871595 -0.009577099 -10.439485 -19.264734 -6.009115
0.91461295 9.852441 0.2561874 -10.369486 -11.424735 -5.2391148
0.9241901 9.811738 -0.047885496 -3.789485 -5.929735 -5.449115
0.79250497 9.507666 -0.20111908 5.555515 -5.4747353 -5.064115
0.7134939 9.440625 -0.076616794 9.860515 -7.4347353 -6.114115
0.87630457 9.454991 -0.10055954 7.2005153 -11.879735 -4.259115
0.7541966 9.244295 0.016759925 2.3005152 -13.7347355 -3.139115
0.52674043 9.182044 0.54828894 -4.7694855 -10.969734 -2.0891151
0.75180227 9.445415 0.8475733 -8.654485 -9.849735 0.150885
0.89545876 9.58907 0.8739103 -6.729485 -11.074735 1.7608851
0.92658436 9.57231 0.7877164 -3.789485 -9.079735 1.7958851
0.81165916 9.648928 1.0295382 -2.284485 -6.3147354 1.935885
1.185166 9.62259 0.8643332 -0.149485 -5.964735 3.195885
1.7071179 9.730332 0.19633053 1.4605149 -3.5497348 5.505885
1.1684061 9.747093 0.409421 -0.534485 -0.364735 2.915885
0.7446195 9.574705 0.84039044 -5.644485 -0.57473505 -2.824115
0.3998439 9.624985 0.9696813 -5.2594852 -1.939735 -3.9791155
0.6105401 9.828498 0.749408 -0.429485 -2.919735 -0.759115
1.0870007 9.905115 0.53871185 3.525515 -5.089735 4.105885
1.5634614 10.0200405 0.17717634 3.6305149 -4.179735 7.850885
1.6352897 9.783007 0.23942748 -0.70948505 1.350265 8.795885
1.1468576 9.727939 0.9960183 -8.339485 6.530265 5.0158854
0.75180227 9.749487 1.1947432 -10.229485 4.710265 -0.654115
0.7326481 9.797373 0.23942748 -2.389485 0.860265 -2.6841152
0.9241901 9.799767 0.0023942748 5.170515 2.2602649 0.255885
1.1300977 9.828498 0.22266756 3.035515 4.0452647 3.9308853
1.2929084 9.761458 0.2466103 -1.619485 1.665265 4.280885
1.228263 9.783007 0.4166038 -4.664485 2.400265 4.280885
1.1348863 9.668081 0.68236834 -8.829486 6.810265 2.740885
0.9337672 9.591465 0.967287 -9.879485 5.830265 1.060885
0.94573855 9.744699 1.1013664 -7.1844854 3.135265 0.465885
1.446142 9.881172 0.5650489 -1.584485 1.280265 1.095885
1.541913 9.787795 -0.057462595 6.080515 -1.694735 2.4608848
1.1348863 9.61062 0.1987248 8.250515 -2.464735 1.410885
0.818842 9.603436 0.7829279 1.4955151 0.72026503 -2.019115
0.7206767 9.641745 0.86912173 -3.8594847 0.090265 -2.6841152
0.9026416 9.598648 0.5458947 -1.689485 -2.4997349 -0.199115
1.2450229 9.598648 0.23224466 2.265515 -0.259735 4.3158846
1.4198049 9.759064 0.56744313 1.565515 2.575265 8.970885
1.5012103 9.929058 0.72785956 1.600515 1.245265 7.2208853
1.446142 9.9889145 0.38547826 6.920515 -2.464735 3.615885
1.3096683 9.8548355 -0.0047885496 10.070515 -5.159735 -0.269115
1.1779832 9.847652 0.29689008 5.135515 -3.654735 -1.3191149
1.4126221 9.802161 0.72785956 -1.9694848 -0.50473505 0.395885
1.4221992 9.833286 0.6847626 -3.6144848 1.035265 1.5858849
1.472479 9.768641 0.45970076 -0.814485 1.035265 0.675885
1.2929084 9.699207 0.5961744 -0.49948502 -0.084735 -1.2841151
1.0654523 9.61062 0.7039168 -1.584485 0.96526504 -3.629115
0.9768641 9.620196 0.48843205 0.200515 1.385265 -3.6641152
0.8739103 9.60583 0.339987 1.740515 1.5602651 -2.229115
1.1636176 9.60583 0.45012367 1.110515 0.72026503 -0.54911506
1.2857256 9.737515 0.3232271 0.655515 -1.4147351 1.200885
1.211503 9.8237095 0.22027329 0.935515 -2.3597353 0.885885
1.0702409 9.797373 0.339987 -1.234485 -1.694735 -0.409115
1.1253091 9.682447 0.4285752 -3.684485 -1.344735 -0.094115
1.1660118 9.694419 0.54350036 -5.224485 -0.049735 1.270885
1.4006507 9.742304 0.44294083 -4.384485 1.280265 2.355885
1.4078336 9.725544 0.4189981 -1.9694848 -0.9597351 1.7258849
1.1708003 9.627379 0.22506183 0.13051501 -2.779735 -0.44411498
