2.03 9.63 0.37 25.210142 -9.740283 -9.167324
1.25 9.179999 -0.96 28.07493 -8.594366 -10.31324
0.51 8.95 0.26999998 9.740283 -11.459155 -11.459155
0.59 9.15 1.4699999 0.0 -14.896902 -4.0107045
1.74 9.5199995 1.5799999 0.0 -10.886198 2.8647888
2.06 9.389999 1.0 5.7295775 -8.021409 -4.583662
1.25 9.15 2.53 2.291831 -6.3025355 -12.605071
0.08 9.79 3.8 9.740283 -9.167324 -12.032113
0.34 9.7 3.6399999 16.615776 -10.886198 -7.448451
0.22999999 9.79 4.41 17.188732 -13.178029 -6.3025355
0.87 11.09 6.48 21.772396 -14.896902 -5.15662
1.61 11.15 5.3399997 21.772396 8.021409 -5.7295775
1.56 11.05 6.24 0.0 34.377464 -12.032113
1.64 10.57 7.68 -14.896902 48.128452 -20.053522
2.11 10.13 7.25 -2.8647888 48.701412 -24.064226
2.33 9.79 5.72 10.886198 49.84733 -29.793804
1.73 9.74 5.58 -0.57295775 67.03606 -35.523384
2.1399999 9.55 5.6099997 -6.3025355 76.77634 -32.658592
2.86 9.36 4.7 -11.459155 84.79775 -29.793804
3.1599998 9.23 4.37 -21.772396 90.52733 -31.51268
2.81 9.23 4.22 -26.929016 95.11099 -34.377464
4.17 8.139999 2.6699998 -29.220846 98.54874 -28.64789
3.98 7.6699996 3.9199998 -45.83662 105.997185 -24.637184
4.11 7.98 4.63 -42.971836 108.86198 -17.188732
4.31 8.7699995 2.97 -14.896902 107.143105 -5.7295775
3.58 9.53 0.83 6.3025355 104.85127 -3.4377468
3.8 9.809999 -1.27 6.3025355 91.10028 -2.291831
2.97 10.23 -1.49 -26.356058 76.77634 -5.7295775
3.01 10.26 -0.93 -44.11775 87.089584 4.583662
3.47 10.429999 -0.7 -46.98254 103.70536 10.886198
3.1399999 10.349999 -0.91999996 -41.25296 104.85127 6.8754935
2.95 10.099999 -0.7 -26.356058 91.10028 4.583662
2.18 9.79 -1.75 -4.583662 74.48451 7.448451
1.81 9.38 -1.24 9.167324 84.22479 7.448451
1.8 9.63 -1.41 21.199438 94.53803 9.740283
1.8499999 9.55 -2.96 39.53409 92.24621 11.459155
1.4599999 9.23 -3.8899999 45.83662 82.50592 7.448451
0.59 9.61 -2.9199998 38.961132 64.17127 2.8647888
0.83 9.5199995 -2.8799999 39.53409 46.98254 6.3025355
0.81 9.25 -3.56 31.51268 49.27437 9.740283
0.66999996 9.38 -3.0 10.886198 46.98254 9.167324
0.42999998 9.96 -1.22 3.4377468 36.09634 4.0107045
0.5 9.87 -1.1999999 14.323945 28.64789 1.1459155
0.04 9.16 -1.41 18.334648 25.210142 0.0
-0.26 9.389999 -0.29 8.594366 24.637184 2.291831
-0.03 9.51 -0.38 15.469859 24.637184 6.3025355
0.85999995 9.599999 -1.24 27.501974 14.896902 10.31324
1.01 10.04 -1.81 27.501974 2.8647888 10.886198
0.84 10.09 -1.11 12.605071 0.57295775 5.15662
0.25 9.9 0.17999999 -4.0107045 -0.57295775 0.57295775
-0.01 9.84 0.76 -4.583662 -0.57295775 4.0107045
0.38 9.88 1.05 -3.4377468 3.4377468 7.448451
0.89 9.67 1.1899999 1.1459155 5.15662 5.7295775
0.75 9.679999 1.0 12.032113 0.0 1.7188734
0.21 9.599999 -0.22 18.334648 -2.8647888 1.1459155
-0.14 9.559999 0.74 -1.7188734 -0.57295775 -0.57295775
0.07 9.61 1.3299999 -10.31324 5.15662 2.8647888
0.64 9.61 1.1999999 -5.7295775 4.0107045 8.594366
0.83 9.57 1.23 0.0 2.8647888 7.448451
0.71999997 9.83 1.18 5.15662 -0.57295775 2.8647888
0.45999998 9.74 -0.29 5.15662 4.0107045 1.1459155
0.24 9.51 -0.37 -18.334648 14.896902 1.1459155
-0.12 9.74 1.51 -29.220846 15.469859 1.1459155
0.63 9.79 2.09 -13.178029 2.8647888 6.3025355
0.93 10.05 1.89 2.291831 -5.15662 4.0107045
0.51 9.73 1.65 6.3025355 -3.4377468 -0.57295775
0.35 9.74 1.66 5.7295775 5.7295775 -1.7188734
0.55 9.559999 1.13 8.594366 6.8754935 0.0
0.45999998 9.58 0.94 10.31324 5.7295775 0.0
0.48999998 9.679999 0.55 12.032113 0.0 0.0
0.47 9.88 0.37 8.594366 -8.021409 1.1459155
0.58 9.65 0.69 -11.459155 0.0 0.0
0.32 9.48 2.02 -14.896902 1.1459155 -1.7188734
0.45 9.38 2.3 -0.57295775 -2.291831 0.0
0.42999998 9.24 1.42 10.886198 -0.57295775 0.0
0.14999999 9.33 1.04 13.178029 -0.57295775 0.0
0.48999998 9.73 0.61 10.31324 -2.8647888 2.8647888
0.78 9.66 0.87 -2.291831 -1.1459155 4.0107045
0.41 9.5199995 1.5 -6.8754935 -1.1459155 0.0
0.16 9.38 1.55 -2.291831 0.57295775 -1.1459155
0.37 9.11 0.87 5.15662 1.1459155 0.57295775
0.41 9.15 0.69 4.583662 5.15662 3.4377468
0.29999998 9.32 0.79999995 0.0 9.740283 3.4377468
0.59999996 9.55 0.96 2.8647888 3.4377468 4.583662
0.53999996 9.7 0.61 6.3025355 -1.7188734 5.15662
0.63 9.71 0.29999998 0.0 -1.1459155 5.15662
0.48 9.559999 0.82 -9.167324 0.0 2.8647888
0.28 9.58 1.4699999 -11.459155 0.57295775 4.0107045
1.0699999 9.76 1.14 -7.448451 1.1459155 7.448451
0.78999996 9.71 1.61 -7.448451 -0.57295775 4.0107045
0.41 9.929999 1.9599999 -5.7295775 -1.7188734 0.57295775
0.59 9.91 1.63 -1.1459155 -0.57295775 1.7188734
0.65999997 9.83 1.5799999 0.0 0.57295775 1.1459155
0.57 9.82 1.61 2.291831 1.1459155 0.57295775
0.65 9.809999 1.28 6.3025355 0.0 1.1459155
0.78 9.86 0.9 5.7295775 2.291831 1.1459155
0.71999997 9.7699995 0.95 2.8647888 1.7188734 -0.57295775
0.56 9.719999 1.23 3.4377468 2.291831 0.0
0.38 9.78 1.23 7.448451 0.57295775 0.57295775
0.82 9.86 0.76 10.31324 5.15662 4.0107045
1.0 9.67 0.38 9.167324 7.448451 4.0107045
0.61 9.559999 0.56 4.583662 5.7295775 1.1459155
0.55 9.46 1.01 0.57295775 4.0107045 1.1459155
0.57 9.28 1.27 0.0 1.7188734 1.7188734
0.64 9.24 1.01 2.291831 1.1459155 2.8647888
0.61 9.349999 0.98999995 0.0 2.291831 2.8647888
0.79999995 9.38 1.11 0.0 -0.57295775 2.291831
0.68 9.41 1.1999999 0.0 -3.4377468 2.291831
0.52 9.55 1.18 0.0 -4.0107045 2.8647888
0.94 9.559999 1.4599999 -2.8647888 -2.8647888 4.0107045
0.59 9.45 1.52 -2.291831 0.0 0.0
0.66999996 9.48 1.5999999 0.0 -1.7188734 0.57295775
0.9 9.57 1.54 4.583662 -5.15662 2.8647888
0.93 9.599999 1.3399999 8.021409 -5.15662 3.4377468
