0.9984126 9.498088 2.9904492 -4.11425 -5.3519197 1.33385
0.67279124 9.502876 3.050306 -5.12925 -7.69692 -0.27615002
0.5913859 9.435837 3.265791 -6.8792505 -6.36692 -1.25615
0.7805336 9.385557 3.4549387 -7.71925 -1.85192 0.87885
1.0151725 9.347249 3.2035396 -4.35925 -0.90692 3.9238498
1.2689656 9.407105 3.1173458 1.06575 -2.51692 5.39385
1.1827718 9.37598 2.9689007 4.1457496 -5.17692 4.1688504
0.9864412 9.3592205 3.1365 4.18075 -6.78692 1.61385
1.0199611 9.395134 3.545921 2.1507502 -8.43192 1.68385
1.1516461 9.464568 3.5267668 2.1157498 -9.06192 5.63885
1.063058 9.440625 3.510007 7.12075 -13.75192 10.04885
0.7733508 9.727939 2.9114382 11.53075 -20.82192 11.728849
1.4820561 9.79019 2.885101 10.86575 -19.141922 12.218851
1.8914771 9.428655 5.193182 -0.75425005 -20.611921 15.998849
1.4365649 9.232324 5.5954204 -12.82925 -30.026918 15.508851
1.1348863 8.700794 5.1859994 -5.12925 -41.22692 6.33885
0.9194015 8.566715 5.6457 6.94575 -36.11692 0.9838501
0.098165266 8.300951 6.6249585 13.45575 -33.63192 -0.76615
0.9888355 8.051947 6.2131433 22.695751 -58.586918 -7.1711497
1.8962656 7.7694216 4.7334814 32.53075 -75.31692 -8.29115
1.4078336 7.6521025 5.111777 26.86075 -63.97692 -10.531149
0.28252444 7.3145094 6.378348 3.20075 -39.47692 -18.19615
0.7302538 6.897906 5.930619 -16.04925 -23.27192 -25.30115
1.611347 7.206767 4.975303 -18.709251 -15.78192 -20.29615
1.1923488 7.4270406 5.5523233 -17.30925 2.94308 -7.2411504
1.1516461 7.3815494 6.1987777 -21.474249 18.06308 -4.2311497
2.011191 7.7047763 6.402291 -19.30425 4.83308 -1.11615
2.9234095 8.157294 6.4525704 -9.11925 11.938081 5.46385
2.8108785 8.224334 5.9210415 1.76575 39.273083 8.12385
3.5890179 8.265037 5.897099 9.67575 43.68308 9.97885
3.9050622 8.540379 5.090228 19.93075 33.74308 14.42385
4.008016 8.640938 4.529968 24.410751 48.51308 17.88885
3.8763309 8.466156 5.3703585 19.89575 71.71809 21.28385
5.2674046 8.61939 4.7119327 27.665749 77.458084 26.11385
5.4661293 9.380769 2.2721667 55.00075 69.23308 28.14385
4.9872746 9.395134 0.3232271 73.90075 71.68308 18.83385
4.288146 9.184438 0.5554718 66.76076 66.64308 7.3538494
4.0463243 9.663293 2.6432793 38.270752 63.70308 6.58385
5.2650104 9.996098 1.2569942 24.76075 87.18808 20.96885
6.1317377 10.199611 -0.5027977 37.010754 99.36808 29.823854
5.2243075 9.577099 1.1899546 34.73575 85.47308 22.08885
3.7590115 10.075109 1.4796618 19.195751 88.413086 15.01885
5.233885 11.140561 -3.440573 39.00575 93.83807 24.433851
6.2873654 10.692831 -6.550736 71.90575 56.63308 30.38385
3.7949257 9.665688 -3.0550947 45.09575 35.98308 11.13385
1.4581133 9.866806 0.4932206 -15.384252 64.96308 -3.7061503
2.4277947 10.000886 -1.2665714 -35.05425 73.50308 8.08885
3.3112822 9.73991 -2.6887705 -8.73425 62.128082 23.38385
3.8021083 9.100638 -1.2546 -4.49925 62.688076 28.423851
3.110163 9.021627 0.32801566 -21.43925 56.948082 29.123848
2.6504622 9.373586 0.70870537 -22.31425 43.05308 27.373852
3.8045027 9.543579 -0.9194015 -9.01425 64.15808 28.63385
4.173221 9.531608 -1.3862851 15.100749 73.50308 27.548851
2.3583608 9.90272 -1.951334 36.59075 51.558083 10.01385
1.4700848 10.237919 -3.7853484 52.06075 41.12808 -13.26115
1.8196489 10.441432 -4.764607 61.65075 56.773083 -17.77615
1.5730386 10.448615 -4.149278 58.745754 64.43807 -14.03115
0.27055305 10.419884 -4.592219 47.19575 56.07308 -18.44115
0.026337024 10.439038 -5.3799353 42.400753 50.01808 -25.93115
0.15562786 10.259467 -3.756617 38.86575 43.26308 -23.866152
-0.117319465 9.842864 -2.4014575 22.695751 37.593082 -16.90115
0.0023942748 10.039194 -1.7430321 12.05575 30.733078 -14.416151
0.14365649 10.213976 -1.4102279 13.105751 25.09808 -9.27115
0.30886146 10.029617 -2.7222905 16.99075 22.368078 -5.00115
-0.13647367 9.771035 -2.2721667 25.355751 18.30808 -8.57115
-0.5818088 9.550762 -0.8092649 10.305751 13.268081 -7.2411504
-0.32801566 9.560339 -0.59378016 7.47075 6.19808 0.45885003
0.5913859 9.581888 -1.3288225 12.72075 -1.74692 9.558849
1.0343267 9.569917 -0.65363705 6.0707498 1.43808 15.26385
1.3360053 9.687236 0.6105401 -4.49925 2.73308 16.17385
1.7310607 9.785401 0.45491222 -2.15425 -4.16192 14.1088505
1.9034485 9.830893 0.0 6.5957503 -7.10192 10.43385
2.1045675 9.821315 0.11253092 8.38075 -8.22192 7.00385
2.4421604 9.943423 0.38547826 4.5307503 -7.59192 5.00885
2.4182177 10.0200405 0.22266756 2.88575 -7.69692 0.9838501
1.7933118 10.015251 0.42378664 1.8707502 -8.711921 -5.70115
1.5443072 10.022434 0.9624985 -2.85425 -3.70692 -7.80115
1.8651401 9.929058 0.7948992 -2.18925 -3.53192 -4.3361497
2.0854135 9.974549 0.4740664 1.90575 -4.23192 -2.06115
1.9369683 9.933846 0.29689008 3.09575 -1.25692 -4.89615
1.3407938 9.780613 0.2370332 2.7807503 1.89308 -10.006149
0.82123625 9.799767 0.46209505 3.27075 2.10308 -13.54115
1.0870007 9.75667 0.33759275 2.7457502 -0.20692001 -10.6011505
1.5275474 9.730332 -0.34956414 3.55075 -2.48192 -3.8111498
1.498816 9.761458 -0.31604427 3.09575 0.10808 0.28385
1.3743137 9.768641 0.49082634 -3.09925 2.90808 -0.10115
1.376708 9.708784 0.74701375 -8.139251 2.27808 -0.59115005
1.446142 9.60583 0.27294734 -3.76425 -0.80192 -1.04615
1.4006507 9.787795 -0.23224466 4.1457496 -3.88192 -2.41115
1.3264283 9.905115 0.4285752 3.86575 -1.57192 -2.69115
1.4940275 9.866806 0.43336374 -2.9242501 3.6780803 -1.7811501
1.5586729 9.797373 -0.117319465 -0.36925 2.87308 -2.16615
1.4605076 9.783007 -0.25139886 6.35075 0.49308 -4.3361497
1.1947432 9.749487 -0.13168511 6.56075 0.52808005 -6.43615
0.9337672 9.644139 -0.08858817 4.3207498 -0.73192 -7.6261497
0.8379962 9.567522 0.19393626 3.3057501 -3.3219202 -8.151151
0.94095 9.514848 0.4285752 1.24075 -3.4269202 -6.64615
1.1157321 9.517242 0.4189981 0.26075003 -1.74692 -2.69115
1.1899546 9.620196 0.3519584 1.2057501 -0.83692 0.52885
1.5275474 9.684841 0.36632404 1.76575 -0.27692 2.06885
1.5083932 9.653716 0.23224466 1.8707502 -0.97692 3.04885
1.2067145 9.636956 0.13647367 4.1457496 -0.34692 -1.2911501
1.1205206 9.617802 0.19633053 3.83075 -0.34692 -1.08115
1.2593886 9.684841 0.2561874 2.4657502 1.96308 1.3688501
1.297697 9.72315 -0.03351985 3.69075 2.13808 2.17385
1.132492 9.766247 -0.14126222 4.7757497 1.29808 1.0188501
1.0319325 9.799767 0.052674048 3.3057501 0.59808004 -0.27615002
1.0989721 9.866806 -0.2083019 2.88575 0.73808 -0.20615
0.9720756 9.883567 -0.6201172 3.86575 2.55808 0.03885
0.9792584 9.802161 -0.44294083 2.0457501 1.8580799 -0.20615
0.9481328 9.763853 0.22506183 -3.2392502 -3.74192 -0.20615
0.9433443 9.644139 0.36871833 -5.3042502 -5.0369205 1.4388502
1.0654523 9.668081 0.21069619 -3.48425 -1.46692 4.34385
1.23784 9.742304 0.36871833 -2.18925 0.10808 6.58385
1.5012103 9.816526 0.51955765 -2.60925 0.49308 7.38885
1.6688095 9.864412 0.043096945 0.40075 -0.20692001 6.02385
1.6520497 9.881172 -0.20351335 4.42575 -0.24192 2.90885
1.498816 9.842864 0.0047885496 4.1457496 -0.97692 -0.41615
1.5395187 9.80695 0.117319465 0.92574996 -1.1869199 -1.43115
1.4796618 9.783007 0.19633053 -0.78925 0.17808 -1.43115
1.3288225 9.680053 0.28013015 -0.64925003 -0.13692002 -2.5511498
1.0558752 9.644139 0.29928434 -0.36925 0.45807996 -3.25115
1.3168511 9.692024 0.09577099 -0.08925 1.64808 -2.0961502
1.3383996 9.687236 0.09337672 0.15575 0.91308 0.52885
1.2330515 9.651321 0.21548474 -1.27925 2.6280801 1.0538499
1.3120626 9.677659 0.24900457 -1.9792501 2.4180799 0.35385
1.4221992 9.735122 0.19633053 -1.20925 0.31807998 0.21384999
