0.31365 9.8237095 -0.102953814 7.250565 -9.78621 1.174215
0.28731298 9.885961 0.24900457 0.950565 -6.77621 -0.54078496
0.1699935 9.754275 0.32801566 -5.1394353 -6.1462097 -2.9907851
0.10055954 9.771035 0.339987 -7.414436 -5.90121 -4.775785
0.0023942748 9.780613 0.38308397 -8.359435 -0.65121 -4.845785
-0.05027977 9.77343 0.6392714 -7.204435 0.22379 -4.075785
-0.14365649 9.735122 0.7134939 -5.2794347 -1.49121 -2.850785
-0.21069619 9.799767 0.6560313 -2.304435 -2.2962098 -0.85578495
0.090982445 9.929058 0.600963 0.705565 -3.03121 2.0492148
0.26097596 9.976943 0.45251793 2.910565 -4.29121 3.659215
0.24182175 10.017646 0.37590113 3.225565 -4.5012097 2.749215
0.18196489 9.972155 0.40223816 1.230565 -4.32621 0.859215
0.076616794 9.943423 0.62251145 -1.324435 -4.18621 -0.505785
0.076616794 9.873989 0.6847626 -2.234435 -4.2212095 -0.645785
0.29210153 9.840469 0.52674043 -0.624435 -4.9912105 -0.15578501
0.17478207 9.735122 0.4285752 0.705565 -6.60121 -1.415785
0.14605077 9.63935 1.0127783 -0.064435 -15.56121 -3.8657851
-0.14126222 9.953 2.4900458 -2.619435 -47.65621 -5.650785
-0.6057515 9.5244255 3.1508656 -7.9744344 -85.98122 -13.630786
-2.5283542 8.889942 4.0535073 -20.329435 -81.60621 -26.475786
-3.2394538 8.298556 7.910684 -44.689438 -37.261208 -32.320786
-3.4286015 7.8723755 11.138166 -64.14944 -21.47621 -27.525785
-3.258608 8.061523 11.648147 -51.61944 -46.571213 -22.065784
-3.059883 7.7742105 11.018453 -18.474436 -71.281204 -13.000785
-2.0590763 8.277008 9.912297 8.860565 -51.85621 4.0092154
0.41420954 8.616995 7.903501 36.020565 -9.71621 22.349215
2.0351336 9.419077 4.4198313 63.775566 9.42879 32.149216
1.908237 9.763853 2.753416 76.20057 23.53379 26.724215
1.1396748 9.598648 2.360755 61.780563 40.228794 13.214215
1.2474172 9.531608 1.6161355 37.560566 61.26379 7.964215
2.2099156 9.759064 0.73743665 24.505564 71.693794 15.244214
3.1388943 9.811738 0.11492519 19.255566 66.863785 25.254215
3.007209 9.232324 0.47885495 12.710566 60.63379 27.879215
2.351178 9.12937 0.48843205 4.380565 63.36379 21.054214
3.2490308 9.737515 0.14365649 0.460565 75.78879 17.449215
4.216318 9.799767 -1.0534809 5.220565 79.81379 23.539215
3.737463 9.478934 -1.5850099 14.740564 72.07879 23.574215
2.9114382 9.833286 -1.5443072 18.345566 64.028786 10.729216
3.3831103 10.08708 -1.8316202 13.305566 60.91379 1.349215
3.380716 9.953 -2.516383 7.950565 68.43879 4.0092154
2.5714512 9.732727 -2.291321 7.495566 66.583786 4.394215
2.4254005 10.022434 -1.8962656 2.1405652 50.833794 -2.675785
2.7246847 9.8548355 -2.4493432 -9.339435 46.283794 -1.415785
2.8731298 9.73991 -1.7933118 -18.929436 54.19379 8.699215
2.5858169 9.457385 -0.016759925 -41.399437 49.22379 11.744215
2.2721667 9.826104 0.53871185 -40.419434 50.69379 10.204216
2.2985039 9.900327 -0.4189981 -25.019434 55.558792 13.354215
2.865947 9.63935 -0.5961744 -14.344436 52.96879 15.419213
2.6983478 9.77343 0.59378016 -17.039434 46.073788 13.459215
2.2889266 10.3193245 0.9337672 -15.289434 44.46379 8.839215
2.997632 9.711179 -1.4437478 3.1205652 47.92879 11.044215
3.0335462 9.07909 -1.9704882 11.660565 45.54879 11.709214
1.9968252 9.107821 0.12929083 -4.9294353 40.82379 3.624215
1.010384 9.821315 1.6520497 -19.839436 47.508793 -0.15578501
1.7621863 9.665688 0.43336374 -4.649435 54.89379 6.634215
2.8635526 8.973742 -1.1708003 25.660566 46.98379 13.984216
1.9537282 9.845258 -0.9433443 37.87557 29.448792 7.754215
1.1253091 10.632975 -1.376708 34.480564 26.40379 -3.375785
1.5395187 10.156514 -3.3567734 37.595566 31.61879 -4.250785
1.7526091 9.761458 -3.8140798 35.28557 28.50379 1.244215
1.3695252 9.766247 -1.812466 14.530565 25.91379 0.159215
0.43575802 10.424672 -0.2944958 -7.2394342 32.45879 -2.675785
0.22985038 10.235525 -1.5323359 -0.869435 40.50879 -2.080785
0.68236834 9.526819 -3.0886145 27.305565 41.69879 2.154215
1.036721 10.111023 -3.964919 47.815567 31.51379 1.769215
0.62251145 10.886767 -4.309695 49.95056 19.018791 -4.670785
0.26097596 10.762265 -4.5874305 40.920567 13.41879 -10.970785
0.76137936 10.211582 -4.846012 28.670567 21.74879 -12.020784
0.967287 10.158908 -4.0367475 14.7055645 19.89379 -11.320785
-0.0670397 10.46777 -2.2266755 -3.8094351 10.233789 -15.975785
-0.91700727 10.146936 -1.0822122 -20.049435 12.40379 -23.570786
-0.9194015 9.811738 -1.4676905 -18.474436 11.84379 -24.830786
-0.3974496 9.701602 -1.9202085 -4.684435 4.38879 -19.790785
0.117319465 9.636956 -1.5395187 0.880565 -0.26621002 -9.780786
0.24182175 9.560339 -0.5243462 -7.5194354 3.8287897 -1.3807851
0.2370332 9.61062 0.038308397 -15.744434 3.5487902 1.034215
0.39266106 9.342461 0.4740664 -13.959435 -5.58621 0.6142151
0.505192 9.311335 0.48124924 -8.254436 -11.2212105 0.369215
0.5865973 9.445415 -0.07422252 6.935565 -10.20621 1.104215
0.8667275 9.593859 -0.19154198 7.1105657 -7.82621 1.3142151
0.3902668 9.581888 -0.08858817 3.995565 -2.33121 -2.500785
0.18435916 9.60583 -0.4764607 5.045565 -1.9112101 -4.845785
0.25379312 9.517242 -0.77574503 5.850565 -7.7212105 -2.3257852
0.57462597 9.735122 -0.35914123 -2.164435 -7.75621 1.174215
0.37350687 9.794978 0.23463893 -12.594435 -1.5262101 2.434215
0.22985038 9.835681 0.05985687 -14.484435 4.28379 3.379215
0.53871185 9.763853 0.0023942748 -9.059435 0.50379 5.6192155
0.52913475 9.833286 0.6368771 -8.079435 -5.41121 3.6942153
0.5458947 10.029617 0.75180227 -4.859435 -6.07621 0.684215
1.0750294 10.017646 -0.6105401 5.4305654 -6.28621 0.859215
1.2306572 9.847652 -0.6895511 10.855564 -9.33121 0.29921502
0.8140534 9.924269 0.32562137 1.580565 -5.83121 -3.0957851
0.339987 9.933846 0.61293435 -4.019435 -2.89121 -5.160785
0.15562786 9.864412 0.29210153 0.740565 -5.5512104 -5.230785
0.5243462 9.826104 -0.18914771 6.165565 -7.58121 -3.480785
1.0415095 9.893144 -0.08619389 5.255565 -6.95121 0.404215
0.8356019 9.974549 0.40223816 -1.8494351 -2.43621 1.209215
0.36392978 9.993703 0.29689008 -5.0344353 0.50379 -3.7607853
0.2777359 9.847652 -0.23224466 0.740565 -3.94121 -7.680785
0.33759275 9.749487 -0.14126222 4.415565 -7.30121 -6.175785
0.18435916 9.873989 0.17957062 0.880565 -6.5662103 -2.605785
0.8475733 9.974549 0.20590763 -4.089435 -1.9112101 1.034215
1.2067145 9.792584 0.105348095 -4.789435 0.25879 4.394215
0.6440599 9.668081 0.49082634 -2.8644352 -0.96621007 0.99921507
0.05506832 9.785401 0.36871833 -1.3594351 -0.58121 -6.0007854
0.33759275 9.672871 -0.32083282 2.910565 -1.9812099 -6.8407855
0.47885495 9.452597 -0.48843205 6.2705655 -2.2962098 -1.730785
0.21548474 9.529214 0.37590113 1.9305651 -0.44121 1.279215
0.4740664 9.627379 0.6560313 -5.4544353 0.32879 0.9642149
0.6177229 9.557945 0.17238778 -4.474435 -1.35121 1.769215
0.45730647 9.545974 -0.2466103 4.275565 -5.0612097 0.929215
0.35435268 9.615408 0.17478207 9.140566 -6.5662103 -0.995785
0.42618093 9.759064 0.3998439 5.7455654 -3.5562098 -1.135785
0.70631105 9.945818 -0.4189981 4.1355653 0.11879001 1.104215
0.67757976 9.859624 -0.86912173 9.035565 -0.33621 2.6442149
0.3998439 9.838076 -0.4189981 9.420565 -0.93121 1.174215
0.12210801 9.833286 0.16759923 1.965565 -1.14121 -1.625785
0.14605077 9.766247 0.16520496 -3.8444352 -0.02121 -0.43578503
0.18914771 9.703996 0.04070267 -3.8444352 -0.02121 -0.43578503
0.22745611 9.864412 0.25858167 2.3505652 -4.1512103 2.434215
0.53871185 10.010463 0.2083019 3.330565 -2.2962098 4.7792153
0.99362403 10.024829 -0.34477556 6.480565 -0.68621 6.214215
0.93616146 9.890749 -0.5147691 7.3905654 -1.59621 2.819215
0.37829542 9.926663 -0.18435916 4.065565 -2.75121 -2.430785
0.105348095 9.883567 -0.026337024 0.705565 -1.49121 -3.0607848
0.36392978 9.816526 0.0071828244 -0.449435 -0.68621 -0.260785
0.6847626 9.80695 -0.105348095 0.635565 -1.77121 2.294215
