0.2681588 9.668081 0.87630457 -2.525005 -3.7025452 -9.063425
0.38787252 9.256267 1.5179702 -15.930006 1.9674551 -4.338425
0.5219519 9.270632 1.7143008 -16.105005 -0.307545 2.2065752
0.6153286 9.495694 1.664021 -7.775005 -0.447545 7.2465744
1.0008069 9.593859 0.9792584 3.354995 -0.797545 11.096575
1.0558752 9.63935 0.5219519 10.249995 -2.9325452 11.656575
1.0870007 9.675264 0.6296943 7.0999947 -3.422545 9.346575
1.0175668 9.778218 1.2665714 -2.1400049 -0.83254504 6.1965747
0.9792584 9.668081 1.3312168 -6.1300054 -1.8825451 3.8165753
0.90982443 9.644139 1.1085492 -2.595005 -6.677545 2.451575
0.888276 9.684841 0.9816527 0.659995 -9.127544 2.556575
0.8236305 9.57231 1.1420691 0.449995 -11.962545 2.3465748
0.73743665 9.507666 1.3671309 -1.055005 -17.912546 1.016575
0.5243462 9.500483 1.6328955 -2.805005 -21.027546 0.806575
0.42618093 9.514848 1.838803 -4.3450046 -21.552546 1.0515751
-0.023942748 9.596253 2.432583 -6.305005 -23.232546 1.2615751
-0.6392714 9.701602 3.677606 -9.490005 -25.787544 1.0515751
-1.0870007 10.000886 4.925023 -12.955005 -38.80755 0.001575
-1.2593886 10.23313 5.913859 -13.340005 -60.92754 -0.628425
-1.2857256 10.146936 7.84125 -15.1600065 -70.23755 -1.153425
-1.0462981 9.699207 10.118205 -23.980005 -63.727543 -1.3984251
-0.028731298 9.100638 9.945818 -24.260006 -60.297546 0.526575
0.5506832 9.416683 8.200391 0.624995 -57.567547 3.151575
-0.117319465 9.057542 6.876357 27.854996 -44.967545 -2.5884252
-0.6703969 8.954588 6.56989 31.984993 -22.532545 -12.458425
1.2067145 8.9498 5.66246 21.484995 -5.312545 -10.918426
1.6951466 9.213169 5.3727527 16.269995 0.39245498 -0.873425
2.0327394 8.945011 4.625739 13.224995 4.662455 0.421575
2.6001825 8.921068 3.8763309 8.394996 4.137455 -5.248425
2.9090438 8.978531 3.7254915 1.184995 1.4424549 -5.2834253
2.7175019 8.873182 3.519584 -10.820004 17.542456 -0.068425
2.7366562 8.868394 3.5483153 -21.495005 34.062458 0.38657498
3.1987512 8.909097 3.9457648 -27.725006 30.107456 1.226575
4.2665977 8.789383 3.7542229 -16.000006 28.497456 24.011576
4.4749 8.89952 3.275368 -8.720005 51.317455 25.936577
4.1373067 9.498088 2.7222905 0.729995 65.492455 23.416576
4.4677167 9.732727 2.19555 19.279995 53.382454 22.821575
5.5331693 9.498088 0.33759275 39.754997 40.712456 22.331575
4.925023 9.826104 -0.6153286 50.639996 41.097454 14.561576
4.2139235 10.096657 -1.5012103 46.789997 50.267452 6.231575
4.4294086 9.421472 -1.1947432 32.089993 65.10745 7.6315746
4.4485626 9.04557 -0.12210801 12.034996 74.382454 11.026575
4.0918155 10.125388 -0.035914123 9.0949955 68.117455 12.391575
4.8484063 10.410307 -1.8459859 24.074995 56.497456 16.031576
5.1716337 9.814133 -3.1484714 31.144993 56.77746 15.996574
4.460534 9.184438 -2.2841382 15.359996 63.462456 6.686575
2.832427 9.428655 0.25379312 -3.8200052 66.75246 -4.898425
1.9585168 10.292988 -0.11253092 -2.245005 57.197456 -12.738425
3.5938065 9.696813 -3.189174 21.274996 57.792458 -6.2984247
3.4190245 9.256267 -3.5842295 34.049995 58.667454 3.9915752
2.648068 8.724737 -2.0159793 23.024994 51.107452 -4.6534247
1.4269878 8.76544 0.076616794 13.189995 38.857456 -17.323423
0.28731298 10.194822 -1.2665714 24.039995 31.927452 -20.928425
1.4485363 9.229929 -4.149278 53.649994 27.622456 -12.2484255
1.525153 8.406299 -5.384724 65.795 37.422455 6.861575
0.72785956 8.935433 -3.7015488 45.354992 53.242455 11.796576
0.5794145 9.478934 -2.7079248 27.469995 36.092453 3.851575
0.27055305 9.457385 -4.0559015 34.189995 7.357455 -0.383425
0.5458947 8.923462 -4.8484063 45.949997 9.737455 2.3115752
0.038308397 9.059936 -4.1085753 36.604996 26.292456 8.366574
0.08858817 9.457385 -3.8930907 18.754995 36.127457 9.276575
0.26337022 10.034406 -4.1804037 10.494995 26.817455 8.646576
0.038308397 9.941029 -3.3256476 11.369995 -0.132545 3.2565749
-0.15083931 9.519637 -2.7486274 5.139995 -7.027545 -0.838425
0.2083019 9.553157 -2.3392065 -2.105005 7.742455 -0.698425
0.4932206 10.032011 -2.2003386 -3.2250051 14.882455 1.2615751
0.9960183 9.833286 -1.5610672 -3.2250051 16.282455 1.0515751
0.84996754 9.778218 -0.65842557 -4.4850054 16.877455 -0.628425
1.1372806 9.953 -1.1229149 -1.860005 11.137456 -5.003425
1.4102279 9.601042 -1.6185298 10.914996 2.3524551 -9.518425
0.7877164 9.325701 -0.9313729 19.454994 0.217455 -11.408424
0.57462597 9.253872 -0.8284191 15.044996 0.567455 -16.273424
0.5123748 9.44302 -1.5730386 18.964994 -2.302545 -12.808425
0.3998439 9.57231 -1.5490957 12.769996 1.582455 -6.2984247
0.45251793 9.816526 -1.0271438 0.51999503 5.327455 1.9965751
0.56265455 10.005674 -1.4533248 -3.190005 4.0674553 6.896575
0.6368771 10.08708 -1.6879637 -4.9400053 3.8574553 12.146575
0.9624985 9.792584 -0.94095 -17.120005 6.972455 21.456575
1.3216397 9.751882 -0.12689656 -28.880003 12.117455 29.506575
2.2027328 10.024829 -0.2370332 -27.375006 11.767455 32.516575
2.3751206 10.072714 -0.3519584 -19.220003 7.497455 27.336575
2.152453 9.976943 -0.014365649 -15.265005 6.7274556 18.446575
1.9824595 9.785401 0.52674043 -13.585006 5.9924555 10.571575
1.7837347 9.682447 0.5602603 -7.8800044 3.437455 3.9915752
1.5778271 9.581888 0.13886794 1.709995 0.497455 -2.098425
1.4820561 9.598648 -0.18914771 8.849995 -2.442545 -5.5984254
1.5347302 9.692024 -0.26337022 10.249995 -2.547545 -4.933425
1.7957062 9.692024 -0.44772938 8.639995 -0.447545 -1.853425
1.7238779 9.852441 -0.1987248 7.1699953 -0.517545 -1.328425
1.7526091 9.732727 -0.17478207 5.314995 -0.83254504 -3.2884252
1.7621863 9.577099 -0.016759925 4.2299953 1.722455 -3.2534251
1.7909175 9.636956 -0.0670397 4.474995 2.3874547 -3.323425
1.6520497 9.883567 -0.3232271 8.429995 -1.7075449 -5.2834253
1.611347 9.70639 -0.47885495 11.474996 -5.172545 -7.768425
1.4174107 9.486116 -0.3328042 9.339995 -3.7375453 -9.203424
1.3312168 9.428655 -0.44772938 7.0999947 0.182455 -9.308425
1.1300977 9.603436 -0.5602603 7.9749956 -1.357545 -9.028425
1.1731946 9.644139 -0.7541966 9.059995 -3.2475452 -8.188425
1.2881198 9.656111 -0.59378016 6.1899953 -0.132545 -4.058425
1.2737542 9.900327 -0.3615355 1.219995 2.7724552 0.771575
1.5203645 10.163696 -0.3304099 -0.81000507 3.402455 2.556575
1.6520497 10.26665 -0.39266106 1.009995 2.982455 2.556575
1.7526091 10.218765 -0.6703969 3.914995 3.087455 0.981575
1.7382435 10.022434 -0.9960183 6.154995 5.082455 -0.733425
1.498816 9.766247 -0.9577099 6.329995 6.272455 -3.078425
1.1708003 9.684841 -0.81644773 4.474995 4.627455 -6.7184253
1.0750294 9.699207 -0.9026416 3.249995 3.542455 -7.978425
1.1899546 9.522031 -1.0079896 1.8149949 2.8074548 -5.843425
1.1468576 9.435837 -0.67757976 -2.000005 4.277455 -1.468425
1.2067145 9.486116 -0.20351335 -8.4050045 7.672456 2.276575
1.3455825 9.464568 -0.15562786 -8.195004 4.9424553 5.636575
1.350371 9.577099 -0.13647367 -3.540005 4.0674553 4.2015753
1.5969813 9.694419 -0.56265455 0.869995 2.7374551 1.541575
1.5897985 9.627379 -0.87630457 3.5999951 0.602455 -1.363425
1.228263 9.538791 -0.5602603 0.694995 1.8274552 -3.638425
1.0247496 9.502876 -0.21787901 -2.805005 3.577455 -3.7434247
1.1109436 9.545974 -0.4070267 -1.0200051 2.7374551 -2.133425
1.0654523 9.62259 -0.69912827 2.234995 1.372455 -0.873425
1.010384 9.828498 -0.76137936 2.549995 1.0574551 -0.033425
1.1731946 9.885961 -0.7398309 0.48499504 1.4424549 1.891575
1.4078336 9.8237095 -0.91700727 -1.860005 2.422455 3.8165753
1.3791022 9.742304 -0.71828246 -4.765005 3.682455 4.5165753
1.4102279 9.754275 -0.35674694 -8.020004 4.417455 4.0965753
1.5538844 9.60583 -0.19393626 -7.4250054 2.4574552 3.851575
1.3982565 9.545974 -0.052674048 -3.540005 0.077455 2.381575
1.3647367 9.629773 -0.18196489 0.659995 -0.202545 -0.173425
1.4389591 9.577099 -0.45251793 4.2299953 0.077455 -1.048425
1.359948 9.5483675 -0.48843205 4.929995 1.2674551 -0.873425
1.2905141 9.632168 -0.41420954 2.864995 3.297455 -0.59342504
