0.099999994 10.01 3.3899999 -4.0107045 -6.8754935 -5.15662
0.17 10.19 3.34 -4.0107045 -10.886198 -1.7188734
0.96999997 9.95 2.69 -2.291831 -9.740283 6.8754935
0.89 10.08 2.96 -6.8754935 -1.7188734 5.15662
0.78 9.8 3.58 -11.459155 5.7295775 2.8647888
0.79999995 9.8 4.04 -12.605071 8.594366 2.8647888
1.06 9.71 3.8999999 -12.032113 11.459155 2.8647888
1.2099999 9.54 3.78 -3.4377468 21.199438 1.7188734
1.22 9.469999 3.78 -1.1459155 23.49127 0.57295775
0.91999996 9.599999 3.33 1.7188734 29.220846 -0.57295775
0.88 9.58 3.3 2.8647888 31.51268 0.0
1.1899999 9.44 3.4099998 2.8647888 34.950428 2.291831
1.31 9.55 3.21 6.8754935 38.961132 2.8647888
1.25 9.69 2.99 11.459155 44.11775 1.7188734
1.49 9.53 2.87 10.886198 48.701412 4.0107045
1.09 9.42 2.9199998 10.886198 55.00395 4.0107045
1.09 9.42 2.9199998 10.886198 55.00395 4.0107045
1.38 9.63 2.27 14.323945 59.58761 6.8754935
1.79 9.62 2.26 10.886198 61.30648 8.594366
1.53 9.42 2.87 5.15662 65.890144 6.3025355
1.3199999 9.5 2.8899999 8.594366 72.76564 6.8754935
1.51 9.57 2.73 10.886198 75.057465 9.167324
1.87 9.55 2.61 12.605071 76.77634 11.459155
2.33 9.58 2.33 13.750987 76.203384 11.459155
2.44 9.58 2.07 14.323945 75.630424 9.740283
2.22 9.79 1.5999999 11.459155 83.07887 2.8647888
2.1299999 9.809999 1.48 11.459155 83.07887 2.8647888
1.91 9.76 1.17 8.594366 87.089584 2.8647888
2.12 9.71 0.62 8.594366 84.22479 5.15662
2.02 9.65 0.61 6.8754935 82.50592 6.8754935
1.7199999 9.9 1.35 1.1459155 84.22479 7.448451
2.04 9.84 1.5699999 0.0 84.22479 9.167324
2.79 9.8 1.18 5.15662 79.641136 13.750987
2.53 9.87 0.95 11.459155 81.36001 10.31324
2.09 9.98 0.48999998 14.323945 81.36001 7.448451
2.21 9.91 0.52 11.459155 81.93296 8.021409
2.21 9.91 0.52 9.167324 79.06818 6.8754935
1.54 9.849999 0.37 6.3025355 79.06818 4.0107045
1.61 9.86 0.77 2.8647888 76.77634 6.3025355
1.61 9.86 0.77 2.8647888 76.77634 6.3025355
1.8499999 9.809999 0.7 2.8647888 75.630424 8.021409
1.73 9.84 0.48999998 8.021409 76.77634 7.448451
1.8399999 9.87 0.57 10.31324 73.91155 7.448451
1.93 9.75 0.56 12.032113 71.04677 8.021409
1.86 9.969999 0.31 13.178029 72.76564 7.448451
1.8 10.08 0.58 11.459155 74.48451 7.448451
1.92 10.0 0.94 5.7295775 73.91155 8.594366
2.4199998 9.65 1.2099999 5.15662 70.47381 10.31324
2.4299998 9.57 0.97999996 10.31324 69.32789 9.167324
2.25 9.65 0.79999995 14.896902 70.47381 6.3025355
2.09 9.7699995 0.66999996 16.615776 70.47381 5.7295775
2.07 9.889999 -0.07 20.62648 71.04677 6.8754935
2.03 9.98 -0.35999998 13.178029 69.900856 9.740283
1.75 9.969999 0.32 5.15662 68.75493 8.594366
1.9499999 9.83 0.65 4.583662 68.18198 9.167324
1.9699999 9.88 0.5 6.8754935 67.60902 9.167324
1.81 10.2 0.14 9.740283 68.75493 8.021409
1.76 10.099999 0.26 5.7295775 69.32789 6.8754935
1.86 9.42 0.45 3.4377468 69.32789 8.021409
1.8 9.38 0.42 3.4377468 69.900856 8.594366
1.53 9.65 0.47 4.583662 71.04677 6.8754935
1.5 9.71 0.56 3.4377468 69.900856 6.3025355
1.17 9.75 0.65 4.583662 69.32789 6.8754935
1.41 9.84 0.42999998 6.3025355 69.900856 10.31324
1.86 9.87 0.32999998 6.8754935 70.47381 14.323945
1.7099999 9.98 0.34 5.15662 71.04677 12.605071
1.4399999 9.98 0.51 4.0107045 73.33859 9.740283
1.53 9.87 0.77 2.291831 73.91155 10.31324
1.75 9.73 0.64 4.0107045 72.76564 10.886198
1.5699999 9.679999 0.35 6.8754935 72.76564 9.740283
1.4699999 9.78 0.56 3.4377468 75.057465 8.594366
1.65 9.82 0.59999996 2.8647888 76.203384 10.31324
1.64 9.91 0.52 5.15662 74.48451 10.886198
1.81 9.84 0.44 8.021409 73.91155 9.740283
1.66 9.88 0.12 11.459155 73.91155 8.021409
1.68 9.849999 -0.17999999 11.459155 74.48451 8.021409
1.79 9.92 -0.14999999 9.740283 75.057465 8.594366
1.81 9.92 0.0 8.021409 75.057465 8.594366
1.9 9.76 -0.14 8.021409 73.91155 8.594366
1.77 9.84 0.04 8.021409 72.76564 8.021409
2.02 9.87 -0.26 10.31324 72.76564 7.448451
1.93 10.0199995 -0.64 14.896902 69.900856 7.448451
1.81 9.76 -0.74 13.178029 68.75493 5.7295775
1.61 9.929999 -0.59999996 6.8754935 68.18198 8.021409
1.92 9.849999 -0.52 5.15662 67.03606 9.167324
1.86 9.88 -0.38 5.7295775 65.890144 8.594366
1.9599999 10.19 -0.39 8.594366 63.598316 8.021409
2.06 10.21 -0.57 10.31324 62.4524 8.021409
2.05 10.17 -0.82 12.032113 60.733524 5.15662
1.4699999 10.01 -1.13 12.032113 57.29578 3.4377468
1.42 9.99 -1.09 10.31324 57.29578 5.15662
1.73 9.9 -0.68 7.448451 56.72282 6.8754935
1.8399999 9.87 -0.71 8.594366 52.712116 6.8754935
1.74 9.9 -1.02 11.459155 49.27437 5.15662
1.65 9.8 -1.65 9.740283 46.98254 4.0107045
1.3299999 9.679999 -1.23 0.0 46.98254 2.8647888
1.18 9.599999 -0.89 0.0 46.98254 2.8647888
1.06 9.66 -0.7 0.0 44.69071 6.3025355
1.75 10.0 -1.01 6.8754935 40.680004 13.178029
1.89 10.099999 -1.17 8.594366 38.961132 13.178029
1.13 9.94 -1.26 7.448451 34.950428 4.583662
1.22 9.679999 -1.15 3.4377468 33.231552 5.7295775
1.25 9.599999 -0.53999996 0.0 30.366762 7.448451
1.3 9.639999 -0.26 0.57295775 29.793804 8.021409
1.67 10.0 -1.11 10.31324 27.501974 7.448451
1.4499999 10.13 -1.4599999 8.021409 25.210142 5.15662
1.3399999 10.12 -1.06 0.57295775 22.345354 4.0107045
1.49 9.92 -0.42 0.0 21.772396 4.583662
1.43 9.94 -0.59999996 6.8754935 21.199438 4.0107045
1.31 10.09 -0.74 8.021409 20.62648 4.0107045
1.81 10.16 -1.11 9.167324 17.188732 5.15662
1.55 10.15 -1.2099999 8.021409 16.042818 1.1459155
1.01 10.2 -1.13 4.583662 14.896902 0.0
1.51 10.05 -0.38 -1.7188734 15.469859 2.8647888
1.63 9.969999 -0.22999999 -1.1459155 12.605071 3.4377468
1.04 10.07 -0.7 5.15662 12.032113 -0.57295775
1.12 10.099999 -1.05 7.448451 12.032113 0.0
1.5999999 10.0 -1.06 4.0107045 10.886198 3.4377468
1.39 10.11 -0.5 -1.1459155 10.31324 4.0107045
1.61 10.12 -0.07 -1.1459155 8.594366 4.583662
1.68 10.03 -0.22 0.57295775 7.448451 4.0107045
1.4699999 9.82 -0.29 2.291831 6.3025355 1.1459155
1.0699999 9.75 -0.14 2.291831 7.448451 0.0
0.94 10.01 -0.29999998 2.291831 6.8754935 1.1459155
1.74 10.0 -0.74 2.291831 4.0107045 5.15662
1.93 9.99 -0.58 -1.1459155 3.4377468 4.0107045
1.0799999 10.01 0.04 -6.3025355 2.291831 -1.1459155
0.96999997 9.95 0.61 -6.3025355 1.7188734 -2.291831
1.41 9.969999 0.12 0.0 2.8647888 2.291831
1.3399999 10.099999 -0.19999999 3.4377468 3.4377468 2.8647888
1.42 10.09 -0.48 6.8754935 4.0107045 2.291831
1.54 10.03 -0.45999998 2.8647888 1.1459155 1.7188734
1.23 9.91 -0.14999999 -0.57295775 0.0 0.0
1.03 9.99 0.24 -2.291831 0.0 -1.1459155
1.55 10.059999 0.32 -2.291831 1.7188734 1.1459155
1.64 10.01 -0.24 2.291831 1.1459155 2.291831
1.36 10.139999 -0.39999998 4.0107045 0.57295775 -0.57295775
1.1899999 10.04 -0.34 0.57295775 -1.7188734 -1.1459155
1.31 9.83 0.17 -2.291831 -1.1459155 0.57295775
1.56 9.61 0.35999998 -1.7188734 0.57295775 2.291831
1.41 9.65 -0.06 1.1459155 1.7188734 0.57295775
0.90999997 9.76 -0.26 0.57295775 1.7188734 0.57295775
1.05 9.96 -0.08 0.0 0.0 2.291831
1.7199999 10.0199995 -0.089999996 -1.1459155 -2.8647888 4.583662
1.54 10.03 -0.089999996 -1.1459155 -2.291831 2.8647888
1.25 9.98 0.38 -6.3025355 0.0 0.0
1.36 9.92 0.52 -6.8754935 0.57295775 0.57295775
1.42 9.87 0.58 -3.4377468 0.0 1.7188734
1.41 9.94 0.16 1.7188734 -1.1459155 0.0
1.43 9.96 -0.26 4.0107045 -2.291831 0.0
1.3 10.099999 -0.14 -0.57295775 -1.7188734 -0.57295775
1.4699999 9.95 0.42 -4.0107045 -0.57295775 0.57295775
1.63 9.849999 0.65 -3.4377468 -1.1459155 0.0
1.31 9.809999 0.07 4.583662 -1.1459155 -2.291831
1.4599999 9.88 -0.42999998 1.7188734 -0.57295775 0.0
1.63 9.88 -0.29 -1.1459155 -0.57295775 1.1459155
1.49 9.889999 0.44 -6.3025355 -1.1459155 0.0
1.14 9.7699995 0.62 -5.7295775 -1.1459155 -1.1459155
1.1 9.91 0.39 -0.57295775 0.0 0.0
1.81 9.8 0.03 2.291831 0.0 2.8647888
1.73 9.83 -0.02 2.8647888 -0.57295775 3.4377468
1.03 10.03 -0.089999996 1.1459155 -1.1459155 -0.57295775
1.49 9.94 0.099999994 -0.57295775 -0.57295775 0.0
1.8199999 9.92 0.55 -4.0107045 -0.57295775 3.4377468
1.5699999 9.98 0.45999998 -2.291831 0.0 1.7188734
1.4 9.969999 0.0 1.7188734 0.57295775 -0.57295775
1.67 9.889999 -0.099999994 0.57295775 1.1459155 0.0
1.43 10.01 0.14 -0.57295775 1.7188734 0.0
1.43 9.96 0.08 -1.1459155 -0.57295775 0.0
1.4599999 9.9 0.14999999 -1.7188734 0.0 0.0
1.4599999 9.95 0.5 -1.7188734 1.1459155 0.0
1.52 9.91 0.41 0.0 1.7188734 0.0
1.4499999 10.07 -0.16 3.4377468 0.0 -0.57295775
1.5699999 10.0199995 -0.48 4.0107045 0.0 0.0
1.56 9.849999 -0.06 -2.291831 -0.57295775 0.0
1.36 9.79 0.45 -4.0107045 -0.57295775 -1.1459155
1.49 9.87 0.17999999 -0.57295775 0.0 -0.57295775
1.4599999 9.83 -0.25 1.7188734 0.57295775 0.0
