2.22 9.599999 2.61 0.0 1.7188734 -13.178029
2.52 10.01 2.6699998 20.62648 0.0 -14.896902
1.02 9.95 0.59999996 34.377464 -1.7188734 -21.772396
-0.22999999 9.71 0.94 20.62648 -27.501974 -19.480566
-0.68 9.36 2.31 0.0 -29.220846 -2.291831
-0.07 10.24 2.99 -11.459155 -3.4377468 9.740283
1.6899999 10.809999 3.75 -33.231552 17.188732 2.8647888
2.8 10.94 5.7 -42.971836 27.501974 -14.323945
1.63 10.96 7.79 -27.501974 26.929016 -24.064226
0.7 10.88 8.429999 -10.886198 28.07493 -25.7831
0.38 10.11 9.099999 -8.021409 52.139156 -23.49127
0.97999996 9.82 9.49 4.0107045 67.60902 -17.188732
1.53 9.76 8.63 25.7831 75.630424 -16.615776
1.56 9.92 7.33 32.085636 89.95437 -20.053522
2.36 9.69 7.04 19.480566 101.41353 -24.637184
2.37 8.929999 7.6299996 6.3025355 113.44564 -32.658592
1.73 8.72 7.96 12.032113 128.9155 -28.07493
2.1699998 8.26 7.46 18.907606 138.08282 -22.91831
2.7 8.17 6.6099997 20.62648 145.53128 -19.480566
3.59 8.33 5.5499997 13.178029 156.99043 -20.62648
3.98 8.23 4.96 0.0 164.43887 -24.064226
3.9399998 7.97 5.0899997 -1.7188734 171.88734 -15.469859
4.7 8.04 4.2599998 3.4377468 183.91945 -9.167324
4.92 8.8 2.98 10.31324 194.23268 -5.7295775
5.23 10.24 1.51 19.480566 194.80565 1.7188734
6.12 11.45 0.56 26.356058 183.91945 2.8647888
6.5899997 11.44 -0.77 30.366762 181.05466 -7.448451
5.7999997 11.28 -2.02 15.469859 184.49242 -16.615776
4.91 10.809999 -2.53 0.0 177.61691 -19.480566
4.29 9.82 -2.3 -7.448451 161.5741 -22.345354
3.3899999 9.2699995 -1.63 -1.1459155 146.67719 -20.053522
2.81 8.7699995 -1.53 10.31324 135.79099 -12.605071
3.0 8.67 -2.85 13.750987 122.61296 -6.3025355
2.75 8.559999 -2.83 0.0 112.87268 -8.594366
2.1 8.28 -2.3999999 -13.750987 107.143105 -9.740283
1.6999999 8.25 -1.62 -24.637184 104.85127 -5.15662
2.11 8.2699995 -1.06 -29.793804 97.402824 1.7188734
2.2 8.03 -0.62 -28.64789 95.11099 3.4377468
1.93 8.17 0.0 -13.750987 87.662544 9.740283
2.25 8.72 0.35 6.3025355 81.93296 13.178029
2.6 8.9 -0.75 21.772396 88.2355 8.021409
2.27 8.97 -1.9499999 18.334648 87.662544 4.0107045
1.62 8.9 -2.1699998 8.021409 86.516624 6.8754935
1.12 9.469999 -1.93 11.459155 80.78705 14.323945
2.1299999 10.05 -2.76 16.042818 71.61973 10.31324
1.5899999 9.96 -3.24 16.615776 65.890144 3.4377468
0.83 9.83 -3.3899999 12.032113 57.29578 0.0
0.44 9.76 -3.35 6.3025355 51.5662 1.7188734
0.37 9.87 -3.03 -1.7188734 50.420284 7.448451
0.78 10.0199995 -2.5 -13.750987 38.38817 10.886198
1.23 10.13 -2.02 -11.459155 35.523384 5.15662
0.87 9.99 -1.81 -8.021409 34.950428 0.0
0.089999996 9.91 -1.25 -1.7188734 26.929016 1.7188734
0.099999994 9.849999 -0.85999995 9.740283 19.480566 5.7295775
0.63 9.9 -2.1499999 10.31324 18.907606 2.8647888
0.04 10.0199995 -1.66 -1.7188734 14.323945 1.7188734
0.11 9.95 -0.9 -7.448451 8.021409 2.291831
0.34 10.0 -0.75 -2.8647888 7.448451 2.8647888
0.32 9.92 -0.77 0.0 6.8754935 0.57295775
0.35 9.76 -0.64 -2.8647888 3.4377468 -2.291831
-0.08 9.11 -0.76 -6.3025355 6.3025355 -4.583662
-1.17 9.15 -0.26 -4.0107045 2.291831 0.57295775
-0.7 9.16 -0.03 0.57295775 -3.4377468 5.7295775
-0.11 9.28 0.22 3.4377468 -2.291831 5.15662
-0.29999998 9.5199995 0.31 5.15662 -3.4377468 8.594366
0.38 10.32 0.25 14.323945 -12.605071 10.31324
0.78999996 10.34 -0.13 16.042818 -12.605071 5.7295775
0.55 10.16 -0.34 6.3025355 -10.886198 0.0
-0.21 9.86 0.14999999 -8.594366 -6.8754935 -3.4377468
-0.62 9.7 1.1999999 -15.469859 -5.15662 -1.1459155
-0.53999996 9.67 1.5899999 -9.167324 -4.583662 2.8647888
0.02 9.65 1.29 7.448451 -6.3025355 4.583662
-0.07 9.7699995 0.91999996 14.896902 -6.3025355 3.4377468
-0.07 9.7699995 0.37 12.605071 -6.8754935 2.8647888
-0.22999999 9.74 0.22 4.583662 -3.4377468 2.8647888
-0.25 9.92 0.44 0.0 -4.583662 2.291831
-0.03 9.79 0.31 0.0 -2.8647888 0.0
-0.7 9.66 0.5 -2.8647888 -2.8647888 -1.7188734
-0.59 9.62 1.03 -2.291831 -6.8754935 0.57295775
-0.089999996 9.51 1.06 0.57295775 -4.583662 2.8647888
0.04 9.54 0.94 3.4377468 -1.1459155 1.7188734
-0.13 9.63 0.78 5.7295775 -0.57295775 0.0
-0.21 9.66 0.47 5.7295775 -1.1459155 0.0
-0.37 9.58 0.29 1.1459155 -0.57295775 1.1459155
-0.39999998 9.79 0.63 0.57295775 -1.1459155 3.4377468
-0.04 9.8 0.64 3.4377468 0.57295775 4.0107045
0.17999999 9.84 0.38 4.0107045 2.8647888 2.291831
-0.21 9.98 0.57 1.1459155 1.1459155 -1.1459155
-0.17 9.91 0.58 3.4377468 0.57295775 -0.57295775
0.049999997 9.78 0.14 4.583662 0.57295775 0.0
0.0 9.57 0.0 0.57295775 1.1459155 -2.291831
-0.28 9.53 0.42999998 -2.8647888 0.0 -2.291831
-0.39999998 9.5 0.84999996 1.7188734 -0.57295775 0.0
-0.19 9.53 0.66999996 5.15662 1.7188734 1.7188734
0.049999997 9.51 0.08 1.1459155 2.8647888 0.57295775
0.13 9.37 -0.13 -6.8754935 2.8647888 -0.57295775
-0.13 9.3 0.34 -10.886198 1.7188734 -1.7188734
-0.32 9.16 0.75 -8.021409 3.4377468 0.0
-0.45 9.08 0.85999995 -1.1459155 4.583662 3.4377468
-0.19999999 9.26 0.83 4.583662 2.8647888 5.7295775
-0.31 9.46 0.39999998 9.740283 3.4377468 5.7295775
-0.42 9.74 0.16 9.740283 2.8647888 6.3025355
-0.31 9.84 0.089999996 8.594366 0.0 6.8754935
0.03 9.82 -0.04 7.448451 0.0 7.448451
-0.19999999 9.849999 -0.19999999 3.4377468 0.0 6.8754935
-0.34 10.03 -0.04 0.0 -2.291831 8.594366
0.24 10.26 0.22999999 0.57295775 -4.0107045 7.448451
0.63 10.25 0.14 1.1459155 -4.0107045 2.8647888
0.06 10.099999 0.14 -1.7188734 -4.0107045 0.0
0.11 9.88 0.71999997 -2.8647888 -4.583662 2.291831
0.35999998 9.95 0.55 -1.7188734 0.0 1.1459155
0.53999996 9.91 0.03 -3.4377468 3.4377468 -1.1459155
0.39 9.849999 0.21 -10.31324 6.8754935 -5.15662
