0.32999998 9.66 1.4499999 1.7188734 -8.021409 1.7188734
0.25 9.849999 2.1699998 -4.583662 -8.021409 2.8647888
0.59999996 9.74 2.62 -10.886198 -6.3025355 5.7295775
0.75 9.51 3.08 -11.459155 -2.8647888 6.8754935
0.75 9.5 3.27 -10.886198 1.7188734 6.3025355
1.14 9.76 2.9299998 -5.15662 9.167324 6.3025355
1.17 9.8 2.6399999 2.291831 14.323945 5.15662
1.09 9.75 2.55 2.291831 21.772396 1.1459155
1.0 9.66 2.78 1.7188734 25.7831 1.1459155
0.95 9.67 2.73 2.291831 27.501974 1.1459155
1.05 9.58 2.4199998 3.4377468 31.51268 1.1459155
1.25 9.44 2.33 3.4377468 36.669296 2.291831
1.37 9.48 2.34 0.57295775 37.242256 4.0107045
1.35 9.67 2.3899999 0.0 44.11775 4.583662
0.93 9.74 2.47 0.57295775 48.701412 5.15662
1.3399999 9.62 2.4099998 1.7188734 50.993244 9.167324
1.55 9.679999 2.79 0.57295775 52.139156 9.167324
1.53 9.73 2.6 3.4377468 54.43099 7.448451
1.3199999 9.78 2.58 5.15662 59.58761 6.8754935
1.7199999 9.86 2.44 5.7295775 60.733524 7.448451
1.7099999 10.01 2.1699998 8.594366 64.74423 7.448451
1.67 9.88 2.06 10.886198 67.03606 8.021409
1.89 9.62 2.05 10.886198 67.60902 8.594366
2.1 9.54 1.92 8.021409 71.04677 8.021409
1.55 9.679999 1.76 8.021409 73.33859 4.583662
1.6999999 9.639999 1.66 9.167324 75.630424 6.3025355
2.05 9.57 1.5999999 9.167324 75.057465 8.594366
2.31 9.429999 1.4599999 8.594366 75.630424 9.167324
1.79 9.57 1.4399999 6.8754935 78.49522 6.8754935
1.54 9.76 1.5899999 7.448451 79.641136 6.8754935
2.02 9.67 1.23 10.886198 77.349304 11.459155
1.99 9.87 0.94 14.323945 77.922264 10.31324
1.92 10.16 0.78999996 13.750987 78.49522 10.31324
2.11 10.07 0.84 12.605071 78.49522 11.459155
2.22 10.0199995 0.96 10.886198 77.922264 12.032113
1.93 10.099999 0.90999997 13.178029 79.641136 10.886198
2.05 9.94 0.78 13.178029 80.78705 10.886198
2.24 9.849999 0.59 13.178029 80.78705 10.886198
2.35 9.7 0.48999998 12.605071 82.50592 12.032113
2.23 9.82 0.98999995 6.3025355 81.93296 9.740283
2.37 9.73 0.94 5.7295775 80.21409 8.021409
2.27 9.429999 0.79999995 8.021409 79.06818 6.8754935
2.22 9.46 0.84 7.448451 81.36001 5.7295775
2.18 9.67 0.68 9.167324 81.36001 8.021409
2.1599998 10.16 0.24 13.178029 79.06818 7.448451
2.18 10.32 0.29999998 12.032113 79.641136 8.594366
2.46 10.2 0.78 6.3025355 81.36001 9.740283
2.85 10.16 0.96 6.3025355 79.641136 9.740283
2.56 10.03 0.29 14.323945 80.21409 4.583662
1.9 10.05 -0.12 17.761692 81.36001 0.57295775
2.32 9.69 0.049999997 12.032113 83.07887 6.3025355
2.28 9.59 0.07 10.31324 83.65183 7.448451
2.25 9.5199995 0.0 10.31324 83.65183 7.448451
2.1599998 9.5199995 -0.42 11.459155 83.65183 8.021409
1.99 9.84 0.089999996 8.021409 81.36001 9.167324
2.26 9.849999 0.19 6.3025355 81.36001 10.886198
2.26 9.849999 0.19 6.3025355 81.36001 10.886198
2.34 9.7699995 0.01 8.021409 80.78705 10.31324
2.34 9.7699995 0.01 8.594366 80.78705 9.740283
2.51 9.63 -0.22999999 9.167324 80.21409 7.448451
1.8299999 9.73 -0.099999994 8.021409 79.06818 4.0107045
1.86 9.929999 0.12 3.4377468 79.641136 8.594366
2.1699998 10.0199995 0.31 4.0107045 78.49522 10.886198
2.6599998 10.03 -0.16 10.886198 76.77634 13.178029
2.74 9.99 -0.53999996 13.178029 76.203384 11.459155
2.29 10.099999 -0.45 6.3025355 80.21409 4.583662
2.54 10.05 -0.55 5.7295775 77.349304 6.3025355
2.22 10.23 -0.59 6.3025355 73.91155 5.7295775
2.1399999 10.3 -0.45999998 5.15662 72.19268 4.0107045
2.1399999 10.3 -0.45999998 5.15662 72.19268 4.0107045
2.18 9.96 -0.47 4.583662 72.19268 4.583662
2.18 9.96 -0.47 4.583662 72.19268 4.583662
1.8399999 9.929999 -0.58 7.448451 68.18198 5.15662
2.2 9.84 -0.51 5.7295775 66.463104 6.3025355
2.12 9.79 -0.35 5.15662 66.463104 5.7295775
1.78 9.69 -0.22 5.7295775 65.890144 4.0107045
2.03 9.849999 -0.53999996 10.31324 65.890144 5.7295775
2.19 9.92 -0.9 11.459155 63.598316 7.448451
2.19 9.92 -0.9 11.459155 63.598316 7.448451
1.68 9.76 -0.41 7.448451 57.868736 4.0107045
2.02 9.7 -0.66999996 10.31324 57.29578 5.7295775
2.02 9.7 -0.66999996 10.31324 57.29578 5.7295775
1.51 9.88 -1.02 10.31324 58.441692 3.4377468
1.4699999 9.91 -1.0799999 11.459155 57.29578 2.291831
1.88 9.91 -1.24 11.459155 51.5662 4.0107045
1.81 9.9 -1.56 9.167324 47.555496 0.0
1.81 9.9 -1.56 9.167324 47.555496 0.0
1.04 10.23 -1.2099999 5.7295775 45.83662 -1.1459155
1.8 10.08 -1.17 6.3025355 41.825916 4.0107045
1.8 10.08 -1.17 6.3025355 41.825916 4.0107045
1.4399999 10.13 -1.51 9.167324 37.242256 1.7188734
1.11 10.17 -1.26 6.3025355 33.231552 -0.57295775
1.23 10.099999 -1.1899999 4.583662 32.085636 0.0
1.37 9.969999 -0.84999996 2.8647888 29.793804 1.7188734
1.27 10.03 -0.78 4.0107045 28.64789 1.7188734
1.5799999 9.84 -1.1999999 6.8754935 25.210142 2.291831
1.13 9.86 -1.13 4.0107045 22.345354 0.0
0.96999997 9.71 -1.0 2.291831 21.772396 -0.57295775
0.89 9.84 -0.65999997 1.1459155 19.480566 0.0
1.41 9.9 -0.88 2.291831 17.761692 2.8647888
1.36 9.96 -0.85999995 0.57295775 13.178029 2.8647888
1.36 9.96 -0.85999995 0.57295775 13.178029 2.8647888
0.71 9.99 -0.55 -0.57295775 13.178029 0.0
1.3199999 9.92 -0.24 0.0 9.740283 4.0107045
1.3199999 9.92 -0.24 0.0 9.740283 4.0107045
0.96999997 10.11 -0.26999998 2.291831 8.021409 1.1459155
1.3 10.21 -0.74 4.0107045 8.021409 2.8647888
1.4699999 10.21 -0.65999997 2.291831 8.021409 2.8647888
1.25 10.05 -0.35999998 -1.1459155 7.448451 0.0
0.69 9.86 -0.08 -1.7188734 4.583662 -2.291831
0.69 9.86 -0.08 -1.7188734 4.583662 -2.291831
1.54 10.16 -0.14999999 2.8647888 2.8647888 2.8647888
1.4699999 10.19 -0.22999999 3.4377468 2.8647888 1.1459155
0.84999996 10.29 -0.47 2.291831 3.4377468 -3.4377468
0.81 9.969999 -0.29999998 -1.1459155 2.8647888 -0.57295775
0.9 9.87 0.0 -2.291831 1.7188734 0.0
0.87 9.8 0.32 -2.291831 0.0 0.0
0.90999997 9.88 -0.04 1.1459155 -0.57295775 0.0
1.04 9.7699995 -0.099999994 2.291831 1.1459155 0.0
0.53999996 9.84 -0.089999996 1.7188734 1.1459155 -1.1459155
0.75 9.8 -0.12 2.291831 0.0 0.57295775
1.05 9.76 0.14999999 0.57295775 0.0 3.4377468
1.11 9.849999 0.13 1.1459155 -1.1459155 2.8647888
0.95 9.98 -0.26999998 5.15662 -0.57295775 0.57295775
0.62 10.13 -0.25 4.0107045 0.0 -1.1459155
0.74 10.17 -0.14999999 2.291831 0.0 -0.57295775
1.22 10.0199995 -0.21 0.57295775 0.0 0.0
1.0 10.09 -0.19999999 1.1459155 -1.1459155 -1.1459155
0.66999996 9.95 0.07 0.0 0.0 -3.4377468
0.61 9.98 -0.07 1.1459155 1.1459155 -1.1459155
0.61 9.98 -0.07 1.1459155 1.1459155 -1.1459155
1.0799999 9.98 -0.53999996 3.4377468 0.57295775 1.7188734
1.0799999 9.98 -0.53999996 3.4377468 0.57295775 1.7188734
0.85999995 10.0199995 -0.42 0.0 0.0 0.57295775
1.01 9.91 -0.12 -2.8647888 0.0 1.7188734
1.0799999 9.84 0.049999997 -3.4377468 1.1459155 1.7188734
1.06 10.08 -0.39 1.1459155 1.7188734 0.57295775
1.06 10.08 -0.39 1.1459155 1.7188734 0.57295775
1.27 9.94 -0.44 -0.57295775 0.0 0.57295775
0.66999996 9.95 0.25 -3.4377468 -1.7188734 -1.7188734
0.91999996 9.95 0.14 -1.7188734 0.57295775 0.0
0.91999996 9.95 0.14 -1.7188734 0.57295775 0.0
0.96 10.01 -0.39999998 2.8647888 1.7188734 1.1459155
0.96999997 10.059999 -0.5 3.4377468 0.57295775 0.57295775
1.03 10.0199995 -0.35999998 1.1459155 -0.57295775 0.57295775
1.15 9.95 -0.049999997 -3.4377468 0.57295775 1.1459155
0.81 9.94 0.26 -2.291831 0.57295775 0.0
0.9 9.929999 0.16 -0.57295775 0.0 -0.57295775
1.11 9.82 -0.31 2.8647888 0.0 0.0
1.0 9.82 -0.66999996 2.8647888 1.1459155 0.0
0.81 9.84 -0.26999998 -1.7188734 1.1459155 0.0
0.76 9.9 0.14999999 -5.7295775 0.0 0.57295775
1.0699999 9.87 0.17 -4.583662 0.0 2.291831
