0.11 9.889999 2.74 7.448451 -7.448451 -5.15662
0.71999997 9.349999 3.0 -1.1459155 -14.323945 0.0
1.24 9.63 3.3 -3.4377468 -13.750987 4.0107045
1.4499999 9.55 3.1799998 1.1459155 -9.167324 1.1459155
0.78999996 9.75 2.8799999 4.583662 -5.15662 -0.57295775
0.84 9.889999 3.32 8.594366 10.31324 1.1459155
1.18 9.86 3.28 8.594366 10.31324 1.1459155
1.61 9.79 2.8899999 9.740283 14.896902 4.583662
1.09 9.79 2.95 9.740283 25.7831 0.0
0.96 9.94 3.1399999 8.021409 30.366762 0.0
1.42 9.78 3.02 8.021409 34.950428 2.291831
1.64 9.65 2.75 8.594366 38.38817 4.583662
1.4399999 9.639999 2.52 8.021409 45.83662 2.8647888
1.31 9.559999 3.09 2.8647888 52.712116 2.291831
1.53 9.559999 3.1899998 2.291831 55.00395 4.583662
2.09 9.48 2.85 9.740283 53.858032 8.021409
2.02 9.57 2.57 14.896902 55.576904 6.8754935
1.87 9.66 2.3999999 17.188732 63.598316 5.15662
2.29 9.71 2.12 18.907606 68.75493 7.448451
2.4199998 9.8 1.9499999 18.907606 71.04677 7.448451
2.3 9.94 1.17 17.188732 73.33859 2.8647888
2.08 9.86 1.13 13.178029 75.057465 1.7188734
1.9 9.809999 1.4599999 6.8754935 75.630424 3.4377468
2.34 9.809999 1.5799999 5.15662 75.630424 5.15662
2.27 9.69 1.43 4.0107045 77.922264 7.448451
2.0 9.59 0.98999995 4.0107045 83.07887 7.448451
2.58 9.41 1.42 1.1459155 84.22479 11.459155
2.84 9.55 2.1399999 -0.57295775 83.65183 12.032113
2.76 9.71 1.43 6.8754935 84.22479 9.167324
2.79 9.8 0.74 17.188732 81.36001 6.8754935
2.85 9.86 0.64 17.761692 80.78705 6.3025355
2.7 10.0199995 0.16 17.188732 79.641136 4.583662
2.58 10.12 -0.14999999 17.188732 77.349304 3.4377468
2.85 10.059999 0.0 12.032113 76.77634 4.0107045
2.58 9.889999 0.32 7.448451 77.922264 3.4377468
2.51 10.13 0.26 11.459155 76.77634 3.4377468
2.6299999 10.04 0.28 12.032113 73.91155 4.583662
2.3999999 10.15 0.42999998 12.605071 75.057465 4.0107045
2.57 10.099999 -0.07 14.323945 76.77634 5.15662
2.57 9.79 -0.11 14.323945 75.057465 5.7295775
2.18 9.79 0.5 6.8754935 75.630424 1.1459155
2.12 9.67 0.96 5.7295775 74.48451 0.57295775
2.34 9.71 0.68 9.167324 73.33859 2.291831
2.45 9.79 0.19999999 16.042818 71.04677 3.4377468
2.08 9.69 0.28 14.896902 71.61973 1.7188734
2.06 9.62 0.76 10.31324 74.48451 2.291831
2.24 9.51 0.58 10.886198 73.33859 4.583662
2.24 9.54 0.48999998 12.032113 73.33859 4.583662
2.1299999 9.61 0.53999996 12.032113 74.48451 4.0107045
2.1499999 9.5199995 0.12 13.178029 75.630424 2.8647888
1.78 9.58 0.34 8.594366 78.49522 2.291831
1.73 9.54 0.42999998 5.15662 79.641136 4.0107045
2.01 9.48 0.53999996 4.583662 80.21409 5.7295775
2.08 9.45 0.48999998 4.0107045 79.641136 7.448451
2.18 9.5 0.59 3.4377468 80.21409 6.8754935
1.93 9.5199995 0.45999998 4.0107045 81.36001 5.7295775
2.12 9.66 0.65 5.15662 79.06818 6.3025355
2.28 9.679999 0.31 6.3025355 78.49522 7.448451
2.19 9.74 0.41 5.15662 81.93296 6.8754935
2.25 9.71 0.31 4.0107045 83.07887 6.8754935
2.08 9.82 0.03 5.7295775 83.07887 6.8754935
2.07 9.99 0.06 5.15662 83.07887 8.021409
2.29 9.98 0.35999998 4.0107045 81.36001 9.167324
2.59 9.88 0.45 4.583662 81.36001 10.886198
2.24 10.03 0.11 7.448451 81.36001 8.021409
2.26 10.05 -0.03 10.31324 78.49522 6.3025355
2.1299999 10.059999 -0.089999996 9.167324 79.06818 6.3025355
2.1299999 10.099999 0.26999998 7.448451 78.49522 6.8754935
2.18 10.07 0.53999996 9.167324 78.49522 6.3025355
2.09 10.099999 0.07 16.042818 77.922264 6.3025355
2.1699998 10.059999 -0.65 18.334648 76.77634 6.3025355
2.18 9.9 -0.56 17.188732 74.48451 6.8754935
1.6899999 9.92 -0.099999994 12.032113 76.203384 4.0107045
2.03 9.96 -0.26999998 13.178029 75.057465 6.8754935
2.1599998 9.7699995 -0.65 14.323945 73.33859 7.448451
2.09 9.78 -0.78 14.896902 72.19268 6.3025355
1.77 9.79 -1.0 13.750987 70.47381 4.0107045
1.73 9.54 -0.83 10.886198 69.32789 3.4377468
1.76 9.55 -0.81 9.167324 69.900856 5.15662
2.1499999 9.41 -0.66999996 8.594366 67.03606 7.448451
1.81 9.559999 -1.12 12.605071 64.17127 6.3025355
1.67 9.599999 -1.4399999 14.896902 62.4524 4.583662
1.42 9.5 -1.14 11.459155 60.160564 4.0107045
1.67 9.599999 -0.96 10.886198 59.58761 6.8754935
1.91 9.74 -1.65 15.469859 56.72282 9.740283
2.02 10.0 -2.3999999 17.188732 53.858032 10.31324
1.93 9.929999 -2.32 12.032113 48.701412 9.167324
1.8 9.98 -1.5799999 3.4377468 44.69071 7.448451
1.9499999 10.04 -1.28 1.1459155 44.11775 7.448451
1.9799999 10.11 -1.41 2.291831 43.544792 8.021409
1.88 10.19 -1.5699999 4.0107045 41.25296 8.021409
1.8499999 10.07 -1.68 5.7295775 37.815212 8.021409
1.99 10.099999 -1.28 4.0107045 33.80451 7.448451
1.92 9.969999 -1.77 4.0107045 34.377464 6.3025355
1.91 9.86 -1.6999999 4.583662 32.085636 5.7295775
1.92 9.7699995 -1.42 0.0 29.220846 4.583662
1.8199999 9.809999 -0.91999996 -0.57295775 24.064226 3.4377468
1.74 10.0 -0.9 1.7188734 22.91831 2.8647888
1.7199999 9.99 -1.16 3.4377468 22.345354 2.8647888
1.7099999 10.059999 -1.35 1.7188734 17.761692 2.291831
1.53 10.04 -1.3399999 0.0 16.615776 1.7188734
1.5 9.969999 -0.87 -2.8647888 16.042818 2.291831
1.6899999 10.03 -0.63 -2.291831 14.896902 3.4377468
1.65 10.05 -0.83 1.1459155 12.032113 2.8647888
1.5699999 10.04 -0.87 0.0 10.886198 1.7188734
1.38 9.96 -0.71999997 0.0 10.886198 1.1459155
1.22 9.99 -0.65 -1.1459155 7.448451 1.1459155
1.55 9.92 -0.64 0.0 6.3025355 2.8647888
1.53 10.0199995 -0.39999998 -0.57295775 3.4377468 3.4377468
1.43 10.09 -0.42999998 -0.57295775 4.0107045 1.7188734
1.29 10.099999 -0.9 0.0 2.291831 2.291831
1.52 10.139999 -0.65 -0.57295775 0.0 2.291831
1.38 10.16 -0.11 -4.0107045 -0.57295775 1.1459155
1.27 10.19 -0.06 -2.8647888 0.57295775 0.0
1.49 10.23 -0.29 0.0 -1.1459155 1.7188734
1.5899999 10.2699995 -0.35 0.0 -1.7188734 1.7188734
1.43 10.139999 -0.34 -1.7188734 -3.4377468 -0.57295775
1.37 9.969999 -0.06 -3.4377468 -3.4377468 -1.7188734
1.41 9.76 0.17 -4.0107045 -4.0107045 -1.7188734
1.17 9.79 0.53 -1.7188734 -2.8647888 -1.1459155
1.22 9.8 0.22999999 4.583662 -3.4377468 0.0
1.4 9.71 -0.65 8.594366 -4.583662 1.7188734
1.22 9.71 -1.17 4.583662 -6.3025355 0.0
1.3399999 9.73 -0.51 -5.7295775 -6.8754935 0.57295775
1.3399999 9.79 0.55 -10.31324 -5.7295775 0.57295775
1.4 9.969999 0.78999996 -6.8754935 -1.1459155 0.0
1.37 9.86 -0.19999999 1.7188734 -2.8647888 -0.57295775
1.31 9.83 0.0 0.0 -4.0107045 -1.1459155
1.23 9.79 0.29999998 -4.0107045 -0.57295775 -0.57295775
1.18 9.74 0.45 -2.8647888 -0.57295775 0.0
1.25 9.74 0.099999994 1.1459155 -2.8647888 1.1459155
1.51 9.74 0.31 0.57295775 -2.8647888 1.7188734
1.26 10.04 0.45999998 0.0 0.0 0.57295775
1.18 10.04 0.16 2.291831 -1.1459155 1.1459155
1.61 10.059999 0.02 1.7188734 -2.291831 3.4377468
1.64 10.139999 0.29 0.0 -0.57295775 0.57295775
1.37 9.9 0.12 0.0 0.0 -1.1459155
1.3199999 9.84 0.17 0.0 -0.57295775 -1.7188734
1.42 9.96 0.32999998 0.0 0.0 -1.1459155
1.23 10.099999 0.07 1.1459155 -1.1459155 -1.1459155
1.31 10.099999 0.04 1.1459155 -1.1459155 -0.57295775
1.77 10.0199995 -0.03 1.1459155 0.0 0.57295775
1.53 10.0199995 0.16 0.0 0.57295775 -0.57295775
1.15 9.91 0.0 1.1459155 1.1459155 -2.8647888
1.1 9.849999 0.0 1.7188734 0.0 -0.57295775
1.53 9.91 0.22 1.7188734 0.0 0.0
1.5899999 10.059999 0.03 0.57295775 1.1459155 2.291831
1.53 10.05 -0.22999999 1.7188734 0.57295775 0.0
1.42 10.05 0.29999998 -1.7188734 1.1459155 -1.1459155
1.51 9.82 0.35999998 0.0 1.7188734 -1.7188734
1.26 9.88 0.03 2.8647888 1.1459155 -2.291831
1.27 9.88 -0.17999999 4.0107045 1.1459155 -1.7188734
1.4 9.79 -0.57 3.4377468 -0.57295775 -1.1459155
1.39 9.53 -0.44 -0.57295775 0.0 -2.291831
1.15 9.74 0.26999998 -4.583662 3.4377468 -3.4377468
1.1999999 9.83 0.26 -3.4377468 2.8647888 -2.8647888
1.3199999 9.889999 0.28 2.291831 0.57295775 -2.291831
1.15 9.9 0.17 4.583662 1.1459155 -2.291831
1.25 9.84 -0.14999999 8.594366 2.291831 -0.57295775
1.23 9.91 -0.48 9.740283 1.7188734 0.0
1.27 9.969999 -0.57 8.021409 2.291831 0.57295775
1.1899999 9.969999 -0.69 3.4377468 1.7188734 0.0
1.26 9.92 -0.58 -0.57295775 0.57295775 1.1459155
