0.85999995 10.349999 1.79 14.323945 6.3025355 4.0107045
0.51 10.09 0.98999995 23.49127 6.3025355 0.0
0.02 10.01 0.089999996 28.07493 3.4377468 -2.8647888
-0.02 9.94 -0.39999998 26.929016 1.7188734 -2.8647888
0.32999998 10.04 0.84999996 -1.1459155 2.8647888 0.0
0.39 9.889999 1.9499999 -13.750987 12.032113 -0.57295775
0.58 9.86 1.9499999 -4.583662 14.323945 0.57295775
0.69 9.809999 1.75 -1.7188734 14.896902 1.1459155
0.66999996 9.76 1.5899999 -1.1459155 17.188732 0.57295775
0.41 9.7 2.45 -6.8754935 21.772396 -0.57295775
0.29999998 9.599999 2.79 -10.886198 22.91831 -1.1459155
0.16 9.62 2.03 0.0 28.07493 -1.1459155
0.16 9.62 2.03 1.7188734 31.51268 0.0
0.53 9.61 1.9399999 0.0 34.377464 2.8647888
0.58 9.59 2.08 -1.1459155 34.377464 2.8647888
0.47 9.809999 2.52 -4.583662 36.09634 0.57295775
0.71999997 9.66 2.54 -4.583662 40.107044 1.1459155
0.51 9.809999 2.3 0.57295775 42.971836 -0.57295775
0.45999998 9.74 2.08 2.8647888 46.40958 0.0
0.53 9.74 1.9399999 4.0107045 46.98254 1.1459155
0.77 9.76 1.3199999 5.7295775 48.128452 1.7188734
0.71 10.059999 0.96 6.3025355 48.701412 1.7188734
0.48999998 10.099999 1.37 0.0 52.712116 1.7188734
0.57 9.95 1.27 0.0 52.712116 1.7188734
0.65999997 9.809999 0.91999996 2.8647888 53.285076 4.583662
0.87 10.179999 1.26 -0.57295775 55.576904 5.7295775
1.05 10.07 1.43 -2.291831 57.29578 6.8754935
0.65 10.0 1.04 2.8647888 61.30648 3.4377468
0.65 10.0 1.04 2.8647888 61.30648 3.4377468
1.05 9.969999 0.45 5.7295775 59.58761 4.583662
0.89 9.92 1.26 -5.15662 62.4524 5.15662
1.09 9.87 1.3 -6.3025355 63.598316 5.15662
0.95 10.08 0.83 0.0 62.4524 2.8647888
0.95 10.08 0.83 0.0 62.4524 2.8647888
1.03 10.23 0.26 3.4377468 60.160564 2.8647888
0.89 10.19 0.57 1.7188734 59.014652 1.7188734
0.89 10.19 0.57 1.7188734 59.014652 1.7188734
1.18 9.98 1.06 -2.8647888 62.4524 2.291831
1.18 9.98 1.06 -2.8647888 62.4524 2.291831
0.71 10.179999 0.45 1.7188734 64.74423 2.8647888
1.29 9.82 0.93 0.57295775 64.17127 5.7295775
1.29 9.82 0.93 0.57295775 64.17127 5.7295775
0.98999995 9.79 0.22 6.8754935 63.598316 4.0107045
1.16 9.96 0.64 1.7188734 66.463104 5.7295775
1.16 9.96 0.64 1.7188734 66.463104 5.7295775
1.62 9.79 0.04 4.583662 66.463104 7.448451
1.39 9.69 -0.25 5.7295775 65.317184 5.7295775
1.14 9.61 -0.21 3.4377468 67.03606 1.1459155
1.24 9.41 -0.08 -2.8647888 67.03606 1.1459155
0.65 9.34 -0.69 -8.594366 65.890144 0.0
0.37 9.94 -0.14 -17.761692 67.60902 0.0
0.61 10.0199995 0.29999998 -21.199438 66.463104 3.4377468
1.22 9.58 1.0 -18.907606 58.441692 9.740283
1.22 9.58 1.0 -18.907606 58.441692 9.740283
0.65999997 9.83 1.02 -2.8647888 59.58761 7.448451
1.2099999 10.12 0.22999999 10.31324 60.160564 11.459155
1.14 10.13 -0.22999999 13.178029 60.160564 12.032113
1.0799999 10.12 -0.72999996 11.459155 60.733524 9.167324
1.03 10.08 -0.78 6.8754935 61.30648 8.594366
0.57 10.08 0.0 -2.8647888 61.30648 7.448451
0.39999998 10.219999 0.08 -5.15662 61.30648 8.021409
1.3199999 10.2 -0.11 -1.7188734 55.00395 14.896902
1.15 10.25 0.099999994 -2.8647888 53.858032 14.323945
0.93 10.32 0.37 -2.291831 52.712116 12.032113
0.9 10.21 0.19 4.583662 52.139156 9.740283
0.79999995 10.2699995 -0.56 11.459155 53.858032 10.31324
1.31 10.5199995 -0.83 5.7295775 53.285076 10.886198
1.5699999 10.429999 -0.7 4.583662 49.84733 10.31324
1.55 10.13 -0.17 1.7188734 50.420284 4.583662
1.25 9.84 -0.81 3.4377468 50.420284 -0.57295775
0.5 9.84 -1.38 5.15662 48.701412 -5.15662
0.32999998 10.21 -1.4699999 5.15662 44.69071 -2.8647888
0.83 10.2 -1.75 1.1459155 38.961132 0.57295775
0.83 10.2 -1.75 1.1459155 38.961132 0.57295775
0.42999998 10.26 -0.94 -1.1459155 39.53409 -0.57295775
0.71 10.219999 -0.96999997 9.167324 30.939718 3.4377468
0.58 10.01 -2.62 10.31324 29.220846 0.57295775
0.29 10.28 -2.3799999 10.31324 29.220846 0.57295775
0.69 10.16 -1.24 -2.291831 24.064226 2.8647888
0.24 9.95 -1.65 2.291831 19.480566 0.0
0.5 10.05 -1.63 4.583662 16.042818 0.0
0.93 9.969999 -1.25 2.291831 14.323945 1.7188734
0.88 10.0 -0.96 0.57295775 12.032113 1.7188734
0.17 10.099999 -1.62 6.8754935 10.886198 -1.7188734
0.72999996 10.2 -1.14 4.583662 4.583662 1.1459155
0.78 10.04 -0.88 1.7188734 2.8647888 1.7188734
0.61 10.0 -0.65999997 1.1459155 3.4377468 0.57295775
0.29 10.12 -0.22999999 -0.57295775 5.7295775 0.0
0.82 10.12 -0.29 0.57295775 4.0107045 2.291831
0.42999998 10.15 -0.35 2.8647888 1.7188734 -2.8647888
0.38 10.139999 -0.24 2.8647888 1.7188734 -2.8647888
0.51 10.09 -0.17 2.291831 1.1459155 -3.4377468
0.45 9.86 -0.35 0.0 3.4377468 -1.7188734
0.07 9.98 -0.59999996 1.1459155 5.15662 -3.4377468
0.02 10.059999 -0.65 2.8647888 5.15662 -4.583662
0.58 10.099999 -0.87 4.0107045 2.291831 0.0
0.62 10.09 -0.7 1.7188734 0.0 -0.57295775
0.32 9.96 -0.26999998 -1.7188734 0.0 -2.291831
0.34 10.03 -0.049999997 -2.8647888 0.57295775 -2.8647888
0.51 9.94 -0.03 -1.7188734 0.57295775 -0.57295775
0.14999999 9.84 -0.39 0.0 1.1459155 -1.7188734
0.22999999 9.969999 -0.32 0.0 1.1459155 -1.7188734
0.52 9.82 -0.26999998 0.0 0.57295775 -1.1459155
0.28 9.75 -0.35999998 0.57295775 0.0 -2.291831
0.13 10.12 -0.47 0.57295775 0.0 0.0
0.16 10.08 -0.41 0.57295775 0.0 1.1459155
0.44 9.96 -0.14 -0.57295775 0.0 1.7188734
0.45999998 9.849999 0.0 -1.1459155 0.57295775 2.291831
0.22 9.87 0.24 -0.57295775 2.8647888 2.291831
0.53 9.75 -0.78 6.8754935 2.8647888 4.0107045
0.53999996 9.7 -0.78 6.3025355 1.7188734 4.0107045
0.16 9.96 -0.47 2.291831 0.0 1.1459155
0.32 10.07 -0.14 0.0 -1.7188734 0.57295775
0.47 9.95 -0.099999994 1.7188734 -1.7188734 2.291831
0.45 10.19 0.0 1.1459155 0.0 2.291831
0.48 10.219999 -0.17999999 1.7188734 1.7188734 2.291831
0.39999998 10.16 -0.63 2.8647888 1.7188734 1.1459155
0.32 10.309999 -0.57 -0.57295775 1.1459155 1.1459155
0.84 10.29 0.07 -6.8754935 2.291831 2.291831
0.32999998 10.09 0.19 -2.8647888 2.8647888 -2.8647888
0.17 10.099999 -0.04 0.0 2.291831 -3.4377468
0.53 10.09 -0.45999998 2.8647888 3.4377468 -1.1459155
0.61 10.05 -0.56 2.291831 2.8647888 -0.57295775
0.25 9.87 -0.52 1.7188734 2.8647888 -1.1459155
0.37 9.92 -0.42999998 0.57295775 2.291831 0.0
0.76 9.96 -0.68 0.57295775 1.7188734 0.0
0.53999996 9.929999 -0.51 0.57295775 0.0 0.0
0.34 9.889999 -0.22 -0.57295775 0.57295775 -1.1459155
0.37 10.03 -0.44 1.7188734 2.8647888 -0.57295775
0.68 10.21 -0.74 4.583662 2.8647888 1.1459155
0.44 10.099999 -0.76 4.0107045 1.1459155 0.57295775
0.35 10.08 -0.95 4.0107045 2.291831 -0.57295775
0.39 10.099999 -1.03 1.1459155 0.57295775 0.0
0.48999998 9.969999 -0.57 -4.0107045 1.7188734 1.1459155
0.26 9.99 -0.04 -7.448451 2.8647888 0.0
0.48 9.99 -0.29 -3.4377468 2.8647888 0.57295775
0.71999997 9.98 -0.9 0.57295775 1.1459155 2.291831
0.5 10.04 -0.75 0.0 0.57295775 1.7188734
