-0.22999999 9.83 -0.22999999 24.637184 -14.323945 -6.8754935
0.41 9.87 -0.32 17.188732 -33.231552 -2.8647888
0.76 9.969999 -0.63 15.469859 -29.220846 0.57295775
0.81 10.0 -0.65 14.896902 -10.31324 2.8647888
0.39 10.099999 -0.5 9.740283 -2.8647888 0.0
0.48 10.099999 -0.34 3.4377468 -2.8647888 0.57295775
0.56 10.04 -0.17 0.0 -3.4377468 0.0
0.35999998 10.21 0.099999994 -1.7188734 -2.8647888 -1.7188734
0.31 10.219999 0.35 -1.1459155 -2.8647888 -1.1459155
0.42999998 10.099999 0.55 0.0 -3.4377468 0.0
0.34 10.0 0.66999996 1.7188734 -3.4377468 -2.8647888
-0.08 10.26 0.55 2.8647888 -2.291831 -6.3025355
-0.099999994 9.88 0.71 -1.7188734 0.57295775 -2.291831
-0.44 9.9 1.35 -6.8754935 2.8647888 -1.1459155
-0.53999996 10.179999 2.27 -8.594366 4.583662 0.0
-0.35999998 10.29 2.73 -6.3025355 4.583662 1.1459155
-0.26 10.38 3.1699998 1.1459155 8.021409 0.0
-0.29 10.54 3.1799998 4.583662 12.032113 -0.57295775
-0.32999998 10.26 3.28 4.583662 14.323945 -1.1459155
-0.41 10.19 3.59 2.8647888 20.053522 -2.291831
-0.48 10.16 3.75 -5.15662 22.91831 -8.021409
-0.45999998 10.09 4.0099998 -8.021409 25.210142 -8.021409
-0.13 9.94 4.56 -10.886198 37.242256 -5.7295775
0.049999997 9.95 4.36 -3.4377468 50.993244 -4.0107045
0.57 9.78 3.76 5.7295775 57.29578 -6.3025355
0.64 9.679999 3.29 6.8754935 57.868736 -11.459155
0.72999996 9.66 3.04 6.8754935 64.74423 -11.459155
0.83 9.73 2.45 9.740283 75.057465 -5.15662
1.24 9.639999 1.8299999 12.032113 84.22479 -0.57295775
1.39 9.809999 1.6999999 10.31324 87.089584 0.0
1.5799999 9.84 1.18 9.740283 84.22479 -1.7188734
1.5999999 9.74 0.69 10.886198 85.94367 -2.291831
1.43 9.87 0.72999996 7.448451 93.39212 0.0
1.67 10.0 0.88 2.291831 95.11099 2.291831
2.04 9.969999 0.5 2.291831 92.24621 2.8647888
2.1499999 9.91 0.14999999 6.8754935 92.24621 1.1459155
2.04 10.05 0.26999998 8.594366 93.39212 0.0
2.21 9.96 -0.19999999 9.167324 93.39212 -1.1459155
2.03 9.7699995 -0.75 9.167324 89.95437 -0.57295775
1.66 10.09 -0.41 0.0 91.10028 0.0
1.89 10.21 -0.29 -8.021409 91.10028 0.0
2.07 10.309999 -0.32 -11.459155 83.07887 -0.57295775
2.06 10.099999 -0.53999996 -13.750987 79.06818 -2.291831
1.8499999 10.37 -0.32 -16.042818 79.06818 -1.7188734
2.33 10.28 -0.53999996 -17.188732 80.21409 2.8647888
2.48 10.12 -1.1899999 -17.761692 79.06818 5.7295775
2.3 10.36 -1.11 -18.907606 81.93296 4.0107045
2.26 10.19 -1.18 -18.907606 80.21409 2.8647888
2.1399999 9.78 -1.25 -17.188732 72.76564 4.583662
1.76 9.94 -0.84 -12.032113 72.76564 4.583662
1.8199999 10.16 -0.68 -0.57295775 70.47381 4.0107045
2.3899999 9.84 -1.61 14.323945 63.598316 5.7295775
2.26 9.53 -2.7 21.772396 62.4524 5.15662
1.4399999 9.429999 -2.6699998 26.929016 66.463104 2.291831
0.84999996 9.71 -2.24 16.042818 63.02536 2.291831
1.17 9.929999 -1.89 5.7295775 58.441692 6.8754935
1.65 9.7699995 -2.12 5.7295775 53.858032 10.886198
1.51 9.76 -1.93 9.167324 45.263664 10.31324
1.4 9.92 -1.81 13.178029 44.11775 7.448451
1.53 9.78 -2.62 19.480566 44.11775 6.3025355
1.5 9.679999 -2.82 24.064226 43.544792 5.7295775
1.23 9.74 -2.97 21.772396 42.398876 2.291831
0.65999997 9.71 -2.69 17.188732 38.961132 1.1459155
0.87 9.889999 -2.6699998 17.188732 33.80451 5.15662
1.37 9.83 -3.4299998 20.62648 26.356058 5.7295775
0.84 9.7699995 -3.62 14.323945 24.064226 0.0
0.25 9.9 -2.8899999 2.291831 20.053522 0.0
0.55 9.96 -2.32 -0.57295775 16.615776 1.1459155
0.81 9.96 -2.01 -4.0107045 10.31324 4.583662
0.59 10.0199995 -1.6999999 -5.15662 10.31324 4.0107045
0.68 9.92 -1.56 -1.1459155 9.167324 2.291831
0.48 9.8 -1.41 1.7188734 7.448451 2.291831
0.71999997 10.23 -1.39 4.583662 7.448451 3.4377468
1.16 10.16 -1.3299999 4.583662 3.4377468 4.583662
0.64 10.03 -1.2099999 3.4377468 1.7188734 1.1459155
0.099999994 10.25 -1.27 6.8754935 3.4377468 -0.57295775
0.35999998 10.55 -1.48 9.740283 2.291831 0.0
0.74 10.33 -1.5799999 2.291831 -0.57295775 1.1459155
0.42999998 10.25 -1.0 -5.15662 1.7188734 0.0
0.26999998 10.44 -0.66999996 -5.7295775 1.1459155 -0.57295775
0.82 10.2699995 -0.81 -3.4377468 0.57295775 -0.57295775
0.45 9.98 -0.65 -2.8647888 0.0 -0.57295775
0.13 10.03 -0.28 -3.4377468 1.1459155 -4.0107045
0.39999998 10.099999 -0.63 2.291831 0.0 -2.8647888
0.55 10.059999 -1.24 9.167324 -1.7188734 -1.1459155
0.28 10.2 -1.3399999 9.740283 0.0 -3.4377468
0.29999998 10.24 -1.27 2.291831 0.0 -4.0107045
0.35 10.17 -0.81 -7.448451 -1.7188734 -4.0107045
0.42999998 9.889999 -0.38 -16.042818 0.0 -3.4377468
0.32999998 9.67 -0.25 -15.469859 2.291831 -3.4377468
0.19 9.389999 -0.19999999 -9.167324 5.15662 -5.7295775
0.14999999 9.13 -0.24 -2.291831 4.583662 -4.583662
-0.26 9.2 -0.55 6.3025355 2.291831 -4.0107045
-0.31 9.48 -0.7 13.750987 1.1459155 -1.7188734
0.13 9.83 -1.3 13.178029 -0.57295775 2.291831
0.39999998 10.179999 -1.02 2.8647888 0.0 1.1459155
0.21 10.2699995 -0.38 -8.021409 1.7188734 -0.57295775
0.16 10.17 -0.04 -9.167324 4.0107045 -1.1459155
-0.07 10.11 -0.25 -3.4377468 5.15662 -1.7188734
0.02 10.2 -0.58 0.0 5.7295775 -1.7188734
0.17 10.179999 -0.79999995 6.3025355 6.8754935 0.0
0.16 10.23 -1.09 8.594366 4.0107045 0.57295775
0.22999999 10.29 -0.96 5.7295775 5.15662 0.0
0.44 10.139999 -1.26 3.4377468 3.4377468 0.0
0.24 10.07 -1.27 1.7188734 2.8647888 -1.1459155
-0.19 10.12 -0.91999996 -0.57295775 1.7188734 -2.291831
0.14 10.13 -0.81 0.0 -0.57295775 0.0
0.61 10.04 -1.09 2.8647888 -2.291831 1.7188734
0.39 10.19 -0.96 1.1459155 0.0 0.0
0.28 10.04 -0.69 -0.57295775 0.57295775 -1.7188734
0.07 9.809999 -0.74 0.0 -1.1459155 -2.291831
0.03 10.0199995 -0.71 4.0107045 0.57295775 -1.7188734
0.51 9.87 -1.12 6.8754935 0.0 0.57295775
0.39999998 9.7699995 -1.24 3.4377468 0.0 -0.57295775
-0.01 9.969999 -1.01 1.1459155 0.0 -2.8647888
0.089999996 9.7699995 -0.98999995 0.0 0.0 -1.1459155
0.06 9.74 -0.84 -1.1459155 -1.1459155 0.0
0.089999996 9.71 -0.77 -0.57295775 -0.57295775 0.0
0.17999999 9.63 -0.57 0.0 -1.1459155 1.7188734
0.049999997 9.63 -0.42 3.4377468 0.0 2.8647888
0.24 9.639999 -0.72999996 12.032113 0.0 3.4377468
