0.90503585 9.75667 0.9912298 -6.17925 -3.81192 -3.00615
0.8571504 9.668081 1.3862851 -10.06425 -6.47192 -1.08115
0.4668836 9.761458 1.1564348 -7.50925 -8.36192 -0.66115004
0.74222517 9.715967 0.86193895 -0.43925 -8.011919 0.24884999
0.8284191 9.735122 0.9696813 2.99075 -6.78692 0.94885
0.89067024 9.75667 0.9960183 1.90575 -5.28192 1.57885
1.0319325 9.778218 0.9217958 0.96075 -4.7919197 1.47385
0.9624985 9.737515 1.0415095 0.54075 -4.23192 0.9838501
0.83081335 9.624985 1.1540405 -0.71925 -3.9169202 -0.48615003
0.88109314 9.584282 1.1468576 -0.85924995 -5.84192 -1.8161501
0.90982443 9.615408 1.063058 0.36574998 -6.68192 -1.50115
0.81644773 9.543579 0.9792584 1.8357501 -7.9769206 -1.32615
0.75180227 9.457385 1.1157321 1.27575 -7.87192 -1.53615
0.84278476 9.294575 1.350371 -1.80425 -5.56192 -1.1511501
0.50040346 9.189227 1.759792 -3.48425 -5.42192 -0.45115
0.34956414 9.210775 2.3799093 -2.85425 -11.61692 0.80885
0.5794145 9.471751 2.8300328 -0.96425 -22.22192 3.15385
1.333611 9.371192 3.45015 3.62075 -39.86192 9.278851
0.80208206 9.167678 4.455745 4.3207498 -58.20192 11.41385
0.2849187 9.172467 5.0662856 -5.09425 -40.281918 -0.27615002
0.31604427 8.877971 5.478101 -3.4492502 -42.52192 -1.50115
-0.22745611 8.844451 5.834848 -1.83925 -39.61692 0.17885001
0.32083282 8.736709 5.39909 2.7807503 -31.461918 6.19885
0.6368771 9.040782 4.7358756 8.450749 -27.71692 9.62885
0.7589851 9.366403 3.9936504 10.025749 -16.06192 8.08885
1.2522057 9.311335 3.816474 3.0607502 8.26308 0.63385004
0.9816527 9.308941 3.0550947 -10.554251 34.128082 -7.20615
0.38787252 9.519637 3.275368 -28.22925 52.36308 -10.426149
0.8739103 9.794978 3.4453614 -45.20425 60.58808 -4.1261497
1.1444633 9.792584 3.9864676 -55.424248 59.188076 4.2738504
1.8579572 9.620196 4.9202347 -62.774246 57.15808 10.36385
2.7582045 9.603436 5.6385174 -58.53925 55.89808 17.85385
2.6983478 9.167678 5.8827333 -42.40425 56.35308 18.168852
2.1404817 9.04557 5.66246 -21.369251 61.60308 10.748851
2.5834224 9.416683 4.929812 1.3457501 62.128082 9.80385
3.1149516 9.28021 4.2546263 21.26075 56.35308 14.38885
3.3064935 9.019233 3.6632404 29.625751 63.843082 16.66385
3.2274826 8.7822 3.859571 30.64075 75.183075 17.50385
2.8779182 8.995291 3.7254915 32.42575 72.17308 16.48885
2.5714512 9.229929 2.7486274 39.775753 74.79808 15.75385
3.014392 9.016839 1.5754328 44.430748 92.50807 19.91885
3.067066 8.81572 1.9010541 40.58075 98.24808 25.728851
3.059883 9.033599 2.1835787 33.09075 84.63309 29.54385
3.7446458 9.201198 1.2881198 30.080751 78.47308 36.85885
4.087027 9.074302 1.1827718 25.53075 81.903076 46.06385
4.8747435 9.366403 1.812466 16.64075 74.51808 49.843853
5.4924664 9.603436 1.924997 13.14075 47.39308 50.018852
4.850801 9.850046 1.2354459 21.715752 36.823082 45.85385
4.9944572 9.960183 -0.40223816 30.43075 62.583076 35.983852
5.521198 9.979338 -2.4972286 39.110752 70.24808 27.548851
4.982486 9.342461 -2.0925963 42.99575 50.85808 18.51885
2.8587642 9.098245 -1.2210802 29.52075 32.48308 4.20385
2.7342618 9.835681 -3.0957973 14.680749 29.613081 -6.01615
4.1181526 10.314536 -5.403878 12.23075 46.238083 6.54885
4.786155 9.680053 -6.019207 14.05075 49.00308 25.65885
2.6025767 9.699207 -2.248224 4.81075 36.893078 26.04385
2.3392065 10.022434 -1.9585168 -17.41425 24.81808 9.66385
3.1221344 9.945818 -5.0926223 10.06075 50.89308 7.8788495
2.4469488 9.945818 -5.4134555 22.03075 47.74308 -3.98615
0.9385557 10.163696 -2.2554069 4.5307503 45.36308 -22.32615
0.88109314 9.976943 -1.1061549 1.8707502 41.54808 -33.17615
0.72546524 9.953 -3.5243726 33.020752 41.653084 -36.92115
0.600963 9.90272 -4.4916596 50.45075 37.45308 -38.53115
-0.21309046 9.888355 -2.5618742 36.94075 21.84308 -36.32615
-0.15083931 9.565128 -1.4365649 19.195751 14.178081 -27.82115
-0.10055954 9.284998 -1.1947432 16.99075 5.84808 -18.266151
0.0 9.215564 -0.88109314 18.040749 -1.39692 -9.76115
1.0917894 9.368797 -0.39505535 9.36075 5.07808 2.5938501
1.4796618 9.44302 0.1340794 2.32575 5.6030803 13.47885
1.5131817 9.495694 0.52674043 1.06575 2.13808 11.76385
1.7741576 9.536397 -0.23224466 6.56075 -0.27692 7.45885
1.359948 9.488511 0.038308397 13.840751 -6.08692 3.9238498
0.88109314 9.323306 0.5865973 12.125751 -8.711921 -1.8511502
0.8284191 9.502876 -0.0023942748 10.06075 -8.711921 -4.79115
1.1444633 9.763853 -0.51955765 11.18075 -8.04692 -2.2011502
1.4772675 9.897932 -0.2849187 9.01075 -7.9419203 1.8938498
1.908237 10.060742 -0.18196489 3.23575 -9.551921 3.32885
2.1285102 10.0200405 -0.11971374 1.3457501 -13.15692 3.71385
1.7190893 9.775824 0.33759275 -0.54425 -12.42192 0.70385003
1.1372806 9.562734 0.71588814 -2.50425 -6.54192 -3.7061503
1.3264283 9.567522 0.600963 -1.1742501 -3.77692 -2.86615
1.9010541 9.70639 -0.08858817 0.82075 -3.28692 3.1188498
1.7023294 9.787795 -0.03351985 2.95575 -3.9169202 7.1438503
1.5706443 9.787795 0.5506832 -0.47425002 -4.0919204 5.28885
2.0518935 9.735122 0.6344828 -7.19425 -0.41692 4.6238503
1.8148603 9.73991 0.7350424 -6.7042503 1.9980799 7.31885
1.6783867 9.797373 0.6847626 -3.2392502 3.53808 6.19885
1.9872481 9.747093 0.4166038 -2.46925 7.6330805 5.14885
1.8076775 9.857229 0.17717634 -0.12425001 6.86308 5.7438498
1.6831752 9.833286 0.2753416 2.3607502 4.48308 3.64385
1.7550035 9.737515 0.24900457 0.36574998 4.27308 1.6488501
1.5826156 9.7135725 0.102953814 -1.48925 5.07808 1.61385
1.1995317 9.670476 0.42378664 -1.62925 4.2030797 -2.34115
1.5275474 9.617802 0.2753416 -3.37925 4.51808 0.59885
1.8723229 9.735122 0.4668836 -5.12925 6.44308 5.28885
1.7813405 9.620196 0.9505271 -7.89425 7.14308 3.9938502
1.5634614 9.725544 0.679974 -2.67925 2.59308 -0.83615
1.6089526 9.725544 -0.05985687 6.0707498 0.77308 -2.2711499
1.5658557 9.70639 0.18196489 4.8807497 1.40308 -0.80114996
1.7502149 9.687236 0.32562137 -0.85924995 3.04808 1.4388502
1.7382435 9.684841 0.2657645 -1.4542501 1.5780799 1.8588501
1.7741576 9.545974 0.339987 -0.68425 0.14308 0.28385
1.9130256 9.538791 0.54828894 -2.11925 0.98308 -0.87115
1.7190893 9.478934 0.6440599 -1.1742501 1.9980799 -0.80114996
1.472479 9.464568 0.65124273 1.90575 1.82308 -1.22115
1.7166951 9.735122 0.45012367 5.2307496 -0.87192 -2.0961502
1.8483802 9.862018 -0.05027977 7.92575 -4.02192 -2.58615
1.4605076 9.792584 0.08858817 7.33075 -2.44692 -5.80615
1.0462981 9.754275 0.4285752 3.02575 1.19308 -8.25615
1.3072741 9.859624 0.15083931 0.22575 3.81808 -4.79115
1.6017698 9.826104 0.0071828244 -1.20925 5.7080803 1.12385
1.4605076 9.787795 0.31125572 -4.32425 4.97308 2.76885
1.5850099 9.735122 0.4285752 -5.8992496 1.26308 1.29885
1.6041641 9.70639 0.5913859 -4.35925 -4.12692 0.45885003
1.5179702 9.624985 0.7901107 -3.62425 -1.71192 0.17885001
1.5969813 9.648928 0.5865973 -1.83925 1.96308 -0.38114998
1.5467016 9.701602 0.13168511 3.83075 1.19308 -1.0111501
1.3743137 9.703996 -0.19154198 7.3657503 1.7180799 -0.90615
1.3671309 9.725544 0.14126222 5.3357496 3.0130801 1.0188501
1.5897985 9.644139 0.30886146 0.15575 1.47308 2.97885
1.6017698 9.5483675 0.2657645 -3.5892498 -0.38192 3.60885
1.664021 9.447808 0.41420954 -5.4092503 1.7180799 3.5388498
1.7526091 9.45978 0.72785956 -6.00425 1.47308 3.67885
1.6688095 9.419077 0.8978531 -6.28425 -1.53692 2.73385
1.7957062 9.380769 0.65842557 -4.04425 -0.48691997 1.7538501
1.8148603 9.440625 0.6392714 1.3807501 1.33308 1.61385
1.6616267 9.562734 0.6081458 5.4057503 1.26308 0.87885
