0.19154198 9.91948 1.5395187 -1.160005 6.9024553 5.846575
-0.026337024 9.778218 1.7909175 -2.665005 4.802455 4.271575
0.12929083 9.656111 1.3264283 1.569995 -0.062544994 2.9415748
-0.22745611 9.653716 1.5562786 4.544995 -5.067545 2.486575
0.09337672 9.665688 1.4940275 6.8549953 -9.9675455 4.691575
0.43096948 9.6585045 0.7302538 13.679996 -15.497545 7.7015753
0.4740664 9.665688 0.37590113 13.854995 -16.197546 6.2665753
0.17717634 9.634562 1.2138973 1.989995 -9.652545 2.5915751
0.117319465 9.60583 1.6999351 -6.725005 -2.477545 2.136575
0.54828894 9.627379 1.2162915 -0.250005 -6.3625455 5.461575
0.6560313 9.742304 0.94095 8.849995 -15.287544 7.4915752
0.37111259 9.766247 0.967287 9.199995 -18.052546 5.6715746
0.33759275 9.718362 1.2641771 5.769995 -18.402544 4.131575
0.55307746 9.627379 1.2522057 5.769995 -21.902546 5.146575
0.5602603 9.842864 1.0917894 8.324995 -23.757545 6.5465755
-0.071828246 10.022434 1.7119064 6.714995 -27.397545 4.446575
-0.038308397 9.77343 2.4349775 2.4799953 -45.982544 -4.688425
-1.0223553 9.577099 3.675212 -0.77500504 -72.757545 -17.288425
-3.0718546 9.4932995 5.3488097 -6.200005 -85.46255 -27.298424
-3.3639562 9.529214 6.4358106 -13.585006 -74.05254 -29.958426
-2.901861 9.603436 6.9481854 -14.600006 -54.172546 -21.033424
-1.6616267 9.62259 6.6680555 -6.9000053 -48.29255 -11.793425
-1.1013664 9.225141 6.876357 2.7599952 -60.157547 -9.168425
-1.525153 9.069513 6.6776323 6.714995 -76.15254 -11.093425
-1.0319325 9.150918 6.4358106 8.604995 -64.32255 -10.638425
-0.0071828244 8.712766 6.0048413 8.884995 -30.057545 -4.268425
0.18914771 9.081485 5.355993 8.709995 3.4724553 0.84157497
0.1340794 9.091062 5.62894 9.514995 24.577456 1.016575
1.2474172 8.6984005 4.7550297 12.594995 22.967455 -3.7784252
1.9178141 8.636149 3.1412885 21.204994 13.797455 -5.248425
1.1181264 8.454185 3.806897 18.229996 28.567455 -3.953425
0.68236834 8.743892 5.4924664 -3.435005 55.202457 -4.618425
1.9202085 9.167678 4.8364353 -16.210007 66.64745 -3.8134253
3.7925313 10.015251 0.5913859 9.619995 56.182457 2.9415748
3.790137 10.379181 -1.3048798 53.719997 40.712456 10.606575
1.9321798 9.924269 0.8978531 22.009995 41.587456 -9.098425
0.7302538 9.368797 3.1053743 -9.840005 56.77746 -15.398424
2.5115943 10.0200405 1.5850099 -2.245005 67.90746 1.856575
4.3863115 10.235525 -1.4198049 22.464996 71.89745 24.886576
3.3567734 9.352037 -0.5698374 20.714994 57.51246 19.286573
1.3623424 9.517242 1.403045 -4.310005 54.852455 3.4315753
1.6568382 10.297776 0.026337024 -7.4250054 62.307453 9.031575
3.605778 10.254679 -3.6919718 6.3999953 65.632454 33.671577
3.6704233 9.2490835 -3.5650752 -4.450005 55.167458 38.011574
1.5371244 8.988108 1.359948 -44.875004 45.647457 20.651575
0.84278476 9.914692 2.4469488 -58.140003 49.602455 14.141576
2.796513 9.5794935 -2.2865324 -13.305004 56.462456 32.236576
4.017593 8.959376 -4.04393 20.749994 36.022457 40.881577
2.19555 9.715967 -0.12689656 -5.0800047 13.972455 25.411575
1.5610672 10.690437 1.0798179 -35.985004 16.912455 11.481575
3.5578923 9.574705 -1.3407938 -25.380007 30.597458 22.401575
4.1253357 8.58587 0.06464542 -11.975005 37.072456 29.996576
2.9593236 9.933846 3.0191805 -18.835005 40.152454 16.346575
2.1189332 10.958596 1.9226027 0.414995 31.752453 -0.943425
3.8571768 9.390346 -3.1221344 63.449997 15.932454 -5.0734253
3.301705 9.205987 -3.093403 97.365 12.607455 -6.2984247
-0.3615355 10.881979 -1.8364087 82.28 28.532455 -21.523426
-0.016759925 10.860431 -6.8356547 80.81 45.577457 -22.468426
3.2346652 10.091868 -10.07032 95.58 32.907455 3.7815752
2.1285102 10.43425 -6.6417184 60.544994 24.157455 12.356575
-0.9888355 11.154926 -3.1867797 -10.015005 58.527454 -10.4984255
-0.045491222 9.900327 -4.8555894 -26.395004 74.382454 -26.948423
0.12689656 9.301758 -4.867561 -2.245005 31.927452 -24.638426
-1.6975409 9.845258 -2.317658 0.48499504 15.057454 -27.718424
-1.7741576 9.651321 -2.5092 -10.400004 25.522455 -34.298424
-1.6520497 9.404712 -3.6177492 -2.175005 23.247456 -22.188427
-1.0271438 9.438231 -3.179597 9.164994 15.862455 -8.048425
-0.3232271 9.505271 -2.2362528 5.209995 7.287455 0.806575
-0.31125572 9.356826 -1.8148603 -1.300005 -7.972545 4.551575
-0.36392978 9.337671 -1.1085492 -2.665005 -13.537545 2.661575
0.23463893 9.11261 -0.4166038 -4.555005 -6.0825453 2.3115752
0.44533512 9.560339 -0.67279124 -4.3800054 -2.687545 6.5465755
0.43815228 9.976943 -1.6807809 1.4299951 0.742455 5.391575
0.44533512 9.5244255 -1.8795058 6.9599953 4.627455 0.736575
-0.3423813 9.337671 -0.35674694 -6.305005 0.252455 -4.058425
-0.31125572 9.5244255 0.6847626 -11.135005 0.602455 -1.6434251
0.44054657 9.70639 -0.071828246 -2.420005 -1.0775449 3.9915752
0.61293435 10.0200405 -0.9385557 6.224995 -1.462545 4.796575
0.72546524 9.866806 -1.0558752 6.2949953 -4.052545 2.9765751
0.3232271 9.850046 -0.3304099 -2.280005 -2.547545 2.276575
0.23463893 9.90272 0.1987248 -6.865005 -1.602545 1.121575
0.5554718 9.850046 -0.50758624 -2.665005 -1.6375451 0.351575
0.4956149 9.864412 -0.86912173 1.289995 1.582455 0.281575
0.81165916 9.77343 -0.48843205 -2.000005 4.1724553 1.8215752
0.52674043 9.80695 0.1340794 -6.060005 1.0224551 0.526575
0.3902668 9.677659 -0.009577099 -2.6300051 -1.9875451 -5.983425
0.25139886 9.73991 -0.035914123 1.4299951 -2.407545 -9.518425
0.24900457 9.711179 0.10774237 3.8449953 -1.147545 -8.433425
0.15802214 9.845258 -0.071828246 6.5049953 -3.947545 -6.228425
0.38068968 9.948212 -0.7637737 8.534995 -3.982545 -2.133425
0.51955765 9.771035 -0.7015225 5.349995 -0.692545 2.4165752
0.50758624 9.895537 0.13168511 -2.245005 1.4074551 3.7465749
0.10774237 9.967366 0.23463893 -5.535005 1.302455 1.4715749
0.19393626 9.816526 -0.8834874 1.709995 0.88245505 -0.978425
0.32562137 9.871595 -0.9122187 8.184996 -1.7075449 0.45657498
0.58420306 9.876384 -0.4644893 3.424995 -1.9175451 1.7865751
0.52674043 9.792584 -0.09337672 -3.8550053 1.687455 2.801575
0.60335726 9.804555 -0.08140534 -5.1850047 3.437455 2.1015751
0.45251793 9.794978 -0.05027977 -0.915005 -0.342545 -0.383425
0.46927786 9.751882 -0.48843205 3.109995 -1.7075449 -3.603425
0.3328042 9.785401 -0.44533512 6.5049953 -3.0025449 -4.723425
0.10774237 9.802161 -0.12929083 4.404995 -1.147545 -4.513425
0.50998056 9.845258 -0.7326481 0.309995 4.592455 -2.553425
0.6943397 9.72315 -0.7039168 2.899995 2.632455 1.0515751
0.6560313 9.61062 0.06464542 3.1799953 -2.407545 0.561575
0.15562786 9.905115 -0.29928434 0.204995 -1.9175451 -2.903425
0.0670397 9.804555 -1.462902 3.5999951 -2.757545 -6.1584253
0.05506832 9.742304 -0.7015225 6.819995 0.53245497 -5.248425
0.19393626 9.72315 0.6656084 -3.1200051 2.422455 -1.258425
0.12689656 9.792584 0.2657645 -10.260005 -0.48254502 -0.068425
0.26337022 9.885961 -0.70870537 -1.160005 -4.157545 -0.103424996
0.6392714 9.929058 -0.62251145 8.219995 -4.3325453 1.576575
0.6751855 10.029617 -0.23463893 -2.980005 4.802455 4.8665752
0.4070267 9.993703 -0.2753416 -2.770005 3.9624553 0.66657495
0.22745611 9.8548355 -0.505192 1.219995 1.0224551 -2.658425
0.21069619 9.775824 -0.41420954 1.464995 0.39245498 -3.148425
0.2370332 9.845258 -0.4285752 -0.49500498 2.142455 -1.853425
0.18435916 9.814133 -0.6608198 -1.1950049 3.367455 -0.803425
0.28731298 9.759064 -0.723071 -2.000005 2.982455 0.491575
0.17717634 9.72315 -0.28731298 -3.8200052 1.1274551 0.526575
-0.08619389 9.634562 -0.10774237 -4.065005 0.147455 -0.873425
-0.045491222 9.842864 -0.40223816 -1.0200051 0.672455 0.876575
0.48843205 9.866806 -0.723071 2.1649952 -1.462545 4.166575
0.7302538 9.75667 -0.6081458 1.149995 -2.442545 5.251575
0.37590113 9.771035 -0.17478207 -2.245005 -1.147545 1.331575
0.26097596 9.763853 -0.07901107 -3.470005 -0.202545 -1.8884252
0.29689008 9.668081 -0.505192 -1.055005 -0.272545 -1.8184249
0.2849187 9.672871 -0.5243462 0.51999503 1.0224551 -1.013425
0.11253092 9.72315 -0.30167863 -1.0200051 0.32245502 -1.328425
0.07422252 9.754275 -0.2944958 -2.000005 -1.567545 -1.958425
0.21787901 9.7135725 -0.22506183 -1.125005 -1.8825451 -0.208425
0.29689008 9.842864 -0.023942748 -1.405005 -0.727545 2.171575
0.7326481 10.017646 -0.29689008 -0.77500504 -0.48254502 3.7115753
0.7206767 9.974549 -0.37590113 1.0799949 -1.602545 4.166575
0.409421 9.90272 -0.36632404 1.324995 -1.6725451 0.491575
0.2681588 9.785401 -0.021548472 0.34499502 -1.6725451 -3.2884252
0.04070267 9.766247 -0.08858817 -0.53000504 -0.097545 -4.163425
0.13647367 9.79019 -0.4764607 0.869995 2.142455 -3.0084252
0.38787252 9.601042 -0.79250497 1.604995 3.122455 -0.41842502
0.3615355 9.25866 -0.36392978 -1.685005 4.347455 0.246575
0.23942748 9.306546 0.29689008 -6.9000053 4.662455 -1.118425
0.13168511 9.569917 0.08858817 -5.780005 0.46245497 -2.308425
0.10774237 9.768641 -0.749408 2.584995 -4.927545 -3.953425
0.2561874 9.941029 -1.1516461 8.779995 -5.032545 -3.148425
0.28731298 10.039194 -0.46209505 3.494995 -0.587545 0.631575
0.057462595 10.111023 -0.019154198 -6.550005 0.88245505 2.276575
0.20590763 10.005674 -0.09577099 -9.735005 1.4774551 1.226575
0.43575802 9.924269 -0.16759923 -6.165005 2.1774552 2.3115752
0.37829542 10.015251 -0.22266756 -1.230005 0.637455 3.081575
0.3519584 10.051166 -0.49800915 2.0949948 -1.4275451 0.526575
0.35435268 9.888355 -0.55786604 3.914995 -2.057545 -2.4834251
0.17238778 9.835681 -0.08619389 2.829995 -1.462545 -3.5684252
0.22985038 9.845258 0.011971374 -1.125005 0.53245497 -3.848425
0.42378664 9.897932 -0.4836435 1.954995 0.0074550007 -1.4334251
0.40223816 9.811738 -0.4668836 3.1799953 -1.9875451 -2.6934252
0.07901107 9.701602 -0.18914771 1.569995 -1.602545 -4.6534247
0.098165266 9.663293 -0.3519584 0.83499503 -0.23754498 -3.463425
0.32801566 9.737515 -0.4764607 -0.075004995 0.497455 -0.59342504
0.2753416 9.735122 -0.18435916 -1.6150049 0.602455 -0.663425
