0.06 9.9 2.3999999 9.167324 16.615776 2.291831
0.91999996 9.79 3.1 -17.188732 0.0 11.459155
1.9399999 9.54 3.25 -17.761692 1.7188734 12.032113
1.28 9.559999 3.9599998 -19.480566 10.886198 4.0107045
0.7 9.48 4.69 -17.188732 22.91831 0.57295775
0.72999996 9.389999 5.23 -14.896902 25.7831 2.8647888
1.1899999 9.13 5.08 -5.15662 31.51268 8.594366
1.3399999 9.099999 4.8599997 1.1459155 35.523384 10.31324
1.39 9.429999 3.7099998 16.615776 47.555496 9.740283
1.43 9.69 3.01 18.907606 52.139156 10.886198
1.5799999 9.69 2.99 9.740283 53.858032 11.459155
1.8 9.389999 3.27 6.8754935 53.858032 10.31324
1.6899999 9.36 3.4499998 5.7295775 54.43099 7.448451
1.7099999 9.36 3.3999999 8.021409 57.29578 6.8754935
1.7099999 9.44 3.1399999 10.31324 60.160564 8.021409
1.88 9.41 3.06 11.459155 63.598316 10.886198
2.4299998 9.37 2.55 13.750987 64.74423 13.750987
2.34 9.38 2.49 14.896902 65.890144 14.323945
1.77 9.5199995 3.05 9.740283 71.61973 9.740283
2.06 9.33 3.1999998 10.886198 71.04677 11.459155
2.32 9.29 2.49 16.615776 74.48451 14.323945
2.34 9.36 2.4299998 16.615776 76.203384 13.750987
2.31 9.22 2.6399999 13.178029 78.49522 11.459155
2.27 9.21 2.6 11.459155 80.21409 10.886198
2.22 9.37 2.3899999 12.605071 83.65183 10.31324
2.3999999 9.309999 2.3 10.886198 81.93296 9.740283
2.28 9.36 2.3899999 9.740283 81.36001 8.594366
2.59 9.51 2.1 9.740283 83.65183 9.740283
2.54 9.71 2.02 10.31324 87.089584 9.740283
2.26 9.83 1.81 11.459155 86.516624 7.448451
2.27 9.71 1.55 14.896902 83.65183 8.594366
2.28 9.559999 1.06 17.188732 80.21409 10.886198
2.2 9.63 1.53 9.740283 80.78705 12.032113
2.24 9.67 1.6999999 8.021409 80.78705 12.032113
2.51 9.559999 1.68 11.459155 83.07887 14.323945
2.34 9.62 1.38 16.042818 79.06818 13.178029
1.81 9.599999 1.3399999 14.896902 76.203384 10.886198
1.78 9.55 1.9599999 9.740283 77.349304 12.032113
2.54 9.309999 2.01 9.167324 76.203384 17.761692
2.7 9.23 2.02 12.032113 77.922264 17.761692
1.9399999 9.46 1.88 14.323945 79.06818 12.032113
1.8399999 9.559999 1.51 16.615776 79.06818 12.605071
2.3999999 9.34 1.5799999 12.605071 77.922264 17.188732
2.56 9.3 1.6999999 8.594366 76.203384 16.042818
1.8499999 9.559999 1.89 8.021409 76.77634 14.323945
2.1699998 9.559999 1.8499999 8.594366 78.49522 13.178029
2.8 9.54 1.63 8.021409 77.922264 16.042818
2.07 9.83 1.37 11.459155 81.36001 12.605071
2.18 9.88 1.4399999 10.886198 80.21409 12.032113
2.51 9.69 1.7199999 8.021409 76.77634 12.605071
2.74 9.67 1.49 8.021409 76.77634 12.605071
2.2 9.65 1.29 10.886198 78.49522 10.886198
1.92 9.7 1.25 10.886198 79.641136 9.167324
2.09 9.719999 1.3399999 8.021409 77.922264 12.032113
2.4299998 9.639999 1.18 7.448451 76.77634 13.178029
2.23 9.62 1.24 8.021409 77.922264 12.032113
2.28 9.59 1.3 6.3025355 76.77634 12.032113
1.89 9.639999 1.38 5.15662 76.77634 10.886198
1.89 9.639999 1.28 5.7295775 75.630424 13.178029
2.24 9.62 1.25 6.8754935 75.057465 15.469859
2.62 9.63 1.0699999 8.021409 73.33859 15.469859
2.5 9.67 0.83 8.021409 74.48451 12.032113
1.6999999 9.599999 1.31 4.583662 75.630424 8.021409
1.8499999 9.599999 1.36 3.4377468 74.48451 8.021409
2.2 9.559999 0.75 6.3025355 71.04677 11.459155
2.05 9.74 0.71999997 10.886198 71.04677 11.459155
2.03 9.73 0.84 9.740283 71.04677 11.459155
2.1499999 9.79 0.93 8.594366 67.60902 13.178029
2.28 9.8 0.71 9.740283 65.890144 13.750987
2.02 9.88 0.66999996 7.448451 65.890144 10.886198
1.92 9.86 0.90999997 6.8754935 66.463104 11.459155
2.36 9.889999 0.71999997 10.886198 65.317184 13.178029
2.5 9.88 0.44 14.323945 63.598316 11.459155
2.12 9.87 0.089999996 13.750987 61.879436 9.740283
2.07 9.8 0.19 12.032113 60.160564 7.448451
1.74 9.639999 0.22999999 8.594366 57.868736 5.7295775
1.53 9.78 -0.48999998 12.032113 59.58761 6.3025355
1.9399999 9.9 -0.83 9.167324 55.00395 12.032113
2.32 9.69 -0.65999997 7.448451 51.5662 12.032113
1.73 9.74 -0.78 6.3025355 48.701412 8.021409
1.54 9.82 -0.75 5.7295775 47.555496 6.3025355
1.8 9.7 -0.42 2.291831 42.971836 8.021409
1.5999999 9.87 -0.48999998 3.4377468 40.680004 8.594366
1.5999999 9.87 -0.48999998 3.4377468 40.680004 8.594366
1.8199999 9.91 -0.75 6.8754935 32.658592 10.886198
1.9599999 9.889999 -0.59 5.15662 32.085636 11.459155
1.75 9.84 -0.38 3.4377468 31.51268 10.886198
2.06 9.88 -0.45 8.021409 24.637184 10.886198
1.8199999 9.969999 -0.35999998 8.021409 21.772396 8.021409
1.25 9.96 -0.41 5.15662 21.199438 4.0107045
1.53 9.929999 -0.22 4.583662 21.772396 4.583662
1.8 9.91 -0.14 1.1459155 18.907606 8.594366
1.25 10.05 0.28 1.7188734 14.896902 4.583662
1.29 10.0199995 0.0 5.15662 13.750987 5.7295775
1.51 10.03 0.21 4.583662 12.605071 6.3025355
1.49 10.01 0.32999998 3.4377468 12.032113 6.8754935
1.3199999 10.03 0.42999998 4.0107045 10.31324 5.7295775
1.29 10.01 0.11 6.3025355 9.740283 3.4377468
1.26 10.0199995 0.04 6.8754935 9.167324 5.15662
1.5699999 10.099999 0.38 4.0107045 9.167324 6.3025355
1.5899999 10.09 0.39 2.8647888 9.167324 4.583662
1.31 10.12 0.11 4.0107045 7.448451 1.1459155
1.3299999 9.91 0.17999999 2.8647888 4.583662 0.57295775
1.3 9.82 0.79999995 -2.291831 3.4377468 1.7188734
1.26 9.69 0.96999997 -2.291831 2.8647888 1.7188734
1.0699999 9.87 0.39 4.0107045 2.8647888 0.57295775
1.03 9.889999 0.14999999 6.3025355 3.4377468 2.291831
1.41 9.929999 0.62 0.57295775 0.57295775 2.8647888
1.4699999 9.9 0.58 0.0 0.0 2.8647888
1.1999999 9.96 0.42 1.7188734 0.0 1.7188734
1.26 9.96 0.63 0.57295775 0.0 2.291831
1.51 9.969999 0.64 -0.57295775 -1.7188734 1.7188734
1.12 9.9 0.69 0.0 -2.291831 0.0
0.96 9.9 0.52 2.291831 -1.1459155 -0.57295775
1.1899999 9.95 0.51 1.1459155 -0.57295775 1.7188734
1.1 9.92 0.78999996 0.0 0.57295775 2.291831
1.3299999 9.67 0.77 0.57295775 -0.57295775 2.291831
1.29 9.82 0.58 1.7188734 -2.291831 0.57295775
0.78 10.09 0.48 -0.57295775 0.0 -1.1459155
1.17 10.0199995 0.48 -4.583662 0.0 1.1459155
1.6899999 9.73 0.84 -8.021409 -1.1459155 2.291831
1.31 9.58 1.49 -9.167324 -3.4377468 -1.1459155
0.85999995 9.4 1.63 -2.8647888 -3.4377468 -2.8647888
0.69 9.46 1.11 5.15662 -3.4377468 -0.57295775
0.84999996 9.599999 0.35999998 8.021409 -2.8647888 4.583662
1.0799999 9.889999 0.5 3.4377468 -4.583662 6.3025355
1.4699999 9.92 0.44 2.291831 -5.7295775 6.3025355
1.25 9.969999 0.72999996 -2.291831 -5.15662 4.583662
1.3199999 10.04 1.26 -4.0107045 -4.583662 4.0107045
1.6899999 10.08 1.3299999 -4.583662 -4.583662 4.583662
1.61 10.179999 0.77 0.0 -3.4377468 2.291831
1.56 10.16 0.58 2.291831 -1.1459155 0.57295775
1.4 10.09 0.93 -1.1459155 -1.7188734 -0.57295775
1.3399999 9.969999 1.22 -1.1459155 -2.291831 -0.57295775
1.22 9.94 1.1999999 1.1459155 -3.4377468 0.0
1.67 9.969999 0.84999996 5.15662 -2.8647888 1.1459155
1.75 9.95 0.56 6.3025355 -2.291831 0.57295775
0.96 10.0 0.59 4.583662 -1.1459155 -2.8647888
1.13 9.969999 0.65999997 1.1459155 -1.7188734 -1.7188734
1.62 9.91 0.62 0.0 -2.291831 1.7188734
1.68 9.8 0.75 -1.1459155 -1.7188734 0.57295775
1.27 9.88 0.88 -1.7188734 0.0 -1.7188734
1.0699999 9.929999 0.91999996 -1.1459155 0.57295775 -2.8647888
1.43 9.74 0.78999996 0.0 -0.57295775 0.0
1.36 9.75 0.91999996 0.0 -0.57295775 0.0
1.35 9.86 0.76 0.57295775 -1.7188734 -0.57295775
1.15 9.94 0.37 2.8647888 -1.7188734 -2.291831
1.3399999 9.87 0.65 -2.291831 -0.57295775 0.0
1.29 9.7699995 1.24 -5.15662 0.57295775 0.57295775
1.3 9.7 1.3 0.0 0.0 0.0
1.4699999 9.809999 0.51 4.0107045 -1.1459155 0.0
1.3399999 9.95 0.45999998 2.291831 0.0 -0.57295775
1.3199999 9.88 0.72999996 -1.7188734 0.57295775 -1.1459155
1.31 9.92 0.64 -1.1459155 0.0 -0.57295775
1.4399999 9.889999 0.59999996 -1.7188734 0.0 -0.57295775
1.37 9.83 0.72999996 -2.291831 -0.57295775 -1.7188734
1.1 9.82 0.81 -1.7188734 -0.57295775 -2.8647888
1.2099999 9.87 0.48999998 1.1459155 0.57295775 -1.7188734
1.3299999 9.83 0.56 0.0 0.0 0.0
1.49 9.849999 0.85999995 0.0 -0.57295775 0.57295775
1.2099999 9.73 0.39999998 1.7188734 -1.1459155 -1.1459155
0.98999995 9.7699995 0.34 2.291831 -0.57295775 -1.1459155
1.35 9.88 0.96 -1.7188734 -1.1459155 0.57295775
1.37 9.91 0.69 1.1459155 -1.1459155 1.1459155
1.4499999 9.98 0.71 0.57295775 -1.1459155 1.1459155
1.43 9.95 0.77 0.0 -1.1459155 0.57295775
1.29 9.969999 0.84999996 -0.57295775 -1.1459155 -1.1459155
1.16 9.96 0.62 0.0 -0.57295775 -1.1459155
1.3199999 9.969999 0.66999996 0.0 0.0 0.0
1.48 9.969999 0.97999996 -2.291831 0.0 0.57295775
1.3199999 9.75 0.85999995 1.1459155 -1.7188734 -2.291831
0.88 9.76 0.51 3.4377468 -0.57295775 -3.4377468
