0.39999998 10.21 2.52 -4.0107045 8.594366 -1.7188734
0.35 10.03 2.71 2.291831 2.291831 -2.291831
0.06 9.54 3.82 32.658592 1.7188734 -4.0107045
-0.62 9.179999 1.6899999 64.74423 1.7188734 -1.7188734
-0.51 9.62 -2.18 71.04677 5.15662 4.0107045
-0.34 10.0199995 -2.28 30.366762 18.334648 5.15662
-0.16 10.2699995 -1.4 6.3025355 18.334648 6.3025355
0.22 9.719999 1.67 -26.929016 20.62648 8.594366
0.32 9.75 2.49 -34.950428 21.199438 9.167324
0.71 9.63 3.73 -40.680004 26.929016 9.740283
0.75 9.599999 3.9499998 -22.345354 41.825916 7.448451
0.71999997 9.74 3.3999999 -10.886198 44.11775 6.3025355
0.76 9.87 3.01 4.0107045 46.40958 2.8647888
0.61 9.9 1.5 13.750987 44.11775 -3.4377468
0.25 9.79 1.4599999 12.032113 48.128452 -5.7295775
-0.17999999 9.98 1.63 5.15662 50.420284 -6.8754935
0.7 10.11 1.43 6.8754935 54.43099 2.8647888
0.48 10.309999 1.3199999 7.448451 56.14986 2.291831
0.76 10.3 1.0699999 5.7295775 60.733524 2.291831
1.09 10.23 0.96 3.4377468 61.879436 3.4377468
1.43 10.29 1.41 -1.7188734 64.17127 4.0107045
1.29 10.09 1.55 -2.8647888 68.18198 0.0
0.48 10.11 1.64 0.0 70.47381 -3.4377468
0.44 10.21 1.11 8.594366 71.61973 1.7188734
1.68 10.15 0.22 8.594366 71.61973 1.7188734
1.35 10.21 1.0 4.0107045 71.04677 3.4377468
1.01 10.49 1.4599999 -3.4377468 75.630424 -1.7188734
1.54 10.11 0.14 5.7295775 79.641136 0.0
0.85999995 10.13 0.42999998 6.3025355 78.49522 -2.8647888
0.88 10.179999 0.71 2.8647888 79.641136 -6.3025355
1.39 9.88 0.24 1.1459155 83.07887 -3.4377468
1.39 9.559999 -0.65 2.8647888 84.22479 -3.4377468
0.79999995 9.65 -0.35999998 -5.7295775 86.516624 -6.8754935
0.57 9.83 0.19999999 -12.605071 89.95437 -0.57295775
1.4399999 9.66 -0.14999999 -12.032113 90.52733 3.4377468
1.28 9.63 -0.04 -11.459155 91.10028 5.7295775
0.96 10.09 0.42 -11.459155 91.67324 5.7295775
1.18 10.3 0.48 -6.8754935 92.24621 10.31324
2.02 9.809999 0.0 -3.4377468 92.24621 10.31324
1.9499999 9.79 -0.02 -1.7188734 90.52733 7.448451
1.3399999 10.099999 0.34 -1.7188734 89.38142 1.1459155
1.4499999 10.219999 -0.35999998 0.57295775 89.95437 0.0
1.26 10.11 -0.78 1.7188734 91.67324 2.291831
1.31 10.05 -0.17999999 -4.0107045 93.96508 2.8647888
1.8299999 10.19 -0.26999998 -4.583662 89.38142 6.3025355
1.79 10.33 -0.25 -1.1459155 86.516624 2.8647888
1.68 10.34 -0.29 -0.57295775 85.37071 1.1459155
1.68 10.3 -0.72999996 0.0 87.089584 -1.1459155
1.74 10.44 -1.1999999 0.57295775 87.662544 -1.1459155
1.66 10.41 -1.35 2.291831 88.2355 -1.7188734
1.09 9.78 -1.87 -0.57295775 81.36001 -5.7295775
1.2099999 9.599999 -2.04 -4.0107045 78.49522 -4.583662
0.81 9.73 -1.74 -10.886198 78.49522 -1.7188734
0.7 10.03 -1.42 -15.469859 80.21409 5.7295775
0.95 10.04 -1.38 -15.469859 80.21409 5.7295775
1.5899999 9.75 -1.5899999 -9.740283 69.32789 9.167324
1.3299999 9.849999 -1.4499999 -7.448451 67.60902 7.448451
0.78999996 9.79 -1.4699999 -4.0107045 64.17127 1.7188734
0.35999998 9.849999 -1.93 2.8647888 59.014652 0.0
1.06 9.74 -2.02 4.0107045 57.29578 2.8647888
0.98999995 9.929999 -2.57 3.4377468 48.701412 1.7188734
0.65999997 9.9 -2.4299998 3.4377468 48.701412 1.7188734
0.38 10.04 -1.64 -2.291831 44.11775 0.0
0.31 10.05 -1.9599999 -1.1459155 40.680004 1.1459155
0.56 10.05 -2.22 2.8647888 36.669296 4.583662
0.58 10.08 -1.36 -2.291831 32.658592 3.4377468
0.13 10.21 -1.74 1.1459155 28.64789 0.57295775
0.089999996 10.34 -1.9599999 2.8647888 26.929016 0.0
0.32 10.42 -1.75 0.0 24.637184 3.4377468
0.62 10.4 -1.27 -1.7188734 24.064226 3.4377468
0.22999999 10.349999 -1.67 0.0 21.772396 0.0
0.17999999 10.41 -1.8399999 0.57295775 19.480566 -1.7188734
0.03 10.219999 -1.18 -5.15662 17.188732 -2.8647888
-0.22999999 9.95 -0.71 -5.7295775 14.323945 -2.8647888
-0.04 9.969999 -0.81 -2.291831 13.750987 0.0
0.21 9.99 -0.31 1.1459155 13.178029 -0.57295775
0.21 9.99 -0.31 1.1459155 13.178029 -0.57295775
0.08 9.82 -1.1999999 8.594366 9.740283 -1.7188734
-0.59 9.92 -1.35 6.3025355 8.594366 -2.291831
-0.32999998 9.969999 -1.41 4.583662 6.3025355 0.0
0.42 10.0199995 -1.3399999 -0.57295775 4.583662 4.0107045
0.03 9.98 -0.58 -6.3025355 6.3025355 0.57295775
-0.06 10.12 -0.26 -5.15662 5.7295775 0.0
0.08 9.88 -0.78999996 0.0 4.583662 2.291831
0.049999997 10.0 -0.48999998 -0.57295775 5.15662 2.291831
0.04 9.99 -0.57 -0.57295775 5.7295775 0.57295775
-0.04 10.0199995 -0.64 0.0 4.583662 0.0
0.17 9.96 -0.45999998 -2.291831 2.8647888 1.1459155
0.089999996 10.05 -0.089999996 -2.8647888 5.15662 -1.1459155
-0.01 9.929999 -0.19999999 -0.57295775 4.583662 -1.7188734
0.02 9.849999 -0.98999995 5.15662 3.4377468 0.0
0.02 9.849999 -0.98999995 5.15662 3.4377468 0.0
-0.28 10.03 -0.78 1.7188734 3.4377468 0.0
-0.13 9.99 -0.68 0.0 2.291831 0.57295775
0.14999999 9.929999 -0.5 -0.57295775 1.7188734 3.4377468
0.14999999 10.08 -0.55 0.57295775 0.57295775 2.8647888
0.02 10.21 -0.84999996 1.7188734 3.4377468 1.7188734
0.32 10.03 -0.83 0.0 4.0107045 2.8647888
0.22 10.12 -0.28 -2.8647888 2.291831 2.8647888
-0.14999999 10.16 -0.22 -2.291831 2.8647888 0.0
0.14999999 10.12 -0.39999998 0.57295775 2.8647888 1.1459155
0.32999998 10.0199995 -0.71 1.7188734 2.8647888 1.7188734
0.03 10.26 -0.68 0.57295775 2.8647888 0.0
0.28 10.07 -0.57 -0.57295775 1.7188734 0.0
0.19999999 9.88 -0.62 0.0 0.0 0.0
0.03 10.23 -0.39 0.0 0.0 0.0
-0.14999999 10.32 -0.5 0.0 2.291831 -0.57295775
0.04 10.26 -0.58 0.57295775 2.8647888 0.0
0.44 9.95 -0.84999996 1.1459155 1.7188734 1.7188734
0.22999999 9.95 -0.34 -4.0107045 1.7188734 1.7188734
-0.12 10.16 -0.37 -4.583662 2.8647888 -0.57295775
-0.08 10.29 -0.35 -3.4377468 3.4377468 0.0
0.19 10.29 -0.22 0.0 3.4377468 2.8647888
0.53 10.139999 -0.71 2.8647888 2.8647888 3.4377468
0.74 10.09 -0.76 2.8647888 1.1459155 0.57295775
0.12 10.11 -0.69 0.0 -0.57295775 -4.0107045
-0.04 10.0199995 -0.24 -2.291831 0.0 -4.0107045
0.21 10.0199995 -0.58 0.57295775 1.1459155 0.0
0.21 10.0199995 -0.58 1.1459155 1.1459155 1.1459155
0.45999998 10.04 -1.3299999 0.0 1.1459155 0.57295775
-0.22999999 9.86 -0.24 -9.740283 1.7188734 -0.57295775
-0.22999999 9.849999 -0.24 -9.740283 1.7188734 -0.57295775
0.35 9.94 -0.55 -7.448451 0.0 2.8647888
0.45999998 10.0199995 -0.31 -6.8754935 0.0 1.7188734
0.26 9.98 -0.29999998 -5.7295775 0.0 -0.57295775
0.26 9.98 -0.29999998 -5.7295775 0.0 -0.57295775
