0.3902668 9.474146 0.39505535 -6.721085 -5.5276556 -5.2824802
0.45012367 9.462174 1.611347 -19.986086 -7.242655 -1.04748
0.37350687 9.469357 1.6592325 -25.306086 -9.097655 -0.31248
0.2849187 9.668081 1.2306572 -1.261085 -3.427655 -0.24247998
0.18914771 9.699207 0.74222517 9.623915 -4.967655 1.4725201
0.32562137 9.785401 0.70631105 12.913915 -7.1376553 3.1175199
0.5794145 9.852441 0.76137936 12.248916 -7.907655 5.14752
0.65363705 9.890749 0.44533512 11.618915 -6.787655 4.83252
0.6344828 9.938635 0.47167215 10.113915 -4.232655 3.08252
0.65124273 9.857229 0.4668836 8.293915 -3.147655 2.1725202
0.65842557 9.900327 0.30167863 7.7689157 -3.4626548 1.29752
0.6464542 9.924269 0.071828246 6.858915 -3.042655 -0.10248
0.57223165 9.811738 0.21069619 3.5339148 -2.237655 -1.95748
0.35435268 9.72315 0.4070267 -0.421085 -1.572655 -3.60248
0.26337022 9.665688 0.4644893 -1.8210851 -0.767655 -3.7774801
0.29689008 9.653716 0.4764607 -0.666085 -1.432655 -2.23748
0.19633053 9.63935 0.5363176 1.2239151 -5.772655 -1.11748
0.2657645 9.613013 0.6392714 3.008915 -12.7726555 -0.83747995
0.4860378 9.70639 0.7948992 4.023915 -17.462654 0.35252
0.5889916 9.871595 1.2809371 3.2539148 -17.602655 0.91252
0.3304099 9.651321 1.7669748 -0.141085 -18.302654 -1.3274801
-0.15802214 9.6896305 2.5092 -4.516085 -19.317656 -4.09248
-0.76137936 10.240314 3.344802 -7.4560857 -18.932653 -5.7024803
-0.723071 10.130177 4.314483 -8.996085 -24.007656 -5.4574804
-0.45491222 10.213976 4.5874305 -7.736085 -32.652657 -3.56748
-0.37350687 10.386364 4.230684 -1.996085 -40.632656 -3.3574803
0.10055954 10.31693 4.781367 -2.066085 -45.217655 -5.03748
0.5961744 10.058349 5.576266 -14.911085 -41.367657 -5.4574804
0.43815228 9.593859 6.114978 -28.456085 -21.662655 -7.4874806
0.24182175 9.454991 6.124555 -29.891087 2.067345 -13.61248
0.2083019 9.148524 5.8252707 -19.776085 14.142345 -15.467481
0.32562137 8.861211 5.2075477 -5.181085 10.782345 -14.102479
0.46209505 8.8085375 4.410254 7.3489156 12.182346 -11.54748
0.5554718 8.691217 4.0295644 14.0339155 21.492344 -8.2924795
0.6608198 8.693612 3.6081722 15.643916 27.932346 -3.56748
1.9441512 9.244295 2.4708917 15.678914 31.817347 1.89252
2.351178 9.742304 2.264984 14.628915 36.752346 7.422519
2.2793496 9.744699 2.423006 10.218915 32.167347 5.5325203
2.2170985 9.73991 1.4605076 5.948915 34.337345 -2.34248
2.1380875 10.000886 0.21787901 8.888915 46.937347 -3.70748
2.3463893 9.979338 -0.16041641 12.213915 50.052345 -3.60248
2.185973 9.763853 1.4293821 -14.911085 63.387344 -1.8174801
1.7358493 9.598648 2.152453 -16.241085 68.95235 -5.00248
1.7310607 9.914692 0.88109314 8.433915 63.597347 -4.09248
2.7031362 10.05356 -1.594587 36.468914 49.457348 -0.03248
2.6073654 9.900327 -2.430189 38.148914 41.092342 -5.10748
1.7310607 9.766247 -2.3559663 17.253916 47.882343 -16.02748
0.35914123 9.917087 -1.8555629 -4.901085 47.847343 -20.12248
0.6105401 9.536397 -1.8890828 -19.776085 46.412346 -12.49248
1.063058 9.1628895 -1.3719195 -32.446087 46.48234 -1.4324801
0.48124924 9.004868 -0.102953814 -41.756084 37.522346 0.17752
0.22985038 9.387952 0.71588814 -41.161087 32.797344 2.90752
0.7853221 9.624985 0.13647367 -25.796085 35.002346 12.70752
1.1468576 9.749487 -0.4166038 -5.671085 35.912346 17.50252
1.4006507 9.699207 -0.8140534 10.568915 32.692345 13.86252
1.1492519 10.240314 -1.1348863 22.923916 26.147346 8.087521
1.3216397 10.779025 -2.2601955 31.673912 22.087345 3.88752
1.3910737 10.520444 -2.762993 36.503914 21.352346 1.89252
0.9385557 10.36721 -2.2697725 29.048914 25.517345 -3.8124802
0.10774237 10.659311 -2.0183737 19.423914 28.387346 -10.427481
-0.102953814 10.946625 -2.47568 18.653913 19.007345 -12.28248
0.44772938 10.422278 -3.1580484 21.453917 3.607345 -7.83748
0.44533512 9.917087 -2.8084843 11.128915 7.0373454 -3.46248
-0.31365 9.840469 -1.9728824 -8.331085 27.582346 -5.2824802
-0.9912298 10.034406 -1.8962656 -14.8410845 37.172348 -9.86748
-0.40463245 9.567522 -2.6528566 -4.586085 27.722345 -10.14748
-0.52674043 9.203592 -2.5499027 6.858915 16.172346 -7.27748
-1.1779832 9.170073 -2.4493432 9.448915 14.807344 -12.212481
-0.91461295 9.543579 -4.0559015 16.413916 14.107345 -19.77248
-0.88109314 9.747093 -4.843618 25.653915 8.262345 -18.86248
-1.4293821 9.70639 -3.7159145 15.643916 2.5923452 -18.51248
-2.169213 9.632168 -1.620924 -12.146086 6.3023453 -21.802479
-2.351178 9.5794935 -0.9194015 -33.321083 10.432344 -21.732481
-1.7957062 9.58907 -0.5961744 -32.866085 -0.452655 -16.02748
-1.359948 9.301758 -0.339987 -23.241085 -7.907655 -6.96248
-1.472479 9.627379 -0.28252444 -14.666086 -5.387655 -2.06248
-1.2354459 9.821315 -0.61293435 1.4339151 6.3023453 -1.04748
-1.0223553 9.732727 -1.0582695 7.488915 5.882345 -0.03248
-1.2091088 9.615408 -0.98404694 7.5239153 6.8273454 -0.48747998
-1.3838909 9.586677 -0.68236834 4.618915 4.4823456 -0.90748006
-1.2091088 9.663293 -0.4860378 1.3639151 1.437345 1.89252
-1.1013664 9.696813 -0.35435268 -0.771085 -1.8176551 5.4275203
-1.0534809 9.730332 0.016759925 -2.906085 -3.007655 7.14252
-0.9984126 9.692024 0.22266756 -4.026085 -1.047655 7.6325197
-0.82123625 9.646533 0.026337024 -0.106085 -4.967655 8.71752
-0.56265455 9.778218 0.05506832 2.763915 -10.1476555 10.18752
-0.51716334 9.996098 0.2657645 -0.736085 -5.632655 11.482519
-0.44533512 9.955395 0.2657645 -4.166085 0.037345003 11.20252
-0.2753416 9.754275 0.08619389 -2.4860852 0.52734506 10.11752
-0.2466103 9.976943 0.043096945 0.73391503 -5.4226556 7.03752
-0.24182175 10.058349 0.12929083 1.1189151 -10.007655 3.88752
-0.5147691 9.933846 0.43815228 -0.94608504 -7.732655 1.19252
-0.77574503 9.701602 0.69912827 -2.766085 -3.672655 -0.9774801
-0.68715686 9.862018 0.6895511 -1.926085 -1.8176551 0.73752
-0.19393626 9.945818 0.4764607 -0.21108499 -1.2226549 5.35752
-0.05985687 9.941029 0.17478207 1.1189151 0.14234501 7.5625205
-0.28252444 9.809344 0.021548472 3.428915 -0.627655 5.0775204
-0.39505535 9.696813 0.24900457 3.358915 -2.867655 1.6125201
-0.23224466 9.694419 0.7805336 -1.1560851 -1.047655 1.89252
-0.42378664 9.727939 0.96489275 -4.5510855 3.362345 3.7125204
-0.38547826 9.73991 0.53392327 -1.121085 8.262345 3.81752
0.083799616 9.73991 -0.16041641 5.598915 9.662345 4.41252
0.06943397 9.804555 -0.33519846 8.923915 3.082345 4.16752
-0.43815228 9.943423 0.083799616 6.053915 -3.182655 0.59752005
-0.5961744 9.75667 0.46209505 -0.45608503 -2.867655 -2.65748
-0.5770202 9.632168 0.3328042 -4.796085 1.157345 -1.60748
-0.5147691 9.715967 -0.19393626 -3.6410851 1.5073451 0.94752
-0.2657645 9.833286 0.011971374 -1.926085 -0.24265501 4.23752
-0.15562786 9.859624 0.44054657 -6.266085 0.66734505 7.9475203
-0.26337022 9.862018 0.43815228 -11.201085 1.5423449 7.73752
-0.021548472 9.692024 0.10774237 -8.716085 -0.907655 5.35752
0.07422252 9.565128 0.35674694 -4.691085 -2.937655 4.93752
-0.18435916 9.675264 0.90982443 -5.391085 -4.897655 -0.10248
-0.44772938 9.742304 0.75180227 -0.52608496 -3.9176548 -2.41248
-0.34477556 9.634562 0.3423813 5.703915 -3.042655 -1.9924802
-0.30646718 9.677659 0.11971374 8.258915 -2.692655 -1.60748
-0.23942748 9.847652 -0.009577099 7.978915 -3.2176552 -1.01248
-0.22506183 9.955395 0.057462595 5.878915 -3.252655 0.35252
-0.05506832 9.933846 0.08858817 2.973915 -3.007655 2.24252
0.0 9.907509 0.14365649 1.468915 -5.1776547 2.48752
0.0 10.000886 0.37590113 -0.666085 -5.632655 1.9625201
0.08140534 10.058349 0.6703969 -3.326085 -3.252655 2.10252
0.043096945 9.991309 0.6703969 -2.9410853 -2.2026548 0.91252
-0.0670397 9.859624 0.4285752 1.328915 -2.972655 -1.9924802
-0.21069619 9.826104 0.44294083 4.618915 -1.642655 -3.56748
-0.21787901 10.0200405 0.15802214 5.353915 0.52734506 -3.67248
-0.05506832 10.05356 -0.22266756 6.263915 0.52734506 -2.65748
-0.10774237 9.98652 -0.12689656 4.653915 -1.047655 -2.41248
-0.4070267 9.778218 0.3974496 -0.036085 -0.522655 -4.05748
-0.54828894 9.759064 0.4860378 -2.311085 1.087345 -5.2474804
-0.45970076 9.73991 0.15323359 0.068915 0.9473451 -4.33748
-0.32083282 9.711179 -0.12929083 2.658915 -0.382655 -2.09748
-0.34716985 9.694419 -0.045491222 2.308915 -2.1326551 -1.18748
-0.3902668 9.732727 0.28252444 -0.52608496 -2.692655 -1.25748
-0.38547826 9.7135725 0.5458947 -3.5360851 -1.432655 -0.90748006
-0.30886146 9.730332 0.4836435 -3.5360851 0.737345 0.07252
-0.20590763 9.747093 0.14844504 -0.351085 1.087345 0.56252
-0.23463893 9.783007 -0.021548472 3.6739151 -1.782655 -0.10248
-0.2753416 9.727939 0.0047885496 4.0939145 -3.357655 -1.25748
