0.9385557 9.783007 0.7637737 4.479125 -19.94832 8.451136
0.7637737 9.718362 1.1516461 -4.095875 -7.76832 5.861135
0.37350687 9.727939 1.3288225 -6.405875 2.9416802 1.346135
0.32083282 9.680053 1.2258687 -3.290875 1.15668 1.241135
0.62251145 9.550762 1.2593886 0.279125 -5.8783197 2.816135
0.5506832 9.435837 1.3407938 1.2591251 -9.27332 2.361135
0.4668836 9.210775 1.7454263 0.10412501 -9.51832 0.576135
0.40463245 9.002473 2.152453 -1.5408751 -11.30332 0.506135
0.083799616 8.954588 2.5115943 -1.0158751 -21.17332 -0.29886502
0.083799616 9.14613 3.6632404 -1.680875 -40.42332 -2.538865
-0.43096948 8.712766 5.3248672 -10.220875 -68.073326 -7.9288645
-1.4700848 8.557138 7.699988 -23.135876 -84.06832 -16.958864
-1.8411974 8.92825 9.337671 -26.950874 -75.84332 -22.208866
-1.6879637 9.246689 10.132571 -24.325876 -41.12332 -16.643866
-0.08858817 9.754275 11.6098385 -21.630877 4.16668 -0.788865
1.3024855 10.082292 11.073521 -8.505875 27.96668 11.006135
1.8962656 10.496501 9.126976 24.779125 22.506681 8.871135
2.1021733 10.273833 6.447782 59.184128 11.86668 2.536135
2.710319 10.618608 4.6041903 72.204124 16.346682 -0.858865
3.4022646 10.422278 3.476487 64.29413 25.48168 -7.123865
3.9864676 10.122993 1.8483802 49.209126 39.83168 -9.608865
3.6823947 10.032011 0.9577099 32.899124 65.03168 -13.073865
3.4381785 9.466963 0.9026416 18.339127 75.11169 -18.568865
2.466103 9.100638 -0.16041641 10.429125 66.64168 -24.798864
1.5754328 9.428655 -1.5778271 14.944124 64.54168 -31.203863
1.6065584 9.591465 -2.3535721 18.409124 69.266685 -31.693863
2.7510219 9.62259 -2.779753 8.819126 72.41669 -15.908865
3.3160706 9.170073 -2.099779 -8.645875 64.01668 0.331135
2.5211713 8.909097 -1.0846065 -29.575876 53.656677 6.701135
2.2027328 9.103033 0.43575802 -47.040874 58.76668 10.271135
2.6720107 8.923462 0.92658436 -51.205875 74.16668 15.381135
3.179597 9.088667 0.28731298 -33.705875 65.20668 19.231134
3.0287576 9.25866 -0.5650489 -2.9408753 44.48668 19.371136
2.569057 9.227535 -1.2809371 21.804125 37.38168 13.981135
2.430189 9.100638 -1.6951466 35.31413 47.98668 10.166135
2.597788 9.498088 -2.0614705 42.069126 55.26668 7.9961348
2.6432793 9.60583 -2.6767993 46.899124 51.521683 6.5611353
2.403852 9.306546 -3.4812756 52.954124 48.371685 4.706135
2.0902019 8.873182 -3.6464806 51.869125 59.571682 1.241135
2.2099156 9.131764 -3.1149516 42.664124 70.35168 0.051135
2.2697725 9.038387 -3.4453614 43.749123 71.01668 -2.293865
1.838803 8.834874 -4.9633317 56.314125 68.21668 -10.623866
1.5059988 8.664881 -5.774991 62.15912 53.79668 -18.253864
0.81644773 9.244295 -5.0830455 50.434124 43.40168 -21.928865
0.40223816 9.816526 -4.575459 33.494125 46.41168 -18.358866
0.98404694 9.42626 -5.4062724 25.304125 50.611683 -9.923865
0.58420306 9.122187 -5.6552773 21.139124 49.42168 -7.018865
-0.6344828 9.486116 -5.174028 17.569124 45.36168 -14.088865
-1.7981004 10.072714 -5.506832 15.189125 36.96168 -17.693865
-1.4748733 9.452597 -7.0008597 15.049125 35.91168 -6.703865
-0.038308397 9.196409 -6.656084 3.394125 36.71668 13.106135
0.21069619 10.067925 -4.371946 -18.410873 27.96668 20.316137
0.29928434 10.125388 -3.387899 -30.520874 16.62668 13.176135
0.21069619 9.428655 -3.8667538 -25.200876 14.94668 6.246135
0.27294734 9.371192 -3.6823947 -14.700875 19.111681 -0.438865
-0.17717634 9.771035 -2.925804 -8.435875 7.3166795 -8.173865
-0.5889916 9.900327 -2.6001825 -3.9558752 -5.56332 -16.293865
-0.23463893 9.648928 -2.9234095 1.119125 -3.9533198 -14.893867
-0.37111259 9.687236 -2.8970726 4.3041253 -1.22332 -8.908865
-0.24900457 9.847652 -2.5092 3.044125 -1.53832 -6.878865
0.06464542 9.692024 -2.5834224 1.014125 -7.6283197 -3.728865
0.18196489 9.450203 -2.2625897 -2.1008751 -12.28332 1.731135
0.2083019 9.668081 -1.376708 -9.695875 -7.38332 6.071135
0.18435916 9.725544 -0.9792584 -14.455875 -6.4383197 3.9011352
0.09337672 9.818921 -1.0917894 -11.620875 -8.60832 1.6261351
0.42139238 9.670476 -1.3072741 -6.965875 -9.65832 2.8511348
0.5961744 9.526819 -1.1205206 -5.530875 -10.18332 5.616135
0.43096948 9.6585045 -0.7948992 -7.105875 -4.9683204 6.246135
0.2466103 9.670476 -0.8332076 -7.595875 -2.27332 3.6911354
0.7015225 9.670476 -0.845179 -4.2358756 -5.0733204 1.206135
0.26337022 9.646533 -1.3551595 -1.225875 -5.7383204 1.6261351
0.117319465 9.794978 -1.6400782 2.414125 -6.5783205 -0.368865
0.5865973 9.718362 -1.0941836 -7.3158755 -2.79832 3.6561348
0.5650489 9.876384 -0.6392714 -14.070875 1.2966801 6.211135
0.18196489 9.668081 -0.9624985 -10.815875 0.0016800001 4.2861347
0.46209505 9.613013 -1.0415095 -7.4908752 -0.69832003 4.1111355
0.600963 9.811738 -0.7134939 -7.7358756 -3.42832 4.2161355
0.24421602 10.008069 -0.6344828 -6.4758754 -6.01832 2.011135
0.7110996 9.809344 -0.96489275 -3.430875 -1.9933201 1.836135
0.85236186 9.895537 -0.94573855 -1.0158751 -4.5833197 1.661135
0.339987 9.991309 -0.76137936 -0.280875 -7.0333204 -2.6788652
0.4285752 10.000886 -0.9217958 -0.980875 -2.6933198 -3.2388651
0.69673395 9.816526 -1.1899546 0.314125 -4.7583203 -0.22886501
0.45970076 9.747093 -0.95531565 -0.49087498 -6.8583198 -1.033865
0.3519584 9.744699 -0.84039044 -3.7808752 -3.14832 -3.098865
0.4764607 9.672871 -1.0032011 -4.7608747 -2.37832 -1.453865
0.7709565 9.478934 -1.0223553 -4.7608747 -3.2183201 0.78613496
0.409421 9.531608 -0.71828246 -6.4758754 -2.79832 -0.33386502
0.3304099 9.562734 -0.7637737 -5.9508753 -3.42832 -3.553865
0.37350687 9.390346 -0.9074302 -3.7808752 -2.97332 -3.553865
0.05506832 9.352037 -0.7805336 -2.975875 0.66668004 -3.273865
0.06464542 9.495694 -0.6081458 -2.8008752 1.61168 -2.7838652
-0.043096945 9.5794935 -0.723071 -0.840875 -2.02832 -0.578865
0.23942748 9.7135725 -1.1037607 2.484125 -3.7783198 0.821135
0.5650489 9.718362 -1.2258687 4.759125 -5.10832 3.236135
0.45491222 9.79019 -0.84039044 1.8891249 -5.56332 4.391135
0.3998439 9.883567 -0.47167215 -3.7808752 -0.20832 3.516135
0.5027977 9.799767 -0.84278476 -4.445875 1.61168 2.571135
0.3328042 9.6896305 -1.0726352 -0.070875 -2.23832 1.4161351
0.18435916 9.8237095 -0.6201172 -0.35087502 0.84168 1.2761351
0.32562137 9.924269 -0.45491222 -4.025875 3.7116802 1.6261351
0.6249057 9.893144 -0.8475733 -2.1708748 -1.5033201 2.081135
0.6943397 9.964972 -0.89067024 2.414125 -4.79332 3.551135
0.7039168 9.964972 -0.6560313 1.364125 -1.01332 4.0411353
0.7805336 9.893144 -0.44533512 -1.155875 0.98168004 2.6061351
0.6560313 9.80695 -0.6560313 -1.225875 1.1916801 1.066135
0.65124273 9.8548355 -0.7541966 1.154125 1.71668 -0.788865
0.50998056 9.900327 -0.83081335 3.394125 2.38168 -2.4338648
0.4644893 9.869201 -1.0750294 3.9541254 1.68168 -3.623865
0.4956149 9.73991 -1.1300977 2.694125 1.9616798 -4.638865
0.11492519 9.701602 -0.8571504 0.244125 2.03168 -6.563865
-0.0071828244 9.634562 -0.85236186 -1.435875 3.11668 -6.0038652
0.2083019 9.562734 -1.0008069 -1.0158751 3.11668 -1.488865
