-0.13886794 9.862018 -0.53871185 2.449125 -4.16332 -1.803865
0.045491222 9.505271 -0.16041641 -4.6908755 -3.9183202 -1.453865
-0.13886794 9.502876 0.5770202 -12.880875 -5.7383204 -0.9638651
-0.2777359 9.60583 0.86912173 -13.230875 -6.64832 -1.173865
-0.2370332 9.469357 0.53871185 -5.8458753 -5.70332 1.4161351
-0.30646718 9.397529 0.3423813 2.099125 -7.66332 3.6911354
-0.36632404 9.299363 0.5458947 3.989125 -10.49832 5.126135
-0.25379312 9.158101 0.5985687 3.009125 -14.593321 7.156135
-0.18914771 8.9976845 0.70870537 2.484125 -16.34332 8.836136
-0.25139886 9.021627 1.1779832 0.139125 -17.07832 7.891135
-0.20351335 9.086273 1.5562786 -3.3608751 -20.78832 5.196135
-0.9385557 8.820508 2.0447106 -7.5258756 -28.69832 -0.403865
-2.0973847 8.667274 3.6009893 -18.375874 -35.69832 -10.168865
-2.5379312 9.122187 6.409474 -37.625877 -29.013319 -15.663866
-1.3072741 9.364009 7.678439 -47.91588 -28.803322 -8.628865
-0.888276 9.660899 7.474926 -36.330875 -35.27832 2.046135
-0.65842557 10.122993 7.4964743 -16.310875 -32.54832 4.846135
0.37590113 10.046377 7.4270406 -4.270875 -30.658318 5.931135
0.7685622 10.067925 6.8069234 2.2041252 -23.41332 8.171135
1.1085492 10.276228 5.956956 9.484125 -5.1783204 7.5061355
1.3791022 10.247497 5.1045938 15.644127 13.476681 5.826135
1.8004947 10.182851 4.9968514 19.039125 19.53168 2.886135
2.5044115 10.027223 4.242655 19.879124 24.39668 3.761135
2.9928436 9.794978 2.7294734 23.309126 38.78168 6.316135
2.8084843 9.378374 1.1731946 30.624126 50.29668 6.946135
2.2242813 9.794978 0.8547561 33.949123 56.981678 1.311135
2.6767993 10.051166 1.0989721 29.154127 60.02668 -6.7388654
3.6392977 9.950606 0.17478207 20.544125 60.16668 -5.968865
4.3863115 9.888355 0.11013664 13.299126 68.741684 8.171135
4.436591 9.835681 0.6392714 8.014125 63.946674 3.761135
3.921822 9.510059 0.2370332 13.439125 62.86168 -4.358865
3.3783216 9.244295 -0.4764607 23.169125 66.53668 -6.9488654
3.2897336 9.201198 -0.31604427 20.894125 65.20668 -3.5888653
3.5866237 9.771035 -0.44533512 13.474125 69.51167 1.9411348
3.9673133 9.957788 -1.3096683 17.464127 72.62668 5.896135
3.11974 9.081485 -2.22907 27.684126 52.326683 -1.383865
2.257801 8.763046 -2.4780743 34.649128 25.69168 -9.258865
1.9944309 8.770228 -2.2410412 30.939129 18.306679 -3.973865
1.759792 9.253872 -1.7478206 22.014126 27.021679 8.661136
2.3679378 9.172467 -2.1213274 20.544125 39.09668 16.746136
2.9665065 9.138947 -3.371139 35.20912 21.106682 17.831135
2.7917244 9.287392 -4.436591 51.554127 4.97168 14.821135
1.8531687 9.759064 -3.8859081 49.804123 16.73168 8.696135
0.41420954 11.020847 -4.3671575 38.534122 32.58668 0.961135
1.2186859 10.565935 -7.972935 36.714123 43.22668 0.821135
1.5395187 9.517242 -9.172467 27.824125 49.911682 9.886135
0.25139886 8.952193 -7.800547 -6.510875 60.096676 11.111135
-0.80687064 9.002473 -3.9170337 -47.495876 67.516685 6.911135
-0.7685622 9.239507 -2.8611584 -65.62587 56.10668 7.646135
0.08858817 8.530801 -4.0535073 -43.995876 51.62668 15.381135
-0.1340794 9.232324 -4.4916596 -5.390875 47.951683 19.161135
-0.3040729 9.692024 -4.9010806 19.529125 31.15168 8.276135
0.12210801 9.953 -5.1021996 29.889122 19.25168 2.571135
0.6296943 9.98652 -5.174028 26.984123 18.271679 4.2861347
0.4644893 9.818921 -5.03516 17.079124 18.55168 0.506135
0.16281068 9.732727 -3.9888618 6.6141253 18.166681 -5.338865
0.5411061 9.696813 -2.691165 -3.5708752 14.31668 -8.803865
0.6296943 9.596253 -2.6145482 -8.190875 7.6316805 -9.468865
0.3902668 9.261055 -2.6767993 -2.905875 5.4966803 -11.638865
0.08619389 9.4932995 -1.8699286 1.9591252 3.99168 -14.193865
0.15083931 9.567522 -1.3934679 1.1891251 -1.2583201 -16.573866
0.071828246 9.421472 -1.9920366 2.309125 -5.2133203 -14.508865
0.5770202 9.483723 -2.0590763 6.999125 -4.72332 -9.433865
1.1253091 9.644139 -1.664021 5.109125 -4.6533203 -1.523865
1.5036045 9.840469 -1.228263 -11.655875 -6.8583198 4.1111355
1.3407938 9.797373 -1.063058 -12.985875 -6.78832 -2.188865
0.87151605 9.562734 -0.7901107 -12.110876 -5.38832 -7.543865
0.7350424 9.474146 -0.4668836 -11.060875 -2.23832 -6.773865
0.59378016 9.517242 -0.07422252 -12.075875 -1.32832 -4.1488647
0.31125572 9.466963 -0.21787901 -8.820875 1.5066801 -2.118865
0.7901107 9.457385 -0.5818088 -2.695875 1.7866801 3.236135
1.2234744 9.574705 -0.90024734 2.624125 -2.7633202 8.206135
1.0032011 9.8787775 -0.8930645 4.619125 -5.56332 6.036135
0.90503585 9.857229 -1.0295382 4.129125 -4.47832 1.7661351
0.86912173 9.60583 -0.9601042 2.2041252 -2.02832 0.71613497
0.7350424 9.663293 -0.6296943 -0.980875 0.28168002 1.241135
0.749408 9.871595 -0.5985687 -1.820875 2.48668 2.3261352
1.1300977 9.718362 -1.1300977 2.134125 2.6966798 4.531135
0.9720756 9.646533 -1.1300977 5.564125 0.87668 4.426135
0.6105401 9.785401 -0.9433443 5.0041246 0.66668004 1.4161351
0.7446195 9.73991 -1.185166 2.554125 4.27168 3.2011352
1.1468576 9.620196 -1.2067145 -2.065875 10.36168 9.431134
1.2929084 9.751882 -0.69912827 -6.8258753 13.021681 12.791135
1.3096683 9.857229 -0.6081458 -7.4908752 8.92668 9.501136
1.3096683 9.8237095 -1.0175668 -0.91087496 3.7816803 5.686135
1.1923488 9.6896305 -1.2737542 5.109125 2.38168 3.2711349
0.9505271 9.680053 -0.9624985 4.8291254 3.3966799 0.296135
0.90982443 9.727939 -0.7134939 1.8891249 2.31168 -2.328865
1.0223553 9.766247 -0.9289786 0.944125 1.4366801 -1.173865
1.1564348 9.629773 -1.333611 2.519125 3.8866804 0.611135
1.0415095 9.624985 -1.1420691 3.919125 3.32668 -0.22886501
0.87630457 9.675264 -0.7829279 2.624125 0.03668 -2.7838652
0.80687064 9.517242 -0.8140534 0.244125 -0.55832 -3.3788652
0.8834874 9.380769 -0.9577099 0.699125 1.9966801 -1.873865
1.0391153 9.399923 -0.8667275 3.009125 1.08668 0.331135
1.2569942 9.526819 -0.6440599 2.239125 -0.03332 3.761135
1.4365649 9.668081 -0.65363705 -1.0858752 3.3966799 5.616135
1.3072741 9.785401 -0.7972935 -1.365875 3.67668 3.9011352
0.7901107 9.98652 -1.1300977 2.484125 -0.38332 -0.683865
0.71588814 9.809344 -1.5203645 4.9341254 -1.04832 -4.463865
0.85236186 9.694419 -1.4605076 2.834125 2.7666802 -2.538865
1.0295382 9.850046 -0.9888355 -3.9558752 5.6716805 0.961135
1.1253091 9.864412 -0.69912827 -9.870875 3.99168 3.796135
1.1995317 9.876384 -0.65124273 -4.725875 -0.41832 3.061135
1.2593886 9.864412 -0.9696813 1.9591252 -2.83332 -0.9638651
1.1731946 9.840469 -1.1779832 4.654125 -2.16832 -2.573865
0.8834874 9.778218 -1.2713599 3.5341249 0.91168 -2.188865
0.82602483 9.70639 -1.1109436 1.784125 1.05168 -0.823865
0.94573855 9.70639 -0.9816527 1.539125 -2.83332 0.051135
1.228263 9.787795 -1.0989721 2.589125 -3.49832 2.6761348
1.3671309 9.596253 -1.2402344 0.664125 0.59668005 4.3211355
1.3551595 9.541185 -0.9624985 -3.255875 2.7316802 2.571135
1.1995317 9.510059 -0.54828894 -4.7608747 -0.31332 -0.22886501
0.8978531 9.62259 -0.3519584 -3.710875 -0.41832 -2.258865
0.967287 9.574705 -0.723071 -0.560875 2.20668 -2.573865
1.201926 9.557945 -1.0534809 3.779125 1.01668 -0.998865
1.1181264 9.5483675 -1.1300977 5.354125 -0.76831996 -0.788865
0.83081335 9.629773 -0.7781393 1.749125 1.68168 -1.348865
