0.0 10.11 0.83 16.042818 5.7295775 -2.8647888
-0.049999997 10.11 0.61 14.896902 4.0107045 -1.1459155
0.26999998 10.38 1.03 4.583662 0.57295775 2.291831
0.42 9.82 1.89 -1.7188734 2.291831 1.7188734
0.24 9.86 2.28 -3.4377468 3.4377468 0.0
0.17999999 10.349999 3.03 -4.0107045 0.0 -1.7188734
0.76 10.04 2.1399999 5.15662 2.291831 -2.8647888
0.53999996 9.71 1.86 8.021409 6.3025355 -4.583662
-0.04 9.83 2.53 -5.15662 3.4377468 -5.7295775
0.22 10.099999 3.03 -5.15662 3.4377468 -5.7295775
0.71 9.74 2.52 0.0 4.583662 -2.8647888
0.37 9.309999 2.6 -1.7188734 5.15662 -3.4377468
-0.39999998 9.91 4.06 -16.042818 4.0107045 -4.583662
-0.22999999 10.88 4.7799997 -11.459155 8.021409 2.8647888
1.75 10.48 2.97 5.15662 8.021409 14.323945
1.5899999 9.19 1.81 8.594366 8.594366 13.178029
0.06 9.46 1.8199999 0.0 24.637184 -5.7295775
0.45 9.58 2.03 0.0 37.242256 -2.8647888
1.09 9.46 1.79 0.0 34.377464 1.7188734
0.65999997 9.809999 2.01 -3.4377468 37.242256 0.0
0.61 9.7699995 2.03 -6.8754935 38.961132 -1.7188734
0.56 10.0199995 2.11 -8.594366 44.69071 -1.7188734
0.39 10.28 1.9799999 -5.7295775 49.27437 -1.1459155
0.91999996 10.09 1.8399999 -2.8647888 56.72282 4.583662
1.1999999 9.76 2.08 -8.594366 59.58761 7.448451
0.81 9.98 1.93 -6.3025355 64.74423 4.583662
0.81 9.98 1.93 -6.3025355 64.74423 4.583662
1.0699999 9.71 1.78 -6.8754935 65.317184 4.583662
1.1899999 9.88 1.87 -2.291831 66.463104 4.583662
1.04 9.75 1.65 1.1459155 68.18198 3.4377468
1.27 9.889999 1.17 5.15662 71.61973 3.4377468
1.48 9.74 1.11 3.4377468 71.04677 4.583662
1.75 9.76 1.01 1.7188734 68.75493 4.583662
1.67 9.84 0.53 4.0107045 67.60902 3.4377468
1.38 10.2 0.48999998 3.4377468 67.60902 0.0
1.3199999 10.37 0.11 5.7295775 67.60902 -0.57295775
0.81 10.37 -0.21 12.032113 73.33859 -0.57295775
0.48 10.34 -0.45999998 12.605071 75.630424 1.1459155
0.56 10.48 -0.48999998 10.886198 73.91155 3.4377468
1.13 10.29 -0.37 2.291831 72.19268 9.740283
1.43 9.65 0.04 -14.323945 70.47381 10.886198
0.82 9.69 0.91999996 -18.907606 72.19268 5.7295775
0.72999996 9.7699995 1.04 -15.469859 72.76564 5.15662
1.0699999 9.62 0.7 -2.291831 70.47381 10.886198
1.4699999 9.66 -0.04 3.4377468 65.890144 10.886198
0.93 9.96 -0.29999998 1.1459155 63.598316 4.583662
0.96999997 9.71 -0.06 -5.7295775 61.879436 2.291831
0.96999997 9.61 -0.089999996 -6.3025355 59.58761 2.291831
0.91999996 9.7 -0.17 -5.15662 59.58761 2.291831
0.84999996 9.76 -0.53 -2.291831 60.733524 2.8647888
0.5 9.74 -0.9 0.0 64.74423 4.583662
0.68 9.9 -1.43 1.1459155 65.317184 6.8754935
1.03 9.99 -1.76 2.291831 61.30648 10.886198
0.89 9.969999 -1.7099999 1.1459155 55.00395 9.167324
0.71999997 9.55 -2.1299999 2.8647888 46.98254 6.8754935
0.82 9.59 -1.88 -0.57295775 40.107044 6.3025355
0.45999998 9.94 -1.8399999 -2.8647888 38.961132 4.0107045
0.44 9.94 -1.8499999 -2.291831 37.242256 4.583662
0.56 10.07 -2.03 0.0 29.793804 5.15662
0.64 10.25 -2.18 1.1459155 25.7831 4.583662
0.47 10.25 -1.8 -3.4377468 21.772396 0.0
0.29999998 10.4 -1.4 -5.7295775 17.761692 -1.7188734
-0.04 10.179999 -1.68 2.291831 17.761692 -2.8647888
-0.089999996 10.28 -1.39 3.4377468 17.188732 -2.291831
-0.06 10.38 -1.16 2.8647888 16.042818 -1.1459155
0.26 10.19 -0.96 4.0107045 16.615776 0.0
0.53999996 10.25 -1.0799999 8.594366 13.750987 1.1459155
0.06 10.05 -1.38 9.167324 12.032113 -1.1459155
-0.34 9.99 -1.17 7.448451 10.886198 -5.7295775
-0.26999998 9.83 -0.85999995 2.291831 10.886198 -4.0107045
-0.35999998 9.84 -0.66999996 0.0 9.167324 0.0
0.32999998 10.099999 -0.79999995 2.8647888 8.594366 2.8647888
0.32999998 9.929999 -0.81 2.8647888 2.8647888 1.7188734
-0.17 10.04 -0.21 -0.57295775 4.583662 -1.1459155
-0.32999998 10.059999 -0.17999999 -4.0107045 4.583662 -2.291831
0.04 9.94 -0.66999996 -1.1459155 5.15662 0.57295775
0.049999997 9.969999 -0.53 0.0 3.4377468 1.7188734
0.02 10.19 -0.35 -0.57295775 2.291831 1.1459155
0.29 9.929999 -0.29999998 -4.0107045 2.8647888 1.1459155
0.12 9.83 -0.19 -6.8754935 2.8647888 0.0
-0.29 9.99 -0.03 -4.583662 3.4377468 -0.57295775
0.13 10.17 -0.17 -1.7188734 0.0 1.1459155
-0.16 10.03 -0.21 -0.57295775 -0.57295775 0.57295775
-0.26999998 10.03 -0.04 -2.291831 2.291831 0.0
0.26999998 10.05 0.13 -3.4377468 0.57295775 2.291831
0.16 10.04 0.14999999 -3.4377468 0.57295775 2.291831
0.07 10.17 -0.02 -1.1459155 0.57295775 0.0
0.19 10.2 0.06 -1.7188734 -0.57295775 0.57295775
0.17999999 10.07 0.26 -2.291831 -0.57295775 0.0
0.04 9.96 0.32 -2.8647888 0.57295775 -1.7188734
-0.02 9.86 0.39999998 -2.291831 1.7188734 0.0
0.089999996 10.059999 0.31 -0.57295775 2.8647888 1.1459155
0.29 10.05 -0.13 1.1459155 1.1459155 2.291831
-0.01 10.19 0.08 -2.8647888 0.0 0.0
0.24 9.849999 0.7 -5.7295775 0.57295775 0.57295775
0.22999999 10.04 0.44 0.0 0.57295775 0.0
0.01 10.23 -0.06 0.57295775 0.57295775 -1.1459155
0.089999996 10.099999 -0.01 -1.1459155 0.0 -0.57295775
0.02 9.9 0.47 -4.583662 0.0 0.0
0.14 10.03 0.53999996 -3.4377468 0.57295775 0.57295775
0.29 9.969999 0.14 0.0 1.1459155 0.0
-0.08 9.92 -0.03 0.57295775 1.1459155 -2.8647888
-0.16 9.87 -0.02 0.0 0.0 -2.291831
0.0 9.9 0.45 -2.291831 0.0 0.0
0.11 9.75 0.7 1.1459155 0.57295775 2.291831
-0.07 9.9 0.59999996 4.0107045 2.8647888 2.8647888
0.32999998 10.2 -0.03 9.740283 6.3025355 5.15662
0.53999996 10.24 -0.32999998 10.886198 6.8754935 5.7295775
-0.03 10.13 -0.41 4.0107045 5.7295775 -0.57295775
-0.17 10.0 0.58 -6.3025355 2.291831 -2.291831
0.02 9.99 0.32999998 -4.0107045 2.291831 1.1459155
0.13 10.12 -0.02 0.0 1.1459155 2.291831
0.45999998 10.25 0.28 -1.7188734 0.57295775 4.0107045
0.32999998 10.09 0.25 -1.1459155 0.0 0.0
0.099999994 10.03 0.39999998 -1.7188734 0.0 -1.7188734
0.19999999 10.0 0.69 -2.8647888 0.0 -2.291831
0.17 10.03 -0.25 0.57295775 1.1459155 -1.7188734
0.17 10.03 -0.25 4.0107045 1.1459155 -2.8647888
-0.16 10.099999 -0.37 2.8647888 0.57295775 -4.0107045
0.11 10.099999 0.42 -5.15662 0.0 -1.7188734
0.26999998 9.91 -0.01 -2.8647888 0.0 0.0
0.049999997 10.04 -0.01 -4.0107045 1.7188734 -1.1459155
0.01 10.01 0.12 -4.0107045 1.7188734 -1.1459155
0.26 10.03 0.38 -5.15662 0.57295775 -1.1459155
-0.07 10.03 0.08 0.0 1.7188734 -1.7188734
0.29999998 10.16 0.22999999 -1.1459155 3.4377468 0.57295775
0.42999998 10.059999 -0.089999996 0.0 4.0107045 0.0
0.049999997 10.139999 -0.17 0.0 6.3025355 -2.291831
0.08 10.19 -0.19999999 -1.1459155 5.7295775 -1.7188734
0.07 10.23 -0.16 -4.0107045 4.583662 -0.57295775
0.07 10.24 0.11 -4.583662 4.583662 -0.57295775
