-0.016759925 9.423865 0.14365649 1.8105152 -2.9897351 -6.9191146
0.0 9.318518 1.0917894 -10.474485 -0.6097351 -4.7141156
0.0670397 9.201198 1.3407938 -20.974485 4.1152654 -1.9841151
-0.12689656 9.306546 0.749408 -17.054485 3.415265 -0.33911502
-0.22985038 9.3280945 0.32083282 4.6805153 -5.544735 2.4608848
-0.019154198 9.4932995 0.44533512 3.5955148 -7.1897354 5.435885
0.5506832 9.651321 0.69912827 0.620515 -7.119735 7.8858852
0.5818088 9.727939 0.5411061 0.655515 -6.594735 6.380885
0.44772938 9.77343 0.33759275 1.4605149 -5.334735 2.285885
0.17957062 9.737515 0.5554718 -2.284485 -4.529735 -0.93411505
-0.076616794 9.751882 0.75180227 -6.274485 -3.024735 -2.9991152
0.009577099 9.665688 0.90982443 -6.729485 -2.919735 -1.844115
-0.05985687 9.656111 0.8092649 -4.0694847 -4.074735 0.290885
-0.021548472 9.684841 0.95531565 -1.9694848 -5.4397345 2.180885
0.11253092 9.711179 0.9888355 -1.234485 -7.7147346 4.210885
0.10055954 9.727939 0.7829279 0.165515 -9.464736 5.540885
0.1699935 9.735122 0.6464542 0.515515 -9.429735 5.785885
0.2466103 9.754275 0.81165916 -2.109485 -8.4847355 6.415885
0.4285752 9.842864 1.0486923 -4.7694855 -8.974734 6.6608853
0.5554718 9.850046 0.8834874 -2.634485 -13.524735 5.365885
0.60335726 9.883567 0.6464542 1.005515 -17.829737 3.3358848
0.4070267 9.960183 1.0462981 -1.304485 -18.949736 1.270885
0.2370332 9.866806 1.8962656 -10.474485 -19.824736 -1.599115
-0.102953814 10.096657 2.9521408 -19.049484 -25.179737 -5.729115
-0.5985687 10.793391 3.7853484 -22.829485 -37.989735 -9.439115
-0.6201172 10.63058 4.975303 -30.564486 -55.419735 -12.274116
-1.2186859 9.404712 7.1157846 -52.999485 -59.969738 -16.789114
-2.4445546 8.473338 9.663293 -77.81448 -40.544735 -23.824116
-1.9656997 8.22194 9.914692 -77.989494 -21.959736 -21.409115
-1.5826156 8.473338 8.923462 -43.794487 -12.264735 -10.559114
-1.23784 8.76544 7.4102807 -0.849485 -4.669735 -5.274115
-0.8978531 8.640938 6.572284 24.245516 7.8602643 0.85088503
0.31125572 8.868394 5.95935 30.090517 21.335266 11.035885
1.3096683 9.177256 5.0926223 29.250513 23.050264 20.240885
2.0614705 9.3592205 5.025583 25.820517 21.405264 20.660885
2.281744 9.115005 5.152479 14.690515 34.320267 15.550886
2.1716073 9.150918 4.1085753 4.400515 56.930267 8.095884
2.901861 9.3280945 2.19555 4.9255147 75.27027 3.615885
3.301705 8.664881 0.9313729 9.755515 79.82027 4.805885
2.205127 8.075889 1.1372806 -0.079485 83.77526 2.425885
1.6089526 8.327288 1.6137413 -24.054485 97.42527 -3.349115
1.9297855 8.822903 1.960911 -43.549484 103.44527 -1.879115
2.631308 8.631361 2.779753 -51.039486 93.78526 10.755886
2.099779 8.492493 3.8523881 -33.644485 66.66027 13.870886
2.0878077 8.516436 3.3160706 2.1255152 52.730267 11.560884
2.8300328 8.590658 0.55786604 39.78552 38.415264 20.660885
2.6815877 9.04557 -0.52913475 48.465515 28.860268 27.660887
1.8292259 9.720756 1.664021 26.345514 32.88527 25.175886
2.2003386 10.40073 2.5379312 11.085516 40.445267 27.870886
3.8763309 10.225947 0.18196489 26.380514 37.120266 39.70089
4.4677167 10.1541195 -1.0391153 36.355515 36.770264 43.410885
2.9497466 10.522838 0.9984126 20.430517 45.415268 27.415886
2.0902019 10.35045 1.6185298 9.755515 53.885265 11.840885
2.2506182 10.039194 -0.49082634 29.285515 47.900265 10.860886
3.0335462 9.677659 -2.516383 50.950516 32.500267 20.345886
1.8172545 9.876384 -2.2793496 44.020515 25.430265 18.105886
0.7015225 10.197216 -1.472479 25.085514 37.645264 7.2908845
1.3719195 10.077502 -2.5642684 21.585516 38.590263 10.405886
1.9465454 10.582695 -2.944958 28.900515 27.880266 22.550886
1.6807809 10.491713 -2.6935592 25.960516 24.485268 23.285885
1.7071179 10.455798 -3.1867797 25.995516 26.970266 10.405886
1.3719195 10.946625 -3.5602865 36.880516 15.420265 0.53588504
1.4557191 11.030424 -3.9529476 46.155514 -0.329735 -8.494116
0.9217958 10.59706 -3.9050622 42.095516 0.615265 -20.184116
-0.117319465 10.281016 -3.6632404 30.930515 11.570266 -30.194118
-0.38547826 10.295382 -2.9904492 20.290514 15.035265 -33.904118
-0.23942748 10.254679 -2.0279508 7.6905146 10.450266 -27.464115
0.06943397 9.737515 -1.3886794 -3.9644847 10.730266 -16.999115
0.1340794 9.538791 -1.010384 -8.199485 18.465265 -8.039115
0.31843856 9.768641 -0.8571504 -3.019485 23.155266 -3.734115
0.409421 9.378374 -0.888276 7.3405147 15.945265 -5.589115
-0.3615355 9.141341 -1.5347302 16.895515 7.0902653 -9.159116
-0.6656084 9.196409 -1.9226027 25.260513 1.0702649 -16.929115
-0.7350424 9.287392 -1.2234744 22.075516 -7.609735 -19.799114
-0.9960183 8.9498 -1.0965779 1.670515 -3.8297348 -11.819115
-0.90024734 9.122187 -0.38068968 -17.509485 11.570266 -0.899115
-0.31365 9.366403 0.20351335 -28.954487 15.945265 9.705886
0.34477556 9.615408 0.56744313 -32.979485 8.560265 17.265886
0.95531565 9.399923 0.5602603 -29.759485 2.5402648 20.065886
0.6153286 9.648928 0.9912298 -20.484486 4.745265 13.695885
0.45012367 9.864412 1.4485363 -12.189486 3.7652652 5.400885
0.97446984 9.955395 0.5027977 3.9805148 -4.529735 2.950885
1.2617828 10.113417 -0.14844504 15.425516 -7.9247346 3.0558848
1.0032011 10.204399 -0.4644893 12.975514 -5.509735 0.325885
0.62251145 10.125388 0.08619389 3.875515 -3.3047352 -2.8591151
0.69194543 10.005674 0.37350687 -3.789485 -1.519735 -2.369115
0.65124273 9.962578 0.28252444 -4.979485 -1.799735 -0.44411498
0.818842 9.895537 0.21069619 -2.4244852 -3.409735 0.57088506
0.72546524 9.826104 0.3040729 -2.3194852 -3.6197352 -0.234115
0.50758624 9.818921 0.52674043 -3.6494849 -3.3047352 -3.034115
0.5961744 9.754275 0.6560313 -3.5794852 -4.214735 -3.419115
0.54350036 9.615408 0.5913859 -2.354485 -3.3047352 -2.124115
0.56744313 9.632168 0.6656084 -0.079485 -2.709735 -2.264115
0.6153286 9.763853 0.38547826 2.790515 -4.599735 -2.334115
0.5506832 9.715967 0.22506183 4.540515 -5.194735 -3.559115
0.3232271 9.687236 0.5458947 1.215515 -2.114735 -2.7541149
0.56744313 9.670476 0.5961744 -2.739485 0.195265 -1.249115
0.5889916 9.720756 0.4932206 -1.1994851 -0.749735 0.325885
0.54828894 9.584282 0.339987 1.530515 -2.464735 -0.094115
0.09337672 9.708784 0.6608198 1.8105152 -2.569735 -0.96911496
-0.03351985 9.778218 0.5985687 0.060514994 -1.169735 -0.68911505
0.38308397 9.850046 0.23463893 -0.464485 -0.014734999 4.105885
0.967287 9.845258 0.28013015 -1.794485 3.170265 12.155885
1.2450229 10.000886 0.8571504 -6.1344852 6.845265 16.215885
1.3982565 10.106234 1.0439038 -8.829486 6.565265 13.975885
0.8978531 9.893144 0.3232271 -4.209485 4.745265 6.310885
0.42618093 9.6585045 0.3304099 4.3305154 2.960265 -3.104115
0.08858817 9.608225 0.44772938 5.835515 -0.18973501 -8.494116
0.29928434 9.675264 0.45491222 3.770515 -3.059735 -7.6541147
0.5219519 9.742304 0.4285752 1.0405151 -1.519735 -1.459115
0.6105401 9.668081 0.4668836 -3.2644851 2.470265 4.6658854
0.71588814 9.720756 0.76616794 -6.869485 4.640265 6.2408853
0.64166564 9.787795 0.85236186 -9.074485 4.535265 6.835885
0.7877164 9.75667 0.6177229 -7.674485 3.6252651 5.680885
0.84278476 9.682447 0.32562137 -3.404485 2.750265 4.4558854
0.56265455 9.792584 0.59378016 -0.744485 1.665265 3.8258853
0.679974 9.885961 0.77574503 -0.919485 -1.869735 1.270885
0.8834874 9.852441 0.08619389 2.335515 -3.4797351 2.145885
0.87630457 9.799767 0.12929083 -0.35948503 -1.204735 2.8108852
0.7996878 9.715967 0.6296943 -9.109485 2.960265 3.650885
0.87630457 9.732727 1.2689656 -13.064486 5.270265 4.735885
0.85954463 9.75667 1.1516461 -7.1844854 3.065265 3.4058852
0.98404694 9.804555 0.44054657 3.525515 -1.4497349 1.095885
0.91700727 9.759064 0.117319465 6.745515 -3.024735 0.53588504
0.7541966 9.759064 0.6249057 -0.254485 -0.049735 0.150885
0.65363705 9.818921 0.94095 -6.9044847 3.4502652 0.745885
0.75180227 9.771035 0.6296943 -4.4894853 4.5702653 2.110885
