0.41420954 9.766247 1.0654523 -3.3650053 -0.9725451 -1.748425
0.8356019 9.766247 1.6233183 -9.630006 -6.9225454 0.66657495
0.6751855 9.754275 1.4198049 -6.1300054 -10.282545 1.6465751
0.51716334 9.785401 0.8379962 1.394995 -9.022545 0.001575
0.53871185 9.8237095 0.8834874 2.0949948 -7.2025456 -1.503425
0.84996754 9.809344 1.1205206 -2.770005 -6.607545 0.806575
0.9624985 9.771035 1.2522057 -5.850005 -5.382545 2.031575
0.84996754 9.73991 1.3407938 -6.410005 -4.052545 -0.103424996
0.723071 9.5794935 1.3982565 -6.095005 -3.2475452 -2.938425
0.4956149 9.4142885 1.3910737 -5.290005 -3.0375452 -3.7784252
0.35674694 9.483723 1.211503 -3.7150052 -5.802545 -2.098425
0.37590113 9.457385 1.3431882 -3.400005 -9.232545 -1.118425
0.68715686 9.469357 1.7813405 -6.445005 -8.112545 0.351575
0.7206767 9.601042 1.5897985 -6.1300054 -1.462545 3.536575
0.4189981 9.70639 1.1971374 1.604995 0.32245502 3.466575
0.13647367 9.759064 2.0327394 6.049995 -8.497545 0.66657495
-0.102953814 9.60583 3.0766432 0.204995 -30.687544 -1.223425
-0.13886794 9.421472 3.7542229 -9.630006 -48.747543 -0.48842502
-0.34477556 9.416683 4.5347567 -18.800005 -32.717545 0.316575
-0.7206767 9.641745 4.8555894 -23.420006 1.4774551 2.801575
-1.2593886 9.821315 4.932206 -13.6550045 6.062455 4.551575
-0.6201172 9.747093 5.734288 2.1649952 -27.222546 1.4715749
-0.62251145 8.854029 6.6608725 3.7049947 -58.96755 -5.7034254
-2.2745612 8.614601 8.118986 -15.685005 -41.292545 -12.423425
-1.1779832 8.10462 8.7822 -36.370007 13.132455 -11.268426
-0.3304099 8.348836 7.865193 -31.540003 49.252453 3.151575
-0.1699935 8.940222 6.804529 -0.110005 43.057457 12.496575
0.7996878 8.482916 5.7797794 31.214996 15.092454 9.521575
1.2522057 8.490098 5.2075477 38.774994 4.522455 6.3715754
2.1380875 8.537984 5.4924664 25.404997 21.357454 10.816575
1.8962656 8.3129225 5.7582307 -6.865005 52.997456 2.6965752
2.0542877 8.382356 5.29853 -2.770005 47.432457 -1.958425
2.343995 8.341654 4.7334814 9.759995 36.232456 1.611575
2.8013015 8.74868 4.460534 18.859995 35.707455 7.876575
4.230684 9.411894 3.7614057 26.139994 39.312454 13.756576
4.539545 9.624985 2.423006 39.29999 40.012455 11.341576
3.991256 9.61062 1.2426286 48.469994 45.122456 6.1965747
3.469304 9.900327 1.7430321 48.609997 36.827457 -0.24342498
3.9505534 10.10384 0.4932206 47.139996 31.892454 -3.8834252
4.2235007 11.020847 -2.5714512 44.584995 49.847454 0.561575
4.2737803 10.810151 -2.7893302 26.279997 63.182453 5.9165754
3.0910087 9.799767 0.19633053 -12.325006 65.492455 1.576575
2.2170985 10.173274 1.5371244 -38.855007 76.727455 -2.728425
3.2538195 10.73114 -0.18675344 -24.855005 67.45245 3.361575
4.8555894 10.678466 -2.6145482 5.804995 48.832455 14.596576
3.9864676 9.732727 -1.8268317 4.859995 50.092453 13.826574
2.7342618 8.818114 0.80208206 -22.650005 61.85246 -0.348425
1.4221992 9.804555 1.9680939 -32.660004 58.772453 -5.003425
4.209135 10.276228 -0.5865973 -6.935005 56.217457 6.3715754
4.6568646 9.586677 -3.0646718 23.759996 72.00246 12.776575
2.52596 8.839663 -1.8316202 35.519997 69.20245 -5.003425
-0.44772938 9.948212 -0.94573855 32.719997 46.522457 -29.678425
1.1684061 10.060742 -4.146884 36.884995 44.842457 -25.268425
2.1811843 9.775824 -6.589044 40.489994 55.69246 7.666575
1.2546 9.567522 -4.599402 10.214995 61.817455 24.746574
0.76616794 9.244295 -1.1348863 -38.645004 64.617455 31.011576
1.5826156 9.143736 0.5961744 -65.21 56.252457 38.326576
2.3296294 9.569917 -1.4317763 -44.000004 45.437454 43.611572
2.6073654 10.000886 -2.8443985 2.0599952 46.522457 39.166576
2.5570855 10.027223 -3.093403 26.874996 43.792454 28.421577
1.6041641 9.957788 -2.6839821 27.819994 30.352455 16.591574
0.6081458 10.2091875 -2.5738454 23.514996 22.932455 2.451575
0.22506183 9.842864 -3.1029801 23.444994 20.167456 -7.558425
0.6703969 9.804555 -2.4996228 21.729994 21.952456 -5.388425
0.7733508 10.0200405 -1.5514901 11.754995 20.377455 1.5065751
0.6656084 9.862018 -2.0279508 5.944995 8.582456 2.276575
0.6608198 9.598648 -2.0925963 12.454995 2.317455 0.351575
0.69194543 9.852441 -1.1540405 13.399995 5.677455 -0.173425
1.0510867 10.125388 -0.32562137 1.8149949 16.667456 0.981575
1.6879637 10.055954 -1.2617828 -2.525005 22.057455 1.611575
1.5538844 10.130177 -1.620924 9.724995 12.187455 -2.658425
0.6847626 9.96976 -0.54350036 6.6099954 7.672456 -20.683424
0.36392978 9.924269 0.20351335 -0.145005 10.787456 -20.543427
0.7637737 9.91948 -0.3040729 3.354995 9.177455 -15.678424
1.0606637 9.941029 -0.79250497 6.2949953 7.707454 -11.548425
0.7302538 9.747093 -0.17957062 2.7949948 3.8224547 -11.3734255
0.47885495 9.569917 0.16041641 1.919995 -2.267545 -12.318424
0.1340794 9.862018 -0.052674048 6.329995 -6.4675455 -11.443425
0.73743665 9.909904 -1.0486923 9.304996 -5.312545 -6.3684254
1.0462981 9.804555 -0.9984126 3.8449953 -3.8425448 -0.48842502
0.39266106 10.010463 0.44054657 -6.970005 -4.822545 -2.308425
0.24421602 9.979338 0.6057515 -9.350005 -5.452545 -6.088425
0.7039168 9.744699 0.19154198 0.16999501 -10.667545 -4.723425
0.74701375 9.838076 0.22745611 7.0649953 -13.397545 -3.848425
0.723071 10.199611 0.36392978 6.434995 -8.0075445 -5.458425
0.52674043 10.254679 -0.2561874 7.4849944 -6.2925453 -8.783425
0.4189981 9.943423 -0.74701375 9.514995 -8.077545 -9.483426
0.22506183 9.553157 0.05985687 1.464995 -8.287545 -6.858425
0.5027977 9.311335 0.55307746 -10.960005 -7.272545 -4.198425
0.46209505 9.244295 0.8044763 -14.005006 -8.672545 -2.343425
0.39266106 9.320911 1.1348863 -11.205006 -7.2025456 -0.838425
0.84996754 9.361614 0.90982443 -6.340005 -3.8775449 1.4715749
1.0439038 9.526819 0.531529 2.129995 -5.452545 2.136575
0.4860378 9.835681 0.50040346 8.359995 -7.692545 -1.713425
0.5243462 9.775824 -0.014365649 10.389996 -6.3275447 -5.2134247
0.54828894 9.660899 -0.18435916 12.384995 -7.3775454 -3.5684252
0.45012367 9.6896305 0.3040729 9.129995 -8.392545 -1.748425
0.38308397 9.708784 0.57223165 2.829995 -7.517545 -0.208425
0.42618093 9.720756 0.4740664 1.2549951 -7.3775454 1.9265751
0.45251793 9.737515 -0.057462595 5.314995 -8.882545 3.501575
0.8332076 9.725544 -0.047885496 6.5399947 -6.4675455 4.3065753
0.96489275 9.9889145 0.52913475 2.304995 -6.012545 5.986575
0.54350036 10.125388 0.15562786 -0.250005 -7.5875454 3.5715752
0.36392978 10.0368 -0.2777359 4.9999948 -8.322545 -1.5384251
0.5770202 9.964972 -0.009577099 7.589995 -6.677545 -3.323425
0.66800267 10.051166 0.5913859 0.869995 -3.142545 1.4715749
0.9505271 10.000886 0.10774237 -4.8350053 0.917455 4.6565747
1.0846065 9.838076 -0.31843856 -0.60000503 -0.272545 3.8865752
0.600963 9.847652 0.11971374 4.579995 -3.7375453 0.491575
0.35435268 9.830893 0.46209505 0.029995002 -5.7675447 -5.8084254
0.40463245 9.862018 0.29210153 2.3399951 -4.262545 -4.583425
0.7039168 9.890749 -0.102953814 5.874995 -4.367545 -3.463425
0.4860378 9.859624 0.026337024 5.664995 -6.4675455 -5.423425
0.24182175 9.73991 0.2083019 3.389995 -5.872545 -6.4384255
0.3304099 9.562734 -0.11971374 3.7399952 -5.1025453 -4.058425
0.6344828 9.562734 -0.15083931 1.709995 -3.5275452 0.596575
0.6847626 9.7135725 0.28731298 -3.470005 -1.287545 3.2915752
0.75180227 9.754275 0.34956414 -6.5850053 1.4424549 3.2915752
0.7015225 9.636956 0.12689656 -4.205005 -0.272545 2.031575
0.49082634 9.586677 0.18196489 -1.720005 -1.9875451 0.316575
0.48124924 9.629773 0.46927786 -3.2250051 -2.127545 0.38657498
0.5818088 9.670476 0.54828894 -3.190005 -1.0775449 2.2065752
0.7326481 9.727939 0.3040729 0.239995 0.812455 3.466575
0.8547561 9.895537 -0.043096945 4.3349953 0.182455 2.3465748
0.6656084 10.005674 -0.035914123 4.6149955 -0.132545 0.38657498
0.80208206 9.816526 0.062251143 1.779995 0.602455 -1.2934251
0.46209505 9.708784 0.37350687 0.204995 -0.272545 -2.308425
0.20351335 9.768641 0.50758624 0.029995002 0.637455 -3.7084253
0.5554718 9.945818 0.09337672 1.4299951 1.8274552 -1.013425
0.94095 10.051166 -0.11492519 3.144995 2.212455 3.501575
0.5865973 10.008069 0.08858817 1.709995 1.932455 1.6465751
