0.03351985 9.584282 0.3615355 -0.86359 0.62489 -5.46322
0.85236186 9.512454 0.9912298 -5.62359 -4.97511 2.6217802
0.82123625 9.665688 1.4509305 -10.278589 -11.24011 7.94178
0.35914123 9.70639 0.38787252 -4.0485897 -5.0101104 4.1967797
0.45251793 9.77343 0.10055954 7.5714107 -0.11011 -0.24822001
0.5602603 9.766247 0.3232271 8.55141 -2.9801102 -0.56322
0.36871833 9.747093 0.73743665 2.11141 -5.85011 -2.20822
0.33519846 9.660899 0.967287 -4.11859 -5.43011 -4.02822
0.4740664 9.6585045 0.88588166 -5.51859 -3.99511 -3.71322
0.4764607 9.63935 0.7589851 -2.99859 -1.82511 -1.6482201
0.2753416 9.715967 0.69194543 -0.16359 -2.49011 -0.21321999
0.4166038 9.785401 0.8643332 -0.09359 -4.3101096 0.27678
0.5818088 9.715967 0.66321415 1.06141 -5.99011 1.8517802
0.6249057 9.627379 0.505192 2.14641 -5.0101104 1.29178
0.50998056 9.6896305 0.61293435 -1.1435901 -2.14011 0.59177995
0.3519584 9.656111 0.7541966 -4.25859 -0.49511 -0.63322
0.22027329 9.498088 0.7996878 -4.8185906 -2.8751101 -1.0882201
0.05506832 9.469357 0.9601042 -4.18859 -4.9401097 0.41678002
0.18196489 9.466963 1.1827718 -1.3885901 -7.88011 3.53178
0.18914771 9.438231 1.1420691 4.2114096 -13.20011 6.50678
0.29928434 9.60583 1.010384 11.946411 -22.860111 8.0817795
0.9026416 9.237112 1.0343267 16.18141 -37.00011 7.1367803
-0.11971374 9.340066 1.7933118 11.946411 -45.400112 2.48178
-0.6177229 9.517242 3.093403 4.87641 -53.45011 -4.72822
-0.32801566 9.301758 3.265791 4.77141 -57.09011 -8.47322
-0.18435916 9.361614 3.6704233 4.28141 -53.83511 -7.10822
-0.6249057 9.474146 4.575459 -6.2185903 -37.07011 -6.51322
-1.0247496 9.557945 4.862772 -13.28859 -23.91011 -8.508221
-0.71588814 9.591465 4.640105 -7.8985896 -21.25011 -5.53322
0.19154198 9.708784 5.025583 0.01141 -23.66511 1.2567801
0.7206767 9.909904 5.008823 4.66641 -19.99011 3.14678
0.52913475 10.343267 4.4820824 12.29641 -5.57011 2.30678
1.2306572 10.692831 3.1388943 25.876411 2.72489 3.77678
1.5467016 10.604243 2.6001825 35.991413 -0.8801101 3.49678
1.4652961 10.163696 2.6528566 29.131409 4.4748898 -1.8932201
1.2402344 10.084685 2.6863763 13.6264105 23.33989 -6.02322
1.3527653 10.149331 1.9537282 6.27641 35.69489 -5.56822
1.5993756 10.096657 1.6975409 10.266411 30.72489 -4.9032197
1.9872481 9.780613 2.1021733 11.0014105 24.70489 -6.82822
1.0486923 9.941029 1.9992194 4.14141 29.39489 -9.768221
1.759792 9.696813 1.1516461 2.77641 38.424892 -9.73322
1.9992194 9.768641 0.59378016 6.5564103 40.66489 -5.53322
2.0159793 9.931452 0.5698374 5.1914105 34.39989 -6.61822
2.1380875 9.842864 0.74222517 -4.60859 36.42989 -9.278219
1.3216397 9.5244255 1.0822122 -20.56859 47.87489 -10.32822
0.90024734 9.246689 1.3623424 -30.018589 46.54489 -9.453221
1.2953026 9.457385 1.6496553 -23.82359 35.34489 -4.4482203
1.6400782 9.244295 1.5634614 -15.87859 37.059895 -0.87821996
1.6041641 9.033599 0.8475733 -3.7685902 42.624893 1.60678
1.7645805 9.186832 0.7134939 6.5564103 38.249893 4.93178
2.0782306 9.349643 0.5913859 10.58141 27.64489 6.85678
2.1452703 9.222747 0.04070267 11.49141 30.549889 6.64678
1.9010541 9.134158 0.019154198 9.216411 40.55989 6.22678
1.1013664 9.771035 0.45251793 3.3014102 43.32489 6.08678
1.7262721 9.732727 -0.011971374 1.4464101 41.57489 10.18178
2.238647 9.759064 -0.44054657 5.40141 35.62489 13.3317795
2.0375278 9.500483 -0.83081335 5.22641 36.84989 10.216781
1.4557191 9.124581 -0.58420306 -2.22859 47.48989 6.26178
1.2498114 9.107821 -0.045491222 -12.16859 50.814888 8.36178
1.3288225 9.670476 0.39505535 -14.54859 45.91489 14.731781
1.9441512 10.113417 -0.5889916 -5.62359 36.77989 19.87678
2.597788 9.586677 -1.89866 0.39641002 34.364887 23.166779
1.6951466 9.45978 -1.3814965 -12.343591 46.05489 23.55178
0.71588814 9.672871 0.61293435 -36.178593 62.819893 19.84178
0.75180227 9.991309 0.75180227 -41.67359 63.099895 18.75678
1.472479 10.134965 -0.052674048 -18.92359 41.329887 23.481781
2.19555 9.608225 -1.2522057 5.1914105 30.12989 25.686779
1.8052832 9.730332 -1.489239 15.69141 30.794891 22.746778
1.1708003 10.336084 -0.84039044 17.091412 33.41989 17.531778
1.3048798 10.472558 -0.49800915 17.47641 32.82489 14.48678
1.350371 10.412702 -0.9792584 25.73641 26.69989 11.861779
1.1660118 10.324113 -3.2897336 36.69141 28.20489 7.5567794
0.9194015 10.108628 -3.0527003 32.946407 36.149895 8.466781
1.0199611 9.747093 -1.0534809 -1.3885901 50.814888 11.1267805
1.1564348 9.550762 0.14365649 -34.04359 68.83989 12.98178
1.7358493 10.000886 -0.5458947 -29.49359 66.634895 12.17678
1.7023294 10.362421 -1.5443072 1.9364101 42.48489 4.93178
1.4581133 10.2091875 -1.9058428 29.691412 20.329891 -8.088221
1.1803775 9.510059 -1.776552 35.746414 17.59989 -18.90322
0.17957062 9.4932995 -1.359948 29.831408 21.58989 -22.99822
-0.38787252 9.675264 -1.1109436 22.62141 25.264893 -23.173222
-0.0670397 9.366403 -1.9585168 20.13641 26.489891 -19.04322
0.021548472 9.325701 -2.2170985 23.356411 22.04489 -10.01322
0.019154198 9.720756 -1.6496553 18.596409 20.049889 -0.59822
0.117319465 10.245102 -1.2091088 -4.9235897 19.629889 14.661779
0.90982443 10.343267 -1.2162915 -10.34859 20.95989 18.89678
1.5850099 10.26665 -1.185166 -13.60359 19.13989 20.331781
1.0391153 10.35045 0.05027977 -16.928589 19.06989 11.96678
0.9289786 10.187639 0.54828894 -10.62859 15.219892 2.0267801
0.8356019 9.921875 -0.16759923 10.02141 4.15989 -4.3082204
0.6751855 10.235525 -0.5602603 24.47641 -2.0351102 -8.578219
0.99362403 10.31693 -0.73743665 26.296412 -5.57011 -8.75322
0.83081335 10.259467 -1.5323359 24.72141 -8.96511 -9.24322
0.6847626 9.77343 -1.4868447 15.341411 -5.22011 -9.90822
0.7541966 9.5244255 -0.09577099 -6.04359 1.60489 -4.7632203
0.38547826 9.636956 0.888276 -16.78859 4.26489 -1.85822
0.7446195 9.766247 -0.54828894 -4.74859 0.44989 -2.8382201
1.0510867 9.641745 -1.3264283 8.691411 -9.45511 -1.33322
0.6057515 9.593859 -0.014365649 -0.54859 -7.70511 0.20678
0.38787252 9.828498 1.1277034 -14.05859 0.27489 -1.61322
0.6847626 9.876384 0.2849187 -6.6385903 -4.76511 -1.68322
0.9505271 9.768641 -0.7637737 7.50141 -11.34511 0.90677994
1.0917894 9.840469 0.011971374 4.07141 -7.70511 3.81178
1.2737542 9.929058 0.8547561 -9.3335905 -3.2251098 5.3867803
1.2689656 9.950606 0.94095 -12.133591 -4.80011 4.65178
0.9433443 9.682447 0.6608198 -4.9935904 -5.39511 1.88678
0.845179 9.651321 0.7805336 0.01141 -1.68511 -1.0882201
1.0439038 9.761458 0.6177229 4.3164096 -1.61511 -1.71822
1.0127783 9.931452 0.18196489 10.93141 -4.83511 -1.47322
1.036721 9.924269 -0.1987248 14.22141 -4.59011 -2.38322
1.1420691 9.859624 -0.0670397 12.261411 -2.42011 -3.3632202
0.9194015 9.660899 0.31365 6.69641 -0.98511 -4.3082204
0.6703969 9.500483 0.45730647 2.25141 -0.70511 -6.09322
0.7709565 9.495694 0.34716985 1.13141 -0.00511 -5.74322
1.036721 9.57231 0.33519846 2.32141 -1.1251099 -1.96322
1.0271438 9.727939 0.4956149 2.28641 -2.66511 2.1317801
0.93616146 9.909904 0.3040729 1.83141 -0.04011 1.7117801
0.90982443 9.6896305 -0.21548474 4.8064103 0.93988997 -0.98322004
0.6057515 9.565128 -0.339987 9.076409 -0.39011 -3.2932198
0.39505535 9.672871 0.13168511 7.9564104 -0.53011 -3.9232202
0.85236186 9.850046 0.45970076 -0.75859 -1.5801101 4.58178
1.3000913 9.909904 0.09337672 2.04141 -1.2301099 7.20678
1.3024855 9.818921 -0.18435916 3.16141 -0.32011002 4.65178
0.9864412 9.921875 0.41420954 -1.42359 2.26989 0.83678
0.9194015 9.912297 0.723071 -1.5985901 2.54989 -2.10322
0.8475733 9.859624 0.18675344 5.85641 1.8498899 -3.2932198
1.0917894 9.749487 -0.4932206 11.806411 1.98989 -1.78822
1.0151725 9.787795 -0.5147691 9.67141 3.7398896 -1.96322
0.56744313 9.783007 -0.36632404 5.82141 3.6698902 -5.04322
0.3998439 9.692024 -0.09337672 3.09141 0.02989 -4.7982197
0.6751855 9.744699 0.38308397 -0.09359 -1.44011 0.24178
1.1253091 9.737515 0.14365649 0.22141 0.48489 4.93178
1.23784 9.680053 -0.38068968 4.4214096 2.54989 5.91178
1.0965779 9.648928 -0.3040729 3.5464098 2.6898901 3.7067804
1.0415095 9.909904 -0.026337024 -1.63359 1.7098899 2.51678
1.0965779 9.749487 -0.1987248 -5.51859 3.17989 2.4117799
0.6201172 9.598648 -0.38068968 -6.9885902 8.00989 1.15178
0.44533512 9.648928 0.10055954 -8.773591 9.864891 0.83678
0.7996878 9.601042 0.35914123 -10.73359 6.88989 4.02178
1.1803775 9.742304 0.0023942748 -6.18359 4.57989 6.26178
1.201926 10.010463 -0.56265455 2.28641 1.07989 5.3867803
1.0175668 10.00328 -0.29689008 4.59641 -1.89511 1.53678
0.8379962 9.718362 0.03351985 -2.05359 0.79989004 -2.69822
0.5027977 9.519637 0.14605077 -5.16859 2.72489 -4.6582203
0.4932206 9.751882 0.28013015 -1.73859 -1.72011 -3.4682202
1.0055954 9.859624 0.08619389 2.07641 -5.92011 0.90677994
1.3623424 9.933846 -0.40223816 3.86141 -3.0851102 4.3017797
1.1037607 9.802161 -0.58420306 4.9114103 0.13489 3.42678
0.6895511 9.742304 -0.13647367 2.32141 -1.0201101 -0.49321997
0.6560313 9.608225 0.31125572 -3.59359 -1.9651101 -2.4532201
