-0.35674694 9.90272 0.5363176 -2.1444852 -0.329735 0.290885
-0.18675344 9.799767 0.69912827 -4.419485 -3.9697354 1.620885
-0.17957062 9.787795 0.65363705 -5.3644853 -8.799735 3.545885
-0.20111908 9.787795 0.6464542 -3.9644847 -5.194735 5.0508847
-0.16281068 9.768641 0.7446195 -4.1744847 -3.269735 5.1558847
0.019154198 9.783007 0.7709565 -2.109485 -4.179735 5.260885
0.1987248 9.821315 0.6703969 1.7055151 -7.364735 5.365885
0.3304099 9.847652 0.59378016 4.505515 -10.199736 4.140885
0.32562137 9.890749 0.4932206 3.420515 -9.114736 2.4958851
0.2681588 9.821315 0.66800267 -0.569485 -5.019735 0.64088506
0.117319465 9.747093 0.75180227 -3.6494849 -2.604735 -0.68911505
0.06464542 9.694419 0.84278476 -3.789485 -2.184735 -0.899115
0.12450229 9.682447 0.79250497 -1.759485 -2.2197351 0.080885
0.21787901 9.727939 0.6249057 1.215515 -2.289735 1.095885
0.1699935 9.699207 0.5889916 3.315515 -3.6197352 1.5158849
0.019154198 9.703996 0.4836435 4.610515 -5.054735 1.270885
0.071828246 9.749487 0.30646718 5.0655155 -5.3697352 2.040885
0.2083019 9.857229 0.4070267 3.9805148 -5.089735 2.635885
0.05506832 9.943423 0.7733508 -0.49948502 -4.844735 1.270885
-0.48843205 9.991309 0.8475733 -6.869485 -2.9897351 -2.159115
-1.1109436 10.012857 1.2234744 -14.324485 1.000265 -5.274115
-1.3862851 9.974549 2.2793496 -21.954483 2.855265 -6.8491154
-1.5227587 9.648928 3.0287576 -27.904486 -2.639735 -7.4441147
-1.7286664 9.61062 3.6297207 -29.969486 -9.884735 -7.339115
-1.5275474 9.696813 3.9960446 -26.924486 -10.479735 -4.504115
-1.0415095 9.636956 4.1971636 -20.239487 -6.3147354 0.990885
-0.94095 9.761458 3.8619652 -11.349484 -0.57473505 4.770885
-1.0486923 9.885961 3.318465 -3.159485 3.170265 4.840885
-1.0917894 9.754275 3.5387383 -2.109485 6.845265 3.9308853
-0.967287 9.557945 4.120547 -8.4794855 11.395266 2.950885
-0.5243462 9.411894 4.216318 -12.924485 13.110265 3.8258853
-0.6296943 9.37598 3.7015488 -10.579485 14.160265 5.435885
-1.1731946 9.284998 3.8188684 -7.534485 19.795265 4.595885
-0.9792584 9.002473 4.2474437 -11.5594845 27.320265 3.545885
-0.25858167 8.842057 4.3599744 -15.724485 28.720266 8.060885
0.28252444 8.79896 4.2378664 -12.609485 24.485268 16.495886
0.6201172 8.650515 4.0989985 -5.154485 25.955267 22.550886
1.1013664 8.892337 3.7542229 2.8605154 39.570263 25.315884
1.4221992 9.332883 2.5666625 14.340515 51.435265 27.800884
1.812466 9.720756 2.056682 30.230513 47.865265 26.855885
1.8244374 9.526819 2.099779 29.110516 37.890266 12.960885
1.515576 9.644139 1.9489397 22.985514 43.280266 7.8158855
1.8411974 9.783007 1.6400782 18.540516 47.970264 8.935885
2.0447106 9.888355 1.6783867 13.605515 47.060265 11.280886
2.0542877 9.684841 2.176396 12.310515 43.525265 9.845885
2.2242813 9.862018 1.8411974 20.815516 36.910267 7.080885
2.403852 10.127783 0.6296943 33.800518 29.560266 6.730885
2.7486274 9.943423 -0.06943397 34.150517 29.840263 7.5008855
2.3344178 9.407105 0.12210801 20.465515 30.750263 5.0158854
1.4174107 9.325701 0.6560313 4.9255147 31.940264 2.355885
1.010384 10.218765 0.600963 -1.864485 27.180267 5.820885
2.710319 9.976943 -0.57462597 -3.159485 14.300265 21.850885
3.5339496 9.835681 -0.9313729 -15.234486 11.045265 42.080883
3.3759274 9.636956 -0.08619389 -37.914486 25.185266 46.980885
2.9090438 9.265843 0.38308397 -53.489487 35.965267 43.130886
2.978478 8.813326 0.41181526 -51.564487 32.745266 41.310886
3.0119977 8.667274 0.888276 -42.849487 29.490263 39.980885
2.423006 8.74868 1.7166951 -32.594486 32.010265 31.895887
1.9992194 8.612206 1.776552 -15.9344845 34.145267 19.470884
2.126116 8.628966 1.1875603 13.115516 24.485268 10.930885
2.7462332 8.506859 0.14365649 43.600517 8.3502655 7.7108855
2.3727264 8.729526 -0.2753416 60.750515 0.405265 4.595885
1.812466 9.148524 -0.49082634 64.60052 5.6902647 -3.839115
2.1548474 9.694419 -0.91700727 66.03552 5.235265 -8.564115
2.1285102 9.842864 -2.803696 65.68552 -2.114735 -6.079115
1.9130256 9.380769 -4.573065 56.200516 7.965265 -1.529115
0.9433443 9.859624 -2.4373717 22.740513 36.735264 2.740885
1.0606637 9.960183 -1.5610672 -18.034485 55.460266 3.300885
1.6855695 9.778218 -1.786129 -32.559483 44.470264 9.145885
1.5826156 9.802161 -1.7047237 -29.164484 34.880264 16.740887
1.4748733 9.914692 -1.2186859 -26.469486 42.370262 16.390884
1.7071179 10.130177 -0.90503585 -18.664486 42.055267 12.505885
2.116539 9.929058 -1.5490957 0.760515 21.895266 9.495886
1.7406378 10.194822 -1.4293821 21.550516 2.120265 7.5358853
1.6185298 10.182851 -1.3838909 29.635515 2.575265 2.4958851
1.6855695 10.029617 -2.2530127 35.550518 7.2652655 -2.9991152
1.6185298 10.142148 -3.0886145 46.260517 1.700265 -3.069115
1.6831752 10.371999 -2.6265194 31.245514 5.5502653 -1.529115
1.7119064 10.245102 -2.2362528 18.610516 4.5702653 -3.034115
1.6424725 10.008069 -2.2961094 14.025516 2.330265 -5.309115
1.3288225 10.166091 -2.011191 4.435515 1.350265 -5.2391148
1.5586729 10.362421 -0.8236305 -12.8544855 -0.784735 -1.2841151
1.8435916 10.161303 -0.9122187 -23.949486 1.9102652 3.510885
1.8603516 9.945818 -0.71828246 -27.029486 5.7602654 2.320885
1.7430321 9.907509 0.36392978 -30.214483 0.125265 -1.739115
1.6257126 9.792584 1.1205206 -27.624485 -8.379735 -6.114115
1.0870007 9.682447 0.7039168 -14.569485 -14.329735 -10.349114
1.0415095 9.306546 -0.37590113 2.685515 -16.289734 -12.764115
1.1875603 9.28021 -0.035914123 2.0555148 -12.194735 -5.589115
1.3216397 9.45978 0.86912173 -10.999485 -2.429735 3.1258852
1.7238779 9.486116 1.2761484 -17.404486 1.490265 7.7458844
2.0806248 9.601042 1.0965779 -11.5594845 -1.694735 9.145885
2.2410412 9.684841 0.85954463 -2.179485 -5.334735 6.520885
1.8316202 9.665688 0.84996754 2.8605154 -8.414735 0.465885
1.498816 9.510059 0.7948992 2.7205153 -4.879735 -4.679115
1.3000913 9.474146 0.749408 0.865515 1.245265 -5.414115
1.4748733 9.5244255 0.68715686 0.690515 3.6252651 -2.964115
1.5802214 9.553157 0.7781393 2.615515 1.315265 -0.96911496
1.5371244 9.596253 0.5506832 5.4155154 -2.2197351 -1.2841151
1.498816 9.699207 0.4668836 8.075515 -2.569735 -1.599115
1.5921928 9.799767 0.45012367 8.600514 -2.429735 -1.739115
1.7717633 9.754275 0.22506183 8.3555155 -2.3597353 -0.199115
1.8435916 10.07032 0.18435916 8.110515 -0.294735 2.180885
1.9273912 10.125388 0.14126222 7.6905146 -1.624735 0.85088503
1.7023294 10.089474 -0.071828246 7.5505147 -4.844735 -1.9141148
1.4772675 9.845258 -0.15562786 7.970515 -3.5497348 -4.224115
1.3743137 9.7135725 -0.13168511 6.745515 -2.954735 -6.149115
1.3144568 9.660899 -0.14126222 4.435515 -3.059735 -5.554115
1.3383996 9.708784 0.11013664 2.230515 -3.1997352 -3.034115
1.4940275 9.725544 0.23463893 0.935515 -5.6847353 -1.1091149
1.541913 9.543579 -0.06464542 1.0405151 -8.309735 -0.059115
1.2809371 9.565128 -0.038308397 1.0405151 -5.7197347 -0.129115
1.211503 9.498088 0.17717634 -3.439485 0.440265 0.185885
1.359948 9.4095 0.31365 -11.839485 4.150265 5.1208854
1.6592325 9.3280945 0.531529 -12.329485 4.185265 7.2208853
1.7573977 9.466963 0.8834874 -11.209485 2.645265 6.1358852
1.6568382 9.550762 0.84996754 -5.644485 0.440265 2.670885
1.5443072 9.466963 0.31365 1.9855151 -0.854735 0.010885
1.498816 9.57231 0.24900457 4.9605155 -1.4497349 -0.059115
1.5347302 9.6585045 0.4764607 2.0205152 -0.364735 1.270885
1.6400782 9.694419 0.56265455 -0.639485 3.380265 3.020885
1.8603516 9.694419 0.23942748 1.3905151 4.815265 3.7908852
1.8890828 9.747093 -0.045491222 5.450515 0.89526504 2.355885
1.4198049 9.818921 0.21069619 5.0655155 -2.2197351 -2.124115
1.3791022 9.759064 0.30886146 2.5805151 -1.589735 -3.314115
1.56825 9.677659 0.0047885496 2.265515 0.58026505 -0.51411504
1.7502149 9.694419 -0.014365649 2.090515 1.700265 1.8658851
1.56825 9.759064 0.22985038 -0.009485 1.175265 1.375885
1.5754328 9.668081 0.30167863 -1.689485 1.210265 -0.304115
1.5850099 9.60583 0.27294734 -0.569485 -0.084735 0.045885
1.5874043 9.567522 0.2753416 0.970515 -0.994735 0.325885
1.5107874 9.629773 0.2944958 0.935515 0.405265 0.64088506
1.6807809 9.651321 0.09337672 1.145515 1.665265 1.270885
1.6712039 9.663293 -0.0670397 2.265515 0.68526506 1.8658851
1.4700848 9.651321 0.009577099 1.565515 0.72026503 1.200885
