0.44294083 9.852441 0.33759275 5.9055147 -10.514735 -6.114115
0.70631105 9.651321 0.81644773 3.245515 -8.064734 -4.994115
0.52674043 9.77343 1.0343267 -2.844485 -5.614735 -2.474115
0.65363705 9.759064 0.8547561 -7.849485 -2.884735 0.255885
0.84039044 9.7135725 0.7853221 -5.6794853 -0.399735 0.045885
0.7206767 9.696813 0.6440599 -1.864485 -2.3597353 1.655885
0.6560313 9.75667 0.723071 0.13051501 -5.404735 1.235885
0.7326481 9.6896305 0.8140534 -0.639485 -4.809735 -0.269115
0.64166564 9.644139 0.7972935 -2.704485 -3.024735 -0.724115
0.4956149 9.636956 0.66321415 -2.914485 -4.214735 -1.004115
0.4644893 9.61062 0.7709565 -1.514485 -6.384735 -1.9141148
0.52674043 9.668081 0.8834874 -1.234485 -6.734735 -2.2991152
0.5818088 9.668081 0.8284191 -2.284485 -6.454735 -1.564115
0.36392978 9.656111 0.74701375 -2.914485 -5.894735 0.045885
0.34477556 9.567522 0.82123625 -2.529485 -5.509735 0.53588504
0.44294083 9.505271 0.7781393 -2.389485 -6.069735 -0.129115
0.4189981 9.560339 0.600963 -2.389485 -7.9947357 0.430885
0.2466103 9.675264 0.52674043 -1.9344851 -11.179735 1.270885
0.06464542 9.656111 1.0750294 -3.019485 -14.154736 0.815885
-0.3304099 9.471751 2.0423164 -8.759484 -15.659736 -1.1791149
-0.9792584 9.043176 2.7773588 -19.644485 -16.114735 -5.204115
-1.3431882 8.973742 3.189174 -29.304485 -16.709736 -11.049116
-1.733455 9.165284 3.694366 -31.089485 -23.359735 -16.719116
-1.7837347 9.385557 4.40786 -27.239485 -32.004738 -17.314116
-1.7430321 9.3592205 4.6568646 -21.219486 -43.729733 -11.329115
-1.8579572 9.002473 5.3009243 -22.479486 -49.679737 -9.999115
-1.8483802 9.318518 7.2809896 -28.954487 -47.824734 -10.489116
-0.967287 9.474146 8.226728 -38.299488 -44.219734 -8.984115
-0.11013664 9.330489 7.9513865 -38.159485 -41.209736 0.115885004
0.21309046 9.287392 6.8260775 -24.649487 -34.174736 7.2908845
0.2657645 9.294575 6.804529 -10.719486 -19.404736 7.850885
0.2753416 9.234718 8.059129 -8.934485 3.135265 8.830885
1.2450229 8.705584 8.166871 -15.304485 19.375265 9.285886
2.0518935 8.439818 7.1229677 -10.719486 26.795263 12.400886
2.5738454 8.363202 6.23948 10.665515 27.880266 19.470884
2.918621 8.396722 5.609786 33.73052 26.970266 23.845886
3.1484714 8.935433 3.9098508 47.520515 30.855267 23.005886
3.8356283 8.945011 2.5714512 58.23052 47.620266 22.795885
3.737463 8.842057 1.6161355 65.40552 59.695267 26.435884
3.4645157 9.203592 0.9241901 62.115517 59.06526 26.680883
3.9960446 9.373586 0.7781393 52.77051 59.835266 23.390884
4.661653 9.268238 0.32562137 41.885517 60.11527 25.280886
5.03516 8.509253 -0.3232271 32.505516 53.81527 31.545887
4.3863115 7.7933645 -0.54350036 28.060516 50.735268 35.430885
1.4964218 10.676071 -1.1253091 26.625515 50.140266 31.265884
3.2969165 10.501289 -2.0973847 24.735516 35.125267 19.015884
5.619363 9.000079 -1.7645805 20.850517 12.830265 22.480886
6.438205 8.365596 0.6943397 -4.594485 -0.18973501 52.685886
5.621757 8.743892 1.6305012 -44.35449 20.355265 65.63589
4.371946 9.483723 0.32562137 -59.404484 59.06526 52.090885
4.7262983 8.729526 -2.0854135 -30.284485 60.43027 31.440884
4.3599744 8.775017 -2.7941186 16.160515 39.535267 18.840885
3.6800003 8.971348 -2.875524 46.085518 33.97027 9.110885
2.063865 8.703189 -3.9864676 53.995518 34.705265 -5.274115
1.6041641 8.897125 -3.4980354 52.77051 31.380266 -14.094115
2.0854135 9.2419 -1.8842943 47.905514 48.81027 -15.564115
2.6217308 9.644139 -3.519584 35.30552 75.20026 -10.524116
1.7573977 9.63935 -5.236279 32.750515 65.89027 -0.51411504
0.6344828 9.955395 -5.3272614 48.955513 42.265266 2.040885
0.90503585 10.005674 -4.008016 50.880516 47.375263 1.200885
1.3312168 10.38397 -4.130124 27.220514 78.94527 2.040885
1.089395 10.774237 -6.246663 11.085516 83.18027 3.8258853
1.1468576 10.982538 -6.8787518 47.345516 21.335266 -2.0541148
1.4916332 11.047184 -5.150085 42.620518 6.2152653 -5.3441153
2.0375278 10.767054 -3.2729738 11.715515 -0.259735 -3.349115
2.030345 10.676071 -2.0662591 -16.004486 -4.529735 -0.47911498
1.8723229 10.628186 -1.3623424 -25.454487 -10.864735 -1.1791149
2.013585 9.976943 -0.6081458 -29.024487 -14.084735 -1.9141148
2.0782306 9.953 0.3328042 -28.429483 1.5952649 -1.8091149
1.8914771 9.926663 0.50758624 -14.184485 -3.339735 -7.5841155
1.4940275 9.656111 0.37350687 2.0555148 -15.939735 -14.444116
0.8571504 9.268238 -0.32083282 10.700515 -17.654736 -16.544115
1.2785428 9.335278 -0.2849187 8.985516 -11.214735 -11.329115
1.9920366 9.536397 0.07901107 -5.119485 -5.754735 1.165885
2.169213 9.217958 0.16759923 -18.629484 -0.749735 8.550885
2.238647 8.968953 1.3024855 -27.799484 4.325265 7.7108855
2.17879 9.11261 2.7031362 -29.234488 1.6302651 2.775885
1.8148603 8.9186735 1.6759924 -13.939486 -5.894735 -4.084115
1.7526091 8.976136 0.7350424 8.425515 -6.699735 -7.6891155
1.802889 9.148524 0.5650489 16.510513 -2.0797353 -6.5341153
1.5658557 9.502876 0.4166038 15.985515 -0.50473505 -5.659115
1.2905141 9.543579 -0.6201172 19.275515 -5.159735 -6.5341153
1.6233183 9.545974 -0.72546524 17.840515 -5.7897353 -3.7691152
1.7047237 9.5483675 0.14126222 0.935515 4.4652653 3.860885
1.489239 9.538791 0.89545876 -13.694485 13.775266 7.1158853
1.515576 9.407105 0.9433443 -15.269484 16.680265 5.785885
1.7837347 9.60583 0.67757976 -6.2044854 14.510265 4.5608854
1.776552 9.804555 0.42378664 4.3655148 13.180264 3.4058852
1.6759924 9.79019 -0.16041641 11.365515 13.180264 0.185885
1.6999351 9.914692 -0.65842557 14.095515 12.795265 -0.61911505
1.9728824 9.780613 -0.39505535 10.595514 8.700265 2.390885
2.1380875 9.754275 0.3974496 0.795515 6.390265 5.1208854
1.9369683 9.859624 0.888276 -6.3094854 6.285265 4.9108853
2.0686533 9.785401 0.6488485 -3.3694851 2.820265 1.410885
2.1093562 9.708784 0.21309046 5.3105154 -3.3047352 -1.074115
1.8340145 9.598648 -0.14365649 10.805514 -5.159735 -2.2991152
1.7813405 9.598648 -0.045491222 7.2005153 1.8402649 -2.7541149
1.7358493 9.596253 -0.1699935 5.170515 0.335265 -1.774115
1.7789462 9.63935 -0.43575802 4.1205153 -2.149735 -0.024115
1.7262721 9.562734 -0.47885495 -0.464485 -1.204735 2.215885
1.8699286 9.512454 0.04070267 -8.024485 4.535265 3.7558851
2.0686533 9.565128 0.45012367 -10.964485 4.640265 4.140885
1.8603516 9.596253 -0.057462595 -6.379485 0.020265002 1.620885
1.7071179 9.57231 -0.52674043 -3.9994853 0.125265 0.325885
1.7143008 9.584282 0.17957062 -12.084485 5.2002654 2.880885
1.9226027 9.675264 0.8379962 -18.174486 5.235265 4.4208846
1.9178141 9.682447 0.81644773 -12.224484 -0.71473503 2.9858851
1.8052832 9.771035 0.36392978 -0.289485 -4.599735 0.36088502
1.8842943 9.792584 0.09577099 6.535515 -6.629735 -1.634115
1.9489397 9.754275 0.1340794 5.9755154 -6.489735 -1.599115
1.8220432 9.663293 0.3423813 2.825515 -3.5847352 -1.529115
1.8747171 9.687236 0.41181526 3.8405151 -4.354735 -2.964115
1.8914771 9.842864 0.071828246 9.160515 -10.164736 -4.3641148
1.8627458 9.672871 -0.37350687 11.925515 -12.369736 -4.819115
1.8052832 9.613013 -0.12689656 5.730515 -7.1547356 -2.9291148
1.7430321 9.581888 0.45730647 -4.594485 0.615265 -0.759115
1.960911 9.560339 0.65363705 -7.8844852 1.525265 0.36088502
2.1548474 9.567522 0.30646718 -1.4444851 -2.3947349 0.53588504
2.0087965 9.629773 -0.21787901 6.185515 -5.509735 -0.68911505
1.776552 9.617802 -0.105348095 6.815515 -4.564735 -2.229115
1.6855695 9.581888 0.3304099 0.095515 0.055265002 -2.6491148
1.8411974 9.543579 0.52674043 -4.629485 0.96526504 -2.124115
1.9561225 9.653716 0.3328042 -2.529485 -0.819735 -1.214115
1.759792 9.737515 0.043096945 2.615515 -2.429735 -1.739115
1.664021 9.75667 0.014365649 5.3805146 -2.3597353 -3.8041153
1.56825 9.718362 0.043096945 2.9655151 0.090265 -3.8041153
1.6161355 9.720756 0.15083931 -1.1994851 3.415265 -1.564115
1.8100717 9.77343 0.1987248 -3.929485 6.880265 1.4458851
1.8459859 9.814133 0.25858167 -3.3694851 5.725265 3.440885
1.8411974 9.749487 0.09577099 -0.70948505 0.405265 2.670885
1.8316202 9.771035 0.12689656 1.600515 -1.2747351 0.780885
1.812466 9.703996 0.16281068 1.670515 -1.309735 -0.304115
