-0.71999997 10.59 0.69 4.0107045 8.594366 -8.021409
-0.13 9.92 1.0699999 2.291831 -17.761692 -1.1459155
-0.12 10.09 0.7 -0.57295775 -37.242256 1.7188734
0.63 9.5 0.38 -3.4377468 -33.231552 8.021409
0.08 9.94 1.16 -1.1459155 0.0 4.0107045
-0.13 9.57 1.3399999 1.7188734 3.4377468 -1.7188734
-0.29 9.63 1.39 8.021409 -5.15662 -0.57295775
-0.32 9.78 1.16 9.167324 -10.31324 0.0
-0.17 9.53 1.48 -2.8647888 -6.8754935 0.0
-0.35999998 9.55 2.34 -13.750987 -1.7188734 -0.57295775
-0.51 9.62 4.15 -27.501974 8.021409 -1.1459155
-0.38 9.5 5.0 -23.49127 5.7295775 0.0
-0.5 9.54 5.2599998 -13.750987 5.7295775 -1.7188734
-0.88 9.78 5.5299997 -4.0107045 8.021409 -5.15662
-0.52 9.889999 5.52 0.0 10.886198 -3.4377468
0.13 9.88 4.92 3.4377468 16.615776 0.0
0.049999997 9.87 5.1099997 -6.3025355 38.961132 -1.7188734
0.17999999 9.74 5.17 -12.032113 48.128452 -1.7188734
0.48 9.8 5.13 -17.188732 48.128452 -2.8647888
0.66999996 9.37 5.35 -19.480566 54.43099 -1.1459155
1.01 8.92 5.6 -13.750987 60.733524 0.0
1.4499999 8.87 5.22 0.57295775 72.76564 0.0
1.3399999 8.809999 4.44 12.032113 88.2355 -1.7188734
1.28 8.99 4.27 15.469859 101.41353 -0.57295775
1.41 9.38 3.1 20.053522 96.256905 4.0107045
2.12 9.679999 1.49 24.637184 98.54874 5.7295775
1.06 10.28 1.78 19.480566 104.85127 6.8754935
1.06 10.28 1.78 19.480566 104.85127 6.8754935
2.26 10.139999 1.1899999 3.4377468 101.41353 4.583662
1.75 9.91 0.91999996 3.4377468 96.829865 0.0
0.94 10.54 1.78 1.1459155 89.38142 -2.8647888
2.12 10.8 0.29999998 8.021409 86.516624 3.4377468
2.53 10.4 -1.4 16.615776 93.39212 2.8647888
2.53 10.4 -1.4 -1.7188734 100.84057 -1.7188734
0.91999996 10.2699995 0.77 -20.053522 93.96508 0.57295775
2.21 10.469999 -0.17 -10.886198 87.089584 6.8754935
2.77 10.03 -1.1999999 -10.31324 84.22479 4.583662
1.24 9.83 0.19999999 -24.064226 88.2355 -5.15662
0.69 9.36 1.18 -30.366762 86.516624 -5.7295775
1.5899999 9.09 0.98999995 -28.64789 81.36001 2.8647888
1.5899999 9.09 0.98999995 -28.64789 81.36001 2.8647888
2.27 9.639999 -0.72999996 -2.8647888 89.38142 13.750987
1.61 10.36 -0.35999998 -1.1459155 84.79775 9.740283
1.23 10.67 0.21 -18.334648 77.922264 2.8647888
2.05 10.0 -0.39999998 -22.345354 77.922264 8.594366
2.01 9.7 -1.23 -18.907606 80.21409 9.740283
2.01 9.7 -1.23 -18.907606 80.21409 9.740283
0.93 9.75 -0.5 -16.615776 82.50592 4.583662
0.89 9.99 -2.61 6.8754935 78.49522 6.3025355
0.79999995 9.96 -4.0099998 21.199438 79.06818 9.167324
0.45999998 9.889999 -3.08 6.3025355 77.922264 12.605071
0.38 9.94 -1.92 -9.167324 76.203384 14.896902
0.11 10.349999 -3.21 19.480566 63.02536 9.740283
0.22 10.179999 -4.02 32.658592 59.014652 8.021409
-0.13 10.15 -4.33 39.53409 51.5662 5.7295775
-0.13 10.15 -4.33 39.53409 51.5662 5.7295775
-0.41 10.2 -3.4199998 17.761692 36.669296 4.583662
-0.25 10.17 -1.78 4.583662 29.220846 10.886198
0.12 10.599999 -1.64 11.459155 17.188732 10.31324
0.12 10.599999 -1.64 11.459155 17.188732 10.31324
-0.08 10.84 -1.65 15.469859 12.032113 3.4377468
-0.089999996 10.429999 -1.55 11.459155 16.042818 0.0
-0.58 10.4 -0.65 2.291831 18.907606 0.0
-0.19 10.01 -0.89 7.448451 20.053522 1.7188734
-0.48 10.0 -1.5899999 23.49127 16.042818 1.7188734
-0.69 10.51 -2.34 29.793804 13.750987 -1.1459155
-0.44 10.44 -2.27 17.188732 5.7295775 0.57295775
-0.28 10.3 -1.35 0.57295775 2.8647888 1.1459155
-0.41 10.219999 -0.71 -1.7188734 2.8647888 1.1459155
-0.14 10.13 -0.45 -0.57295775 -1.1459155 1.7188734
-0.29 10.099999 -0.03 1.1459155 0.0 -1.7188734
-0.22 9.849999 -0.34 6.3025355 2.291831 -1.7188734
-0.17999999 9.559999 -0.69 5.15662 3.4377468 -1.1459155
-0.9 9.92 0.19 0.0 4.0107045 -0.57295775
-0.47 10.07 0.58 -8.594366 6.8754935 0.57295775
0.0 10.0199995 0.21 -4.583662 6.3025355 3.4377468
-0.57 10.2 -0.25 5.7295775 5.15662 -2.291831
-0.84999996 10.23 -1.1 13.750987 5.7295775 -5.7295775
-0.78 10.29 -1.48 12.032113 4.0107045 -2.8647888
-0.58 10.16 -0.96 -1.7188734 3.4377468 0.0
-0.77 10.179999 -0.55 -10.886198 2.8647888 0.0
-0.47 10.13 -0.28 -8.594366 3.4377468 0.57295775
-0.64 9.98 -0.02 -5.15662 0.57295775 -1.1459155
-0.96 10.099999 -0.19 5.15662 0.0 -3.4377468
-0.55 10.29 -0.98999995 14.323945 -2.291831 -2.8647888
-0.41 10.13 -1.25 9.740283 -1.1459155 -1.7188734
-0.64 10.099999 -0.69 -1.7188734 -1.1459155 -2.291831
-0.26 9.8 -0.53999996 -7.448451 -2.8647888 -2.291831
-0.28 9.53 0.14 -9.740283 -2.8647888 -2.8647888
-0.87 9.5199995 1.17 -14.323945 -0.57295775 -3.4377468
-0.96999997 9.58 0.68 -9.167324 0.0 -4.0107045
-0.69 9.79 -0.38 9.740283 1.7188734 -2.8647888
-0.62 9.86 -1.02 17.761692 1.1459155 -1.1459155
-0.96999997 10.12 -1.11 13.178029 1.1459155 -2.291831
-0.95 10.15 -1.22 4.583662 1.7188734 -1.7188734
-0.81 10.099999 -0.65 -5.15662 1.1459155 0.0
-0.90999997 10.09 0.07 -13.750987 0.0 0.0
-0.69 10.12 0.04 -10.31324 0.0 0.57295775
-0.45 10.12 -0.62 0.0 0.0 0.0
-0.51 9.9 -0.64 1.1459155 1.7188734 -1.7188734
-0.96 9.969999 -0.38 -2.291831 2.291831 -2.8647888
-0.91999996 10.139999 -0.35 -5.15662 3.4377468 0.0
-0.68 10.059999 -0.17 -6.3025355 5.15662 0.57295775
-0.74 10.05 -0.01 -5.7295775 4.583662 0.0
-0.41 9.92 -0.31 -0.57295775 1.1459155 -1.1459155
-0.69 9.92 -0.14999999 -2.8647888 1.7188734 -5.15662
-0.94 9.7699995 0.01 -2.8647888 3.4377468 -4.0107045
-0.78999996 9.809999 -0.08 -0.57295775 2.8647888 -1.7188734
-0.53999996 9.87 -0.12 1.7188734 3.4377468 0.0
-0.63 9.849999 -0.45 5.7295775 2.8647888 -1.7188734
-1.06 9.849999 -0.63 9.740283 1.7188734 -5.7295775
-1.28 9.9 -0.93 8.021409 -2.8647888 -8.021409
-1.3299999 9.889999 -0.47 -1.7188734 -2.8647888 -5.15662
-0.90999997 9.82 0.34 -10.886198 -0.57295775 0.0
-0.87 10.05 -0.12 -1.7188734 -0.57295775 1.1459155
-0.63 10.05 -0.65 4.0107045 1.1459155 0.57295775
-0.72999996 10.01 -0.35999998 1.1459155 0.0 0.57295775
-0.9 10.05 -0.37 -1.1459155 -0.57295775 -1.7188734
-0.96 10.16 -0.35 0.0 -0.57295775 -1.7188734
-0.39 10.03 -0.29999998 -2.291831 0.0 0.0
-0.26 9.87 -0.02 -4.0107045 0.0 1.1459155
-0.64 9.719999 0.02 -0.57295775 -1.1459155 -2.291831
-0.95 9.719999 -0.16 6.8754935 -0.57295775 -6.3025355
-0.97999996 9.7699995 -0.7 12.032113 1.1459155 -4.583662
-1.01 9.83 -0.81 12.605071 2.8647888 -2.8647888
-1.15 9.98 -0.42 6.8754935 3.4377468 -1.7188734
-0.94 9.96 -0.51 6.3025355 -0.57295775 0.0
-1.0699999 10.0199995 -1.1 11.459155 -2.8647888 0.0
-1.13 10.05 -1.15 9.740283 -0.57295775 0.0
-1.05 10.11 -0.82 -1.1459155 0.0 2.291831
-0.72999996 9.87 -0.32 -5.15662 -2.291831 2.291831
-0.87 9.86 -0.22999999 -0.57295775 -2.8647888 0.0
-0.89 9.969999 -0.64 4.583662 -4.0107045 -0.57295775
-0.81 10.07 -0.72999996 5.15662 -3.4377468 1.1459155
-0.72999996 10.04 -0.21 -0.57295775 -2.291831 3.4377468
-0.61 9.99 -0.06 -1.1459155 -1.7188734 4.0107045
-0.65999997 10.11 -0.26 8.021409 -4.0107045 0.0
-0.76 10.099999 -0.71999997 11.459155 -3.4377468 -0.57295775
-0.94 10.09 -0.93 15.469859 -1.7188734 -2.8647888
-1.14 10.09 -0.78999996 12.605071 -2.8647888 -5.15662
