0.45491222 9.598648 0.5411061 -0.455875 -5.6333203 -6.773865
0.2466103 9.665688 0.9696813 -5.040875 -8.67832 -1.348865
0.11253092 9.644139 0.99362403 -6.615875 -9.93832 2.1161351
0.102953814 9.5483675 0.90024734 -0.700875 -12.56332 2.9211352
0.057462595 9.45978 0.8978531 5.5291247 -19.17832 3.0261352
0.03351985 9.380769 0.97446984 7.4541254 -24.39332 2.3961349
0.13168511 9.378374 1.0965779 5.7741256 -25.40832 3.936135
0.023942748 9.42626 1.0151725 2.1691248 -23.41332 7.086135
0.12210801 9.419077 1.3838909 -1.400875 -24.568321 7.086135
-0.105348095 9.220352 2.473286 -6.755875 -35.48832 4.636135
-0.7996878 8.983319 4.577853 -14.2108755 -62.438316 -2.7138648
-1.2043202 9.071907 5.4110613 -16.625875 -87.49832 -11.778865
-0.5818088 9.332883 5.130931 -7.175875 -89.49332 -14.893867
-0.021548472 9.6585045 5.233885 6.369125 -80.35832 -12.163865
-0.011971374 9.838076 5.9210415 7.4541254 -66.28832 -10.658865
-0.090982445 10.005674 6.735095 -1.295875 -53.86332 -11.708865
0.43575802 9.885961 6.926637 -9.940875 -37.83332 -9.748865
0.9601042 9.830893 6.529187 -11.620875 -13.508321 -2.818865
1.5227587 9.866806 6.3831367 2.939125 -4.37332 0.36613497
1.7119064 9.450203 6.4334164 4.164125 6.12668 -3.2038653
1.8579572 9.438231 6.081458 9.904125 19.25168 -3.903865
2.3248408 9.323306 5.4062724 19.109125 24.43168 0.64613503
2.6337023 9.37598 4.7933383 24.324125 32.411682 5.196135
3.301705 9.5483675 4.4054656 26.914127 45.256683 9.466135
4.0535073 9.416683 3.4238129 33.599125 45.11668 12.056135
4.537151 9.289786 1.9824595 40.459126 45.466682 11.951135
4.103787 9.050359 0.531529 37.90413 59.711678 10.306135
3.6823947 9.186832 0.30646718 24.639126 72.311676 12.336134
4.1085753 9.000079 0.60335726 9.064125 74.27168 17.551136
4.304906 8.676852 0.19154198 1.784125 81.65668 22.976135
3.9577363 8.693612 -0.04070267 3.6041248 88.48168 25.006136
4.4461684 8.707977 -0.18435916 8.994125 91.141685 24.271135
4.8723493 8.734315 -1.2091088 17.324125 92.68168 23.676136
4.522785 9.088667 -1.7741576 27.019125 88.51668 17.551136
4.1325183 9.174861 -2.2601955 34.054127 82.88168 9.921136
3.3519847 8.91149 -2.126116 36.784122 84.17669 5.126135
2.4541316 9.158101 -2.4158232 35.804127 90.406685 -1.173865
2.3894863 9.296969 -3.5770466 39.619125 88.51668 -3.2388651
2.2530127 9.3831625 -3.5674694 44.13413 85.08668 2.9211352
2.2673783 9.325701 -2.49244 37.869125 80.78168 6.421135
3.1221344 9.126976 -3.1221344 32.969124 90.406685 6.491135
3.8835137 9.138947 -5.748654 47.984123 98.281685 12.336134
4.065479 8.820508 -6.648901 66.11413 93.906685 18.391136
3.9529476 8.358414 -6.0239954 61.039127 82.70668 11.286136
2.4972286 8.995291 -5.66246 46.829124 63.946674 -4.5688653
1.3000913 9.076695 -6.691998 41.299126 53.656677 -18.498865
0.8571504 8.669669 -7.0607166 42.524124 64.96168 -15.978866
0.9313729 8.43503 -6.387925 32.059124 70.98168 -3.973865
0.65842557 9.071907 -5.8252707 12.984125 66.36168 2.571135
0.06943397 9.584282 -5.5307746 -1.330875 56.876682 8.066135
1.1229149 9.531608 -4.9944572 -5.250875 48.056683 15.451137
2.308081 9.96976 -4.7143273 -5.180875 31.886684 22.171135
1.6975409 10.419884 -4.513208 -0.87587494 5.35668 19.966135
0.98404694 10.075109 -4.381523 3.2891252 -0.41832 7.541135
1.1181264 9.715967 -4.3887057 3.8141248 3.32668 -1.4188651
1.1708003 9.732727 -3.8835137 3.884125 -8.18832 -3.903865
1.1037607 10.017646 -2.719896 -0.945875 -21.17332 -5.373865
1.4269878 9.960183 -2.063865 -22.260876 -9.588321 -0.053865
1.89866 9.732727 -1.3862851 -22.890875 -2.6933198 2.9211352
1.8244374 9.912297 -1.3575538 -15.120876 -0.62832004 -0.858865
1.8531687 9.96976 -1.5443072 -3.5708752 -4.5833197 -5.303865
1.9417568 9.847652 -1.5131817 1.714125 -7.698321 -5.513865
2.0925963 9.838076 -1.3096683 1.749125 -4.16332 -4.463865
1.8938714 9.737515 -1.3647367 0.174125 -2.16832 -8.418865
1.4341706 9.771035 -1.6855695 0.874125 -4.26832 -13.353865
1.2665714 9.737515 -1.8316202 1.574125 -4.05832 -11.008865
1.2689656 9.636956 -1.3360053 -4.270875 -4.26832 -6.773865
1.1612233 9.641745 -0.99362403 -12.670875 -2.3433201 -6.913865
1.3024855 9.586677 -1.1372806 -13.510875 2.1366801 -4.7088647
1.5036045 9.445415 -0.92658436 -11.445875 4.6216803 -0.26386502
1.4676905 9.3831625 -0.66800267 -11.795875 4.41168 -1.523865
1.3671309 9.718362 -0.9217958 -10.325875 4.65668 -5.0238647
1.8052832 9.586677 -1.3192455 -6.4758754 5.56668 -3.623865
1.8052832 9.39274 -1.2354459 -6.230875 6.37168 -0.158865
1.2761484 9.562734 -0.6057515 -9.380876 5.7416797 -3.728865
1.2043202 9.677659 -0.73743665 -11.025875 4.9366803 -7.2288647
1.4581133 9.512454 -0.8667275 -8.435875 5.7066803 -3.5888653
1.5323359 9.701602 -0.6392714 -6.8258753 2.9416802 0.506135
1.4437478 9.938635 -0.69194543 -5.425875 0.03668 -0.613865
1.5012103 9.818921 -1.1995317 -1.715875 -0.31332 -1.4188651
1.3719195 9.675264 -1.132492 1.154125 -1.2583201 -1.103865
1.2641771 9.759064 -0.5411061 -2.5558748 -3.0083199 -3.623865
1.3024855 9.809344 -0.37111259 -8.155875 -1.7133201 -5.2338653
1.2785428 9.75667 -0.79250497 -6.3708754 0.07168 -2.993865
1.2426286 9.763853 -0.9074302 -0.630875 0.73668 -1.768865
1.4485363 9.850046 -0.84039044 0.244125 0.17668 -3.2038653
1.3383996 9.981731 -0.85954463 -2.2758749 -2.16832 -4.358865
1.333611 9.787795 -0.9720756 -3.9558752 -1.85332 -4.043865
1.3431882 9.620196 -0.56744313 -6.405875 2.6266801 -2.398865
1.2905141 9.500483 -0.05506832 -11.200876 3.46668 -2.4688652
1.1229149 9.507666 -0.23224466 -11.025875 -0.17332 -4.463865
1.2306572 9.457385 -0.5411061 -3.640875 -1.6433201 -4.883865
1.1731946 9.428655 -0.5698374 2.449125 -1.92332 -3.5888653
1.0079896 9.703996 -0.63208854 2.134125 -4.30332 -5.2338653
0.99362403 9.668081 -0.9385557 0.349125 -3.3933198 -7.0538654
0.97446984 9.529214 -0.723071 -2.870875 -1.46832 -4.358865
0.8356019 9.5794935 -0.6392714 -5.9508753 -3.0783203 -4.7788653
1.0965779 9.682447 -0.5913859 -7.210875 -1.85332 -0.018864999
1.6017698 9.615408 -0.17957062 -8.575875 -2.8683202 4.461135
1.4389591 9.519637 -0.019154198 -8.295875 -4.93332 1.696135
1.1923488 9.562734 -0.25858167 -3.115875 -2.62332 -2.013865
1.4820561 9.510059 -0.56744313 2.0641253 -2.83332 -0.683865
1.6137413 9.569917 -0.48124924 2.379125 -3.0433202 1.206135
1.4102279 9.591465 -0.33759275 0.734125 0.91168 -1.2788651
1.2162915 9.634562 -0.4956149 1.8891249 3.53668 -4.638865
0.97446984 9.581888 -0.69912827 4.969125 2.20668 -6.248865
0.6105401 9.682447 -0.7877164 4.7941246 1.22668 -7.508865
0.76616794 9.613013 -0.9217958 1.749125 1.26168 -4.6038647
