0.77 9.22 3.6799998 6.3025355 -7.448451 4.583662
0.08 9.3 4.0 -12.032113 -10.886198 5.15662
0.0 9.3 4.29 -20.053522 -17.188732 8.594366
0.42 9.4 4.67 -26.356058 -21.199438 15.469859
1.5 9.21 5.1099997 -23.49127 0.0 19.480566
1.68 9.2 5.18 -21.199438 7.448451 17.188732
1.39 9.22 5.66 -13.750987 23.49127 10.886198
0.76 9.21 5.71 -4.583662 28.07493 9.167324
1.92 9.24 4.99 10.31324 41.825916 18.334648
2.23 9.42 4.47 13.750987 46.98254 18.907606
2.26 9.36 4.0499997 17.188732 57.29578 14.323945
1.7199999 9.21 3.8799999 16.615776 60.733524 11.459155
1.7199999 9.22 3.73 16.615776 63.02536 12.032113
2.27 9.05 3.56 17.188732 65.890144 14.896902
2.35 9.12 3.9499998 13.750987 71.61973 17.761692
2.73 9.38 3.59 13.750987 79.641136 19.480566
2.81 9.349999 3.26 17.761692 80.78705 20.62648
2.69 9.2 3.3 20.053522 85.94367 21.199438
2.85 9.19 3.51 14.896902 91.67324 21.199438
3.27 9.4 2.99 14.896902 93.96508 22.91831
3.1999998 9.67 2.87 12.032113 95.11099 18.334648
3.03 9.719999 3.1 9.740283 96.829865 17.188732
3.22 9.679999 3.27 9.167324 99.69466 17.761692
3.59 9.76 2.9299998 14.896902 99.69466 19.480566
3.78 9.84 2.1699998 21.772396 97.97578 17.188732
3.97 10.12 1.8199999 22.345354 95.11099 14.323945
3.8899999 10.2 1.7199999 20.053522 95.68395 12.032113
2.82 9.99 2.23 10.31324 101.41353 6.8754935
2.97 9.84 2.3999999 10.886198 101.41353 9.167324
3.7099998 9.7699995 1.9699999 15.469859 100.84057 14.323945
3.6599998 9.78 1.74 17.188732 97.97578 12.032113
3.1899998 9.73 1.8399999 16.615776 96.829865 9.167324
3.1599998 9.679999 1.6899999 18.907606 95.11099 5.7295775
2.99 9.75 1.0 20.62648 96.256905 6.8754935
2.85 9.7699995 1.4399999 16.615776 99.69466 7.448451
3.23 9.389999 1.27 13.178029 96.829865 10.31324
3.07 9.48 1.24 14.896902 96.829865 10.31324
2.6499999 9.59 1.48 14.323945 98.54874 7.448451
2.6499999 9.46 1.5999999 14.323945 98.54874 7.448451
2.6299999 9.26 1.65 17.188732 96.256905 8.594366
2.53 9.429999 1.42 20.62648 97.97578 9.740283
2.82 9.3 1.1 22.345354 97.97578 12.032113
2.54 9.09 0.95 22.345354 97.402824 12.032113
2.46 9.11 0.74 23.49127 96.829865 12.605071
2.47 9.23 0.57 21.199438 97.402824 15.469859
2.79 9.389999 -0.03 18.334648 97.402824 16.042818
2.81 9.36 -0.04 10.886198 96.829865 14.896902
2.86 9.349999 0.69 0.57295775 92.81916 10.886198
2.21 9.679999 1.29 0.57295775 91.10028 7.448451
2.48 9.69 1.3 7.448451 88.80846 9.167324
2.6599998 9.599999 1.1999999 9.740283 87.662544 10.886198
2.6299999 9.67 0.83 13.178029 86.516624 10.31324
2.33 9.84 0.42 14.896902 87.662544 8.594366
2.5 9.679999 0.42999998 12.032113 85.94367 8.594366
1.87 9.719999 0.84999996 8.021409 84.79775 6.8754935
1.75 9.73 1.36 7.448451 83.65183 8.021409
2.26 9.63 1.04 13.750987 82.50592 12.032113
2.51 9.889999 0.04 20.62648 80.21409 12.605071
2.59 9.92 0.099999994 16.615776 79.641136 10.31324
2.2 10.05 0.29999998 10.886198 79.06818 4.583662
1.62 9.9 0.41 8.594366 78.49522 2.291831
1.6899999 9.75 0.89 6.8754935 77.349304 5.7295775
2.19 9.7 0.75 9.167324 74.48451 8.021409
1.8399999 9.65 0.19999999 14.323945 73.33859 5.7295775
1.4399999 9.679999 0.24 13.750987 74.48451 4.583662
1.63 9.65 0.58 9.740283 73.91155 6.3025355
1.62 9.49 0.48 6.8754935 73.91155 9.740283
1.36 9.599999 0.59999996 5.15662 75.630424 9.740283
1.9799999 9.559999 0.74 2.291831 75.057465 10.886198
2.05 9.49 0.83 6.3025355 72.19268 8.021409
1.49 10.04 -0.08 12.605071 73.91155 7.448451
1.49 10.04 -0.08 12.605071 73.91155 7.448451
1.86 9.929999 -0.29 9.167324 74.48451 11.459155
1.93 9.94 0.28 3.4377468 71.04677 12.605071
1.79 9.98 0.57 1.7188734 68.18198 9.740283
1.8 10.0 0.42 6.3025355 68.75493 8.594366
1.73 10.09 0.29999998 7.448451 68.18198 9.167324
1.79 9.84 0.17 7.448451 67.60902 8.594366
1.5 9.78 0.13 7.448451 65.890144 6.8754935
1.5699999 9.86 0.14 8.021409 65.890144 6.8754935
2.01 9.7699995 -0.29 10.886198 63.598316 8.594366
1.48 9.99 -0.64 12.032113 61.30648 6.8754935
1.64 9.969999 -0.32 5.7295775 59.58761 9.167324
2.03 9.54 -0.01 2.8647888 59.58761 9.167324
1.3199999 9.559999 -0.22999999 7.448451 59.58761 5.15662
1.23 9.67 -0.85999995 12.032113 55.00395 6.3025355
1.5899999 9.679999 -1.02 12.032113 51.5662 8.021409
2.0 9.83 -0.91999996 9.167324 49.27437 8.594366
1.4699999 10.01 -1.16 10.31324 48.128452 4.0107045
1.13 10.05 -1.26 11.459155 47.555496 3.4377468
1.5 9.91 -1.2099999 9.740283 41.825916 7.448451
1.4399999 10.179999 -1.5999999 9.740283 38.38817 4.0107045
1.4399999 10.179999 -1.5999999 9.740283 38.38817 4.0107045
1.3399999 10.03 -1.5899999 5.7295775 36.09634 3.4377468
1.28 9.7699995 -0.78 1.1459155 30.939718 4.583662
0.74 10.01 -0.66999996 3.4377468 28.07493 4.0107045
1.18 10.19 -1.0699999 8.594366 26.929016 6.3025355
1.8 10.08 -1.5999999 10.886198 22.345354 9.740283
1.37 10.16 -0.9 5.15662 19.480566 6.3025355
0.78 10.219999 -0.19 -1.1459155 17.188732 1.7188734
1.09 10.139999 -0.35 2.291831 14.323945 4.0107045
1.49 10.09 -0.34 5.15662 12.032113 7.448451
1.42 10.28 -0.16 4.0107045 12.605071 4.583662
1.2099999 10.34 -0.14999999 5.15662 12.605071 2.291831
1.1899999 10.139999 -0.64 8.021409 10.886198 0.57295775
0.84 9.87 0.42999998 -3.4377468 8.594366 -0.57295775
0.81 9.79 0.63 -2.8647888 9.167324 -1.1459155
0.82 9.8 0.14999999 4.0107045 8.594366 0.0
0.87 9.95 -0.19 9.167324 6.8754935 1.7188734
1.1999999 9.98 -0.37 6.3025355 3.4377468 1.1459155
0.62 9.87 -0.14 1.7188734 4.0107045 -1.7188734
0.64 9.88 -0.29999998 1.1459155 4.583662 0.0
0.94 10.0 -0.21 1.1459155 5.15662 1.1459155
1.13 10.01 -0.099999994 -0.57295775 4.0107045 2.8647888
0.53999996 10.09 0.21 0.0 0.57295775 0.57295775
0.98999995 10.05 0.16 1.1459155 0.0 0.0
1.52 9.889999 -0.08 3.4377468 -0.57295775 2.8647888
1.0 9.88 -0.29999998 2.8647888 -1.1459155 -2.291831
0.06 9.969999 -0.28 1.1459155 -0.57295775 -4.583662
0.5 9.809999 -0.14 -1.1459155 -1.7188734 1.7188734
1.1899999 9.8 0.32999998 -2.291831 -3.4377468 4.583662
0.59 10.4 0.099999994 1.1459155 -2.8647888 1.1459155
0.78999996 10.42 -0.21 4.0107045 -2.291831 0.57295775
1.23 10.03 0.16 0.57295775 -4.0107045 2.291831
0.71999997 10.059999 0.71 -1.7188734 -4.583662 0.0
0.62 10.059999 0.22 3.4377468 -2.8647888 -1.7188734
0.77 10.05 -0.14 9.167324 -2.291831 1.1459155
1.23 10.0 -0.55 8.021409 -2.8647888 1.7188734
0.9 9.969999 -0.089999996 1.1459155 -5.15662 0.0
0.53 9.94 0.28 -2.291831 -4.583662 -2.291831
0.84 9.8 0.32 -2.291831 -3.4377468 0.0
1.09 9.8 0.29 -0.57295775 -3.4377468 1.7188734
1.03 9.969999 0.17999999 0.57295775 -4.0107045 0.0
0.96999997 10.07 -0.07 1.7188734 -4.0107045 -1.1459155
0.75 9.95 0.14999999 -0.57295775 -4.583662 -1.1459155
0.89 9.88 0.42 0.0 -4.0107045 0.0
1.09 9.96 -0.16 1.1459155 -4.0107045 1.1459155
1.01 9.94 -0.17 2.291831 -2.291831 0.57295775
0.90999997 9.86 0.0 -1.7188734 -3.4377468 -1.1459155
0.71999997 9.73 0.06 -3.4377468 -5.15662 -2.8647888
0.64 9.719999 -0.04 -3.4377468 -4.583662 -1.7188734
0.28 9.7 0.19 -5.15662 -4.0107045 -0.57295775
0.74 9.94 0.59999996 -5.15662 -4.0107045 1.7188734
1.28 10.15 0.07 1.1459155 -4.583662 6.8754935
1.56 10.17 -0.06 2.291831 -4.0107045 6.8754935
1.4699999 10.17 0.04 -1.1459155 -2.291831 2.291831
0.71999997 10.03 0.25 -3.4377468 -2.8647888 -2.8647888
0.83 10.04 0.51 -3.4377468 -2.291831 -0.57295775
0.95 10.01 0.55 -1.1459155 -1.1459155 1.7188734
0.88 10.12 0.41 2.291831 -1.1459155 0.57295775
0.88 10.2699995 0.04 3.4377468 -1.1459155 0.57295775
1.1999999 10.2 -0.01 1.7188734 -1.7188734 0.57295775
1.11 10.04 0.24 -1.7188734 -1.7188734 0.0
0.66999996 9.95 0.41 -2.291831 0.0 -2.291831
0.56 9.99 0.39 -1.1459155 0.0 -2.291831
1.01 9.969999 0.17 0.0 -0.57295775 0.0
