0.7398309 9.862018 0.71588814 15.516411 -4.3451104 5.63178
0.62251145 9.7135725 0.87151605 12.22641 -4.97511 0.97678
0.1699935 9.591465 1.1061549 4.63141 -2.84011 -2.80322
0.1699935 9.445415 0.98404694 2.25141 0.65989 -4.0982203
0.2681588 9.466963 0.8739103 4.3864098 0.97489005 -1.8932201
0.12450229 9.538791 1.0917894 5.71641 -1.68511 -0.70322
0.16041641 9.488511 1.1923488 5.82141 -3.89011 -0.35322002
0.50998056 9.5244255 0.9792584 8.1664095 -5.11511 2.86678
0.54350036 9.651321 0.62251145 11.87641 -5.81511 6.05178
0.46209505 9.711179 0.64166564 12.191409 -4.83511 4.82678
0.6703969 9.574705 0.7805336 8.1664095 -2.84011 3.74178
0.7350424 9.531608 0.63208854 4.73641 -4.2751102 3.60178
0.4740664 9.565128 0.48124924 3.37141 -5.43011 2.1317801
0.5123748 9.471751 0.63208854 1.02641 -3.9251103 -0.52822
0.44294083 9.289786 0.79250497 -2.4735901 -3.7151103 -1.43822
-0.05027977 9.217958 0.91461295 -4.85359 -8.47511 -2.52322
-0.06464542 9.349643 1.0055954 -5.34359 -15.44011 -3.11822
0.27055305 9.29218 1.211503 -3.55859 -25.870111 -0.35322002
0.06464542 9.232324 1.376708 -1.28359 -33.22011 1.99178
-0.31604427 9.44302 1.5993756 0.116409995 -34.865112 0.34678
-0.45491222 9.838076 1.9920366 -0.93359005 -34.76011 -1.1582199
0.090982445 9.8237095 3.3112822 -7.8635907 -39.90511 0.41678002
-0.89545876 9.469357 5.3871183 -21.33859 -44.490112 1.43178
-1.2450229 9.213169 6.0503325 -31.80359 -48.27011 -4.37822
-0.9912298 9.320911 5.418244 -26.93859 -42.600113 -11.098221
-0.98404694 9.550762 5.3296556 -6.56859 -27.725111 -4.7632203
-1.1300977 9.57231 5.810905 -13.60359 -24.400112 -4.7632203
-0.6608198 9.481328 6.474119 -19.623589 -14.635111 -3.2582202
-0.18196489 9.402317 6.3400397 -16.47359 -0.77511007 -0.87821996
-0.21787901 9.474146 5.949773 -7.3035903 11.684891 -1.0532199
-0.41420954 9.454991 5.6744313 0.50141 18.82489 -1.82322
0.16281068 9.617802 5.0136113 8.20141 22.18489 1.11678
0.7972935 9.675264 4.314483 16.216412 19.27989 4.47678
0.9577099 9.62259 4.0319586 16.32141 18.999891 3.21678
1.1348863 9.457385 3.8859081 10.406409 24.66989 0.97678
1.664021 9.313729 3.5483153 5.78641 30.339891 -0.70322
1.690358 9.06233 2.7725701 5.1564097 31.844889 -4.6932197
0.818842 8.9186735 2.8156672 3.09141 33.94489 -10.85322
1.0582695 8.992896 3.0862203 -2.33359 37.059895 -11.48322
2.169213 9.39274 2.7462332 -0.65358996 35.939888 -3.6082199
2.588211 9.620196 1.9896424 7.92141 34.084892 1.4667801
2.1907616 9.601042 1.9297855 13.52141 35.37989 -1.75322
1.8842943 9.749487 1.802889 13.03141 40.62989 -4.9382205
1.9920366 10.24989 1.3647367 10.896411 48.43489 -3.6082199
2.2697725 10.178062 1.4772675 6.90641 51.689888 1.22178
2.5714512 10.046377 1.7382435 4.0014105 45.45989 4.0917797
2.9305923 10.07032 1.0846065 6.3464103 36.044888 2.6217802
2.648068 10.185245 0.818842 7.3264103 38.66989 -0.24822001
2.2314641 9.962578 0.84278476 2.25141 44.82989 -2.38322
2.1548474 9.62259 1.5371244 -3.62859 43.009888 -1.50822
2.3775148 9.474146 2.3631492 -7.68859 34.60989 0.48678002
2.3894863 9.526819 2.013585 -3.5235903 27.99489 1.0467801
2.82285 9.682447 0.23224466 14.151411 25.85989 2.6917799
2.6289136 9.517242 -0.679974 34.066414 23.61989 3.7067804
1.5490957 9.471751 -0.5123748 42.151413 13.749889 -1.8932201
0.6751855 9.435837 -0.50998056 36.44641 12.41989 -8.15822
1.2258687 9.603436 -1.5514901 31.686409 17.70489 -5.04322
2.6001825 9.454991 -2.3918805 34.94141 12.38489 6.12178
2.3296294 10.079897 -2.0279508 31.966412 6.3298903 11.68678
1.4413534 9.742304 -1.2043202 24.02141 5.34989 4.1967797
0.12689656 9.984126 -0.99362403 16.95141 6.64489 -9.66322
0.6344828 9.620196 -1.7933118 17.161411 25.019892 -7.3532205
0.7996878 9.663293 -1.8435916 16.216412 29.884888 0.101780005
0.33759275 9.718362 -2.1907616 11.14141 35.02989 3.28678
0.3615355 9.47654 -2.011191 2.81141 41.64489 9.97178
0.4644893 9.44302 -1.4964218 -2.57859 44.93489 15.74678
0.7446195 9.450203 -1.5275474 4.8064103 41.81989 15.606781
0.46927786 9.742304 -2.1644244 19.051409 33.909893 12.59678
0.81644773 9.531608 -2.2554069 21.29141 39.99989 10.81178
1.0343267 9.531608 -2.4804688 20.276411 46.64989 11.861779
1.201926 9.153313 -2.7414446 24.966412 39.99989 7.24178
0.99362403 9.103033 -3.0383348 26.68141 28.589891 0.90677994
0.86193895 9.598648 -3.5507095 20.626411 27.99489 -4.8332205
0.15083931 9.732727 -3.2346652 9.39141 28.41489 -9.17322
-0.57223165 9.356826 -2.3679378 -2.26359 25.57989 -14.42322
-1.1731946 9.957788 -2.0878077 -8.52859 28.239891 -13.96822
-1.1205206 10.252285 -2.0279508 -6.18359 27.99489 -6.23322
-1.3288225 9.804555 -3.0383348 -1.91359 34.67989 -1.29822
-1.4389591 9.60583 -4.4988422 6.38141 50.88489 3.1817803
-1.5562786 10.271439 -4.06069 8.796411 44.479893 7.31178
-1.324034 10.412702 -3.7518287 0.74641 28.09989 9.06178
-1.1300977 10.314536 -3.4262073 -7.0935903 19.034891 10.77678
-0.6751855 10.089474 -2.5738454 -12.763591 11.159889 11.40678
-0.45012367 10.173274 -1.9441512 -18.04859 8.91989 11.1267805
-0.3328042 10.192428 -1.3312168 -17.90859 6.64489 9.13178
0.4285752 9.957788 -1.0965779 -12.51859 0.86989003 6.01678
0.5219519 9.91948 -1.0462981 -5.72859 -2.77011 3.46178
0.09337672 9.768641 -1.0391153 -2.26359 1.53489 -1.0882201
-0.117319465 9.613013 -0.83081335 0.15141001 2.19989 -7.03822
-0.15083931 9.5794935 -0.7709565 3.8264103 -5.11511 -9.59322
-0.016759925 9.421472 -0.9026416 6.3464103 -8.30011 -9.4182205
-0.057462595 9.117398 -0.66800267 6.06641 -7.7401104 -7.14322
-0.24900457 9.399923 -0.05985687 2.00641 -5.4651103 -3.01322
0.026337024 9.5794935 0.26097596 -2.12359 -4.4151096 1.36178
0.6608198 9.593859 -0.2849187 -0.72359 -4.97511 4.89678
0.6440599 9.766247 -0.32083282 4.3164096 -5.50011 7.52178
0.39266106 9.953 0.035914123 3.05641 -3.0851102 6.3667803
0.35914123 9.938635 -0.08619389 -0.75859 -0.39011 2.51678
0.14126222 9.826104 -0.40463245 6.62641 -8.75511 -1.36822
0.098165266 9.929058 -0.30886146 3.6164103 -5.78011 0.62678
0.56265455 10.10384 -0.36392978 -0.68859 -2.73511 4.82678
0.55307746 9.938635 -0.43336374 -3.34859 -2.8751101 6.26178
0.3232271 9.634562 0.06464542 -6.6385903 -1.9651101 5.5967803
0.22266756 9.859624 0.6105401 -6.88359 -1.9651101 5.84178
0.52674043 9.814133 0.090982445 -1.5985901 -2.21011 7.31178
0.37829542 10.096657 -0.6153286 0.29141 3.31989 10.77678
0.80208206 9.945818 -0.56265455 -5.09859 8.219891 15.186781
1.0247496 10.118205 -0.021548472 -11.5385895 7.6948895 16.516779
1.2043202 10.106234 0.4070267 -10.94359 4.78989 11.96678
0.7996878 10.0200405 0.22506183 -3.9785903 0.69489 4.58178
0.77574503 9.794978 0.24900457 2.9514098 -1.82511 0.17177999
0.8547561 9.613013 0.38308397 5.50641 -1.7551099 -1.19322
0.80687064 9.627379 -0.52674043 9.496409 -3.61011 -3.2582202
0.4740664 9.668081 -0.91461295 12.64641 -5.2901106 -5.63822
0.34956414 9.419077 -0.2561874 3.1964102 1.53489 -5.32322
0.37590113 9.4142885 0.5889916 -8.45859 8.28989 -1.68322
0.29210153 9.763853 0.38787252 -5.86859 4.61489 -0.24822001
0.66800267 9.804555 -0.505192 5.92641 -3.12011 -1.78822
0.7350424 9.586677 -0.67757976 11.10641 -4.73011 -2.20822
0.46209505 9.5244255 -0.24182175 7.25641 -2.77011 -3.74822
0.28731298 9.730332 0.15562786 3.6164103 -3.89011 -6.02322
0.55307746 9.715967 -0.34716985 5.0164104 -6.02511 -6.89822
0.5602603 9.684841 -0.71828246 9.076409 -6.93511 -6.02322
0.19393626 9.79019 -0.2466103 7.50141 -5.39511 -6.02322
0.15562786 9.77343 0.17717634 1.34141 -2.9801102 -5.14822
0.41181526 9.80695 -0.2466103 1.02641 -1.19511 -2.59322
0.3998439 10.063137 -0.85954463 6.66141 -1.2301099 -0.07322
0.43336374 10.041589 -0.71828246 8.27141 -0.25011 1.08178
0.6560313 9.833286 -0.48843205 2.25141 2.61989 3.0417802
0.7589851 9.972155 -0.43815228 -2.82359 3.31989 5.03678
0.5458947 10.0439825 -0.31604427 -2.4035902 0.30989 4.58178
0.43336374 9.955395 -0.27055305 -1.8085902 -1.1251099 1.99178
0.52913475 9.8787775 -0.26097596 -2.26359 1.1148901 0.41678002
0.68236834 9.931452 -0.66321415 -1.66859 2.4798899 0.59177995
