1.23 10.12 1.4599999 -33.231552 -12.032113 0.0
1.64 10.059999 2.81 -36.09634 -8.594366 2.291831
0.7 10.38 3.6999998 -24.064226 1.1459155 0.0
1.13 9.92 2.34 -2.291831 6.3025355 1.1459155
0.71999997 10.099999 2.08 0.0 7.448451 -4.583662
0.04 9.86 1.91 8.594366 6.3025355 -8.021409
0.29999998 9.79 1.06 15.469859 -5.15662 -5.7295775
0.83 9.74 0.69 9.167324 -8.594366 -2.291831
0.68 10.04 1.78 -7.448451 -4.0107045 -2.8647888
0.53999996 10.0199995 2.5 -18.334648 2.8647888 -1.7188734
0.52 9.5199995 2.97 -20.62648 11.459155 1.1459155
0.42999998 9.5 3.11 -20.053522 14.323945 1.7188734
0.53 9.61 3.77 -18.907606 14.323945 2.291831
0.68 9.349999 3.56 -12.032113 14.896902 1.7188734
0.45 9.03 3.34 -4.583662 17.761692 -1.1459155
0.01 9.179999 3.9599998 -4.0107045 20.053522 -1.7188734
0.07 9.22 3.98 -4.0107045 20.62648 -1.1459155
0.48 9.25 3.48 1.1459155 22.345354 2.8647888
0.85999995 9.61 3.36 4.0107045 25.210142 3.4377468
0.74 9.5199995 3.7099998 0.57295775 29.793804 0.0
0.45 9.49 3.35 0.0 34.950428 -1.7188734
0.48 9.44 3.27 0.0 39.53409 0.0
0.59 9.37 3.7099998 -4.0107045 42.971836 2.291831
0.78999996 9.34 3.6999998 -3.4377468 45.83662 4.0107045
0.75 9.51 3.07 0.0 46.40958 2.8647888
0.78999996 9.59 3.1899998 0.0 49.27437 2.291831
0.56 9.53 3.3799999 -3.4377468 52.139156 2.291831
0.39 9.48 3.27 -2.8647888 53.285076 2.8647888
0.57 9.34 3.27 0.57295775 58.441692 9.740283
1.3 9.69 3.1699998 1.7188734 60.160564 13.750987
1.43 9.66 2.74 4.583662 60.733524 12.032113
1.5 9.54 2.4099998 5.7295775 61.30648 9.167324
0.48999998 9.179999 2.9399998 0.0 63.598316 1.1459155
0.19 9.469999 3.23 0.0 61.879436 2.8647888
0.94 9.42 2.72 5.7295775 61.879436 8.594366
1.1999999 9.42 2.45 9.740283 61.879436 12.605071
1.22 9.37 2.3899999 13.178029 63.02536 15.469859
0.85999995 9.29 2.5 11.459155 68.18198 16.615776
1.25 9.24 2.1499999 12.032113 68.75493 17.761692
1.2099999 9.13 1.9 12.032113 68.75493 17.188732
0.88 9.179999 1.87 11.459155 68.18198 16.042818
1.37 9.48 1.56 9.740283 65.890144 21.199438
2.03 9.67 1.52 9.740283 65.890144 22.345354
1.5 9.63 1.35 5.15662 69.32789 17.188732
1.03 9.73 1.53 2.291831 71.61973 16.042818
1.8499999 9.639999 1.9799999 0.0 71.04677 22.345354
2.02 9.58 1.86 1.1459155 71.61973 21.772396
1.63 9.7 0.96999997 2.291831 74.48451 18.334648
1.8299999 9.69 1.1899999 0.0 73.33859 20.053522
1.9499999 9.599999 1.79 -2.291831 73.91155 20.053522
1.8199999 9.59 1.7099999 1.7188734 69.900856 16.615776
2.02 9.78 1.15 9.167324 69.32789 15.469859
2.11 9.66 0.53 11.459155 65.890144 15.469859
1.3199999 9.75 0.93 6.3025355 67.03606 11.459155
1.52 9.78 0.82 5.7295775 66.463104 13.178029
1.92 9.679999 0.78 6.3025355 64.74423 18.334648
1.74 9.7 1.0799999 3.4377468 64.17127 17.761692
1.86 9.75 0.96999997 3.4377468 64.17127 18.334648
2.19 9.7699995 0.90999997 4.0107045 63.598316 18.334648
1.6899999 9.83 1.24 2.291831 62.4524 14.896902
1.68 9.74 1.27 2.291831 61.30648 14.896902
1.74 9.7 1.3299999 5.7295775 59.58761 15.469859
2.29 10.059999 0.59 9.740283 60.160564 17.761692
2.37 9.99 0.17999999 13.750987 57.29578 17.761692
2.02 10.01 0.26999998 13.178029 57.868736 15.469859
1.9399999 10.05 0.26999998 8.594366 58.441692 10.31324
1.9699999 9.7699995 -0.04 6.8754935 57.29578 10.31324
1.66 9.75 0.42999998 4.583662 55.576904 9.740283
1.9699999 10.15 0.089999996 8.021409 53.285076 9.740283
2.2 10.16 -0.47 12.032113 52.712116 10.886198
2.1299999 10.0199995 -1.1899999 16.042818 47.555496 9.167324
1.48 9.99 -1.24 9.167324 46.40958 2.291831
1.37 10.01 -1.1999999 6.8754935 40.107044 3.4377468
1.54 10.05 -1.18 5.15662 34.950428 6.3025355
1.54 10.07 -1.18 3.4377468 34.950428 7.448451
1.62 10.13 -0.88 -0.57295775 33.231552 8.594366
1.67 10.17 0.14 -1.1459155 30.939718 8.594366
1.88 10.219999 -0.53999996 7.448451 24.637184 6.3025355
1.0799999 10.2699995 -0.7 8.021409 24.637184 3.4377468
0.9 10.2699995 -0.41 6.8754935 23.49127 2.291831
1.56 10.3 -0.29 6.8754935 21.199438 4.0107045
1.77 10.33 -0.91999996 10.886198 16.615776 4.583662
1.16 10.28 -0.16 4.0107045 17.761692 -0.57295775
1.4599999 10.25 -0.31 5.7295775 14.896902 0.57295775
1.3299999 10.059999 -1.1 8.021409 10.886198 0.0
0.85999995 10.219999 -0.84 2.291831 12.605071 -1.1459155
0.98999995 10.23 -0.26999998 -3.4377468 10.886198 0.57295775
1.49 10.05 0.099999994 -5.15662 8.594366 2.291831
1.3299999 9.92 0.57 -2.291831 8.021409 0.0
1.12 9.969999 0.71 0.0 8.021409 -1.7188734
1.16 10.099999 0.07 7.448451 5.15662 -3.4377468
1.11 9.82 -0.79999995 9.740283 4.583662 -4.0107045
0.69 9.8 -0.29999998 3.4377468 3.4377468 -5.15662
0.72999996 9.9 0.03 1.1459155 1.7188734 -2.291831
1.23 9.87 -0.08 1.7188734 1.7188734 0.57295775
1.09 9.78 0.17 0.57295775 2.291831 0.57295775
0.61 9.94 0.59999996 0.0 1.7188734 -1.7188734
0.83 10.059999 -0.28 5.15662 -0.57295775 -2.291831
0.84999996 10.04 0.47 -4.0107045 -1.7188734 -0.57295775
0.84999996 10.04 0.47 -7.448451 0.0 0.0
0.95 10.17 0.78999996 -8.021409 0.57295775 0.0
1.0799999 10.09 0.47 -4.583662 0.0 0.57295775
0.95 9.9 0.82 -5.15662 0.57295775 0.0
0.9 9.849999 1.04 -5.15662 1.7188734 -1.7188734
0.84999996 9.87 0.02 2.8647888 -0.57295775 -3.4377468
0.81 9.84 0.01 -1.1459155 0.0 -2.8647888
0.44 9.69 0.5 -4.583662 0.57295775 -2.8647888
0.59 9.53 0.71 -6.8754935 2.291831 0.0
0.96 9.62 1.01 -5.7295775 2.291831 2.8647888
0.65 9.849999 0.77 -2.291831 1.1459155 1.1459155
0.90999997 9.59 0.31 0.57295775 0.0 1.7188734
0.74 9.679999 0.32 -0.57295775 -0.57295775 1.1459155
0.89 9.88 0.71 -2.8647888 0.0 1.7188734
1.12 9.849999 0.71 -2.291831 0.57295775 1.1459155
0.96 9.849999 0.65 -2.291831 0.57295775 1.1459155
0.78 10.0199995 0.42999998 -0.57295775 0.57295775 0.0
0.95 10.05 0.76 -1.1459155 -1.7188734 0.0
0.82 10.0199995 0.56 -0.57295775 0.57295775 0.0
0.84999996 10.0199995 0.45 0.57295775 2.291831 1.7188734
1.05 10.0199995 0.35 0.57295775 1.7188734 2.8647888
1.26 10.04 0.65 -1.7188734 0.57295775 0.0
0.96999997 10.13 0.82 -1.1459155 1.1459155 -1.1459155
1.06 10.4 0.41 0.57295775 1.7188734 0.0
1.4 10.24 0.29 -1.7188734 2.8647888 0.0
0.96 10.25 0.39999998 -6.8754935 4.583662 -2.8647888
0.79999995 10.16 0.47 -8.594366 4.583662 -3.4377468
0.84999996 9.929999 0.84 -9.740283 2.8647888 -0.57295775
0.96999997 9.79 0.90999997 -8.021409 4.583662 0.0
0.95 9.73 0.96999997 -6.3025355 4.583662 0.0
0.95 9.849999 0.62 -1.1459155 2.291831 -0.57295775
0.93 9.7 -0.01 0.57295775 0.0 0.0
0.56 9.62 0.51 -3.4377468 1.1459155 0.0
1.04 9.849999 0.87 -5.7295775 0.57295775 3.4377468
1.5 9.86 0.76 -2.291831 0.0 5.7295775
1.22 10.059999 1.01 -2.8647888 2.8647888 1.7188734
1.03 10.139999 0.90999997 -0.57295775 4.0107045 -1.1459155
1.05 10.08 0.62 1.1459155 4.0107045 -1.7188734
1.13 9.82 0.35 1.1459155 2.8647888 -1.7188734
0.95 9.83 0.38 0.0 1.7188734 -1.7188734
0.90999997 10.0 0.41 -2.8647888 1.1459155 -1.7188734
1.0799999 10.04 0.7 -4.0107045 0.0 -0.57295775
0.79999995 9.8 0.64 -0.57295775 -0.57295775 -2.291831
0.66999996 9.809999 0.69 0.0 -1.7188734 -2.8647888
1.03 9.86 0.65 1.1459155 0.57295775 0.0
1.2099999 9.87 0.59 1.7188734 0.57295775 1.1459155
1.0 10.0 0.14 3.4377468 0.0 0.0
0.95 10.03 0.38 0.57295775 -2.291831 -1.1459155
1.12 9.98 0.45 -2.291831 -0.57295775 0.0
1.03 9.969999 0.71 -4.583662 0.0 0.0
1.16 9.8 0.63 -5.15662 0.0 -0.57295775
0.84 9.84 0.55 -2.8647888 0.0 -1.7188734
