1.01 9.86 1.75 13.178029 10.886198 -4.0107045
0.48999998 9.78 1.9499999 6.3025355 -36.09634 -8.594366
0.17 9.46 3.6399999 21.199438 -36.09634 -5.7295775
0.25 9.3 3.57 28.07493 -2.8647888 -4.0107045
0.35999998 9.28 2.19 16.042818 10.31324 -5.7295775
-0.29 9.179999 1.87 9.740283 0.57295775 -1.1459155
-0.29 9.44 2.58 10.886198 -0.57295775 1.7188734
0.59999996 9.62 2.6699998 10.31324 6.8754935 -4.583662
0.39 9.639999 2.56 6.3025355 13.178029 -3.4377468
0.39999998 9.61 2.3999999 0.57295775 21.199438 -1.7188734
0.53 9.55 2.6799998 0.0 20.053522 -3.4377468
0.11 9.37 2.74 0.0 20.62648 -2.8647888
0.21 9.4 3.04 5.7295775 21.772396 -0.57295775
0.41 9.349999 2.9299998 16.042818 25.7831 -1.7188734
0.45 9.22 2.6699998 20.053522 28.64789 -0.57295775
0.38 9.139999 2.3999999 22.91831 26.929016 0.0
0.19 9.139999 2.1499999 24.637184 22.345354 3.4377468
0.42999998 9.17 2.1599998 28.07493 21.772396 4.583662
0.78 9.22 1.8399999 21.199438 27.501974 1.1459155
0.9 9.11 0.9 8.594366 32.658592 0.57295775
0.48999998 9.07 1.56 4.0107045 33.80451 1.7188734
0.37 9.139999 1.8199999 9.167324 28.64789 4.583662
0.81 9.16 1.4599999 9.740283 29.793804 4.0107045
0.82 9.34 1.48 10.31324 35.523384 2.8647888
0.55 9.389999 1.43 14.896902 37.242256 4.0107045
0.5 9.599999 1.4399999 14.323945 40.107044 3.4377468
0.66999996 9.55 1.14 13.750987 42.398876 4.583662
0.53 9.65 1.1999999 18.907606 36.09634 4.583662
0.58 9.65 1.4499999 25.7831 34.950428 5.7295775
0.79999995 9.67 1.51 29.220846 41.25296 5.7295775
0.96999997 10.059999 0.56 23.49127 44.69071 5.15662
1.35 10.07 0.39 13.750987 44.11775 1.1459155
1.28 9.969999 0.85999995 11.459155 44.11775 -1.1459155
1.22 9.84 1.06 14.323945 45.263664 -3.4377468
0.9 9.59 0.94 17.188732 45.83662 -4.0107045
0.77 9.62 0.74 18.334648 50.420284 0.0
1.13 9.7 0.41 14.323945 51.5662 -1.1459155
1.38 9.87 -0.13 6.3025355 49.84733 -4.583662
1.03 9.88 -0.01 4.583662 48.128452 -4.0107045
1.02 9.91 0.5 8.594366 45.263664 -4.583662
1.2099999 9.7699995 0.29 9.167324 50.993244 -6.3025355
1.3 9.9 -0.08 5.15662 48.128452 -5.7295775
1.53 9.73 -0.11 0.0 48.701412 -10.31324
0.95 9.67 0.11 -1.7188734 49.84733 -9.167324
0.95 9.58 0.14999999 -2.291831 45.83662 -5.7295775
1.22 9.49 0.29999998 0.0 46.98254 -6.3025355
1.15 9.54 0.17999999 0.0 51.5662 -5.7295775
1.04 9.76 0.049999997 -1.7188734 51.5662 -4.583662
1.25 9.73 -0.14999999 -2.8647888 52.139156 -5.7295775
1.22 9.69 0.049999997 0.0 49.84733 -6.3025355
0.96999997 9.61 0.21 6.3025355 49.84733 -5.15662
1.09 9.75 0.0 8.021409 51.5662 -5.15662
0.91999996 9.8 -0.34 5.15662 49.84733 -4.583662
0.96 9.94 0.0 8.021409 45.83662 -4.583662
1.25 9.95 -0.16 10.886198 46.40958 -5.7295775
1.26 9.78 -0.48 8.594366 46.98254 -8.021409
1.0799999 9.63 -0.45 5.15662 43.544792 -7.448451
1.0699999 9.59 -0.19999999 5.7295775 43.544792 -6.3025355
0.88 9.63 -0.099999994 7.448451 38.961132 -5.15662
0.93 9.719999 -0.28 5.15662 37.815212 -4.583662
1.13 9.84 -0.28 0.0 41.25296 -5.15662
1.31 9.86 -0.41 -5.7295775 43.544792 -6.8754935
1.17 9.83 0.0 -3.4377468 43.544792 -8.594366
1.0 9.76 0.37 0.57295775 45.263664 -8.021409
0.84999996 9.73 -0.11 -2.291831 41.825916 -8.021409
0.83 9.63 -0.049999997 -3.4377468 41.25296 -8.021409
0.96999997 9.48 -0.01 -4.0107045 45.83662 -9.740283
0.66999996 9.45 0.14 -4.0107045 50.993244 -8.594366
0.41 9.36 -0.07 -5.7295775 48.701412 -4.583662
0.7 9.51 0.25 -3.4377468 42.398876 -4.583662
1.02 9.5 0.48 0.0 46.98254 -6.3025355
1.03 9.29 0.48 1.7188734 55.00395 -6.8754935
0.31 9.16 0.17999999 1.7188734 53.858032 -1.7188734
0.19 9.23 0.26 5.7295775 46.98254 0.57295775
0.51 9.51 0.17999999 10.31324 43.544792 -1.1459155
0.81 9.69 -0.90999997 1.7188734 45.263664 -4.0107045
0.51 9.66 -0.52 -8.021409 42.971836 -1.1459155
0.75 9.49 -0.099999994 -9.740283 44.69071 -0.57295775
0.63 9.42 0.29999998 -5.15662 45.263664 -1.7188734
0.44 9.389999 0.45 4.0107045 44.69071 -0.57295775
0.48 9.5199995 0.28 12.032113 39.53409 0.0
0.57 9.61 0.14 9.740283 45.263664 -0.57295775
0.34 9.7699995 -0.19999999 4.0107045 44.11775 0.57295775
0.59999996 9.82 -0.38 0.0 44.69071 -1.7188734
0.66999996 9.62 -0.16 -0.57295775 45.263664 -3.4377468
0.29999998 9.32 0.14999999 2.291831 41.825916 -3.4377468
0.35 8.929999 -0.17999999 -4.583662 44.11775 -1.7188734
0.45 9.099999 0.06 -12.032113 44.11775 0.0
0.45 9.13 0.35 -12.032113 38.961132 0.57295775
0.28 9.25 0.69 -4.583662 36.09634 2.291831
0.38 9.57 0.63 0.57295775 36.09634 4.0107045
0.89 9.79 0.29999998 -2.8647888 41.825916 1.1459155
0.93 9.7699995 0.089999996 -9.167324 46.98254 0.57295775
0.51 9.7699995 0.35 -8.021409 40.680004 1.7188734
0.63 9.83 0.82 0.0 39.53409 1.7188734
0.96 9.88 0.57 3.4377468 42.971836 -2.291831
0.87 9.8 0.06 2.8647888 44.69071 -3.4377468
0.39999998 10.059999 0.11 -1.7188734 44.11775 1.1459155
0.51 10.0199995 0.099999994 -2.291831 40.107044 2.291831
0.77 10.0 0.11 -0.57295775 37.242256 0.0
0.66999996 9.889999 0.29 1.1459155 41.25296 -1.7188734
0.39 9.639999 0.26999998 1.7188734 43.544792 -3.4377468
0.7 9.54 -0.02 -2.291831 41.25296 -4.0107045
