0.14999999 10.04 1.16 34.950428 9.740283 -2.291831
-1.05 9.469999 -1.38 47.555496 -2.8647888 -6.3025355
-0.51 9.48 0.13 22.345354 -2.291831 3.4377468
0.0 9.61 1.24 9.167324 -1.7188734 7.448451
0.56 9.71 2.62 -4.0107045 1.1459155 8.594366
0.17 9.82 2.8899999 -1.7188734 12.032113 -0.57295775
0.14999999 9.849999 2.47 0.0 17.188732 -2.291831
-0.12 9.849999 2.03 0.0 18.334648 -3.4377468
-0.32 9.76 1.91 0.57295775 20.62648 -4.0107045
-0.42 9.92 2.34 0.0 24.064226 -2.291831
-0.38 10.09 2.31 -1.1459155 25.210142 -0.57295775
0.14 10.19 1.8199999 0.57295775 31.51268 4.0107045
0.26 10.139999 1.61 1.7188734 33.80451 4.583662
0.35 10.17 1.8 2.291831 34.950428 3.4377468
0.14999999 10.23 1.9599999 0.0 34.950428 0.0
-0.099999994 10.0199995 1.63 2.291831 38.961132 -0.57295775
0.28 9.69 1.3299999 5.15662 40.680004 1.7188734
0.12 10.16 1.4399999 1.1459155 41.25296 1.7188734
0.55 10.21 1.18 0.57295775 43.544792 2.291831
0.57 10.139999 1.31 -3.4377468 48.128452 0.57295775
0.26999998 9.59 1.73 -8.021409 49.84733 -1.7188734
0.26 9.62 1.9 -9.167324 49.27437 -2.291831
0.35 9.429999 2.1299999 -7.448451 47.555496 -1.7188734
0.0 9.969999 1.5799999 1.7188734 44.69071 -1.7188734
0.55 10.01 1.66 1.7188734 50.420284 1.1459155
0.69 9.98 1.61 -0.57295775 53.858032 4.583662
0.69 9.98 1.61 -0.57295775 55.00395 4.0107045
0.26 10.37 1.36 -1.1459155 56.72282 2.8647888
0.63 10.3 1.51 -3.4377468 63.02536 4.0107045
0.84999996 9.94 1.04 -0.57295775 66.463104 4.0107045
0.17 10.07 1.76 -4.583662 67.03606 0.0
0.75 9.8 1.68 -4.0107045 67.60902 4.0107045
0.75 9.8 1.68 -2.8647888 68.75493 4.583662
0.76 9.679999 1.5 -7.448451 72.19268 3.4377468
0.59999996 9.679999 2.23 -14.323945 72.76564 2.8647888
0.52 9.65 2.12 -6.8754935 78.49522 3.4377468
1.17 9.71 1.51 -0.57295775 77.922264 7.448451
1.24 9.83 1.17 0.0 76.77634 6.8754935
0.87 9.83 1.09 -1.1459155 76.77634 2.8647888
0.77 9.84 1.27 -3.4377468 76.77634 4.0107045
1.27 9.71 0.79999995 -2.8647888 78.49522 6.3025355
0.65 9.65 0.7 -4.583662 81.93296 5.7295775
0.11 9.929999 1.4 -4.0107045 83.07887 6.3025355
0.89 9.79 1.29 0.0 83.65183 10.31324
1.1 9.849999 0.76 5.15662 82.50592 14.323945
1.36 9.679999 0.96999997 2.291831 85.94367 13.750987
0.93 9.74 1.2099999 -2.291831 85.37071 12.032113
0.95 9.559999 1.18 -0.57295775 86.516624 11.459155
1.17 9.21 1.27 -1.1459155 92.81916 14.896902
1.3399999 9.7 1.12 -1.7188734 94.53803 18.334648
1.4499999 10.639999 0.82 0.57295775 88.80846 18.334648
1.81 10.55 0.74 -0.57295775 89.38142 16.615776
1.5999999 10.36 0.45999998 -0.57295775 89.95437 14.896902
0.5 10.3 -0.29 2.291831 91.10028 9.167324
1.0799999 10.719999 -0.35 8.594366 87.089584 14.323945
1.5799999 10.75 -0.72999996 12.032113 84.79775 17.761692
2.1599998 10.51 -1.56 18.334648 83.65183 17.761692
1.7099999 10.38 -2.09 14.896902 80.21409 9.740283
0.90999997 10.23 -2.36 12.605071 80.78705 5.15662
1.2099999 10.01 -2.18 2.291831 78.49522 4.583662
1.54 9.849999 -2.8899999 2.8647888 73.33859 7.448451
1.11 10.15 -2.79 5.7295775 61.879436 6.3025355
1.4599999 9.96 -2.4299998 2.291831 56.14986 4.0107045
1.5 9.78 -2.49 0.0 50.993244 5.7295775
0.87 9.73 -2.97 1.7188734 46.98254 2.8647888
1.13 10.059999 -2.12 -2.291831 42.398876 3.4377468
1.29 10.0 -2.1399999 -0.57295775 33.231552 4.0107045
1.23 9.88 -2.3899999 2.8647888 30.939718 2.8647888
0.93 10.07 -2.21 6.3025355 24.637184 0.57295775
0.82 10.0199995 -1.8199999 5.7295775 21.199438 0.57295775
1.02 9.99 -2.22 5.7295775 19.480566 1.7188734
0.96999997 10.099999 -1.92 -0.57295775 16.042818 0.0
0.84999996 10.21 -1.16 -5.15662 13.178029 0.0
1.03 10.219999 -1.11 -4.0107045 11.459155 0.0
0.9 9.88 -1.18 -1.7188734 7.448451 -1.1459155
0.44 10.0199995 -0.24 -5.15662 7.448451 -3.4377468
0.44 10.0199995 -0.24 -5.15662 7.448451 -3.4377468
0.82 10.059999 -0.16 5.15662 6.3025355 0.57295775
0.53999996 10.309999 -1.0 7.448451 5.15662 -1.1459155
0.53999996 10.309999 -1.0 7.448451 5.15662 -1.1459155
0.41 10.25 -0.83 0.0 2.8647888 -2.291831
0.42 10.09 -0.61 -0.57295775 0.0 -4.0107045
0.35999998 10.04 -0.45999998 -0.57295775 0.0 -4.0107045
0.25 10.16 -0.59999996 -1.7188734 1.7188734 -3.4377468
0.35 9.889999 -0.69 -2.8647888 2.291831 -2.8647888
0.07 9.84 -0.13 -4.583662 0.57295775 -4.583662
-0.01 9.76 0.07 -2.291831 0.57295775 -3.4377468
0.17 9.809999 -0.77 5.7295775 1.7188734 -0.57295775
0.17 9.809999 -0.77 5.7295775 1.7188734 -0.57295775
-0.14 9.929999 -0.9 1.7188734 0.0 -0.57295775
-0.19999999 10.04 -0.48 -1.1459155 1.1459155 -0.57295775
0.21 10.0199995 0.049999997 -2.8647888 0.0 0.0
-0.14 9.87 -0.14999999 3.4377468 -1.1459155 -2.291831
-0.38 9.75 -0.35 5.15662 1.7188734 -2.291831
-0.07 9.79 -0.51 6.3025355 3.4377468 0.57295775
0.089999996 9.83 -0.62 5.15662 3.4377468 2.291831
0.089999996 9.88 -0.87 4.583662 1.7188734 2.291831
-0.11 10.2 -0.55 0.57295775 0.57295775 0.57295775
0.31 10.059999 -0.53999996 -0.57295775 0.0 0.57295775
-0.03 10.03 -0.71999997 0.0 -0.57295775 0.0
-0.089999996 10.17 -0.63 -1.7188734 -0.57295775 -0.57295775
0.03 10.16 -0.21 -1.7188734 0.57295775 0.0
0.21 10.059999 -0.72999996 1.7188734 1.1459155 0.0
0.099999994 10.12 -1.02 1.1459155 0.0 -0.57295775
-0.26999998 10.219999 -0.68 1.1459155 0.0 -0.57295775
-0.07 9.99 0.0 -5.15662 0.57295775 -0.57295775
0.14 9.929999 -0.16 -1.7188734 -0.57295775 1.1459155
0.22 10.37 -0.65999997 1.7188734 0.0 -0.57295775
0.32 10.34 -0.78999996 0.0 0.0 -0.57295775
0.11 9.929999 -0.59 -9.740283 1.1459155 -2.8647888
-0.099999994 9.92 -0.25 -10.886198 1.1459155 -2.291831
0.19 10.09 0.06 -7.448451 0.0 -0.57295775
0.29 10.07 -0.12 -0.57295775 0.0 -0.57295775
0.17 9.9 -0.64 1.7188734 0.0 -1.7188734
-0.099999994 10.12 -0.59999996 0.0 -0.57295775 -2.291831
-0.03 10.04 -0.44 -1.7188734 0.0 -1.1459155
0.17999999 9.75 -0.44 0.0 0.57295775 -0.57295775
-0.06 9.82 -0.61 0.57295775 2.291831 -1.1459155
-0.32 9.96 -0.56 0.0 2.291831 0.0
-0.19999999 9.929999 -0.48999998 0.0 2.8647888 1.7188734
0.39 10.059999 -1.29 -4.0107045 1.1459155 4.583662
0.42999998 10.179999 -1.23 -9.167324 2.291831 3.4377468
0.34 10.28 0.049999997 -14.896902 2.291831 0.57295775
0.42 10.17 0.28 -13.178029 1.1459155 0.0
-0.049999997 10.09 -0.17999999 0.0 -2.291831 -3.4377468
0.0 10.0 -0.32 2.291831 -2.291831 -2.8647888
