0.28 10.2 0.44 22.91831 8.594366 -0.57295775
-0.03 10.03 -0.22999999 24.637184 8.594366 -0.57295775
-0.17 10.12 -0.38 21.199438 8.594366 0.0
0.07 10.19 -0.29999998 9.740283 2.291831 1.7188734
0.53999996 10.21 1.02 -8.021409 6.3025355 2.8647888
0.45999998 10.179999 1.4699999 -11.459155 8.594366 1.1459155
0.32999998 10.23 1.8499999 -9.167324 13.178029 -0.57295775
0.28 9.87 1.36 -3.4377468 15.469859 -3.4377468
-0.049999997 10.099999 1.68 -5.15662 18.334648 -4.583662
0.25 10.099999 1.74 -5.15662 19.480566 -3.4377468
0.37 9.969999 1.63 -2.8647888 23.49127 -1.7188734
0.21 10.17 1.9 -2.8647888 25.210142 -2.8647888
0.31 10.09 1.89 -2.8647888 25.7831 -3.4377468
0.21 9.95 1.7099999 0.0 24.637184 -4.0107045
0.06 10.099999 1.49 4.0107045 26.356058 -5.7295775
0.03 10.3 1.51 2.8647888 31.51268 -4.583662
0.48 10.26 1.27 0.0 37.815212 -1.7188734
0.79999995 10.11 1.36 -1.7188734 41.825916 0.0
0.62 10.059999 1.5799999 -8.021409 45.263664 -1.7188734
0.14 10.38 1.89 -10.31324 42.971836 -8.594366
0.69 10.059999 1.43 -11.459155 45.263664 -6.3025355
0.7 9.88 1.6899999 -17.761692 50.420284 -6.8754935
0.56 9.86 1.88 -19.480566 53.285076 -8.021409
0.17 9.929999 1.25 -14.896902 52.139156 -8.594366
0.089999996 10.179999 1.04 -12.032113 51.5662 -7.448451
0.39 10.32 0.78 -11.459155 50.420284 -5.15662
0.56 10.28 1.37 -14.323945 48.128452 -2.8647888
0.32 10.559999 1.79 -16.042818 48.128452 -4.583662
0.41 9.99 2.1299999 -3.4377468 54.43099 -8.021409
0.39999998 9.74 1.29 2.291831 51.5662 -4.583662
0.19999999 9.94 1.12 9.740283 56.14986 -4.583662
0.21 9.91 1.14 9.740283 65.890144 0.0
0.21 9.91 1.14 9.740283 65.890144 0.0
0.53999996 9.69 0.84999996 12.605071 68.75493 4.0107045
0.31 9.67 1.1 8.021409 68.18198 2.291831
0.42 9.69 0.96999997 6.8754935 71.04677 4.0107045
0.65 9.5199995 0.34 6.8754935 75.630424 8.021409
0.88 9.4 0.59999996 4.0107045 78.49522 8.594366
1.13 9.4 0.84999996 -6.8754935 80.21409 8.021409
0.64 9.73 1.18 -10.886198 85.37071 0.57295775
0.93 9.48 0.84999996 -6.8754935 82.50592 0.57295775
0.65999997 9.87 0.099999994 -6.8754935 85.37071 -0.57295775
0.77 9.87 0.06 -9.740283 87.089584 -0.57295775
0.66999996 9.82 0.17999999 -13.178029 87.662544 -0.57295775
0.51 9.889999 0.45999998 -17.761692 86.516624 0.57295775
0.66999996 9.889999 0.48 -16.042818 84.79775 4.583662
0.78999996 10.16 0.29 -13.750987 82.50592 6.3025355
1.13 10.03 0.29999998 -10.31324 84.79775 6.3025355
1.24 9.809999 -0.17999999 -4.0107045 84.22479 5.7295775
1.09 9.73 -0.53 -0.57295775 82.50592 4.583662
0.81 9.88 -0.48999998 -7.448451 78.49522 5.7295775
0.88 9.99 -0.37 -7.448451 78.49522 5.7295775
1.27 9.82 -0.64 -4.0107045 75.630424 11.459155
0.71999997 10.36 -1.01 -0.57295775 73.33859 13.178029
0.78999996 10.599999 -0.91999996 -2.8647888 72.19268 15.469859
1.29 10.33 -1.43 -2.291831 67.03606 13.178029
0.53999996 10.45 -2.06 -2.8647888 64.74423 6.8754935
0.55 10.48 -1.54 -8.021409 62.4524 5.7295775
0.78999996 10.24 -1.04 -10.31324 57.868736 6.3025355
0.58 10.2699995 -0.84999996 -0.57295775 54.43099 6.3025355
0.89 10.2 -0.91999996 4.583662 52.139156 7.448451
0.55 9.98 -1.9399999 12.605071 44.11775 5.7295775
0.28 9.889999 -2.05 9.167324 45.83662 0.57295775
0.42999998 9.719999 -1.9699999 9.167324 45.83662 0.57295775
0.0 10.059999 -1.03 -2.8647888 35.523384 1.7188734
0.45 10.28 -0.98999995 -0.57295775 32.658592 3.4377468
0.78999996 10.12 -1.5799999 4.0107045 26.929016 4.583662
0.42999998 10.24 -1.78 4.0107045 24.064226 -0.57295775
0.14 10.2699995 -1.3399999 -0.57295775 25.210142 -4.0107045
0.11 10.16 -1.18 -3.4377468 24.064226 -3.4377468
-0.04 9.9 -1.16 -1.7188734 17.188732 -2.291831
-0.24 10.13 -0.90999997 0.0 16.615776 -0.57295775
0.24 10.23 -0.76 0.0 15.469859 2.291831
0.48 10.179999 -0.94 1.1459155 12.032113 1.7188734
-0.29 10.44 -0.95 2.8647888 10.886198 -2.291831
0.07 10.33 -0.69 1.7188734 9.740283 -1.1459155
0.07 10.09 -0.78999996 1.7188734 7.448451 0.0
-0.22999999 10.09 -0.62 1.7188734 5.7295775 -3.4377468
-0.19999999 10.09 -0.66999996 -0.57295775 4.583662 -4.0107045
-0.099999994 9.95 -0.72999996 -1.1459155 5.7295775 -3.4377468
-0.29999998 9.719999 -1.01 -4.0107045 6.3025355 -4.583662
-0.56 9.94 -0.32999998 -10.31324 4.0107045 -3.4377468
-0.35 9.84 -0.089999996 -10.886198 2.8647888 -1.1459155
-0.24 9.87 0.01 -7.448451 0.0 0.0
-0.47 9.8 -0.11 -1.1459155 1.1459155 -1.7188734
-0.53999996 9.86 -0.16 0.0 2.8647888 -1.1459155
-0.24 9.809999 -0.14999999 1.1459155 2.8647888 0.57295775
-0.39 9.88 -0.45 1.1459155 2.8647888 0.57295775
-0.35 9.969999 -0.53 0.0 1.1459155 1.7188734
-0.21 9.95 0.02 -3.4377468 1.7188734 1.7188734
-0.51 9.889999 0.04 -1.7188734 0.57295775 0.57295775
-0.47 10.0199995 -0.22 2.291831 0.0 0.0
-0.31 9.9 -0.04 0.57295775 0.0 1.1459155
-0.37 10.12 0.11 -1.1459155 1.1459155 2.291831
-0.14 10.17 -0.089999996 0.0 1.1459155 2.291831
-0.07 10.15 -0.11 0.0 1.7188734 2.8647888
-0.22 10.12 0.17 -2.291831 3.4377468 0.57295775
-0.35 10.179999 0.099999994 -2.8647888 2.8647888 0.0
-0.29 10.3 0.02 -1.1459155 0.57295775 0.0
-0.02 10.139999 -0.07 0.57295775 0.0 0.0
-0.07 10.09 -0.07 0.57295775 0.57295775 0.0
-0.13 10.24 0.01 0.0 1.1459155 -2.291831
-0.02 10.139999 -0.07 -1.1459155 0.0 -2.291831
-0.29999998 10.07 -0.25 -1.1459155 0.0 -3.4377468
-0.38 9.96 -0.42999998 -1.1459155 0.0 -3.4377468
-0.07 9.98 -0.31 -4.0107045 -2.291831 -1.1459155
-0.28 10.23 0.21 -9.167324 0.57295775 -2.291831
-0.19 10.139999 0.39 -9.167324 0.57295775 -2.291831
-0.099999994 9.96 0.52 -8.021409 2.8647888 -2.291831
-0.44 9.84 -0.06 -2.291831 2.291831 -4.0107045
-0.5 9.9 -0.03 -1.1459155 0.0 -2.8647888
-0.44 9.95 -0.03 0.0 0.57295775 -1.1459155
-0.17999999 9.86 -0.31 0.57295775 0.0 0.0
-0.29999998 9.95 -0.02 -0.57295775 -0.57295775 0.0
-0.22 9.95 0.44 -4.0107045 2.291831 1.1459155
-0.22 9.929999 0.44 -1.7188734 2.291831 1.7188734
-0.32999998 9.94 0.06 3.4377468 1.7188734 1.1459155
-0.31 9.95 -0.28 4.583662 0.57295775 1.7188734
-0.29 9.969999 -0.13 2.291831 0.57295775 1.7188734
-0.19 9.92 0.03 -2.291831 0.57295775 1.7188734
-0.11 9.98 0.22999999 -2.291831 1.1459155 1.1459155
0.01 9.929999 0.049999997 -1.7188734 0.57295775 1.1459155
-0.08 10.11 -0.26 -0.57295775 0.0 0.0
-0.11 10.23 -0.39 -0.57295775 0.0 -0.57295775
-0.51 10.05 0.12 -6.8754935 1.1459155 -2.291831
-0.48999998 10.13 0.26999998 -7.448451 1.7188734 -1.7188734
-0.24 10.25 0.11 -2.8647888 1.1459155 1.1459155
-0.089999996 10.29 -0.01 -0.57295775 0.0 1.1459155
-0.12 10.09 0.16 -1.1459155 1.1459155 0.0
-0.31 10.11 -0.089999996 0.0 0.57295775 -2.291831
-0.26999998 10.16 -0.29999998 0.57295775 0.0 -2.8647888
-0.29999998 10.05 -0.07 -3.4377468 0.57295775 -1.7188734
-0.29999998 10.05 -0.07 -4.583662 0.57295775 -1.7188734
-0.06 10.26 0.02 -2.291831 0.0 0.0
