-1.0 9.91 1.17 4.0107045 -4.583662 0.0
-0.22 9.5 0.72999996 3.4377468 -22.345354 6.8754935
-0.26999998 9.66 0.89 2.291831 -22.345354 6.3025355
-0.52 9.86 1.3399999 0.57295775 -13.178029 4.583662
-0.5 10.3 2.26 0.0 -2.291831 5.7295775
-0.04 10.309999 2.19 0.57295775 0.0 4.0107045
0.17 10.349999 2.28 5.15662 6.3025355 1.7188734
-0.12 10.04 2.34 8.021409 14.896902 -2.8647888
-0.42999998 9.96 2.6799998 9.167324 17.188732 -2.8647888
-0.22 9.92 1.9799999 14.323945 17.188732 -2.291831
-0.26 10.059999 1.66 18.907606 21.199438 -1.1459155
-0.25 10.07 1.51 13.750987 24.064226 0.0
0.049999997 9.95 1.67 4.583662 28.64789 2.291831
-0.06 9.86 2.01 0.0 30.939718 1.7188734
-0.08 9.87 1.8 -0.57295775 31.51268 -1.1459155
-0.07 9.83 1.62 -0.57295775 33.231552 -1.7188734
-0.099999994 9.809999 2.01 -5.15662 36.669296 0.0
-0.21 9.87 2.1299999 -5.7295775 38.961132 0.57295775
0.17999999 9.88 1.9599999 -2.8647888 40.680004 2.291831
-0.03 9.76 1.66 1.1459155 44.11775 1.1459155
-0.02 9.7699995 1.4 1.7188734 45.83662 0.57295775
0.04 9.91 1.18 4.583662 47.555496 3.4377468
0.19999999 9.96 1.61 -0.57295775 50.993244 5.7295775
0.31 9.809999 1.74 -2.8647888 51.5662 6.3025355
0.21 10.05 1.38 2.291831 53.285076 4.0107045
0.26999998 10.05 1.0 6.3025355 56.14986 2.8647888
0.21 9.889999 1.41 0.57295775 58.441692 2.8647888
0.29 9.84 1.56 -2.291831 57.29578 3.4377468
0.44 9.889999 1.4399999 1.1459155 55.576904 2.8647888
0.5 9.79 1.0799999 2.291831 57.868736 2.8647888
0.25 9.849999 1.29 -0.57295775 64.74423 2.8647888
0.48 9.719999 1.61 -4.0107045 65.317184 5.15662
0.45 9.82 1.64 -2.291831 63.598316 3.4377468
0.59999996 9.8 1.26 2.8647888 64.74423 4.0107045
0.26999998 9.76 1.37 1.7188734 67.60902 2.8647888
0.57 9.83 1.39 1.1459155 69.32789 5.15662
0.88 10.12 1.13 2.8647888 69.32789 7.448451
0.95 10.07 0.97999996 3.4377468 72.19268 8.021409
0.59 9.99 1.17 0.57295775 71.61973 4.583662
0.69 9.96 1.13 0.57295775 71.61973 3.4377468
0.95 10.07 1.0 0.0 72.76564 6.8754935
1.05 10.08 0.71999997 -0.57295775 76.77634 7.448451
0.91999996 10.0 0.7 0.0 76.77634 5.15662
1.02 10.08 0.5 3.4377468 76.77634 2.8647888
0.9 9.94 -0.14 3.4377468 76.77634 2.8647888
0.83 9.809999 0.22 -1.1459155 79.06818 4.583662
0.95 9.8 0.61 -7.448451 77.349304 5.7295775
1.22 9.88 0.53 1.1459155 75.630424 5.15662
0.97999996 10.01 0.099999994 1.7188734 76.77634 4.0107045
0.82 9.98 0.79999995 -9.740283 76.203384 4.583662
1.06 10.21 1.27 -10.886198 76.203384 5.15662
1.06 10.21 1.27 -10.886198 76.203384 5.15662
1.31 10.23 0.64 0.0 77.349304 6.8754935
0.89 10.139999 0.03 5.7295775 79.06818 0.57295775
0.81 10.08 -0.07 4.583662 79.06818 0.0
0.77 9.84 0.0 -4.0107045 80.21409 5.15662
0.77 9.92 0.14999999 -5.15662 80.21409 5.15662
1.27 10.05 0.19 -3.4377468 75.630424 7.448451
1.3199999 10.11 0.14 0.57295775 74.48451 5.7295775
0.77 10.0 -0.14999999 1.7188734 77.349304 2.8647888
0.58 10.139999 -0.089999996 0.0 77.349304 3.4377468
1.1999999 10.08 -0.39999998 -0.57295775 72.76564 8.021409
1.12 10.11 -0.48999998 -2.8647888 71.61973 5.15662
0.66999996 9.96 -0.48999998 -5.15662 71.04677 2.8647888
0.78999996 9.9 -0.089999996 -8.021409 68.75493 5.7295775
0.88 9.88 -0.31 -4.583662 68.75493 7.448451
1.05 9.889999 -0.34 -2.8647888 71.04677 10.886198
1.05 9.82 -0.65 0.0 67.03606 9.167324
0.64 9.94 -0.19 -0.57295775 67.03606 6.8754935
0.91999996 9.65 0.01 -8.021409 60.733524 9.167324
0.83 9.55 0.0 -8.021409 60.733524 9.167324
0.78999996 9.88 0.04 -6.3025355 61.879436 10.31324
1.4699999 9.9 -0.19999999 -2.8647888 58.441692 13.750987
1.29 10.21 -0.65 4.583662 55.00395 12.032113
1.05 10.23 -0.84999996 8.021409 55.576904 8.594366
1.11 10.16 -1.23 6.3025355 59.014652 8.021409
0.94 10.139999 -1.4699999 4.583662 58.441692 8.021409
0.78999996 9.88 -1.38 -2.291831 59.58761 9.167324
0.76 10.05 -0.97999996 -3.4377468 53.285076 8.594366
0.84 10.219999 -1.05 5.7295775 45.83662 7.448451
1.12 10.26 -1.9699999 12.032113 42.971836 6.3025355
0.85999995 10.19 -2.3999999 9.167324 44.69071 4.583662
0.59 10.03 -1.5699999 -4.0107045 43.544792 5.15662
0.61 9.929999 -0.74 -16.042818 39.53409 7.448451
0.84 9.95 -0.57 -10.886198 34.377464 10.31324
0.93 9.95 -0.79999995 0.0 32.085636 9.740283
0.77 10.11 -1.0 5.7295775 30.939718 7.448451
0.39999998 10.15 -1.02 9.167324 30.939718 5.15662
0.44 10.349999 -0.76 7.448451 27.501974 7.448451
0.56 10.599999 -1.17 9.740283 24.064226 7.448451
0.57 10.679999 -1.12 6.8754935 24.637184 6.3025355
0.69 10.37 -1.02 1.7188734 24.064226 4.0107045
0.53 10.17 -0.77 -0.57295775 24.064226 1.7188734
0.59 10.15 -0.69 -1.7188734 22.91831 2.291831
0.74 10.05 -1.06 1.7188734 21.199438 2.8647888
0.29 10.01 -1.3199999 2.291831 20.053522 0.0
0.39999998 10.08 -1.15 0.57295775 15.469859 0.0
0.63 10.21 -0.88 -1.1459155 12.032113 2.291831
0.57 10.219999 -0.96 -4.583662 12.032113 1.1459155
0.61 10.16 -0.82 -6.8754935 12.605071 1.1459155
0.48 10.0 -0.22999999 -12.605071 10.886198 0.0
0.24 9.929999 -0.08 -6.8754935 8.021409 -1.1459155
0.45999998 9.87 -0.58 -1.7188734 7.448451 0.0
0.16 9.809999 -0.32 0.57295775 6.8754935 0.0
0.47 9.9 0.03 -1.1459155 6.3025355 0.57295775
0.65 9.79 0.01 2.291831 1.7188734 3.4377468
0.07 10.09 -0.22 8.594366 3.4377468 0.57295775
0.26 10.3 -0.28 5.7295775 3.4377468 3.4377468
0.61 10.429999 -0.48999998 4.0107045 2.291831 5.7295775
0.32 10.34 -0.55 2.291831 2.8647888 2.291831
0.099999994 10.33 -0.39 0.0 2.8647888 0.57295775
0.45 10.219999 -0.12 -3.4377468 1.1459155 0.0
0.56 10.05 0.0 -2.291831 0.0 0.0
0.32999998 10.0 -0.06 -1.1459155 0.57295775 0.0
0.22 9.94 -0.099999994 0.0 0.0 -0.57295775
0.45 10.09 -0.08 -0.57295775 -0.57295775 0.0
0.53 10.11 -0.04 0.0 0.0 1.1459155
0.19 10.05 -0.06 0.0 0.57295775 0.0
0.39 10.19 0.13 0.0 -2.291831 0.57295775
0.45 10.3 0.14999999 0.0 -3.4377468 0.0
0.38 10.21 0.0 2.291831 -1.7188734 -0.57295775
0.28 10.139999 0.0 2.291831 -1.1459155 -1.1459155
0.04 9.95 0.29999998 2.291831 -0.57295775 -1.7188734
0.13 9.84 0.17 5.7295775 -3.4377468 0.0
0.31 9.809999 -0.45999998 14.323945 -2.291831 0.57295775
0.26999998 9.94 -0.28 12.032113 -1.7188734 -1.1459155
0.29 10.01 -0.28 6.3025355 -1.1459155 -1.1459155
0.17 9.74 0.17999999 -8.021409 -4.583662 -1.1459155
0.099999994 9.599999 0.85999995 -13.750987 -1.7188734 -0.57295775
0.12 9.69 0.61 -9.167324 -2.8647888 -0.57295775
0.42 9.94 0.26 4.0107045 0.0 1.7188734
0.16 9.91 -0.04 4.0107045 0.0 1.7188734
0.12 9.99 0.29 -1.1459155 0.57295775 1.7188734
0.14999999 10.04 0.39999998 1.7188734 -2.291831 1.7188734
0.22999999 10.19 -0.17 6.8754935 -2.291831 1.7188734
0.28 10.179999 -0.56 13.178029 -1.1459155 1.1459155
0.34 10.29 -0.48 2.8647888 -2.8647888 0.57295775
0.55 10.29 0.07 -4.0107045 -4.583662 0.0
0.17999999 10.16 0.06 -2.8647888 -4.583662 -2.8647888
0.17999999 9.969999 0.089999996 -2.291831 -1.7188734 -1.7188734
0.53 9.91 0.22 0.0 -1.7188734 0.57295775
0.57 10.01 0.11 2.291831 -0.57295775 0.0
0.17999999 10.0199995 -0.53 2.291831 -0.57295775 -1.7188734
-0.01 10.01 -0.38 -1.7188734 -1.7188734 0.0
0.35 9.95 -0.17999999 -2.291831 -4.0107045 1.7188734
0.5 9.99 -0.14 -0.57295775 -5.7295775 0.57295775
0.19 9.969999 -0.29999998 0.57295775 -5.15662 -1.1459155
0.14999999 10.12 0.26999998 -2.291831 -5.7295775 -0.57295775
0.41 10.099999 0.17 0.57295775 -8.594366 0.0
0.35999998 10.0 -0.099999994 2.291831 -6.8754935 -0.57295775
0.01 9.95 -0.08 1.1459155 -6.3025355 -1.7188734
