1.4676905 9.816526 0.5506832 0.620515 -18.074736 -2.159115
1.3216397 9.775824 0.81165916 -4.664485 -15.659736 -4.084115
1.5443072 9.79019 1.0175668 -8.0594845 -10.969734 -4.924115
1.1612233 9.732727 0.6177229 -6.624485 -6.629735 -5.449115
0.88109314 9.735122 0.67279124 -3.054485 -4.669735 -7.094115
0.98404694 9.632168 0.7589851 -2.669485 -4.669735 -7.6891155
1.1540405 9.672871 0.7853221 -2.284485 -6.9097347 -4.504115
1.0295382 9.692024 0.7039168 -0.779485 -9.884735 -1.529115
1.0750294 9.703996 0.83081335 0.095515 -11.039736 -1.4241151
1.1061549 9.720756 0.98404694 -0.9544851 -10.444735 -0.794115
0.9912298 9.644139 0.9313729 -1.9694848 -9.079735 0.395885
0.81644773 9.608225 0.7541966 0.165515 -5.299735 1.375885
0.9481328 9.581888 0.8475733 0.795515 -6.454735 2.950885
1.063058 9.63935 0.90024734 2.475515 -10.374736 4.350885
1.2210802 9.675264 0.67757976 5.590515 -14.259735 4.595885
1.1061549 9.684841 0.6057515 5.835515 -17.164736 2.950885
0.93616146 9.574705 0.90982443 2.650515 -20.349735 -0.54911506
0.7302538 9.349643 1.359948 -2.249485 -23.254734 -3.9091148
0.06943397 9.512454 2.1716073 -7.7794857 -23.849735 -6.7441154
-0.6249057 9.584282 2.928198 -12.539485 -23.814735 -10.419115
-1.2258687 9.696813 3.9984388 -12.224484 -28.539734 -13.709115
-1.2665714 9.62259 3.9744961 -6.5544853 -35.959736 -14.619115
-1.2450229 9.603436 4.2235007 -5.749485 -37.079735 -13.044115
-1.5706443 9.44302 5.4110613 -16.634485 -28.749735 -13.079115
-1.9130256 9.021627 6.2921543 -26.434484 -12.054735 -16.334114
-1.7023294 9.043176 6.2131433 -22.304487 1.140265 -13.744116
-0.95531565 8.992896 5.2147307 -8.129485 5.515265 -4.644115
-0.94095 9.119793 4.4844766 2.825515 6.2152653 0.430885
-0.6201172 9.040782 4.517997 2.790515 6.565265 0.57088506
0.28252444 8.980925 4.532362 -1.514485 5.620265 4.840885
1.3144568 8.624178 4.0750556 -3.754485 6.740265 11.070886
1.1037607 8.937828 4.2809634 -7.534485 20.740263 12.575885
1.5467016 9.466963 5.288953 -13.274486 39.360268 10.300885
2.80609 9.366403 3.8475995 -7.6394854 46.535267 12.680884
3.007209 9.438231 1.9226027 10.840515 44.680267 16.915886
3.0742488 9.543579 1.1540405 16.650517 41.460266 13.275885
2.8946784 9.366403 1.3312168 -3.684485 43.980267 8.550885
2.152453 9.5483675 2.9162266 -34.76449 55.075268 5.225885
2.0447106 9.332883 4.146884 -57.549488 66.97527 0.780885
2.8970726 9.246689 3.9337935 -57.72449 68.48026 1.340885
2.8731298 9.227535 2.7127132 -38.614483 67.53526 8.795885
2.4445546 9.055147 2.5906053 -18.804485 59.55526 13.345885
2.8108785 8.827691 2.6360965 -12.224484 53.290264 14.080886
3.2897336 9.217958 2.2769554 -12.889485 48.81027 16.845886
3.8619652 8.813326 2.0423164 -11.734486 44.365265 24.790886
3.2442424 8.20518 4.8579836 -12.259485 39.885265 31.230886
3.1915684 9.067119 5.272193 -13.834486 30.890265 24.615885
4.2378664 9.747093 2.1979442 6.220515 26.515266 18.840885
4.5491223 8.877971 -0.014365649 51.510513 28.230267 28.815886
3.031152 8.71516 0.12210801 78.32052 -10.969734 7.080885
1.8651401 11.478153 0.27055305 64.70552 -2.114735 1.7258849
4.6041903 11.233937 -3.3208592 59.420513 24.100264 24.020885
5.2458563 10.357633 -4.2211065 41.640514 28.860268 33.785885
3.1317115 9.07909 -1.8771114 0.970515 32.325268 17.335884
1.1708003 9.519637 1.9752767 -29.374485 36.210266 2.355885
1.690358 10.371999 1.2162915 -20.974485 28.790264 12.890885
4.865166 9.699207 -1.7885233 6.850515 21.300266 36.760887
4.2211065 8.415876 -0.4860378 8.110515 18.360266 32.210884
2.3631492 7.9968777 3.6201434 -10.194486 21.790264 5.190885
0.90982443 9.761458 4.989669 2.9655151 15.560266 -10.209115
4.106181 8.672064 -0.062251143 63.515522 -0.329735 -4.049115
3.912245 8.262642 -2.4900458 114.51052 -6.1747346 3.265885
2.264984 8.473338 -1.0750294 115.98052 -3.5847352 -14.444116
1.3743137 9.294575 -0.53871185 100.61552 -6.699735 -24.979115
2.6456738 10.015251 -2.595394 98.76051 -10.479735 -12.029115
4.503631 8.968953 -4.946572 95.33052 0.825265 11.945885
2.4277947 10.271439 -4.417437 69.11552 35.020264 21.850885
1.5012103 10.68086 -5.6959796 36.915516 60.640263 12.435885
1.6161355 9.814133 -7.067899 18.750515 60.185265 17.650887
0.28970724 9.905115 -5.054314 -13.519485 76.21526 29.445889
-0.05985687 10.228342 -3.9505534 -48.694485 90.950264 26.505884
1.4676905 10.671283 -4.9010806 -50.549484 72.435265 22.900887
0.7541966 10.470163 -5.566689 -29.934486 36.805264 18.700886
0.11971374 9.998491 -4.398283 -27.729485 16.890266 3.615885
0.41181526 9.809344 -2.9904492 -44.949486 18.115265 -3.314115
1.2593886 9.792584 -1.3647367 -53.454487 12.410265 2.075885
1.3096683 9.993703 -0.43575802 -48.939484 -6.1747346 4.210885
1.3575538 9.737515 -0.25379312 -34.379482 -12.509735 0.675885
1.7789462 9.538791 -0.70631105 -15.304485 -7.119735 -4.049115
1.7717633 9.749487 -0.9816527 2.895515 -6.9097347 -7.969115
1.6975409 9.80695 -1.23784 16.475513 -14.924735 -12.624115
1.7023294 9.72315 -1.0079896 16.965515 -21.014734 -14.864116
1.8771114 9.440625 -0.15802214 7.4805155 -19.684734 -10.664115
2.2506182 9.232324 0.8140534 -6.7644854 -11.879735 -2.614115
2.5642684 9.390346 1.2091088 -10.159486 -9.674736 0.885885
2.7414446 9.45978 0.87151605 0.025515001 -17.374737 -3.6991153
2.5020173 9.428655 0.8044763 5.9755154 -16.954735 -8.284116
2.0399222 9.464568 1.0989721 7.830516 -13.209735 -12.344114
1.8890828 9.553157 0.82123625 11.925515 -12.614735 -13.429115
1.9441512 9.63935 -0.2657645 14.760515 -11.004735 -9.999115
1.9800652 9.821315 -0.29928434 8.215514 -5.999735 -3.034115
2.1093562 9.79019 0.42618093 -4.594485 -1.2397349 2.110885
2.0279508 9.787795 0.967287 -10.544485 -0.154735 3.0558848
2.2099156 9.72315 0.4644893 -6.414485 -1.2397349 1.935885
2.2769554 9.675264 0.11492519 -0.70948505 -2.569735 1.095885
2.0710478 9.933846 0.42378664 -0.744485 -3.234735 -0.61911505
2.2530127 9.93624 0.4932206 -2.494485 -3.094735 -1.074115
2.2625897 9.885961 0.2657645 -0.9544851 -1.309735 -0.304115
2.2985039 9.586677 -0.031125572 0.935515 2.5052652 -0.794115
2.264984 9.617802 0.07901107 0.37551498 4.5002646 -1.074115
2.0423164 9.727939 0.3902668 -1.549485 1.980265 -2.9291148
1.9561225 9.555551 0.023942748 -0.919485 -0.364735 -5.554115
1.5131817 9.213169 0.105348095 1.005515 0.16026501 -6.3241153
1.1636176 9.253872 0.46209505 -0.289485 0.300265 -7.794115
1.4413534 9.325701 0.3304099 -0.849485 -1.939735 -6.4291153
2.020768 9.44302 0.1340794 -0.184485 -3.1997352 -0.33911502
1.8555629 9.428655 0.22027329 -1.724485 -1.0997349 3.7908852
1.8364087 9.407105 0.4740664 -3.9644847 1.315265 2.740885
1.8627458 9.337671 0.48843205 -4.384485 -0.084735 1.7608851
1.8651401 9.349643 0.39266106 -2.459485 -2.0797353 1.270885
1.9226027 9.37598 0.30886146 -0.639485 -1.2397349 1.200885
1.9585168 9.3831625 0.42618093 -0.289485 -0.854735 1.8308849
1.9465454 9.541185 0.50758624 -1.094485 0.58026505 2.880885
2.2123098 9.720756 0.23224466 -1.024485 2.750265 4.000885
2.473286 9.833286 0.021548472 0.72551495 2.4352648 5.645885
2.4541316 9.747093 0.19393626 2.0205152 0.475265 5.400885
2.1907616 9.715967 0.2561874 0.72551495 2.4352648 2.880885
1.8627458 9.830893 0.07422252 1.215515 3.9752648 -0.93411505
1.8196489 9.8237095 -0.09337672 4.1205153 0.755265 -3.594115
1.7957062 9.730332 -0.102953814 4.400515 1.315265 -2.439115
1.7454263 9.72315 0.047885496 -0.884485 2.820265 0.85088503
1.8747171 9.754275 0.16041641 -2.4244852 1.280265 2.145885
2.0183737 9.809344 0.12689656 -3.2644851 0.72026503 2.7058852
2.1404817 9.696813 -0.031125572 -3.3694851 -1.4147351 1.480885
1.9728824 9.569917 0.23463893 -5.294485 -1.9747351 0.150885
1.8842943 9.450203 0.5363176 -7.7094846 0.405265 -0.234115
1.9273912 9.433443 0.5818088 -6.974485 -0.014734999 0.430885
2.0375278 9.421472 0.4740664 -4.1744847 -1.0997349 1.340885
2.1883671 9.478934 0.3974496 -2.949485 0.96526504 2.845885
2.257801 9.390346 0.42139238 -2.529485 2.610265 3.195885
2.0279508 9.431048 0.4285752 -1.129485 1.700265 0.745885
1.8627458 9.47654 0.3304099 0.9005151 0.26526502 -1.3541151
1.8268317 9.5244255 0.18435916 1.9155151 -1.169735 -1.459115
1.9010541 9.550762 0.08858817 1.0405151 -0.92473507 -0.409115
