-1.61 10.389999 0.56 2.291831 -2.291831 -2.8647888
-1.49 10.29 0.97999996 -5.15662 -14.896902 0.0
-0.35 10.099999 0.85999995 -10.886198 -20.053522 14.323945
-0.39 10.309999 1.0699999 -8.594366 -1.7188734 10.31324
-0.53999996 10.42 1.18 -4.0107045 5.7295775 3.4377468
-0.48999998 10.45 0.85999995 -0.57295775 5.7295775 1.1459155
-0.78999996 10.48 0.01 -4.583662 7.448451 -3.4377468
-0.52 9.889999 0.26 -21.772396 15.469859 -2.291831
-0.61 9.389999 1.3199999 -42.971836 16.042818 -1.7188734
-0.84999996 9.22 1.89 -49.27437 16.615776 -3.4377468
-1.05 9.04 2.75 -48.128452 22.91831 -4.0107045
-0.94 8.599999 3.1299999 -36.09634 26.356058 -2.291831
-1.7199999 9.179999 3.1899998 -8.594366 25.7831 -4.0107045
-1.03 9.49 2.29 12.032113 19.480566 6.8754935
-0.55 9.58 1.8499999 17.188732 18.907606 12.032113
-0.35999998 9.96 1.55 13.178029 21.199438 10.886198
-0.41 10.33 1.99 2.8647888 22.345354 8.021409
-0.25 10.469999 1.66 0.0 24.637184 6.3025355
-0.29 10.29 2.1599998 -2.8647888 26.929016 5.7295775
-0.35 10.32 3.1699998 -12.032113 28.64789 3.4377468
0.07 10.32 2.57 -3.4377468 32.085636 5.15662
-0.089999996 10.42 2.23 -2.8647888 37.815212 4.0107045
-0.14999999 10.21 2.61 -8.021409 44.11775 4.583662
0.24 10.17 2.26 0.0 45.263664 6.3025355
0.53999996 9.94 0.93 9.740283 47.555496 3.4377468
0.48999998 9.82 0.66999996 9.167324 48.701412 0.0
0.02 9.45 1.05 -7.448451 51.5662 -6.8754935
-0.56 9.19 1.9399999 -28.07493 55.576904 -11.459155
-0.56 9.13 1.93 -29.220846 57.29578 -11.459155
-1.12 9.19 2.21 -26.929016 63.02536 -10.31324
-0.95 9.48 1.91 -9.740283 60.733524 -2.8647888
-0.22999999 9.26 1.0699999 -0.57295775 50.420284 4.0107045
-1.02 9.53 1.5699999 -6.3025355 53.285076 0.0
-0.96 9.86 1.54 -5.7295775 55.576904 2.291831
-0.53999996 9.9 1.1899999 -2.8647888 55.576904 9.740283
-0.39999998 9.92 1.92 -5.7295775 55.576904 11.459155
-0.21 10.099999 1.5899999 -6.8754935 53.285076 12.605071
-0.12 10.25 1.36 -0.57295775 53.285076 11.459155
-0.19 10.07 1.1999999 0.0 57.29578 8.021409
-0.35 10.01 1.4 -4.0107045 60.160564 6.8754935
-0.47 10.23 1.29 0.57295775 61.30648 8.021409
-0.29999998 10.28 0.97999996 4.0107045 61.30648 8.594366
-0.41 10.32 0.95 4.0107045 58.441692 10.31324
-0.06 10.24 0.52 6.3025355 57.29578 11.459155
-0.06 10.57 0.52 0.57295775 54.43099 8.594366
-0.049999997 10.61 0.45 -0.57295775 54.43099 8.021409
0.0 10.49 0.44 -6.3025355 55.576904 5.7295775
-0.07 10.37 1.17 -10.31324 55.576904 6.3025355
0.06 10.059999 0.95 -6.3025355 54.43099 6.8754935
-0.25 9.8 1.3199999 -1.7188734 55.00395 6.3025355
-0.47 10.0 1.3199999 1.7188734 53.858032 5.15662
-0.25 10.389999 0.62 15.469859 52.139156 1.1459155
0.049999997 10.24 -0.28 21.772396 48.701412 1.7188734
-0.32999998 10.059999 0.37 5.15662 54.43099 0.0
-0.31 9.94 0.47 1.1459155 53.858032 1.1459155
-0.42999998 9.969999 0.42999998 2.291831 51.5662 1.7188734
-0.48 9.889999 0.26 6.8754935 52.139156 -1.1459155
-0.53 9.7 -0.24 5.15662 48.701412 -2.8647888
-0.65999997 9.69 0.19999999 -2.8647888 50.420284 0.0
-0.56 9.48 0.26999998 -5.7295775 50.420284 2.291831
-0.57 9.389999 0.29999998 -7.448451 52.139156 1.1459155
-0.96 9.45 0.45999998 -12.605071 53.858032 0.0
-0.72999996 9.36 0.7 -22.345354 52.139156 2.8647888
-0.76 8.92 0.89 -25.7831 52.712116 3.4377468
-0.85999995 9.36 1.8 -22.345354 49.27437 6.8754935
-0.62 9.57 1.81 -16.042818 48.128452 10.31324
-0.32999998 9.49 0.91999996 -0.57295775 52.712116 11.459155
-0.68 9.639999 0.59999996 4.583662 56.72282 10.886198
-0.58 9.91 0.79999995 3.4377468 57.868736 9.167324
-0.35999998 9.95 0.21 0.0 51.5662 8.594366
-0.71999997 9.809999 0.34 0.0 56.72282 8.594366
-0.71999997 9.59 0.77 -7.448451 58.441692 10.31324
-0.56 10.11 1.04 -6.8754935 53.858032 14.323945
-0.17999999 10.2 0.07 5.15662 50.420284 14.323945
-0.35999998 10.219999 0.099999994 7.448451 54.43099 11.459155
-0.56 10.37 0.47 3.4377468 55.00395 9.167324
-0.29999998 10.44 0.19 -1.1459155 53.285076 10.31324
-0.19 10.53 -0.62 1.7188734 51.5662 9.167324
-0.22999999 10.32 -0.52 -0.57295775 54.43099 8.021409
-0.42999998 10.219999 0.19 -9.740283 50.420284 8.594366
-0.42 10.23 0.17999999 -8.021409 47.555496 6.8754935
-0.35999998 10.29 -0.26999998 0.57295775 48.128452 6.3025355
-0.7 10.0199995 -1.0699999 -1.1459155 46.40958 4.0107045
-1.1 10.07 -0.44 -6.8754935 47.555496 2.8647888
-0.71 10.11 0.45999998 -16.615776 44.69071 5.7295775
-0.42 10.09 0.34 -14.323945 38.961132 8.594366
0.13 10.08 -0.78 0.0 36.669296 8.594366
-1.15 10.059999 -0.42 3.4377468 38.961132 2.291831
-0.29999998 9.92 0.16 -6.8754935 37.815212 6.3025355
-0.29999998 9.92 0.16 -7.448451 32.085636 8.021409
-0.04 9.76 -0.099999994 -1.7188734 29.220846 5.7295775
-0.57 9.33 -0.61 0.0 32.658592 2.291831
-0.65999997 9.2 -0.44 -3.4377468 33.231552 2.291831
-0.98999995 9.53 0.53999996 -9.167324 30.366762 4.0107045
0.099999994 10.11 -0.51 9.740283 26.356058 7.448451
0.22 10.25 -1.02 13.750987 25.210142 6.8754935
-0.42 10.24 -1.4399999 6.3025355 28.64789 1.7188734
-0.72999996 10.23 -0.19999999 -10.886198 25.7831 5.7295775
-0.51 10.24 -0.47 -8.021409 24.064226 6.8754935
-0.57 10.389999 -0.97999996 0.57295775 26.356058 6.3025355
-0.64 10.51 -0.56 1.7188734 26.356058 6.8754935
-0.38 10.67 -0.91999996 2.291831 17.761692 6.3025355
-0.52 10.82 -1.52 8.594366 16.042818 0.0
-0.83 10.48 -0.52 -2.8647888 12.032113 1.7188734
-0.84 10.37 -0.03 -6.8754935 10.31324 2.8647888
-0.96999997 10.3 0.32999998 -2.8647888 10.31324 2.8647888
-1.1899999 10.66 0.75 9.740283 9.167324 3.4377468
-0.66999996 10.82 0.0 27.501974 5.15662 6.3025355
0.04 11.09 -1.23 42.971836 0.0 3.4377468
-0.45 10.76 -1.56 15.469859 2.8647888 -8.021409
-0.90999997 10.54 -0.61 15.469859 2.8647888 -8.021409
-0.63 9.94 -0.42999998 -1.7188734 0.57295775 -7.448451
-1.02 9.82 0.32999998 -8.021409 5.7295775 -6.3025355
-0.41 9.719999 0.35999998 -0.57295775 0.57295775 -3.4377468
-0.45 9.73 0.08 -0.57295775 0.57295775 -3.4377468
-1.02 9.809999 -0.31 9.167324 1.7188734 -6.8754935
-0.9 9.66 -0.35 5.7295775 3.4377468 -4.0107045
-0.79999995 9.63 -0.56 4.583662 1.7188734 -2.8647888
-1.24 9.8 -0.61 4.583662 5.7295775 -4.0107045
-1.12 9.67 -0.47 1.7188734 6.3025355 -4.0107045
-1.01 9.53 -0.37 -2.291831 1.1459155 -1.7188734
-0.9 9.719999 -0.56 0.0 1.1459155 -2.291831
-1.16 9.7 -0.22 -2.291831 0.57295775 -2.291831
-1.23 9.8 -0.14 -0.57295775 0.57295775 -1.1459155
-0.98999995 9.83 -0.28 1.1459155 -1.7188734 -0.57295775
-1.09 9.9 -0.07 2.291831 0.57295775 0.0
-0.76 10.05 -0.37 6.3025355 0.0 0.0
-0.71 10.15 -0.83 6.3025355 -0.57295775 -1.1459155
-1.23 9.91 -0.81 -2.8647888 0.57295775 -2.8647888
-1.39 9.889999 0.06 -7.448451 0.57295775 -2.291831
-0.75 10.0 0.11 -8.594366 -2.8647888 -0.57295775
-0.61 10.01 -0.12 -0.57295775 0.0 0.0
-1.04 9.849999 -0.41 1.1459155 2.291831 -1.1459155
-1.1 9.849999 -0.12 -1.7188734 -1.1459155 -1.7188734
-0.97999996 9.86 0.049999997 -3.4377468 -2.291831 -1.1459155
-1.11 9.8 -0.19999999 1.1459155 0.57295775 0.57295775
-1.16 9.719999 -0.14999999 1.7188734 0.0 0.0
-1.09 9.58 -0.049999997 1.1459155 0.0 1.1459155
-1.4 9.75 0.42999998 0.0 0.0 1.7188734
-1.25 9.98 0.42999998 1.7188734 0.0 1.1459155
-0.71 10.32 -1.27 5.7295775 3.4377468 1.7188734
-0.84 10.26 -0.95 -3.4377468 4.0107045 0.0
-1.1 9.91 0.0 -19.480566 2.291831 0.57295775
-1.18 9.78 0.7 -13.178029 0.0 0.0
-1.1 9.92 0.56 -0.57295775 -1.1459155 0.57295775
-1.1 9.92 0.56 4.0107045 -0.57295775 1.7188734
-0.89 10.16 -0.22 8.594366 1.7188734 2.291831
-0.77 10.2 -0.14999999 4.0107045 1.1459155 2.291831
-0.88 10.11 -0.13 1.7188734 2.291831 1.1459155
-0.94 10.12 -0.5 2.291831 1.1459155 -0.57295775
-0.95 10.099999 -0.58 1.7188734 1.1459155 -1.7188734
-0.95 9.929999 -0.38 -0.57295775 2.291831 0.0
-0.95 9.929999 -0.38 -0.57295775 2.291831 0.0
-1.16 9.83 0.06 -5.15662 1.7188734 0.0
-0.87 9.75 -0.17999999 -0.57295775 0.57295775 0.0
-0.81 9.7699995 -0.32 2.8647888 1.1459155 2.291831
-1.2099999 10.11 -0.35 3.4377468 1.1459155 1.1459155
-0.96999997 10.11 0.0 0.57295775 -0.57295775 2.8647888
-0.65999997 10.17 -0.089999996 0.0 -2.8647888 4.0107045
-0.71 10.23 -0.29999998 3.4377468 0.57295775 1.1459155
