0.5027977 9.545974 0.14844504 -3.59359 -6.27011 -17.013222
0.5219519 9.500483 0.89067024 -11.0835905 -5.3601103 -14.458221
0.53871185 9.534002 0.88588166 -15.668589 -0.14511001 -11.62322
0.29928434 9.680053 0.51955765 -10.068589 6.9598904 -9.66322
0.39505535 9.744699 0.2370332 -0.47858998 6.67989 -7.66822
0.77574503 9.759064 0.24182175 5.0864105 0.13489 -5.56822
0.9241901 9.684841 0.36632404 5.50641 -6.51511 -2.55822
0.7589851 9.742304 0.5411061 3.05641 -9.70011 -2.10322
0.6344828 9.72315 0.6751855 0.60640997 -9.91011 -4.16822
0.76137936 9.648928 0.7110996 1.83141 -10.400109 -4.51822
0.5458947 9.543579 0.48124924 4.03641 -12.57011 -5.07822
0.33519846 9.505271 0.47885495 4.1064095 -10.470111 -5.77822
0.31604427 9.557945 0.69194543 2.25141 -6.55011 -3.3632202
0.339987 9.486116 0.531529 2.9164102 -6.20011 -0.84322006
0.2083019 9.534002 0.37590113 4.3514104 -7.3201103 1.15178
0.31365 9.632168 0.34956414 3.9314098 -8.895111 2.93678
0.42618093 9.617802 0.37350687 1.62141 -10.64511 4.47678
0.47885495 9.586677 0.44533512 -1.17859 -10.54011 4.47678
0.52913475 9.450203 0.7446195 -4.78359 -12.29011 3.8817801
0.48843205 9.402317 0.75659084 -6.6385903 -14.04011 1.67678
0.18675344 9.361614 1.0127783 -7.3035903 -13.865109 -1.47322
-0.0023942748 9.103033 1.6041641 -7.1635904 -17.54011 -3.50322
0.057462595 9.076695 1.8411974 -4.3635902 -26.04511 -3.9582198
0.11013664 9.380769 1.6041641 0.9914101 -29.54511 -2.55822
0.13647367 9.680053 2.0087965 5.0864105 -26.57011 -0.80822
-0.031125572 9.265843 2.4589202 4.73641 -32.03011 -1.68322
0.3519584 9.012051 2.430189 3.9314098 -41.72511 -5.00822
-0.7039168 10.082292 2.7941186 2.42641 -40.220108 -6.54822
0.20351335 10.122993 3.6800003 -3.48859 -26.74511 -6.23322
0.63208854 9.8237095 4.1947694 -10.068589 -18.940111 -2.52322
0.06464542 9.838076 3.3567734 -9.158589 -19.11511 -2.20822
-0.51716334 10.364816 2.9066496 -4.7135906 -13.585111 -6.44322
0.021548472 9.873989 3.6823947 -11.92359 -0.77511007 -6.54822
0.37829542 9.845258 4.757424 -28.163591 13.819891 -3.6082199
0.5554718 9.8548355 4.173221 -29.528591 17.84489 -2.13822
1.2306572 10.010463 3.8739367 -15.598592 14.90489 -3.22322
1.1827718 9.759064 4.14449 -8.98359 16.40989 -3.9232202
0.5794145 9.634562 4.350397 -12.51859 27.36489 -7.21322
0.91461295 9.368797 3.5794408 -11.81859 39.19489 -9.558221
1.7238779 9.3280945 2.9401696 -4.9235897 38.00489 -7.10822
1.1516461 9.25866 3.3136764 -5.41359 38.59989 -4.9032197
0.50040346 9.009656 4.0726614 -13.42859 46.05489 -8.82322
0.6847626 9.0288105 3.5243726 -14.16359 50.359894 -11.41322
1.5227587 9.395134 2.9162266 -1.5285901 42.379894 -4.3432198
1.838803 9.512454 2.4637089 11.35141 40.34989 2.6917799
1.4820561 9.42626 2.9497466 15.58641 39.99989 4.96678
1.5179702 9.45978 2.5307484 16.42641 34.119892 2.7267802
1.6257126 9.976943 0.93616146 39.211414 27.22489 0.83678
2.4876516 10.139753 0.21548474 35.67641 38.424892 6.50678
2.0087965 9.96976 0.6368771 21.11641 38.914894 2.4117799
1.594587 9.943423 1.2713599 13.591411 29.254889 -1.1582199
2.281744 10.060742 0.09577099 15.09641 18.75489 0.03178
2.7342618 10.609032 -0.14365649 6.62641 23.82989 4.58178
2.5906053 10.039194 -0.11971374 -10.94359 51.444893 10.356781
1.8196489 9.502876 1.3647367 -22.42359 67.99989 7.8367805
2.1644244 9.799767 1.6328955 -17.41859 54.454887 2.4117799
2.7246847 10.616215 0.25858167 3.2664099 43.25489 2.2717798
2.2937152 9.974549 -1.1540405 18.31641 62.119896 2.3767798
1.5059988 9.632168 -0.9241901 17.89641 77.69489 -1.68322
1.5323359 9.945818 -1.1540405 15.58641 61.87489 -4.72822
1.1492519 10.89395 -2.0925963 14.256411 46.54489 -3.57322
1.2617828 10.31693 -2.727079 8.37641 53.57989 1.0117799
1.0534809 9.498088 -2.2410412 -3.3835902 60.334892 5.94678
0.9864412 9.821315 -1.0822122 -15.213591 52.10989 6.92678
0.9433443 10.558752 -0.5818088 -18.43359 35.97489 9.06178
1.1875603 10.726351 -0.8978531 -12.65859 35.62489 7.90678
1.4820561 9.943423 -1.5467016 0.25641 42.23989 2.30678
1.089395 9.502876 -2.1620302 16.251411 36.77989 -7.59822
0.11013664 9.976943 -2.5115943 26.05141 24.87989 -18.02822
-0.42378664 10.254679 -2.5427198 21.151411 19.13989 -18.58822
-0.26337022 9.785401 -2.1452703 2.8814101 28.06489 -8.75322
0.028731298 9.189227 -1.0774237 -15.9135895 37.96989 3.56678
-0.03351985 9.344854 -0.818842 -20.813591 31.144892 9.13178
-0.2681588 9.608225 -1.4150164 -8.63359 15.989889 12.211781
-0.29928434 9.371192 -1.9106313 3.05641 11.64989 16.20178
0.10774237 8.89952 -1.201926 1.4464101 20.329891 22.71178
0.03351985 9.253872 -0.84039044 -6.35859 25.64989 27.50678
0.6057515 9.850046 -1.6568382 -4.9935904 23.02489 30.09678
2.0949905 9.593859 -2.0327394 4.73641 12.31489 34.40178
2.0447106 9.926663 -0.53871185 4.8414097 7.97489 33.17678
0.86193895 10.728745 -0.18675344 -0.51359 8.394891 18.546782
1.3910737 10.515655 -2.2625897 12.01641 6.67989 -0.24822001
1.5658557 10.465375 -2.8898897 33.401413 6.15489 -3.6082199
1.2043202 10.144543 -2.281744 32.52641 5.59489 -2.10322
0.25139886 9.692024 -1.934574 15.3764105 15.49989 -10.01322
-0.64166564 9.603436 -1.8699286 5.54141 25.92989 -16.41822
-1.0678465 9.433443 -1.8962656 2.56641 25.054892 -18.65822
-0.84996754 9.505271 -1.9010541 3.1964102 14.76489 -14.458221
-0.9624985 9.538791 -1.89866 4.07141 4.0898905 -9.4182205
-1.0462981 9.550762 -1.324034 -4.01359 9.969891 -3.22322
-0.5554718 9.670476 -0.99362403 -12.133591 18.85989 6.8217797
0.13886794 9.914692 -1.0415095 -11.39859 13.36489 14.20678
0.5147691 10.170879 -0.89067024 -8.91359 -0.91511005 13.22678
0.50998056 10.012857 -0.63208854 -7.79359 -8.75511 5.63178
0.24421602 9.909904 -0.36632404 -6.9185896 -5.1851106 0.38178003
-0.08858817 9.864412 0.071828246 -5.23859 -3.96011 -1.19322
0.08140534 9.818921 0.21548474 -3.94359 -4.52011 -0.14321999
0.37111259 9.73991 -0.062251143 -2.0885901 -1.82511 3.9867797
0.6703969 9.656111 -0.34956414 -0.51359 0.90489006 7.8717794
0.72546524 9.811738 -0.06464542 -1.77359 -0.9501101 6.6817803
0.49800915 9.962578 0.2681588 -3.45359 -5.43011 1.99178
0.29928434 9.943423 0.5027977 -2.64859 -9.10511 -1.78822
0.5698374 9.766247 0.29689008 -0.61859 -7.9501104 -0.94822
0.7829279 9.79019 0.2777359 1.34141 -6.86511 2.0967798
0.87630457 9.885961 0.4189981 0.92141 -6.37511 3.00678
0.8834874 9.885961 0.38068968 -0.16359 -4.73011 2.6217802
1.0175668 9.754275 0.28252444 0.46641004 -3.6451101 1.5717801
0.7901107 9.584282 0.4764607 0.78141004 -3.2951102 -1.4032199
0.64166564 9.529214 0.55307746 0.57141 -2.28011 -4.9032197
0.49082634 9.629773 0.25379312 3.09141 -2.42011 -5.11322
0.3423813 9.931452 0.20590763 5.54141 -5.22011 -3.4682202
0.6177229 10.008069 0.20111908 1.51641 -2.35011 -0.35322002
0.9768641 9.991309 0.22027329 -4.64359 3.9848902 4.40678
0.9792584 9.962578 0.3998439 -6.74359 3.8448899 5.87678
0.5818088 9.866806 0.6656084 -5.2735906 -3.2601101 1.7817799
0.56265455 9.677659 0.83081335 -4.67859 -3.43511 -2.97822
0.6296943 9.644139 0.79250497 -4.32859 1.60489 -3.15322
0.52913475 9.742304 0.28013015 -0.023589998 2.02489 -3.11822
0.43336374 9.821315 0.052674048 6.59141 -1.33511 -5.46322
0.31125572 9.785401 0.0071828244 9.18141 -3.6451101 -6.93322
0.30167863 9.677659 0.19154198 2.74141 -4.9401097 -4.6932197
0.31365 9.73991 0.14126222 -0.058589995 -2.73511 -1.47322
0.531529 9.617802 0.0670397 -1.73859 -1.89511 2.0267801
0.723071 9.663293 0.7398309 -4.78359 -3.2601101 3.42678
0.7039168 9.835681 0.6608198 -3.94359 -2.91011 1.60678
0.64166564 9.8237095 0.14844504 1.4464101 -2.42011 -0.77322006
0.8667275 9.553157 0.15802214 3.16141 -5.53511 -2.52322
0.40463245 9.6896305 0.9864412 0.39641002 -10.96011 -6.19822
0.117319465 9.727939 1.0008069 0.53641 -8.8251095 -7.42322
0.48843205 9.718362 0.15323359 4.4564104 -2.21011 -1.50822
0.72546524 9.63935 0.098165266 5.68141 -0.35511 4.0917797
0.77574503 9.708784 0.505192 2.56641 -0.9501101 4.40678
0.68715686 9.917087 0.34716985 2.21641 -0.74011004 3.0417802
0.65842557 9.91948 -0.04070267 5.0864105 0.13489 1.8517802
0.62251145 9.754275 -0.009577099 5.0514097 -0.14511001 0.94178
0.55307746 9.924269 0.48124924 1.06141 -0.11011 0.83678
0.53871185 10.0368 0.31125572 -1.00359 0.44989 0.83678
0.5458947 9.885961 -0.23942748 1.7614101 2.3398898 0.13678001
0.44533512 9.715967 -0.22266756 4.2114096 0.79989004 -1.33322
0.27055305 9.833286 0.14605077 2.84641 -3.1551101 -2.69822
0.18914771 9.8787775 0.12210801 0.22141 -2.66511 -2.41822
0.43815228 9.715967 -0.083799616 0.39641002 0.58989 -0.56322
0.55786604 9.636956 -0.11492519 1.58641 0.20489 1.08178
0.5027977 9.816526 0.038308397 0.78141004 -1.51011 2.0967798
0.5698374 9.905115 0.3040729 -1.98359 -1.61511 2.6217802
0.57223165 9.8548355 0.37829542 -4.0835905 -0.77511007 2.20178
0.679974 9.8237095 0.21069619 -2.33359 -0.25011 1.0117799
