-0.51 9.42 3.01 6.8754935 12.032113 -6.8754935
0.25 9.24 2.37 12.605071 2.291831 5.15662
1.11 9.48 1.87 14.323945 13.178029 7.448451
1.0799999 9.57 2.03 11.459155 20.053522 5.15662
0.65999997 9.71 2.34 6.8754935 31.51268 -1.1459155
0.65999997 9.96 2.06 7.448451 33.231552 -1.7188734
0.53999996 9.929999 2.22 8.594366 32.658592 -1.7188734
0.7 9.75 2.05 10.886198 41.825916 0.0
0.65 9.849999 2.19 10.886198 50.420284 1.1459155
0.79999995 10.0199995 2.36 8.594366 55.576904 2.291831
1.2099999 9.94 1.75 6.8754935 60.160564 6.8754935
1.53 9.71 2.47 1.7188734 63.02536 5.7295775
1.25 9.7699995 2.86 -0.57295775 66.463104 4.583662
1.26 9.7699995 2.2 5.15662 67.60902 2.291831
1.3199999 9.75 1.8399999 12.605071 62.4524 2.8647888
1.92 10.0199995 0.83 21.772396 65.890144 4.0107045
1.8 10.099999 0.91999996 18.907606 68.75493 1.1459155
0.97999996 10.2699995 1.13 10.31324 77.349304 -2.8647888
1.26 10.03 0.74 11.459155 71.04677 0.0
1.5799999 9.92 0.52 10.886198 71.04677 1.7188734
2.06 9.88 0.57 8.021409 72.19268 2.8647888
1.63 9.74 0.45999998 9.167324 72.19268 -5.7295775
0.65 9.889999 -0.28 15.469859 67.03606 -9.740283
0.97999996 10.09 -0.14999999 9.740283 68.75493 -5.15662
1.4 10.05 -0.14999999 6.8754935 68.75493 -1.1459155
1.3199999 9.929999 0.17999999 2.291831 76.77634 0.57295775
1.13 9.67 0.22999999 2.8647888 76.77634 -0.57295775
1.51 9.79 -0.22 9.167324 68.75493 3.4377468
1.5799999 9.96 -0.25 8.594366 68.75493 3.4377468
1.78 9.83 -0.29999998 4.583662 68.18198 3.4377468
1.3 9.719999 0.48 -1.1459155 75.057465 1.1459155
1.3 9.69 -0.24 1.7188734 73.33859 0.0
1.1999999 9.75 -0.39999998 7.448451 67.03606 0.0
0.93 9.74 0.0 5.15662 62.4524 -1.1459155
0.96 9.73 -0.24 4.0107045 64.17127 0.57295775
1.1 9.679999 -0.55 2.291831 69.900856 4.583662
0.77 9.679999 -0.02 -2.291831 66.463104 6.3025355
0.89 9.83 0.26999998 -4.583662 67.60902 9.167324
1.7199999 10.21 -0.52 1.7188734 65.317184 12.032113
1.7099999 10.32 -0.72999996 5.15662 64.17127 10.886198
1.62 10.23 -0.7 4.583662 64.17127 5.7295775
1.17 9.65 -0.32999998 1.7188734 67.60902 1.1459155
0.68 9.17 -0.65 12.605071 79.06818 0.57295775
0.42999998 9.46 -0.25 12.605071 79.06818 0.57295775
1.7099999 9.639999 -2.05 28.64789 53.858032 7.448451
1.14 10.16 -2.18 29.793804 36.09634 2.291831
0.89 10.2699995 -2.3799999 14.323945 40.680004 -2.291831
0.44 10.32 -1.38 5.15662 47.555496 -2.291831
0.31 10.32 -1.0799999 -1.7188734 51.5662 -1.1459155
0.57 10.32 -0.32999998 -6.8754935 46.98254 8.021409
1.3199999 10.2 -0.38 -3.4377468 42.971836 10.31324
0.55 10.2 0.0 -3.4377468 48.128452 1.1459155
0.59 10.28 0.099999994 -2.8647888 46.40958 2.291831
1.01 10.24 0.049999997 -2.291831 44.11775 5.15662
1.14 10.2 0.049999997 -2.291831 44.11775 4.583662
0.94 10.28 0.58 -4.0107045 48.701412 1.7188734
0.90999997 10.34 0.5 -0.57295775 49.84733 1.1459155
1.1999999 10.309999 -0.089999996 6.8754935 48.128452 2.291831
1.16 10.38 -0.34 10.31324 42.971836 1.7188734
1.41 10.5 -0.66999996 9.167324 42.398876 1.1459155
1.41 10.4 -0.68 5.15662 46.40958 -1.1459155
1.1999999 10.309999 -0.5 2.291831 49.84733 -4.583662
0.84 9.88 -0.59 6.3025355 45.83662 -4.583662
1.16 9.73 -1.01 9.740283 41.825916 -2.8647888
0.84999996 9.84 -1.2099999 8.021409 41.25296 -5.7295775
0.26999998 9.8 -0.79999995 0.0 42.971836 -6.3025355
0.19999999 9.849999 0.049999997 -4.583662 45.83662 -2.291831
1.3 9.66 -0.22999999 -1.1459155 41.25296 5.15662
1.0699999 9.62 -0.32 0.57295775 38.38817 4.0107045
0.02 9.74 0.21 -0.57295775 36.669296 -1.7188734
-0.22999999 9.8 0.52 -5.15662 41.825916 -1.1459155
0.7 9.57 0.74 -4.583662 44.11775 5.7295775
0.96999997 9.5 0.64 -4.0107045 45.83662 6.3025355
0.96999997 9.5 0.64 -5.7295775 46.98254 3.4377468
0.9 9.34 0.72999996 -5.15662 46.98254 1.7188734
0.95 9.349999 0.55 0.57295775 50.420284 1.7188734
0.72999996 9.83 -0.71 6.3025355 49.84733 1.7188734
0.58 9.9 -0.74 7.448451 47.555496 1.7188734
0.65999997 9.99 -0.72999996 5.7295775 46.40958 2.291831
1.02 10.09 -0.41 1.1459155 46.98254 5.7295775
1.02 10.21 -0.25 0.57295775 50.993244 7.448451
1.05 10.29 -0.32 5.15662 47.555496 6.3025355
1.11 10.33 -0.55 9.167324 39.53409 5.15662
0.87 10.24 -0.47 5.7295775 40.107044 2.291831
0.7 10.16 -0.22999999 3.4377468 41.825916 1.1459155
0.44 10.19 0.39999998 0.57295775 46.40958 2.8647888
1.29 9.96 0.22 4.0107045 45.263664 6.8754935
0.96 10.07 0.25 7.448451 41.825916 5.15662
0.78 9.929999 0.08 8.021409 42.398876 1.7188734
0.69 9.92 -0.08 7.448451 44.11775 2.291831
0.74 10.0 0.19999999 4.583662 49.84733 4.583662
1.18 9.969999 0.14 5.7295775 46.40958 6.8754935
1.15 9.92 -0.04 6.3025355 46.40958 6.8754935
1.0699999 9.96 0.06 4.583662 46.40958 5.7295775
0.96999997 10.0199995 0.28 4.583662 47.555496 5.15662
1.12 10.21 0.48999998 6.8754935 52.712116 4.583662
1.5899999 10.55 -0.72999996 15.469859 49.84733 6.3025355
1.3 10.389999 -0.81 10.886198 49.84733 2.8647888
0.76 10.28 -0.17 0.0 51.5662 -0.57295775
0.89 10.21 0.13 -2.8647888 52.139156 0.0
