0.84278476 9.945818 0.54828894 -0.47425002 -3.88192 1.82385
0.9601042 9.876384 0.75659084 -6.35425 -3.3919199 2.13885
0.5243462 9.842864 0.818842 -7.89425 -8.011919 -1.18615
0.3423813 9.766247 0.7733508 -6.80925 -8.64192 -4.40615
0.6392714 9.742304 0.82602483 -6.42425 -7.6269207 -2.4461498
0.72785956 9.73991 0.7901107 -7.5442495 -6.29692 0.66885
1.0774237 9.531608 1.1803775 -9.22425 -4.51192 0.87885
0.2753416 9.672871 1.6927522 -10.939251 -5.00192 -0.24114999
0.35435268 9.584282 1.4796618 -8.20925 -8.536921 -1.46615
0.7972935 9.6585045 1.0965779 -0.15924999 -10.881921 0.9838501
0.83081335 9.522031 1.3144568 5.3357496 -13.086921 4.23885
0.8284191 9.37598 1.6855695 2.4657502 -12.946919 4.09885
0.34477556 9.565128 1.175589 -0.89425 -12.4919195 2.45385
0.64166564 9.182044 1.4748733 -2.08425 -19.10692 3.32885
0.5458947 9.002473 3.5483153 -11.464251 -22.571918 5.95385
0.06943397 9.026416 4.166038 -21.71925 -21.27692 7.4938507
0.05985687 9.253872 3.2801564 -10.51925 -28.17192 7.8088503
0.4644893 9.534002 2.7462332 10.97075 -41.08692 10.468849
0.6488485 9.694419 2.8563697 19.30075 -41.54192 14.528851
0.7302538 9.454991 4.6472874 9.15075 -35.83692 14.3188505
1.0008069 9.457385 5.7821736 -9.854249 -28.87192 13.26885
1.4437478 9.261055 5.7199225 -10.44925 -30.761919 10.99385
1.297697 9.007262 5.5571117 0.19075 -22.08192 5.49885
0.88109314 9.057542 5.4326096 7.8557496 -3.35692 2.94385
1.3958622 9.06233 4.743058 16.04575 12.95308 6.02385
1.8771114 9.165284 3.849994 23.29075 17.713081 7.6338506
1.9202085 9.11261 3.581835 23.01075 11.308081 4.6938505
1.6807809 9.043176 3.8236568 13.87575 12.81308 1.9288502
2.169213 9.11261 3.9481592 3.20075 29.47308 6.26885
2.9928436 9.227535 3.6608462 0.57575005 41.268078 13.653851
3.2298768 8.930645 3.5004299 0.99575 43.89308 12.35885
2.901861 9.043176 3.9337935 -1.76925 49.458084 8.71885
3.205934 9.268238 3.7614057 0.75075 57.718082 11.23885
4.3025117 9.498088 2.360755 13.035749 61.95308 17.15385
4.3264546 9.301758 0.7685622 25.14575 62.19808 15.75385
3.6129606 9.543579 0.69912827 21.960749 59.39808 5.95385
3.4094474 9.6585045 1.2617828 3.16575 64.68308 4.5538497
3.0862203 9.534002 1.3407938 -11.95425 74.51808 12.67385
3.337619 9.411894 1.1205206 -14.824249 75.04308 19.813848
3.8787253 9.665688 1.3958622 -15.94425 71.68308 25.90385
4.781367 10.051166 1.934574 -17.58925 68.708084 29.683851
5.1261425 9.574705 1.5083932 -7.12425 64.333084 29.36885
4.98488 9.184438 0.27294734 21.715752 58.59308 21.773851
4.4916596 9.720756 -1.1229149 51.15075 56.63308 13.863851
4.2402606 10.146936 -1.3575538 61.30075 65.10307 8.33385
4.723904 9.656111 -1.7190893 55.735752 80.04808 4.37885
4.695173 9.668081 -2.6504622 54.19575 77.38808 1.7888501
4.455745 10.134965 -3.4812756 57.66075 73.36308 -4.3361497
4.0151987 10.486923 -3.5866237 55.84075 80.223076 -12.03615
2.710319 10.525232 -2.9473522 45.97075 85.57808 -23.20115
1.3479767 10.771842 -3.3615618 35.75075 83.02308 -36.43115
0.7877164 10.575512 -4.9633317 35.40075 80.88808 -43.71115
0.49082634 10.096657 -5.7630196 38.76075 91.98308 -39.37115
0.33519846 9.490906 -4.242655 27.00075 90.47808 -28.52115
-0.52913475 9.888355 -2.3128695 -0.33425 67.16808 -19.49115
-0.66800267 9.574705 -3.2777622 -16.78425 49.66808 -10.84615
0.011971374 9.134158 -3.737463 -6.35425 43.43808 0.91385007
0.8667275 8.925857 -3.4190245 4.21575 34.723083 12.04385
0.4668836 9.237112 -2.7294734 -6.8792505 11.79808 8.963851
0.3902668 9.229929 -2.2194927 -9.88925 9.03308 6.79385
0.7398309 9.055147 -1.9417568 -9.18925 14.493081 9.31385
1.5586729 9.124581 -2.0806248 -2.74925 16.13808 11.16885
1.6855695 9.222747 -2.1189332 2.43075 14.07308 7.24885
1.1660118 9.311335 -1.5586729 3.3057501 8.963079 -1.99115
0.9696813 9.136553 -1.6017698 7.08575 4.55308 -6.01615
0.600963 9.1628895 -1.5969813 11.635751 0.94808 -6.2961497
1.1971374 9.464568 -1.3838909 7.5757504 1.3680799 -2.86615
0.82602483 9.680053 -0.70631105 -1.4542501 3.22308 2.1038501
0.08140534 9.5794935 -0.5123748 -9.15425 9.45308 5.1838503
0.55307746 9.783007 -0.36871833 -12.16425 10.71308 15.29885
1.812466 9.909904 0.38787252 -13.77425 -1.2919201 25.97385
2.248224 10.039194 0.80208206 -14.754251 -8.78192 26.18385
2.310475 9.998491 0.5458947 -9.15425 -4.8619204 18.37885
1.9226027 9.830893 0.16520496 1.13575 -1.74692 7.0388503
1.5443072 9.8237095 0.17717634 8.20575 -5.42192 -3.77615
1.4054393 9.737515 0.2657645 8.90575 -7.3469205 -8.32615
1.4317763 9.727939 0.14605077 6.5957503 -3.07692 -6.8561497
1.4293821 9.715967 0.15802214 4.3207498 0.52808005 -4.79115
1.5610672 9.73991 0.25139886 2.60575 -2.06192 -3.04115
1.7454263 9.7135725 0.28013015 0.71575 -2.79692 -0.90615
1.56825 9.699207 0.58420306 -0.29925 -3.53192 -0.10115
1.5275474 9.591465 0.50998056 -1.59425 -0.20692001 -0.06615
1.7837347 9.596253 0.043096945 -0.57925 2.87308 1.5438501
1.8483802 9.761458 0.18435916 1.17075 1.43808 3.9588501
2.0542877 9.771035 0.58420306 -2.64425 3.18808 6.02385
2.126116 9.715967 0.7326481 -6.6692505 6.89808 8.33385
2.0087965 9.857229 0.31365 -4.39425 7.28308 6.86385
1.7909175 9.888355 0.07901107 1.66075 7.73808 2.2438502
1.5275474 9.8237095 0.12210801 2.60575 13.0930805 -1.18615
1.2426286 9.778218 0.031125572 1.17075 16.838081 -2.9361503
1.2258687 9.871595 -0.25858167 1.8357501 11.483081 -4.05615
1.5107874 9.862018 -0.41420954 1.59075 6.09308 -2.16615
1.3288225 9.811738 -0.18675344 -0.54425 1.33308 -2.7961502
1.0055954 9.737515 0.011971374 -3.65925 1.40308 -5.35115
1.1875603 9.672871 0.16520496 -6.8792505 5.18308 -2.34115
1.7693691 9.682447 -0.07901107 -6.35425 4.72808 2.41885
1.7789462 9.70639 0.11971374 -4.46425 -0.06692 1.29885
1.3575538 9.62259 0.64166564 -5.12925 0.38808 -3.2161503
1.4221992 9.481328 0.5219519 -3.6942503 1.78808 -4.16115
1.5802214 9.519637 0.22745611 1.27575 0.24808002 -3.28615
1.359948 9.565128 0.339987 2.57075 -0.87192 -3.42615
1.3192455 9.507666 0.17957062 1.3457501 0.42308 -2.83115
1.2833313 9.490906 -0.11013664 1.06575 2.10308 -0.10115
0.9529214 9.531608 0.09337672 -1.69925 4.41308 2.20885
1.1995317 9.656111 0.2681588 -7.64925 6.61808 6.16385
1.8364087 9.608225 0.28731298 -11.28925 5.74308 12.813849
2.1117504 9.70639 0.4668836 -11.67425 2.94308 15.82385
2.1045675 9.747093 0.8667275 -11.07925 2.59308 11.76385
2.1021733 9.730332 0.75180227 -8.66425 4.02808 5.63885
1.7526091 9.603436 0.047885496 -0.15924999 1.92808 -0.34614998
1.2833313 9.581888 0.105348095 6.17575 -1.9919201 -6.2961497
1.1899546 9.541185 0.51955765 3.09575 -1.57192 -7.3811507
1.6281068 9.553157 0.6344828 -1.83925 -0.17192 -2.69115
1.5754328 9.574705 0.45970076 -1.24425 -1.1519201 1.2288501
1.4700848 9.613013 0.35674694 1.94075 -2.51692 0.49385
1.7286664 9.696813 0.50758624 2.60575 -2.76192 0.0038500002
1.7166951 9.694419 0.6177229 1.24075 -3.00692 0.91385007
1.3934679 9.718362 0.55307746 1.06575 -3.3219202 -0.10115
1.5778271 9.797373 0.17957062 1.8357501 -2.90192 -1.6761501
1.7693691 9.763853 0.31125572 1.9757499 -4.44192 0.28385
1.5227587 9.680053 0.84278476 -1.03425 -4.0569196 2.41885
