0.17957062 9.864412 -0.21069619 6.683915 -14.382655 -3.60248
0.45012367 9.665688 0.3423813 -6.0210853 -9.202656 -0.45248002
0.51716334 9.557945 1.0702409 -19.006084 -4.477655 2.24252
0.4668836 9.644139 1.6137413 -21.421085 -1.292655 1.54252
0.29689008 9.720756 1.2737542 -13.721086 0.35234502 0.63252
0.22745611 9.804555 0.7877164 -2.1710851 -0.102655 1.6125201
0.37111259 9.838076 0.81165916 3.008915 -3.042655 3.2225199
0.62251145 9.912297 0.9984126 1.818915 -4.4426546 5.0775204
0.63208854 9.960183 0.8930645 0.138915 -3.987655 5.3225203
0.6368771 9.996098 0.66321415 0.663915 -2.3076549 4.06252
0.53871185 9.964972 0.7110996 0.523915 -2.377655 2.2775202
0.6751855 9.914692 0.89545876 -1.261085 -5.1426554 0.35252
0.47885495 9.80695 0.85236186 -2.4510849 -7.4876556 -0.83747995
0.3519584 9.881172 0.88588166 -1.7860851 -7.102655 -1.9224801
0.37829542 9.833286 0.8236305 -0.98108494 -5.737655 -1.4674801
0.3974496 9.895537 0.9385557 -0.631085 -5.562655 -0.55748
0.45491222 9.862018 0.9194015 -0.001085 -6.857655 0.45752
0.4070267 9.864412 0.8332076 2.448915 -11.232655 1.3675201
0.43575802 9.77343 0.86193895 5.318915 -15.992654 1.4375199
0.44054657 9.783007 1.0175668 6.053915 -18.687654 1.78752
0.409421 9.799767 1.2426286 5.598915 -20.647655 1.50752
0.36871833 9.701602 1.4126221 6.613915 -25.162655 -0.06748
-0.15323359 9.761458 1.7478206 6.403915 -27.542656 -1.71248
-0.66321415 9.895537 2.6720107 3.008915 -26.947657 -1.22248
-0.45251793 9.80695 3.059883 -0.141085 -32.092655 0.31752
-0.3902668 9.629773 3.3328304 -1.016085 -38.777657 -0.66248
-0.9385557 9.371192 3.8547823 -5.006085 -34.787655 -4.68748
-1.359948 9.407105 4.558699 -13.651085 -24.532654 -7.6974807
-0.9816527 9.529214 5.715134 -29.541088 -24.882656 -6.33248
-0.69912827 9.239507 6.5842557 -33.951084 -20.787655 -6.2624803
-0.6656084 9.014444 6.9888883 -29.576086 -13.997656 -4.7574797
0.28252444 8.930645 6.8476257 -17.606085 -4.7926555 -1.50248
0.9313729 9.009656 6.7135468 -5.951085 13.757345 -2.30748
0.8379962 8.930645 6.0096297 4.758915 31.292347 -8.2924795
0.58420306 8.806143 5.1788163 14.0339155 40.28735 -14.6274805
0.7972935 8.561927 4.6832013 14.208915 44.277348 -15.117479
0.89545876 8.490098 4.3432145 7.978915 47.707344 -11.51248
0.64166564 8.425453 4.460534 -0.736085 45.432346 -9.65748
0.45012367 8.5882635 5.6002088 -14.631084 43.192345 -4.6174803
1.2833313 9.153313 6.100612 -20.126085 52.292343 9.382521
2.7294734 9.560339 4.853195 2.133915 60.552345 22.99752
3.8835137 10.077502 2.832427 41.998917 40.777344 28.982521
4.4461684 10.506078 1.2043202 70.628914 20.197344 24.362522
4.1851926 11.121407 -0.2466103 75.878914 20.232346 11.83252
3.4884584 11.212389 -1.3623424 67.653915 28.772346 1.4375199
3.050306 10.9801445 -2.6432793 56.663918 24.047346 -4.16248
3.110163 10.654523 -3.1580484 40.318913 16.767345 -6.5424805
2.3870919 10.812545 -2.291321 8.818914 13.337345 -5.49248
2.4708917 10.33369 -1.8555629 -25.831085 33.917347 -0.9774801
1.9417568 9.646533 -1.1516461 -43.926086 41.932346 0.00252
1.4126221 9.349643 -0.5913859 -47.321087 31.117348 0.70251995
1.6807809 9.481328 -0.2681588 -45.361088 25.272345 2.20752
1.7693691 9.330489 -0.5243462 -35.071087 17.327345 4.79752
1.9848539 9.155706 -1.5610672 -18.236084 21.247343 7.03752
1.4221992 9.500483 -1.7573977 -5.391085 33.882347 7.9125204
1.2881198 9.763853 -1.7789462 2.133915 25.902346 6.51252
1.2857256 9.864412 -1.4772675 8.153914 3.922345 8.82252
0.8284191 10.142148 -1.0032011 9.378915 -4.5476546 11.69252
1.158829 10.134965 -0.9984126 10.603915 8.542345 11.6225195
1.951334 10.503684 -2.221887 23.833914 8.752344 9.97752
2.5642684 10.225947 -3.2370596 45.498917 -1.3276551 10.362519
2.1093562 10.398335 -3.869148 60.023914 -9.657656 5.04252
1.3096683 10.592272 -4.503631 64.013916 -9.062655 -8.2924795
1.4269878 9.862018 -4.7502413 58.308914 -10.777655 -19.38748
0.68715686 8.966559 -3.9313993 37.90391 -4.4076552 -23.832481
-0.71828246 9.110215 -2.0016139 -13.546084 45.887344 -32.26748
-1.2761484 9.364009 -1.6161355 -10.431086 54.49735 -30.972479
-0.85236186 9.103033 -2.954535 9.378915 49.28235 -27.85748
-0.77574503 8.964165 -3.8571768 26.738914 33.252346 -26.28248
-1.0822122 8.837268 -3.8092911 29.363916 23.662346 -28.312479
-1.5874043 9.019233 -3.2346652 23.378914 20.372345 -30.902481
-2.0710478 8.885154 -3.5938065 18.478914 21.037344 -29.467482
-2.0925963 8.935433 -3.5674694 14.663914 17.362347 -22.60748
-1.8196489 8.988108 -2.9162266 5.9139156 11.377345 -11.61748
-1.8579572 9.14613 -2.004008 -4.2710853 11.832345 -1.22248
-2.5546913 9.481328 -2.3320236 -9.976085 16.942347 5.8125205
-1.5921928 9.203592 -2.5092 -15.331085 22.717344 18.86752
0.062251143 9.277815 -1.3982565 -26.111084 21.002346 38.11752
1.0917894 9.962578 -0.7398309 -29.646088 12.952345 42.24752
1.1540405 10.10384 -1.1468576 -17.431086 3.992345 27.792519
-0.14365649 9.996098 -1.3575538 0.523915 -5.1776547 2.59252
-0.8236305 9.900327 -1.1253091 7.9439154 -9.342654 -16.727482
-1.0032011 9.8548355 -0.74222517 3.988915 -6.787655 -19.072481
-1.0415095 9.838076 -0.4836435 -1.261085 -0.452655 -11.1274805
-0.44533512 9.821315 -1.0558752 -0.911085 2.662345 -2.65748
0.15083931 9.976943 -1.6281068 3.428915 -0.87265503 4.8675203
0.5147691 9.924269 -1.0774237 1.8889148 -4.757655 8.507521
-0.1699935 9.883567 -0.42618093 -6.091085 -8.187655 5.95252
-0.6895511 9.890749 -0.023942748 -10.466085 -7.977655 0.00252
-0.28252444 10.180456 -0.12450229 -9.941085 -5.877655 2.03252
0.105348095 10.202005 -0.46927786 -6.861085 -1.537655 8.89252
0.3304099 10.118205 -0.8236305 -1.646085 -0.172655 10.152519
0.11971374 9.979338 -0.5794145 3.1839151 -3.9176548 5.6725197
0.17478207 9.8548355 -0.339987 3.5339148 -5.1426554 0.28252003
-0.20111908 9.862018 -0.55307746 3.5339148 -4.0576553 -4.09248
-0.29928434 9.77343 -1.0079896 8.328916 -5.352655 -7.6974807
-0.37111259 9.727939 -0.967287 10.358915 -7.0326552 -7.80248
-0.34477556 9.735122 -0.5219519 5.0389147 -6.472655 -5.00248
-0.31843856 9.670476 -0.29689008 -2.311085 -3.427655 -0.73248005
-0.13886794 9.58907 -0.4070267 -4.166085 -1.8876551 2.1725202
0.090982445 9.672871 -0.43575802 -1.7160851 -2.867655 3.7825198
0.14844504 9.912297 -0.6249057 1.328915 -7.2076554 4.23752
0.19633053 9.838076 -0.5219519 2.448915 -9.832656 3.7825198
0.03351985 9.711179 -0.13886794 -0.52608496 -6.787655 3.1525202
0.016759925 9.794978 -0.2561874 -2.1360848 -0.312655 1.4025201
0.32083282 9.945818 -0.6464542 3.2889152 -5.737655 1.57752
0.3615355 9.957788 -0.7110996 3.323915 -6.787655 1.57752
0.18914771 9.835681 -0.44772938 -1.996085 -2.727655 -0.62748003
0.11253092 9.921875 -0.26337022 -4.0610847 -3.4626548 -1.11748
0.36392978 9.929058 -0.32801566 -2.731085 -5.7026553 -0.27748
0.5411061 9.881172 -0.3902668 -3.011085 -3.567655 -0.41748002
0.26337022 9.996098 -0.28013015 -3.9210854 -2.167655 -3.07748
-0.18435916 10.005674 -0.05506832 -4.866085 -2.167655 -5.49248
-0.16041641 9.893144 0.05506832 -5.671085 0.7023451 -4.44248
-0.105348095 9.893144 0.023942748 -4.0610847 3.152345 -1.36248
0.028731298 9.921875 -0.33519846 -0.071085 3.887345 0.31752
0.12929083 9.957788 -0.69194543 2.623915 3.292345 0.66752
0.21309046 9.91948 -0.85954463 1.8539151 2.697345 0.00252
0.15802214 9.857229 -0.6943397 -1.7510849 1.822345 -1.18748
-0.24421602 9.809344 -0.076616794 -5.776085 -0.137655 -3.63748
-0.45730647 9.708784 0.06943397 -7.351085 -0.172655 -5.42248
-0.24421602 9.581888 -0.26337022 -4.726085 1.262345 -3.8124802
-0.045491222 9.553157 -0.4644893 -0.631085 0.632345 -0.83747995
-0.09337672 9.735122 -0.2849187 0.313915 -0.767655 0.35252
0.0670397 9.708784 -0.2466103 -1.8910851 0.632345 0.91252
-0.03351985 9.632168 -0.4070267 -2.906085 1.8573451 1.05252
-0.15083931 9.634562 -0.30886146 -1.856085 2.382345 -0.20748
-0.117319465 9.6896305 -0.13886794 -2.031085 1.577345 -0.31248
0.045491222 9.668081 -0.14126222 -2.6260853 1.297345 0.87752
-0.0071828244 9.730332 -0.31365 -1.5760851 1.157345 1.19252
-0.016759925 9.72315 -0.37111259 0.55891496 1.437345 0.24752
-0.062251143 9.670476 -0.21787901 0.698915 2.4523451 -0.20748
-0.2466103 9.694419 -0.17478207 0.208915 1.577345 -1.15248
