0.96489275 9.845258 0.17957062 4.364185 -3.30869 3.3385103
0.96489275 9.929058 0.3423813 0.094185 -4.32369 4.38851
0.86912173 9.909904 0.42139238 -3.9658148 -3.7986903 2.63851
0.7326481 9.893144 0.5985687 -6.5558147 -3.2386901 0.50351
0.84278476 9.885961 0.6943397 -7.5708146 -3.09869 0.15351
1.0678465 9.845258 0.67757976 -6.380815 -5.65369 0.78350997
0.9217958 9.852441 0.7326481 -4.490815 -7.99869 0.78350997
0.82602483 9.826104 0.7326481 -3.580815 -6.66869 -0.51149005
0.81644773 9.8237095 0.76137936 -3.195815 -4.42869 -1.28149
0.87630457 9.751882 0.88109314 -2.8808153 -3.7986903 -0.68649006
0.86193895 9.73991 0.88109314 -2.495815 -3.86869 0.18850999
0.7972935 9.747093 0.82123625 -1.130815 -3.9036906 0.15351
0.74222517 9.744699 0.6847626 0.9341849 -4.1836896 -0.33649
0.8571504 9.727939 0.62251145 2.684185 -4.9886904 -0.51149005
0.8236305 9.684841 0.6249057 1.9841851 -7.4736905 -0.61649007
0.57223165 9.677659 0.75659084 -0.255815 -6.3536906 -2.08649
0.17478207 9.672871 0.9624985 -2.1108148 -9.1186905 -3.5914903
-0.15083931 9.624985 1.4341706 -3.8258152 -17.13369 -4.04649
-0.016759925 9.44302 2.9114382 -6.625815 -28.193691 -3.8714905
-0.41181526 9.663293 3.7183087 -6.695815 -42.99869 -4.7114897
-0.6560313 9.486116 3.703943 -1.515815 -60.078686 -8.03649
-0.53871185 9.031204 4.5251794 -5.680815 -66.27369 -9.75149
-1.3192455 8.91628 5.61218 -20.800816 -53.778694 -9.75149
-1.3575538 8.631361 6.7207294 -30.250816 -34.108692 -6.25149
-0.69194543 8.60263 6.821289 -22.865816 -16.468689 3.05851
-0.28970724 9.076695 6.2706056 -1.9708152 -5.16369 10.30351
0.26097596 9.349643 5.150085 22.249184 -1.06869 12.438511
0.9888355 9.368797 4.2043467 38.454185 -3.5186899 11.00351
1.1085492 9.447808 3.397476 44.579185 -12.583691 5.82351
1.2450229 9.500483 3.2083282 38.804188 -13.24869 2.14851
1.8148603 9.562734 3.328042 23.614185 10.30631 5.2635098
1.9465454 9.356826 3.5004299 9.859185 35.71631 9.91851
1.9728824 9.325701 3.6632404 6.4641848 41.176308 8.90351
2.370332 9.591465 2.4349775 14.199184 36.801308 7.9235096
2.5738454 9.581888 1.1612233 27.184185 33.336308 9.183511
3.0646718 9.502876 0.33519846 31.349186 29.416313 9.91851
2.901861 9.581888 0.6895511 18.224184 28.996311 10.44351
2.4900458 9.811738 1.1636176 -4.175815 38.79631 9.0435095
2.6241252 9.873989 1.2091088 -16.880814 46.53131 10.23351
3.4333901 9.703996 0.4860378 -13.835815 37.29131 15.938509
3.7135203 9.332883 0.19154198 -7.0458155 27.00131 20.87351
3.0096035 9.656111 0.6656084 -7.5708146 23.99131 20.208511
3.1556542 9.778218 0.18196489 -10.930816 21.996311 19.85851
3.7135203 10.091868 -0.8667275 -8.900815 28.891312 28.223509
4.767001 9.814133 -1.951334 -1.2008151 30.78131 37.35851
3.4980354 9.220352 -1.1181264 6.149185 7.7513103 37.708508
2.2961094 9.086273 0.21069619 0.899185 -3.27369 24.198511
1.6783867 9.601042 -0.105348095 -7.9558144 12.79131 14.50351
3.3759274 9.883567 -2.82285 0.23418501 37.29131 22.44851
4.867561 9.627379 -2.7989073 18.889185 38.761314 36.588512
3.8092911 10.182851 0.11971374 17.594185 21.68131 37.14851
3.179597 10.709591 -0.600963 14.794185 29.52131 13.523511
3.8116856 10.7479 -2.7821474 44.929184 30.99131 16.35851
3.6991546 10.345661 -3.8811195 57.109184 37.18631 14.39851
3.11974 10.161303 -4.103787 47.834187 46.60131 6.03351
3.050306 9.907509 -4.2546263 37.964188 38.761314 2.28851
2.535537 9.945818 -3.7853484 31.524185 30.15131 -2.43649
1.9968252 9.917087 -3.1053743 27.919186 37.74631 -10.59149
1.9848539 9.699207 -3.8140798 34.779186 40.44131 -20.53149
1.0127783 9.541185 -5.2243075 50.03919 30.116312 -29.42149
0.89067024 9.550762 -6.2538457 51.614185 25.601309 -30.85649
0.8332076 9.385557 -5.219519 30.439182 20.59631 -26.516489
0.43096948 9.3592205 -3.1460772 0.374185 24.69131 -22.73649
0.60335726 9.2419 -1.838803 -15.060815 25.111311 -20.776491
0.6368771 9.239507 -1.7837347 -8.165814 14.331311 -21.12649
0.5243462 9.273026 -2.588211 9.439185 3.9363098 -20.95149
0.6177229 9.354432 -2.5906053 19.694185 -1.27869 -17.41649
0.9529214 9.29218 -2.083019 13.814185 -3.41369 -10.626491
1.2546 9.124581 -1.7789462 4.714185 -2.22369 -4.3264904
1.2929084 9.186832 -1.2641771 0.23418501 -3.2386901 -3.27649
1.3096683 9.040782 -1.185166 -2.215815 -3.5886898 -4.99149
1.4940275 8.877971 -1.5107874 -1.725815 -2.0836902 -5.2364902
1.3695252 8.707977 -1.2785428 -1.165815 3.23631 -2.26149
0.9984126 9.205987 -0.24421602 -5.995815 7.9613104 0.15351
1.1468576 9.399923 -0.23463893 -9.8808155 3.9713101 0.60851
1.5586729 9.593859 -0.66800267 -5.330815 -0.68369 3.9335103
1.5059988 9.73991 -0.33519846 -0.080815 -2.32869 6.80351
1.6520497 9.797373 0.011971374 -1.515815 -0.71869 5.92851
1.9968252 9.785401 -0.5913859 -0.640815 -0.33369002 6.17351
2.004008 9.955395 -0.95531565 5.344185 -0.26369 7.01351
1.9728824 9.890749 -0.70631105 5.484185 3.06131 5.4035106
1.9465454 9.814133 -0.45251793 -0.710815 7.05131 4.70351
1.951334 9.656111 -0.7302538 -4.490815 8.801311 4.7735105
2.063865 9.660899 -0.72546524 -3.7558153 5.09131 3.75851
1.6712039 9.687236 -0.011971374 -3.8258152 0.57631004 2.07851
1.5036045 9.792584 -0.076616794 -4.7008147 4.32131 -2.50649
1.5443072 9.847652 -0.9864412 3.9791849 -0.82369 -3.20649
1.525153 9.794978 -1.2067145 5.9741855 -3.72869 -3.27649
1.4437478 9.694419 -0.4860378 -3.4758153 2.0813103 -1.1764901
1.7693691 9.732727 -0.026337024 -9.425815 7.5763097 2.25351
2.030345 9.787795 -0.40223816 -4.315815 5.02131 2.53351
2.0159793 9.744699 -0.60335726 1.844185 1.87131 -1.2114899
1.7573977 9.584282 -0.69673395 4.259185 0.40131 -4.85149
1.5634614 9.517242 -0.46209505 3.419185 1.69631 -6.3214903
1.5562786 9.512454 -0.44054657 3.0341852 2.0113099 -5.34149
1.5395187 9.495694 -0.49800915 4.084185 3.8663101 -3.3464901
1.5131817 9.603436 -0.5770202 5.519185 5.6863103 -1.70149
1.6041641 9.742304 -0.7709565 6.7091846 3.27131 -1.73649
1.7550035 9.61062 -1.0462981 7.129185 0.71631 -1.14149
1.6544439 9.553157 -0.8930645 4.259185 2.04631 -0.8964901
1.4916332 9.495694 -0.5554718 -1.7958149 3.62131 -1.84149
1.4509305 9.577099 -0.3974496 -5.0158153 3.44631 -0.54649
1.7885233 9.5244255 -0.4764607 -3.510815 3.0963101 2.8485098
1.7502149 9.603436 -0.42378664 -1.2008151 2.15131 3.40851
1.5754328 9.749487 -0.5650489 0.23418501 2.2213101 0.81851
1.6616267 9.747093 -1.185166 2.194185 2.32631 0.01351
1.6448668 9.718362 -1.0032011 2.8241851 0.12131 0.9585101
1.4772675 9.586677 -0.47167215 -2.6358151 1.45131 0.71351004
1.7190893 9.581888 -0.3974496 -7.115815 2.9913101 0.53850996
1.8340145 9.672871 -0.45970076 -4.315815 -1.45369 0.9585101
1.7143008 9.6585045 -0.54350036 -0.88581496 -2.29369 -0.61649007
1.7310607 9.644139 -0.85954463 1.144185 2.25631 -2.5414898
1.6041641 9.670476 -0.967287 3.804185 1.03131 -3.8014898
1.3168511 9.711179 -0.85236186 3.594185 -0.22869 -5.16649
1.0965779 9.608225 -0.73743665 0.759185 -0.26369 -6.1114902
1.3934679 9.636956 -0.74222517 -1.130815 0.08631 -3.8714905
1.5993756 9.627379 -0.63208854 -2.215815 0.12131 0.36351
1.462902 9.737515 -0.409421 -3.440815 -0.36869 2.21851
1.4269878 9.725544 -0.5602603 -2.1458151 -1.90869 0.88851
1.6807809 9.694419 -0.74701375 1.1791852 -3.37869 0.08351
1.6759924 9.744699 -0.7350424 2.964185 -3.93869 1.02851
1.446142 9.677659 -0.84039044 1.7391851 -2.22369 1.5185101
1.5467016 9.668081 -0.818842 -0.9558151 1.5563099 1.5185101
1.6305012 9.534002 -0.44772938 -3.3358152 2.11631 4.2135105
