2.5475085 9.567522 1.4605076 0.85379 -3.3900652 -0.5762051
2.056682 9.502876 1.5778271 -2.99621 -2.5850651 1.1037949
1.8651401 9.464568 1.5634614 -4.43121 0.879935 -1.661205
2.1189332 9.445415 1.5107874 -3.27621 3.9599354 -0.506205
1.960911 9.404712 1.3743137 -1.10621 3.994935 1.7337949
2.152453 9.550762 1.2426286 1.1337899 2.734935 1.173795
2.1285102 9.517242 1.2929084 0.99379 2.314935 1.348795
2.116539 9.419077 1.4293821 -1.10621 0.599935 0.92879504
2.0351336 9.26345 1.4245936 -1.84121 0.074935004 1.1037949
2.1835787 9.270632 1.3479767 -0.40621 0.284935 2.048795
2.2865324 9.411894 1.3934679 0.50379 1.4399351 3.6937954
2.317658 9.462174 1.472479 0.08379 2.559935 4.078795
2.248224 9.495694 1.4341706 0.048790004 2.804935 3.763795
2.0878077 9.306546 1.3527653 1.8687901 2.3849351 3.203795
2.0087965 9.057542 1.4245936 2.98879 2.1049352 4.288795
2.7151077 9.234718 1.4437478 2.21879 1.369935 6.948795
2.4277947 9.366403 1.3120626 2.56879 0.249935 10.098796
2.0351336 9.440625 1.2737542 5.0187902 -2.130065 7.613795
2.1979442 9.675264 1.2905141 5.47379 -1.220065 5.023795
2.5379312 10.371999 1.8292259 3.75879 -1.430065 8.768795
1.1731946 12.385584 2.3870919 -0.37121004 -4.545065 13.878795
1.1995317 14.973795 3.4812756 -10.55621 -8.010065 24.308796
1.1827718 19.09913 3.833234 -21.826212 1.684935 34.038795
0.20351335 21.967472 2.7486274 -12.551209 24.434935 37.433796
0.4189981 22.467875 2.0782306 15.378791 40.56994 34.458797
1.8771114 21.565233 2.1093562 24.44379 39.729935 26.093796
5.027977 21.033705 1.8699286 8.83379 44.629936 3.238795
5.1979704 19.56362 1.2474172 24.61879 22.964935 -33.301205
3.6297207 17.214836 1.6688095 37.28879 11.834935 -75.406204
3.6536634 15.490958 1.8651401 38.23379 19.499935 -92.45121
4.4126487 13.618635 1.6424725 44.953793 24.294935 -95.00621
4.8938975 12.349669 0.62251145 62.87379 8.229935 -91.33121
4.4126487 11.741524 0.22506183 71.2038 -0.345065 -94.516205
3.6823947 10.537204 -0.48124924 66.33879 -6.540065 -91.7162
3.3591676 9.344854 -0.011971374 46.59879 -10.320065 -80.76121
2.3631492 8.372779 0.9864412 20.558788 -19.770065 -57.80121
3.205934 7.74069 1.8459859 6.10379 -33.980064 -30.326204
5.5786605 7.1325445 0.9313729 8.83379 -40.490067 -6.281205
4.640105 7.075082 0.6249057 24.653791 -33.665062 -5.301205
2.185973 6.7398834 0.75659084 29.69379 -20.120066 -29.276205
1.8507744 6.423839 0.7709565 23.463789 -19.875065 -44.256207
3.512401 6.3137026 -0.4166038 25.178791 -31.530066 -35.506207
2.954535 6.5555243 -1.1037607 26.26379 -37.410065 -31.901205
1.9561225 6.510033 -0.68236834 11.283791 -33.595062 -44.361206
0.9337672 6.038361 0.12689656 -11.781211 -34.680065 -48.736202
0.25379312 5.583449 1.324034 -27.49621 -30.480064 -38.866203
1.7143008 5.61218 0.9816527 -25.536211 -24.075064 -19.616205
1.7645805 6.203566 0.25139886 -12.23621 -14.870065 -5.4762053
2.126116 6.246663 0.7685622 -2.85621 -14.660066 -8.801205
0.30886146 6.021601 0.9433443 -1.9462101 -26.280066 -18.706205
-1.1109436 6.1724405 0.6895511 2.95379 -20.960064 -27.316206
0.20351335 6.5196104 -0.68715686 12.78879 -14.240065 -19.861204
0.72785956 6.924243 -1.4676905 20.80379 -12.350065 -2.396205
-0.026337024 7.065505 -0.4764607 8.86879 -9.935065 -7.1562047
-1.6592325 6.6967864 0.80687064 -15.456209 -18.720064 -24.096205
-2.4182177 6.299337 -0.22266756 -20.181211 -23.970066 -36.66121
-2.1835787 6.8236833 -1.5107874 -5.62121 -20.470066 -26.301207
-1.7933118 7.491686 -0.84039044 4.87879 -17.565063 -6.876205
-1.0702409 7.285778 1.4437478 -5.72621 -19.910065 1.173795
-0.7901107 7.144516 1.5730386 -19.58621 -28.065065 0.543795
-0.56744313 7.5299945 0.6249057 -10.591209 -28.415064 4.183795
0.05027977 8.226728 -0.25139886 8.23879 -19.420065 11.393795
-0.8786988 8.442213 -0.17478207 13.10379 -6.8550653 9.048795
-1.7645805 7.685622 0.63208854 0.46879 0.599935 -8.661205
-3.328042 7.067899 0.51716334 -28.79121 7.2849355 -40.161205
-3.8883023 7.3169036 0.19633053 -28.126211 22.404934 -36.066208
-3.4716985 7.537177 0.47885495 -28.091211 24.364937 -23.396206
-3.2538195 7.944204 0.5889916 -27.49621 21.249935 -15.171205
-3.562681 7.987301 0.6177229 -25.32621 26.744934 -13.421205
-3.3040993 8.004061 0.9026416 -23.68121 29.054935 -7.996205
-2.3559663 8.56911 1.158829 -17.20621 21.914936 -1.801205
-2.5546913 8.518829 0.9984126 -4.9562097 7.7399354 -3.901205
-3.2610023 8.212362 0.32801566 7.1887903 -1.6050651 -11.041204
-3.15326 8.660092 0.19633053 13.66379 -4.440065 -7.401205
-2.5714512 9.012051 0.13168511 16.81379 -9.900064 2.6787949
-2.0447106 9.452597 -0.05027977 18.98379 -12.980065 6.423795
-2.030345 9.385557 0.15083931 13.033791 -7.275065 4.288795
-2.1189332 9.433443 0.68715686 2.14879 3.0499349 1.7687951
-1.9273912 9.452597 0.7039168 -0.68621 7.2149343 4.533795
-1.8196489 9.4932995 0.2657645 5.40379 5.5699353 6.493795
-1.8531687 9.584282 0.3304099 8.30879 4.169935 6.458795
-1.8771114 9.711179 0.16759923 6.6287904 4.4849353 6.7037954
-1.5969813 9.917087 -0.3974496 7.95879 5.184935 8.243795
-1.3000913 10.108628 -0.35914123 8.588791 1.5799351 9.573796
-1.1253091 10.0368 -0.057462595 4.38879 -2.095065 7.6837955
-1.611347 9.799767 0.0 -0.68621 -2.165065 2.3637948
-1.6999351 9.778218 0.17717634 -4.18621 0.004935 -1.871205
-1.541913 9.665688 0.42378664 -6.6712103 1.894935 -0.296205
-1.5562786 9.7135725 0.4932206 -6.3562098 0.914935 1.7337949
-1.7310607 9.692024 -0.11971374 -3.24121 0.42493498 2.818795
-1.5347302 9.811738 -0.09337672 -0.61621 2.664935 5.0587955
-1.1229149 9.842864 0.4764607 -3.5562098 1.4749349 7.193795
-1.3120626 9.8237095 0.7398309 -8.73621 -1.3950651 5.373795
-1.5897985 9.58907 0.61293435 -11.92121 -0.345065 1.278795
-1.6975409 9.581888 0.7398309 -13.32121 3.399935 -0.296205
-1.4174107 9.711179 0.7805336 -11.81621 6.094935 0.753795
-1.3288225 9.77343 0.6751855 -6.53121 2.909935 1.523795
-1.3982565 9.703996 0.61293435 -1.00121 -2.095065 -0.43620503
-1.5443072 9.629773 0.5818088 -0.12620999 -2.655065 -2.4662051
-1.5634614 9.675264 0.69673395 -2.22621 1.614935 -1.521205
-1.2761484 9.751882 0.91461295 -3.13621 4.239935 0.368795
-1.3431882 9.720756 0.59378016 -1.66621 3.2949352 0.718795
-1.5299416 9.687236 0.2849187 2.56879 3.2949352 0.19379501
-1.7430321 9.660899 0.38068968 3.75879 2.1049352 -1.381205
-1.6712039 9.565128 0.43336374 2.42879 0.774935 -1.451205
-1.637684 9.586677 0.28252444 1.7987901 0.459935 -0.26120502
-1.6616267 9.641745 0.22027329 0.67879003 3.0149353 1.348795
-1.4748733 9.703996 0.3974496 -0.40621 1.4749349 3.938795
-1.2761484 9.75667 0.43096948 0.46879 -2.060065 3.5887952
-1.3312168 9.838076 0.41420954 0.92379004 -2.935065 1.4537951
-1.4700848 9.7135725 0.2561874 1.27379 -0.975065 -1.2762051
-1.6951466 9.478934 0.21309046 1.27379 0.669935 -2.851205
-1.8938714 9.562734 0.3304099 0.08379 1.159935 -2.3612049
-1.7454263 9.519637 0.21787901 -0.16121 0.914935 -0.646205
-1.6161355 9.555551 0.23463893 1.93879 -1.325065 1.208795
-1.6352897 9.596253 0.2370332 3.58379 -3.7750652 2.1187952
-1.5754328 9.692024 0.2370332 4.28379 -5.0000653 2.4337952
-1.5562786 9.627379 0.2753416 3.2337902 -4.335065 2.048795
-1.5921928 9.656111 0.24182175 -1.00121 1.369935 1.8387952
-1.4964218 9.763853 0.45491222 -6.95121 7.914935 3.203795
-1.446142 9.703996 0.66321415 -10.83621 11.939935 4.8137946
-1.5826156 9.60583 0.70631105 -9.401211 11.414935 3.308795
-1.472479 9.715967 0.7015225 -3.8362103 6.2699347 1.8387952
-1.4365649 9.725544 0.29210153 2.95379 -0.48506498 2.0837948
-1.5754328 9.687236 0.4189981 4.77379 0.109935 1.208795
-1.4868447 9.751882 0.5698374 -0.02121 3.7149348 1.663795
