3.1484714 9.495694 1.3431882 -13.14859 -10.96011 3.28678
3.8739367 9.450203 1.1277034 -7.6535907 -26.08011 7.94178
3.1173458 9.457385 1.3838909 -12.30859 -12.39511 7.1717796
3.0790374 9.39274 1.5443072 -17.698591 -2.0351102 3.53178
3.1772027 9.232324 1.8148603 -19.203588 -4.69511 3.53178
3.1508656 9.088667 1.9441512 -12.763591 -4.97511 3.7067804
3.1508656 9.172467 1.5993756 -1.49359 -0.84511006 3.49678
3.2179053 9.239507 1.228263 6.06641 2.4098902 3.35678
3.1819913 9.191621 1.3264283 3.4764102 3.28489 2.23678
3.0215747 8.9976845 1.5323359 -2.0885901 2.30489 2.3417802
3.1221344 8.882759 1.5610672 -3.83859 1.42989 3.6367798
3.1963568 8.93304 1.5275474 -2.4385898 1.21989 4.1967797
3.1484714 9.050359 1.4676905 -0.51359 1.39489 4.68678
3.258608 9.117398 1.3623424 0.71141 1.7098899 5.24678
3.2083282 9.115005 1.3719195 1.20141 0.62489 5.45678
3.2610023 9.308941 1.4868447 0.22141 -0.32011002 5.03678
3.1484714 9.220352 1.5083932 -1.07359 -0.46011004 5.21178
3.0239692 9.04557 1.4557191 -0.54859 0.16989 6.61178
3.2633965 9.024022 1.4221992 0.78141004 1.67489 10.18178
3.5985951 9.371192 1.3647367 1.34141 3.21489 15.36178
3.0981915 9.421472 1.2330515 2.84641 2.93489 16.691778
2.779753 9.577099 0.9624985 4.1064095 1.25489 14.45178
3.2083282 10.345661 0.5243462 4.49141 -1.37011 21.52178
3.3400133 11.57153 0.5794145 0.60640997 -3.50511 32.23178
3.6129606 12.603462 1.4245936 -17.17359 -9.07011 34.85678
4.1373067 13.599481 2.0087965 -42.758595 -14.845109 35.06678
4.7526355 14.238752 2.1189332 -52.31359 -16.17511 37.09678
4.3671575 15.162942 1.4796618 -31.243591 -8.05511 30.09678
4.1540666 15.342513 0.9194015 1.06141 -4.62511 17.04178
4.2019525 15.100691 0.55307746 16.56641 -7.6701093 12.561781
5.312896 15.00492 1.3886794 5.33141 -9.280109 8.85178
5.9641385 14.9378805 2.1644244 -19.55359 -8.335111 -0.28322
5.9832926 14.645779 3.1436827 -35.58359 -11.83511 -11.76322
5.28177 13.905948 3.2298768 -32.43359 -17.19011 -24.95822
6.4525704 13.745532 3.057489 -13.35859 -15.720111 -31.258217
6.9840994 13.484556 2.7222905 10.266411 -5.32511 -35.10822
6.4429936 12.840496 2.8731298 26.47141 5.5598903 -47.11322
5.5571117 11.839689 3.0215747 31.26641 17.63489 -63.07322
4.972909 11.104647 2.7821474 34.27641 23.02489 -71.47321
5.427821 10.836488 2.073442 54.43641 12.87489 -66.95821
5.5020437 10.379181 1.4964218 56.046413 4.78989 -65.27821
5.3105016 10.032011 1.3838909 42.886414 5.52489 -63.318222
5.073468 9.153313 2.0494993 22.37641 4.05489 -63.80822
4.4844766 8.466156 2.116539 10.476411 6.64489 -65.313225
3.634509 7.953781 2.0351336 10.51141 7.72989 -67.72822
2.9569294 7.3647895 2.0423164 14.01141 1.7448901 -62.82822
2.7486274 6.979311 2.0423164 14.32641 -5.2901106 -54.74322
2.0614705 6.7494607 2.2889266 11.91141 -0.11011 -49.91322
1.0702409 6.167652 2.0064023 9.74141 14.34489 -43.82322
0.7302538 6.0455437 1.8507744 15.55141 28.169891 -26.49822
2.2625897 5.849213 1.3024855 29.23641 27.154888 3.56678
2.9521408 6.064698 0.043096945 45.33641 17.17989 17.60178
2.0064023 6.263423 -0.5458947 52.33641 6.71489 2.4117799
1.0582695 6.5459476 -0.038308397 38.93141 -6.69011 -19.078218
0.57223165 6.474119 0.68715686 16.18141 -18.625109 -25.23822
0.37590113 6.818895 0.74701375 3.16141 -18.765112 -24.573221
1.3551595 7.190007 -0.014365649 2.9514098 -12.885111 -17.25822
1.2881198 7.649708 -0.29210153 6.03141 -10.36511 -11.76322
0.72785956 7.680834 -0.057462595 2.77641 -18.03011 -25.133219
0.63208854 7.814913 0.16041641 -1.31859 -31.435108 -40.98822
0.76616794 7.680834 0.22985038 -5.44859 -36.090107 -44.208218
0.7398309 7.9561753 0.22745611 -10.62859 -29.09011 -41.373222
0.6273 8.056735 0.19154198 -16.36859 -17.82011 -37.76822
0.14126222 8.183631 0.8356019 -22.07359 -11.73011 -36.998222
0.0047885496 7.893924 1.185166 -23.82359 -13.97011 -40.84822
0.07422252 7.7718163 1.3886794 -14.51359 -21.11011 -44.97822
-0.6273 7.9585695 -0.11492519 3.33641 -22.93011 -44.97822
-1.6185298 8.176449 -0.7901107 16.84641 -6.72511 -44.34822
-1.8603516 8.305739 0.052674048 8.41141 8.49989 -43.368217
-1.2091088 8.466156 0.89067024 -10.90859 6.99489 -35.248222
-0.84039044 8.712766 0.68236834 -14.16359 -3.4001102 -23.45322
-1.0271438 8.925857 0.30886146 -0.09359 -9.87511 -18.58822
-1.5036045 8.875577 0.18675344 11.0014105 -11.34511 -17.538221
-1.4054393 8.820508 0.062251143 12.75141 -12.36011 -13.5832205
-1.4509305 8.834874 -0.339987 15.20141 -16.56011 -5.3932204
-1.5443072 8.897125 0.17238778 16.46141 -19.64011 -3.8182201
-1.3072741 8.806143 0.69673395 -0.72359 -18.520111 -4.41322
-1.1564348 8.837268 0.3423813 1.79641 -16.14011 -0.21321999
-1.0917894 8.861211 -0.05985687 6.59141 -9.87511 2.65678
-1.036721 8.973742 0.15562786 3.23141 -6.09511 2.23678
-0.83081335 8.978531 0.33759275 0.81641 -5.15011 0.31178
-1.0415095 8.645726 -0.028731298 4.77141 -5.3601103 -5.70822
-1.620924 8.502069 -0.28252444 6.06641 -2.35011 -12.078219
-2.1309047 8.463761 -0.17717634 0.74641 4.12489 -13.093221
-1.9297855 8.365596 0.090982445 -4.11859 8.42989 -10.85322
-1.6041641 8.564321 -0.0071828244 -0.26859 7.4498906 -9.31322
-1.7095122 8.693612 -0.46927786 8.55141 4.01989 -9.38322
-1.89866 8.691217 -0.68236834 11.98141 0.86989003 -10.468221
-2.0758362 8.849239 -0.39266106 7.01141 -1.0901101 -9.94322
-2.0447106 8.676852 -0.47167215 2.21641 0.83489007 -9.24322
-2.2865324 8.684034 -0.38068968 0.81641 5.03489 -11.48322
-2.1979442 8.631361 -0.36392978 1.34141 5.94489 -10.818219
-2.2266755 8.794171 -1.036721 6.38141 4.82489 -6.16322
-2.056682 9.222747 -0.9313729 8.691411 2.19989 -2.38322
-1.7909175 9.29218 -0.50040346 2.21641 -1.47511 0.48678002
-1.8004947 9.213169 -0.3519584 -2.01859 -2.73511 0.13678001
-1.7981004 9.428655 -0.7110996 0.116409995 -2.31511 -0.38822
-1.7238779 9.648928 -0.5913859 2.35641 -2.73511 1.2567801
-1.3671309 9.569917 -0.11971374 -1.5285901 -3.0501099 0.62678
-1.525153 9.57231 0.0071828244 -5.48359 -1.5801101 -1.47322
-1.6807809 9.593859 0.05027977 -4.29359 1.39489 -3.78322
-1.6328955 9.553157 0.009577099 -2.4385898 2.58489 -2.97822
-1.5490957 9.675264 -0.028731298 -0.44359 0.83489007 -0.56322
-1.4581133 9.766247 -0.22506183 3.09141 -2.52511 1.74678
-1.4365649 9.735122 -0.62251145 6.5564103 -4.03011 1.92178
-1.3527653 9.838076 -0.40223816 5.43641 -0.74011004 -0.28322
-1.3838909 9.708784 -0.38308397 -0.33859 2.58489 -0.21321999
-1.3982565 9.811738 -0.4070267 -3.55859 3.00489 0.34678
-1.3886794 9.893144 -0.17478207 -4.11859 2.93489 -0.38822
-1.3551595 9.897932 -0.038308397 -6.39359 2.72489 -0.45822
-1.3982565 9.749487 -0.22506183 -5.65859 1.25489 -1.57822
-1.5107874 9.715967 -0.28970724 -1.5635899 -1.0201101 -4.02822
-1.4940275 9.627379 -0.15562786 -1.3885901 -1.51011 -5.14822
-1.5993756 9.692024 0.11492519 -9.19359 2.4098902 -1.92822
-1.4557191 9.70639 0.16041641 -7.0935903 2.30489 -0.80822
-1.3910737 9.670476 0.07901107 -2.26359 -0.11011 -0.38822
-1.6448668 9.701602 -0.11013664 0.60640997 -0.56511 -2.13822
-1.6089526 9.560339 0.16281068 -2.1935902 2.02489 -2.59322
