3.29 9.67 -0.35999998 -9.167324 1.7188734 2.291831
4.22 9.84 0.12 -4.0107045 -14.323945 11.459155
3.75 10.28 0.55 -0.57295775 -16.042818 10.31324
3.83 10.58 0.59 0.0 -14.323945 6.3025355
4.2999997 11.13 -0.13 2.291831 -10.886198 5.15662
4.21 11.48 0.19999999 0.0 -4.0107045 0.0
4.22 11.79 0.52 -1.7188734 -2.291831 -1.7188734
4.0 12.009999 -0.08 5.15662 -9.740283 -11.459155
4.21 12.07 -0.26999998 2.8647888 -5.15662 -14.323945
4.48 11.98 0.089999996 -0.57295775 -3.4377468 -17.761692
3.98 12.04 0.04 3.4377468 -3.4377468 -25.210142
4.22 11.86 -0.66999996 3.4377468 -3.4377468 -25.210142
4.41 11.71 -0.41 0.0 -5.7295775 -32.658592
3.74 11.719999 -0.16 -2.291831 0.0 -37.242256
3.79 11.59 -0.02 -1.7188734 3.4377468 -37.242256
4.22 10.99 0.08 0.0 3.4377468 -37.242256
3.87 10.849999 0.03 3.4377468 3.4377468 -41.825916
2.84 10.8 -0.38 8.021409 6.8754935 -48.701412
2.97 10.5199995 -1.16 4.583662 14.323945 -43.544792
3.36 10.41 -0.9 -1.1459155 16.042818 -38.961132
3.09 10.33 0.32999998 -12.032113 8.594366 -37.815212
3.09 10.28 0.34 -12.032113 8.594366 -37.815212
3.23 10.07 -0.35999998 0.0 -12.032113 -41.25296
3.05 9.83 -0.39999998 -2.291831 -6.8754935 -46.40958
2.6399999 9.69 0.69 -8.594366 -1.7188734 -48.701412
2.4099998 9.5199995 1.0699999 -12.605071 -1.1459155 -46.98254
2.2 9.48 0.65 -0.57295775 -7.448451 -48.701412
2.1399999 9.75 -0.19 7.448451 -9.167324 -49.27437
2.07 9.62 -0.58 2.8647888 -10.31324 -49.27437
1.22 9.58 -0.22 2.8647888 -10.31324 -49.27437
0.98999995 9.57 0.41 -10.31324 -8.021409 -48.128452
1.41 9.29 0.98999995 -14.323945 -8.021409 -45.83662
1.3299999 9.32 1.18 -8.594366 -10.886198 -40.107044
1.25 9.44 0.78999996 3.4377468 -10.886198 -40.680004
1.22 9.5199995 -0.29999998 9.167324 -11.459155 -41.25296
0.35999998 9.679999 0.39 6.3025355 -9.740283 -47.555496
0.69 9.62 0.45 4.0107045 -8.594366 -48.128452
1.29 9.59 -0.59 9.167324 -10.886198 -44.11775
1.23 9.74 -0.64 3.4377468 -5.7295775 -51.5662
0.35 9.99 0.9 -1.7188734 -4.583662 -56.14986
-0.29999998 10.15 1.1899999 5.15662 -12.605071 -64.17127
-0.04 9.82 -0.48999998 16.042818 -10.31324 -58.441692
-0.29999998 9.92 -0.07 5.15662 -4.583662 -59.58761
-0.14 9.67 -0.17 1.1459155 -9.740283 -61.30648
-1.37 9.87 -0.19 0.57295775 -11.459155 -64.74423
-1.4 9.639999 0.04 -4.0107045 -12.032113 -63.598316
-1.53 9.28 0.39 -9.167324 -11.459155 -55.00395
-1.5699999 9.13 0.65 -9.740283 -2.291831 -50.420284
-1.87 9.12 0.91999996 -5.7295775 -4.0107045 -47.555496
-2.24 8.99 0.82 -1.7188734 -6.8754935 -46.98254
-2.98 8.94 0.56 5.15662 -11.459155 -41.825916
-2.54 9.04 0.0 9.167324 -14.323945 -38.38817
-1.3 8.72 -0.48999998 10.886198 -13.750987 -25.210142
-2.51 8.82 -0.03 4.0107045 -8.594366 -22.91831
-3.22 9.05 0.39999998 -1.7188734 -8.021409 -30.939718
-3.34 9.0199995 -0.049999997 1.7188734 -16.615776 -21.199438
-3.01 8.66 0.01 0.0 -14.323945 -16.615776
-1.5 8.66 1.41 -9.167324 -2.8647888 -2.291831
-1.87 8.69 1.23 -1.1459155 -1.7188734 -10.886198
-3.04 8.639999 0.03 14.323945 -10.886198 -19.480566
-3.57 8.42 -0.41 15.469859 -12.605071 -18.907606
-3.35 8.51 0.89 -2.8647888 5.15662 -3.4377468
-2.59 9.08 1.35 0.0 9.167324 1.7188734
-2.71 9.15 -1.3199999 9.740283 0.0 1.1459155
-3.26 9.0199995 -1.14 17.761692 -7.448451 -6.3025355
-4.0099998 8.47 -0.28 1.1459155 5.15662 -11.459155
-3.87 8.33 -0.26 -3.4377468 7.448451 -5.15662
-3.05 8.44 -1.5799999 1.7188734 0.0 0.57295775
-2.6799998 8.24 -1.3199999 -3.4377468 3.4377468 2.291831
-3.31 7.99 -0.55 -17.188732 5.7295775 -3.4377468
-3.99 8.05 -0.13 -20.053522 1.7188734 -10.31324
-3.76 8.179999 -0.31 -14.896902 -7.448451 -9.167324
-3.1799998 8.47 0.16 -16.615776 -6.8754935 -3.4377468
-2.8 8.46 0.42999998 -20.053522 -0.57295775 -2.291831
-2.95 8.55 0.88 -19.480566 -1.1459155 -6.3025355
-3.3999999 8.389999 1.09 -13.178029 0.0 -16.615776
-4.1 8.33 1.2099999 -2.8647888 -2.8647888 -20.62648
-4.2799997 8.28 0.65999997 7.448451 -5.15662 -18.334648
-3.83 8.45 0.28 12.032113 -8.594366 -13.178029
-3.73 8.7 -0.41 10.886198 -4.583662 -9.740283
-3.6499999 8.79 -0.28 0.57295775 -1.7188734 -9.167324
-3.81 8.809999 0.48 -5.7295775 -2.8647888 -9.167324
-3.87 8.92 0.91999996 -10.31324 -5.15662 -10.31324
-4.0099998 8.69 0.26 -5.15662 -8.021409 -8.594366
-4.08 8.75 0.66999996 -2.8647888 -2.8647888 -5.7295775
-3.6799998 8.99 1.04 -4.0107045 0.0 -2.291831
-3.32 9.2 0.48999998 0.0 -2.291831 0.0
-3.3999999 9.15 0.17999999 6.8754935 -6.8754935 -1.1459155
-3.4199998 8.889999 0.41 4.0107045 0.0 -4.0107045
-3.55 8.87 0.65 1.7188734 -1.7188734 -8.594366
-4.2999997 9.01 0.51 4.583662 -7.448451 -12.605071
-4.2999997 9.07 0.07 8.021409 -10.886198 -7.448451
-4.0 9.22 0.08 5.7295775 -14.323945 -1.1459155
-3.62 9.26 -0.12 -1.7188734 -3.4377468 2.8647888
-3.53 9.33 0.19 -5.15662 0.0 3.4377468
-3.6 9.41 0.82 -9.740283 4.0107045 2.291831
-3.34 9.41 0.97999996 -6.8754935 4.0107045 2.291831
-3.34 9.38 0.13 4.583662 -6.8754935 -1.7188734
-3.6999998 9.36 -0.14 1.7188734 -7.448451 -4.583662
-4.0299997 9.49 0.19999999 1.7188734 -7.448451 -4.583662
-3.81 9.5 0.76 -8.594366 0.0 0.0
-3.3799999 9.37 1.05 -4.583662 1.7188734 4.583662
-3.4199998 9.37 0.32 2.8647888 -1.7188734 1.7188734
-3.76 9.65 -0.01 4.0107045 -2.8647888 0.0
-3.27 9.42 0.22 -0.57295775 0.0 0.0
-3.29 9.38 0.51 -5.7295775 3.4377468 2.291831
-3.4299998 9.37 0.29 -4.0107045 2.8647888 0.0
-3.4399998 9.51 0.35 -1.7188734 -4.583662 -0.57295775
-3.5 9.53 0.52 -4.583662 0.0 0.0
-3.6299999 9.44 0.77 -4.0107045 1.7188734 -0.57295775
-3.3999999 9.42 0.64 2.291831 0.57295775 0.57295775
-3.28 9.28 0.53 2.291831 0.57295775 0.57295775
-3.5 9.19 0.48999998 2.8647888 -2.8647888 -0.57295775
-4.0899997 9.639999 0.59 4.583662 -5.15662 -2.8647888
-3.23 9.559999 0.26999998 4.583662 -5.15662 -2.8647888
-2.96 9.309999 -0.24 4.583662 -1.7188734 2.291831
-3.53 9.15 0.31 1.7188734 0.57295775 1.1459155
-3.9599998 9.24 1.1899999 -12.605071 2.291831 -4.0107045
-3.82 9.349999 1.26 -12.605071 0.0 -3.4377468
-3.55 9.19 0.45999998 1.7188734 0.0 0.0
-3.46 9.139999 0.28 5.15662 -0.57295775 0.0
-3.81 9.16 0.65 0.0 0.0 0.0
-3.6899998 9.15 1.03 -4.0107045 1.1459155 0.0
-3.6999998 9.23 0.56 2.291831 0.0 1.1459155
