3.3519847 9.007262 1.7669748 0.899185 -3.93869 1.6935099
3.3304362 8.952193 1.8914771 -1.9708152 -6.56369 4.17851
3.275368 8.923462 1.9728824 -4.630815 -4.2536902 4.38851
3.318465 8.909097 2.0375278 -3.895815 -1.66369 4.3185105
3.3591676 8.9498 1.8483802 -0.465815 -1.69869 4.0385103
3.3902931 9.04557 1.7358493 3.2441852 -2.1886902 3.65351
3.3256476 9.040782 1.776552 3.559185 -2.4686902 3.44351
3.4573328 9.071907 1.8890828 1.7741851 -3.27369 3.1635098
3.371139 9.064724 1.8890828 1.074185 -4.14869 3.2335103
3.469304 9.091062 1.977671 1.004185 -4.60369 2.9185102
3.4525442 9.126976 2.0183737 0.304185 -3.72869 3.40851
3.5938065 9.320911 2.013585 0.899185 -3.55369 3.30351
3.553104 9.373586 1.9633054 2.4391851 -4.7436895 2.74351
3.3232534 9.368797 2.0183737 2.754185 -3.65869 1.13351
3.179597 9.680053 1.9273912 1.389185 -0.68369 -0.40649
3.2705793 10.285805 1.9226027 1.074185 -0.22869 0.64351
3.318465 11.09507 2.423006 -2.3558152 -1.13869 3.8635097
3.6105664 12.258687 2.595394 -9.215815 -0.96369 9.28851
4.288146 13.1733 2.667222 -6.940815 -2.7836902 16.32351
3.512401 13.860456 2.1141446 4.259185 -4.3586903 16.95351
3.5339496 14.813378 1.8579572 13.534185 -6.80869 13.66351
4.2402606 14.990555 2.6001825 12.379185 -3.30869 11.843511
4.170827 14.777464 2.7773588 3.069185 4.39131 12.22851
4.2737803 14.904361 2.1189332 6.7091846 5.05631 5.6835103
5.9904757 14.878024 1.2593886 23.124186 -3.83369 -3.55649
5.585843 14.432689 1.2234744 35.619183 -13.35369 -7.7564907
5.238673 13.874823 2.0231621 21.794184 -6.59869 -37.891487
5.569083 13.161328 2.004008 21.934187 -9.88869 -43.87649
5.672037 12.431075 1.5562786 28.444185 -10.09869 -50.001488
5.6002088 11.669696 1.3934679 29.914183 -6.03869 -57.98149
5.114171 11.061549 1.8555629 24.559185 -2.3636901 -65.92649
4.575459 10.668888 1.8579572 23.894184 -2.3636901 -69.00649
4.556305 9.780613 1.4605076 29.214184 -5.5136905 -66.87149
4.3456087 9.277815 1.4581133 31.279182 -3.5186899 -62.111492
2.865947 8.767835 1.324034 31.454185 -4.14869 -55.286488
3.632115 8.655303 0.70631105 32.224186 -10.83369 -44.191486
3.7709827 8.475733 0.27055305 30.789188 -11.14869 -36.45649
3.0024207 8.375174 0.20590763 25.189184 -9.748691 -37.891487
1.9178141 8.099832 0.80208206 17.034184 -12.02369 -42.68649
2.063865 7.877164 0.9074302 11.154185 -13.14369 -40.79649
1.8579572 7.726325 0.56265455 11.959185 -7.4386897 -34.21649
2.0423164 7.8556156 0.14844504 16.719187 -4.60369 -31.101492
2.545114 7.905895 -0.009577099 19.239187 -9.39869 -29.071491
2.1141446 7.798153 -0.035914123 17.454185 -12.828691 -31.906488
1.4820561 7.7119594 0.16759923 13.954185 -12.33869 -40.236492
0.69912827 7.7478733 -0.0047885496 12.834186 -15.523691 -44.191486
-0.52674043 8.05434 -0.32562137 13.324185 -16.60869 -44.08649
0.39266106 7.8388557 -0.13886794 8.214186 -10.34369 -38.20649
0.7326481 7.920261 -0.40223816 -0.780815 -5.6186905 -25.74649
0.85954463 8.186026 -0.2849187 -1.2358149 -3.6936903 -14.896491
1.2785428 8.2578535 -0.4070267 1.669185 -10.55369 -10.34649
1.3527653 7.9561753 -0.7829279 6.989185 -22.978691 -13.63649
0.9481328 7.9681463 -0.7326481 8.599185 -29.908691 -23.296492
0.43815228 7.778999 -0.11253092 2.159185 -29.978691 -31.171492
0.39266106 7.649708 0.15083931 -5.680815 -29.803692 -34.951492
0.0023942748 7.74069 0.22266756 -7.220815 -28.71869 -35.23149
0.06943397 7.4653487 0.48843205 -6.415815 -24.58869 -35.756493
-0.37590113 7.649708 0.6177229 -6.870815 -17.93869 -35.30149
-0.9026416 7.59464 0.6751855 -4.6658154 -9.04869 -32.501488
-0.86193895 7.47732 0.43096948 0.164185 -2.5386899 -30.436491
-0.9624985 7.676045 0.41420954 9.369185 -6.31869 -27.56649
-1.2617828 7.7574506 0.29210153 17.349186 -12.793691 -24.94149
-1.2785428 7.8292785 -0.69912827 21.164185 -14.40369 -24.171492
-0.9313729 7.8340673 -1.8340145 30.264183 -8.17369 -12.02649
-1.3455825 7.9609637 -1.9585168 14.899185 2.25631 -10.906489
-2.4900458 7.735902 -1.1779832 -12.5058155 13.87631 -18.88649
-3.0957973 7.5323887 -0.5818088 -31.895815 18.56631 -22.21149
-2.8084843 7.2354984 -0.36632404 -33.680817 13.66631 -14.93149
-2.7031362 7.537177 -0.29689008 -25.945816 3.37631 -8.14149
-2.6959534 7.6257653 -0.08140534 -19.225815 -4.39369 -6.8464904
-2.604971 7.702382 -0.16759923 -11.910815 -9.39869 -2.92649
-2.370332 8.147717 0.011971374 -4.0358152 -12.828691 1.58851
-1.8411974 8.432636 -0.28731298 2.8591847 -14.368691 5.71851
-1.5586729 8.980925 -0.5147691 7.7591844 -13.703691 7.71351
-1.201926 9.172467 -0.505192 5.7641854 -7.82369 5.64851
-1.2569942 9.0838785 -0.3902668 -0.255815 -1.5936899 1.62351
-1.7286664 9.217958 -0.098165266 -5.575815 2.2213101 -3.24149
-1.8938714 9.105427 0.009577099 -8.025816 4.46131 -4.46649
-1.7454263 9.354432 0.038308397 -4.525815 3.06131 -0.79149
-1.2450229 9.488511 -0.22745611 2.089185 -1.10369 3.02351
-1.2785428 9.474146 -0.36392978 6.184185 -2.04869 3.5135102
-1.5802214 9.419077 -0.18196489 4.329185 -0.50869 0.64351
-1.7885233 9.545974 -0.06464542 1.599185 0.47131 -1.10649
-1.3072741 9.715967 -0.27294734 3.454185 -0.96369 1.5185101
-1.1085492 9.842864 -0.409421 8.144184 -4.42869 4.87851
-0.9026416 9.850046 -0.3519584 9.824184 -6.66869 4.28351
-1.0343267 9.727939 -0.52674043 8.214186 -7.0886903 2.46351
-1.3120626 9.778218 -0.5961744 7.0241847 -5.75869 -0.37149
-1.2833313 9.584282 -0.41181526 3.489185 -2.99369 -2.36649
-1.3671309 9.802161 -0.14365649 -1.9708152 -0.33369002 -2.4014897
-1.1348863 9.759064 -0.23224466 -4.0358152 1.9763101 -1.3514899
-0.94573855 9.766247 -0.29210153 -2.075815 1.17131 0.36351
-1.185166 9.8237095 -0.27055305 -0.010815 -2.4336898 -0.86149
-1.515576 9.8548355 -0.18196489 -0.535815 -5.89869 -3.6614897
-1.4078336 9.754275 -0.011971374 -2.7058148 -4.49869 -4.74649
-1.158829 9.701602 -0.083799616 -3.9308152 -3.02869 -2.2964902
-1.1516461 9.802161 0.0047885496 -3.4058151 -2.04869 0.67851
-1.1037607 9.794978 0.11971374 -4.070815 1.87131 2.04351
-1.1253091 9.775824 0.045491222 -4.315815 3.8663101 1.9735099
-1.1803775 9.792584 -0.38068968 -0.780815 2.71131 0.9585101
-1.1708003 9.778218 -0.5698374 4.504185 2.11631 0.60851
-1.2067145 9.771035 -0.40223816 0.899185 2.95631 0.18850999
-1.1181264 9.742304 -0.23224466 -2.005815 2.57131 -0.19649
-1.3455825 9.651321 -0.33519846 -1.2008151 2.92131 -1.63149
-1.515576 9.577099 -0.24421602 -0.395815 2.15131 -2.5414898
-1.4317763 9.562734 -0.25858167 -0.010815 -0.26369 -1.10649
-1.2761484 9.725544 -0.38547826 1.669185 -1.34869 0.9585101
-1.0319325 9.703996 -0.45970076 1.564185 -0.40369 2.28851
-1.3455825 9.591465 -0.32562137 -1.620815 0.71631 0.60851
-1.498816 9.725544 -0.043096945 -4.5958147 0.016309999 -0.30149
-1.2881198 9.768641 -0.18196489 -2.8108149 -1.38369 2.4285097
-1.1708003 9.804555 -0.39266106 1.459185 -2.1886902 3.40851
-1.1157321 9.931452 -0.32083282 2.089185 -3.37869 2.46351
-0.9960183 9.792584 -0.117319465 -1.8308151 -1.17369 1.9035101
-1.2569942 9.787795 -0.13886794 -3.3358152 1.69631 1.09851
-1.2426286 9.785401 -0.27294734 -0.605815 0.99631 -0.16149001
-1.0941836 9.768641 -0.31365 1.9841851 -1.8386899 0.29351002
-1.2210802 9.816526 -0.19393626 1.564185 -2.0136898 -0.16149001
-1.1636176 9.754275 -0.21548474 -0.81581503 0.29630998 -1.14149
-1.2067145 9.720756 -0.117319465 -2.1458151 1.9763101 -0.30149
-1.2354459 9.6896305 -0.15802214 -1.5508151 1.69631 -0.61649007
-1.2593886 9.641745 -0.11492519 0.619185 -0.29869 -1.4564899
-1.3144568 9.696813 -0.035914123 1.2491851 -0.96369 -1.52649
-1.2761484 9.780613 -0.026337024 1.3191851 -1.24369 -0.65149003
-1.1995317 9.79019 -0.11253092 3.069185 -1.45369 0.50351
-1.1516461 9.778218 -0.35914123 5.5541854 -1.62869 0.50351
-1.0917894 9.77343 -0.40463245 6.7091846 -2.4336898 0.64351
-1.2138973 9.75667 -0.34956414 4.539185 -1.34869 0.39851
-1.3743137 9.636956 -0.30167863 0.96918505 1.62631 -1.1764901
