2.7055306 9.227535 1.8962656 7.36379 13.409935 -0.191205
2.7222905 9.428655 1.4916332 12.05379 3.1549351 2.748795
2.6265194 9.423865 1.4916332 14.01379 1.229935 4.4287953
3.5650752 9.720756 1.786129 5.29879 7.319935 4.7437954
2.978478 9.792584 1.6137413 -1.00121 4.624935 4.358795
2.1979442 9.617802 1.0726352 2.74379 -9.725065 -3.2712052
2.5403256 9.349643 1.2354459 2.07879 -13.015065 -4.286205
3.110163 9.196409 1.350371 -7.9662104 -12.525065 3.6587949
2.8683412 9.160496 1.7238779 -14.406211 -12.560065 9.013796
2.516383 8.990502 1.6783867 -15.736211 0.459935 8.488794
3.1029801 9.07909 1.5562786 -11.53621 5.989935 7.858795
3.4836698 9.232324 1.8244374 -5.90121 7.004935 11.113795
3.2442424 9.323306 1.7478206 -2.5062099 8.964935 11.218796
2.9904492 9.316123 1.4844503 4.0387897 6.479935 6.038795
3.265791 9.342461 1.4796618 10.30379 3.8549354 2.608795
3.093403 9.385557 1.6305012 9.04379 3.469935 3.063795
3.1077688 9.361614 1.525153 6.2787895 3.224935 2.328795
3.2633965 9.330489 1.5131817 5.92879 3.6449351 2.293795
2.978478 9.170073 1.515576 0.95879006 6.444935 2.1887949
2.9138324 9.000079 1.4078336 1.5887899 4.834935 2.503795
3.0000262 8.865999 1.3216397 2.49879 2.419935 4.533795
2.8467927 8.657698 1.2761484 1.9037901 0.56493497 6.668795
2.9090438 8.573898 1.2617828 1.27379 -2.130065 8.453795
2.813273 8.45179 1.175589 1.09879 -4.6850653 11.708796
3.3687446 8.803748 0.9481328 0.99379 -5.4200654 16.188797
3.6536634 9.665688 0.6296943 0.81879 -8.920066 19.793795
2.978478 10.606637 1.1516461 -6.81121 -13.645065 18.078794
2.8491871 11.827718 1.9848539 -19.48121 -15.815065 21.718794
3.694366 13.259494 2.7773588 -26.09621 -12.840065 29.838795
3.4884584 15.411947 2.2099156 -16.40121 -2.130065 33.618797
3.2705793 17.384829 1.0032011 9.35879 7.7399354 25.428795
2.6815877 17.966639 0.76616794 18.948792 10.399935 8.978795
2.4517374 17.992975 0.9194015 12.368791 7.039935 6.808795
4.7622128 17.741577 1.2785428 3.26879 -3.740065 11.918796
5.027977 17.51891 1.6568382 -2.08621 -0.660065 6.353795
4.314483 16.616266 1.2761484 0.57379 10.819935 -9.046205
4.7286925 15.557998 0.69673395 13.55879 17.224934 -22.031206
7.18043 14.892389 0.65124273 22.588789 0.774935 -21.821205
8.4230585 14.435082 1.4413534 16.46379 -14.380065 -24.236206
6.8524146 13.565961 2.7462332 -3.38121 -4.440065 -48.981205
6.1125836 12.711205 3.440573 -14.05621 5.884935 -79.431206
5.463735 11.147743 3.5650752 0.32879 2.6999352 -88.46121
5.8013277 10.326508 2.944958 28.853788 -6.610065 -83.59621
7.5323887 10.027223 1.201926 49.60879 -13.995066 -69.8412
6.32328 9.380769 1.9297855 46.70379 -12.350065 -60.811203
4.35758 8.049552 2.631308 17.408789 -0.380065 -77.751205
3.6392977 6.8284717 2.7653873 0.36378998 1.9299351 -74.0762
3.8212626 6.438205 2.5834224 0.92379004 1.334935 -58.746204
4.5419393 5.8180876 2.1213274 2.81379 14.249934 -37.956203
3.6488748 5.727105 2.6791935 1.02879 23.349936 -29.486204
2.0686533 5.5283804 1.9944309 1.02879 20.409935 -43.626205
1.1348863 5.439792 1.1492519 21.88879 7.844935 -53.986206
0.9194015 5.032766 1.3719195 43.16879 -5.7700653 -55.07121
2.4445546 5.6983743 0.043096945 33.64879 -2.305065 -15.766204
2.3032923 6.5579185 0.4956149 23.28879 -2.6200647 -16.151207
1.8890828 5.9473786 1.4317763 11.14379 -19.315065 -39.216206
0.723071 5.4350038 1.6185298 13.138791 -34.085064 -51.886208
0.2466103 6.167652 0.5363176 27.97879 -34.925064 -40.861206
1.2186859 6.6273527 -0.9984126 44.323788 -33.630066 -23.991205
1.2593886 6.9457912 -0.5818088 39.70379 -43.150066 -27.911203
0.9864412 6.5196104 0.25858167 19.613792 -51.34006 -48.316204
-0.38787252 6.3113084 0.028731298 7.1187897 -50.675064 -66.97121
-1.8316202 6.7494607 -0.3423813 4.35379 -40.315063 -73.7612
-1.9297855 6.691998 -0.2466103 0.78379 -29.745068 -66.06121
-1.4102279 6.1054006 0.2944958 -5.72621 -28.730064 -60.216206
-2.4804688 5.2482505 0.43096948 -12.06121 -32.230064 -66.6912
-4.0726614 5.968927 1.472479 -17.13621 -27.610065 -72.81621
-3.3040993 5.7654138 1.4102279 -17.52121 -21.450066 -56.786205
-3.5243726 5.8396363 0.31365 -4.1512103 -16.305067 -30.186205
-3.790137 6.699181 -0.117319465 7.78379 -8.010065 -14.2962055
-3.529161 6.694392 -0.5458947 7.1887903 -2.6900651 -2.851205
-3.215511 7.345635 -0.4956149 10.12879 -9.025065 6.2487955
-2.3990633 7.7335076 -0.6751855 16.46379 -20.645067 11.323795
-2.4206119 8.403905 -0.9888355 18.598791 -25.545065 14.1237955
-2.4445546 8.91149 -0.8092649 10.933791 -17.915066 12.023795
-2.1476645 8.71516 -0.5818088 -0.89621 -8.920066 9.503795
-2.2314641 8.779806 -0.035914123 -7.09121 -7.590065 6.528795
-2.3894863 8.887548 0.31365 -8.84121 -12.0700655 2.1887949
-2.6528566 8.9976845 0.14605077 -6.46121 -13.960065 -0.43620503
-2.152453 9.306546 0.16520496 -0.93121 -12.175066 0.9987951
-1.6496553 9.378374 0.14126222 4.00379 -11.860065 5.3037953
-1.8747171 9.342461 -0.15802214 6.24379 -9.900064 4.7087946
-1.9656997 9.569917 -0.19633053 7.95879 -4.720065 1.7337949
-1.4509305 9.644139 -0.17717634 7.3287897 -2.165065 3.028795
-1.673598 9.656111 -0.3998439 6.13879 -2.270065 5.268795
-1.7957062 9.833286 -0.409421 5.57879 1.2999351 2.293795
-1.4509305 9.828498 -0.5411061 3.58379 4.764935 0.053795
-1.7669748 9.766247 -0.7637737 1.93879 3.5749352 0.89379495
-1.9944309 9.797373 -0.36632404 -2.6812103 -2.900065 -9.291205
-1.9034485 9.608225 0.076616794 -6.74121 -5.175065 -8.206205
-1.7262721 9.644139 -0.09577099 -5.13121 -3.495065 -2.9562051
-1.6712039 9.80695 -0.21069619 -2.5412102 0.98493505 -0.646205
-1.7502149 9.596253 0.05506832 -4.3962097 2.1049352 -2.4662051
-1.9058428 9.411894 0.24421602 -5.48121 -0.45006502 -3.096205
-2.0902019 9.498088 -0.0071828244 -1.80621 -1.9900651 -1.346205
-2.0399222 9.553157 -0.038308397 0.99379 0.109935 0.823795
-1.759792 9.672871 0.0071828244 0.78379 -0.24006501 2.573795
-1.6592325 9.818921 -0.105348095 1.93879 -1.8150651 2.4337952
-1.6759924 9.845258 -0.021548472 0.78379 -0.31006503 0.47379503
-1.7166951 9.5794935 0.06943397 -3.8712099 2.174935 -0.92620504
-1.7023294 9.660899 0.11013664 -6.70621 6.724935 -0.751205
-1.7478206 9.634562 0.35914123 -8.42121 8.824935 0.543795
-1.8842943 9.560339 0.14844504 -6.84621 8.509935 -0.331205
-1.8340145 9.651321 -0.06464542 -0.26621002 4.799935 -0.9962051
-1.6664152 9.663293 -0.38308397 4.31879 -0.975065 -0.506205
-1.9321798 9.593859 -0.29210153 2.3237903 0.52993494 -1.871205
-2.030345 9.490906 -0.13886794 -4.43121 6.1649346 -3.1662052
-1.9202085 9.601042 -0.035914123 -6.95121 7.5649347 -1.101205
-1.8435916 9.687236 -0.1699935 -3.2062101 2.3849351 0.648795
-1.8268317 9.646533 -0.13647367 1.4837899 -3.8450654 -0.92620504
-1.8842943 9.586677 0.026337024 0.67879003 -4.475065 -2.326205
-1.9106313 9.646533 0.043096945 -2.57621 -1.9900651 -1.4162049
-1.6975409 9.670476 0.03351985 -2.22621 -0.660065 0.333795
-1.5299416 9.785401 0.16520496 -1.10621 -0.660065 2.643795
-1.6520497 9.656111 -0.05985687 -0.96621007 -0.520065 2.888795
-1.7286664 9.7135725 -0.052674048 -0.65121 0.774935 0.858795
-1.8244374 9.615408 0.071828246 -1.9112101 2.069935 0.298795
-1.960911 9.517242 0.16520496 -3.34621 1.894935 -1.066205
-2.0064023 9.510059 0.09337672 -2.5412102 0.669935 -1.9762049
-1.908237 9.57231 0.021548472 -0.93121 1.0899351 -0.40120503
-1.6233183 9.744699 0.105348095 0.08379 1.1949351 2.9937952
-1.5083932 9.692024 0.12689656 0.74879 -1.115065 4.638795
-1.8076775 9.668081 0.11253092 0.39878997 -1.185065 2.328795
