3.1772027 9.301758 0.8356019 1.9433051 0.80535 1.54042
3.5890179 9.172467 0.46927786 0.403305 -10.70965 7.49042
3.0096035 9.244295 0.26337022 2.013305 -7.8746495 3.67542
2.82285 9.167678 0.60335726 -1.661695 -1.43465 1.9954199
2.8994668 9.064724 0.71588814 -3.166695 0.35035 4.3404202
3.0191805 9.050359 0.6847626 -0.26169503 3.5000002E-4 6.4054203
3.3304362 9.265843 0.59378016 3.343305 0.87535 8.26042
3.354379 9.423865 0.55307746 6.423305 0.63035 8.47042
3.1700199 9.517242 0.43336374 8.523305 -0.38465 6.4054203
2.9665065 9.744699 0.45491222 7.438306 2.1353502 5.3554196
3.0646718 10.077502 0.44772938 4.358305 5.0753503 7.49042
2.7773588 10.637763 0.3519584 0.543305 5.98535 11.34042
2.2147043 11.27464 0.8356019 -6.526695 9.76535 14.98042
0.28252444 12.811765 1.0247496 -19.231695 18.02535 23.765419
1.2929084 14.274667 0.91700727 -32.391693 37.83535 43.33042
4.2115293 15.625037 0.4860378 -34.561695 61.46035 73.01042
5.748654 16.668941 0.5889916 -27.421696 57.71535 82.005424
2.7582045 17.016111 1.4796618 -21.961695 38.60535 56.280422
1.2426286 17.755941 2.291321 -18.916695 25.445349 33.25042
5.933013 17.969032 2.5092 -10.936694 32.06035 40.77542
9.093455 17.97861 1.4150164 6.108305 39.095352 47.040417
6.9840994 17.336945 1.1708003 28.088305 33.42535 14.630421
5.138114 16.204453 1.89866 37.153305 22.190351 -37.62458
4.2977233 14.380014 1.89866 33.373306 8.08535 -61.494583
7.467743 13.118232 2.126116 29.138304 -4.1646504 -47.84458
9.007262 11.810958 3.031152 19.023306 -3.98965 -27.334581
7.0966306 10.855642 4.2594147 8.8383045 4.83035 -27.439579
5.6241517 9.907509 2.5929997 15.453304 8.050349 -44.86958
6.079064 8.504464 1.3455825 38.588306 0.21035 -42.41958
9.4932995 8.2578535 1.2953026 44.573307 -12.3546505 -22.64458
9.071907 7.0798707 1.9752767 24.098305 -13.19465 -10.88458
5.813299 7.0798707 2.5594797 -0.36669502 -1.29465 -35.62958
3.9577363 6.229903 1.4485363 -7.4366956 12.67035 -76.19458
4.529968 5.140508 1.6017698 1.663305 13.93035 -83.99958
5.212336 4.8579836 1.6137413 0.26330498 9.660351 -68.949585
4.06069 4.6113734 1.0439038 -5.4416947 10.850349 -59.07958
2.2099156 4.350397 1.6328955 0.998305 -0.62965 -75.59958
0.6368771 4.1851926 2.0710478 -0.541695 -2.34465 -68.14458
-0.2753416 3.8475995 1.2354459 10.203305 2.83535 -44.799583
1.7621863 4.3264546 -0.03351985 24.133305 5.9503503 -10.88458
3.0766432 4.925023 0.05985687 25.183306 -3.0796502 3.71042
2.7845416 5.2290964 0.79250497 17.518305 -18.794651 -13.85958
1.5586729 5.078257 1.0989721 16.328306 -30.974648 -34.26458
1.0798179 5.2075477 0.40223816 25.568304 -29.784649 -37.65958
1.1708003 5.377541 -0.07901107 32.218304 -27.19465 -32.654583
1.2546 5.6409116 -0.7326481 29.453302 -31.534653 -35.034576
0.37350687 5.827665 -0.45012367 14.788305 -32.75965 -45.53458
-1.3814965 5.7295 -0.19393626 -4.076695 -24.32465 -55.43958
-2.0925963 6.158075 0.021548472 -14.296695 -7.83965 -49.839584
-1.1133378 6.510033 -0.098165266 -14.891696 -5.24965 -30.904577
-0.5650489 7.14691 0.0071828244 -12.756695 -10.21965 -14.769581
-0.68715686 7.4198575 0.38068968 -13.386695 -8.43465 -10.67458
-0.94095 7.4892917 0.5506832 -13.036695 -2.27465 -10.849581
-1.4533248 7.8747697 0.72785956 -6.596695 -3.4646502 -8.784579
-1.0079896 8.226728 0.5602603 5.268305 -10.46465 -4.05958
-0.14126222 8.324894 0.009577099 18.148306 -19.56465 4.27042
-0.43575802 8.705584 -0.7877164 24.028305 -19.14465 8.40042
-0.57223165 8.777411 -0.14844504 17.273304 -6.05465 6.23042
0.062251143 8.846846 0.749408 4.183305 -1.08465 7.00042
0.3040729 9.438231 0.4860378 2.503305 -4.05965 7.3854203
0.14365649 9.517242 -0.35435268 15.978304 -7.629651 0.24542001
-0.09577099 9.550762 -0.5818088 25.498304 -8.08465 -6.75458
-0.071828246 9.842864 -0.84039044 22.418306 -4.3746505 -8.53958
0.49800915 9.70639 -0.7589851 14.438305 -0.66465 -5.5295796
0.07422252 9.536397 -0.28731298 4.393305 2.10035 -2.9045799
-0.52913475 9.481328 0.37829542 -3.9016953 2.6603498 -6.8595805
-0.25379312 9.57231 0.25379312 -3.201695 -2.44965 -8.85458
0.4285752 9.754275 -0.5147691 8.278304 -12.03965 -2.48458
0.57462597 9.897932 -1.0846065 18.043304 -16.72965 3.78042
0.22985038 9.862018 -0.7541966 14.893306 -12.56465 2.52042
-0.043096945 9.811738 -0.28970724 1.488305 -3.4996502 -1.4695799
0.0 9.747093 -0.28252444 -8.6616955 1.9253501 -2.8345802
0.27055305 9.821315 -0.5027977 -7.296695 -1.0496501 -0.90958005
0.37111259 9.895537 -0.49800915 -2.2216952 -4.75965 1.6804199
0.17238778 9.957788 -0.2657645 -1.171695 -7.7346506 -1.74958
0.15562786 9.804555 -0.45251793 0.438305 -9.34465 -1.8545799
0.18196489 9.8237095 -0.7733508 0.298305 -4.89965 -0.069579996
0.28252444 9.766247 -0.409421 -5.9316955 0.07035 0.52542
0.18196489 9.833286 0.12689656 -10.516695 0.28035 -1.15458
0.016759925 9.684841 0.08619389 -7.5766954 -0.90965 -1.8895799
-0.098165266 9.718362 -0.17717634 -2.011695 -1.32965 -0.38458
0.44294083 9.636956 -0.50998056 0.683305 -1.32965 3.5004199
0.22266756 9.816526 -0.4836435 -0.891695 -1.0146501 2.9754202
-0.11253092 10.010463 -0.18675344 -5.2316947 -1.6796501 -0.83958006
0.043096945 9.953 0.076616794 -7.8216944 -3.3946502 -0.17458001
0.2657645 10.015251 0.22266756 -6.981695 -4.89965 2.87042
0.5363176 10.029617 0.23463893 -3.831695 -6.75465 4.48042
0.4860378 9.912297 0.21309046 -0.751695 -7.0346503 2.59042
0.17238778 9.783007 0.057462595 1.1733049 -5.10965 -1.0845801
0.0023942748 9.749487 -0.07422252 1.733305 -2.58965 -2.27458
0.24900457 9.711179 0.028731298 -0.29669502 3.5000002E-4 -0.83958006
0.3519584 9.703996 0.12929083 -2.8166952 1.6803501 1.19042
0.17238778 9.58907 -0.011971374 -1.5916951 0.31535 0.59542
-0.090982445 9.603436 -0.12450229 1.068305 -1.57465 -2.06458
0.25858167 9.747093 -0.083799616 1.698305 -1.8546501 -1.78458
0.4764607 9.768641 -0.35914123 2.713305 -4.1296496 -0.66458005
0.12929083 9.75667 -0.22745611 1.4183052 -2.79965 -3.81458
-0.05027977 9.711179 0.21787901 -5.3016953 2.7303503 -7.87458
-0.3232271 9.715967 0.50040346 -10.061695 5.81035 -7.90958
0.0047885496 9.526819 0.339987 -7.331695 5.67035 -3.95458
-0.14126222 9.715967 0.38068968 -1.731695 5.11035 0.31542
0.047885496 9.850046 0.2849187 2.328305 3.7453501 3.85042
0.48124924 9.840469 -0.117319465 5.303305 3.08035 7.1404204
0.37590113 9.826104 -0.2561874 7.473305 3.50035 8.925421
