3.502824 9.098245 1.5993756 -9.67512 -5.700695 2.970695
3.7015488 9.091062 1.9202085 -13.035121 -1.185695 5.140695
3.553104 9.155706 1.9034485 -9.53512 0.564305 3.565695
3.3112822 9.04557 1.647261 -2.5001202 -1.010695 1.7456951
3.15326 8.897125 1.5395187 0.61488 -0.870695 2.200695
3.7877429 8.9976845 1.6664152 -0.61012 1.124305 5.315695
3.8475995 9.055147 1.6664152 -1.66012 0.739305 6.540695
3.5147953 9.033599 1.6664152 -1.31012 -0.38069502 3.460695
3.222694 8.942616 1.6233183 -0.64512 -0.695695 1.5356951
3.2610023 8.91149 1.5802214 -0.64512 -0.695695 2.690695
3.529161 8.91628 1.7310607 -2.04512 0.074305 5.455695
3.806897 8.930645 1.8292259 -3.55012 1.3693051 7.6956954
3.4381785 8.956982 1.8411974 -2.4651198 0.42430502 6.645695
3.3352249 8.971348 1.733455 -0.01512 0.249305 5.4906945
3.675212 9.14613 1.6257126 1.8398801 0.389305 8.675695
3.7111259 9.37598 1.8052832 1.27988 -0.625695 11.650695
3.6919718 9.866806 1.9369683 -0.64512 -2.8656948 13.295695
3.2202997 10.652128 1.8914771 -0.01512 -4.300695 17.145697
3.2777622 11.6649065 1.333611 4.98988 -1.9906949 22.990696
4.3432145 12.895564 0.9385557 11.63988 2.069305 31.705694
5.1620564 14.631413 -0.2753416 16.81988 1.439305 35.415695
5.626546 15.550815 -0.51955765 17.90488 -6.015695 27.995695
5.672037 16.058401 0.14844504 6.0048804 -13.050695 14.310695
5.906676 16.07995 1.6568382 -13.38512 -13.120695 -3.574305
5.5331693 15.610672 2.595394 -29.27512 -9.200695 -20.339306
5.1620564 14.930697 2.918621 -29.870121 -8.395695 -35.319305
5.8228765 14.554796 2.5020173 -13.8051195 -10.915695 -47.429306
5.830059 14.121433 2.2458298 6.5648804 -14.940694 -55.4443
4.9393888 13.281042 2.5331428 17.41488 -11.265696 -67.34431
3.7446458 12.402344 2.796513 17.90488 -5.5256953 -76.514305
4.182798 11.839689 2.6696165 19.05988 -2.8306952 -76.444305
4.3791285 11.075915 2.17879 25.289883 -5.035695 -65.48931
4.678413 10.30017 2.2314641 30.399881 -3.950695 -55.65431
5.2865586 9.581888 2.7749646 27.03988 1.264305 -48.409306
4.5060253 8.420665 2.8803127 19.54988 3.784305 -43.404305
3.2801564 7.616188 2.5092 20.354881 5.569305 -47.009308
3.0119977 7.450983 2.7175019 36.34988 -6.785695 -51.734306
3.0191805 7.312115 2.4206119 42.999878 -11.055696 -48.724304
3.1221344 7.2881727 0.7398309 55.63488 -14.310695 -46.029305
2.813273 7.290567 0.21787901 60.35988 -21.625696 -46.449306
2.099779 7.2211328 0.2777359 50.06988 -22.780695 -50.019306
1.1731946 7.0774765 -0.026337024 39.604877 -23.025696 -51.279305
0.8475733 7.2977495 -0.86193895 30.74988 -21.240694 -43.474304
2.2961094 7.3025384 -0.07901107 14.33488 -13.680696 -27.549305
2.2099156 7.362395 1.158829 -4.25012 -9.410695 -21.984306
1.201926 7.3408465 1.0223553 -1.5201199 -13.750695 -33.114307
0.23224466 7.4007034 -0.18196489 15.34988 -20.330696 -37.069305
-0.021548472 7.4174633 -0.3974496 23.78488 -21.590694 -29.334307
2.020768 7.759845 0.0023942748 15.314879 -13.820695 -16.909306
1.7645805 7.6975937 -0.9864412 7.36988 -6.960695 -17.574306
0.0023942748 7.922655 -1.5538844 3.55488 -1.010695 -36.649307
-0.8236305 7.6018224 -0.9122187 -9.32512 6.654305 -47.6393
-1.0965779 7.3145094 0.22027329 -23.99012 6.8993053 -45.994305
-0.27055305 7.9753294 0.7326481 -24.76012 -5.035695 -36.474308
0.38308397 8.097438 -0.028731298 -9.04512 -17.705694 -26.394306
0.07422252 8.030397 -0.87630457 9.154881 -24.145695 -22.719305
-0.9792584 8.08786 -0.80208206 14.92988 -24.355694 -24.644304
-1.010384 8.073495 -0.4836435 10.4848795 -26.455694 -24.854305
-0.90024734 8.095043 -0.2753416 4.88488 -31.810694 -16.629305
-0.64166564 8.329682 -0.083799616 1.97988 -28.835695 -5.9893055
-0.21548474 8.4781275 0.17478207 -0.08512001 -19.420694 2.095695
-0.011971374 8.557138 -0.30886146 0.47488 -15.045696 6.435695
-0.56744313 7.946598 -1.0917894 3.9748797 -12.105695 7.6956954
-1.3743137 7.7239304 -1.3958622 0.92987996 -4.510695 6.050695
-1.0774237 7.49408 -1.0750294 -5.93012 2.314305 3.7056952
-0.66321415 7.726325 -0.6344828 -9.85012 -10.040696 3.0056949
-0.9505271 8.209969 -0.047885496 -12.30012 -29.430695 -1.089305
-1.0486923 8.157294 0.40463245 -15.59012 -34.295696 -10.539305
-1.5083932 8.308133 0.1699935 -17.13012 -33.350697 -14.879306
-1.776552 8.209969 -0.82123625 -15.76512 -22.185696 -15.089305
-1.9728824 8.253065 -0.7541966 -13.8051195 -4.3356953 -12.534305
-2.083019 8.518829 0.18675344 -17.97012 2.034305 -9.804304
-1.9417568 8.631361 0.43815228 -14.15512 -11.405695 -4.659305
-1.5634614 9.016839 0.05985687 -0.05012 -17.215694 0.030695
-1.1133378 9.198804 -0.43575802 5.8998804 -11.685696 3.7756948
-1.0486923 9.246689 -0.35914123 1.80488 -1.2906951 3.6006951
-1.0534809 9.481328 0.117319465 -3.97012 2.034305 0.9406949
-1.0008069 9.421472 0.17478207 -3.6201203 0.63430506 -0.28430504
-0.8643332 9.471751 0.05027977 1.6298801 -1.5706949 0.590695
-0.7589851 9.677659 -0.25858167 4.98988 -1.045695 1.220695
-0.9984126 9.852441 -0.2466103 3.37988 2.8043048 0.030695
-0.8044763 9.8787775 0.047885496 1.41988 0.774305 -0.494305
-0.57223165 9.794978 0.13168511 2.74988 -3.9156954 0.590695
-0.72546524 9.926663 -0.083799616 4.98988 -3.425695 -0.179305
-0.74222517 9.857229 -0.25858167 5.2698803 -1.010695 -1.474305
-0.7877164 9.852441 -0.043096945 2.8898802 0.039305 -1.264305
-0.69194543 9.775824 0.12929083 0.92987996 -0.24069498 -1.089305
-0.59378016 9.751882 -0.09337672 3.2748802 -2.5506952 -1.089305
-0.85954463 9.761458 -0.3902668 5.4798803 -3.2156951 -2.6293051
-0.93616146 9.775824 -0.016759925 2.85488 -2.2356951 -4.134305
-0.7781393 9.653716 0.22745611 -1.94012 -4.5456953 -3.014305
-0.8739103 9.814133 0.26337022 -3.27012 -5.1056952 -1.614305
-0.80208206 9.684841 -0.08140534 -0.99512005 -2.760695 -1.3693051
-0.88109314 9.514848 -0.21069619 1.6298801 -2.515695 -0.564305
-1.3431882 9.560339 -0.071828246 0.85988 -1.640695 -1.474305
-1.0175668 9.562734 0.25379312 -1.38012 0.42430502 -2.139305
-0.7015225 9.670476 0.0670397 -0.9251201 -1.255695 2.095695
-0.8284191 9.871595 -0.29689008 3.69488 -3.1106951 4.5456953
-0.6273 9.775824 -0.12210801 5.09488 -0.625695 3.320695
-0.6344828 9.780613 0.021548472 1.55988 -0.135695 2.3406951
-0.7829279 9.77343 0.019154198 -0.75012004 -0.83569497 0.905695
-0.967287 9.569917 0.23224466 -1.45012 0.389305 -1.3693051
-1.2761484 9.526819 0.28731298 -3.0601199 1.8593049 -2.7343051
-1.2043202 9.543579 0.19393626 -2.08012 2.104305 -2.699305
-0.8786988 9.766247 -0.12210801 1.9448801 0.98430496 0.9756951
-0.5889916 9.926663 -0.14605077 5.09488 -0.345695 4.895695
-0.45491222 10.015251 -0.026337024 3.9748797 -0.76569504 6.3306947
-0.6847626 9.945818 0.076616794 0.99988 -0.135695 4.790695
-0.76137936 9.90272 0.071828246 -0.08512001 1.194305 1.360695
-0.7398309 9.888355 -0.15562786 0.26488003 1.3693051 -0.004305
-0.7877164 9.833286 -0.24421602 1.69988 0.739305 1.045695
-0.6344828 9.783007 0.0047885496 -0.54012 0.319305 1.185695
-0.749408 9.80695 0.028731298 -0.75012004 -1.255695 0.660695
-0.83081335 9.888355 -0.08858817 0.99988 -1.430695 0.310695
-0.58420306 9.888355 -0.117319465 1.8748798 -2.270695 1.9556949
-0.47885495 9.751882 -0.08619389 1.48988 -2.690695 2.165695
-0.7805336 9.79019 -0.1699935 0.89488 -1.185695 -0.039305
-0.818842 9.763853 -0.12210801 -0.19012 -0.520695 -1.474305
-0.70870537 9.694419 0.014365649 -2.2201202 -0.030695 -0.039305
-0.82123625 9.787795 0.045491222 -3.23512 2.314305 0.730695
-0.76137936 9.838076 0.071828246 -2.36012 2.6293051 0.9756951
-0.68715686 9.890749 0.1340794 -1.38012 1.3693051 1.185695
-0.5027977 9.845258 0.14605077 -0.57512003 0.704305 1.5356951
-0.69912827 9.763853 0.11013664 0.64988 0.249305 0.520695
-0.93616146 9.744699 0.16281068 1.1748799 1.5793049 -1.824305
-0.70631105 9.711179 0.18196489 1.76988 0.63430506 -0.91430503
-0.71828246 9.818921 0.043096945 3.9048803 -0.905695 1.5706949
-0.7206767 9.79019 -0.07422252 6.77488 -1.115695 1.9206951
-0.6344828 9.725544 -0.047885496 8.31488 -2.5856948 1.3956951
-0.86912173 9.80695 -0.2849187 8.97988 -4.475695 0.660695
