4.2977233 9.107821 1.5897985 -1.689485 2.960265 6.905885
4.5491223 9.07909 1.3407938 -6.939485 6.810265 7.640885
3.756617 9.038387 1.594587 -8.864485 3.8352652 13.520885
3.6823947 8.947405 1.5993756 -6.379485 -1.694735 11.560884
3.869148 8.901914 1.515576 -6.1344852 -3.164735 3.8958852
3.9481592 8.990502 1.4126221 -4.839485 -3.5497348 2.285885
3.938582 9.007262 1.4868447 -2.704485 -3.514735 4.5608854
3.8188684 8.906702 1.5706443 -2.0744848 -1.064735 5.330885
3.756617 8.79896 1.7119064 -2.634485 -1.064735 4.105885
3.8763309 8.719949 1.5897985 -3.824485 -0.819735 3.720885
3.962525 8.664881 1.4221992 -1.514485 0.125265 5.085885
3.8811195 8.593052 1.3814965 1.2855151 -0.57473505 5.715885
3.9098508 8.535589 1.3695252 1.9505148 -0.399735 5.505885
3.7757714 8.427847 1.4341706 1.355515 -0.399735 5.715885
3.790137 8.274613 1.4054393 0.935515 -1.029735 6.835885
3.8835137 8.219545 1.3886794 1.9155151 -2.289735 8.760885
4.314483 8.377567 1.2569942 3.525515 -2.744735 12.400886
4.0343533 8.408693 1.0798179 5.135515 -3.444735 15.795886
3.6512692 8.339259 1.1971374 6.360515 -3.899735 17.055885
3.7159145 8.5331955 1.1300977 5.3805146 -3.7247348 16.565884
5.3799353 9.4932995 1.0127783 3.770515 -3.5847352 20.940886
5.540352 10.180456 1.0774237 2.195515 -4.004735 29.970886
4.189981 10.881979 1.6807809 -2.984485 -5.159735 33.610886
3.8475995 12.210801 2.2554069 -10.719486 -5.999735 23.250887
4.843618 13.568356 1.9561225 -16.844486 -2.184735 14.920886
5.3105016 14.619442 1.6448668 -6.4494853 -3.129735 28.465885
5.341627 15.361668 1.4198049 -2.284485 -4.424735 21.955885
4.922629 15.574758 1.7166951 -4.384485 -2.954735 9.145885
3.7661943 15.4023695 2.3296294 -10.614486 1.7352649 -5.484115
4.889109 15.165337 2.7390504 -12.609485 11.045265 -9.229115
7.3169036 15.02168 2.578634 -5.399485 24.660267 -0.33911502
7.4605603 14.80859 1.8052832 10.420515 33.200264 0.815885
5.8755503 14.289032 1.0917894 31.910515 27.565266 -23.334116
5.279376 13.498921 0.8930645 45.560516 18.185266 -46.189117
6.4358106 12.651348 1.1468576 45.945515 5.5502653 -45.664116
9.189227 11.906729 1.647261 35.515514 -4.2497354 -33.204113
8.621783 11.370411 2.1285102 19.415514 4.1152654 -29.984114
7.355212 10.999298 2.1332989 14.795517 8.210265 -51.439114
6.3208857 10.1541195 1.8364087 23.825516 -3.6197352 -74.469124
5.5571117 9.668081 1.8435916 32.470516 -9.254736 -80.874115
4.3623686 8.935433 1.6999351 32.155518 -4.424735 -76.14911
5.786962 8.820508 1.0989721 28.935516 -5.754735 -58.649113
5.516409 8.593052 0.6057515 25.540516 -9.499735 -41.114117
4.45814 8.41827 0.88588166 19.275515 -5.3697352 -39.88912
4.1564612 7.929838 2.0375278 11.750515 -1.589735 -45.06911
5.1716337 7.4366174 1.8842943 8.3555155 -7.084735 -43.039116
4.9800916 7.2881727 0.8332076 24.735516 -12.264735 -39.434113
3.5650752 7.233104 0.5602603 28.760515 -14.819735 -58.054115
3.4309957 6.9314256 0.17957062 24.105515 -18.809734 -64.73911
3.0981915 6.8524146 -0.37590113 13.080515 -15.099735 -63.024117
2.3894863 7.063111 0.5698374 -7.0094852 -7.1897354 -62.289112
2.1476645 6.9936767 1.0989721 -18.909485 -3.409735 -60.15411
1.9848539 6.881146 0.5650489 -12.749485 -6.734735 -55.254116
0.8834874 7.003254 0.19633053 -2.949485 -9.919735 -51.789112
0.44772938 6.9888883 0.9241901 -6.484485 -5.404735 -44.89411
1.5131817 7.0607166 0.4166038 -4.7694855 -6.034735 -30.859112
2.047105 7.352818 -0.19393626 6.4305153 -15.239735 -23.089115
1.2665714 7.3767605 0.3974496 7.2005153 -23.674736 -33.309116
0.70631105 7.434223 0.50040346 2.790515 -28.784737 -43.564117
0.8786988 7.2953553 0.2561874 3.175515 -27.839735 -37.579113
1.2857256 7.59464 0.047885496 0.305515 -15.624734 -21.584114
0.9792584 7.881953 0.04070267 -7.1494846 -0.22473499 -13.219115
0.22745611 7.5850625 -0.41420954 -12.364486 5.270265 -18.364117
0.0 7.6066113 0.5506832 -13.7294855 -4.7047353 -27.884115
0.11253092 7.415069 1.4676905 -15.619485 -21.119736 -32.679115
-0.083799616 7.6353426 1.3623424 -9.389485 -27.349735 -27.884115
-0.22506183 7.556331 0.38308397 4.7505155 -19.684734 -17.839115
-0.37111259 7.4102807 -0.67757976 16.965515 -3.6897352 -6.569115
-0.82602483 7.0942364 -0.2561874 14.515514 3.135265 -5.834115
-1.9656997 6.490879 0.41181526 0.025515001 -2.324735 -18.924114
-3.0119977 6.308914 0.88588166 -12.749485 -10.059735 -34.114113
-3.2011454 6.4597535 0.7206767 -14.814486 -10.794735 -36.144115
-2.473286 6.818895 0.24900457 -6.624485 -9.009735 -23.999117
-1.6592325 7.692805 0.090982445 2.405515 -9.604735 -8.179115
-1.175589 8.315316 0.3328042 5.8005147 -14.889735 -0.33911502
-1.0726352 8.358414 0.08619389 4.645515 -16.394735 -0.47911498
-0.7206767 8.561927 -0.7134939 6.080515 -10.444735 -1.9841151
-0.98404694 8.763046 -0.7685622 6.745515 -1.309735 -4.294115
-1.5586729 8.609812 -0.29928434 -1.724485 6.810265 -11.784115
-2.3128695 8.370385 0.083799616 -14.534486 13.565266 -20.709116
-2.7222905 8.458973 0.13647367 -20.239487 17.205263 -21.479116
-2.291321 8.880365 0.19393626 -14.8494835 15.455265 -15.949115
-1.6496553 9.04557 -0.035914123 -3.054485 2.2602649 -8.389115
-1.3168511 9.265843 -0.12929083 7.830516 -12.194735 -3.559115
-1.5131817 9.4095 -0.3615355 8.005515 -11.1097355 -1.9841151
-1.3120626 9.495694 -0.083799616 0.935515 -2.184735 1.025885
-0.81644773 9.663293 0.64166564 -5.854485 -3.8297348 3.965885
-0.70870537 9.802161 0.8332076 -5.399485 -7.4347353 3.195885
-0.8092649 9.749487 0.6943397 -0.149485 -8.624735 0.675885
-1.132492 9.696813 0.2370332 4.7155147 -6.734735 -2.124115
-1.1420691 9.634562 0.37829542 3.9455152 -3.5497348 -2.5791152
-1.2785428 9.696813 0.41420954 0.970515 -2.0097349 -1.004115
-1.1803775 9.778218 0.16520496 2.0205152 -2.884735 0.780885
-0.9289786 9.873989 0.06943397 4.085515 -4.529735 2.180885
-0.7901107 9.929058 0.3615355 2.090515 -5.019735 3.370885
-0.84278476 9.914692 0.17957062 -0.464485 -2.4997349 1.7958851
-0.72785956 9.873989 0.12450229 -1.164485 0.125265 0.220885
-0.6368771 9.701602 0.43096948 -3.5794852 -2.2197351 0.465885
-1.2258687 9.526819 0.36871833 -5.399485 -3.3047352 -2.439115
-1.3838909 9.577099 0.67757976 -5.784485 -1.309735 -4.959115
-1.2234744 9.387952 0.76137936 -5.819485 -0.434735 -1.389115
-1.0439038 9.541185 0.3902668 0.165515 -0.294735 3.475885
-0.89545876 9.644139 0.16041641 7.4105153 -1.4147351 5.995885
-0.6943397 9.665688 0.08140534 8.460515 -2.184735 6.380885
-0.94573855 9.751882 0.11013664 5.170515 -1.1347351 4.210885
-0.9289786 9.905115 0.26337022 1.005515 -0.084735 1.6908851
-0.75659084 9.871595 0.22506183 -2.5994852 2.820265 2.530885
-0.679974 9.945818 0.3998439 -4.4894853 7.4752645 3.370885
-0.6344828 9.869201 0.3232271 -5.084485 8.525266 3.7558851
-0.9194015 9.909904 0.19633053 -2.179485 5.515265 2.600885
-0.73743665 9.8548355 0.20351335 0.270515 1.9102652 0.53588504
-0.6368771 9.955395 0.26337022 -0.254485 -0.539735 1.655885
-0.6057515 9.893144 0.3328042 -0.989485 -0.71473503 2.425885
-0.7446195 9.79019 0.30167863 -1.339485 -0.6097351 0.605885
-0.84039044 9.651321 0.22985038 -1.374485 -0.364735 -1.039115
-1.1061549 9.550762 0.44294083 -3.054485 1.665265 -0.899115
-1.0199611 9.826104 0.723071 -6.379485 3.170265 1.095885
-0.44054657 10.015251 0.52674043 -5.434485 1.525265 4.5608854
-0.2944958 10.118205 0.031125572 0.620515 -3.1997352 8.130885
-0.55786604 9.955395 0.05027977 4.8555155 -3.9697354 5.505885
-0.888276 9.759064 0.51955765 -0.744485 -0.50473505 0.325885
-1.0462981 9.747093 0.84039044 -10.754484 3.135265 -3.629115
-0.7901107 9.735122 0.68236834 -4.7694855 -0.014734999 -1.634115
-0.66800267 9.732727 0.48124924 0.72551495 -2.289735 0.53588504
-0.7901107 9.794978 0.44772938 0.41051498 -0.67973506 0.395885
-0.7709565 9.660899 0.74701375 -2.529485 -0.084735 0.115885004
-0.7589851 9.682447 0.7039168 -1.8294852 -1.169735 -0.374115
-0.84278476 9.718362 0.4860378 1.355515 -1.624735 -0.864115
-0.86912173 9.766247 0.4764607 1.7755151 0.335265 -0.269115
-0.65842557 9.703996 0.61293435 -0.569485 1.350265 0.71088505
-0.71588814 9.763853 0.77574503 -1.689485 0.440265 1.340885
