2.997632 9.25866 1.7095122 -4.454485 -9.3597355 2.355885
2.7031362 9.1628895 1.9968252 -13.659485 -19.299736 5.085885
2.169213 9.160496 2.0183737 -14.639486 -16.254736 0.255885
2.1332989 9.057542 1.9106313 -9.564486 -3.3747349 -3.734115
2.4086404 9.143736 1.8699286 -3.2644851 -0.64473504 -3.2441149
2.4277947 9.2419 1.9106313 0.23551501 -0.92473507 -0.82911503
2.3679378 9.186832 1.8220432 0.655515 1.385265 1.130885
2.2530127 9.198804 1.7214836 1.250515 2.120265 2.005885
2.3823035 9.198804 1.8220432 0.9005151 1.7702651 4.5608854
2.423006 9.196409 1.7406378 0.445515 3.065265 5.995885
2.5427198 9.172467 1.6544439 1.4605149 1.490265 6.030885
2.4277947 9.244295 1.637684 1.215515 0.26526502 5.330885
2.4996228 9.299363 1.664021 0.690515 -1.309735 4.770885
2.4948344 9.25866 1.5778271 0.480515 -3.129735 4.350885
2.4158232 9.088667 1.4916332 -0.39448503 -4.564735 4.105885
2.1716073 8.909097 1.5874043 -3.2644851 -3.6897352 4.9108853
2.604971 8.791777 1.8771114 -6.729485 -2.814735 7.7458844
2.710319 8.73192 1.9800652 -6.939485 -4.284735 10.580885
2.343995 8.664881 1.7885233 -2.354485 -6.734735 9.495886
2.4852571 8.624178 1.5874043 1.880515 -7.364735 10.580885
2.7893302 9.047964 1.6951466 1.7055151 -6.7697353 15.375886
2.8587642 9.399923 1.8340145 -1.689485 -5.264735 18.595884
3.344802 10.08708 1.8220432 -4.874485 -3.1997352 20.275885
3.4812756 11.1453495 1.9178141 -7.604485 -3.6897352 20.275885
2.4876516 12.51248 1.924997 -11.244485 -3.5847352 18.070887
2.8156672 14.550008 1.7382435 -12.784485 -3.8647354 18.035885
4.3839173 15.895591 2.0806248 -14.254485 -8.204736 18.280886
4.7526355 16.429514 2.7342618 -22.934486 -4.319735 15.235885
4.3408203 16.74077 3.1580484 -28.849485 9.540265 2.040885
3.2610023 16.79105 2.9952378 -21.604485 15.175264 -17.104115
2.770176 16.386417 2.9090438 -6.1344852 12.165265 -33.974113
2.8491871 15.802214 2.8467927 8.495515 11.570266 -40.519115
4.1253357 15.265896 2.82285 22.250517 10.9752655 -39.749115
4.106181 14.676905 2.7510219 34.465515 8.630265 -38.524117
3.4740927 13.908342 2.5929997 44.825516 6.0052648 -46.539116
3.1652312 12.778245 1.9154198 54.415516 1.9452649 -54.519115
2.1740015 12.026443 1.3886794 59.595512 -1.554735 -53.399117
2.2721667 11.305766 1.4437478 55.185513 -2.044735 -50.039116
4.2019525 10.656918 1.9561225 41.185516 -4.7047353 -37.229115
4.697567 10.752688 2.3751206 29.110516 -18.879736 -22.914116
4.4485626 10.096657 2.4517374 28.480516 -32.704735 -27.709116
3.15326 9.301758 2.1452703 32.505516 -28.014734 -41.114117
2.2554069 8.628966 1.6855695 36.180515 -13.244735 -51.754116
3.3136764 8.480521 1.960911 35.935513 -13.629736 -49.444115
3.5962007 7.764633 1.6161355 23.790516 -21.819736 -32.609116
2.5834224 7.534783 1.3072741 19.240515 -16.044735 -38.664112
2.0423164 7.2019787 1.2785428 13.815515 -14.014735 -41.604115
2.8372157 7.0271964 1.9489397 6.710515 -11.214735 -37.439114
2.2434354 7.1109962 1.9656997 8.635515 -7.609735 -40.904114
1.0654523 6.941003 1.5083932 21.935514 -7.539735 -49.024113
0.21309046 6.8619914 0.81165916 35.935513 -14.784735 -48.044117
0.76137936 6.591439 0.44054657 45.350517 -19.019735 -34.429115
1.3072741 6.794952 -0.31604427 50.460514 -14.259735 -18.154116
0.6249057 6.897906 -1.5514901 56.865517 -16.149734 -19.869116
-0.10055954 6.976917 -1.2210802 47.520515 -25.494734 -26.799114
-0.038308397 6.55313 -0.031125572 20.850517 -23.429737 -25.959114
-0.84039044 6.361588 0.8571504 -2.809485 -10.164736 -21.129116
-0.80687064 5.9665327 0.75659084 -7.8844852 -3.934735 -15.109115
-0.5913859 5.856396 0.1699935 -0.009485 -7.2247353 -10.174115
-0.9984126 6.038361 -0.24900457 5.485515 -10.934736 -11.959116
-1.3910737 5.7630196 -0.5123748 0.13051501 -9.184734 -21.199114
-2.432583 5.4565525 -0.8834874 -9.319485 -0.994735 -29.494116
-3.9697077 5.5906315 -1.0750294 -19.329485 12.585265 -34.779114
-3.605778 5.8755503 -0.3304099 -26.889484 19.445265 -33.379112
-2.6169424 6.3807425 0.18914771 -27.589485 15.560266 -20.219116
-2.5810282 6.893117 -0.57462597 -14.079485 6.915265 -9.054115
-2.7510219 7.47732 -1.0654523 3.490515 3.310265 -4.959115
-1.9561225 7.920261 -0.8236305 10.070515 2.750265 2.005885
-1.3144568 8.243488 -1.2162915 10.525516 -3.129735 10.020885
-1.3000913 8.58587 -1.4174107 12.345515 -7.294735 9.215884
-1.2498114 8.870789 -0.96489275 8.425515 -2.2197351 3.650885
-1.7406378 8.892337 -0.7805336 0.165515 4.920265 0.080885
-1.620924 9.1940155 -1.0151725 -0.70948505 6.635265 -1.039115
-0.7015225 9.4932995 -1.5179702 6.290515 -0.329735 3.720885
-0.5027977 9.737515 -1.7286664 12.7305155 -10.444735 7.675885
-0.48843205 9.677659 -1.2905141 12.695515 -15.029736 2.250885
-0.9864412 9.668081 -0.7805336 4.5755153 -13.629736 -6.989115
-1.0917894 9.8548355 -0.91461295 -5.714485 -9.464736 -13.884115
-1.1372806 9.828498 -0.8044763 -9.039486 -5.3697352 -15.179115
-1.2234744 9.833286 -0.4764607 -12.679485 3.695265 -10.314116
-1.3144568 9.953 -0.21309046 -7.6394854 -2.464735 -7.6891155
-1.3982565 9.869201 -0.6249057 2.510515 -9.394734 -4.854115
-1.2306572 10.017646 -0.8739103 8.740516 -10.094735 -0.68911505
-0.8475733 9.979338 -1.0774237 7.060515 -8.169735 1.970885
-1.1372806 9.976943 -0.73743665 -1.269485 -2.569735 0.9208851
-1.3479767 9.926663 0.18435916 -10.964485 3.205265 -1.3541151
-0.9792584 9.761458 0.20351335 -10.229485 3.520265 0.150885
-1.1684061 9.747093 -0.3232271 0.37551498 -0.67973506 0.71088505
-1.3862851 9.677659 -0.5554718 7.060515 -4.7047353 -1.074115
-1.2162915 9.644139 -0.51955765 5.030515 -3.9697354 0.185885
-1.1181264 9.711179 -0.51716334 2.0205152 1.8052651 3.580885
-1.0486923 9.771035 -0.37111259 0.37551498 5.340265 4.490885
-0.85954463 9.924269 -0.17717634 0.970515 2.715265 2.880885
-0.7302538 9.79019 -0.65363705 5.590515 -1.694735 -0.024115
-1.1300977 9.821315 -1.3096683 9.685514 -2.324735 -3.6641152
-1.4437478 9.687236 -0.87151605 3.175515 2.925265 -6.5341153
-1.4317763 9.517242 -0.24900457 -9.984486 8.945265 -5.869115
-1.4245936 9.500483 0.13886794 -14.674484 9.260265 -2.964115
-1.2498114 9.550762 -0.20111908 -6.729485 4.6752653 0.430885
-1.132492 9.63935 -0.75180227 6.675515 -2.849735 2.880885
-1.1229149 9.687236 -1.1708003 13.990516 -6.489735 3.475885
-1.1492519 9.699207 -0.84996754 10.070515 -4.284735 2.950885
-1.1253091 9.759064 -0.48124924 0.760515 0.23026499 3.580885
-0.9720756 9.751882 -0.40463245 -3.544485 2.715265 4.035885
-0.8643332 9.852441 -0.67279124 -1.339485 1.385265 3.370885
-0.9337672 9.842864 -0.7972935 2.0205152 -1.4147351 0.71088505
-1.0941836 9.845258 -0.6296943 1.2855151 -2.0097349 -2.7191153
-1.2402344 9.70639 -0.4070267 -2.739485 0.65026504 -4.469115
-1.3120626 9.742304 -0.31365 -5.8894854 4.710265 -3.594115
-1.1995317 9.785401 -0.63208854 -4.699485 5.970265 -1.1091149
-1.132492 9.905115 -0.75659084 -0.254485 3.485265 0.465885
-1.1013664 9.859624 -0.54828894 0.585515 2.400265 0.745885
-1.1947432 9.718362 -0.4644893 -2.5994852 1.490265 0.325885
-1.2881198 9.787795 -0.339987 -4.0344853 -0.294735 -1.1791149
-1.1779832 9.660899 -0.4166038 -3.439485 -0.22473499 -1.9841151
-1.4054393 9.651321 -0.35674694 -2.214485 -0.364735 -1.844115
-1.4700848 9.584282 -0.21309046 -2.3194852 0.96526504 -2.019115
-1.3479767 9.519637 -0.2753416 -2.249485 3.9402652 1.165885
