2.8084843 9.591465 2.2099156 -9.635815 0.82131004 0.22351
2.8420043 9.313729 2.1716073 -16.880814 -15.06869 3.3735101
2.2793496 9.150918 2.4158232 -18.980814 -27.52869 1.06351
1.9297855 8.834874 2.6121538 -15.620815 -8.55869 -3.06649
1.9297855 8.786988 2.2170985 -6.660815 -5.68869 2.39351
2.343995 8.91149 1.8316202 2.754185 -6.49369 7.9235096
2.727079 8.947405 1.4557191 4.609185 -4.8836904 11.94851
3.0191805 9.1940155 1.5083932 0.12918499 -2.88869 13.69851
2.928198 9.514848 1.7478206 -3.8258152 -4.04369 12.263511
2.6265194 9.754275 1.951334 -4.5608153 -7.1936903 9.568509
2.6337023 10.398335 1.7957062 -2.180815 -7.578691 10.33851
3.1053743 11.119012 1.6951466 -1.165815 -6.94869 14.608509
2.971295 11.877997 1.6185298 -4.7708154 -8.103691 15.553511
2.2673783 12.603462 2.142876 -12.610816 -8.27869 12.68351
1.7645805 13.163723 2.760599 -19.120815 -6.91369 13.173511
1.9633054 13.838908 2.4541316 -16.145817 -5.5836897 21.71351
3.6895776 14.595499 2.8252442 -10.930816 -14.75369 31.96851
4.9872746 14.0567875 2.9760835 -10.685815 -26.72369 42.643513
5.3535986 13.9466505 3.2681851 -4.5608153 -24.27369 37.463512
5.0662856 13.841303 3.2562137 7.339185 -11.008691 20.13851
5.5307746 13.625818 2.9401696 23.789185 -8.38369 5.75351
5.0806513 13.355265 2.648068 38.384186 -15.90869 -9.506491
4.314483 13.084712 2.2123098 45.314182 -20.52869 -24.73149
4.601796 12.85965 2.0949905 47.904182 -20.03869 -31.31149
5.341627 12.387978 1.9585168 46.504185 -14.928692 -30.156487
4.8316464 11.894757 1.7071179 43.039185 -5.1286902 -32.81649
3.8356283 11.569136 1.8699286 38.034184 1.1013099 -44.78649
2.9090438 11.150138 1.8196489 32.679184 -4.46369 -51.47149
2.885101 10.405519 1.6616267 29.984186 -15.173689 -46.396492
2.8252442 9.929058 1.4820561 25.819185 -21.158691 -32.571487
3.6440864 9.416683 1.4245936 20.604185 -24.41369 -16.01649
4.5251794 9.284998 1.7238779 13.254186 -32.04369 -0.58149004
4.3408203 8.681641 2.779753 2.754185 -33.863693 3.75851
4.2809634 8.432636 2.6815877 -6.975815 -25.988691 -3.90649
4.558699 8.458973 1.786129 -2.915815 -11.39369 -11.116489
4.5874305 8.375174 1.7502149 11.434185 2.2213101 -10.06649
3.816474 8.164477 1.733455 17.244184 1.1013099 -18.781488
3.100586 8.123775 1.4317763 21.304186 -11.60369 -40.551487
2.9832664 7.80773 1.063058 31.279182 -21.01869 -50.14149
3.093403 7.5276 0.66800267 40.344185 -25.638689 -51.12149
3.2490308 7.4892917 0.28970724 40.239185 -35.053688 -55.146492
2.7127132 7.228316 0.12929083 27.184185 -32.95369 -61.096493
1.376708 7.2881727 0.30167863 10.2441845 -21.08869 -61.16649
1.6688095 7.326481 0.08140534 -1.375815 -14.823689 -51.366493
1.9704882 7.223527 -0.12929083 -6.030815 -9.85369 -40.936493
1.1564348 7.170853 0.5554718 -20.415815 -6.00369 -41.77649
-0.30886146 6.7494607 1.0008069 -27.695816 3.41131 -46.11649
-0.8834874 6.7829804 1.2617828 -20.625814 4.42631 -37.786488
-0.40223816 6.6608725 0.40223816 -6.730815 -2.2586899 -26.58649
-0.0071828244 6.7566433 -0.28252444 1.424185 -9.04869 -17.59149
0.16520496 7.151699 -0.66800267 -0.74581504 -3.44869 -15.771491
-0.0023942748 7.084659 -0.5219519 -11.385815 4.56631 -20.916489
-1.1612233 6.7638264 -0.6249057 -25.595816 8.24131 -28.79149
-1.8052832 6.691998 -1.2953026 -29.340813 16.291311 -29.526491
-1.5371244 6.864386 -1.1827718 -25.175816 18.70631 -19.621489
-0.7709565 7.2809896 -0.045491222 -20.660814 4.25131 -8.2464905
-0.31365 7.4198575 1.0343267 -14.920816 -25.42869 -3.8014898
-0.20351335 7.472532 1.4940275 -1.8308151 -51.78369 -5.37649
-0.20590763 7.5850625 1.0295382 17.244184 -63.473694 -7.8614907
-0.12689656 7.798153 0.2753416 33.939186 -59.588688 -5.09649
-0.83081335 7.881953 -0.9241901 40.344185 -44.85369 -3.94149
-1.5490957 7.702382 -1.0008069 27.289186 -21.33369 -9.54149
-2.0710478 8.083072 -0.076616794 -0.81581503 -1.5586901 -9.506491
-1.6328955 8.353624 0.83081335 -20.800816 4.88131 -2.8214898
-0.81165916 8.58587 0.2681588 -17.685816 -2.5036902 7.1885104
-0.77574503 8.959376 -0.600963 2.054185 -9.18869 11.563509
-0.5889916 9.239507 -0.75659084 15.599186 -7.4036903 8.063511
-0.52674043 9.498088 -0.3304099 11.189185 -7.96369 4.84351
-0.28013015 9.735122 -0.19154198 2.124185 -10.27369 4.35351
0.0047885496 9.787795 0.24900457 -2.7408152 -8.55869 4.59851
0.05027977 9.70639 0.71588814 -7.150815 -5.4786897 3.0935102
-0.011971374 9.672871 0.6440599 -6.800815 -6.10869 0.9585101
0.038308397 9.624985 0.6392714 -1.130815 -5.09369 -0.82649
-0.06464542 9.644139 0.35435268 2.124185 -1.10369 0.04851
-0.13647367 9.876384 0.0047885496 3.8391848 4.00631 2.95351
-0.16520496 9.931452 -0.16041641 6.534185 7.89131 6.17351
0.23942748 9.921875 -0.043096945 9.019185 2.71131 5.89351
0.36632404 10.005674 -0.44772938 10.524185 -1.8736901 4.0385103
0.014365649 10.091868 -0.45251793 8.704185 -3.72869 1.58851
0.0023942748 9.960183 -0.07422252 2.3341851 -5.89869 -0.82649
0.047885496 9.976943 0.05985687 0.374185 -7.8936906 -2.1914902
-0.08858817 9.862018 -0.2753416 2.474185 -6.66869 -4.01149
-0.29210153 9.768641 -0.026337024 0.9341849 -6.3536906 -4.15149
0.08619389 9.744699 0.0 -1.060815 -8.24369 -3.48649
0.06464542 9.632168 0.17717634 -0.74581504 -8.103691 -5.09649
-0.21548474 9.565128 0.2370332 0.304185 -6.14369 -3.55649
-0.3423813 9.45978 0.07422252 1.144185 -0.99869007 -2.2964902
-0.2681588 9.44302 -0.047885496 1.529185 3.0963101 0.67851
-0.25379312 9.780613 0.18914771 -0.255815 2.46631 5.08851
-0.20351335 9.759064 0.117319465 0.024185 0.64631 6.27851
-0.026337024 9.876384 0.13886794 4.539185 -3.6236904 5.75351
0.3232271 9.816526 -0.07422252 8.984185 -9.99369 6.38351
0.26337022 9.873989 -0.45251793 11.119185 -10.02869 5.64851
-0.06943397 9.866806 -0.18196489 6.2541847 -3.6936903 3.2685099
0.08619389 9.802161 0.10774237 -2.6358151 -0.08869 2.70851
0.18435916 9.993703 0.24421602 -4.175815 -1.24369 4.0035105
0.40223816 9.917087 -0.062251143 0.26918498 -1.7336899 4.4935102
0.2466103 9.979338 -0.09577099 4.014185 -1.8736901 2.98851
0.3232271 9.926663 -0.07422252 4.994185 -3.02869 2.07851
0.20351335 9.804555 -0.22506183 5.344185 -4.81369 2.14851
0.19393626 9.941029 -0.34716985 6.2191854 -5.79369 1.55351
0.3040729 9.962578 -0.25139886 5.204185 -6.49369 1.58851
0.29928434 9.869201 -0.11253092 1.1091851 -4.00869 1.7285101
0.19393626 9.933846 0.016759925 -2.4608152 -0.15869 1.23851
0.3040729 9.972155 -0.09577099 -2.320815 1.06631 1.6935099
0.38547826 9.890749 -0.34956414 1.039185 1.41631 3.30351
0.105348095 9.912297 -0.20590763 2.509185 0.57631004 2.00851
0.09577099 9.787795 -0.090982445 -0.36081502 0.016309999 -0.86149
0.062251143 9.634562 -0.021548472 -2.3908148 -0.33369002 -1.5614899
-0.117319465 9.615408 0.07901107 -1.2358149 -1.62869 -1.63149
-0.16759923 9.58907 0.023942748 0.479185 -2.7836902 -1.66649
-0.0670397 9.620196 -0.03351985 2.2641852 -4.11369 0.04851
0.08619389 9.720756 0.0 4.119185 -5.1286902 2.63851
0.23463893 9.914692 -0.10774237 7.129185 -6.56369 5.78851
0.42139238 10.027223 -0.43575802 8.179185 -4.14869 5.6835103
0.52913475 9.996098 -0.4764607 3.2441852 0.40131 4.0735097
0.3902668 9.871595 -0.13168511 -4.735815 3.8663101 1.76351
0.2777359 9.835681 0.16041641 -7.2908144 2.36131 -0.33649
0.16281068 9.838076 -0.014365649 -2.985815 -0.89369 -1.14149
