5.75 8.38 1.31 2.8647888 -4.0107045 0.57295775
5.96 8.34 1.35 0.0 -12.032113 1.7188734
5.85 8.54 1.41 -2.291831 -16.615776 1.1459155
5.77 8.86 1.11 -3.4377468 -22.345354 0.0
6.47 8.74 1.3 -4.583662 -24.064226 1.1459155
6.43 9.0199995 1.63 -6.3025355 -12.032113 -1.7188734
6.2799997 9.41 1.81 -4.583662 -5.15662 -9.740283
6.2799997 9.41 1.81 2.291831 -8.594366 -15.469859
6.5 9.389999 1.23 2.291831 -8.594366 -15.469859
6.3799996 9.24 1.23 2.8647888 -6.8754935 -22.91831
6.2799997 9.309999 1.1999999 1.1459155 -6.8754935 -28.07493
6.25 9.19 1.17 0.57295775 -9.167324 -32.085636
5.67 8.97 1.23 2.291831 -7.448451 -35.523384
5.47 9.25 1.31 3.4377468 -6.8754935 -36.09634
5.48 9.33 1.14 6.3025355 -6.3025355 -36.09634
5.58 9.349999 2.02 5.15662 -2.8647888 -37.242256
5.43 9.429999 2.27 5.7295775 -1.7188734 -38.38817
5.41 9.65 1.18 25.210142 -6.8754935 -42.398876
5.38 9.82 0.22999999 25.210142 -6.8754935 -42.398876
5.44 9.8 -0.71 28.64789 -5.15662 -44.11775
5.43 9.74 0.59 2.8647888 0.0 -46.98254
5.19 9.7 1.04 0.0 0.0 -48.128452
4.85 9.58 1.0699999 2.291831 -5.15662 -49.27437
4.75 9.88 1.23 3.4377468 -6.3025355 -49.27437
4.74 10.0 1.23 5.7295775 -4.0107045 -50.993244
4.72 10.01 0.98999995 9.740283 -1.7188734 -52.712116
4.6 9.94 0.75 12.605071 -4.0107045 -54.43099
4.36 9.78 0.78999996 11.459155 -5.7295775 -55.576904
3.79 9.809999 0.7 10.886198 -5.7295775 -56.72282
3.9299998 9.75 0.42999998 10.886198 -3.4377468 -55.576904
4.24 9.66 0.89 8.021409 -1.1459155 -53.285076
3.52 9.76 0.87 7.448451 -5.7295775 -57.29578
2.75 9.92 0.39999998 13.178029 -8.594366 -60.160564
3.03 10.0199995 0.26999998 14.323945 -12.032113 -54.43099
3.6399999 10.139999 0.29999998 10.31324 -12.032113 -50.420284
3.6599998 10.059999 0.24 9.167324 -10.31324 -51.5662
3.1599998 9.929999 0.16 9.167324 -6.3025355 -57.29578
2.29 10.2 0.32 8.021409 -5.7295775 -61.879436
2.5 10.01 0.42 8.021409 -7.448451 -60.160564
2.1499999 9.809999 0.47 8.021409 -6.3025355 -57.868736
1.7199999 10.09 0.26999998 10.31324 -2.8647888 -58.441692
1.9699999 10.03 0.48 11.459155 -2.8647888 -55.00395
1.79 10.28 0.59999996 12.032113 -5.15662 -53.285076
2.12 10.58 -0.11 14.896902 -6.8754935 -53.285076
1.43 10.3 -0.42 17.761692 -10.886198 -55.576904
1.25 10.03 -0.59999996 12.605071 -9.167324 -65.317184
1.25 9.74 -0.22 5.15662 -6.3025355 -70.47381
0.0 9.26 0.29999998 -2.8647888 -5.7295775 -72.19268
-0.26999998 9.22 0.35 -4.583662 -5.15662 -73.33859
-0.53 9.19 0.19999999 -2.291831 -4.0107045 -67.60902
-0.65999997 9.38 -0.24 0.0 -3.4377468 -64.74423
-0.14999999 9.059999 -0.61 2.291831 -2.8647888 -54.43099
-0.61 9.12 0.39999998 -2.8647888 -1.7188734 -52.712116
-1.3199999 9.19 0.45999998 2.8647888 -4.583662 -50.420284
-0.84999996 9.28 0.02 7.448451 -3.4377468 -47.555496
-0.25 9.11 -0.29999998 10.886198 -6.3025355 -40.680004
-0.79999995 9.11 -0.04 10.31324 -2.8647888 -45.263664
-1.4599999 8.88 -0.049999997 13.178029 -1.7188734 -45.263664
-1.64 8.92 -0.75 14.323945 -0.57295775 -44.11775
-1.64 8.92 -0.75 13.178029 -2.8647888 -41.25296
-1.8499999 9.17 -0.52 6.8754935 -0.57295775 -38.961132
-1.87 9.26 -0.48 8.594366 -5.15662 -39.53409
-1.73 9.33 -0.45 9.167324 -6.3025355 -40.107044
-1.6999999 9.23 -0.11 9.167324 -7.448451 -42.398876
-2.36 9.179999 -0.39999998 14.896902 -5.7295775 -47.555496
-2.8799999 9.389999 -0.90999997 21.199438 -3.4377468 -49.27437
-2.71 9.32 -1.15 21.772396 -4.0107045 -45.83662
-2.77 9.66 -1.5999999 21.772396 -5.15662 -45.263664
-2.31 9.32 -1.9699999 20.62648 -6.3025355 -45.83662
-2.72 9.179999 -1.1999999 3.4377468 -2.8647888 -48.128452
-3.1399999 8.809999 -0.5 -1.7188734 2.291831 -49.84733
-3.86 8.559999 -0.45999998 0.57295775 0.57295775 -48.128452
-3.6699998 7.8999996 -0.69 3.4377468 -1.1459155 -41.25296
-3.74 7.89 -0.64 4.583662 -1.7188734 -38.961132
-3.78 8.179999 -1.1 6.3025355 -5.15662 -40.107044
-3.57 8.19 -1.2099999 2.291831 -5.7295775 -38.38817
-4.12 8.11 -0.72999996 -0.57295775 -3.4377468 -41.25296
-4.29 7.73 -0.57 0.0 -2.291831 -40.680004
-4.58 7.72 -0.71 0.57295775 -2.8647888 -38.961132
-5.18 7.85 -0.59 3.4377468 -2.291831 -36.669296
-5.38 7.77 -0.39 6.8754935 -2.291831 -30.939718
-4.88 7.5699997 -1.15 14.323945 -5.7295775 -22.91831
-4.54 7.5 -1.54 16.615776 -4.0107045 -18.334648
-5.12 7.39 -0.42 12.605071 -3.4377468 -17.188732
-5.12 7.39 -0.42 5.7295775 -2.291831 -20.62648
-5.4 7.5699997 -1.5 16.042818 -6.3025355 -22.91831
-5.71 7.91 -1.4499999 12.032113 -4.583662 -18.907606
-5.77 7.79 -1.28 5.7295775 0.0 -14.323945
-5.45 7.75 -1.35 4.583662 0.0 -12.032113
-5.47 7.8599997 -0.76 -0.57295775 -3.4377468 -6.8754935
-5.9 7.94 -0.55 -1.1459155 -1.1459155 -8.594366
-6.0299997 8.0199995 -1.26 4.583662 0.0 -6.8754935
-5.37 8.0199995 -1.48 5.7295775 -0.57295775 -1.1459155
-5.29 8.34 -1.35 2.8647888 -2.291831 0.0
-5.18 8.32 -0.9 -2.291831 -1.7188734 -1.7188734
-5.2799997 8.3 -0.84999996 -4.583662 0.0 -3.4377468
-5.15 8.4 -0.97999996 -2.291831 0.57295775 -4.583662
-5.37 8.34 -0.57 -2.291831 0.0 -5.15662
-5.45 8.34 -0.57 -2.291831 0.0 -5.15662
-5.31 8.179999 -1.16 4.0107045 0.0 -4.0107045
-5.22 8.15 -1.01 1.1459155 1.1459155 -2.291831
-5.42 8.099999 -0.96999997 0.57295775 1.1459155 -2.8647888
-5.65 8.3 -1.12 1.7188734 1.7188734 -2.8647888
-5.18 8.059999 -1.28 1.7188734 1.7188734 -2.8647888
-5.75 8.28 -1.56 1.1459155 2.291831 -0.57295775
-5.5499997 8.37 -1.4499999 -2.8647888 0.0 0.0
-4.8199997 8.48 -1.03 -7.448451 -1.1459155 2.291831
-4.65 8.46 -0.14 -7.448451 -0.57295775 -1.1459155
-4.83 8.42 -0.07 -7.448451 -0.57295775 -1.1459155
-5.0 8.37 -0.96999997 13.178029 -2.8647888 -8.594366
-5.44 8.429999 -1.56 15.469859 -2.291831 -10.886198
-6.44 8.389999 -1.67 7.448451 1.1459155 -6.8754935
-5.99 8.38 -1.62 5.15662 1.7188734 -1.7188734
-5.7 8.429999 -1.55 4.583662 1.1459155 1.7188734
-5.18 8.45 -1.9799999 1.7188734 0.57295775 6.3025355
-5.44 8.67 -1.1899999 -4.0107045 2.8647888 3.4377468
-5.22 8.73 -1.12 -5.7295775 2.8647888 2.8647888
-5.0299997 8.8 -1.17 -2.8647888 2.8647888 2.8647888
-5.1 8.67 -1.42 -2.8647888 2.8647888 2.8647888
-5.16 8.62 -1.76 0.0 4.583662 0.0
-4.98 8.63 -1.61 -4.0107045 2.291831 0.57295775
-5.0 8.48 -1.4699999 -7.448451 2.8647888 -0.57295775
-5.5099998 8.54 -1.1899999 -7.448451 2.291831 -2.291831
-5.17 8.45 -1.1 -6.3025355 1.1459155 -0.57295775
-5.12 8.29 -1.43 -4.583662 0.0 -0.57295775
-5.58 8.25 -1.14 -5.7295775 2.291831 -2.8647888
-5.5099998 8.25 -1.11 -4.583662 1.7188734 -1.7188734
-5.45 8.44 -1.43 -2.291831 0.0 -0.57295775
-5.56 8.37 -1.63 -0.57295775 -1.1459155 0.0
