2.1835787 9.495694 0.27055305 -1.506085 -0.522655 2.48752
1.620924 9.4095 0.45251793 -5.9160852 0.52734506 1.7525201
1.6305012 9.344854 0.89545876 -11.096086 1.157345 2.3825197
2.3248408 9.5483675 1.0032011 -12.671085 2.1723452 5.21752
1.9944309 9.754275 0.7901107 -7.0010853 -0.067655 6.47752
1.8603516 9.5794935 0.6153286 1.083915 -1.9226549 2.94252
1.9178141 9.562734 0.65124273 2.868915 -0.59265506 1.9625201
1.9656997 9.632168 0.6368771 1.5739151 1.4023451 3.39752
2.0925963 9.656111 0.64166564 1.5739151 0.52734506 3.74752
2.3631492 9.703996 0.62251145 1.783915 0.037345003 4.23752
2.020768 9.603436 0.5961744 1.538915 -0.277655 3.6075203
1.9226027 9.47654 0.67279124 1.3989149 -0.97765505 0.87752
2.1907616 9.342461 0.7326481 0.103915006 -0.277655 1.33252
2.291321 9.404712 0.6703969 -0.561085 -0.137655 4.2725196
2.2530127 9.435837 0.6464542 0.418915 -0.697655 4.9725204
2.013585 9.239507 0.6440599 1.538915 0.282345 4.23752
2.0590763 8.995291 0.72546524 2.0639153 0.562345 3.74752
2.4517374 9.047964 0.66321415 2.378915 0.737345 6.30252
2.4086404 9.019233 0.5865973 4.3389153 -0.277655 9.242519
2.248224 8.897125 0.6656084 6.963915 -1.677655 9.94252
2.52596 9.009656 0.49800915 9.168915 -1.502655 12.672521
2.2865324 8.942616 0.51716334 9.938915 -1.852655 13.932521
2.7390504 8.91628 0.8475733 6.5439153 0.45734504 17.11752
2.8252442 9.318518 0.85236186 5.948915 3.222345 20.75752
2.9114382 9.802161 0.53392327 10.778915 3.117345 21.56252
3.0000262 10.398335 0.2681588 12.668916 1.9273449 21.80752
2.8970726 10.723957 0.17478207 9.133915 1.9273449 21.70252
2.7989073 11.569136 -0.083799616 3.5339148 2.837345 20.89752
3.1580484 12.469383 0.18914771 -7.6660857 0.9473451 25.16752
3.057489 12.7662735 1.4317763 -25.621086 -0.137655 26.53252
1.8076775 13.101472 1.690358 -30.591085 8.262345 19.70752
3.4118416 14.593105 0.39505535 -11.691086 14.142345 17.852522
3.806897 15.220405 -0.9194015 4.5839148 12.8123455 19.77752
1.9656997 15.6825 -0.11253092 0.068915 15.402345 -0.87248
0.06464542 16.25952 0.17478207 -11.271085 31.292347 -25.61748
0.08619389 16.424725 -0.56744313 -4.656085 41.442345 -28.41748
2.8180614 17.23399 -0.90982443 8.853915 35.807346 -18.372482
5.31529 17.612286 0.09337672 9.063914 21.492344 -13.157481
3.9457648 17.21723 0.8978531 2.2389152 9.872345 -37.20248
2.248224 16.211636 0.28970724 5.0389147 9.732345 -71.04748
2.885101 15.18928 0.85954463 12.213915 8.717345 -77.522484
4.333637 14.739156 1.9226027 4.4439154 9.627345 -65.23749
5.1357193 14.286637 2.2985039 -4.0610847 11.972345 -57.04748
3.3304362 13.4270935 1.4126221 5.1439147 7.7723455 -63.27748
2.7845416 12.162916 0.8140534 23.798914 3.572345 -70.66248
2.5020173 10.769448 1.2665714 29.048914 6.2323446 -61.422485
3.9050622 10.235525 1.9944309 15.608915 8.822346 -40.177483
6.119766 9.929058 1.4317763 6.123915 2.767345 -12.597481
5.672037 8.473338 0.9984126 8.468916 -3.2876549 -1.64248
2.099779 8.22194 1.9968252 6.0889153 7.2823453 -16.51748
1.324034 7.632948 2.4182177 -0.87608504 17.362347 -29.607481
3.3926873 6.941003 1.5083932 2.168915 4.972345 -18.372482
4.8148866 6.7925577 0.48124924 11.723915 -2.062655 6.58252
2.7677817 6.325674 1.0534809 15.713914 0.107345 13.44252
1.0032011 6.095824 2.221887 5.983915 13.652345 -5.77248
1.3958622 5.1237483 1.6951466 22.328917 -17.952656 -13.68248
2.796513 5.2650104 1.0558752 43.853916 -26.352655 5.6375203
4.1013927 5.7606254 -0.09577099 52.953915 -24.392654 10.01252
3.4812756 5.4924664 -0.7134939 48.893917 -33.037655 -15.81748
1.6305012 5.4062724 0.21309046 34.753914 -54.527657 -55.15748
0.45251793 4.6544704 0.4644893 25.688915 -71.01266 -74.12748
-0.9217958 4.166038 -1.1348863 26.913916 -67.44266 -69.75248
-1.5107874 4.225895 -1.1803775 13.963916 -45.602657 -54.59748
-1.1947432 4.106181 -0.08619389 -15.821085 -24.987654 -37.41248
-2.1476645 4.4054656 1.1396748 -39.026085 -9.097655 -28.732481
-2.8515813 4.8484063 1.541913 -35.59609 -4.5126553 -24.077478
-2.4110348 5.784568 0.9217958 -6.056085 -18.757654 -10.91748
-1.1731946 6.689604 -1.1779832 31.883917 -41.017654 0.59752005
-1.0032011 7.067899 -1.8603516 48.718918 -52.042652 0.07252
-1.7071179 7.0511394 -1.3096683 35.103916 -55.227657 -9.44748
-2.047105 7.537177 -0.9194015 15.328915 -50.57266 -12.24748
-1.6137413 8.214757 -1.2522057 8.958915 -42.522655 -4.12748
-1.2067145 8.332076 -1.3024855 5.948915 -30.097656 -1.74748
-1.158829 8.46855 -0.4644893 -4.5510855 -22.747654 -5.00248
-1.3575538 8.576292 -0.12689656 -12.636085 -20.507656 -6.78748
-1.4964218 8.576292 -0.31604427 -10.8860855 -12.912655 -7.24248
-1.5658557 8.727132 -0.75180227 -7.246085 -2.2026548 -5.00248
-1.2522057 8.952193 -0.31125572 -10.046085 9.312345 0.00252
-1.1109436 9.316123 -0.16520496 -14.456085 14.982345 3.81752
-1.4748733 9.098245 -0.5506832 -9.241085 7.912345 -3.2874799
-1.838803 8.980925 -0.80208206 0.24391499 -4.967655 -14.80248
-2.2027328 8.861211 -0.49082634 2.588915 -12.387655 -16.27248
-1.9034485 9.184438 -0.14365649 -1.611085 -9.657656 -6.19248
-0.9074302 9.648928 -0.10774237 -2.6610851 -3.077655 3.92252
-0.5602603 9.926663 -0.8739103 2.588915 -1.782655 10.46752
-0.98404694 9.8787775 -0.8786988 8.013915 -2.517655 6.9675198
-1.0343267 9.58907 -0.3232271 5.703915 -3.637655 -1.04748
-1.2737542 9.471751 -0.34477556 1.153915 -6.752655 -5.1424804
-1.4437478 10.008069 -0.69673395 3.358915 -9.482656 -6.15748
-1.0391153 9.869201 -0.7829279 7.698915 -7.4876556 -3.49748
-1.2450229 9.703996 -0.8739103 7.2089157 -8.292655 0.84252
-1.2617828 9.792584 -0.5770202 0.34891498 -0.24265501 -2.44748
-1.0965779 9.838076 -0.44772938 -0.071085 0.037345003 -0.66248
-1.1013664 9.921875 -0.90503585 6.298915 -3.077655 -1.01248
-0.9888355 9.842864 -1.0726352 10.218915 -8.747656 -0.10248
-0.94573855 9.833286 -0.7110996 5.983915 -12.387655 0.52752
-0.9337672 9.680053 -0.749408 2.5189152 -9.937655 -0.83747995
-0.72546524 9.900327 -0.8284191 1.5039151 -6.1576552 -0.34748
-0.70631105 9.893144 -0.845179 -1.261085 -4.127655 0.66752
-0.6847626 9.905115 -0.56744313 -5.1460853 -2.832655 -1.6774801
-0.84039044 9.715967 -0.53392327 -7.3160853 -2.517655 -4.37248
-1.1875603 9.646533 -0.723071 -7.946085 -1.047655 -6.0524797
-1.158829 9.675264 -0.34956414 -10.571086 0.772345 -4.89748
-1.0774237 9.77343 -0.09577099 -12.006085 2.1723452 -1.85248
-1.0582695 9.703996 -0.3040729 -6.7910852 1.227345 -0.69748
-0.92658436 9.775824 -0.505192 0.663915 -4.0926547 0.31752
-0.88109314 9.775824 -0.6464542 4.3739147 -9.2726555 0.91252
-1.0439038 9.75667 -0.74222517 4.023915 -8.187655 -0.48747998
-0.9960183 9.852441 -0.4932206 1.0139151 -4.722655 -1.08248
-1.0247496 9.684841 -0.24421602 -1.611085 -5.107655 -0.9774801
-1.3048798 9.670476 -0.20111908 -0.421085 -7.6976547 -3.00748
-1.1468576 9.718362 -0.44054657 4.058915 -11.197655 -3.8474798
-0.9481328 9.742304 -0.55307746 6.683915 -12.807654 -1.04748
-1.0199611 9.799767 -0.29928434 2.658915 -6.017655 0.80752
-0.9241901 9.77343 -0.052674048 -3.0810852 1.577345 1.33252
-0.9026416 9.720756 -0.34716985 -2.976085 2.102345 1.7525201
-1.0247496 9.742304 -0.4668836 1.993915 -1.257655 -0.55748
-1.0415095 9.574705 -0.47167215 4.163915 -1.852655 -3.3924801
-0.9194015 9.555551 -0.42618093 1.8889148 0.737345 -2.41248
-1.1133378 9.452597 -0.59378016 -0.316085 3.5373452 -0.27748
-1.2593886 9.469357 -0.3902668 -1.5760851 6.127345 0.10752001
-1.3814965 9.648928 -0.07422252 -2.6610851 5.7423453 1.0175201
-1.2498114 9.701602 -0.26337022 -0.631085 3.7823448 1.8575201
-0.9122187 9.785401 -0.55307746 5.563915 1.7173451 2.24252
-0.8786988 9.869201 -0.85236186 11.898915 -3.007655 2.31252
-1.0917894 9.921875 -1.0941836 14.523915 -7.4176555 -0.10248
-0.9577099 9.809344 -0.9194015 11.303915 -5.2476554 -1.9924802
-1.0032011 9.737515 -0.38308397 2.028915 1.5073451 0.70251995
-0.9768641 9.924269 -0.2657645 -5.601085 5.112345 2.5575202
