1.5999999 10.19 -0.78999996 9.740283 3.4377468 -5.7295775
1.3199999 10.16 -1.0699999 10.31324 1.7188734 -7.448451
0.9 10.2 -1.05 4.583662 1.1459155 -8.021409
1.54 10.23 -1.0 0.0 -1.1459155 -2.8647888
1.66 10.29 -0.88 -2.291831 -2.291831 -0.57295775
1.62 10.639999 -0.44 -6.8754935 -2.8647888 -0.57295775
1.49 10.42 -0.14 -9.740283 0.0 -4.583662
1.4399999 10.46 -0.24 -9.167324 0.0 -5.15662
1.31 10.61 -0.66999996 -3.4377468 -1.7188734 -7.448451
1.3 10.73 -0.32999998 -4.0107045 0.0 -6.8754935
1.54 10.679999 -0.42999998 -4.583662 1.7188734 -6.8754935
1.4599999 10.79 -0.45 -4.0107045 0.0 -8.021409
1.42 10.86 -0.28 -4.583662 0.0 -10.886198
1.29 10.82 -0.21 -5.15662 -1.7188734 -12.032113
1.37 10.83 -0.22999999 -2.8647888 -0.57295775 -13.178029
1.4599999 10.8 -0.51 0.0 -3.4377468 -14.896902
1.14 10.96 -0.57 -3.4377468 -5.15662 -17.188732
0.85999995 11.08 0.03 -8.594366 -5.15662 -20.053522
0.93 11.19 0.14 -8.021409 -4.0107045 -18.907606
1.25 11.05 -0.21 -1.1459155 -5.15662 -17.761692
1.0699999 11.0199995 -0.08 -0.57295775 -4.0107045 -20.053522
0.79999995 10.92 -0.24 0.0 -2.8647888 -22.345354
0.95 10.86 -0.39999998 1.7188734 -2.8647888 -21.199438
0.66999996 10.99 -0.63 0.0 -3.4377468 -22.345354
0.74 11.16 -0.78 -3.4377468 -0.57295775 -21.199438
1.14 11.44 -0.78 -9.740283 -4.583662 -21.199438
1.51 11.78 -0.45 -16.615776 -3.4377468 -24.637184
0.88 11.95 -0.07 -21.772396 -1.7188734 -34.950428
0.53999996 11.48 0.32 -25.7831 -5.15662 -42.398876
0.35999998 11.08 0.66999996 -19.480566 -6.3025355 -42.971836
0.29999998 10.78 0.45999998 -9.167324 -4.583662 -40.107044
0.14 10.38 0.53 -1.1459155 0.0 -39.53409
-0.06 10.26 0.71 5.15662 3.4377468 -38.961132
-0.17999999 10.15 0.31 17.188732 6.8754935 -37.815212
0.29 9.88 -0.74 25.210142 4.0107045 -34.377464
0.28 9.83 -1.43 20.053522 0.0 -38.38817
-0.35999998 9.99 -1.3 14.323945 1.1459155 -42.398876
-0.79999995 9.95 -0.62 1.7188734 4.0107045 -47.555496
-0.57 9.57 -0.39999998 -5.15662 0.0 -45.263664
-0.82 9.719999 -0.08 -7.448451 -4.0107045 -44.69071
-0.9 9.809999 -0.06 -6.3025355 -3.4377468 -46.40958
-0.84999996 9.54 -0.35 -6.8754935 -2.291831 -47.555496
-0.91999996 9.51 -0.25 -6.8754935 -2.291831 -47.555496
-1.8499999 9.429999 -0.19 -5.15662 -1.7188734 -50.420284
-2.02 9.4 -0.04 -4.0107045 -1.1459155 -48.128452
-1.79 9.34 -0.52 -1.7188734 0.0 -42.971836
-1.8399999 9.34 -0.7 -2.291831 0.0 -40.107044
-2.07 9.44 -0.32999998 -5.15662 1.1459155 -39.53409
-2.1699998 9.25 0.07 -8.594366 0.57295775 -39.53409
-2.1599998 9.25 0.04 -5.7295775 0.0 -40.107044
-2.1499999 9.179999 -0.45999998 0.0 -1.7188734 -40.680004
-3.11 9.44 -0.45 0.0 -2.8647888 -44.69071
-3.1699998 9.53 -0.24 -1.7188734 -2.291831 -44.11775
-3.04 9.5199995 -0.08 -6.3025355 -0.57295775 -40.680004
-2.52 9.3 -0.17999999 -6.3025355 0.0 -36.09634
-3.1 9.51 -0.14 -3.4377468 0.0 -38.961132
-3.35 9.55 -0.02 -4.0107045 -1.1459155 -42.398876
-3.53 9.639999 0.03 -2.291831 -1.7188734 -41.825916
-3.34 9.3 0.0 -1.7188734 -2.291831 -37.815212
-3.59 9.03 0.22999999 -2.291831 -0.57295775 -41.25296
-3.59 9.03 0.22999999 -2.291831 -0.57295775 -41.25296
-4.0099998 8.96 -0.35 2.291831 0.0 -42.971836
-4.0499997 8.62 -0.75 -1.1459155 1.1459155 -38.961132
-4.18 8.8 0.0 -6.3025355 0.57295775 -37.815212
-3.6999998 9.04 0.08 -8.021409 0.0 -36.09634
-3.52 8.91 -0.25 -4.0107045 -2.8647888 -36.669296
-4.0099998 8.66 -0.29 -5.7295775 -3.4377468 -44.69071
-4.77 8.65 0.19999999 -8.594366 -4.583662 -48.701412
-5.04 8.69 0.28 -6.3025355 -1.7188734 -45.263664
-4.7999997 8.63 0.11 -4.0107045 0.0 -42.971836
-4.7599998 8.599999 -0.26 0.0 0.0 -40.107044
-4.87 8.71 -0.19999999 1.1459155 -1.1459155 -40.680004
-4.9 8.49 0.19999999 -0.57295775 0.57295775 -41.825916
-5.08 8.2 0.06 2.8647888 0.0 -44.11775
-5.47 7.85 -0.69 11.459155 -5.15662 -44.11775
-5.56 8.07 -0.71 10.31324 -5.7295775 -42.971836
-5.62 8.59 -0.74 4.0107045 -5.7295775 -40.680004
-5.5499997 8.42 -0.59999996 -5.15662 0.0 -41.25296
-5.54 7.96 -0.37 -12.605071 2.8647888 -43.544792
-6.08 7.93 -0.44 -10.886198 0.0 -47.555496
-6.6 8.03 -0.35999998 -10.886198 0.57295775 -47.555496
-5.97 6.7799997 0.19 -10.31324 0.0 -40.680004
-6.21 6.91 0.32 -6.8754935 1.1459155 -41.25296
-7.0099998 7.1099997 0.56 0.57295775 2.8647888 -42.398876
-6.1099997 6.77 -0.02 8.021409 6.3025355 -29.220846
-5.79 6.49 -0.07 7.448451 4.0107045 -28.07493
-6.3799996 6.31 -0.14999999 8.021409 0.57295775 -29.793804
-6.96 6.3199997 -0.14999999 8.021409 -1.7188734 -34.950428
-7.2799997 6.1 -0.51 6.3025355 -0.57295775 -40.680004
-7.0099998 5.85 -0.7 1.7188734 -1.7188734 -34.377464
-7.0499997 5.7 -0.48 -1.1459155 -3.4377468 -32.085636
-7.39 5.66 0.29999998 -10.886198 -3.4377468 -28.64789
-7.46 5.41 0.25 -8.594366 0.0 -25.7831
-7.31 5.2 -0.11 -5.15662 0.0 -22.345354
-7.77 6.0 0.07 -2.291831 -0.57295775 -19.480566
-7.25 5.8599997 0.0 0.0 1.1459155 -14.896902
-7.0099998 5.48 -0.12 2.8647888 1.7188734 -12.605071
-8.17 5.3399997 -0.42999998 4.583662 0.57295775 -17.761692
-8.24 5.58 -0.31 2.291831 0.57295775 -13.750987
-7.56 5.42 -0.48999998 0.0 0.57295775 -3.4377468
-7.5899997 5.74 -0.17999999 -1.1459155 1.7188734 0.0
-7.48 5.87 -0.08 -1.7188734 1.1459155 0.0
-7.44 5.99 -0.11 0.0 0.57295775 0.0
-7.6299996 6.19 -0.64 0.0 1.7188734 -1.7188734
-7.5699997 6.24 -0.63 -1.7188734 0.0 -1.7188734
-7.47 6.27 -0.29999998 -5.15662 -1.7188734 0.0
-7.66 6.19 -0.14999999 -8.021409 -1.7188734 0.0
-8.0199995 6.6299996 0.32999998 -6.8754935 0.57295775 0.0
-7.5299997 7.0299997 -0.16 -1.7188734 0.57295775 5.15662
-6.98 6.85 -0.65999997 -0.57295775 1.1459155 6.3025355
-7.3599997 6.79 -0.17999999 -5.7295775 2.8647888 0.57295775
-7.49 6.58 0.53 -7.448451 2.291831 -1.7188734
-7.5099998 6.56 -0.02 0.0 -0.57295775 -1.7188734
-7.72 6.77 -0.48999998 2.8647888 2.291831 -1.1459155
-7.3799996 6.6499996 -0.51 0.0 2.8647888 0.57295775
-7.3799996 6.7 -0.32 -3.4377468 2.8647888 0.57295775
-7.41 6.73 -0.26 -4.0107045 2.291831 0.0
-7.6099997 6.66 -0.25 -4.0107045 1.7188734 -1.7188734
-7.75 6.68 -0.29 -4.583662 2.291831 -1.7188734
-7.44 6.6499996 -0.42 -3.4377468 4.0107045 0.0
-7.2799997 6.79 -0.45999998 -4.0107045 2.291831 1.1459155
-7.5899997 6.83 -0.38 -3.4377468 1.1459155 0.0
-7.95 7.0699997 -0.04 -5.15662 1.7188734 -2.291831
-7.2999997 6.95 -0.31 -2.291831 3.4377468 0.0
-7.0899997 6.71 -0.48999998 -0.57295775 2.291831 1.7188734
-7.68 6.81 0.0 -2.8647888 4.583662 -1.1459155
-7.41 7.04 -0.19 -1.7188734 2.8647888 -1.1459155
-7.17 6.77 -0.87 1.7188734 0.0 0.0
-7.64 6.8399997 -0.59 -2.291831 1.1459155 -2.8647888
-7.69 6.72 -0.14999999 -9.167324 1.1459155 -3.4377468
-7.2999997 6.46 -0.31 -9.167324 -0.57295775 0.0
-7.66 6.8599997 0.13 -9.740283 -2.291831 -1.7188734
-7.6299996 6.6 0.38 -8.021409 1.1459155 -1.1459155
-7.43 6.5499997 0.32 -2.8647888 0.0 -0.57295775
-7.23 6.6 -0.04 4.0107045 0.0 -0.57295775
-7.45 6.5 -0.66999996 8.021409 -0.57295775 -2.291831
