1.9800652 9.718362 1.5275474 -10.335814 0.61131006 -1.31649
2.2434354 9.591465 1.5012103 -11.665815 -5.6186905 2.07851
1.6927522 9.562734 1.9154198 -10.195815 -14.998689 6.52351
1.462902 9.385557 2.0902019 -12.960815 -14.89369 2.8485098
1.8914771 9.435837 2.152453 -16.180815 -2.0836902 -0.75649
1.8890828 9.526819 1.7669748 -13.450815 4.7063103 0.57351
1.6783867 9.512454 1.6185298 -4.140815 3.51631 2.25351
1.6281068 9.435837 1.7406378 4.959185 0.19131 0.53850996
1.6855695 9.433443 1.8627458 5.344185 -1.62869 -1.3864901
1.776552 9.457385 1.838803 0.339185 0.26131 -0.23149
1.7071179 9.452597 1.7909175 -1.900815 1.76631 1.13351
1.6855695 9.431048 1.7190893 0.12918499 0.82131004 1.27351
1.5993756 9.421472 1.7310607 2.124185 -0.26369 0.29351002
1.5874043 9.423865 1.7502149 2.3341851 -1.03369 0.01351
1.759792 9.526819 1.7789462 1.669185 -1.5586901 0.53850996
1.7621863 9.656111 1.9106313 1.004185 -2.4336898 1.34351
1.5586729 9.684841 1.977671 -0.220815 -2.4336898 2.67351
1.489239 10.091868 2.2075214 -0.990815 -2.0836902 3.1635098
1.8962656 10.937047 2.0902019 0.409185 -2.7836902 3.30351
2.2099156 11.760678 1.89866 9.474185 -6.5286903 18.87851
2.360755 12.694445 1.8459859 13.324185 -5.5136905 28.88851
1.8196489 13.489345 1.8100717 12.694185 -1.3136901 30.813507
1.7741576 14.162135 1.3719195 10.874185 6.80631 28.64351
2.2937152 14.540431 0.95531565 14.794185 12.16131 31.863512
2.7941186 14.636202 1.0989721 17.664186 3.69131 37.428513
2.7941186 15.210828 1.1779832 15.704186 -12.44369 39.318512
4.1157584 15.110269 0.76137936 14.234185 -24.44869 36.97351
3.45015 14.777464 1.175589 12.974185 -22.34869 27.52351
3.205934 14.066364 1.5490957 8.459185 -2.64369 7.71351
3.5578923 13.508498 1.9034485 5.1341853 7.9963098 -7.9664903
3.8835137 12.790216 1.4389591 12.344185 -3.27369 -14.68649
3.2921278 12.074327 0.9217958 40.834183 -15.06869 -28.19649
2.8587642 11.538011 1.1085492 44.68419 -10.23869 -32.571487
3.9505534 11.104647 0.37829542 44.719185 -18.81369 -24.73149
3.9313993 10.937047 0.08619389 43.004185 -30.818691 -17.90649
2.6624336 10.810151 0.76137936 30.894186 -25.148691 -27.60149
3.799714 10.218765 0.74222517 15.739184 -18.638689 -29.981487
3.921822 9.77343 0.6105401 8.074185 -15.698691 -25.04649
3.1460772 9.498088 1.1444633 3.909185 -9.328691 -30.436491
2.047105 9.150918 1.9058428 2.8241851 -10.90369 -36.211487
1.7813405 8.79896 1.9273912 14.024185 -20.458689 -34.18149
3.4046588 8.482916 0.4932206 34.674187 -30.538687 -20.98649
3.1149516 8.365596 -0.19154198 49.059185 -31.553688 -11.64149
2.3032923 8.008849 -0.16520496 43.984188 -21.64869 -19.51649
1.7406378 7.7837873 0.14844504 29.144184 -14.08869 -26.34149
3.205934 8.028004 -0.48124924 17.209185 -10.02869 -19.58649
3.4142358 8.099832 -1.1731946 10.524185 -6.14369 -7.5814896
2.1644244 8.056735 -0.54350036 -1.025815 0.47131 -16.086489
1.5059988 7.6736507 0.70870537 -23.180815 5.09131 -38.73149
1.2905141 7.4366174 0.92658436 -37.42581 1.3463101 -49.54649
1.1660118 7.6688623 0.679974 -32.28081 -1.38369 -45.66149
1.4102279 7.755056 0.105348095 -18.630816 1.17131 -33.30649
1.228263 7.699988 0.15562786 -9.250815 2.67631 -25.676489
0.5554718 7.666468 0.80208206 -9.285815 1.48631 -28.19649
0.28013015 7.7071705 0.81165916 -11.4208145 -2.85369 -33.93649
0.16520496 7.843644 0.19633053 -2.8108149 -8.733689 -30.61149
0.2753416 7.8723755 -0.25139886 31.629185 -22.24369 -19.72649
0.64166564 8.169266 -0.43575802 32.294186 -28.753689 -19.44649
0.4764607 8.004061 -0.409421 28.409187 -34.35369 -24.66149
0.12210801 7.8723755 -0.21548474 24.209185 -36.55869 -30.821487
-0.1699935 7.755056 -0.65363705 20.499186 -32.988693 -33.201492
-0.84039044 7.4102807 -0.83081335 8.004185 -22.17369 -35.546494
-1.3527653 7.204373 -0.71588814 -5.470815 -7.71869 -29.526491
-1.3383996 7.285778 -0.43575802 -11.000815 0.36631 -21.96649
-1.376708 6.969734 -0.06943397 -11.350816 -3.41369 -22.21149
-1.7837347 6.7398834 0.28731298 -8.340816 -13.80869 -24.90649
-2.0494993 7.168459 0.32083282 -2.845815 -18.95369 -20.776491
-1.56825 7.6185822 -0.49800915 8.004185 -15.278691 -6.28649
-1.0510867 8.059129 -1.6185298 20.779186 -9.29369 6.10351
-1.0917894 8.571504 -1.2809371 18.119186 -4.21869 5.4035106
-0.9960183 8.492493 -0.56744313 0.26918498 -3.93869 -2.08649
-1.4605076 8.2578535 -0.36392978 -10.720816 -3.02869 -8.94649
-1.5658557 8.447001 -0.22745611 -9.670815 -0.61369 -11.7464905
-1.2665714 8.729526 -0.31365 -4.280815 -3.34369 -6.7414904
-1.2091088 9.124581 -0.5411061 3.6991851 -5.82869 -1.73649
-1.1133378 8.9186735 -0.91700727 9.754186 -5.5836897 -2.1914902
-1.2881198 8.897125 -0.75180227 10.069185 -3.5886898 -5.2364902
-1.3838909 9.035994 -0.6488485 4.539185 -1.38369 -5.30649
-1.1971374 9.191621 -0.8643332 1.669185 0.96130997 -2.12149
-1.0798179 9.404712 -0.87630457 3.2441852 2.74631 0.92350996
-1.0558752 9.490906 -0.95531565 5.344185 1.3463101 0.71351004
-0.9864412 9.462174 -1.2761484 7.2341847 -0.50869 -1.9814901
-1.1061549 9.526819 -1.3000913 7.8291845 0.26131 -2.08649
-1.1684061 9.505271 -0.98404694 3.2441852 3.13131 -0.68649006
-1.0822122 9.522031 -0.71828246 -3.7908146 5.33631 -0.40649
-0.94573855 9.747093 -0.85954463 -5.4008155 4.21631 0.85350996
-0.82123625 9.80695 -0.9984126 -0.325815 0.92631006 2.18351
-0.9337672 9.727939 -1.0032011 3.2791848 -1.10369 0.88851
-1.0678465 9.682447 -0.88109314 1.1791852 1.24131 -1.0364901
-0.9792584 9.680053 -0.68236834 -3.125815 3.69131 -1.3864901
-0.8930645 9.725544 -0.7446195 -4.070815 2.57131 -0.09149
-0.8667275 9.828498 -0.80687064 -1.620815 -0.47369 0.67851
-0.8092649 9.866806 -0.7350424 0.54918504 -2.74869 0.99351
-0.80208206 9.787795 -0.6057515 -1.3408151 -2.5386899 -0.19649
-0.7589851 9.828498 -0.50998056 -0.67581505 -3.34369 -1.0714899
-0.70870537 9.708784 -0.5698374 1.459185 -4.07869 -1.24649
-0.9505271 9.63935 -0.6488485 3.174185 -4.00869 -1.84149
-1.0175668 9.62259 -0.59378016 2.719185 -2.60869 -1.5614899
-0.9074302 9.684841 -0.51716334 1.2491851 -2.4686902 0.32851002
-0.97446984 9.754275 -0.6105401 2.579185 -3.13369 0.60851
-0.9529214 9.737515 -0.75180227 4.9241853 -2.60869 0.22351
-0.8547561 9.7135725 -0.8236305 4.574185 -1.45369 1.27351
-0.8284191 9.794978 -0.8834874 2.544185 0.29630998 1.9735099
-0.80687064 9.948212 -0.7948992 0.584185 0.85631 1.27351
-0.66321415 9.826104 -0.8739103 -0.535815 0.50631005 1.13351
-0.85954463 9.811738 -0.7709565 -1.305815 0.68131 -0.68649006
-0.9026416 9.802161 -0.6703969 -2.7058148 0.29630998 -2.4014897
-0.8571504 9.794978 -0.6249057 -2.530815 -0.40369 -1.77149
-0.72546524 9.838076 -0.600963 -1.025815 -1.34869 -1.49149
-0.7709565 9.871595 -0.67279124 -0.290815 -0.33369002 -0.72149
-0.7709565 9.811738 -0.5865973 -1.130815 1.48631 -0.30149
-0.96489275 9.701602 -0.4932206 -2.425815 0.75131 -2.2964902
-1.0223553 9.632168 -0.54350036 -2.4608152 1.24131 -3.1364899
-1.0558752 9.553157 -0.55786604 -0.710815 2.04631 -1.3514899
-1.0822122 9.665688 -0.65363705 1.914185 1.1013099 0.57351
-0.91700727 9.58907 -0.679974 4.434185 0.40131 1.76351
-0.94573855 9.438231 -0.5458947 4.854185 -0.22869 2.07851
-1.228263 9.464568 -0.6560313 4.679185 -0.12369 1.16851
-1.1253091 9.629773 -0.65124273 5.589185 0.64631 0.50351
-0.8475733 9.593859 -0.7948992 6.184185 0.15631 2.07851
-0.90503585 9.759064 -1.0343267 7.5841846 -0.92869 3.8985102
-0.7637737 9.967366 -1.0199611 8.4941845 -0.75369 4.24851
-0.67757976 9.972155 -1.036721 5.414185 0.19131 5.50851
-0.7398309 10.008069 -1.0319325 1.2491851 2.43131 4.4935102
-0.5913859 9.981731 -0.9912298 -1.2008151 4.8113103 2.4285097
