1.99 9.73 0.77 -12.032113 9.740283 8.021409
2.8 9.41 -0.19 -13.750987 -14.896902 10.31324
3.1499999 9.3 -0.7 -5.15662 -28.64789 14.896902
2.84 9.7 -0.47 -4.583662 -6.3025355 7.448451
2.8899999 9.929999 -0.58 -6.3025355 -10.31324 5.7295775
3.21 10.0 -0.21 -10.31324 -8.594366 9.740283
3.27 10.36 -0.089999996 -7.448451 -2.8647888 8.021409
3.04 10.7699995 -0.25 0.0 -4.583662 3.4377468
3.01 11.2699995 -0.28 0.0 -4.583662 4.0107045
3.06 11.759999 -0.22 -1.7188734 -2.291831 5.15662
3.26 11.94 -0.39999998 -4.0107045 0.57295775 4.0107045
3.62 12.2699995 -0.61 -2.8647888 3.4377468 2.291831
2.86 13.03 0.45 -20.053522 5.7295775 -3.4377468
2.83 13.219999 0.89 -14.323945 16.615776 2.8647888
3.32 13.41 0.29 1.7188734 14.323945 2.291831
3.26 13.96 -0.13 10.31324 6.8754935 -12.605071
3.9199998 14.92 -0.45 2.8647888 6.8754935 -13.178029
4.14 15.12 -1.14 -1.7188734 10.886198 -19.480566
4.06 15.719999 -0.66999996 -12.032113 9.740283 -26.356058
5.33 14.95 0.02 -18.907606 5.7295775 -26.356058
5.06 14.58 -0.42999998 -15.469859 2.291831 -38.961132
3.9499998 13.82 -0.52 -13.178029 -5.7295775 -62.4524
3.75 13.58 -0.01 -18.334648 -2.8647888 -62.4524
4.18 13.03 1.42 -32.085636 6.3025355 -50.993244
6.23 12.28 1.4699999 -25.7831 -0.57295775 -42.398876
5.15 11.42 0.96999997 -12.605071 0.0 -52.712116
3.3899999 10.65 0.53999996 -4.583662 8.594366 -66.463104
2.1399999 10.429999 2.37 -12.032113 11.459155 -63.02536
2.46 10.49 2.8 -7.448451 9.167324 -48.128452
3.36 9.78 -0.25 30.366762 -6.8754935 -24.637184
3.36 9.78 -0.25 30.366762 -6.8754935 -24.637184
5.08 8.49 -0.75 17.761692 8.594366 6.8754935
5.46 8.51 0.32999998 1.1459155 29.220846 12.605071
4.71 8.09 -0.42999998 0.57295775 29.793804 -1.1459155
2.3999999 7.83 0.12 5.15662 21.199438 -13.750987
2.6699998 7.0099998 0.08 6.8754935 -2.291831 -5.15662
2.85 6.8999996 0.59999996 5.7295775 4.583662 12.032113
3.6 7.04 1.01 6.8754935 19.480566 18.907606
5.2 6.81 0.93 13.178029 34.950428 22.345354
4.0099998 6.97 1.0699999 32.658592 5.7295775 -16.615776
3.35 7.12 1.1999999 45.83662 -14.896902 -40.107044
1.88 5.8799996 -0.94 49.84733 -14.896902 -43.544792
0.63 5.5699997 -0.39999998 38.961132 18.907606 -40.680004
-0.12 5.62 0.65 15.469859 57.868736 -29.220846
-0.53 5.79 0.64 9.167324 70.47381 -24.064226
-0.06 5.77 -0.64 26.929016 45.263664 -21.772396
0.02 5.96 -2.23 46.40958 4.583662 -29.220846
-1.37 6.56 -2.9099998 50.420284 -21.772396 -52.139156
-2.19 6.87 -2.79 32.085636 -23.49127 -63.598316
-2.6399999 6.72 -1.9 4.583662 -17.188732 -56.72282
-2.8799999 7.0 -1.17 -14.896902 -9.167324 -50.993244
-2.6499999 7.3599997 -0.13 -23.49127 -4.0107045 -38.961132
-2.35 7.49 -0.049999997 -21.772396 -4.583662 -30.366762
-2.6699998 7.44 -1.65 -4.0107045 -4.583662 -23.49127
-3.02 7.66 -3.1399999 5.15662 -9.167324 -15.469859
-2.84 8.37 -2.69 -10.886198 -17.761692 -5.15662
-1.0 8.63 -0.68 -35.523384 -30.939718 2.8647888
-0.19999999 8.7699995 -0.88 -39.53409 -37.242256 4.0107045
-1.55 9.19 -0.53 -37.815212 -22.91831 -4.583662
-1.77 9.53 0.42 -47.555496 -4.0107045 -13.178029
-0.95 9.349999 2.07 -56.14986 -17.188732 -2.291831
-0.44 9.26 2.5 -50.993244 -24.637184 0.57295775
-0.32 9.49 2.26 -27.501974 -27.501974 -3.4377468
-0.78999996 9.62 0.45999998 6.8754935 -12.032113 -11.459155
-1.0799999 9.53 0.16 7.448451 -9.167324 -14.896902
-1.42 9.61 0.53999996 0.57295775 -6.3025355 -10.886198
-1.12 9.79 0.61 1.7188734 -3.4377468 -3.4377468
-0.71 9.76 0.47 3.4377468 -1.7188734 0.0
-0.45 9.71 0.01 5.15662 1.1459155 0.0
-1.27 9.76 0.07 -1.1459155 8.594366 -6.8754935
-1.0699999 9.62 0.45 -6.3025355 1.7188734 -2.291831
-0.95 9.889999 0.71 -1.7188734 2.291831 1.1459155
-0.82 9.74 0.51 3.4377468 5.15662 1.7188734
-0.66999996 9.71 0.24 3.4377468 5.15662 1.7188734
-0.45999998 9.96 -0.17999999 9.167324 4.0107045 3.4377468
-0.71999997 10.12 -0.42999998 7.448451 3.4377468 0.0
-0.71999997 10.09 -0.62 3.4377468 4.0107045 -0.57295775
-0.72999996 10.01 -0.51 0.57295775 5.7295775 0.0
-0.72999996 9.99 0.0 -6.3025355 10.31324 0.57295775
-0.48 9.929999 0.74 -7.448451 5.15662 1.7188734
-0.34 10.05 0.52 0.0 -0.57295775 0.0
-0.47 10.11 -0.049999997 6.8754935 -2.291831 0.0
-0.31 10.21 -0.099999994 4.583662 2.291831 1.1459155
-0.21 10.099999 -0.089999996 0.0 6.3025355 2.8647888
-0.57 10.13 -0.06 -1.1459155 6.8754935 0.0
-0.7 10.04 -0.04 0.0 2.8647888 -2.291831
-0.63 10.01 -0.02 0.57295775 -2.8647888 -2.291831
-0.5 9.95 0.02 0.0 -0.57295775 0.0
-0.56 9.83 -0.04 0.0 0.0 0.0
-0.59999996 9.9 0.22999999 -2.8647888 4.583662 0.0
-0.42 10.08 0.59 -2.8647888 5.15662 0.57295775
-0.19999999 10.0 -0.53999996 9.740283 0.0 3.4377468
-0.39999998 10.03 -0.74 10.31324 -1.1459155 2.291831
-0.37 10.12 -0.14999999 -2.291831 0.0 -0.57295775
-0.31 10.03 0.13 -4.583662 1.7188734 0.0
-0.58 9.99 0.34 -1.7188734 4.583662 -1.7188734
-0.69 9.98 -0.099999994 5.15662 2.291831 -1.1459155
-0.88 10.12 -0.7 6.8754935 0.57295775 0.0
-0.32999998 10.24 -0.22 1.1459155 1.1459155 5.7295775
-0.089999996 10.3 -0.14 -2.291831 0.0 6.8754935
0.01 10.179999 -0.17 -5.15662 0.57295775 5.7295775
-0.12 10.07 0.03 -9.740283 8.594366 0.0
-0.12 9.95 0.14999999 -12.032113 5.7295775 -2.8647888
-0.56 9.7 0.62 -8.021409 3.4377468 -4.0107045
-0.87 9.87 0.17999999 -3.4377468 1.7188734 -5.15662
-0.78 9.84 -0.08 1.7188734 0.0 -4.0107045
-0.48 9.98 0.26999998 0.57295775 0.0 0.57295775
-0.48 9.98 0.26999998 1.1459155 0.0 1.1459155
-0.55 10.0 -0.42999998 3.4377468 -2.8647888 -2.291831
-0.55 10.0 -0.42999998 3.4377468 -2.8647888 -2.291831
-0.57 10.03 0.0 -1.7188734 -2.8647888 -2.8647888
-0.44 9.98 0.14999999 -5.15662 -4.583662 -2.291831
-0.57 9.91 0.19 -5.7295775 -2.8647888 -2.8647888
-0.71 9.889999 0.37 -4.0107045 2.291831 -1.7188734
