4.23 9.59 0.59 -4.583662 -13.178029 6.8754935
4.0099998 9.559999 1.04 -7.448451 -14.323945 5.7295775
4.17 9.94 1.23 -8.021409 -13.750987 5.15662
4.35 9.94 1.27 -5.15662 -12.605071 5.15662
4.54 10.12 0.91999996 -2.8647888 -9.740283 2.8647888
4.48 10.36 0.77 0.0 -5.15662 0.0
4.37 10.19 1.1899999 -2.8647888 -1.7188734 -2.291831
4.37 10.17 1.3299999 -4.583662 -1.1459155 -5.15662
4.52 10.309999 1.26 -1.7188734 0.0 -5.7295775
4.5499997 10.139999 1.3399999 -1.7188734 0.0 -5.7295775
4.33 9.87 1.61 0.57295775 0.57295775 -11.459155
4.16 9.88 1.4499999 6.8754935 0.57295775 -13.750987
4.2599998 9.99 1.13 13.750987 0.57295775 -14.323945
4.46 10.26 0.82 10.886198 0.57295775 -17.761692
4.04 10.19 1.11 9.167324 1.1459155 -20.053522
4.0 10.53 1.4499999 7.448451 3.4377468 -22.91831
4.36 10.5199995 1.1999999 13.178029 2.291831 -20.62648
4.6 10.37 0.57 16.615776 1.1459155 -21.199438
3.9299998 10.33 0.68 13.750987 -0.57295775 -31.51268
3.6399999 10.24 0.98999995 11.459155 1.1459155 -34.377464
3.79 10.04 0.97999996 9.167324 2.8647888 -33.80451
3.6399999 9.88 0.76 11.459155 2.8647888 -34.377464
3.37 9.98 0.42 15.469859 1.7188734 -37.242256
3.4099998 10.33 0.0 16.615776 0.0 -38.961132
3.48 10.32 -0.35999998 13.178029 0.0 -39.53409
3.05 10.2 0.03 5.15662 3.4377468 -41.825916
2.79 10.139999 0.39999998 5.15662 3.4377468 -41.825916
2.87 10.15 1.27 -4.0107045 -0.57295775 -41.825916
3.35 10.05 1.27 2.291831 -0.57295775 -40.680004
2.8999999 9.84 0.53999996 9.167324 0.0 -42.398876
2.27 9.98 0.51 16.615776 -2.291831 -50.993244
1.9499999 9.98 0.35 14.323945 -0.57295775 -52.139156
1.9499999 9.76 0.26999998 13.178029 1.7188734 -49.27437
1.53 9.679999 0.63 12.605071 1.7188734 -47.555496
1.53 10.0 0.24 15.469859 -1.1459155 -44.11775
1.91 10.059999 -0.5 18.334648 -2.291831 -41.825916
1.99 10.01 -0.42999998 13.178029 -1.7188734 -40.680004
1.4399999 9.849999 0.17 8.594366 -1.1459155 -42.398876
1.03 9.82 0.38 5.15662 0.0 -45.83662
1.05 10.03 -0.04 5.7295775 0.0 -45.83662
1.12 9.84 -0.14 9.740283 -1.7188734 -41.25296
0.88 9.8 0.049999997 8.021409 -1.1459155 -38.961132
0.87 9.79 0.17 7.448451 -0.57295775 -39.53409
0.91999996 9.59 -0.25 9.740283 -1.7188734 -40.107044
0.089999996 9.7699995 -0.14 9.740283 -1.1459155 -42.398876
0.19999999 9.87 -0.089999996 8.021409 1.1459155 -42.398876
0.22999999 9.969999 -0.22999999 6.8754935 0.0 -36.09634
0.22 9.84 -0.21 5.15662 1.7188734 -34.377464
-0.16 9.67 0.25 4.0107045 4.0107045 -36.669296
-0.26 9.4 0.21 5.15662 3.4377468 -37.242256
-0.5 9.44 -0.32 12.032113 -0.57295775 -36.669296
-0.82 9.4 -0.62 14.896902 0.0 -35.523384
-0.78 9.5199995 -0.42 11.459155 0.0 -31.51268
-0.07 9.76 -0.62 11.459155 -1.1459155 -30.366762
0.06 9.76 -0.9 12.032113 -5.7295775 -32.085636
-1.01 9.83 -0.84 10.31324 -6.8754935 -36.09634
-1.62 9.73 -0.22 3.4377468 -4.583662 -42.971836
-1.3199999 9.46 0.03 -2.291831 -0.57295775 -38.961132
-1.16 9.36 0.22999999 0.0 -2.8647888 -35.523384
-1.4599999 9.5 0.16 1.7188734 -5.15662 -36.09634
-1.9 9.469999 -0.44 8.594366 -6.3025355 -38.38817
-2.06 9.45 -0.57 15.469859 -4.583662 -36.09634
-1.9799999 9.73 -0.74 14.896902 -5.7295775 -33.80451
-1.99 9.849999 -0.53 12.605071 -6.8754935 -32.085636
-2.09 9.8 -0.74 14.323945 -7.448451 -30.939718
-2.05 9.75 -1.28 16.615776 -8.594366 -29.793804
-2.36 9.95 -1.24 12.605071 -5.7295775 -29.793804
-2.45 10.0 -1.13 7.448451 0.0 -28.64789
-2.32 9.8 -1.4 6.3025355 1.1459155 -25.7831
-1.9699999 9.71 -1.9499999 4.0107045 -0.57295775 -25.210142
-1.7199999 9.65 -1.54 0.57295775 -3.4377468 -26.929016
-2.4199998 9.69 0.02 -12.032113 -9.167324 -33.80451
-3.26 9.69 0.82 -16.042818 -1.7188734 -40.680004
-2.9399998 9.48 0.24 -2.8647888 -3.4377468 -40.107044
-2.56 9.65 -0.21 11.459155 -6.8754935 -36.09634
-2.7 9.74 -0.84 19.480566 -8.021409 -36.669296
-3.33 9.9 -1.0699999 21.199438 -5.15662 -41.25296
-3.25 9.719999 -1.51 20.62648 -3.4377468 -42.398876
-3.1899998 9.45 -1.36 13.178029 -2.8647888 -41.25296
-3.82 9.33 -1.16 10.886198 -1.7188734 -42.398876
-4.1 9.38 -1.03 6.8754935 -6.3025355 -44.11775
-3.98 9.22 -0.90999997 6.3025355 -4.0107045 -38.961132
-4.18 9.16 -0.7 6.8754935 -1.7188734 -38.38817
-4.12 9.099999 -0.90999997 8.021409 -2.291831 -37.242256
-3.8799999 9.0199995 -1.15 10.886198 -5.7295775 -35.523384
-4.5 8.95 -1.0799999 6.8754935 -3.4377468 -36.669296
-4.45 8.84 -1.17 6.3025355 -1.7188734 -36.669296
-4.3199997 8.28 -1.15 5.15662 -2.8647888 -35.523384
-4.29 8.08 -1.1999999 3.4377468 -2.291831 -34.377464
-4.4 8.07 -0.87 2.291831 -2.8647888 -34.950428
-4.89 8.099999 -0.64 4.0107045 -0.57295775 -37.815212
-4.9 8.01 -1.91 13.178029 -3.4377468 -41.825916
-5.0099998 8.099999 -2.4299998 12.605071 -2.8647888 -42.398876
-5.2999997 7.99 -2.57 3.4377468 0.0 -43.544792
-5.75 7.75 -1.3399999 -3.4377468 1.1459155 -42.398876
-5.5499997 7.68 -0.78999996 -13.750987 0.57295775 -40.107044
-5.7799997 8.01 -0.94 -5.15662 -2.8647888 -36.09634
-5.33 7.71 -1.04 -5.15662 -2.8647888 -36.09634
-5.19 7.44 -0.95 -1.7188734 0.57295775 -33.231552
-6.5899997 7.5499997 -0.47 -0.57295775 0.57295775 -35.523384
-6.35 7.43 -1.06 4.583662 -2.8647888 -29.220846
-6.0299997 7.1499996 -1.43 4.0107045 -2.8647888 -22.345354
-6.3999996 6.8799996 -0.98999995 1.1459155 -1.7188734 -20.62648
-6.43 6.2799997 -0.41 -1.7188734 0.0 -15.469859
-6.37 6.23 -0.39999998 0.0 0.0 -12.605071
-5.94 6.0099998 -0.72999996 13.750987 -7.448451 -9.740283
-6.31 6.2599998 -1.11 18.334648 -6.8754935 -16.615776
-6.37 6.22 -1.4499999 18.907606 -6.3025355 -12.605071
-6.56 6.16 -2.06 19.480566 -7.448451 -14.896902
-7.12 6.68 -2.33 19.480566 -9.740283 -16.615776
-7.0499997 6.93 -2.51 8.594366 -6.3025355 -17.188732
-6.58 6.5699997 -2.22 -2.291831 -0.57295775 -12.605071
-7.3399997 6.6 -0.97999996 -8.594366 -0.57295775 -10.886198
-7.8399997 6.8999996 -0.66999996 -9.740283 -3.4377468 -7.448451
-7.1099997 6.83 -1.12 -0.57295775 -2.291831 1.7188734
-6.5 7.1299996 -1.29 2.8647888 0.57295775 8.021409
-6.2599998 7.2999997 -1.3299999 2.8647888 3.4377468 5.7295775
-6.48 7.3399997 -1.31 1.7188734 -0.57295775 1.7188734
-6.87 7.47 -1.25 1.1459155 -4.0107045 0.0
-6.98 7.69 -0.74 0.57295775 -4.0107045 -2.291831
-6.6299996 7.68 -0.87 2.291831 -2.8647888 -1.1459155
-6.45 7.52 -1.53 8.021409 -2.8647888 0.57295775
-6.68 7.6299996 -1.86 10.31324 -3.4377468 0.57295775
-6.43 7.62 -1.7199999 7.448451 -4.583662 -1.1459155
-6.67 7.5099998 -1.4399999 1.1459155 -2.291831 -0.57295775
-6.97 7.37 -1.26 0.0 1.1459155 -2.8647888
-6.6 7.43 -1.16 0.57295775 0.0 -1.7188734
-6.3199997 7.39 -1.52 4.0107045 -2.8647888 1.1459155
-6.83 7.45 -1.68 5.15662 -2.8647888 0.0
-6.77 7.35 -1.4699999 0.57295775 0.0 -2.291831
-6.3399997 7.21 -1.6999999 0.57295775 -1.1459155 -0.57295775
-6.46 7.19 -1.6999999 1.1459155 -3.4377468 -1.1459155
-6.68 7.2599998 -1.4699999 -4.0107045 -1.7188734 -6.8754935
-6.83 7.22 -1.8199999 -2.8647888 0.0 -8.021409
-7.31 7.31 -1.81 -2.8647888 2.291831 -7.448451
-7.08 7.68 -1.18 -6.3025355 1.1459155 -4.0107045
-6.39 7.5299997 -0.84 -6.3025355 -6.8754935 2.291831
-6.81 7.56 -0.77 -2.291831 -4.0107045 0.57295775
-6.91 7.62 -1.0 2.8647888 -1.7188734 0.57295775
-6.5699997 7.75 -2.12 6.8754935 -2.8647888 2.291831
-6.1 7.5699997 -2.36 9.740283 -3.4377468 5.7295775
-6.6299996 7.7 -1.0699999 -6.3025355 -0.57295775 4.0107045
-6.8599997 7.46 -0.83 -8.021409 0.0 1.7188734
-6.71 7.41 -1.41 1.1459155 -1.1459155 2.8647888
-6.42 7.62 -1.38 2.291831 0.57295775 3.4377468
-6.42 7.8199997 -0.84999996 -1.1459155 4.0107045 4.0107045
-6.48 7.6299996 -1.04 1.1459155 -2.291831 1.1459155
-6.92 7.62 -1.49 3.4377468 -1.1459155 0.0
-6.74 7.62 -1.55 2.291831 -0.57295775 0.57295775
-6.21 7.5899997 -1.48 0.57295775 -0.57295775 2.291831
-6.12 7.6 -1.28 -2.291831 0.57295775 5.7295775
-6.3999996 7.6299996 -0.84999996 -6.3025355 0.0 2.8647888
-6.8199997 7.54 -0.78 -4.583662 1.1459155 -0.57295775
-7.0499997 7.4199996 -1.25 1.7188734 4.0107045 0.0
-6.46 7.47 -1.5999999 1.7188734 4.0107045 0.0
-6.1099997 7.6299996 -1.52 3.4377468 3.4377468 4.0107045
-6.19 7.6499996 -1.3399999 0.57295775 -4.0107045 5.7295775
-6.5699997 7.68 -1.02 -1.1459155 -2.8647888 1.7188734
-6.56 7.69 -1.3 0.0 -1.1459155 0.57295775
-6.45 7.6499996 -1.51 1.7188734 -0.57295775 0.57295775
-6.6499996 7.6699996 -1.4399999 1.7188734 1.1459155 1.7188734
