3.02 10.4 -0.089999996 -4.0107045 -32.085636 15.469859
3.02 10.4 -0.089999996 -4.0107045 -32.085636 15.469859
2.48 9.82 -1.0699999 5.7295775 -33.80451 8.021409
2.23 10.42 -0.25 -6.3025355 -16.042818 -2.291831
2.23 10.42 -0.25 -6.3025355 -16.042818 -2.291831
2.6799998 10.389999 0.59999996 -18.907606 -10.31324 4.583662
2.97 10.2699995 -0.42999998 -1.7188734 -6.3025355 1.1459155
2.33 9.94 -0.39 -1.7188734 -6.3025355 1.1459155
2.33 9.94 -0.39 2.8647888 0.0 -7.448451
2.34 9.63 0.06 2.8647888 0.0 -7.448451
2.36 9.71 -0.39999998 -1.7188734 0.0 -10.31324
2.36 9.71 -0.39999998 4.0107045 4.0107045 -5.15662
2.32 10.15 0.19 -1.7188734 9.740283 0.0
2.32 10.15 0.19 -1.7188734 9.740283 0.0
2.95 10.599999 0.59999996 -1.7188734 2.291831 4.0107045
2.07 11.309999 -1.03 -1.7188734 2.291831 4.0107045
1.8199999 11.23 -0.47 22.91831 4.0107045 -11.459155
1.8199999 11.23 -0.47 -2.8647888 0.0 -8.021409
2.3899999 11.58 -0.02 -9.740283 6.3025355 -1.1459155
2.9299998 11.88 -0.74 -2.8647888 11.459155 -2.8647888
2.9299998 11.88 -0.74 -2.8647888 11.459155 -2.8647888
1.88 11.599999 0.58 -2.8647888 11.459155 -2.8647888
1.87 10.969999 0.29 1.1459155 7.448451 -26.356058
1.87 10.969999 0.29 1.1459155 7.448451 -26.356058
0.93 10.59 0.39999998 20.053522 22.91831 -13.178029
2.27 10.2699995 -0.31 20.053522 22.91831 -13.178029
2.27 10.2699995 -0.31 29.793804 38.961132 6.8754935
3.97 11.19 -2.03 52.712116 56.14986 -8.594366
2.6699998 10.92 -3.03 51.5662 40.107044 -36.669296
2.6699998 10.92 -3.03 51.5662 40.107044 -36.669296
1.16 9.95 -2.1399999 -1.1459155 -6.8754935 -46.98254
1.24 9.84 -1.1 -1.1459155 -6.8754935 -46.98254
1.24 9.84 -1.1 -21.772396 -2.8647888 -30.366762
2.69 10.09 -0.56 -26.929016 1.1459155 -22.91831
2.1399999 9.98 -0.31 -26.929016 1.1459155 -22.91831
2.1399999 9.98 -0.31 -20.053522 -2.8647888 -34.377464
1.76 9.9 -0.71999997 -10.31324 -10.31324 -40.680004
1.91 9.86 -0.42 -16.042818 -4.583662 -35.523384
1.91 9.86 -0.42 -16.042818 -4.583662 -35.523384
1.7099999 9.57 -0.02 -11.459155 -0.57295775 -37.242256
1.14 9.71 -0.42999998 -11.459155 -0.57295775 -37.242256
1.14 9.71 -0.42999998 -4.0107045 -4.583662 -45.263664
1.05 9.92 -0.17999999 -3.4377468 -8.594366 -44.69071
1.05 9.92 -0.17999999 -3.4377468 -8.594366 -44.69071
0.65 9.849999 -0.88 -2.8647888 -9.740283 -42.398876
0.37 9.92 0.22999999 -2.8647888 -9.740283 -42.398876
0.37 9.92 0.22999999 -20.62648 -8.594366 -41.25296
0.53 9.73 0.35 -15.469859 -7.448451 -41.825916
-0.42 9.7699995 -0.21 1.1459155 -9.167324 -48.701412
-0.37 10.25 -0.71 1.1459155 -9.167324 -48.701412
-0.37 10.25 -0.71 2.8647888 -5.15662 -42.398876
-0.25 9.809999 0.0 2.8647888 -5.15662 -42.398876
-1.04 9.92 0.14999999 -5.15662 -7.448451 -45.83662
-1.04 9.92 0.14999999 -5.15662 -7.448451 -45.83662
-1.11 9.58 -0.01 4.583662 0.57295775 -43.544792
-1.03 9.969999 -0.32999998 4.583662 0.57295775 -43.544792
-1.03 9.969999 -0.32999998 11.459155 3.4377468 -40.107044
-1.77 10.139999 -1.3 11.459155 3.4377468 -40.107044
-1.88 10.219999 -0.97999996 16.615776 -8.021409 -44.11775
-1.88 10.219999 -0.97999996 16.615776 -8.021409 -44.11775
-1.52 10.0 -0.26 8.594366 -10.886198 -38.38817
-1.6899999 9.87 -0.81 8.594366 -10.886198 -38.38817
-1.6899999 9.87 -0.81 13.750987 -10.886198 -41.825916
-2.4099998 9.88 -0.13 4.0107045 -16.042818 -43.544792
-2.4099998 9.88 -0.13 4.0107045 -16.042818 -43.544792
-2.18 10.07 -0.63 8.021409 -16.042818 -41.825916
-2.2 10.21 -0.41 -1.1459155 -12.032113 -40.107044
-2.74 9.99 0.12 -1.1459155 -12.032113 -40.107044
-2.74 9.99 0.12 -9.167324 -13.178029 -42.398876
-2.84 9.719999 -0.21 -9.167324 -16.615776 -42.971836
-2.77 9.809999 -0.049999997 -14.896902 -16.042818 -42.971836
-2.77 9.809999 -0.049999997 -14.896902 -16.042818 -42.971836
-3.01 9.58 0.59 -20.62648 -9.740283 -40.107044
-3.4399998 9.349999 0.53 -10.31324 -13.178029 -41.25296
-3.4399998 9.349999 0.53 -10.31324 -13.178029 -41.25296
-3.24 9.639999 0.17 -4.583662 -8.021409 -44.11775
-3.7099998 9.03 0.91999996 -4.583662 -8.021409 -44.11775
-3.7099998 9.03 0.91999996 -9.167324 -5.7295775 -42.398876
-4.0499997 8.8 1.04 4.0107045 -10.31324 -42.971836
-4.46 8.75 0.32999998 4.0107045 -10.31324 -42.971836
-4.46 8.75 0.32999998 19.480566 -4.583662 -41.825916
-4.23 8.8 -0.21 20.053522 -11.459155 -35.523384
-4.37 8.849999 -0.22999999 20.053522 -11.459155 -35.523384
-4.37 8.849999 -0.22999999 9.740283 -11.459155 -32.658592
-4.3399997 8.23 0.07 -1.7188734 -12.605071 -31.51268
-4.9 8.21 0.75 -8.021409 -13.750987 -33.231552
-4.9 8.21 0.75 -8.021409 -13.750987 -33.231552
-4.87 8.16 0.21 -1.7188734 -2.8647888 -31.51268
-4.6 8.059999 0.51 0.57295775 1.1459155 -25.210142
-4.6 8.059999 0.51 0.57295775 1.1459155 -25.210142
-4.8599997 7.94 -0.51 5.7295775 -5.7295775 -34.377464
-6.0299997 7.9199996 -1.1999999 5.7295775 -5.7295775 -34.377464
-6.0299997 7.9199996 -1.1999999 -1.7188734 8.021409 -41.25296
-5.83 7.3799996 0.089999996 -40.107044 7.448451 -21.772396
-5.29 7.18 0.51 -45.83662 4.583662 -9.167324
-5.29 7.18 0.51 -45.83662 4.583662 -9.167324
-5.54 7.33 0.29 -20.053522 2.8647888 -17.761692
-5.8799996 7.39 0.24 -12.605071 -1.1459155 -24.064226
-5.8799996 7.39 0.24 -12.605071 -1.1459155 -24.064226
-6.25 7.5499997 0.26 -12.605071 2.291831 -19.480566
-5.31 7.3599997 0.58 -14.896902 2.291831 -13.750987
-5.31 7.3599997 0.58 -14.896902 2.291831 -13.750987
-5.45 7.14 0.29 -9.167324 7.448451 -21.199438
-6.62 6.97 -0.48999998 -8.594366 6.8754935 -33.80451
-7.1099997 6.2599998 0.0 -28.07493 2.8647888 -23.49127
-7.1099997 6.2599998 0.0 -28.07493 2.8647888 -23.49127
-6.66 7.1 1.9799999 -42.398876 -5.15662 -17.761692
-6.66 7.1 1.9799999 -42.398876 -5.15662 -17.761692
-5.7999997 7.22 1.4499999 -20.62648 -8.594366 -9.167324
-6.22 7.0 1.1899999 -17.188732 0.0 -14.896902
-6.7 6.5699997 1.73 -17.188732 0.0 -14.896902
-6.7999997 6.2999997 1.5699999 -22.91831 13.750987 -13.750987
-6.7999997 6.2999997 1.5699999 -10.31324 18.334648 -13.750987
-6.7999997 6.2999997 1.5699999 -10.31324 18.334648 -13.750987
-6.66 6.5499997 0.42999998 10.31324 4.583662 -12.605071
-6.8199997 6.46 0.099999994 8.021409 5.7295775 -13.178029
-7.1499996 6.52 0.78 8.021409 5.7295775 -13.178029
-7.1499996 6.52 0.78 -2.8647888 1.1459155 -11.459155
-6.49 5.8799996 0.25 3.4377468 -5.7295775 -8.594366
-6.49 5.8799996 0.25 3.4377468 -5.7295775 -8.594366
-8.099999 6.43 1.1 -5.7295775 1.1459155 -16.615776
-7.1 6.35 1.25 -5.7295775 1.1459155 -16.615776
-7.1 6.35 1.25 -12.605071 5.15662 -1.1459155
-6.5299997 6.74 0.63 2.8647888 -3.4377468 -1.1459155
-6.99 7.14 1.3299999 -1.1459155 -6.3025355 -2.8647888
-7.2599998 7.27 1.4399999 0.0 -1.1459155 -1.7188734
-7.2599998 7.27 1.4399999 0.0 -1.1459155 -1.7188734
-6.22 7.1 0.90999997 2.8647888 0.0 4.583662
-6.22 7.1 0.90999997 2.8647888 0.0 4.583662
-6.99 7.23 1.3299999 0.0 4.583662 -0.57295775
-7.14 7.04 0.53 0.0 4.583662 -0.57295775
-7.14 7.04 0.53 1.1459155 -0.57295775 -4.583662
-6.64 6.98 1.0799999 1.1459155 -0.57295775 -4.583662
-6.64 6.98 1.0799999 -4.583662 -2.291831 2.8647888
-6.95 7.23 1.4499999 -6.3025355 1.1459155 -0.57295775
-6.95 7.23 1.4499999 -6.3025355 1.1459155 -0.57295775
-6.79 7.0499997 1.24 -2.8647888 -0.57295775 -1.7188734
-7.1499996 7.0299997 1.3 1.1459155 0.57295775 -4.583662
-7.1499996 7.0299997 1.3 1.1459155 0.57295775 -4.583662
-6.95 6.77 0.84 1.7188734 2.291831 -3.4377468
-7.47 6.7999997 1.3399999 1.7188734 2.291831 -3.4377468
-7.47 6.7999997 1.3399999 -1.7188734 6.8754935 -1.1459155
-7.0899997 6.74 1.0799999 3.4377468 -1.1459155 0.0
-7.08 6.77 0.59999996 6.3025355 1.1459155 -1.1459155
-6.92 6.7799997 1.0699999 6.3025355 1.1459155 -1.1459155
-6.92 6.7799997 1.0699999 -6.8754935 3.4377468 4.583662
-6.8799996 6.96 1.38 -7.448451 5.15662 4.0107045
-6.8799996 6.96 1.38 -7.448451 5.15662 4.0107045
-7.04 6.98 0.9 0.0 4.583662 1.1459155
-7.06 7.1099997 0.74 -0.57295775 5.7295775 4.583662
-7.06 7.1099997 0.74 -0.57295775 5.7295775 4.583662
-6.93 7.44 0.71999997 -1.1459155 4.583662 6.3025355
-6.8199997 7.46 0.95 0.0 1.7188734 4.0107045
-6.8199997 7.46 0.95 0.0 1.7188734 4.0107045
-7.02 7.39 0.56 6.8754935 1.1459155 0.0
-7.18 7.24 0.089999996 6.8754935 1.1459155 0.0
-7.18 7.24 0.089999996 6.3025355 1.1459155 -2.291831
-7.14 7.3199997 0.97999996 -5.7295775 -3.4377468 0.57295775
-6.67 7.5699997 0.87 0.0 -3.4377468 1.7188734
-6.67 7.5699997 0.87 0.0 -3.4377468 1.7188734
-6.56 7.64 0.78 0.57295775 2.8647888 2.8647888
-6.7999997 7.35 1.06 0.57295775 2.8647888 2.8647888
-6.7999997 7.35 1.06 -4.0107045 -1.7188734 -2.8647888
-6.97 7.37 1.0 0.0 -1.7188734 -4.0107045
-6.74 7.29 0.65 1.7188734 0.57295775 -1.1459155
-6.74 7.29 0.65 1.7188734 0.57295775 -1.1459155
-6.8799996 7.3599997 0.83 -1.7188734 1.7188734 -1.7188734
-6.83 7.33 0.82 -1.7188734 -0.57295775 -2.8647888
-6.87 7.24 0.71999997 -1.1459155 1.1459155 -5.15662
-6.87 7.24 0.71999997 -1.1459155 1.1459155 -5.15662
-7.16 6.7999997 1.31 -1.1459155 1.1459155 -5.15662
