2.9234095 9.29218 0.16041641 4.638305 0.42035002 6.4404197
2.6265194 9.347249 0.083799616 4.603305 -2.9746501 6.93042
2.3559663 9.220352 0.25139886 4.638305 -2.06465 4.02542
2.2841382 9.067119 0.17957062 4.113305 -0.73465 4.06042
2.4517374 9.081485 -0.0047885496 4.673305 0.21035 6.6504197
2.700742 9.124581 0.13886794 4.813305 -0.24465 9.625421
2.7869358 9.124581 0.4668836 2.713305 -0.10465 11.55042
2.545114 9.105427 0.44294083 2.5733051 0.80535 10.74542
2.3727264 8.983319 0.2083019 6.948305 1.36535 9.275421
2.6887705 9.0838785 0.2466103 10.343306 3.01035 9.73042
2.8348215 9.440625 -0.045491222 10.868305 5.67035 11.62042
2.3296294 10.082292 -0.11253092 11.428305 4.58535 11.23542
2.083019 10.812545 0.32562137 8.103305 3.8503501 9.20542
2.3823035 11.961797 0.21309046 0.403305 8.61035 11.27042
1.8723229 14.324946 -0.8930645 -2.8166952 12.915351 14.94542
2.2961094 15.555603 -0.66800267 -6.106695 14.175351 18.130419
2.4277947 17.439898 0.4668836 -21.086695 12.040351 25.41042
2.3152637 18.627459 0.5698374 -37.676697 11.69035 30.20542
2.2410412 19.003359 -0.14605077 -40.896694 25.445349 26.040419
2.545114 18.89801 -0.5243462 -29.871696 36.435352 21.35042
4.6712303 18.58436 0.2849187 -21.366697 28.875353 17.150421
5.3679643 17.880444 0.3232271 -24.341696 17.81535 13.61542
5.6576715 16.913157 0.92658436 -23.746695 32.27035 -17.77958
4.929812 14.942669 1.9848539 -17.201696 26.285349 -34.78958
4.3432145 13.477373 2.4517374 -5.8266954 21.98035 -40.24958
4.932206 12.11503 2.3344178 8.943305 18.935349 -30.414583
5.442187 10.726351 2.1189332 22.908304 10.360351 -16.869581
7.2953553 9.945818 1.9130256 33.233303 -0.41965 -9.41458
7.0726876 9.086273 1.7645805 39.673306 -7.38465 -14.94458
4.2737803 7.9418097 1.6161355 43.17331 -12.319651 -30.79958
3.380716 7.802942 1.6807809 37.188305 -12.63465 -27.29958
6.3280683 7.683228 2.257801 26.513306 -11.61965 -9.799581
6.32328 7.2714124 2.7558103 26.128307 -14.20965 -12.10958
3.6656346 7.434223 1.3024855 45.378304 -19.284649 -43.294582
1.446142 7.472532 -0.8475733 65.293304 -25.44465 -60.16458
1.403045 6.969734 0.062251143 52.378307 -24.91965 -42.62958
5.5714774 6.8691745 2.030345 18.708305 -16.79965 -7.629581
6.742278 6.986494 0.9074302 13.283306 -28.03465 6.5104203
3.6536634 7.2618356 -2.1404817 36.523304 -32.61965 -26.599579
2.1476645 7.024802 -1.9728824 34.598305 -24.394651 -58.69458
1.5083932 6.2275085 -0.40223816 -7.751695 -7.06965 -55.579582
1.446142 5.7725964 0.3423813 -44.8867 9.31035 -34.61458
2.4421604 5.341627 0.31125572 -55.281696 23.20535 -9.62458
2.1572416 5.3105016 0.97446984 -55.981697 28.45535 8.40042
1.0175668 5.38233 0.5985687 -54.196693 35.385353 8.08542
1.8076775 5.3631754 -0.2944958 -38.79669 39.060352 2.76542
2.49244 5.39909 0.2561874 -16.536695 24.15035 0.70042
2.0542877 5.569083 2.2889266 -7.681695 -3.25465 -11.094581
1.472479 5.5331693 0.845179 0.368305 -33.00465 -25.33958
0.66800267 5.4709177 -1.9752767 25.533306 -46.40965 -29.679579
0.46927786 6.0527267 -1.2426286 36.068306 -35.59465 -26.07458
0.5818088 5.849213 1.8675344 7.158305 -35.87465 -23.064579
-0.14365649 5.6935854 2.5115943 -28.891697 -37.51965 -26.984581
-2.0925963 6.019207 -0.21069619 -30.326693 -25.759651 -32.864582
-2.892284 6.7446723 -0.8379962 -11.216696 3.39535 -32.12958
-1.9369683 7.1301503 0.17478207 -5.861695 18.76035 -18.619581
-0.90982443 7.292961 0.4860378 -11.076695 5.00535 -3.0795798
-1.0510867 7.9394155 -0.38308397 -6.526695 -15.99465 6.6854205
-0.70631105 8.456578 -1.1253091 5.9333053 -15.469651 11.55042
0.531529 8.894731 -0.531529 2.328305 -2.55465 20.33542
0.8571504 9.124581 0.12450229 -2.7816951 -13.08965 13.090421
0.5458947 9.134158 0.035914123 -0.19169499 -17.079649 1.9954199
0.11013664 9.3592205 -0.052674048 2.3633053 -11.86465 -1.95958
0.47885495 9.538791 -0.0071828244 1.7683051 -7.31465 -0.38458
1.1516461 9.735122 0.3902668 -0.36669502 -8.924649 2.13542
1.1253091 9.821315 0.24900457 0.543305 -12.389649 -0.94457996
0.87630457 9.718362 0.35914123 2.2233052 -14.279651 -6.89458
0.6201172 9.617802 0.749408 1.7683051 -12.14465 -9.41458
0.72546524 9.751882 0.7805336 1.488305 -5.8446503 -5.94958
0.9122187 9.72315 0.4070267 4.848305 -1.8196502 -0.34958002
0.818842 9.8237095 0.08140534 8.418304 -1.99465 1.4704201
1.0127783 9.826104 -0.026337024 9.958304 -6.29965 0.66542006
1.0079896 9.840469 0.18675344 8.068304 -8.46965 1.64542
0.7446195 9.871595 0.32801566 4.288305 -5.98465 1.36542
1.185166 9.778218 0.2657645 0.228305 -2.02965 2.10042
1.4676905 9.842864 0.3232271 -4.076695 4.30535 4.7954197
1.376708 9.945818 0.5027977 -4.9866953 5.42535 3.64042
1.2138973 9.933846 0.44054657 -1.941695 -0.10465 -1.6445801
1.1253091 9.816526 0.20590763 1.523305 -2.8696501 -4.9345803
0.91461295 9.675264 0.05506832 2.2233052 0.105349995 -4.86458
0.7541966 9.703996 0.28970724 -0.121695004 4.23535 -4.16458
0.75659084 9.694419 0.3902668 -1.241695 3.60535 -2.76458
0.8140534 9.696813 0.08858817 2.503305 -0.83965003 -1.3995799
1.0558752 9.857229 -0.505192 9.678305 -4.3746505 -0.31458002
1.1971374 9.888355 -0.6344828 12.583305 -6.29965 1.08542
1.1037607 9.840469 -0.3232271 6.668305 -4.65465 -0.38458
0.9696813 9.718362 0.12210801 -2.1516948 -0.97964996 -2.8345802
0.9026416 9.627379 -0.10055954 -4.881695 -1.0496501 -3.6395798
0.74701375 9.61062 -0.19393626 -1.731695 -2.79965 -4.02458
0.6296943 9.620196 0.38068968 -2.4666948 -0.73465 -4.16458
0.6344828 9.545974 0.5961744 -5.616695 0.80535 -3.1145802
0.9313729 9.665688 0.79250497 -2.5716949 -1.15465 -1.15458
1.1157321 9.77343 0.05506832 4.183305 -4.65465 1.92542
1.1731946 9.960183 -0.63208854 12.793304 -7.06965 3.67542
1.2450229 9.79019 -0.55307746 16.783304 -5.10965 3.15042
1.0343267 9.828498 0.11013664 9.223305 -1.88965 1.6804199
0.93616146 9.814133 -0.023942748 -0.786695 -0.06965 -0.41957998
0.9337672 9.804555 -0.2944958 -0.576695 2.4853501 -0.83958006
0.7948992 9.783007 -0.06943397 -2.1516948 1.33035 -1.4345801
0.9122187 9.7135725 0.2466103 -3.691695 -1.4696501 -2.06458
0.9577099 9.715967 0.05027977 -1.3466951 -2.79965 -1.2595799
0.8236305 9.7135725 -0.0670397 0.228305 -0.62965 -0.48957995
0.888276 9.680053 0.32083282 -1.276695 0.07035 -0.76958007
0.90024734 9.668081 0.55307746 -0.29669502 -2.34465 -0.48957995
0.6751855 9.60583 0.021548472 4.288305 -0.06965 0.070420004
0.79250497 9.692024 -0.3304099 7.158305 4.69035 2.8354201
1.0606637 9.811738 -0.3328042 5.7233047 4.02535 3.9904199
1.0750294 9.778218 -0.14126222 1.0333049 2.6253502 2.06542
0.8834874 9.675264 -0.04070267 -2.046695 2.2753499 -1.0845801
