3.29 8.36 2.8 16.042818 5.15662 17.188732
3.6599998 8.57 2.05 14.896902 -7.448451 17.761692
3.33 9.17 0.75 6.3025355 -21.772396 16.615776
4.5499997 9.22 1.4699999 3.4377468 -14.323945 10.31324
4.5299997 9.62 1.17 -2.8647888 -13.178029 4.583662
3.6899998 9.66 1.61 -14.323945 -1.7188734 4.583662
3.8799999 10.41 2.24 -7.448451 0.0 2.8647888
3.9099998 11.21 2.1399999 4.0107045 -5.15662 2.291831
3.9399998 11.98 1.49 8.021409 -9.740283 1.7188734
4.1 12.69 -0.03 -7.448451 -8.021409 0.0
4.73 13.95 -1.04 -40.107044 1.7188734 -4.583662
3.76 16.199999 1.02 -44.69071 1.7188734 -12.032113
4.5299997 19.73 3.9299998 -25.210142 -16.042818 -32.658592
6.94 21.779999 3.3799999 -38.38817 0.0 -66.463104
7.43 20.85 2.52 -51.5662 26.929016 -90.52733
6.24 18.72 4.94 -23.49127 28.07493 -95.68395
4.8599997 17.31 6.74 29.220846 15.469859 -84.79775
6.04 15.92 5.1 47.555496 13.750987 -81.93296
6.68 15.179999 3.87 48.701412 16.615776 -80.78705
8.349999 14.429999 4.06 49.84733 22.345354 -89.95437
8.44 12.7699995 3.76 57.29578 23.49127 -100.26762
7.0099998 10.79 2.55 56.72282 25.7831 -102.55944
4.4 9.28 2.24 52.712116 24.064226 -65.317184
2.96 7.5099998 2.1 46.98254 30.366762 -20.62648
3.1399999 5.92 2.2 45.83662 37.242256 12.605071
4.31 4.64 2.83 52.139156 36.669296 25.7831
4.77 4.06 3.72 67.03606 28.07493 27.501974
4.98 3.59 3.07 83.65183 22.345354 22.91831
4.0899997 2.76 0.04 80.78705 12.605071 12.032113
3.1399999 2.87 -0.93 66.463104 4.583662 1.1459155
2.1299999 4.04 -0.61 53.285076 -11.459155 -10.886198
1.8499999 4.48 -0.68 42.971836 -25.7831 -24.064226
1.4 3.9299998 -1.62 20.053522 -23.49127 -38.961132
0.45999998 4.2999997 -1.62 -3.4377468 -17.188732 -52.712116
-0.03 4.62 -1.18 -6.8754935 -28.07493 -63.02536
-0.63 4.5899997 -0.47 -2.8647888 -37.815212 -64.74423
-1.41 4.63 -0.96 -10.886198 -37.242256 -63.598316
-1.53 5.0099998 -1.79 -29.793804 -28.07493 -63.598316
-1.78 5.17 -1.78 -48.701412 -18.907606 -63.598316
-2.82 5.69 0.64 -49.27437 -11.459155 -56.14986
-3.1299999 5.98 0.98999995 -37.242256 -14.323945 -40.680004
-2.81 6.41 0.64 -28.07493 -16.042818 -29.793804
-2.45 6.68 0.32999998 -22.91831 -13.750987 -25.7831
-2.6699998 7.1099997 0.34 -20.62648 -13.750987 -20.62648
-2.26 7.29 0.63 -13.750987 -12.605071 -14.896902
-2.5 7.45 0.22 -13.178029 -8.594366 -9.167324
-2.4299998 7.81 0.22 -13.178029 -13.178029 -4.583662
-1.88 8.08 0.63 -10.886198 -9.740283 -5.15662
-1.77 8.139999 0.93 -5.7295775 -5.15662 -2.8647888
-2.19 8.4 1.0 -2.8647888 -4.583662 1.7188734
-1.8199999 8.57 0.95 -1.7188734 2.8647888 14.323945
-1.41 8.849999 0.87 1.7188734 -1.7188734 14.896902
-1.22 9.04 0.35999998 -0.57295775 -6.8754935 12.032113
-1.18 9.29 0.41 -6.8754935 -10.31324 9.167324
-1.23 9.55 1.16 -6.8754935 -10.886198 7.448451
-1.23 9.59 1.41 -2.8647888 -3.4377468 6.8754935
-0.88 9.48 1.0699999 -6.3025355 0.0 4.583662
-1.0799999 9.36 0.71 -9.167324 -1.1459155 5.15662
-1.4599999 9.559999 1.06 -6.3025355 -8.021409 10.31324
-1.1 9.7699995 1.62 2.291831 -8.594366 11.459155
-0.35999998 10.01 1.8399999 8.021409 -4.0107045 8.021409
-0.26 9.94 1.39 6.3025355 1.7188734 3.4377468
-0.55 9.9 0.68 1.7188734 1.7188734 3.4377468
-0.48 9.75 0.63 -2.291831 5.15662 2.291831
-0.66999996 9.66 0.59999996 -5.7295775 6.8754935 2.291831
-0.9 9.54 0.56 -8.021409 7.448451 4.583662
-1.18 9.5199995 0.42999998 -11.459155 8.594366 7.448451
-0.98999995 9.5199995 0.22999999 -19.480566 7.448451 8.021409
-0.88 9.5 0.35999998 -21.772396 2.8647888 8.594366
-0.78999996 9.54 1.3399999 -10.886198 -6.3025355 11.459155
-0.62 9.78 2.18 2.8647888 -12.032113 14.896902
-0.14 9.91 1.9799999 8.021409 -8.594366 13.178029
0.04 9.94 1.23 -5.7295775 8.021409 8.594366
-0.049999997 10.04 0.96 -14.896902 9.740283 4.583662
-0.089999996 9.88 1.53 -14.323945 6.3025355 1.7188734
-0.19 9.87 1.8 -6.8754935 1.1459155 0.57295775
-0.32 9.75 1.64 -1.1459155 -4.583662 0.0
-0.39999998 9.679999 1.64 1.1459155 -6.8754935 -1.7188734
-0.56 9.54 1.65 1.7188734 0.0 0.0
-0.59999996 9.599999 1.62 0.57295775 4.0107045 2.291831
-0.26999998 9.75 1.4599999 -1.7188734 8.021409 -0.57295775
-0.24 9.71 1.25 -2.8647888 8.594366 -1.7188734
-0.48 9.71 1.28 -1.1459155 3.4377468 -1.1459155
-0.63 9.87 1.42 0.57295775 1.1459155 -1.1459155
-0.22999999 9.74 1.28 0.0 6.8754935 -4.583662
-0.24 9.83 1.04 -5.7295775 11.459155 -8.021409
-0.42999998 9.67 0.78 -16.615776 17.761692 -10.31324
-0.65 9.559999 1.15 -22.345354 18.334648 -6.8754935
-0.59 9.679999 1.8399999 -18.907606 12.605071 -4.583662
-0.39999998 9.62 2.23 -3.4377468 4.583662 -5.7295775
-0.63 9.469999 2.1499999 4.0107045 -2.291831 -4.583662
-1.04 9.389999 1.75 5.7295775 -8.021409 -0.57295775
-0.93 9.429999 1.7099999 7.448451 -8.021409 1.7188734
-0.68 9.54 1.8299999 7.448451 -2.8647888 1.7188734
-0.45999998 9.59 1.64 5.15662 2.291831 0.57295775
-0.69 9.59 1.4599999 3.4377468 0.57295775 0.0
-0.55 9.66 1.66 4.583662 -0.57295775 0.0
-0.45999998 9.63 1.66 7.448451 0.0 -0.57295775
-0.64 9.63 1.3199999 8.021409 0.0 -2.8647888
-0.84999996 9.38 0.97999996 2.8647888 -0.57295775 -3.4377468
-0.97999996 9.23 1.3199999 2.8647888 -2.8647888 0.0
-0.94 9.34 1.8199999 8.021409 -3.4377468 1.7188734
-0.79999995 9.44 1.8499999 10.886198 0.0 2.291831
-0.66999996 9.44 1.38 8.594366 2.291831 1.1459155
-0.77 9.429999 1.04 6.3025355 1.7188734 1.7188734
-0.91999996 9.41 0.96 4.583662 0.0 4.583662
-0.96999997 9.469999 0.98999995 4.0107045 -1.7188734 6.3025355
-0.45999998 9.66 1.01 3.4377468 0.0 4.0107045
-0.61 9.59 0.78999996 1.1459155 -0.57295775 2.291831
-0.69 9.469999 0.88 -1.1459155 -4.583662 2.8647888
-0.65999997 9.58 1.27 -0.57295775 -7.448451 3.4377468
-0.45 9.66 1.66 5.15662 -8.594366 1.1459155
-0.29 9.65 1.66 6.3025355 -2.291831 -0.57295775
-0.39999998 9.5199995 1.29 1.1459155 5.15662 0.0
-0.84 9.349999 0.76 -3.4377468 5.7295775 2.8647888
-0.74 9.5 1.14 -1.7188734 0.57295775 3.4377468
-0.53 9.65 1.64 5.7295775 -1.7188734 2.8647888
-0.45 9.76 1.52 6.8754935 -2.8647888 1.7188734
-0.59 9.66 0.68 0.57295775 -2.291831 2.8647888
-0.48 9.79 1.04 -4.0107045 -1.1459155 4.0107045
-0.25 9.809999 1.5699999 -1.7188734 -1.1459155 2.8647888
-0.22 9.889999 1.6899999 1.7188734 -2.291831 1.7188734
