2.52 9.59 0.93 -2.291831 -1.1459155 1.7188734
1.9599999 9.63 0.45999998 2.291831 -23.49127 3.4377468
2.7 9.45 1.09 8.594366 -27.501974 2.291831
2.53 9.36 1.04 13.750987 -11.459155 0.0
2.4199998 9.37 0.39999998 12.032113 1.7188734 1.1459155
2.46 9.55 0.03 3.4377468 2.8647888 0.0
2.11 9.61 0.26 6.8754935 -4.583662 0.57295775
2.02 10.429999 -0.17999999 9.740283 -12.032113 5.7295775
1.74 11.62 -0.48 2.8647888 -8.021409 7.448451
2.4099998 13.12 0.089999996 -1.1459155 1.7188734 7.448451
3.06 14.04 0.0 5.15662 -3.4377468 1.1459155
2.71 15.08 -0.5 8.594366 -11.459155 -9.167324
2.7 16.23 -0.39999998 5.7295775 -8.021409 -10.886198
3.11 17.32 -0.24 6.8754935 -4.0107045 -18.907606
2.73 18.65 -0.63 2.291831 -2.8647888 -26.929016
3.34 19.449999 0.08 1.1459155 -9.167324 -34.950428
4.25 18.97 -0.35999998 -8.021409 -14.323945 -50.993244
5.43 16.49 0.28 -17.188732 -5.15662 -53.858032
5.6099997 15.589999 1.74 -17.761692 6.8754935 -63.02536
5.56 14.99 2.02 -1.7188734 6.3025355 -67.60902
6.02 13.57 1.11 8.594366 -2.8647888 -77.349304
6.21 12.23 1.1 9.167324 -4.0107045 -86.516624
5.96 11.15 1.26 9.740283 -9.167324 -83.07887
5.74 10.46 1.25 8.594366 0.0 -76.77634
5.49 8.71 1.3399999 8.021409 27.501974 -83.07887
4.2799997 7.97 2.1499999 19.480566 44.11775 -77.349304
3.8 7.46 3.03 61.30648 30.366762 -74.48451
3.6999998 6.98 2.11 108.86198 -9.740283 -85.37071
2.18 5.18 -2.3899999 114.0186 -44.11775 -103.1324
0.7 5.08 -2.54 84.22479 -35.523384 -93.39212
-0.84999996 4.75 -2.11 55.576904 -25.210142 -77.922264
-1.9 4.91 -1.37 38.961132 -28.07493 -56.14986
-1.4699999 4.9 -1.3399999 33.231552 -36.09634 -38.961132
-1.04 5.06 -1.5899999 24.064226 -52.139156 -19.480566
-0.68 4.96 -1.55 19.480566 -46.98254 -17.188732
-0.82 4.83 -1.5899999 12.605071 -22.91831 -18.334648
-1.8 4.58 -1.9399999 1.7188734 -5.15662 -12.605071
-1.99 4.62 -2.18 -16.042818 -12.032113 -11.459155
-1.8199999 4.5099998 -1.89 -33.231552 -16.042818 -14.323945
-3.36 4.2999997 -0.84999996 -37.815212 0.57295775 -24.637184
-4.39 4.38 -1.14 -35.523384 9.167324 -25.210142
-5.23 4.66 -1.17 -37.242256 9.740283 -24.637184
-6.46 4.94 -0.53 -44.69071 -1.1459155 -15.469859
-6.42 5.33 0.02 -42.971836 -6.3025355 2.291831
-5.29 5.46 0.03 -33.231552 16.615776 14.323945
-4.89 5.96 0.02 -26.356058 4.583662 15.469859
-4.75 6.5699997 0.17999999 -20.62648 1.1459155 12.605071
-4.6 6.8199997 0.12 -12.032113 -2.8647888 8.594366
-4.5899997 6.8199997 -0.28 -5.15662 -9.740283 9.167324
-4.44 7.5 -0.16 -3.4377468 -13.178029 7.448451
-3.77 7.75 -0.24 -6.8754935 5.7295775 8.021409
-3.62 8.0199995 -0.06 -7.448451 12.605071 5.7295775
-4.0899997 8.29 0.24 -2.8647888 9.740283 2.8647888
-3.77 8.26 -0.07 6.8754935 0.0 8.021409
-3.3899999 8.19 -0.65999997 12.032113 -1.7188734 9.167324
-3.6 8.309999 -0.81 10.886198 4.0107045 5.7295775
-3.73 8.29 -0.75 9.740283 1.7188734 5.15662
-3.8799999 8.559999 -0.84999996 8.594366 -0.57295775 10.31324
-3.77 8.88 -0.96999997 4.583662 -8.021409 21.199438
-2.78 9.17 -0.90999997 1.7188734 -7.448451 26.929016
-2.1 9.51 -0.91999996 -2.291831 -1.7188734 23.49127
-1.65 10.099999 -0.14 -6.3025355 0.0 18.907606
-1.3399999 9.86 -0.29 -1.1459155 2.8647888 12.605071
-1.79 9.69 -0.59 4.583662 2.8647888 5.7295775
-2.02 9.94 -0.83 6.8754935 -5.15662 5.15662
-1.87 9.969999 -1.1899999 4.0107045 -7.448451 5.7295775
-1.81 9.84 -1.28 -6.3025355 2.291831 5.7295775
-1.63 10.05 -0.85999995 -18.907606 4.583662 5.15662
-1.4599999 10.07 -0.25 -16.042818 0.57295775 2.291831
-1.53 9.79 0.089999996 -6.8754935 -3.4377468 -1.7188734
-1.8199999 9.679999 0.26 0.57295775 -9.167324 -4.0107045
-1.93 9.58 0.11 2.291831 -7.448451 -2.8647888
-1.87 9.5 -0.04 0.0 2.291831 -2.291831
-2.1499999 9.429999 -0.16 3.4377468 5.15662 0.57295775
-2.01 9.469999 -0.41 6.3025355 1.7188734 0.0
-2.1399999 9.46 -0.63 6.8754935 1.1459155 -1.7188734
-2.23 9.349999 -0.9 4.583662 0.57295775 -2.291831
-2.44 9.24 -0.91999996 0.0 -0.57295775 -3.4377468
-2.49 9.349999 -0.39 -5.15662 1.7188734 0.0
-2.31 9.22 -0.17 0.0 4.0107045 1.7188734
-2.25 9.3 -0.35999998 4.0107045 1.7188734 1.1459155
-2.1299999 9.53 -0.64 4.0107045 0.0 0.0
-2.06 9.349999 -0.9 0.57295775 2.8647888 -2.291831
-2.26 9.15 -0.82 -2.291831 2.8647888 -4.0107045
-2.7 9.19 -0.68 -5.7295775 6.3025355 -3.4377468
-2.9299998 9.059999 -0.94 -9.167324 14.323945 0.57295775
-2.72 9.24 -0.72999996 -13.178029 9.167324 5.15662
-2.28 9.42 -0.32999998 -14.323945 2.291831 8.021409
-1.92 9.599999 0.0 -12.032113 2.291831 8.021409
-1.8 9.71 0.07 -8.021409 3.4377468 5.15662
-2.0 9.55 0.01 -4.0107045 0.0 0.0
-2.29 9.54 0.16 -2.291831 -1.1459155 0.57295775
-2.28 9.54 0.07 1.1459155 0.57295775 2.8647888
-2.04 9.48 -0.22 0.57295775 0.57295775 3.4377468
-1.8199999 9.58 0.01 -0.57295775 0.0 2.291831
-2.05 9.45 0.72999996 7.448451 0.0 -1.1459155
-2.36 9.19 -0.04 16.615776 0.0 -1.1459155
-2.59 9.24 -0.7 16.615776 -1.7188734 0.57295775
-2.36 9.599999 -0.65999997 9.740283 -1.7188734 5.15662
-1.99 9.67 -0.62 4.583662 2.291831 6.3025355
-1.92 9.679999 -0.66999996 1.1459155 5.15662 4.583662
-1.9599999 9.65 -0.7 -1.1459155 1.7188734 2.291831
-1.8299999 9.53 -0.48999998 -1.1459155 -1.7188734 1.1459155
-1.9499999 9.57 -0.19 0.0 -1.7188734 0.57295775
-2.11 9.559999 -0.12 0.57295775 1.7188734 2.291831
-1.8499999 9.58 -0.22 1.1459155 2.291831 2.8647888
-1.6999999 9.46 -0.42 1.1459155 1.7188734 1.1459155
-1.86 9.62 -0.42999998 4.0107045 0.0 1.1459155
-1.75 9.5199995 -0.77 5.15662 -1.7188734 0.0
-1.9399999 9.599999 -0.7 1.1459155 -1.1459155 -1.1459155
-2.1 9.65 -0.42999998 -1.7188734 0.57295775 0.0
-1.91 9.559999 -0.21 -1.7188734 -1.1459155 0.0
-2.01 9.46 -0.26999998 2.291831 -2.291831 0.0
-1.92 9.55 -0.35999998 4.0107045 -4.0107045 0.0
-1.88 9.53 -0.45 2.8647888 -3.4377468 -1.1459155
-2.1399999 9.5199995 -0.44 0.0 0.0 -0.57295775
-2.12 9.429999 -0.52 -1.7188734 1.7188734 1.1459155
-1.9799999 9.41 -0.39 -2.8647888 -1.1459155 0.0
-2.1399999 9.4 -0.04 0.57295775 -4.0107045 -0.57295775
-2.24 9.32 -0.25 1.1459155 1.1459155 0.0
-2.18 9.2699995 -0.29999998 0.0 1.7188734 1.1459155
-2.03 9.21 -0.14 0.0 0.0 0.0
-2.4099998 9.15 -0.13 1.1459155 0.0 -0.57295775
-2.52 9.3 -0.29 1.7188734 0.0 2.291831
-2.2 9.389999 -0.25 0.57295775 -2.291831 5.15662
-1.92 9.559999 -0.24 0.0 3.4377468 5.7295775
-1.86 9.69 -0.39999998 -1.1459155 6.8754935 5.7295775
-1.7199999 9.75 -0.48999998 -2.8647888 1.7188734 2.8647888
-1.6899999 9.679999 -0.16 -2.8647888 -1.1459155 0.57295775
-1.9 9.46 0.03 5.7295775 0.0 0.0
-2.05 9.389999 -0.47 8.594366 0.57295775 0.0
-2.05 9.54 -0.66999996 6.3025355 0.0 2.8647888
-1.8499999 9.75 -0.41 4.0107045 -1.1459155 2.8647888
-1.81 9.639999 -0.28 6.3025355 -0.57295775 1.1459155
-1.9599999 9.54 -0.81 9.167324 2.291831 -0.57295775
-2.1499999 9.45 -1.2099999 0.0 8.021409 0.57295775
-2.1299999 9.5199995 -0.97999996 -5.15662 0.0 3.4377468
-1.5699999 9.57 -0.42 -4.0107045 -3.4377468 0.0
-1.81 9.429999 -0.17999999 0.0 1.1459155 -2.291831
-2.25 9.25 -0.44 1.1459155 0.0 0.0
-2.23 9.28 -0.42999998 0.0 -5.15662 3.4377468
-1.93 9.469999 -0.089999996 5.15662 -1.7188734 2.291831
-1.9799999 9.469999 -0.68 6.3025355 0.57295775 3.4377468
-1.74 9.48 -0.78 2.291831 -3.4377468 3.4377468
-1.91 9.57 -0.45 -0.57295775 -2.8647888 1.7188734
-1.87 9.66 -0.19999999 -0.57295775 -1.1459155 2.8647888
