3.347196 9.055147 2.3272352 -7.710816 -3.41369 7.1535096
2.7582045 8.961771 2.2769554 -4.7008147 -8.313691 2.77851
2.9090438 8.825297 2.3966691 -5.0158153 -5.6186905 0.60851
3.0359404 8.813326 2.4541316 -5.330815 -3.30869 3.2335103
2.9593236 8.825297 2.360755 -2.915815 -4.42869 4.1085105
3.110163 8.851634 2.3535721 -0.88581496 -3.6936903 4.7735105
3.3160706 8.945011 2.2721667 -0.67581505 -2.74869 6.3485103
3.2298768 8.980925 2.308081 -0.535815 -3.48369 6.10351
3.265791 8.980925 2.3918805 -1.935815 -3.65869 4.5635104
3.1556542 8.966559 2.5307484 -3.650815 -4.56869 4.5635104
3.2083282 8.971348 2.6241252 -4.385815 -5.09369 4.3185105
3.1963568 9.081485 2.7222905 -4.490815 -3.44869 4.70351
3.0359404 9.215564 2.6791935 -2.6358151 -3.55369 4.98351
3.014392 9.352037 2.770176 -0.395815 -4.1836896 5.01851
3.083826 9.804555 2.7893302 -0.395815 -2.88869 7.04851
2.9641123 10.343267 2.885101 -0.780815 -2.3636901 10.30351
2.7845416 11.016058 3.189174 -3.090815 -4.1836896 13.8385105
3.0646718 12.198831 3.3495905 -5.610815 -2.5386899 20.45351
3.11974 13.755109 2.5331428 2.3341851 4.32131 28.64351
5.288953 14.827744 2.099779 18.959187 4.56631 33.578506
5.073468 15.162942 2.281744 26.449184 1.94131 31.303509
3.6081722 15.380821 2.2314641 21.794184 -9.748691 13.558511
3.6225379 14.978583 2.6265194 14.899185 -15.138691 -5.0614905
4.9776974 14.382409 3.2346652 5.6591854 -14.368691 -10.34649
6.1915946 14.243541 3.258608 7.6191854 1.66131 -13.63649
5.664854 13.968199 3.2490308 21.864185 2.71131 -33.34149
4.8388295 13.429487 3.1963568 34.149185 3.37631 -51.68149
4.922629 12.914719 2.6337023 48.814186 0.50631005 -55.04149
4.62095 12.186859 1.8842943 57.669186 -9.92369 -51.436493
5.317684 11.90194 1.8962656 52.874184 -17.623692 -48.84649
4.7550297 11.221966 2.1596358 40.204185 -13.983689 -54.271492
4.1756153 10.604243 2.1332989 33.37918 -7.99869 -56.056488
4.168432 10.051166 1.9633054 34.359184 -11.39369 -50.596493
4.4820824 9.636956 1.9704882 33.589188 -17.44869 -45.20649
4.0367475 9.225141 2.2841382 27.639185 -17.58869 -45.10149
3.3926873 8.818114 2.4589202 25.434185 -12.30369 -45.03149
3.7207031 8.6984005 1.8004947 35.199184 -8.13869 -38.73149
3.7614057 8.391933 0.9481328 51.719185 -14.15869 -34.18149
2.9162266 8.042369 0.6608198 57.984188 -24.308691 -40.90149
1.89866 7.7119594 0.5650489 51.054184 -30.67869 -46.08149
2.2841382 7.7694216 0.5147691 41.919186 -33.51369 -37.08649
2.978478 7.350424 0.12450229 35.934185 -34.42369 -23.331491
2.3559663 7.187613 0.016759925 29.284184 -26.65369 -23.786491
1.7550035 6.979311 -0.24182175 20.744184 -15.06869 -32.501488
1.5778271 6.9912825 0.19393626 12.519185 -8.24369 -34.60149
1.7550035 6.9314256 0.32801566 4.994185 -10.02869 -33.58649
1.5036045 6.9457912 -0.29210153 6.604185 -14.29869 -36.036488
0.75659084 6.8907228 -0.76137936 10.524185 -8.62869 -40.62149
0.18914771 6.7925577 -0.4740664 6.3241854 -0.68369 -43.87649
0.14844504 6.969734 -0.4836435 -0.850815 0.78631 -43.561493
0.18196489 6.938608 -0.8834874 -1.655815 -5.6186905 -42.51149
-0.5818088 6.9074826 -0.55307746 -2.180815 -10.693691 -46.01149
-1.1061549 6.7231236 -0.076616794 -9.110815 -8.06869 -51.15649
-1.4221992 6.821289 -0.26337022 -13.555816 -4.49869 -50.03649
-0.8571504 6.821289 -1.089395 -8.095816 -2.81869 -42.47649
-0.85954463 6.4501762 -1.4844503 -1.8658152 -0.92869 -33.79649
-1.5754328 6.438205 -1.4437478 -4.0358152 4.35631 -33.131493
-2.516383 6.8787518 -0.6392714 -13.415815 8.836309 -37.29649
-2.631308 6.9074826 -0.07422252 -26.295815 11.60131 -39.22149
-2.5499027 7.2953553 0.08140534 -33.750816 12.33631 -35.371494
-2.2003386 7.85801 0.29689008 -27.940815 4.00631 -24.31149
-1.5874043 8.375174 0.4070267 -14.570815 -11.988689 -11.60649
-1.010384 8.827691 0.0 11.224185 -23.39869 5.0535097
-0.8332076 8.980925 -0.28970724 16.999186 -19.933691 2.32351
-0.90503585 9.050359 -0.22266756 17.839186 -21.753689 -3.5914903
-1.0798179 9.0838785 0.014365649 17.874186 -25.77869 -7.65149
-1.4245936 8.873182 -0.6847626 22.109186 -24.308691 -9.47149
-1.6520497 8.573898 -1.2953026 24.244186 -17.09869 -11.46649
-1.7262721 8.145323 -1.1971374 13.989184 -8.55869 -11.64149
-2.5020173 7.580274 -0.9122187 -0.010815 -2.32869 -12.55149
-3.4142358 7.893924 -0.6153286 -8.060815 6.4563103 -13.7064905
-3.0910087 8.243488 -0.17957062 -6.940815 8.52131 -7.0564904
-1.6616267 8.6433325 -0.505192 4.539185 -2.4686902 8.16851
-1.2138973 9.12937 -1.1396748 19.134186 -12.75869 16.98851
-1.0846065 9.584282 -0.95531565 19.764185 -12.86369 15.1685095
-1.0175668 9.6896305 -0.70870537 9.334186 -6.5286903 12.123509
-0.9912298 9.75667 -0.5506832 2.684185 0.82131004 9.848511
-0.9505271 9.838076 -0.7853221 2.159185 3.65631 7.50351
-1.333611 9.895537 -0.80208206 2.509185 3.41131 4.94851
-1.4054393 9.871595 -0.8667275 0.899185 3.8663101 3.2335103
-1.1516461 9.759064 -0.93616146 1.599185 3.23631 3.8635097
-1.0510867 9.737515 -1.0941836 2.964185 -0.47369 4.0385103
-1.1444633 9.603436 -0.8786988 1.214185 -2.85369 2.25351
-1.3479767 9.12937 -0.4070267 -4.945815 -0.71869 0.81851
-2.0447106 9.093455 -0.14605077 -8.935815 1.83631 0.15351
-1.8196489 9.174861 -0.14605077 -6.170815 2.9913101 0.99351
-1.2617828 9.529214 -0.14605077 1.389185 -2.39869 6.7685103
-0.8044763 9.802161 -0.505192 10.4541855 -10.76369 12.0885105
-0.5554718 10.101445 -0.81165916 16.369184 -10.8686905 14.048511
-0.28970724 10.302565 -0.9984126 16.684185 -7.82369 14.53851
-0.28970724 10.292988 -1.175589 12.554185 -5.16369 12.0885105
-0.51955765 10.2642565 -1.1827718 6.394185 -1.5936899 6.62851
-0.8547561 10.012857 -0.92658436 -1.025815 2.46631 1.6935099
-1.1300977 9.821315 -0.5219519 -8.865815 6.4913096 -1.59649
-1.0558752 9.835681 -0.4956149 -11.770815 7.68131 -2.4014897
-0.89067024 9.941029 -0.69194543 -6.730815 2.57131 -0.05649
-0.8092649 9.821315 -0.66800267 0.54918504 -4.7436895 1.55351
-0.8571504 9.838076 -0.53392327 2.404185 -6.5286903 1.34351
-0.7877164 9.80695 -0.46209505 0.374185 -4.9886904 0.99351
-0.6368771 9.938635 -0.5123748 -1.270815 -1.5236899 2.04351
-0.59378016 9.98652 -0.4166038 -1.2358149 1.3113099 2.32351
-0.6105401 9.962578 -0.43336374 -1.515815 0.78631 1.09851
-0.7781393 9.842864 -0.6751855 -0.640815 0.29630998 -0.51149005
-1.0486923 9.840469 -0.749408 1.844185 1.9063098 -2.33149
-0.8978531 9.816526 -0.66321415 2.124185 -0.19369 -1.14149
-0.8140534 9.830893 -0.6943397 3.6291852 -2.67869 -0.47649
-0.9217958 9.792584 -1.0295382 5.834185 -4.21869 -2.64649
-1.0798179 9.771035 -0.93616146 2.614185 -1.24369 -4.01149
-0.9888355 9.646533 -0.5698374 -4.3508153 2.25631 -2.22649
-1.1229149 9.584282 -0.45730647 -4.6658154 1.5563099 -1.3514899
-1.2953026 9.543579 -0.55786604 0.059185002 -1.17369 -1.77149
-1.2138973 9.45978 -0.7637737 3.9791849 -3.6236904 -1.10649
-1.1492519 9.517242 -0.8236305 5.5541854 -4.53369 0.64351
-1.0774237 9.550762 -0.6440599 5.344185 -5.68869 1.06351
-0.9026416 9.771035 -0.6368771 5.449185 -6.70369 1.7285101
-0.80208206 9.921875 -1.132492 8.599185 -6.91369 3.1635098
-0.76137936 9.881172 -1.4581133 9.684185 -6.00369 2.39351
-0.85236186 9.818921 -0.9074302 1.389185 -1.97869 0.71351004
-1.0391153 9.771035 -0.5027977 -7.990815 0.85631 -1.0364901
-1.0247496 9.711179 -0.43815228 -8.760816 0.36631 -2.5764902
-0.9577099 9.737515 -0.69194543 -3.160815 -2.81869 -2.22649
-0.91700727 9.718362 -0.679974 1.1791852 -4.21869 -1.63149
-1.0846065 9.620196 -0.47885495 -0.255815 -2.64369 -1.66649
-1.2258687 9.536397 -0.34956414 -2.7408152 -0.43869004 -2.2964902
-1.1564348 9.536397 -0.32562137 -2.005815 -0.33369002 -1.8764901
