1.4796618 9.804555 0.9696813 -3.672025 -2.191175 7.9177356
1.7909175 9.598648 0.67757976 0.807975 -3.171175 3.9277353
1.4509305 9.538791 1.1564348 -3.9520247 -9.576176 5.537735
1.3168511 9.447808 1.7669748 -13.472025 -2.716175 7.1827345
1.6999351 9.495694 1.9489397 -15.537025 4.948825 11.242736
1.5969813 9.591465 1.6927522 -2.622025 1.273825 9.317735
1.5826156 9.613013 1.2809371 6.7579746 -0.091175005 7.147735
1.5490957 9.608225 1.2785428 7.072975 0.43382502 6.517735
1.5730386 9.495694 1.5059988 1.927975 2.4288251 6.3427353
1.7143008 9.478934 1.4916332 0.24797498 3.4788249 6.062735
1.6089526 9.577099 1.333611 2.2429752 1.938825 4.977735
1.637684 9.670476 1.2067145 2.907975 1.0988251 4.137735
1.7573977 9.632168 1.211503 -0.242025 1.658825 5.082735
1.7717633 9.682447 1.5275474 -4.6870246 2.3238251 4.627735
1.7573977 9.565128 1.6664152 -6.997025 3.9338248 4.4877353
1.5395187 9.335278 1.7166951 -5.072025 4.038825 5.747735
1.690358 9.2490835 1.6424725 -1.642025 4.6688247 9.422735
2.135693 9.596253 1.4605076 2.277975 4.0038247 13.377735
2.2170985 9.8787775 1.1013664 6.2679753 0.573825 13.342735
1.2905141 10.221159 1.0008069 6.862975 -0.721175 9.3527355
0.967287 10.522838 0.70870537 0.947975 3.0938249 9.772736
0.7206767 11.612233 1.0941836 -9.692025 4.633825 20.797735
1.7645805 13.283437 2.1835787 -23.062025 3.618825 37.00274
3.3064935 14.13101 2.2530127 -28.872026 -0.091175005 55.657738
1.690358 14.779859 1.759792 -18.932026 1.1338251 59.01774
-0.08140534 15.246742 1.89866 -9.762026 4.5988255 47.327736
1.2809371 15.340118 2.2123098 -13.927026 8.273825 56.91774
4.3408203 15.258714 2.0902019 -20.647026 5.823825 84.56774
6.9074826 15.893196 1.7454263 -16.727024 0.818825 88.27773
6.4525704 15.153365 1.8220432 -9.412025 3.1288252 61.327736
4.309695 14.447054 3.162837 -9.062025 17.093826 24.577736
4.2570205 13.32414 3.6009893 -8.082026 33.403824 -7.237265
5.5954204 12.75909 2.4277947 14.387975 33.26383 -14.132265
5.7965393 12.407132 1.2953026 48.93298 18.843824 -17.422266
4.2139235 11.576319 1.525153 62.617977 10.548825 -33.172264
4.12773 11.327314 1.9465454 57.507973 7.293825 -46.997265
4.336032 10.78142 1.4796618 54.532974 5.6138253 -47.03226
3.8021083 10.498895 1.5969813 57.507973 1.7288251 -40.242264
4.7143273 10.254679 1.7502149 55.617973 -4.641175 -35.552265
6.22272 10.096657 0.9313729 52.677975 -11.816175 -28.692265
4.723904 9.368797 0.9194015 56.24798 -19.026175 -31.632265
3.3591676 8.73192 1.2067145 56.212975 -19.096176 -48.292267
2.2266755 8.324894 1.228263 50.437973 -21.266174 -56.587265
3.6991546 8.073495 0.42618093 45.082977 -27.671177 -48.887268
4.810098 7.7694216 0.0023942748 37.102978 -31.486176 -31.562267
3.4836698 7.4414062 0.28252444 -0.067025 -18.781174 -30.827267
1.4413534 6.9505796 0.06464542 -15.152025 -8.351176 -41.117264
0.7709565 6.718335 1.0223553 -24.882025 -11.991176 -38.667267
2.4613144 6.8715687 1.3192455 -26.912025 -14.616177 -20.467264
3.5674694 7.431829 1.2306572 -17.392025 -17.521175 -13.607265
2.3559663 7.4030976 1.446142 -5.772025 -25.816175 -34.78227
0.818842 7.4533772 1.0846065 10.5029745 -35.12618 -52.94727
-0.05985687 7.695199 1.158829 26.812975 -47.551174 -50.042267
-0.49082634 7.9154725 0.70870537 36.92798 -54.131176 -33.067265
1.0606637 7.5467544 0.05027977 37.627975 -50.87618 -12.732265
2.047105 8.332076 0.5770202 26.217976 -44.436176 8.862736
1.3527653 8.674458 0.90503585 17.537973 -30.506176 16.562735
0.4764607 8.293768 0.8092649 21.527975 -21.966175 10.262734
1.776552 8.250671 -0.28252444 34.477974 -25.011175 12.4327345
3.15326 9.091062 -1.7717633 48.827972 -37.576176 24.892735
2.8300328 8.9186735 -2.264984 45.327976 -40.551174 17.927736
1.5874043 8.758257 -3.014392 21.177975 -40.061172 -3.7022653
1.541913 8.688824 -1.7382435 -5.037025 -30.156174 -9.582265
1.7933118 8.267431 -0.68236834 -45.742027 -3.171175 -9.267265
2.317658 8.356019 -0.44772938 -59.81202 17.653824 -9.407265
2.1093562 8.332076 -0.24900457 -53.862026 19.998825 -16.582266
0.7206767 8.056735 -0.8044763 -46.022026 11.913825 -31.037264
-0.009577099 7.7502675 -1.1492519 -38.707027 12.193826 -45.492264
0.22745611 7.1229677 0.18675344 -42.032024 13.313826 -50.53227
0.21787901 7.1349387 1.4365649 -52.847027 -4.7461753 -46.752266
-1.1157321 7.4845033 1.2186859 -49.312027 -18.466177 -43.917263
-1.3886794 7.206767 0.52674043 -29.537027 -18.396175 -40.312267
-0.8547561 7.0295906 0.7709565 -8.117025 -24.276176 -29.742268
-0.9624985 7.2594414 1.6233183 3.152975 -43.001175 -19.067265
-1.0032011 7.415069 1.2043202 10.467976 -56.091175 -16.162264
-1.2522057 7.084659 0.54350036 19.672976 -53.116177 -16.337265
-1.5203645 7.4868975 0.16759923 21.632975 -38.276176 -13.887264
-1.0846065 8.030397 -0.44294083 14.807977 -19.831175 -6.572265
-0.9026416 8.475733 -1.0774237 5.497975 -1.3861749 1.6877351
-1.3096683 8.403905 0.2944958 -12.072024 25.388826 3.472735
-1.4700848 8.248277 1.5203645 -42.137024 56.153828 2.317735
-1.3360053 8.6984005 1.2043202 -56.767025 68.36883 3.612735
-0.7733508 9.289786 0.67279124 -38.392025 56.153828 6.657735
-0.67279124 9.182044 0.3040729 -12.282024 32.283825 6.622735
-1.0486923 8.985713 0.4189981 2.942975 4.4588246 -5.102265
-1.0606637 9.227535 0.2083019 0.527975 6.523825 -2.617265
-0.70870537 9.5244255 0.23463893 0.107975006 10.863825 1.302735
-0.38787252 9.648928 0.505192 0.002975 8.413825 3.2627351
-0.37111259 9.7135725 0.026337024 5.147975 -0.93117493 1.932735
-0.2370332 9.79019 0.09577099 7.947975 -8.491175 0.077735
-0.1340794 9.866806 0.45251793 5.217975 -11.571176 0.077735
-0.3615355 9.7135725 0.102953814 4.657975 -8.631175 -1.427265
-0.31843856 9.818921 0.5147691 0.387975 -1.4211751 -1.287265
-0.22506183 9.737515 0.67279124 -3.9870253 -0.126175 0.182735
-0.23224466 9.816526 0.6344828 0.107975006 -3.521175 -0.762265
-0.29928434 9.735122 0.28252444 5.9529753 -10.0661745 -1.287265
-0.23463893 9.864412 0.17238778 6.407975 -9.366176 -0.832265
-0.07422252 10.017646 0.09577099 1.087975 -5.166175 1.967735
-0.05027977 9.974549 0.13647367 -3.0770252 -3.6961749 1.967735
0.028731298 9.945818 0.4668836 -6.087025 -3.521175 -0.657265
-0.057462595 9.816526 0.8284191 -7.732025 -6.006175 -3.4572651
-0.28731298 9.708784 0.5219519 -5.352025 -4.921175 -6.3272653
-0.2849187 9.850046 0.60335726 -2.587025 -1.1061751 -5.697265
-0.045491222 9.893144 0.71588814 -3.0770252 -0.371175 -2.267265
-0.076616794 9.79019 0.6344828 -1.782025 -1.071175 -1.497265
-0.17717634 9.921875 0.43815228 1.6129751 -1.5611751 -3.0022652
-0.26337022 9.859624 0.35674694 2.872975 -1.281175 -3.247265
-0.30167863 9.847652 0.4644893 1.717975 -1.246175 -2.337265
-0.3232271 9.833286 0.42378664 1.472975 -3.4161751 -1.252265
-0.17238778 9.852441 0.46209505 3.117975 -6.636175 -0.97226495
-0.17717634 9.778218 0.4860378 3.047975 -6.146175 -0.097265005
-0.23942748 9.8548355 0.5698374 2.1379752 -4.501175 0.91773504
-0.21548474 9.862018 0.47167215 2.207975 -4.956175 1.0577351
-0.2561874 9.890749 0.5027977 2.487975 -4.046175 0.427735
-0.16041641 9.816526 0.4166038 2.732975 -2.5761752 -0.48226503
-0.30167863 9.763853 0.19393626 4.552975 -4.501175 -1.252265
-0.2777359 9.761458 0.49082634 5.322975 -6.251175 -2.757265
-0.2777359 9.677659 0.6153286 1.962975 -5.236175 -2.3722649
-0.5243462 9.660899 0.39505535 0.702975 -3.171175 -1.1472651
-0.42378664 9.751882 0.5865973 2.7679749 -1.8411751 -0.69226503
-0.2657645 9.680053 0.57223165 3.292975 -2.9261749 0.182735
-0.24182175 9.802161 0.19154198 4.797975 -5.726175 0.707735
-0.41181526 9.718362 -0.076616794 8.892976 -8.666176 -0.272265
-0.5889916 9.627379 0.37590113 -0.767025 2.183825 -1.0072651
-0.62251145 9.613013 0.56744313 -6.437025 10.093825 3.612735
-0.4189981 9.79019 0.40223816 -2.412025 9.148825 7.6727347
-0.014365649 9.948212 0.46927786 3.7479749 -0.091175005 7.777735
-0.20111908 9.842864 0.17238778 8.262975 -9.576176 3.2627351
-0.409421 9.840469 -0.062251143 11.027975 -14.266175 -1.532265
-0.42618093 9.766247 0.13168511 7.4229755 -12.796175 -2.022265
-0.3998439 9.759064 0.40463245 1.157975 -6.216175 -0.447265
