1.4916332 9.452597 1.5778271 -4.881695 -3.56965 2.52042
1.4054393 9.380769 1.3120626 -0.22669499 -4.1996503 0.91042006
1.3407938 9.323306 1.3192455 2.5733051 0.49035 2.76542
1.3647367 9.28021 1.2091088 3.1683052 2.17035 4.13042
1.5131817 9.325701 1.1109436 4.778305 0.21035 5.46042
1.6831752 9.4095 1.0391153 5.8283052 -0.73465 7.00042
1.5467016 9.438231 1.1157321 4.533305 -1.99465 6.9654202
1.3551595 9.37598 1.1396748 2.153305 -2.1346502 6.7904205
1.3168511 9.519637 1.1731946 0.648305 -1.60965 8.43542
2.0806248 9.912297 1.3024855 0.61330503 -3.8496504 12.46042
2.0542877 10.082292 1.350371 0.683305 -9.099649 15.085421
1.6999351 10.029617 1.4269878 -0.016695 -6.78965 11.44542
1.620924 10.106234 1.2953026 -1.661695 2.1353502 8.925421
1.7741576 10.671283 1.3000913 -2.361695 4.5503497 11.23542
2.0447106 11.4446335 0.9768641 -2.956695 -0.13965 14.52542
1.7526091 12.364035 1.3838909 -8.101695 -5.59965 15.40042
1.089395 13.53723 1.7813405 -21.086695 -2.55465 15.190419
1.4485363 14.878024 1.8004947 -30.011698 0.80535 17.25542
2.5044115 16.190086 2.004008 -34.071693 1.8903501 25.20042
2.4062462 16.266703 3.007209 -41.036694 6.6853504 35.595417
2.6791935 16.21403 3.265791 -45.831696 12.07535 36.50542
4.4461684 15.773482 1.9800652 -32.671696 10.46535 34.755417
4.292935 14.921121 2.2889266 -9.851695 -3.04465 30.06542
3.8930907 14.368043 2.8108785 -4.146695 -10.42965 13.685419
4.017593 13.1206255 3.624932 -5.021695 -0.87464994 0.9454201
3.519584 11.708004 3.8284454 -1.626695 11.16535 -8.43458
2.9090438 10.874796 2.8491871 15.698305 17.32535 -16.20458
2.3966691 9.950606 1.8507744 71.068306 -10.98965 -14.6295805
2.3870919 9.79019 1.1013664 79.013306 -27.089651 -9.69458
3.615355 9.364009 0.7901107 67.49831 -22.609652 -4.30458
3.6632404 8.810931 0.24421602 47.443302 -10.00965 -4.79458
3.510007 8.703189 0.8786988 33.233303 -8.57465 -12.0045805
3.1388943 8.506859 0.69912827 25.323305 -16.58965 -25.934582
3.2202997 8.327288 0.6895511 18.603306 -22.71465 -34.684578
3.1700199 7.9154725 0.8643332 8.768305 -19.214651 -38.884583
2.169213 7.678439 1.1277034 2.013305 -14.34965 -45.21958
1.462902 7.7574506 1.1492519 2.853305 -20.22965 -49.13958
1.664021 7.5395713 0.66321415 8.418304 -33.03965 -42.90958
1.9968252 7.537177 0.5147691 11.638305 -32.68965 -32.79458
1.9633054 7.407886 0.26097596 6.7383046 -21.76965 -29.609581
1.4700848 7.84125 0.85236186 -3.026695 -12.3546505 -29.084578
1.0055954 7.5084457 1.0822122 -9.711695 -3.6046503 -28.55958
0.7781393 7.4246464 1.3479767 -8.276695 6.23035 -24.28958
2.2865324 7.640131 1.4509305 -3.7966952 9.69535 -13.649581
2.8084843 7.719142 1.3958622 0.368305 6.51035 -2.8345802
1.664021 7.8795586 0.96489275 8.488305 1.71535 -10.569579
0.723071 8.28898 0.2944958 19.128305 1.7853501 -26.914581
0.52913475 8.075889 0.19633053 27.563305 -1.8546501 -29.609581
0.7685622 7.7742105 0.10055954 24.413305 -14.594651 -24.219582
1.4581133 8.044764 -0.5411061 17.623304 -22.294651 -15.57458
0.967287 8.317711 -0.65842557 14.193306 -26.704649 -11.82958
0.600963 7.963358 -0.3615355 9.678305 -27.12465 -18.269579
0.9433443 7.391126 -0.34477556 3.7983053 -27.47465 -27.22958
0.4070267 7.3169036 -0.4764607 -0.19169499 -31.044651 -31.254583
-0.5506832 7.431829 -0.32801566 -5.7916946 -26.00465 -34.649582
-0.4668836 7.170853 -0.12689656 -14.1216955 -15.60965 -35.66458
-0.48843205 6.924243 0.34956414 -20.421696 -12.84465 -31.639582
-0.87630457 7.048745 0.98404694 -24.726696 -16.659649 -27.68458
-1.3192455 7.328875 0.87630457 -23.081696 -17.84965 -22.32958
-1.3288225 7.513234 0.5458947 -13.806696 -10.21965 -15.7145815
-0.8092649 8.102226 0.28013015 -5.616695 0.42035002 -7.4545803
-1.1229149 8.353624 -0.14844504 -2.536695 5.39035 2.69542
-0.8140534 8.315316 -0.14844504 -2.186695 2.41535 3.78042
-0.67279124 8.691217 0.37590113 -7.8216944 4.5153503 1.8904201
-0.5027977 8.935433 0.9385557 -13.981695 2.41535 4.51542
-0.6344828 8.880365 0.64166564 -5.6866946 -10.63965 -2.76458
-0.81165916 9.1940155 0.22745611 -1.206695 -3.6046503 -1.04958
-0.5243462 9.462174 0.66800267 -1.976695 -2.93965 3.0804203
-0.1699935 9.428655 0.7709565 -1.626695 -7.2446504 2.9054198
-0.19633053 9.694419 0.7134939 3.903305 -10.534651 0.84042007
-0.44772938 9.61062 0.6847626 8.768305 -12.84465 -0.87458
-0.3902668 9.751882 0.48124924 12.618305 -13.299649 -0.069579996
0.05985687 9.955395 0.11013664 15.523306 -15.014651 2.59042
-0.0047885496 9.818921 0.0071828244 11.638305 -12.109651 3.71042
-0.14605077 9.701602 0.49082634 1.663305 -1.64465 3.0804203
-0.19154198 9.766247 0.81165916 -4.391695 3.1853502 4.9704204
-0.08140534 9.888355 0.55786604 -0.50669503 -0.13965 5.46042
-0.30646718 9.742304 0.052674048 6.528305 -2.93965 4.5504203
-0.05506832 10.010463 0.23463893 8.173305 -0.20965 2.17042
-0.06464542 9.72315 0.409421 4.043305 2.3103502 -0.76958007
0.0 9.852441 0.6943397 1.663305 1.0503501 1.19042
0.09577099 9.794978 0.31125572 3.6583052 -3.32465 3.32542
-0.11253092 9.814133 0.29210153 8.803305 -6.89465 2.3104198
-0.20111908 9.6585045 0.21309046 8.873305 -6.75465 0.10542
-0.11013664 9.775824 -0.16759923 6.6333046 -3.0096498 -0.52458
-0.08858817 9.921875 0.0071828244 2.538305 3.25535 2.69542
-0.05985687 9.73991 0.28731298 -2.6416953 4.23535 4.20042
-0.13647367 9.61062 0.28013015 -4.2166953 0.87535 2.24042
-0.09577099 9.833286 0.028731298 -1.941695 -0.45464998 0.21042
0.047885496 9.8237095 -0.24900457 -1.451695 2.5903502 1.9954199
0.22027329 9.749487 0.32801566 -7.016695 8.71535 5.07542
0.24900457 9.761458 1.1564348 -17.201696 13.72035 6.58042
0.37350687 9.962578 1.2689656 -19.336695 12.3553505 5.88042
0.11971374 9.929058 0.57223165 -9.221695 7.805351 2.87042
0.22266756 10.024829 0.2083019 5.093305 1.26035 -0.94457996
0.15323359 9.938635 0.028731298 12.338305 -6.99965 4.2000003E-4
0.18196489 9.91948 0.38068968 8.698305 -8.60965 -1.7145799
0.27294734 9.948212 0.92658436 -0.786695 -2.1696498 -1.4695799
0.21309046 9.775824 0.89067024 -7.8566947 2.80035 0.28042
0.19633053 9.828498 0.6368771 -6.631695 4.93535 -0.45458004
0.08140534 9.761458 0.37111259 3.5183048 0.91035 -1.4695799
-0.011971374 9.8548355 0.31365 4.778305 -1.0496501 -1.5745801
0.14844504 9.933846 0.2681588 5.0583053 -2.62465 0.63042
0.3232271 9.799767 0.31843856 3.903305 -2.90465 1.4704201
0.23463893 9.8787775 0.45251793 2.2233052 -2.4146502 -0.17458001
0.0047885496 9.763853 0.45251793 1.278305 -2.3796499 -2.37958
0.045491222 9.759064 0.34477556 2.398305 -1.5396501 -2.58958
0.05506832 9.670476 0.2777359 2.923305 -0.90965 -0.83958006
0.0023942748 9.737515 0.41181526 1.313305 -0.55965 -0.45458004
0.12689656 9.833286 0.41420954 0.298305 0.28035 0.52542
0.15802214 9.708784 0.2681588 1.2083051 0.24535 0.63042
-0.16759923 9.80695 0.4166038 1.523305 -0.73465 -0.94457996
-0.009577099 9.703996 0.52913475 0.858305 -1.0496501 -1.11958
0.13647367 9.814133 0.6296943 1.2083051 -1.71465 0.42042
0.18435916 9.859624 0.41420954 3.1683052 -2.62465 1.6804199
