2.1021733 9.490906 0.89545876 2.258305 0.73535 0.87542003
2.1572416 9.402317 0.6392714 1.4183052 -5.70465 2.03042
2.011191 9.399923 0.6105401 2.3633053 -4.1996503 3.6054199
1.9872481 9.325701 0.6703969 1.628305 1.7503501 4.37542
2.0447106 9.227535 0.57462597 1.698305 2.34535 4.90042
2.020768 9.268238 0.4764607 4.008305 -0.03465 5.9154196
2.0327394 9.3280945 0.4764607 5.898305 -1.92465 6.33542
2.3392065 9.498088 0.6177229 5.513305 -2.1346502 7.42042
2.1404817 9.684841 0.58420306 4.428305 -1.08465 9.03042
1.7933118 10.063137 0.43575802 5.303305 -1.3996501 9.170421
1.5778271 10.987327 0.26097596 6.073305 -1.11965 9.275421
1.5203645 12.625011 -0.052674048 2.678305 1.57535 14.210421
1.6688095 13.922708 -0.21787901 -4.076695 7.2453504 21.45542
0.80208206 15.756722 0.7805336 -23.291697 23.485352 36.01542
1.8292259 16.838934 1.2833313 -21.226694 24.60535 40.74042
1.951334 17.296242 0.5506832 -7.751695 15.99535 39.09542
2.0662591 17.593132 0.45491222 -2.711695 17.500349 27.86042
2.1309047 17.286665 1.1923488 -6.876695 29.75035 18.480421
2.770176 16.826963 0.8236305 0.683305 29.225351 14.56042
2.9162266 15.718414 -0.5985687 16.503305 16.73035 13.440421
3.5267668 14.573951 0.028731298 14.088305 11.515349 9.90542
5.437398 14.042421 0.3615355 2.433305 6.37035 10.74542
5.940196 12.87641 0.39505535 -1.731695 -1.6796501 6.16042
3.9984388 11.650541 1.5802214 -8.346695 5.77535 -10.32458
2.8803127 10.697619 2.6337023 -16.116695 18.30535 -17.53458
7.1540933 10.395941 2.8874955 -10.306695 18.16535 -0.55958
10.855642 10.206794 1.1947432 9.328304 8.64535 3.74542
5.9114647 9.454991 1.2234744 24.763306 9.27535 -44.93958
2.3368123 9.220352 3.4166303 19.478306 17.430351 -99.18958
2.9114382 8.226728 2.2075214 23.293304 6.6853504 -95.51458
3.799714 8.341654 0.5913859 42.718304 -10.21965 -61.07458
4.37434 7.8173075 0.23942748 39.428307 -8.8546505 -42.279583
2.466103 7.185219 1.1157321 15.418305 -0.20965 -40.42458
1.7789462 6.830866 1.6017698 -2.8166952 1.9253501 -40.73958
3.0096035 6.550736 1.1995317 -5.511695 -4.51465 -27.404581
2.8611584 6.3759537 1.0199611 -4.1116953 -4.65465 -13.19458
1.89866 6.2490573 1.9393626 -8.766695 2.69535 -9.93958
0.6751855 6.3831367 1.7550035 -10.726695 4.7603498 -7.419581
3.205934 6.32328 0.48124924 3.833305 -3.8496504 2.17042
3.1149516 6.675238 -0.28731298 18.428307 -16.58965 14.28042
2.3128695 6.9721284 0.4189981 16.398304 -21.52465 7.5254197
1.7741576 6.818895 1.5562786 0.018305 -13.75465 -2.06458
2.8443985 6.7279124 1.228263 -9.921695 -6.57965 -4.09458
3.5363438 7.1493044 0.47885495 -3.621695 -7.5246506 4.09542
3.1173458 7.151699 0.67757976 4.078305 -8.784651 7.10542
2.473286 6.63693 0.9720756 3.4483051 -9.064651 -4.40958
1.5826156 6.589044 0.85236186 0.858305 -10.114651 -18.12958
1.6233183 6.526793 0.0047885496 -0.086695 -4.51465 -22.25958
1.5802214 6.342434 -0.045491222 -2.536695 5.14535 -19.49458
0.39266106 6.7494607 0.34956414 -10.656695 7.9103503 -24.18458
-0.50998056 6.5363703 1.2354459 -20.876696 4.90035 -38.954582
-0.7901107 6.3998966 1.5586729 -26.651695 1.9253501 -47.91458
-1.0439038 6.7805862 0.86193895 -0.9966949 -6.6146502 -39.02458
-0.8236305 7.328875 0.18675344 15.138305 -14.489651 -31.70958
-1.0702409 7.2977495 -0.3519584 22.418306 -21.279652 -28.629581
-1.6281068 7.676045 -0.9529214 23.748304 -21.06965 -22.81958
-1.2306572 8.130958 -0.6201172 19.618305 -21.73465 -12.59958
-0.36392978 8.358414 -0.016759925 13.248305 -24.32465 -2.27458
0.5123748 8.746285 -0.21309046 12.478305 -27.12465 2.3454201
0.2753416 8.980925 -0.818842 13.948305 -22.53965 -2.37958
-0.14126222 9.141341 -0.50998056 7.158305 -13.369651 -10.184581
-0.29210153 9.06233 -0.08140534 -2.606695 -8.154651 -12.844581
-0.29928434 9.09585 0.10774237 -5.2666955 -7.7346506 -12.28458
-0.18435916 9.016839 0.14365649 -4.0066953 -9.274651 -11.269581
-0.30646718 9.227535 0.5219519 -1.8366948 -10.56965 -10.21958
0.2370332 9.440625 0.600963 2.678305 -13.439651 -9.02958
0.5411061 9.603436 0.26097596 11.043305 -20.36965 -8.5045805
0.31125572 9.735122 0.11253092 15.698305 -20.824652 -12.91458
-0.38308397 9.569917 -0.23224466 13.948305 -14.13965 -19.459581
-0.6392714 9.677659 -0.10055954 9.293305 -6.08965 -22.04958
-0.62251145 9.483723 -0.105348095 3.6933053 -1.50465 -18.724579
-0.6344828 9.593859 -0.09337672 -0.751695 3.7103505 -11.969581
-0.57223165 9.617802 -0.083799616 -3.201695 7.1403503 -4.40958
-0.46927786 9.634562 0.14126222 -3.726695 6.23035 1.4354199
-0.043096945 9.42626 0.19154198 -1.3466951 1.15535 5.88042
-0.12450229 9.517242 0.27055305 3.763305 -5.5296497 8.05042
0.016759925 9.591465 0.43336374 7.9983053 -9.69465 6.72042
-0.15083931 9.536397 -0.18435916 12.513306 -16.099651 3.6054199
-0.22027329 9.677659 -0.17717634 15.663305 -17.954649 4.2000003E-4
-0.102953814 9.715967 -0.045491222 9.9233055 -10.67465 0.49041995
0.03351985 9.931452 0.30886146 1.803305 -1.8546501 2.59042
0.18914771 10.00328 0.2944958 -2.081695 3.9553502 3.8154202
0.18675344 9.979338 -0.13168511 -0.156695 3.53535 3.2554202
0.076616794 10.032011 -0.19154198 3.903305 1.4353501 1.57542
0.12450229 9.993703 -0.24182175 4.218305 -0.69965 0.070420004
0.12689656 10.0439825 -0.21787901 2.293305 -0.69965 -0.80458003
-0.038308397 9.852441 0.019154198 -0.016695 0.07035 -1.4695799
-0.22027329 9.687236 0.12929083 -2.991695 0.38535002 -3.28958
-0.18196489 9.61062 0.25858167 -2.361695 -3.0096498 -1.67958
-0.045491222 9.694419 0.17478207 1.4183052 -6.47465 -1.4345801
0.05506832 9.783007 -0.04070267 4.008305 -8.924649 -2.30958
-0.04070267 9.828498 -0.17717634 2.608305 -7.48965 -3.46458
-0.10055954 9.895537 0.07422252 -3.0966952 -1.5396501 -3.49958
0.07422252 9.876384 0.2849187 -7.121695 4.30535 -0.59458
-0.071828246 9.804555 0.15083931 -5.2666955 7.2453504 0.63042
-0.24900457 9.845258 0.043096945 -1.3466951 7.84035 0.10542
-0.14844504 9.905115 -0.035914123 1.628305 4.93535 1.19042
0.11253092 9.931452 -0.18196489 4.043305 1.6453501 2.76542
0.045491222 9.864412 -0.32801566 4.708305 1.40035 2.9754202
0.06464542 9.897932 -0.31843856 3.2733052 3.43035 2.59042
0.24900457 9.883567 -0.21548474 1.243305 3.7453501 2.76542
0.3519584 9.873989 -0.28731298 0.333305 2.34535 1.36542
0.045491222 9.943423 -0.31843856 0.088305004 1.82035 -1.74958
-0.14605077 9.694419 -0.28252444 -0.576695 2.17035 -4.6895795
-0.4166038 9.498088 -0.18675344 -1.626695 0.73535 -5.4245796
-0.52913475 9.431048 -0.21309046 -1.8366948 -0.69965 -4.58458
