1.2186859 9.469357 1.1277034 -0.806085 -3.252655 -1.50248
1.2258687 9.45978 0.8092649 1.8539151 -6.192655 -2.44748
1.1875603 9.464568 0.87630457 2.553915 -4.4426546 -0.73248005
1.228263 9.510059 1.1420691 -1.1560851 -2.9026551 0.9825199
1.2330515 9.526819 1.2953026 -4.026085 -2.377655 2.3825197
1.350371 9.644139 1.0965779 -2.4510849 -2.587655 3.36252
1.2857256 9.732727 0.90503585 1.608915 -2.972655 3.1175199
1.2546 9.742304 0.9696813 2.9039152 -1.677655 2.59252
1.2186859 9.641745 1.158829 -0.176085 -1.257655 2.1725202
1.3048798 9.603436 1.158829 -2.591085 -1.2226549 2.1725202
1.3671309 9.668081 0.9984126 -1.5760851 -1.117655 2.34752
1.4748733 9.751882 0.90024734 0.453915 -0.9426551 2.5225198
1.4126221 9.703996 1.0534809 0.55891496 -0.767655 2.1725202
1.3695252 9.648928 1.1133378 -1.226085 0.212345 1.4375199
1.4485363 9.687236 1.0295382 -1.506085 0.037345003 1.33252
1.4269878 9.644139 1.0127783 0.27891502 -0.732655 1.64752
1.462902 9.668081 1.0199611 1.293915 -0.382655 2.24252
1.4245936 9.63935 0.9816527 0.663915 0.492345 2.5225198
1.4341706 9.684841 0.90024734 1.993915 0.52734506 2.5575202
1.403045 9.725544 0.8834874 1.678915 1.192345 2.73252
1.4676905 9.775824 0.90024734 0.803915 2.487345 2.97752
1.4557191 9.780613 0.88588166 0.593915 3.607345 2.90752
1.3623424 9.840469 0.8571504 2.273915 2.5223448 2.20752
1.2713599 9.953 0.6895511 3.918915 2.1723452 2.4525201
1.1827718 10.05356 0.66800267 3.428915 2.487345 3.88752
1.2617828 10.343267 0.54350036 0.83891505 1.367345 6.79252
1.1013664 10.556357 0.5027977 -3.6410851 -0.34765503 10.25752
0.9122187 10.738322 0.90024734 -12.181085 -3.1126552 12.98752
0.9433443 10.771842 1.2641771 -19.006084 -2.762655 16.207521
1.6185298 11.645753 1.228263 -16.136086 -1.537655 18.727522
1.5706443 12.3257265 0.9217958 -4.3760853 -1.8176551 15.12252
0.9481328 12.90993 0.87151605 3.8489149 -2.342655 6.93252
0.043096945 13.582721 0.8236305 4.758915 2.2423449 1.9625201
-0.46209505 14.31058 0.61293435 4.9689155 10.117345 0.59752005
0.3232271 15.012103 0.2657645 4.303915 16.067345 1.4725201
1.5921928 15.778271 0.3902668 -0.316085 11.587345 5.6025205
0.6105401 15.950659 1.2522057 -9.206085 5.5323453 -0.31248
-0.5698374 15.881225 1.7741576 -13.091085 12.672345 -15.047481
-0.11013664 15.306599 1.6927522 -1.0860851 21.037344 -16.552479
1.4437478 14.9714 1.1061549 15.223916 19.707346 -6.15748
3.5483153 14.925909 0.72785956 23.693916 19.637346 4.20252
3.215511 14.267484 1.8938714 21.628916 18.447346 -0.66248
3.1269228 13.2858305 1.7813405 19.808916 21.247343 -16.02748
3.0718546 12.387978 1.1923488 32.303917 22.367344 -21.48748
2.1596358 11.123801 0.6560313 47.038914 14.702346 -21.48748
2.2985039 10.362421 0.82602483 51.09891 3.607345 -13.61248
4.3671575 10.218765 0.11971374 43.153915 -1.0126549 8.787519
6.976917 9.8237095 0.052674048 32.68891 -3.847655 32.44752
4.9202347 9.261055 0.8356019 17.323914 1.192345 28.28252
1.2426286 8.923462 2.2099156 3.1839151 12.182346 -3.32248
0.85954463 7.8460383 2.19555 5.353915 10.152346 -17.91748
4.4054656 8.169266 0.05027977 24.988916 -7.732655 6.1625204
6.60341 8.767835 -1.838803 43.048916 -13.017655 42.947517
4.4030714 8.542772 -0.19633053 33.038918 8.122345 43.99752
2.2266755 8.12138 2.4277947 -12.496084 31.222345 6.93252
1.175589 7.3169036 3.371139 -21.351084 -3.602655 -13.43748
3.1484714 7.2953553 1.8890828 24.953915 -23.657656 10.95752
4.4461684 7.556331 0.6440599 57.538914 -26.562654 25.062521
5.0567083 7.9346266 -0.82602483 66.708916 -23.342655 15.402519
3.7063375 8.039975 -0.75659084 56.663918 -31.672657 -10.63748
2.2170985 7.407886 0.22985038 35.243916 -39.407654 -27.402481
1.4341706 6.7901635 0.50998056 22.853916 -35.977657 -20.54248
3.2681851 7.6353426 -1.0726352 24.988916 -20.752653 2.5575202
4.4294086 8.559532 -1.9633054 24.323915 -8.362656 13.022521
3.7326744 8.049552 -1.5562786 4.9339147 -8.222654 -12.807481
2.013585 7.5395713 0.2944958 -19.846085 -25.267654 -45.427483
1.1875603 7.1133904 0.35914123 -23.276087 -42.837654 -56.17248
0.6440599 6.483696 -0.85954463 -2.976085 -51.657658 -50.92248
0.35914123 6.1987777 -0.8786988 9.378915 -50.257656 -36.607483
0.42618093 6.193989 -0.57462597 3.008915 -39.79266 -19.66748
0.35914123 6.2682114 -0.117319465 -9.241085 -23.377657 -4.8274803
-0.098165266 6.0503325 -0.31365 -16.976086 -7.6626554 4.7275195
-0.5458947 6.1461034 -1.7119064 -16.381084 6.8273454 8.962521
-0.6273 6.761432 -0.82123625 -16.136086 16.172346 13.86252
0.12450229 6.629747 1.2953026 -36.716084 29.717346 21.03752
0.3328042 6.8859344 1.2426286 -42.66609 24.082346 18.83252
-0.19393626 7.6688623 -0.22506183 -14.876085 6.9323454 8.752521
-0.24421602 8.296163 -1.5921928 13.718916 -6.122655 -1.57248
0.3232271 8.758257 -2.004008 18.548916 -9.377655 -6.5424805
0.11971374 8.482916 -1.4006507 1.713915 -4.267655 -13.997479
-0.5913859 8.174054 -0.9313729 -19.076084 0.037345003 -31.14748
-1.1396748 8.12138 -0.8356019 -32.411083 2.137345 -44.23748
-1.5203645 8.241094 -0.3615355 -37.416084 4.377345 -46.37248
-1.2761484 8.554744 -0.38547826 -35.351086 2.662345 -40.212482
-0.8044763 9.026416 -0.7541966 -26.286085 -5.632655 -31.567482
-0.7015225 9.074302 -0.6488485 -15.961085 -14.802656 -26.49248
-0.7685622 8.976136 -0.14844504 -13.231085 -21.347656 -27.47248
-0.8332076 9.004868 0.026337024 -14.106085 -25.092655 -26.80748
-0.9529214 9.126976 -0.045491222 -12.391085 -23.517654 -23.62248
-0.81165916 9.25866 -0.20111908 -9.486085 -18.722654 -19.317478
-0.69673395 9.301758 0.05027977 -8.436085 -13.332655 -15.572479
-0.6656084 9.347249 0.08858817 -8.576085 -10.1476555 -11.477481
-0.51716334 9.419077 0.32801566 -5.951085 -11.6876545 -7.6974807
-0.4764607 9.536397 0.45251793 -1.961085 -15.327655 -3.32248
-0.31125572 9.632168 0.11253092 4.303915 -17.532656 -0.10248
0.102953814 10.072714 -0.028731298 8.118916 -18.197657 2.69752
0.22506183 10.017646 -0.0023942748 5.983915 -16.447655 0.31752
-0.052674048 9.873989 -0.0023942748 2.5189152 -13.682656 -4.16248
-0.10774237 10.029617 0.37111259 0.698915 -13.087655 -2.5874798
0.047885496 9.996098 -0.014365649 2.973915 -14.172655 -0.41748002
0.1699935 9.938635 -0.18914771 5.1439147 -15.3976555 -2.48248
-0.15083931 9.749487 -0.031125572 1.468915 -14.277655 -6.2624803
-0.21069619 9.703996 0.038308397 -2.241085 -9.972655 -6.6474805
-0.1340794 9.818921 0.06464542 -3.116085 -6.332655 -3.14748
0.057462595 9.809344 -0.076616794 -1.8210851 -3.9526553 0.42252
0.17717634 9.905115 0.016759925 -1.261085 -3.8826551 2.48752
0.25379312 9.981731 0.12689656 -1.7510849 -4.967655 3.01252
0.045491222 9.871595 0.076616794 -2.031085 -4.862655 1.7525201
-0.057462595 9.869201 0.11971374 -1.926085 -2.692655 -0.31248
0.031125572 9.950606 0.28013015 -2.6260853 -2.832655 0.42252
0.15323359 9.917087 0.17478207 -2.4510849 -4.477655 0.63252
0.29689008 9.984126 0.18675344 -1.436085 -5.912655 -1.5374801
0.08619389 9.883567 0.13647367 -1.506085 -7.067655 -3.8474798
-0.20590763 9.744699 0.339987 -2.3810852 -6.612655 -6.0174804
-0.19633053 9.629773 0.45012367 -2.1360848 -7.767655 -5.9474797
-0.11971374 9.787795 0.28013015 2.448915 -12.352655 -3.70748
-0.08858817 9.79019 0.11013664 8.398914 -15.852655 -2.16748
-0.11253092 9.696813 0.021548472 5.773915 -8.117655 -1.8174801
-0.052674048 9.943423 0.24421602 -4.411085 7.2823453 1.29752
0.12450229 9.883567 0.45491222 -12.426085 16.137344 4.09752
0.021548472 9.950606 0.50758624 -10.746085 12.357346 1.64752
-0.13886794 9.924269 0.31843856 -2.731085 3.922345 -4.05748
-0.37590113 9.675264 0.17717634 3.1839151 -1.957655 -8.32748
-0.4956149 9.694419 0.16520496 3.5689151 -2.692655 -9.202479
-0.40223816 9.850046 0.1987248 2.133915 -0.907655 -5.17748
-0.25379312 9.924269 0.09577099 1.7489151 1.052345 1.33252
-0.17957062 9.766247 0.1987248 1.9239151 1.822345 4.7625203
-0.19633053 9.797373 0.18196489 0.9789151 1.752345 4.6575203
-0.24421602 9.8237095 0.019154198 0.138915 0.562345 4.20252
-0.2681588 9.852441 0.043096945 0.48891497 -3.182655 1.6125201
-0.30886146 9.826104 0.13168511 -0.771085 -5.562655 -1.60748
-0.26097596 9.715967 0.18675344 -1.1560851 -4.302655 -0.80248
-0.10774237 9.90272 0.2681588 -0.24608499 -4.302655 -0.20748
-0.047885496 9.842864 0.090982445 1.1189151 -4.0926547 -1.39748
-0.3615355 9.761458 0.12929083 0.418915 -1.677655 -4.19748
-0.21787901 9.766247 0.3902668 -2.591085 -1.3276551 -3.3574803
-0.21069619 9.778218 0.37350687 -2.1360848 -1.257655 -1.74748
-0.2561874 9.833286 0.14365649 0.94391495 1.5073451 -2.8324802
