2.85 9.8 -0.7 0.0 -1.7188734 2.291831
2.8899999 9.84 -0.62 -1.7188734 -1.7188734 3.4377468
2.8899999 9.84 -0.62 -1.7188734 -1.7188734 3.4377468
2.29 9.98 -0.26999998 -5.15662 0.0 -1.7188734
2.56 9.82 -0.48999998 -4.583662 -2.291831 0.0
2.5 9.889999 -0.77 -3.4377468 3.4377468 1.1459155
2.58 9.87 -1.0699999 -4.583662 2.8647888 0.0
2.51 9.78 -1.1 -5.15662 1.7188734 0.0
2.36 9.74 -0.9 -6.3025355 1.1459155 -1.1459155
2.4099998 9.889999 -0.61 -6.8754935 -1.7188734 -2.8647888
2.51 9.889999 -0.75 -3.4377468 -2.8647888 -2.291831
2.69 9.9 -0.69 -4.0107045 -0.57295775 -1.1459155
2.26 10.01 -0.25 -5.15662 1.7188734 -2.291831
2.3799999 10.08 -0.21 -5.7295775 0.57295775 -2.291831
2.52 10.24 -0.22999999 -2.291831 0.57295775 -1.1459155
2.4099998 10.82 -0.48 2.291831 1.1459155 -1.7188734
2.47 11.4 -1.0 5.7295775 -1.1459155 -1.7188734
2.6299999 11.759999 -0.84 0.57295775 -1.7188734 -4.0107045
2.71 11.86 -0.51 -4.0107045 -2.291831 -8.021409
2.6799998 11.58 -0.45 -6.3025355 -1.1459155 -14.323945
2.35 11.25 -0.16 -5.7295775 1.7188734 -21.199438
2.22 10.92 -0.17999999 0.0 0.57295775 -25.7831
2.33 10.59 -0.59999996 2.8647888 0.0 -26.929016
2.18 10.599999 -1.0 8.594366 0.0 -27.501974
2.11 10.59 -0.96 7.448451 0.0 -26.929016
1.9599999 10.349999 -0.79999995 2.8647888 0.0 -28.07493
1.5 10.37 -0.84 0.57295775 -1.7188734 -30.366762
1.73 10.41 -0.66999996 -1.1459155 -2.8647888 -29.220846
2.05 10.16 -0.37 -5.7295775 -4.583662 -26.356058
1.8399999 10.2 0.0 -5.7295775 -4.583662 -28.64789
1.48 10.309999 -0.53999996 -0.57295775 -2.8647888 -32.658592
1.68 10.25 -0.76 0.0 -0.57295775 -31.51268
1.54 9.87 -0.57 -2.8647888 0.0 -32.085636
0.87 10.0199995 -0.28 -2.8647888 1.7188734 -33.80451
1.02 10.07 -0.55 0.57295775 1.1459155 -32.085636
1.36 9.99 -0.84999996 2.8647888 0.0 -30.366762
1.17 10.03 -0.87 2.291831 0.0 -32.085636
0.71999997 10.12 -0.94 0.0 0.0 -33.231552
0.53999996 10.099999 -0.84999996 -3.4377468 0.0 -32.658592
0.45999998 10.059999 -0.52 -6.8754935 0.0 -29.793804
0.08 10.53 -0.5 -6.3025355 -0.57295775 -28.07493
0.95 10.5199995 -0.96999997 -4.0107045 -1.7188734 -26.929016
0.98999995 10.42 -0.47 -4.0107045 -1.7188734 -28.64789
0.39999998 10.29 -0.01 -4.583662 -1.1459155 -33.231552
0.089999996 10.04 -0.24 0.57295775 0.0 -37.815212
0.04 9.94 -0.79999995 9.167324 -0.57295775 -37.242256
-0.17 9.929999 -0.84 10.31324 2.291831 -34.377464
0.049999997 9.92 -0.87 7.448451 4.583662 -30.366762
-0.17 9.92 -0.87 7.448451 1.7188734 -28.64789
-0.45 10.05 -0.9 6.8754935 0.0 -29.793804
-0.39 9.929999 -1.0799999 6.3025355 0.0 -29.793804
-0.39999998 9.99 -1.0699999 4.0107045 0.57295775 -27.501974
-0.32 10.0199995 -0.81 -0.57295775 0.0 -25.7831
-0.25 10.08 -0.79999995 -1.1459155 -1.1459155 -28.07493
-0.62 10.03 -0.98999995 0.57295775 0.0 -31.51268
-0.93 9.78 -1.14 -1.1459155 -0.57295775 -32.085636
-1.18 9.8 -1.01 -4.0107045 -0.57295775 -29.793804
-0.94 9.84 -0.78999996 -3.4377468 -1.1459155 -26.356058
-0.7 9.86 -0.96 0.0 -3.4377468 -27.501974
-1.05 10.03 -1.38 1.1459155 -3.4377468 -28.64789
-1.3399999 10.11 -1.28 -1.7188734 -1.1459155 -30.366762
-1.26 10.219999 -0.65999997 -6.3025355 -1.1459155 -30.366762
-1.0699999 9.99 -0.53 -5.15662 0.0 -30.939718
-1.3299999 9.74 -0.66999996 1.7188734 1.7188734 -34.950428
-1.7199999 9.8 -0.76 8.594366 4.583662 -37.815212
-2.22 9.679999 -1.27 14.896902 4.0107045 -38.961132
-2.79 9.8 -1.76 12.032113 0.0 -36.669296
-2.53 9.7 -1.62 6.8754935 -1.7188734 -32.085636
-2.1399999 9.95 -1.0699999 0.0 -3.4377468 -25.7831
-1.67 9.929999 -1.4499999 0.0 -5.15662 -24.637184
-2.05 10.09 -1.5799999 -4.583662 -7.448451 -28.64789
-2.51 10.17 -1.02 -15.469859 -5.15662 -32.658592
-2.77 10.099999 -0.87 -19.480566 -2.291831 -31.51268
-2.56 9.92 -0.7 -18.907606 -2.8647888 -29.220846
-2.6499999 9.98 -0.55 -18.907606 -2.8647888 -29.220846
-2.77 10.16 -0.32999998 -9.167324 -2.8647888 -33.231552
-2.6699998 10.08 -0.52 -1.1459155 -4.0107045 -33.231552
-2.6599998 10.04 -0.48 0.0 -4.583662 -33.80451
-2.8799999 9.87 -0.51 1.7188734 -0.57295775 -36.09634
-3.1999998 9.51 -1.17 6.8754935 0.57295775 -41.825916
-3.1899998 9.389999 -1.15 5.7295775 -0.57295775 -41.25296
-3.53 9.16 -0.47 -4.0107045 -1.7188734 -38.38817
-3.6799998 8.95 -0.65 -4.583662 0.57295775 -37.242256
-3.75 8.83 -1.11 -4.0107045 0.0 -33.80451
-3.82 8.92 -0.85999995 -9.167324 0.0 -30.366762
-3.7099998 8.849999 -1.06 -11.459155 -2.291831 -26.929016
-3.72 8.809999 -1.28 -12.032113 -2.8647888 -26.356058
-4.02 8.91 -0.61 -14.896902 1.7188734 -29.793804
-4.17 8.78 -0.78999996 -8.021409 1.1459155 -33.80451
-4.24 8.889999 -1.13 0.0 -2.291831 -34.950428
-4.22 8.76 -0.7 -2.291831 -5.15662 -34.950428
-4.44 8.5199995 -0.48999998 -4.0107045 -4.583662 -34.950428
-4.44 8.5199995 -0.79999995 -4.0107045 -4.0107045 -35.523384
-4.95 8.66 -1.18 2.291831 -0.57295775 -33.231552
-4.83 8.69 -1.02 0.0 -4.0107045 -28.64789
-4.5099998 8.65 -0.61 -1.7188734 -6.8754935 -28.07493
-4.62 8.44 -0.77 -0.57295775 -4.0107045 -30.366762
-4.85 8.45 -0.58 -1.1459155 -2.8647888 -32.085636
-5.02 8.3 -0.51 0.57295775 0.0 -33.80451
-5.41 8.2 -0.96 6.3025355 1.7188734 -34.377464
-5.37 7.77 -1.0799999 7.448451 2.291831 -32.658592
-5.21 7.52 -0.9 7.448451 -4.0107045 -29.793804
-5.42 7.68 -1.05 5.15662 -9.167324 -27.501974
-5.7799997 7.71 -0.65999997 -2.8647888 -4.583662 -26.929016
-5.49 7.6299996 -0.25 -6.8754935 -3.4377468 -23.49127
-4.98 7.2599998 -0.65 -3.4377468 -5.7295775 -22.91831
-5.49 7.2599998 -0.56 -2.291831 -5.7295775 -25.7831
-5.9 6.83 -0.53 -1.1459155 -0.57295775 -28.07493
-5.81 6.75 -0.38 0.0 -0.57295775 -26.929016
-5.85 6.69 -0.7 3.4377468 -2.8647888 -22.345354
-6.37 6.7 -1.12 5.7295775 0.0 -20.62648
-6.27 6.7 -1.04 2.291831 1.7188734 -16.042818
-6.0499997 6.74 -0.94 -1.7188734 -1.7188734 -10.31324
-6.35 7.18 -0.48999998 -5.15662 -2.291831 -10.31324
-6.21 6.8999996 -0.42999998 -5.7295775 0.0 -9.167324
-6.5499997 7.08 -0.81 -4.0107045 1.1459155 -8.021409
-6.56 7.39 -0.71999997 -4.0107045 1.7188734 -6.3025355
-6.24 7.3599997 -0.69 -6.8754935 -0.57295775 -2.8647888
-6.27 7.47 -0.65 -7.448451 0.0 -2.8647888
-6.21 7.56 -0.91999996 -8.021409 0.57295775 -2.8647888
-6.25 7.64 -1.03 -13.178029 0.57295775 -0.57295775
-6.6299996 7.7 -0.42 -20.053522 1.1459155 -1.7188734
-6.49 7.74 0.02 -18.907606 2.291831 0.0
-5.98 7.7 -0.25 -10.31324 0.0 3.4377468
-5.87 7.7599998 -0.34 -5.7295775 1.1459155 2.291831
-6.02 7.7999997 -0.21 -2.8647888 5.15662 -0.57295775
-6.0 7.73 -0.57 0.57295775 5.15662 -2.291831
-6.06 7.3199997 -0.94 0.57295775 5.15662 -1.7188734
-6.85 7.25 -0.53999996 -3.4377468 5.15662 -2.8647888
-6.67 7.81 -0.89 -2.8647888 4.583662 0.0
-6.3399997 7.8599997 -0.85999995 -2.291831 2.291831 4.0107045
-6.1299996 8.15 -0.55 -6.8754935 0.0 8.021409
-6.04 8.24 -0.22999999 -10.886198 0.0 7.448451
-6.04 8.29 -0.59 -9.167324 0.0 5.7295775
-6.2999997 8.61 -0.28 -7.448451 1.7188734 3.4377468
-5.9 8.47 -0.12 -8.594366 2.291831 2.8647888
-5.8799996 8.37 -0.35 -4.0107045 1.7188734 2.8647888
-6.0499997 8.51 -0.72999996 0.57295775 2.291831 -1.1459155
-6.2 8.309999 -0.96 -2.291831 2.8647888 -2.8647888
-6.2 8.29 -0.96 -5.7295775 2.291831 -2.8647888
-6.1099997 8.059999 -0.38 -10.31324 1.7188734 -2.8647888
-6.0899997 7.95 -0.22999999 -7.448451 2.291831 -3.4377468
-6.17 7.99 -0.34 -4.0107045 1.1459155 -4.583662
-6.2 7.95 -0.75 0.0 1.7188734 -4.583662
-6.31 7.8399997 -0.64 -0.57295775 2.8647888 -4.0107045
-6.21 7.81 -0.5 0.0 0.57295775 -4.583662
-6.24 7.72 -0.94 2.291831 0.0 -5.7295775
-6.5 7.6699996 -1.06 2.291831 0.0 -7.448451
-6.45 7.62 -0.64 -1.7188734 0.0 -4.583662
-6.3199997 7.7 -0.52 -3.4377468 -1.7188734 -1.7188734
-6.25 7.81 -0.53999996 -1.7188734 -0.57295775 -0.57295775
-6.02 7.83 -0.42999998 -2.8647888 0.0 -1.1459155
-6.0099998 7.72 -0.63 -3.4377468 -0.57295775 -1.7188734
-6.54 7.73 -0.71999997 -3.4377468 1.1459155 -4.0107045
