1.61 9.44 1.64 7.448451 -10.886198 5.7295775
1.25 9.54 0.95 5.15662 -19.480566 8.594366
1.42 9.51 1.27 2.8647888 -23.49127 10.31324
1.5899999 9.389999 1.78 5.7295775 -20.053522 9.740283
1.61 9.719999 1.3199999 12.605071 -8.594366 9.167324
2.02 9.95 0.96 11.459155 -4.583662 8.594366
1.9699999 10.08 0.68 6.3025355 -3.4377468 4.583662
1.73 10.139999 0.90999997 0.0 -4.583662 2.291831
1.28 10.45 0.97999996 -4.0107045 -1.1459155 4.583662
1.17 11.53 1.4499999 -5.7295775 5.15662 10.886198
1.6999999 12.7 1.4399999 4.0107045 -0.57295775 9.740283
2.3 13.91 1.14 7.448451 -5.7295775 1.7188734
2.19 14.82 1.0799999 2.8647888 -4.0107045 -6.3025355
2.22 15.49 1.4 0.0 0.0 -11.459155
2.56 15.849999 0.79999995 -8.021409 4.0107045 -18.907606
2.87 16.13 0.61 -40.107044 0.0 -33.80451
2.28 16.02 2.9399998 -28.07493 -6.3025355 -35.523384
3.46 15.759999 3.11 -17.188732 -6.3025355 -36.669296
3.98 14.96 2.56 -8.594366 -3.4377468 -46.98254
3.27 14.299999 2.74 -7.448451 0.57295775 -59.014652
2.69 13.73 3.1299999 -5.7295775 1.1459155 -59.014652
3.35 12.83 2.77 3.4377468 -5.7295775 -50.420284
3.4499998 11.67 2.06 8.594366 -7.448451 -50.420284
3.8 11.05 1.61 10.886198 -10.31324 -53.285076
3.9399998 10.44 1.3399999 8.021409 -11.459155 -59.014652
3.49 10.07 1.1899999 4.0107045 -2.291831 -56.14986
2.77 9.15 0.7 -0.57295775 7.448451 -50.993244
1.1 7.95 0.45 -16.042818 4.0107045 -42.971836
1.37 7.98 1.49 -21.772396 -5.15662 -26.929016
1.64 7.87 1.8399999 -19.480566 -1.1459155 -23.49127
1.8 7.35 1.35 -20.053522 9.740283 -17.188732
2.21 7.2 1.1999999 -21.199438 24.064226 -9.167324
2.36 7.22 1.77 -18.907606 29.220846 -7.448451
2.57 7.54 2.22 3.4377468 32.658592 -28.07493
0.95 6.72 1.8199999 14.896902 27.501974 -38.38817
-1.01 5.96 1.41 18.334648 22.91831 -19.480566
-0.71 6.0899997 1.35 15.469859 29.793804 0.0
-0.25 5.7 1.4399999 19.480566 13.178029 -0.57295775
-1.3299999 5.72 1.89 32.085636 -1.1459155 -1.1459155
-1.67 6.0099998 1.2099999 45.263664 1.1459155 5.15662
-1.13 5.8399997 -0.08 53.285076 12.605071 16.615776
-0.45999998 6.1299996 -0.97999996 45.263664 28.64789 10.31324
-1.25 6.75 -1.12 33.80451 20.053522 -15.469859
-2.2 6.5699997 -0.94 26.929016 -12.605071 -32.085636
-2.49 6.29 -0.71999997 19.480566 -31.51268 -38.38817
-3.01 6.7799997 -0.79999995 9.740283 -17.188732 -41.25296
-4.25 6.8199997 -0.96 -1.7188734 -15.469859 -32.085636
-4.27 7.16 -0.45999998 -15.469859 -22.345354 -21.199438
-3.58 7.2599998 0.42 -21.772396 -16.042818 -17.761692
-3.1599998 7.41 1.25 -18.334648 -8.021409 -19.480566
-3.46 7.71 1.5799999 -5.7295775 -2.8647888 -23.49127
-3.6399999 7.73 1.35 1.1459155 -4.0107045 -22.345354
-4.31 7.93 1.24 7.448451 -4.583662 -19.480566
-4.22 7.99 0.94 12.032113 -9.740283 -11.459155
-3.54 7.91 0.59999996 12.032113 -10.31324 -5.15662
-3.59 8.24 0.51 5.15662 0.0 -3.4377468
-3.55 8.63 0.71 -2.291831 3.4377468 1.1459155
-3.09 8.82 0.79999995 -4.0107045 9.167324 5.7295775
-2.77 8.7 0.45999998 -8.021409 18.907606 3.4377468
-2.98 8.74 0.24 -14.896902 18.334648 2.291831
-2.81 9.09 0.84 -16.615776 6.8754935 2.291831
-2.59 9.15 1.4499999 -7.448451 4.583662 2.8647888
-2.6299999 9.17 0.90999997 -5.7295775 10.886198 5.7295775
-2.3999999 9.099999 0.58 -9.167324 12.605071 7.448451
-2.31 9.2 0.78 -13.178029 8.594366 8.021409
-2.1399999 9.49 1.31 -13.178029 1.7188734 9.740283
-1.6899999 9.78 1.53 -8.021409 -5.15662 10.886198
-1.23 9.62 1.42 -3.4377468 -2.291831 8.021409
-1.3299999 9.78 1.37 -4.0107045 0.0 4.583662
-1.35 9.83 1.36 -5.7295775 2.291831 4.583662
-1.35 9.67 1.4499999 -7.448451 6.3025355 4.583662
-1.55 9.74 1.63 -4.0107045 4.583662 6.8754935
-1.39 9.849999 1.56 3.4377468 -5.15662 4.0107045
-1.1999999 9.88 1.1899999 4.0107045 -1.1459155 2.291831
-1.13 9.83 0.87 1.1459155 3.4377468 0.57295775
-1.3399999 9.71 0.96 -3.4377468 4.583662 0.0
-1.4499999 9.7699995 1.3299999 -5.7295775 2.291831 1.7188734
-1.42 9.719999 1.48 -5.7295775 3.4377468 1.1459155
-1.61 9.61 1.41 -1.1459155 1.1459155 0.57295775
-1.65 9.5 1.29 -0.57295775 1.1459155 1.1459155
-1.64 9.45 1.28 -0.57295775 1.1459155 0.57295775
-1.8399999 9.44 1.3 -0.57295775 1.1459155 2.291831
-1.61 9.5 1.4599999 0.0 0.57295775 4.0107045
-1.23 9.42 1.49 3.4377468 -0.57295775 1.7188734
-1.62 9.61 1.22 3.4377468 0.0 0.0
-1.48 9.58 1.0799999 2.8647888 1.7188734 1.7188734
-1.42 9.54 1.01 0.57295775 2.8647888 0.0
-1.6999999 9.559999 1.25 -0.57295775 1.7188734 -0.57295775
-1.5799999 9.55 1.56 1.1459155 -1.1459155 0.0
-1.5899999 9.5 1.52 6.8754935 -2.291831 -1.1459155
-1.9699999 9.53 1.15 8.594366 0.0 0.57295775
-1.89 9.59 1.04 5.15662 -1.1459155 3.4377468
-1.56 9.65 1.16 3.4377468 0.57295775 4.583662
-1.3399999 9.66 1.09 2.8647888 1.7188734 2.8647888
-1.3299999 9.69 1.1 1.7188734 0.0 -0.57295775
-1.8 9.55 1.3199999 1.7188734 -4.0107045 -2.8647888
-1.8399999 9.5199995 1.38 3.4377468 -4.0107045 -1.1459155
-1.7099999 9.38 1.2099999 4.0107045 -0.57295775 0.0
-1.64 9.5 1.2099999 1.7188734 0.57295775 0.57295775
-1.5 9.59 1.3399999 1.1459155 1.1459155 0.57295775
-1.49 9.51 1.28 2.8647888 1.7188734 -0.57295775
-1.9 9.57 1.11 3.4377468 0.57295775 -1.7188734
-1.9699999 9.55 1.13 2.8647888 -1.1459155 0.57295775
-1.67 9.429999 1.1999999 3.4377468 -1.1459155 1.1459155
-1.54 9.45 1.16 3.4377468 0.57295775 0.0
-1.8 9.42 1.05 2.8647888 -0.57295775 -0.57295775
-1.86 9.57 1.12 3.4377468 -4.583662 1.1459155
-1.42 9.53 1.04 2.8647888 0.0 0.0
-1.67 9.45 0.91999996 0.57295775 2.8647888 -0.57295775
-1.78 9.46 1.1 -0.57295775 0.0 -0.57295775
-1.89 9.46 1.29 0.57295775 -1.7188734 0.0
-1.87 9.42 1.1999999 3.4377468 -0.57295775 1.7188734
-1.66 9.45 0.97999996 3.4377468 -0.57295775 3.4377468
-1.53 9.55 0.95 0.0 1.1459155 2.8647888
-1.55 9.63 1.12 -0.57295775 2.291831 1.7188734
-1.5 9.61 1.25 1.1459155 0.0 1.1459155
