2.6073654 9.656111 1.0343267 -6.577025 -4.816175 3.122735
2.4684973 9.567522 1.4820561 -11.512025 -4.3961754 4.3127346
2.52596 9.469357 1.7885233 -14.277025 1.7638249 5.222735
2.6025767 9.529214 1.5059988 -9.517025 2.393825 5.432735
2.5403256 9.696813 1.1923488 -0.45202503 -0.51117504 3.9277353
2.4589202 9.771035 1.3192455 3.117975 -0.93117493 2.282735
2.403852 9.90272 1.4006507 0.87797505 0.748825 2.282735
2.640885 10.094262 1.4844503 0.002975 0.398825 2.632735
2.310475 10.601849 1.489239 0.597975 0.608825 3.227735
2.2601955 11.250697 1.2617828 2.627975 0.153825 1.932735
3.179597 11.887574 1.4533248 3.012975 0.293825 4.0677347
2.5570855 12.936267 1.7143008 -2.2720249 2.9538252 6.797735
2.1548474 14.087913 1.2929084 -2.342025 6.8038254 2.037735
1.7909175 15.323359 0.6560313 4.342975 7.6088257 2.667735
1.8100717 17.207653 0.81644773 5.217975 8.098825 12.327735
2.8180614 18.299442 1.3288225 -4.967025 10.9338255 23.877735
4.268992 18.91477 1.786129 -17.077024 15.868826 34.272736
4.333637 18.481407 1.4245936 -17.812025 18.878824 32.522736
2.6983478 17.712845 1.2761484 -3.287025 17.198824 10.997735
1.4748733 16.168537 0.6608198 14.247974 15.623825 -19.942266
1.9968252 14.700848 0.8140534 25.412975 10.653825 -32.402267
3.258608 13.652155 0.87151605 26.707975 1.553825 -25.472265
5.4565525 12.469383 0.6895511 19.077974 -18.851175 -2.897265
5.339233 10.970567 1.9752767 8.017975 -25.116175 -11.367266
3.2179053 9.584282 3.5890179 -1.9220251 -12.831176 -22.987265
1.6400782 8.420665 4.1804037 5.742975 7.5738254 -13.502265
3.634509 7.85801 2.1596358 36.82298 -2.786175 20.097734
6.6081986 8.13814 -0.045491222 60.34297 -30.086178 44.737736
5.7558365 7.7694216 0.34477556 43.71798 -28.826176 35.252735
2.4206119 7.084659 2.9641123 2.207975 6.5938253 13.657735
2.2865324 7.0798707 2.760599 -2.342025 22.378826 23.072735
7.3743663 8.006455 0.4932206 23.557976 0.118825 51.03774
8.882759 7.388732 0.9577099 29.402973 -19.726175 39.452736
5.288953 6.9649453 2.7869358 11.517975 -8.351176 -24.457264
1.9728824 6.9457912 1.7813405 20.267975 -2.436175 -78.25226
1.3551595 7.1325445 -0.409421 53.37797 -19.516176 -80.38726
2.9928436 6.941003 -0.74222517 55.897976 -37.821175 -51.722263
5.7007685 7.1493044 -0.7015225 20.792976 -31.276176 -21.062265
4.7598186 7.127756 0.8044763 -25.967026 -4.4661756 -18.332266
2.8611584 7.0966306 2.0542877 -60.687023 24.583824 -45.877266
1.8651401 6.759038 2.7582045 -65.30702 31.023827 -64.56727
1.7406378 6.6153812 2.80609 -45.357025 21.818825 -58.862263
1.6424725 6.4621477 1.6688095 -15.117025 16.078825 -39.577263
2.5499027 7.041562 0.5123748 15.052976 8.798824 -23.092264
2.5115943 7.439012 -0.021548472 29.332975 -8.981175 -20.257265
1.4820561 7.439012 0.409421 27.092978 -23.051174 -34.467266
0.5027977 7.2450757 -0.035914123 17.222977 -27.811174 -49.447266
-0.12450229 7.9394155 -1.3791022 16.172974 -22.631176 -44.722267
0.85236186 8.346442 -1.8938714 19.742975 -14.756176 -26.837267
1.951334 8.140534 -1.175589 8.997975 -15.631175 -16.547266
1.3814965 7.9968777 0.679974 -15.887025 -20.321175 -22.147266
0.3974496 8.130958 1.673598 -35.627026 -18.151175 -34.887264
0.1987248 7.927444 0.5363176 -34.262024 -11.186174 -39.472267
1.1612233 8.006455 -0.86193895 -14.592025 -4.991175 -33.767265
0.85954463 8.171659 0.026337024 -2.902025 -5.446175 -27.327265
-0.15562786 7.7335076 1.185166 -13.297025 -13.671175 -33.697266
-0.77574503 7.2522583 1.6544439 -23.587025 -17.766174 -46.262264
-0.84039044 7.23071 1.1037607 -19.807026 -18.116177 -48.327267
-1.2617828 7.458166 0.8834874 6.232975 -16.716175 -29.882265
-1.6592325 7.4030976 1.3575538 13.897975 -25.921175 -26.452265
-1.6879637 7.144516 1.1444633 22.997974 -33.131176 -22.987265
-2.013585 7.2977495 0.49082634 30.382977 -28.581175 -16.372265
-1.690358 7.8891354 -0.5147691 30.417974 -16.961174 -6.8172646
-1.3647367 8.305739 -0.86193895 23.417974 -6.601175 0.21773499
-1.3982565 8.078283 -0.38787252 12.357976 -2.1561751 -3.7022653
-1.9178141 7.9513865 -0.13168511 3.432975 0.083825 -10.492265
-2.5666625 8.358414 -0.44533512 2.4179752 2.218825 -10.002266
-2.221887 8.545167 -0.43336374 5.8479753 -0.40617502 -2.617265
-1.2833313 8.873182 -0.18914771 8.717975 -13.986176 3.4377348
-0.86193895 9.12937 -0.36392978 10.432975 -25.571177 2.772735
-1.1396748 9.270632 0.0023942748 6.547975 -23.296175 -3.947265
-1.2258687 9.134158 0.35914123 -1.362025 -12.971174 -9.932264
-1.1540405 9.215564 0.090982445 -1.782025 -5.271175 -11.332265
-1.3288225 9.364009 -0.42378664 1.927975 -1.806175 -13.187264
-1.4652961 9.318518 0.16759923 -1.9920251 -1.9111751 -16.197266
-1.7238779 9.009656 0.61293435 -10.252026 -0.791175 -18.892265
-2.0494993 8.703189 0.5698374 -9.552026 1.9038252 -19.032267
-2.1644244 8.626573 0.24900457 -0.522025 -0.336175 -14.062265
-2.403852 8.801354 -0.4836435 9.557975 -6.461175 -8.217266
-2.300898 8.952193 -0.339987 13.197974 -7.091175 -4.472265
-1.7741576 9.167678 0.03351985 7.8079753 -4.4661756 2.667735
-1.0558752 9.562734 -0.06464542 5.672975 -5.761175 11.872735
-0.52674043 9.938635 -0.5865973 10.012976 -11.186174 18.207735
-0.6201172 10.10384 -0.9481328 14.002975 -15.631175 17.367737
-0.5243462 10.015251 -0.4285752 8.927975 -9.681175 10.962734
-0.4860378 9.964972 0.4740664 -5.4220247 1.4838251 6.657735
-0.61293435 9.953 0.409421 -14.347026 6.5938253 5.3977356
-0.5123748 10.008069 0.25379312 -9.797026 3.4438252 4.907735
-0.5458947 10.077502 0.31125572 -1.537025 -4.011175 5.957735
-0.42139238 9.8237095 0.32801566 2.5579753 -9.541175 5.992735
-0.30886146 9.811738 0.38787252 4.692975 -10.836175 5.537735
-0.40223816 9.826104 0.13886794 6.1979747 -7.091175 6.972735
-0.55307746 9.708784 -0.019154198 5.427975 -3.101175 5.3977356
-0.67279124 9.668081 -0.0047885496 4.762975 -1.5611751 3.8227353
-0.84996754 9.778218 0.019154198 6.6529746 -5.411175 3.7877347
-0.22027329 9.941029 -0.15562786 10.467976 -12.866175 6.552735
0.22745611 10.058349 -0.32083282 11.307976 -14.301175 7.532735
0.16759923 10.170879 -0.26097596 5.8479753 -6.321175 3.7527351
-0.2466103 9.921875 -0.17957062 -1.9920251 4.9838247 -1.462265
-0.44294083 9.797373 -0.076616794 -6.227025 10.478825 -2.7222652
-0.6368771 9.862018 -0.12450229 -3.707025 7.1538253 -1.7772651
-0.4836435 9.857229 -0.14605077 0.702975 1.343825 -0.447265
-0.339987 9.826104 -0.24900457 2.627975 -1.3511751 1.757735
-0.339987 9.866806 -0.31604427 2.312975 1.3788251 3.612735
-0.24182175 10.005674 -0.30167863 1.192975 4.143825 4.172735
-0.021548472 9.955395 -0.21309046 -0.312025 4.248825 4.102735
-0.011971374 9.866806 -0.14605077 -0.732025 2.4288251 3.122735
-0.20351335 9.8237095 -0.47885495 0.632975 1.238825 0.63773495
-0.4189981 9.778218 -0.50758624 -0.41702503 3.3738248 -1.567265
-0.5770202 9.555551 -0.27294734 -5.982025 7.713825 -2.827265
-0.7877164 9.557945 0.071828246 -10.252026 9.883825 -3.212265
-0.57462597 9.792584 0.14844504 -10.637025 8.098825 -2.3022652
-0.48124924 9.984126 0.05985687 -8.012025 3.583825 -0.51726496
-0.42139238 9.914692 0.052674048 -5.3870254 1.308825 -0.832265
-0.57223165 9.857229 0.071828246 -4.792025 1.693825 -1.742265
-0.5411061 9.871595 0.062251143 -4.267025 1.7988251 -2.512265
-0.5770202 9.840469 0.18675344 -4.0220246 1.518825 -1.637265
-0.43096948 9.907509 0.37829542 -4.757025 3.233825 -0.027265
-0.27294734 9.993703 0.25858167 -3.4970248 2.988825 1.827735
-0.24182175 9.998491 -0.062251143 0.982975 -0.021175 2.072735
-0.36632404 10.034406 -0.06943397 4.587975 -2.6461751 0.812735
-0.40223816 9.964972 0.05506832 3.082975 -2.436175 -0.902265
-0.35674694 9.883567 0.14365649 -0.382025 -0.196175 -1.322265
-0.50998056 9.941029 0.062251143 -1.782025 0.95882505 -0.69226503
-0.3519584 10.048771 -0.102953814 -0.487025 1.4838251 -0.727265
-0.45491222 9.883567 0.09577099 0.807975 0.78382504 -0.902265
-0.52913475 9.761458 0.25379312 -0.20702499 -1.036175 -3.387265
-0.7326481 9.701602 0.117319465 -1.1170249 -2.086175 -5.977265
-0.7446195 9.727939 0.1340794 0.702975 0.99382496 -3.7722652
-0.65842557 9.677659 0.14844504 1.577975 -0.301175 -2.162265
-0.723071 9.715967 -0.031125572 2.837975 -1.491175 -2.547265
-0.7446195 9.72315 -0.047885496 1.577975 0.258825 -2.792265
-0.8356019 9.6585045 0.05506832 -0.767025 2.5338252 -2.792265
