2.47 9.67 0.099999994 -1.7188734 0.0 1.1459155
2.31 9.639999 0.12 0.0 -5.15662 0.57295775
3.22 9.54 -0.62 4.0107045 -26.929016 8.594366
3.55 9.73 -1.01 5.7295775 -16.615776 9.740283
2.96 9.9 -1.11 0.0 -5.15662 6.3025355
3.04 10.0 -0.65999997 -4.583662 -2.291831 7.448451
2.8999999 10.19 -0.19999999 -12.605071 0.0 5.7295775
2.77 10.28 0.11 -12.605071 -2.291831 2.291831
3.0 10.45 -0.11 -6.8754935 -9.167324 0.0
2.9299998 10.54 -0.35 -3.4377468 -12.605071 0.0
3.09 10.5199995 -0.14999999 -5.15662 -8.021409 0.0
3.07 10.61 0.02 -6.3025355 -3.4377468 -0.57295775
2.9099998 10.45 -0.08 -3.4377468 -2.8647888 -4.583662
2.29 10.67 -0.35 3.4377468 0.57295775 -8.594366
2.3799999 10.76 -0.37 5.15662 2.8647888 -8.021409
2.75 11.0 -0.32 5.7295775 3.4377468 -4.0107045
3.09 10.91 -0.61 5.15662 -4.0107045 -6.3025355
3.05 10.969999 -0.53 1.1459155 -6.3025355 -10.886198
2.55 10.75 -0.57 -2.8647888 -5.15662 -16.042818
2.86 10.91 0.06 -6.8754935 -0.57295775 -14.323945
2.95 10.7 0.01 -5.7295775 -5.15662 -15.469859
2.84 10.679999 0.07 -2.291831 -8.021409 -20.62648
2.6 10.74 -0.35999998 -0.57295775 -8.021409 -22.91831
2.1699998 10.28 -0.96999997 2.8647888 -0.57295775 -23.49127
2.9399998 10.65 -0.049999997 0.0 0.57295775 -22.345354
2.83 10.4 0.01 -6.3025355 -2.8647888 -19.480566
2.71 10.66 0.06 -3.4377468 -8.594366 -28.07493
2.46 10.62 -0.22 -1.7188734 -6.3025355 -28.64789
2.1299999 10.639999 -0.17 0.0 -3.4377468 -32.658592
1.43 10.84 -0.14 -1.7188734 -0.57295775 -31.51268
2.12 11.07 0.14999999 2.8647888 5.7295775 -22.91831
2.44 10.87 -0.19999999 12.605071 3.4377468 -24.064226
2.28 10.26 -1.39 10.31324 0.0 -26.356058
2.03 10.67 -0.41 2.8647888 5.15662 -24.637184
2.01 10.73 -0.57 1.1459155 8.021409 -19.480566
3.0 9.55 -0.7 -1.1459155 9.740283 -17.188732
2.86 9.32 -0.93 -4.0107045 9.167324 -24.637184
1.54 10.11 -0.03 -8.021409 8.021409 -40.680004
1.5699999 9.809999 -0.45 -5.15662 6.8754935 -37.815212
1.5999999 9.65 -0.48999998 -2.291831 4.583662 -31.51268
1.5799999 9.8 -0.22 -5.7295775 2.291831 -27.501974
1.8 10.19 -0.01 -5.15662 5.7295775 -21.772396
1.9 9.929999 0.049999997 0.57295775 10.31324 -20.62648
1.39 9.95 -0.31 6.8754935 2.291831 -30.939718
1.06 10.25 -0.26999998 10.886198 -3.4377468 -34.950428
1.22 10.29 -0.75 12.605071 -0.57295775 -33.231552
1.0799999 10.34 -0.71999997 10.31324 3.4377468 -29.220846
0.84 10.48 -0.66999996 5.15662 0.0 -33.231552
0.57 10.32 -0.35999998 1.7188734 -0.57295775 -32.658592
1.3399999 10.599999 -0.84 1.1459155 -1.1459155 -26.356058
1.31 10.05 -1.81 -4.0107045 -2.8647888 -33.80451
0.76 10.0199995 -0.78 -24.637184 -3.4377468 -42.971836
0.32 9.99 0.19999999 -34.950428 -2.291831 -44.69071
0.52 9.74 0.17 -25.210142 -1.7188734 -38.961132
0.51 9.67 0.35999998 -18.907606 -3.4377468 -40.107044
0.26 9.71 0.62 -16.042818 -4.0107045 -43.544792
-0.26 9.7699995 0.81 -10.886198 -2.8647888 -45.263664
-0.56 9.8 0.049999997 12.032113 -2.8647888 -44.11775
-0.42999998 10.04 -0.39999998 16.042818 -2.8647888 -42.971836
-0.28 9.92 -0.42999998 13.178029 -4.0107045 -39.53409
-0.59 9.719999 -0.59999996 9.740283 -4.0107045 -41.25296
-1.54 10.13 -0.42999998 6.8754935 -1.1459155 -44.11775
-1.6999999 10.33 0.0 4.0107045 1.7188734 -37.242256
-1.43 10.53 0.0 4.583662 0.0 -33.80451
-0.71 10.59 -0.53999996 11.459155 -5.15662 -29.220846
-0.52 10.8 -0.77 15.469859 -6.3025355 -30.366762
-0.83 10.54 -0.91999996 10.886198 -3.4377468 -37.242256
-1.31 10.13 -1.06 2.291831 -4.0107045 -44.69071
-1.5999999 10.09 -0.07 -10.886198 -1.1459155 -46.98254
-1.25 10.0 0.22999999 -15.469859 -3.4377468 -43.544792
-0.96999997 9.5 -0.56 -8.594366 -3.4377468 -44.11775
-1.1999999 9.29 -0.5 -8.594366 1.7188734 -49.84733
-2.58 9.13 0.47 -10.886198 2.291831 -55.576904
-2.71 9.07 0.55 -8.594366 0.0 -54.43099
-2.59 8.96 -0.17 3.4377468 -1.1459155 -48.701412
-2.1 8.809999 -0.47 8.021409 1.1459155 -44.11775
-2.61 9.12 0.37 2.291831 0.0 -46.40958
-2.86 9.22 0.32999998 1.1459155 -0.57295775 -51.5662
-3.1799998 8.96 -0.75 9.167324 1.1459155 -52.139156
-3.57 8.75 -0.76 3.4377468 4.0107045 -49.84733
-3.6799998 8.78 -0.099999994 -7.448451 1.1459155 -42.971836
-3.4099998 8.57 -0.22 -11.459155 -5.15662 -39.53409
-3.6 8.67 -0.22 -12.605071 0.0 -38.38817
-3.7099998 8.59 -0.12 -14.896902 5.15662 -40.107044
-3.8999999 8.34 0.08 -13.750987 5.7295775 -42.398876
-4.3199997 8.23 0.24 -6.8754935 6.8754935 -42.971836
-4.5899997 8.21 -0.099999994 1.7188734 6.8754935 -41.825916
-4.5899997 7.97 -1.0799999 6.3025355 8.594366 -38.38817
-4.48 7.69 -1.12 2.8647888 10.886198 -36.09634
-4.85 7.62 -0.12 -10.886198 12.032113 -36.669296
-5.0899997 7.44 0.03 -11.459155 11.459155 -36.669296
-5.2999997 7.16 -0.56 2.8647888 10.31324 -36.669296
-5.3399997 6.94 -0.97999996 13.178029 8.594366 -33.80451
-5.46 6.87 -0.66999996 10.886198 5.7295775 -29.793804
-5.81 6.95 -0.57 10.31324 5.15662 -28.07493
-5.8599997 7.0499997 -1.35 17.761692 4.0107045 -27.501974
-5.2 6.62 -1.66 17.761692 2.8647888 -23.49127
-4.93 6.35 -1.49 5.15662 -0.57295775 -24.064226
-5.79 6.1099997 -1.41 -8.021409 -2.291831 -29.220846
-6.97 6.18 -0.37 -18.907606 4.583662 -32.085636
-7.3799996 6.77 0.32 -17.188732 6.8754935 -21.772396
-6.5 6.92 -0.51 0.57295775 -1.7188734 -4.583662
-5.89 7.3999996 -1.54 16.615776 -5.7295775 4.583662
-5.64 7.7 -1.9499999 16.615776 -6.8754935 4.583662
-5.7 8.08 -1.6899999 6.8754935 -9.740283 2.291831
-5.5099998 8.05 -1.11 0.0 -10.31324 0.0
-5.43 7.8599997 -0.5 -13.750987 -5.7295775 0.0
-5.92 7.8999996 -0.14 -11.459155 -2.291831 -1.7188734
-6.0699997 7.91 -0.17999999 -6.8754935 0.0 -1.7188734
-6.0499997 8.099999 -0.78999996 2.8647888 -2.291831 0.0
-5.7 8.33 -1.01 8.021409 -2.291831 2.8647888
-5.37 8.41 -1.3 6.3025355 -0.57295775 5.7295775
-5.71 8.46 -1.14 1.1459155 -1.7188734 4.0107045
-5.7 8.49 -0.39999998 -6.3025355 -2.8647888 0.0
-5.5499997 8.42 -0.28 -10.31324 -8.021409 0.57295775
-5.85 8.45 -0.089999996 -8.021409 -4.583662 -0.57295775
-5.65 8.5 -0.049999997 0.0 0.0 0.0
-5.65 8.5 -0.35 2.291831 -1.1459155 0.57295775
-5.41 8.51 -0.59999996 9.167324 -1.1459155 1.7188734
-5.41 8.44 -1.0 7.448451 0.0 0.0
-5.42 8.41 -0.96999997 -2.291831 -2.8647888 -1.7188734
-5.8199997 8.41 -0.089999996 -13.750987 -1.7188734 -2.291831
-5.91 8.5 0.04 -13.178029 0.0 -1.1459155
-5.91 8.639999 -0.16 -9.167324 1.1459155 1.1459155
-5.4 8.679999 0.13 -9.740283 4.0107045 2.291831
-5.35 8.67 -0.03 -7.448451 6.8754935 2.291831
-5.6099997 8.74 -0.96999997 5.7295775 6.3025355 -2.8647888
-5.5899997 8.54 -1.14 4.0107045 2.8647888 -5.15662
-5.5499997 8.38 -1.17 1.7188734 2.8647888 -4.583662
-5.69 8.24 -1.1999999 -4.0107045 2.291831 -4.583662
-5.48 7.93 -0.59999996 -8.021409 0.0 -2.8647888
-5.91 7.64 -0.69 -6.3025355 1.1459155 -4.583662
-6.1299996 7.74 -0.32 -5.15662 3.4377468 -2.291831
-5.6 7.94 -0.53999996 0.0 -1.1459155 1.7188734
-5.43 7.91 -0.72999996 2.8647888 -3.4377468 4.0107045
-5.73 8.69 -1.25 1.7188734 -3.4377468 2.291831
-5.5099998 8.62 -1.0799999 -4.0107045 -2.291831 5.15662
-5.44 8.54 -0.78999996 -10.886198 0.0 5.15662
-5.58 8.48 0.17999999 -8.594366 -0.57295775 1.1459155
-5.49 8.55 -0.06 -1.7188734 -3.4377468 0.0
-5.77 8.63 -0.90999997 5.15662 0.0 -0.57295775
-5.77 8.63 -0.90999997 5.15662 0.0 -0.57295775
-5.45 8.599999 -0.29 -4.0107045 1.1459155 1.1459155
-5.45 8.7 -0.19 -6.8754935 0.57295775 0.57295775
-5.67 8.599999 -0.45 -2.291831 2.8647888 -0.57295775
-5.75 8.69 -0.55 0.57295775 1.1459155 -2.291831
-5.41 8.57 -0.77 0.57295775 0.0 -1.7188734
-5.29 8.41 -0.42999998 -3.4377468 1.7188734 -1.7188734
-5.5499997 8.36 -0.37 -6.3025355 4.0107045 -4.0107045
-5.8599997 8.32 -0.44 -6.3025355 4.0107045 -8.594366
-5.91 8.38 -0.22999999 -8.021409 2.8647888 -5.7295775
-5.5 8.36 -0.26 -6.8754935 1.7188734 -2.291831
-5.6099997 8.23 -0.48 -2.291831 1.7188734 -1.1459155
-5.7999997 8.36 -0.26 -2.8647888 5.15662 -3.4377468
