1.9499999 9.91 -0.45 5.15662 -2.8647888 -0.57295775
1.9699999 9.84 -0.39999998 5.15662 -2.8647888 -0.57295775
2.51 9.62 -0.03 -1.1459155 -10.31324 1.1459155
2.49 9.849999 -0.21 0.57295775 -9.167324 2.8647888
2.4199998 9.95 -0.32 3.4377468 -6.8754935 2.291831
2.35 10.12 -0.45999998 5.7295775 -4.0107045 1.1459155
2.55 10.139999 -0.59999996 4.583662 -2.8647888 0.57295775
2.57 10.08 -0.61 1.7188734 -1.7188734 0.57295775
2.31 10.25 -0.39 -1.1459155 -2.291831 -0.57295775
2.37 10.33 -0.26 -4.583662 -3.4377468 -1.1459155
2.47 10.53 -0.28 -5.15662 -1.1459155 0.0
2.6299999 10.639999 -0.089999996 -6.3025355 0.0 0.0
2.56 10.69 0.17 -6.3025355 1.7188734 -2.291831
2.34 11.13 -0.049999997 -2.291831 1.1459155 -4.0107045
2.1699998 11.45 -0.38 3.4377468 1.7188734 -3.4377468
2.28 11.66 -0.76 0.0 8.594366 0.0
2.4199998 11.87 -0.17 -4.0107045 8.021409 -1.7188734
2.53 12.0 -0.17999999 2.291831 0.57295775 -5.7295775
2.75 12.0 -0.59 5.7295775 -2.8647888 -7.448451
2.8799999 12.009999 -0.59 5.15662 -8.021409 -11.459155
2.95 11.969999 -0.31 -3.4377468 -2.8647888 -20.62648
2.51 11.7 -0.38 -4.583662 0.0 -24.637184
2.3799999 11.48 -0.01 -8.021409 2.291831 -28.64789
2.32 11.29 0.089999996 2.8647888 -1.1459155 -32.658592
2.34 11.44 0.07 2.8647888 -1.1459155 -32.658592
2.61 11.389999 -0.65999997 12.032113 -4.0107045 -33.231552
2.59 11.05 -1.0799999 8.594366 -4.0107045 -37.815212
2.22 10.7699995 -0.42 -2.8647888 -0.57295775 -43.544792
1.76 10.849999 0.13 -2.8647888 1.1459155 -45.83662
1.79 10.82 -0.22999999 1.7188734 0.0 -44.69071
2.1399999 10.639999 -0.96999997 8.594366 -1.1459155 -42.971836
1.75 10.48 -0.81 2.8647888 -4.0107045 -45.83662
1.51 10.429999 -0.74 -4.0107045 -1.1459155 -50.420284
1.04 10.059999 0.06 -9.740283 2.291831 -49.84733
1.0799999 10.04 0.45999998 -9.740283 2.8647888 -47.555496
1.1899999 10.179999 0.22999999 -3.4377468 0.57295775 -46.40958
1.41 10.41 -0.59999996 19.480566 -2.291831 -47.555496
1.18 10.24 -1.27 22.345354 -0.57295775 -49.84733
0.29999998 10.2699995 -1.27 15.469859 1.1459155 -57.29578
0.26 9.849999 -1.1899999 6.3025355 1.7188734 -56.14986
0.13 9.86 -0.90999997 -1.7188734 0.0 -52.139156
0.39 10.17 -0.75 -1.1459155 -1.7188734 -50.993244
0.21 10.13 -1.26 2.291831 -4.0107045 -52.712116
0.04 10.03 -1.11 -2.291831 0.0 -55.00395
-0.51 9.74 -0.66999996 -8.594366 3.4377468 -56.14986
-0.90999997 9.8 0.099999994 -7.448451 2.291831 -55.576904
-0.84 9.62 -0.13 3.4377468 -2.291831 -53.285076
-1.03 9.429999 -0.90999997 8.021409 -4.583662 -53.285076
-1.65 9.38 -1.02 8.021409 -1.7188734 -51.5662
-1.99 9.57 -0.68 2.8647888 1.7188734 -44.69071
-1.25 9.389999 -0.96999997 2.8647888 2.291831 -40.680004
-0.95 9.2699995 -1.27 4.0107045 2.291831 -37.815212
-1.5999999 9.65 -1.0799999 2.8647888 1.7188734 -45.263664
-1.9399999 9.65 -1.13 2.291831 0.0 -49.84733
-2.25 9.48 -1.22 0.57295775 -2.8647888 -49.84733
-2.3999999 9.139999 -1.1 -3.4377468 -2.291831 -47.555496
-2.6799998 9.03 -0.55 -8.594366 0.0 -42.971836
-3.03 9.3 -0.26999998 -4.0107045 1.7188734 -38.961132
-2.47 9.46 -1.16 5.15662 -2.291831 -34.950428
-2.1699998 9.03 -1.9599999 3.4377468 -6.8754935 -32.658592
-2.99 9.28 -0.79999995 -8.594366 -1.7188734 -37.242256
-3.47 9.03 -0.29999998 -11.459155 -2.291831 -37.815212
-3.6399999 8.78 -0.64 -5.7295775 -3.4377468 -32.658592
-3.74 8.78 -0.68 -6.8754935 -5.7295775 -27.501974
-3.6999998 8.76 -0.32999998 -10.31324 -4.583662 -21.772396
-3.6299999 8.59 -0.03 -9.167324 0.0 -16.042818
-3.73 8.38 -0.13 -1.7188734 2.291831 -11.459155
-3.86 8.2699995 -0.82 5.7295775 2.291831 -6.8754935
-3.3 7.7999997 -1.31 0.0 1.1459155 -1.1459155
-3.54 7.45 -1.09 -8.594366 3.4377468 -2.291831
-4.5699997 7.47 -0.44 -26.356058 17.188732 -5.15662
-4.2799997 7.4199996 0.0 -36.09634 29.793804 0.57295775
-3.6399999 7.0 0.11 -33.80451 25.7831 11.459155
-3.81 7.5499997 0.44 -20.62648 9.740283 6.8754935
-3.86 7.6099997 -0.48999998 -0.57295775 -1.7188734 -1.1459155
-3.77 7.44 -1.2099999 10.886198 -7.448451 -9.167324
-4.5299997 7.46 -1.3199999 8.021409 -4.0107045 -16.042818
-5.15 7.62 -0.74 0.0 -1.7188734 -18.334648
-4.94 7.6699996 -0.31 -0.57295775 -6.3025355 -10.31324
-4.33 7.5699997 -0.42999998 2.291831 -14.896902 -5.15662
-4.46 8.0 -1.09 6.8754935 -13.750987 -8.021409
-4.47 8.08 -1.1 0.0 -5.7295775 -9.740283
-4.6 8.059999 -0.16 -11.459155 1.1459155 -8.594366
-4.5499997 8.08 0.08 -10.886198 0.57295775 -8.594366
-4.47 8.08 -0.53999996 -1.7188734 -4.583662 -9.167324
-4.72 8.19 -0.31 -0.57295775 -4.583662 -9.167324
-5.13 8.48 0.049999997 -1.7188734 -0.57295775 -6.8754935
-4.92 8.639999 -0.41 0.0 -1.7188734 -5.15662
-4.33 8.679999 -1.13 5.15662 -2.8647888 1.7188734
-4.0499997 8.82 -0.83 0.0 -0.57295775 5.7295775
-4.13 8.98 0.0 -12.032113 2.291831 4.583662
-4.27 9.099999 0.28 -14.896902 1.7188734 1.7188734
-4.2799997 9.19 -0.14999999 -5.15662 0.0 0.57295775
-3.9599998 9.15 -0.39 1.1459155 -2.291831 2.8647888
-3.9599998 9.15 -0.39 1.1459155 -2.291831 2.8647888
-3.99 9.51 -0.19999999 0.0 -1.7188734 2.291831
-4.08 9.4 -0.55 0.0 0.0 -3.4377468
-4.4 9.309999 -0.39 -2.291831 6.3025355 -1.7188734
-4.5 9.46 -0.39 -1.7188734 3.4377468 1.1459155
-3.82 9.309999 -0.47 -0.57295775 0.0 5.7295775
-3.74 9.599999 -0.5 1.1459155 0.0 3.4377468
-3.61 9.5 -0.63 1.1459155 -0.57295775 1.7188734
-3.99 9.58 -0.44 -1.1459155 -1.1459155 -1.1459155
-4.21 9.53 -0.089999996 -4.0107045 0.0 -2.8647888
-4.0 9.34 -0.32 -2.291831 0.57295775 -1.1459155
-3.79 9.2 -0.63 0.0 0.0 -1.1459155
-4.0499997 9.179999 -0.47 -2.291831 2.8647888 -2.291831
-4.17 9.139999 -0.14 -4.583662 3.4377468 -2.8647888
-4.14 9.07 -0.03 -2.8647888 0.57295775 -1.7188734
-4.08 9.139999 -0.48 2.8647888 -0.57295775 -1.7188734
-3.85 8.87 -0.83 3.4377468 -1.1459155 -1.1459155
-4.3399997 9.11 -0.29 -2.8647888 3.4377468 -1.1459155
-4.41 9.32 -0.14999999 -3.4377468 5.7295775 -0.57295775
-3.72 9.4 -0.89 1.7188734 0.0 2.291831
-3.75 9.34 -1.17 -1.1459155 0.57295775 1.1459155
-4.21 9.38 -0.66999996 -10.31324 2.8647888 -3.4377468
-4.04 9.28 0.08 -16.042818 0.57295775 -2.291831
-4.0499997 9.349999 0.29 -10.31324 0.57295775 -1.7188734
-4.15 9.059999 -0.17 -5.7295775 2.291831 -2.291831
-4.3199997 9.0 -0.26 2.291831 4.0107045 -2.8647888
-4.3199997 9.309999 -0.26 3.4377468 2.291831 -2.291831
-3.98 9.3 -0.94 4.583662 0.57295775 0.0
-3.78 9.2 -0.96999997 2.291831 1.1459155 1.1459155
-4.06 9.23 -0.45999998 -6.3025355 4.583662 0.0
-4.27 9.37 -0.02 -10.31324 4.583662 -2.291831
-4.12 9.24 -0.34 -1.1459155 -0.57295775 -0.57295775
-4.08 9.2699995 -0.47 1.1459155 -2.291831 -1.1459155
-3.8899999 9.23 -0.48999998 1.7188734 -2.291831 -1.1459155
-4.11 9.37 -0.31 0.0 1.1459155 -0.57295775
-4.08 9.2699995 -0.29999998 -1.7188734 4.0107045 -1.7188734
-4.04 9.24 -0.48 0.57295775 1.7188734 -1.7188734
-4.0899997 9.11 -0.71 2.8647888 0.57295775 -2.291831
-4.15 9.099999 -0.71 2.8647888 0.0 -2.8647888
-4.06 8.7699995 -0.5 -1.7188734 1.7188734 -2.291831
-4.29 8.63 -0.14 -3.4377468 2.8647888 -1.7188734
-4.41 8.62 0.0 -2.291831 1.7188734 -1.7188734
-4.5099998 8.74 0.01 0.0 0.0 -1.1459155
-4.2799997 8.96 -1.03 12.032113 0.0 4.0107045
-4.0299997 8.95 -1.42 13.178029 0.0 5.15662
-4.0699997 9.4 -0.84 0.0 -0.57295775 2.291831
-4.0299997 9.429999 -0.72999996 -4.0107045 0.0 1.7188734
-4.02 9.3 -0.71999997 -6.8754935 0.57295775 0.0
