1.3383996 9.744699 1.3719195 -3.011085 -4.757655 1.4025201
1.4868447 9.70639 1.0822122 0.033915002 -5.562655 4.55252
1.7669748 9.814133 0.9864412 1.3989149 -3.742655 5.88252
1.3551595 9.8237095 1.010384 0.9789151 -1.1526549 3.01252
0.8667275 9.60583 1.1516461 0.24391499 1.192345 -1.64248
0.90503585 9.591465 1.0989721 1.0139151 0.98234504 -2.97248
1.2306572 9.596253 0.8547561 3.428915 -0.55765504 -0.41748002
1.2929084 9.646533 0.8284191 3.2889152 -1.467655 1.4725201
1.1612233 9.490906 1.0941836 -0.071085 -0.487655 0.80752
1.0606637 9.447808 1.2929084 -3.116085 0.002345 -0.34748
1.1803775 9.522031 1.0462981 -1.226085 0.14234501 0.31752
1.3168511 9.608225 0.9433443 2.588915 -1.1876551 2.34752
1.3934679 9.591465 1.0917894 2.273915 -2.762655 3.2925203
1.3024855 9.615408 1.3312168 -1.191085 -2.657655 2.94252
1.3455825 9.61062 1.2546 -2.276085 -1.747655 2.13752
1.2498114 9.541185 1.2498114 -0.106085 -1.747655 1.89252
1.0846065 9.289786 1.350371 1.538915 -1.8176551 1.9275199
1.2210802 9.253872 1.3216397 1.9589151 -1.8876551 3.2925203
1.611347 9.481328 1.1277034 3.043915 -1.1876551 6.51252
1.4940275 9.648928 1.2402344 5.0739155 -0.87265503 10.0825205
1.3407938 9.847652 1.3264283 5.598915 -1.257655 10.2925205
1.036721 10.479741 0.9241901 6.5439153 -2.482655 11.20252
0.8571504 11.518856 0.81165916 9.343915 -4.7926555 16.34752
0.5698374 12.574731 1.0774237 -6.5460854 -9.237655 33.42752
1.1013664 13.8915825 1.5395187 -17.361084 -2.832655 38.71252
1.4868447 15.261107 1.2354459 -16.101086 4.3073454 35.422523
1.4126221 15.704048 1.1971374 -9.031085 2.3123453 25.86752
0.7541966 15.866859 1.7071179 -6.861085 -1.537655 14.632519
0.5794145 15.869253 1.8244374 -4.656085 3.362345 3.53752
1.690358 15.799819 1.333611 0.313915 14.002345 1.9625201
2.5594797 15.629826 0.84996754 6.893915 18.482346 -1.4324801
1.9872481 15.720808 1.0822122 10.113915 21.877346 -16.132483
2.142876 15.6825 1.1444633 12.703915 27.022346 -30.307482
2.6289136 15.208433 1.3360053 16.693916 30.347343 -38.602478
2.9665065 13.987353 1.3024855 22.048916 33.497345 -45.21748
2.667222 13.30259 1.472479 28.803915 32.797344 -50.99248
2.2793496 12.761485 1.5514901 34.613914 23.802345 -54.07248
1.8076775 11.688849 1.4437478 42.348915 10.362346 -52.18248
1.786129 10.783813 1.0486923 48.858917 4.727345 -43.36248
3.222694 10.570724 -0.0023942748 53.373917 8.052345 -29.18748
3.2346652 9.70639 -0.44533512 48.683918 9.872345 -15.81748
2.1141446 9.308941 0.6656084 30.168915 12.532345 -13.577479
2.4804688 8.959376 1.5179702 8.818914 17.887344 -13.89248
3.9457648 8.74868 1.3791022 5.1439147 16.032345 -5.07248
3.344802 8.241094 0.9816527 15.783915 6.337345 -2.65748
1.7478206 7.929838 0.94095 25.268915 4.3073454 -19.70248
0.24421602 7.683228 1.3120626 29.013912 2.977345 -34.192482
0.7302538 7.6257653 1.2354459 36.783916 -11.792655 -28.732481
2.3727264 7.8987126 -0.57462597 54.738914 -27.227654 -7.7324796
1.7262721 7.51084 -2.9401696 74.30392 -26.912655 4.7275195
0.5889916 7.3169036 -2.9569294 64.11891 -16.692656 -3.60248
0.5363176 7.6113997 0.24421602 22.923916 -9.132654 -9.27248
0.72546524 6.9505796 0.8044763 -27.406084 -11.092655 5.88252
2.281744 6.8667803 0.24900457 -41.266087 6.547345 27.61752
2.865947 7.1349387 -0.42378664 -32.72608 31.887346 49.282524
2.1883671 7.431829 -0.10774237 -23.731087 31.117348 45.01252
1.2402344 7.127756 0.71588814 -23.031086 7.002345 22.367521
1.0726352 6.6177754 0.6560313 -18.446085 -22.502655 -0.52248
1.1277034 6.7279124 -0.3974496 -0.106085 -43.187656 -13.19248
0.66800267 6.7997403 -0.7709565 31.638914 -62.297657 -10.427481
0.12689656 6.91706 -1.1684061 27.368916 -56.977657 -10.18248
0.07422252 6.814106 -1.5083932 16.343916 -44.902653 -7.6974807
0.18914771 6.6776323 -1.9465454 2.588915 -23.307655 -2.30748
0.38308397 6.7255177 -1.23784 -21.561085 -12.352655 -4.33748
-0.36871833 6.751855 0.021548472 -44.521084 -13.787656 -12.70248
-1.1277034 6.859597 0.23224466 -49.421085 -23.027657 -21.20748
-1.3144568 6.93382 0.026337024 -35.141083 -26.247656 -22.222479
-0.4956149 7.51084 -0.68236834 -16.066086 -23.167656 -15.432481
-0.75180227 7.7502675 -0.82602483 -13.126085 -23.867655 -12.597481
-1.0319325 7.905895 -0.031125572 -23.626085 -23.657656 -17.88248
-0.9433443 7.910684 0.6608198 -30.031086 -23.412655 -19.072481
-0.68236834 8.20518 1.0127783 -25.096085 -29.712654 -16.552479
-0.65363705 8.600235 0.9433443 -11.621085 -37.552658 -12.947481
-0.8643332 8.844451 -0.05506832 3.428915 -36.467655 -12.14248
-0.7733508 9.016839 -0.44054657 10.568915 -27.437654 -7.97748
-0.44533512 9.138947 -0.05027977 2.833915 -14.977655 -3.70748
-0.6943397 9.205987 0.3998439 -10.676085 -4.337655 -3.2874799
-1.0319325 9.07909 0.28731298 -15.506085 0.177345 -6.82248
-1.0965779 9.081485 0.10055954 -11.726085 -0.277655 -8.32748
-0.65842557 9.433443 0.37111259 -6.266085 -2.727655 -5.73748
-0.21069619 9.553157 0.33519846 -1.5760851 -9.167655 -2.5874798
-0.023942748 9.555551 0.14844504 4.4789147 -15.712655 -2.5874798
-0.18435916 9.636956 0.8092649 5.423915 -17.952656 -6.92748
-0.61293435 9.5244255 0.5243462 -1.191085 -8.922655 -10.56748
-1.0510867 9.352037 0.13168511 -4.131085 10.327345 -10.77748
-0.71828246 9.522031 0.37590113 -3.606085 20.267345 -7.45248
-0.38547826 9.811738 0.37350687 -0.281085 10.502346 -2.37748
-0.4189981 10.077502 -0.30886146 10.813915 -11.092655 -3.2174802
-0.3519584 9.864412 -1.0223553 22.783915 -24.217655 -8.88748
-0.50758624 9.725544 -0.6177229 16.938915 -16.797655 -10.04248
-0.67757976 9.79019 0.3902668 -4.691085 0.66734505 -7.80248
-0.54828894 9.852441 0.5698374 -21.211086 13.127345 -4.58248
-0.4740664 9.826104 0.32083282 -18.621084 14.247345 -2.41248
-0.5650489 9.799767 -0.08140534 -5.461085 7.1773453 -2.09748
-0.44054657 9.888355 -0.07901107 6.3689156 -4.967655 -1.01248
-0.19154198 9.912297 0.026337024 3.358915 -7.2076554 2.13752
-0.19393626 9.897932 0.22506183 1.083915 -8.362656 1.3675201
-0.22266756 10.008069 0.29689008 0.418915 -7.1726546 -0.90748006
-0.25858167 9.845258 0.05506832 0.24391499 -3.007655 -2.20248
-0.4836435 9.708784 -0.05506832 -1.0860851 1.122345 -2.79748
-0.7709565 9.780613 0.14605077 -3.6410851 3.6423452 -3.2874799
-0.56744313 9.792584 0.3615355 -4.691085 2.697345 -3.04248
-0.36392978 9.70639 0.14365649 -1.926085 1.122345 -0.48747998
-0.3974496 9.8237095 -0.09577099 1.468915 0.282345 1.05252
-0.51955765 9.885961 -0.05506832 0.55891496 -0.97765505 0.03752
-0.48843205 9.701602 0.090982445 -1.961085 -1.2226549 -1.57248
-0.3998439 9.763853 0.23463893 -2.906085 -2.587655 -2.34248
-0.6105401 9.828498 0.14605077 -0.911085 -4.932655 -4.23248
-0.6153286 9.718362 0.023942748 1.643915 -5.7026553 -5.2824802
-0.7039168 9.680053 0.076616794 3.393915 -9.622656 -4.02248
-0.7829279 9.682447 0.2083019 3.6739151 -11.547655 -3.5324802
-0.50998056 9.792584 0.35435268 3.8139153 -11.617655 -1.6774801
-0.31604427 9.8787775 0.05506832 5.563915 -11.827655 1.15752
-0.3040729 9.881172 -0.19154198 6.6489153 -8.292655 1.9625201
-0.33519846 9.907509 0.014365649 3.148915 -1.3626549 2.31252
-0.37590113 9.701602 0.12929083 -2.3810852 3.922345 1.9625201
-0.6201172 9.696813 0.05506832 -3.396085 4.622345 0.14252
-0.6608198 9.797373 0.11971374 0.138915 0.9473451 -1.25748
-0.7134939 9.586677 -0.13168511 3.428915 -3.672655 -1.11748
-0.7829279 9.541185 -0.22506183 4.2339153 -2.2726552 -1.39748
-0.87630457 9.735122 -0.11253092 2.448915 1.4723449 0.63252
-0.679974 9.80695 -0.016759925 1.1889149 1.332345 3.0475202
-0.27294734 9.909904 -0.1340794 2.448915 -0.697655 3.74752
-0.22745611 10.005674 -0.22506183 4.6889153 -4.6876554 4.34252
-0.36632404 9.972155 -0.21548474 5.0039153 -6.577655 2.34752
