2.317658 9.703996 0.71828246 -6.510875 -16.623322 7.5061355
2.4541316 9.522031 1.185166 -13.510875 -16.37832 7.9961348
2.5139885 9.411894 1.2186859 -15.365875 -14.558319 7.541135
2.466103 9.380769 1.063058 -9.275875 -9.62332 7.086135
2.3655436 9.301758 0.84039044 -0.770875 -3.1133199 6.631135
2.1907616 9.160496 0.7039168 4.8641253 -1.92332 5.546135
2.2961094 9.103033 0.5961744 7.244125 -3.49832 5.616135
2.4948344 9.167678 0.34956414 7.104125 -3.49832 8.136135
2.5307484 9.500483 -0.4932206 5.739125 -3.9183202 10.761135
2.317658 10.0439825 -1.7214836 3.1841252 -4.86332 11.566135
3.1676257 11.028029 0.052674048 -11.270875 -1.6433201 16.221136
3.3495905 11.315343 2.2673783 -78.365875 -18.72332 25.391134
2.5044115 12.138973 2.9617178 -69.685875 -20.99832 15.311134
0.9433443 15.493352 2.473286 -43.330875 -2.7283201 24.131136
2.2793496 18.17015 2.4589202 -26.985874 13.09168 37.466137
3.8308396 19.455877 2.6097596 -15.050875 10.466681 27.666136
3.328042 19.240393 2.2530127 5.669125 6.7916803 7.016135
3.9074564 18.668161 2.22907 25.164124 10.39668 -4.1488647
3.3855045 17.923542 2.2554069 34.299126 6.30168 -14.228866
4.314483 16.412754 2.3392065 33.949123 8.156679 -24.658865
4.517997 15.428707 2.6720107 32.444126 24.01168 -32.463863
3.9840732 14.16453 2.5618742 39.654125 31.43168 -34.598866
3.3687446 12.411921 2.3416007 51.169125 23.45168 -33.583866
3.3615618 10.939442 1.8747171 56.629128 7.10668 -24.623865
3.9002736 10.067925 1.7981004 53.549126 -11.09332 -12.373865
4.8148866 9.11261 1.5371244 41.929123 -18.863321 -0.823865
5.087834 8.293768 1.3671309 26.564125 -6.96332 3.621135
4.4246197 7.6544967 1.0151725 13.474125 20.966679 -0.368865
3.1412885 7.1301503 1.7645805 6.999125 23.48668 -10.308866
3.2394538 6.8284717 1.9656997 9.379126 -10.56832 -15.1388645
3.7494342 6.3544054 1.472479 18.619125 -34.78832 -7.4038644
4.477294 6.4573593 0.6440599 24.849127 -39.16332 1.9761351
4.5970078 6.962551 0.48124924 19.949125 -31.953321 3.3761349
4.1349125 6.8883286 0.9577099 7.2091246 -24.498322 -6.913865
3.0814316 6.754249 1.3838909 -7.210875 -29.118322 -25.673864
2.4900458 6.5124273 1.403045 -16.135874 -28.558321 -35.123867
2.248224 6.32328 1.1085492 -19.320875 -13.543321 -28.578865
3.047912 5.933013 1.1013664 -16.940876 -8.083321 -19.163864
3.3064935 6.114978 1.1660118 -12.600875 -16.063318 -11.463865
2.5020173 6.304126 0.5794145 -10.115875 -15.468319 -11.008865
1.7358493 5.7606254 -0.12929083 -6.090875 -0.80332 -19.128866
1.1396748 5.791751 -0.22027329 -0.24587502 13.686681 -29.313868
0.7015225 5.6744313 0.27294734 2.589125 13.266681 -33.968864
0.6488485 5.454158 0.7015225 -0.105875 -1.7833201 -34.458866
0.22745611 5.4517636 0.7326481 -4.725875 -12.318319 -32.113865
-0.4189981 5.7295 0.5123748 -1.715875 -7.24332 -28.963865
-0.52913475 5.9832926 0.08140534 6.299125 -2.8683202 -25.393866
-0.6296943 6.488485 0.045491222 15.259124 -10.35832 -19.653866
-0.31604427 6.775798 -0.19393626 20.369125 -24.35832 -17.098866
-0.32083282 7.269018 -0.8332076 19.179125 -29.39832 -13.703865
0.028731298 7.9489923 -1.1684061 9.169126 -5.31832 -5.4088655
0.28970724 8.406299 -1.2474172 0.244125 -3.9533198 -7.508865
0.29928434 8.406299 -0.76137936 -11.480875 -6.89332 -14.333866
0.06943397 8.480521 -0.22745611 -19.145876 -8.18832 -17.833866
0.028731298 8.61939 -0.06943397 -19.950874 -4.79332 -18.218864
0.076616794 8.844451 0.37590113 -19.495874 -3.46332 -16.958864
0.15083931 8.861211 0.49082634 -17.500875 -5.10832 -14.998865
0.07422252 9.026416 0.6296943 -12.460875 -4.9683204 -12.583865
0.20351335 9.268238 1.0870007 -6.545875 -6.4383197 -8.523865
0.53392327 9.536397 0.6560313 3.5341249 -10.813321 -3.1338649
0.76137936 9.811738 0.057462595 13.894125 -11.128321 0.36613497
0.7972935 9.763853 0.20111908 14.594125 -7.698321 1.9061351
0.7206767 9.692024 0.17957062 8.889125 -3.6383202 1.206135
0.55786604 9.802161 0.09577099 5.564125 1.9266801 0.78613496
0.7829279 9.780613 0.18914771 4.374125 2.7316802 1.2761351
0.9816527 9.811738 0.18435916 2.8691251 -0.31332 2.991135
0.9696813 10.000886 0.28013015 1.539125 -0.103319995 2.6061351
0.9529214 9.909904 0.6656084 -0.105875 0.56168 -0.823865
0.8571504 9.845258 0.4644893 0.664125 -2.02832 -3.3438652
0.7015225 9.857229 0.11253092 6.019125 -1.53832 -4.5688653
0.63208854 9.732727 0.21787901 6.894125 3.15168 -4.7088647
0.505192 9.703996 0.2370332 1.574125 7.5266805 -3.3788652
0.57223165 9.694419 0.05027977 -1.750875 11.41168 -0.508865
0.59378016 9.725544 0.22985038 -2.9408753 12.67168 0.99613494
0.53871185 9.75667 0.06943397 -4.340875 12.14668 0.191135
0.52674043 9.799767 -0.098165266 -2.590875 8.40168 -0.368865
0.7709565 9.850046 -0.083799616 -0.315875 2.1366801 0.016135
0.845179 9.907509 0.0 0.664125 -3.6033201 1.241135
0.8667275 9.907509 0.08858817 -0.17587501 -6.4383197 0.296135
0.76137936 9.761458 0.38068968 -3.5358748 -5.5983195 -1.733865
0.5865973 9.778218 0.4932206 -7.2458754 -2.48332 -3.1338649
0.58420306 9.794978 0.4932206 -6.4408746 0.24668002 -3.2388651
0.65842557 9.77343 0.55786604 -2.870875 0.77168 -1.873865
0.7637737 9.802161 0.5554718 -0.105875 0.07168 -0.508865
0.91700727 9.873989 0.47167215 3.8141248 2.9766798 2.151135
0.9026416 9.866806 0.25858167 4.724125 6.47668 1.5911349
0.6105401 9.833286 0.26097596 4.374125 7.80668 -0.893865
0.53392327 9.835681 0.071828246 3.5691252 6.86168 -0.823865
0.6943397 9.818921 -0.028731298 3.639125 3.99168 0.751135
0.723071 9.761458 0.090982445 2.624125 1.85668 -0.508865
0.5602603 9.72315 0.06464542 2.659125 0.70168 -1.9438651
0.46209505 9.775824 0.05985687 2.9741251 1.05168 -2.223865
0.55307746 9.727939 0.07422252 2.2041252 0.66668004 -0.893865
0.6344828 9.80695 0.083799616 1.2241249 -1.2583201 0.016135
0.6751855 9.814133 0.11253092 1.2241249 -1.2583201 -0.858865
0.7039168 9.701602 0.15562786 -0.805875 -0.76831996 -1.908865
0.49800915 9.682447 0.14605077 -2.4508748 -1.11832 -2.7488651
0.38547826 9.696813 0.3328042 -2.5558748 -0.83831996 -3.903865
0.5219519 9.526819 0.46209505 -2.590875 -1.53832 -3.483865
0.41181526 9.550762 0.63208854 -1.5408751 -2.7283201 -2.538865
0.30646718 9.555551 0.5554718 0.944125 -1.92332 -2.083865
0.35914123 9.608225 0.39266106 4.129125 -0.59332 -0.613865
0.3519584 9.680053 0.28731298 6.474125 0.38668 0.99613494
0.7110996 9.768641 0.21069619 7.174125 1.68168 2.571135
0.9433443 9.80695 0.20111908 7.174125 2.27668 5.336135
0.76137936 9.8787775 -0.03351985 7.804125 -0.34832 5.196135
0.5794145 9.885961 -0.48124924 9.799125 -1.1533201 2.641135
0.5698374 9.869201 -0.42139238 9.554126 -0.80332 0.261135
0.679974 9.771035 -0.17478207 4.164125 -0.80332 0.016135
