4.71 9.139999 0.71999997 -2.291831 -12.032113 4.583662
5.17 9.13 0.53999996 -4.0107045 -13.750987 4.583662
5.2 9.36 0.77 -4.0107045 -12.605071 3.4377468
5.25 9.429999 0.96 -5.15662 -10.31324 1.1459155
5.12 9.41 1.14 -6.3025355 -9.740283 -5.15662
4.93 9.49 0.90999997 -3.4377468 -6.8754935 -9.167324
4.93 9.49 0.90999997 -3.4377468 -6.8754935 -9.167324
5.22 9.61 0.82 -0.57295775 -4.0107045 -12.032113
4.74 9.59 0.91999996 0.0 -1.7188734 -15.469859
4.7 9.79 0.89 0.0 -2.8647888 -16.042818
5.0499997 9.889999 1.04 1.1459155 -3.4377468 -15.469859
5.29 9.75 0.97999996 2.8647888 -1.7188734 -17.761692
4.74 9.67 0.98999995 5.7295775 0.0 -24.064226
4.33 10.059999 0.57 8.021409 0.0 -25.210142
4.9 10.36 0.37 9.740283 -1.1459155 -24.637184
5.14 10.32 0.72999996 3.4377468 -2.8647888 -29.220846
4.83 10.179999 0.96999997 4.0107045 -2.8647888 -34.950428
4.66 10.13 0.62 8.021409 -1.7188734 -37.815212
4.79 9.92 0.03 8.594366 -1.7188734 -38.961132
4.45 9.36 -0.049999997 4.0107045 -4.583662 -42.971836
3.28 9.33 1.0 0.0 -5.7295775 -46.40958
3.23 9.59 1.18 -5.7295775 -1.1459155 -42.398876
3.9399998 9.809999 0.42999998 6.3025355 -2.8647888 -32.085636
4.2 9.92 0.21 10.31324 -5.15662 -30.366762
4.2599998 9.87 0.45999998 6.8754935 -8.594366 -33.231552
3.8 9.809999 0.78 4.0107045 -6.8754935 -36.09634
3.57 9.849999 0.69 4.583662 -4.583662 -42.398876
3.1599998 9.9 0.74 5.7295775 -5.7295775 -44.69071
3.08 9.95 0.87 6.3025355 -4.0107045 -45.263664
3.07 10.03 0.63 10.31324 -5.7295775 -42.398876
2.85 10.37 0.48999998 13.750987 -6.8754935 -42.398876
2.83 10.429999 0.64 13.750987 -7.448451 -42.398876
3.02 10.63 0.22 14.896902 -8.594366 -42.398876
3.02 10.63 0.02 16.615776 -7.448451 -42.971836
2.36 10.51 0.21 16.615776 -6.3025355 -45.83662
2.25 10.45 0.35 13.178029 -6.8754935 -48.128452
2.1399999 10.53 0.02 12.605071 -8.021409 -48.128452
2.75 10.32 0.04 14.323945 -8.021409 -46.98254
2.54 10.0199995 0.28 14.323945 -8.021409 -46.98254
1.99 10.0199995 0.14 12.605071 -8.594366 -52.712116
1.05 9.99 -0.19999999 16.042818 -6.3025355 -59.58761
1.0799999 9.74 -0.07 12.032113 -7.448451 -56.14986
1.0 9.58 -0.049999997 12.032113 -9.167324 -53.285076
0.69 9.03 -0.25 13.178029 -9.740283 -51.5662
0.35 8.65 0.14999999 9.740283 -6.3025355 -50.420284
-0.88 8.599999 -0.19 9.740283 -6.3025355 -51.5662
-1.4499999 9.0199995 -1.52 19.480566 -6.3025355 -50.993244
-1.13 9.42 -2.1299999 18.334648 -6.3025355 -29.793804
0.21 10.15 -2.49 -0.57295775 -5.15662 -17.188732
2.24 10.2699995 -1.3 -10.886198 -7.448451 -14.323945
1.87 10.139999 -0.37 -29.793804 -14.896902 -23.49127
0.32999998 9.98 1.56 -37.242256 -13.750987 -42.398876
-0.82 10.0199995 2.1599998 -26.356058 -6.8754935 -51.5662
-0.42 9.809999 1.3 -3.4377468 -0.57295775 -46.98254
-0.25 10.0199995 0.01 17.188732 0.0 -42.398876
-0.39 10.13 -0.53999996 24.064226 -1.1459155 -42.398876
-0.96999997 9.91 -0.48 20.62648 -2.8647888 -44.11775
-0.90999997 9.809999 -0.47 18.334648 -1.1459155 -44.69071
-0.87 9.94 -1.18 17.188732 -2.8647888 -43.544792
-0.89 10.0199995 -0.74 9.740283 -2.8647888 -45.263664
-1.26 9.82 -0.099999994 5.7295775 -5.15662 -46.98254
-1.4699999 9.9 -0.01 8.021409 -2.8647888 -48.701412
-1.3299999 9.75 -0.65 12.605071 -1.7188734 -48.128452
-1.86 9.7 -0.89 12.032113 -0.57295775 -51.5662
-2.36 9.719999 -0.75 9.740283 -1.1459155 -52.139156
-2.23 9.62 -0.87 8.594366 -1.7188734 -50.420284
-1.88 9.55 -1.22 6.8754935 -1.1459155 -46.98254
-2.1399999 9.54 -1.03 2.291831 -2.291831 -49.84733
-2.9299998 9.48 -0.35999998 0.57295775 -2.8647888 -52.139156
-3.1899998 9.2699995 -0.31 0.57295775 -2.8647888 -52.139156
-2.8 9.17 -0.84999996 6.8754935 -2.8647888 -48.128452
-2.97 9.25 -0.87 6.3025355 -2.8647888 -48.128452
-2.97 9.25 -0.87 4.0107045 -1.1459155 -49.84733
-3.28 9.139999 -0.52 4.0107045 0.0 -50.993244
-2.98 8.9 -0.57 5.15662 -1.1459155 -46.98254
-3.4199998 9.01 -0.53 7.448451 -3.4377468 -49.27437
-3.8899999 8.7699995 -0.62 10.886198 -1.7188734 -53.858032
-4.06 8.69 -1.1999999 15.469859 -0.57295775 -53.858032
-3.6399999 8.559999 -1.4399999 14.323945 0.0 -51.5662
-3.86 8.2699995 -1.4599999 8.594366 -1.1459155 -53.285076
-4.69 7.95 -1.1899999 5.7295775 -1.1459155 -56.14986
-5.5 7.99 -1.31 2.8647888 0.0 -59.58761
-5.45 8.15 -0.82 0.0 -1.1459155 -55.00395
-5.0 7.8199997 -0.47 -1.1459155 -2.291831 -51.5662
-5.62 7.73 -0.26999998 4.0107045 -1.1459155 -46.98254
-5.89 7.8599997 -0.76 4.0107045 -1.1459155 -46.98254
-5.2599998 7.73 -1.5699999 17.761692 1.1459155 -43.544792
-5.25 7.5699997 -1.74 18.334648 -1.7188734 -42.398876
-6.04 7.6299996 -1.49 16.042818 -1.1459155 -43.544792
-6.2599998 7.69 -1.4599999 8.594366 -0.57295775 -49.27437
-5.65 7.3199997 -1.13 7.448451 -1.1459155 -46.98254
-5.94 7.25 -1.4399999 5.7295775 -0.57295775 -42.971836
-6.2 7.3799996 -1.54 10.886198 -0.57295775 -49.27437
-6.74 7.33 -0.77 8.021409 -2.8647888 -50.993244
-6.87 7.27 -0.31 7.448451 -2.291831 -48.701412
-6.89 7.17 -1.13 13.750987 -2.291831 -46.98254
-6.45 6.6499996 -2.4199998 26.929016 -2.8647888 -38.961132
-6.79 6.27 -2.09 14.896902 -1.1459155 -40.680004
-7.45 6.37 -1.18 9.167324 -0.57295775 -42.398876
-7.37 5.8399997 -1.4499999 10.886198 -1.7188734 -40.107044
-7.2799997 5.6 -1.51 14.323945 -1.1459155 -33.80451
-7.33 5.69 -1.88 16.042818 -1.1459155 -34.377464
-7.6499996 5.5899997 -2.06 15.469859 -3.4377468 -34.377464
-7.58 5.35 -1.8499999 11.459155 -2.8647888 -30.939718
-7.48 5.23 -2.21 10.886198 -4.0107045 -28.64789
-7.87 5.47 -2.7 12.032113 -4.0107045 -28.07493
-8.08 5.75 -2.03 4.583662 -3.4377468 -24.064226
-7.3199997 5.2599998 -1.26 -4.0107045 -5.15662 -17.188732
-7.64 5.3199997 -1.4399999 -0.57295775 -4.0107045 -16.042818
-7.8399997 5.39 -1.9599999 7.448451 0.0 -16.042818
-7.81 5.24 -2.24 7.448451 0.0 -16.042818
-7.8799996 5.29 -1.7199999 -1.1459155 -1.7188734 -13.178029
-7.7999997 5.12 -1.3 -4.583662 0.0 -13.178029
-8.429999 5.2799997 -2.36 5.15662 1.1459155 -12.032113
-8.389999 5.29 -2.4199998 4.0107045 1.7188734 -9.740283
-8.2 5.48 -1.9499999 -7.448451 -4.0107045 -5.15662
-7.97 5.71 -1.43 -8.021409 -4.0107045 -5.15662
-7.74 5.58 -1.61 -5.7295775 -2.291831 -2.8647888
-7.49 5.68 -1.43 -6.3025355 -2.8647888 -1.1459155
-7.49 5.73 -1.0799999 -10.31324 -1.1459155 -1.1459155
-7.94 5.89 -0.78999996 -10.31324 -1.1459155 -1.1459155
-7.96 5.89 -0.91999996 -2.291831 0.0 -3.4377468
-8.13 5.79 -1.55 6.3025355 -1.1459155 -4.583662
-8.2699995 5.89 -1.61 8.594366 0.0 -4.583662
-8.099999 5.8399997 -1.77 4.583662 1.1459155 -2.8647888
-8.04 5.99 -2.02 3.4377468 4.0107045 -2.291831
-8.3 5.96 -2.06 0.0 4.0107045 -2.291831
-8.21 6.04 -1.9599999 -2.291831 2.291831 -1.1459155
-8.0 6.1 -1.9599999 -3.4377468 1.7188734 0.57295775
-7.79 6.2799997 -2.0 -6.3025355 1.7188734 1.7188734
-7.8199997 6.2799997 -1.86 -9.740283 4.0107045 1.1459155
-8.0199995 6.2799997 -1.51 -9.740283 4.0107045 1.1459155
-7.8599997 6.19 -1.5899999 -6.8754935 1.7188734 1.1459155
-7.66 6.17 -1.65 -2.8647888 0.0 1.1459155
-7.7999997 6.08 -1.55 -1.7188734 0.57295775 -1.1459155
-8.2699995 5.92 -1.66 -0.57295775 0.57295775 -2.291831
-8.08 5.85 -1.9599999 2.291831 2.291831 -1.1459155
-7.6699996 5.73 -2.07 2.291831 0.0 1.1459155
-8.08 5.95 -1.78 0.0 1.1459155 0.0
-8.139999 5.96 -1.86 -0.57295775 0.57295775 -0.57295775
-7.8799996 6.0 -2.0 1.1459155 -0.57295775 1.7188734
-7.6299996 6.0 -1.9699999 0.0 -0.57295775 3.4377468
-7.91 5.94 -1.81 0.0 -0.57295775 0.57295775
-8.22 6.1099997 -1.56 0.0 0.0 0.0
-7.8399997 6.12 -1.87 2.291831 -1.7188734 2.8647888
-7.6499996 6.08 -2.22 3.4377468 -1.1459155 2.8647888
-7.77 6.0 -2.1399999 0.0 -0.57295775 1.7188734
