3.4099998 9.45 1.0799999 -1.7188734 -6.3025355 0.0
3.52 9.53 0.78 -9.740283 -26.356058 7.448451
3.79 9.55 1.05 -8.021409 -17.761692 7.448451
3.79 9.55 1.05 -8.021409 -17.761692 7.448451
3.9299998 10.23 0.65999997 5.15662 -13.178029 -1.1459155
3.76 10.19 0.04 6.8754935 -9.167324 -4.583662
3.76 10.19 0.04 6.8754935 -9.167324 -4.583662
3.78 10.219999 0.39999998 -1.1459155 -3.4377468 -6.8754935
3.78 10.2 0.35999998 -2.8647888 -2.291831 -10.886198
3.78 10.2 0.35999998 -2.8647888 -2.291831 -10.886198
3.55 9.9 0.64 -5.15662 -4.583662 -15.469859
3.7099998 10.099999 0.77 -3.4377468 -2.291831 -13.178029
3.7099998 10.099999 0.77 -3.4377468 -2.291831 -13.178029
3.4499998 9.889999 0.55 0.57295775 -1.7188734 -15.469859
3.36 9.95 0.7 -2.291831 -4.0107045 -15.469859
3.36 9.95 0.7 -2.291831 -4.0107045 -15.469859
3.24 10.07 0.95 -2.291831 -1.1459155 -13.750987
3.34 10.219999 1.04 3.4377468 -0.57295775 -19.480566
3.34 10.219999 1.04 3.4377468 -0.57295775 -19.480566
3.57 10.24 -0.049999997 17.761692 -2.8647888 -23.49127
3.06 10.32 -0.04 11.459155 -1.1459155 -26.356058
3.06 10.32 -0.04 11.459155 -1.1459155 -26.356058
3.31 10.44 0.45 -4.0107045 -1.1459155 -22.91831
3.3799999 10.55 0.47 -0.57295775 -1.7188734 -26.356058
3.3799999 10.55 0.47 -0.57295775 -1.7188734 -26.356058
2.84 10.34 0.47 0.0 -6.3025355 -29.220846
3.1299999 10.07 0.58 -1.7188734 -1.1459155 -23.49127
3.1299999 10.07 0.58 -1.7188734 -1.1459155 -23.49127
2.69 10.469999 -0.17999999 1.7188734 4.0107045 -40.107044
2.62 10.3 -0.12 0.0 4.0107045 -39.53409
2.62 9.86 0.76 0.0 4.0107045 -39.53409
2.62 9.86 0.76 -10.886198 -1.1459155 -32.085636
2.71 9.98 0.55 -2.291831 -3.4377468 -37.242256
2.71 9.98 0.55 -2.291831 -3.4377468 -37.242256
1.74 10.0 0.56 6.3025355 -4.0107045 -45.263664
1.77 10.21 0.47 2.291831 -1.7188734 -41.25296
1.77 10.21 0.47 2.291831 -1.7188734 -41.25296
1.92 9.75 0.14 0.0 0.0 -34.950428
1.51 9.51 0.68 0.0 -4.583662 -36.669296
1.51 9.51 0.68 8.021409 -9.740283 -38.961132
0.83 10.59 1.04 8.021409 -9.740283 -38.961132
1.4599999 10.23 -0.19999999 10.31324 -10.31324 -29.793804
1.75 10.309999 -0.08 10.31324 -10.31324 -29.793804
1.75 10.309999 -0.08 -8.594366 -6.3025355 -21.199438
0.96999997 10.01 0.35999998 -24.637184 -4.583662 -24.637184
0.96999997 10.01 0.35999998 -24.637184 -4.583662 -24.637184
0.68 9.809999 0.90999997 -31.51268 -1.7188734 -17.188732
2.1399999 9.679999 1.15 -34.950428 -5.15662 -20.053522
2.1399999 9.679999 1.15 -34.950428 -5.15662 -20.053522
0.71999997 9.94 1.62 -23.49127 0.0 -41.825916
0.22 9.92 0.95 -23.49127 0.0 -41.825916
0.22 9.92 0.95 1.1459155 6.3025355 -37.242256
0.69 9.44 0.57 6.3025355 2.291831 -24.064226
0.47 9.46 1.36 6.3025355 2.291831 -24.064226
0.47 9.46 1.36 4.583662 4.0107045 -33.80451
0.17 9.639999 1.37 15.469859 5.15662 -36.669296
0.53 8.929999 0.42 22.91831 8.021409 -33.231552
0.53 8.929999 0.42 22.91831 8.021409 -33.231552
-0.68 8.87 0.47 16.042818 2.8647888 -33.231552
-0.75 9.57 0.45 9.167324 1.7188734 -22.91831
-0.19999999 9.26 0.19999999 4.583662 4.0107045 -5.7295775
-0.19999999 9.26 0.19999999 4.583662 4.0107045 -5.7295775
-0.41 10.12 1.06 -3.4377468 1.7188734 -17.761692
-0.64 10.01 0.19 -3.4377468 1.7188734 -17.761692
-0.64 10.01 0.19 10.31324 1.1459155 -26.356058
-0.81 9.98 0.21 12.605071 3.4377468 -24.637184
-1.11 10.24 -0.32999998 12.605071 3.4377468 -24.637184
-1.11 10.24 -0.32999998 8.021409 6.8754935 -26.356058
-0.29999998 10.0199995 -0.53 -2.8647888 8.594366 -26.356058
-1.49 10.179999 0.81 -2.8647888 8.594366 -26.356058
-1.49 10.179999 0.81 -16.042818 11.459155 -35.523384
-1.92 9.79 0.83 -5.7295775 9.167324 -34.950428
-1.8 9.86 0.71999997 -1.1459155 5.15662 -27.501974
-1.8 9.86 0.71999997 -1.1459155 5.15662 -27.501974
-1.6899999 10.15 1.04 -0.57295775 4.0107045 -25.210142
-1.75 10.3 0.29 -0.57295775 4.0107045 -25.210142
-1.75 10.3 0.29 10.886198 5.15662 -24.637184
-1.8399999 10.08 0.11 14.323945 8.021409 -28.64789
-2.23 9.92 0.38 14.323945 8.021409 -28.64789
-2.23 9.92 0.38 4.0107045 5.7295775 -30.939718
-2.37 9.84 0.29999998 -7.448451 0.0 -30.366762
-2.37 9.84 0.29999998 -7.448451 0.0 -30.366762
-1.78 10.37 1.41 -15.469859 1.1459155 -28.64789
-1.78 10.37 1.41 -8.021409 -1.7188734 -26.929016
-2.3999999 9.61 0.31 10.886198 5.15662 -43.544792
-3.35 9.73 0.62 5.15662 7.448451 -50.420284
-3.35 9.73 0.62 5.15662 7.448451 -50.420284
-2.82 9.65 0.17999999 5.15662 7.448451 -50.420284
-2.87 9.4 -0.45999998 12.605071 4.0107045 -42.971836
-2.87 9.4 -0.45999998 12.605071 4.0107045 -42.971836
-3.54 9.54 0.53999996 -0.57295775 0.0 -45.83662
-3.4199998 9.04 0.22999999 1.1459155 0.0 -39.53409
-3.4199998 9.04 0.22999999 1.1459155 0.0 -39.53409
-3.9599998 9.17 0.39999998 0.57295775 2.291831 -41.825916
-3.82 9.099999 0.41 2.8647888 -2.291831 -40.680004
-3.82 9.099999 0.41 2.8647888 -2.291831 -40.680004
-3.9299998 8.49 0.03 7.448451 0.57295775 -44.69071
-4.5499997 8.29 0.29 7.448451 0.57295775 -44.69071
-4.5499997 8.29 0.29 5.15662 4.0107045 -49.27437
-4.56 8.099999 -0.35999998 5.15662 4.0107045 -49.27437
-4.85 7.72 -0.5 5.7295775 4.583662 -43.544792
-4.85 7.72 -0.5 5.7295775 4.583662 -43.544792
-5.24 8.059999 0.35999998 -2.8647888 2.8647888 -36.09634
-5.2 7.81 -0.13 -2.8647888 2.8647888 -36.09634
-5.2 7.81 -0.13 6.3025355 1.7188734 -33.80451
-5.46 7.74 -0.25 10.886198 0.0 -32.658592
-5.46 7.74 -0.25 10.886198 0.0 -32.658592
-5.5299997 7.48 -0.52 4.583662 -1.1459155 -29.220846
-5.74 7.46 0.03 4.583662 -1.1459155 -29.220846
-5.74 7.46 0.03 0.0 2.291831 -27.501974
-5.45 7.17 0.08 -4.583662 -5.7295775 -24.064226
-5.7 7.16 -0.13 -6.8754935 2.291831 -26.356058
-5.7 7.16 -0.13 -6.8754935 2.291831 -26.356058
-5.6 6.96 0.64 -12.605071 4.583662 -24.064226
-6.0699997 6.8399997 -0.07 0.0 -2.291831 -29.793804
-6.0699997 6.8399997 -0.07 0.0 -2.291831 -29.793804
-6.39 6.5899997 -0.16 4.583662 -1.1459155 -28.64789
-6.67 6.29 0.75 -2.8647888 -0.57295775 -20.053522
-6.67 6.29 0.75 -2.8647888 -0.57295775 -20.053522
-6.3799996 6.7799997 0.31 13.750987 0.57295775 -13.750987
-6.39 6.44 -0.88 12.032113 3.4377468 -10.31324
-6.39 6.44 -0.88 12.032113 3.4377468 -10.31324
-6.89 6.62 0.17999999 -3.4377468 0.57295775 -8.594366
-6.6299996 6.62 0.26 -4.0107045 -1.7188734 -3.4377468
-6.6299996 6.62 0.26 -4.0107045 -1.7188734 -3.4377468
-7.18 6.7999997 0.06 4.0107045 2.8647888 0.0
-7.2599998 7.02 0.19 6.3025355 3.4377468 7.448451
-7.2599998 7.02 0.19 13.750987 2.8647888 17.761692
-6.47 6.89 -0.24 13.750987 2.8647888 17.761692
-5.77 7.96 -0.57 13.750987 2.8647888 17.761692
-5.77 7.96 -0.57 11.459155 -2.8647888 21.772396
-6.0099998 8.12 -0.58 14.896902 2.291831 11.459155
-6.5099998 8.5 -0.91999996 14.896902 2.291831 11.459155
-6.5099998 8.5 -0.91999996 13.750987 -1.7188734 1.1459155
-6.22 8.32 -0.55 0.57295775 -0.57295775 2.8647888
-6.2 8.08 -0.59 -3.4377468 2.8647888 0.57295775
-6.16 7.5899997 -0.35999998 -3.4377468 2.8647888 0.57295775
-6.16 7.5899997 -0.35999998 -5.7295775 -1.1459155 -2.8647888
-6.5899997 8.03 -0.049999997 -2.291831 -2.8647888 -5.7295775
-5.93 7.73 -0.56 0.0 -2.291831 0.0
-5.93 7.73 -0.56 0.0 -2.291831 0.0
-6.45 7.58 0.19 -6.8754935 0.0 -2.291831
-6.23 7.7999997 0.28 -6.8754935 0.0 -2.291831
-6.23 7.7999997 0.28 -2.8647888 -1.1459155 -4.0107045
-6.27 7.46 -1.06 13.178029 -0.57295775 -3.4377468
-6.66 7.97 -0.17 13.178029 -0.57295775 -3.4377468
-6.66 7.97 -0.17 -3.4377468 -1.7188734 -4.0107045
-6.24 7.96 0.11 -10.886198 -1.7188734 1.1459155
-6.39 7.7 0.5 -10.886198 -1.7188734 1.1459155
-6.39 7.7 0.5 -8.021409 -0.57295775 0.0
-6.49 7.96 0.58 -2.291831 -2.8647888 0.0
-6.42 7.94 0.01 -2.291831 -2.8647888 0.0
-6.42 7.94 0.01 2.291831 4.0107045 2.8647888
-5.98 7.8999996 -0.26999998 1.1459155 7.448451 2.8647888
-6.0899997 7.6499996 -0.26999998 2.291831 5.15662 0.57295775
-6.0899997 7.6499996 -0.26999998 2.291831 5.15662 0.57295775
-6.64 7.6099997 -0.98999995 7.448451 0.0 -7.448451
-6.64 7.6099997 -0.98999995 5.7295775 1.7188734 -2.291831
-6.64 7.6099997 -0.98999995 5.7295775 1.7188734 -2.291831
-6.1299996 7.8799996 -0.03 -4.0107045 2.8647888 2.8647888
-6.1299996 7.8799996 -0.03 -5.15662 -2.291831 0.57295775
-6.1299996 7.8799996 -0.03 -5.15662 -2.291831 0.57295775
-6.5699997 7.8599997 -0.88 8.594366 -1.1459155 -7.448451
-6.45 7.64 -0.68 2.8647888 0.57295775 -3.4377468
-6.45 7.64 -0.68 2.8647888 0.57295775 -3.4377468
-6.2799997 7.8199997 -0.099999994 -10.886198 -1.1459155 -0.57295775
-6.2999997 7.93 -0.089999996 -8.594366 1.1459155 -0.57295775
-6.2999997 7.93 -0.089999996 -8.594366 1.1459155 -0.57295775
-6.52 7.4199996 0.14999999 -9.167324 0.57295775 -4.583662
-6.71 7.54 0.5 -5.7295775 0.0 -5.15662
-6.71 7.54 0.5 -5.7295775 0.0 -5.15662
-6.42 7.41 -0.55 7.448451 1.1459155 -1.7188734
-6.48 7.58 -0.65 5.7295775 3.4377468 0.0
-6.48 7.58 -0.65 5.7295775 3.4377468 0.0
-6.5699997 7.8399997 -0.61 0.0 -0.57295775 0.0
-6.3999996 7.79 -0.51 -4.0107045 -0.57295775 1.7188734
-6.3999996 7.79 -0.51 -4.0107045 -0.57295775 1.7188734
-6.6499996 7.52 -0.089999996 -10.31324 -0.57295775 -2.291831
-6.7599998 7.3999996 0.32999998 -12.032113 0.57295775 -1.1459155
-6.43 7.3399997 0.03 -1.1459155 -1.7188734 3.4377468
-6.43 7.3399997 0.03 -1.1459155 -1.7188734 3.4377468
-6.45 7.96 -0.28 -1.1459155 -1.7188734 3.4377468
-6.45 7.96 -0.28 4.0107045 -0.57295775 2.291831
