2.6696165 9.306546 1.7454263 -10.83859 -5.0451097 1.53678
2.5714512 9.270632 2.0064023 -11.71359 -7.07511 2.48178
2.604971 9.234718 2.152453 -11.293591 1.8498899 3.42678
2.5307484 9.182044 1.9561225 -6.25359 5.4548903 3.95178
2.3368123 9.103033 1.7190893 1.62141 0.37989002 2.20178
2.6528566 9.172467 1.7166951 4.77141 -1.2301099 2.6217802
2.710319 9.208381 1.7693691 2.67141 1.04489 5.24678
2.7725701 9.273026 1.786129 1.13141 1.88489 5.45678
2.657645 9.232324 1.8076775 1.34141 0.69489 4.54678
2.569057 9.177256 1.8364087 1.37641 -0.11011 3.6717799
2.8539755 9.261055 1.8411974 0.50141 0.58989 4.2317805
2.796513 9.37598 1.838803 0.29141 0.02989 4.5117803
2.7486274 9.352037 1.8699286 -0.37359 0.76489 3.28678
2.6241252 9.251478 1.8340145 -1.10859 1.8148899 2.2717798
2.6935592 9.28021 1.7981004 -0.89859 2.6548898 1.43178
2.6815877 9.277815 1.7550035 0.116409995 2.72489 1.53678
2.413429 9.148524 1.7909175 0.32641003 3.8448899 2.3417802
2.5499027 9.026416 1.7023294 -0.23359002 3.8798902 3.3917801
2.9090438 9.033599 1.6161355 1.06141 2.09489 6.4717803
3.0910087 9.153313 1.6257126 2.7064102 0.27489 9.13178
2.6145482 9.1940155 1.7837347 2.84641 -0.91511005 7.66178
2.4948344 9.189227 1.6831752 2.63641 -2.28011 3.28678
2.4517374 9.308941 1.6496553 3.1264102 -1.5801101 4.5117803
2.9425638 9.859624 1.7669748 2.28641 1.18489 8.92178
3.215511 10.371999 1.6568382 -4.85359 1.9198902 15.81678
3.3064935 10.905922 1.9585168 -12.48359 0.65989 14.661779
2.8443985 11.523644 2.0447106 -18.538591 1.18489 12.24678
2.7462332 12.14855 2.3799093 -23.578592 2.5148902 12.24678
2.9377751 12.888381 2.8970726 -28.093592 7.0298896 13.36678
3.5770466 13.668915 3.2394538 -27.46359 14.134891 13.75178
3.694366 14.18129 3.2035396 -17.698591 18.789892 10.671781
3.4238129 14.712819 2.9210153 -2.6835902 19.66489 0.73178
2.9401696 14.779859 2.1883671 10.266411 20.08489 -8.92822
3.4740927 14.794224 2.308081 11.24641 22.219889 -12.0432205
3.8667538 14.710424 2.7055306 2.21641 26.34989 -11.34322
4.6688356 14.346495 3.1053743 0.04641 28.06489 -16.698221
3.6512692 13.5922985 3.15326 8.06141 22.114891 -28.563221
3.46691 12.948238 2.6767993 21.32641 15.74489 -41.09322
4.6712303 12.862044 2.2099156 33.29641 12.20989 -41.58322
4.106181 12.557971 2.2721667 35.50141 18.26489 -48.61822
3.3040993 11.961797 2.516383 30.25141 21.099888 -63.003223
2.1811843 11.159715 3.2250881 27.48641 10.28489 -69.19823
1.5227587 10.3743925 3.0862203 26.296412 1.56989 -63.528217
0.92658436 9.811738 2.8013015 26.68141 8.14989 -47.63822
4.0391417 9.730332 2.300898 29.72641 3.42489 -19.42822
6.1030064 9.73991 2.4349775 32.87641 -7.7401104 -1.82322
2.892284 9.373586 2.8946784 28.95641 0.93988997 -19.95322
0.3998439 8.3129225 3.0024207 23.67141 21.83489 -49.03822
0.7302538 7.743085 2.4637089 32.491413 7.34489 -39.48322
3.7159145 8.025609 1.0558752 45.93141 -4.52011 -7.9482203
4.0535073 8.226728 0.63208854 47.71641 -7.0051103 16.09678
2.8683412 7.8915296 1.23784 35.36141 -11.34511 1.7117801
0.44533512 7.0128307 1.1133378 20.731411 -8.405109 -23.06822
-0.33519846 6.318491 1.0941836 19.19141 -5.67511 -28.59822
3.7638 6.818895 0.70631105 23.63641 -8.96511 -8.43822
4.5491223 8.415876 -0.45491222 24.89641 -9.31511 23.86678
2.1332989 7.458166 0.40463245 19.29641 -8.09011 2.3417802
0.52674043 6.8883286 1.3695252 6.66141 -21.81011 -56.248222
-0.3902668 6.672844 1.0055954 3.23141 -46.41511 -80.95823
-1.498816 6.141315 -0.5985687 17.47641 -57.895115 -71.89322
0.026337024 6.3903193 -1.5969813 35.046406 -49.60011 -49.07322
0.29210153 6.517216 -0.9960183 31.581408 -34.90011 -22.08822
-0.8092649 6.1892004 0.723071 3.44141 -22.26511 -11.48322
-1.376708 5.741471 0.86193895 -28.23359 -8.51011 -15.228221
-1.2450229 5.6792197 0.2777359 -9.85859 -13.34011 1.7817799
-0.2083019 7.0702934 -0.43336374 7.04641 -14.32011 19.77178
0.04070267 7.379155 -0.9074302 10.65141 -11.06511 13.36678
-0.10774237 7.0176196 0.08858817 -0.19859001 -21.880112 -9.90822
-1.376708 6.58665 1.1037607 -10.2085905 -31.120111 -31.363222
-2.099779 6.6848154 1.1348863 -6.14859 -29.79011 -37.20822
-1.786129 7.16367 0.57223165 7.2914095 -27.970112 -23.45322
-1.0846065 8.123775 0.1340794 16.46141 -26.36011 -5.42822
-0.7110996 8.638543 0.043096945 15.971411 -18.975111 1.22178
-0.54350036 8.631361 0.18435916 10.30141 -12.11511 -3.39822
-0.9720756 8.772623 0.33519846 5.82141 -7.84511 -10.78322
-1.1300977 8.846846 0.11013664 5.6464105 -3.8201103 -13.68822
-1.0079896 8.980925 -0.15323359 8.06141 -3.50511 -10.7482195
-1.2785428 9.311335 -0.038308397 6.3464103 0.23989001 -9.38322
-1.1109436 9.167678 0.29210153 1.20141 4.19489 -10.188221
-1.2402344 8.973742 0.12450229 0.95640993 2.2348902 -10.71322
-1.3862851 9.268238 0.047885496 7.9914103 -0.8801101 -10.01322
-0.69673395 9.364009 -0.21069619 13.27641 -6.48011 -3.11822
-0.45970076 9.596253 -0.37829542 14.39641 -9.73511 4.0917797
-0.76616794 9.859624 -0.7039168 12.08641 -3.96011 5.5967803
-0.88588166 9.737515 -0.8044763 8.691411 3.6698902 3.6717799
-0.9792584 9.730332 -0.7350424 5.50641 4.4398904 1.50178
-0.7733508 9.996098 -0.72785956 3.5464098 -0.39011 2.51678
-0.5602603 10.015251 -0.9864412 4.5614104 -3.54011 5.17678
-0.28013015 9.907509 -0.888276 5.4714103 -2.42011 5.03678
-0.50040346 9.993703 -0.33759275 -0.79359 -0.74011004 1.53678
-0.5865973 9.960183 -0.28252444 -8.52859 1.35989 -3.43322
-0.29210153 9.924269 0.05027977 -9.96359 -0.28511 -4.6582203
-0.26337022 10.041589 -0.031125572 -8.35359 -5.95511 -0.84322006
-0.117319465 9.991309 -0.18914771 -4.3635902 -6.37511 0.83678
-0.26337022 9.976943 -0.052674048 -2.36859 -4.52011 0.27678
-0.44772938 9.945818 0.14605077 -7.0235896 2.8298903 -2.97822
-0.51716334 9.835681 0.24182175 -7.0585904 2.61989 -3.15322
-0.5506832 9.859624 0.17717634 -2.89359 -0.00511 -2.69822
-0.5123748 9.941029 0.0670397 1.09641 -2.84011 -1.78822
-0.37590113 9.79019 -0.117319465 2.00641 -2.28011 -1.1582199
-0.30646718 9.761458 -0.009577099 0.18641001 -0.35511 -0.91322
-0.57223165 9.60583 0.117319465 -1.73859 -0.00511 -2.62822
-0.6703969 9.61062 0.0071828244 -0.86359 0.55489004 -5.00822
-0.72546524 9.735122 -0.14365649 2.25141 -0.70511 -5.21822
-0.77574503 9.780613 -0.31125572 6.03141 -4.5551105 -4.8332205
-0.723071 9.859624 -0.60335726 10.23141 -9.805111 -4.1332197
-0.5818088 9.862018 -0.75180227 8.726409 -8.790111 -3.9232202
-0.51955765 9.888355 -0.3974496 -0.16359 -2.49011 -3.15322
-0.70870537 9.929058 -0.076616794 -9.3335905 3.8098903 -2.20822
-0.85236186 9.821315 -0.15083931 -10.17359 7.51989 -2.10322
-0.6249057 9.830893 -0.26097596 -4.0485897 3.35489 -0.56322
-0.44772938 10.000886 -0.28013015 0.88641 -3.54011 1.92178
-0.42139238 9.873989 -0.36392978 0.43140998 -4.03011 1.7817799
-0.6273 9.696813 -0.083799616 -3.3835902 -0.77511007 -0.59822
-0.7996878 9.7135725 0.16041641 -6.9535904 0.34489 -1.71822
-0.7015225 9.682447 0.16520496 -5.51859 -2.00011 -1.22822
-0.50998056 9.727939 -0.10055954 0.08141 -5.53511 -0.14321999
-0.5554718 9.75667 -0.24421602 4.28141 -6.69011 0.20678
-0.5027977 9.888355 -0.16281068 3.6164103 -5.88511 0.13678001
-0.4860378 9.833286 -0.08858817 0.25641 -5.1851106 0.101780005
-0.5554718 9.804555 -0.05506832 -1.91359 -1.7901101 -1.0882201
-0.5650489 9.80695 -0.0047885496 -3.0685902 3.14489 -2.34822
-0.84278476 9.771035 -0.0071828244 -4.22359 3.7748902 -3.3282201
-1.0989721 9.6896305 0.07422252 -3.83859 3.07489 -4.72822
-0.8667275 9.670476 0.19393626 -3.0685902 1.95489 -3.5382202
