3.9499998 9.41 1.87 -31.51268 11.459155 4.0107045
4.1 9.429999 0.94 -26.929016 8.594366 4.583662
4.12 9.15 0.12 -5.15662 -9.167324 2.8647888
3.49 9.4 -0.14999999 20.053522 -25.210142 -2.8647888
3.86 9.61 -0.35999998 18.907606 -12.032113 -5.7295775
3.79 9.969999 0.64 6.8754935 -6.3025355 -1.1459155
4.13 9.98 0.9 -3.4377468 0.0 10.31324
4.25 10.16 0.089999996 -7.448451 0.57295775 8.021409
4.0 10.66 -0.57 10.886198 -4.583662 8.594366
3.79 10.84 -0.74 17.761692 0.57295775 2.8647888
4.06 10.45 -0.17999999 16.615776 0.0 -2.291831
4.06 10.45 -0.17999999 2.291831 -5.15662 -3.4377468
3.82 10.41 0.0 2.291831 -5.15662 -3.4377468
3.74 10.42 0.29 -0.57295775 -2.8647888 -14.896902
3.74 10.42 0.29 -0.57295775 -1.7188734 -13.178029
3.77 10.389999 -0.63 -0.57295775 -1.7188734 -13.178029
3.4299998 10.929999 -0.87 10.886198 -2.8647888 -9.740283
3.8999999 10.79 -1.0 10.31324 -10.886198 -20.62648
3.9199998 10.3 -0.099999994 10.31324 -10.886198 -20.62648
3.6499999 10.389999 0.24 -2.291831 -16.042818 -16.042818
3.6799998 9.76 0.35999998 -13.750987 -8.021409 -13.178029
3.86 10.09 0.0 -10.886198 2.8647888 -9.740283
4.5299997 9.78 -0.83 4.583662 4.0107045 -6.3025355
4.18 10.2 -1.43 8.021409 0.0 -5.15662
3.51 9.9 -0.25 4.0107045 -6.3025355 -17.761692
4.23 9.65 0.04 -10.31324 -7.448451 -17.188732
4.3199997 9.92 -0.08 -15.469859 -12.032113 -13.178029
3.84 9.99 0.22 -9.740283 -4.583662 -20.053522
3.72 9.75 0.48 -6.3025355 0.57295775 -26.929016
3.1 9.969999 0.63 -5.7295775 -4.583662 -30.366762
3.37 10.32 0.5 -1.1459155 -1.1459155 -37.242256
3.6299999 9.91 0.12 2.291831 0.57295775 -36.669296
3.1999998 10.5 0.29999998 9.740283 -0.57295775 -26.929016
3.1399999 10.55 -0.04 11.459155 -5.15662 -32.085636
3.1 10.75 -0.31 10.886198 -5.15662 -37.815212
3.4499998 10.51 -0.58 8.021409 -5.7295775 -38.38817
3.4399998 10.51 -0.71999997 4.0107045 -1.1459155 -37.242256
3.32 10.53 -0.71999997 -5.15662 4.0107045 -34.950428
3.31 9.98 0.0 -17.761692 9.740283 -32.658592
2.73 9.66 1.05 -28.64789 18.334648 -25.7831
2.08 9.7 1.43 -32.085636 14.323945 -30.366762
2.0 9.33 1.36 -25.7831 -6.3025355 -40.107044
2.55 9.0 0.29999998 -10.31324 -8.021409 -33.80451
2.18 9.79 -0.7 10.31324 1.7188734 -29.220846
1.77 9.83 -0.71999997 23.49127 13.178029 -38.961132
1.2099999 10.32 -0.71999997 17.761692 14.896902 -46.98254
1.65 9.53 -0.39999998 7.448451 7.448451 -46.98254
1.23 9.95 0.28 -2.8647888 -0.57295775 -36.669296
1.02 10.13 0.38 -4.0107045 -1.1459155 -38.961132
1.52 10.12 -0.25 0.0 0.0 -49.27437
1.13 10.71 -0.37 4.583662 0.0 -44.69071
1.48 9.46 0.17999999 6.3025355 0.57295775 -44.69071
0.87 10.11 0.51 -2.8647888 0.57295775 -41.25296
0.84 9.929999 -0.28 -2.8647888 2.291831 -48.701412
0.63 9.559999 -0.53 6.8754935 0.0 -56.14986
0.12 9.67 -0.11 8.021409 -0.57295775 -53.858032
-0.22 9.9 -0.17999999 -2.8647888 2.8647888 -53.285076
0.38 9.26 -0.12 -6.8754935 10.31324 -47.555496
0.21 9.7 0.14 -8.594366 6.3025355 -32.085636
-0.089999996 9.82 0.42 -6.8754935 0.57295775 -42.398876
-0.45 9.62 -0.26999998 -2.291831 -1.1459155 -50.420284
-1.24 9.65 -0.13 2.8647888 -0.57295775 -52.139156
-1.4699999 9.69 0.24 0.57295775 1.7188734 -50.993244
-0.78999996 9.45 0.29999998 -2.291831 0.57295775 -44.69071
-0.82 9.7699995 -0.14999999 -3.4377468 -0.57295775 -33.231552
-1.4599999 9.7699995 -0.78999996 4.583662 1.7188734 -41.825916
-1.79 9.639999 -0.78 8.594366 2.8647888 -46.98254
-1.8199999 9.65 -0.77 8.021409 -0.57295775 -45.83662
-1.8 9.59 -0.58 4.0107045 -4.0107045 -45.263664
-1.6899999 9.7699995 -0.06 -0.57295775 1.1459155 -41.25296
-1.86 9.99 -0.31 -6.8754935 5.7295775 -40.680004
-1.62 9.22 -0.11 -7.448451 4.583662 -40.680004
-2.76 9.349999 -1.04 -3.4377468 -8.021409 -42.971836
-2.9299998 8.75 -0.24 4.583662 -5.7295775 -54.43099
-3.03 8.75 0.34 -13.178029 -3.4377468 -45.83662
-2.9199998 8.59 0.88 -24.064226 -5.7295775 -38.38817
-2.8799999 8.45 0.85999995 -26.356058 -8.594366 -33.231552
-3.25 8.76 0.84999996 -17.188732 -10.31324 -26.356058
-3.3 9.22 1.27 -6.3025355 -13.178029 -24.637184
-3.1799998 9.32 1.12 -6.3025355 -13.178029 -17.188732
-2.31 9.2699995 0.089999996 -1.7188734 -6.3025355 -12.032113
-2.6699998 8.9 0.31 0.0 -1.7188734 -10.31324
-3.53 8.7699995 0.98999995 -5.7295775 3.4377468 -12.032113
-3.72 8.37 1.4399999 -17.188732 0.0 -21.772396
-3.9399998 8.66 1.11 -14.896902 -10.31324 -20.62648
-3.9299998 8.94 0.79999995 -2.291831 -17.761692 -13.750987
-2.85 9.04 0.53 4.0107045 -17.188732 -7.448451
-2.9199998 9.17 0.78 -1.1459155 -4.0107045 1.1459155
-3.4299998 9.41 1.09 -9.740283 -2.291831 3.4377468
-3.34 9.45 1.02 -14.896902 2.291831 -1.1459155
-3.08 9.33 0.53 -6.3025355 4.0107045 -3.4377468
-3.31 9.2699995 1.15 -2.291831 -0.57295775 -2.8647888
-2.57 9.49 1.7199999 -7.448451 0.0 -5.7295775
-1.73 9.41 1.05 -11.459155 5.15662 -8.021409
-2.79 9.11 0.71 0.0 5.15662 -12.032113
-3.6699998 9.139999 0.91999996 12.605071 9.740283 -33.231552
-4.46 8.9 0.68 12.605071 9.167324 -51.5662
-4.29 8.599999 0.29 14.896902 2.8647888 -46.98254
-4.29 8.599999 0.34 14.896902 1.1459155 -40.680004
-4.21 8.63 0.47 9.167324 5.15662 -28.64789
-4.19 8.62 0.69 1.7188734 9.740283 -24.064226
-4.18 8.71 0.84999996 -2.8647888 9.740283 -18.334648
-4.0099998 8.59 0.77 -3.4377468 6.8754935 -17.761692
-4.04 8.36 0.71999997 -1.7188734 7.448451 -20.62648
-4.3199997 8.349999 0.78999996 0.57295775 8.594366 -21.772396
-4.5699997 8.12 0.53999996 2.8647888 8.021409 -25.7831
-4.48 7.77 0.049999997 5.7295775 7.448451 -26.929016
-4.75 7.48 0.12 8.021409 7.448451 -26.356058
-5.04 7.22 0.53999996 6.3025355 6.8754935 -26.929016
-4.7599998 6.6299996 0.52 -2.291831 10.886198 -30.366762
-5.5 6.02 0.17 1.1459155 8.021409 -26.929016
-6.97 6.91 0.26999998 4.0107045 12.605071 -26.356058
-6.5299997 7.1 -0.65999997 7.448451 17.761692 -26.356058
-5.71 7.47 -1.78 12.605071 16.042818 -21.199438
-5.64 8.13 -1.5 21.199438 1.1459155 -5.15662
-5.15 8.78 -0.089999996 13.178029 -8.594366 -1.1459155
-4.56 8.17 0.75 -9.740283 -4.583662 -0.57295775
-4.96 8.32 1.0699999 -25.7831 0.0 3.4377468
-5.29 7.96 0.69 -22.345354 4.583662 -2.8647888
-5.8799996 7.73 0.31 -9.740283 7.448451 -10.886198
-6.2599998 7.79 -0.19999999 1.1459155 5.7295775 -15.469859
-6.14 7.72 -0.55 9.740283 4.583662 -14.323945
-5.83 7.69 -0.68 12.032113 3.4377468 -11.459155
-5.6099997 7.74 -0.25 8.594366 1.1459155 -4.0107045
-6.41 7.7 0.31 -3.4377468 0.0 0.0
-6.6 8.01 0.84 -6.3025355 2.291831 -0.57295775
-5.56 8.33 0.26999998 -4.583662 1.7188734 -0.57295775
-5.2 8.5 -0.39999998 21.199438 -15.469859 10.31324
-4.97 9.099999 -1.16 29.793804 -19.480566 13.750987
-4.66 8.849999 -0.41 26.356058 -11.459155 12.032113
-4.8399997 8.82 0.87 0.57295775 -7.448451 10.31324
-5.02 8.67 0.84999996 -14.323945 -2.8647888 5.15662
-5.24 8.599999 0.53 -13.178029 -2.291831 1.1459155
-5.21 8.51 0.099999994 -1.7188734 -1.1459155 -0.57295775
-5.4 8.5 0.099999994 8.021409 -2.8647888 -2.8647888
-5.68 8.69 -0.12 8.021409 -5.15662 -2.291831
-5.33 8.49 -0.48 5.7295775 -2.291831 -1.1459155
-4.97 8.61 0.02 5.7295775 0.0 0.0
-4.7 8.76 0.37 0.0 -0.57295775 4.583662
-4.75 8.679999 0.34 -5.15662 -2.8647888 2.8647888
-5.2999997 8.62 0.39 -5.15662 -2.8647888 -0.57295775
-5.6299996 8.599999 0.34 -2.291831 0.57295775 -3.4377468
-5.48 8.54 0.13 1.7188734 0.0 -3.4377468
-5.29 8.55 -0.12 5.7295775 -1.1459155 0.0
-4.87 8.55 -0.32 9.167324 -1.7188734 1.1459155
-5.1099997 8.5 -0.45999998 6.8754935 -2.8647888 1.1459155
-5.6299996 8.44 0.28 0.0 -1.7188734 -0.57295775
-5.5 8.2699995 0.64 -4.583662 1.1459155 -1.7188734
-5.48 8.139999 0.48999998 -2.8647888 -5.15662 0.0
-5.62 8.47 0.049999997 0.57295775 -6.8754935 0.57295775
-5.2 8.34 -0.29 9.740283 -3.4377468 2.291831
-5.08 8.57 0.28 10.31324 -2.8647888 6.3025355
-4.94 8.86 0.55 1.7188734 -6.8754935 6.3025355
-4.79 8.95 -0.25 3.4377468 -7.448451 5.7295775
-4.75 8.87 -0.26999998 10.886198 -6.8754935 6.3025355
-4.94 8.87 0.32999998 8.594366 -3.4377468 5.15662
-5.15 8.79 0.61 -1.1459155 -2.8647888 1.1459155
-5.25 8.58 -0.12 -0.57295775 -1.7188734 0.57295775
-5.15 8.69 -0.04 9.167324 -1.7188734 0.0
-5.0499997 8.78 -0.16 7.448451 -2.8647888 0.57295775
-5.12 8.79 -0.049999997 5.7295775 -1.7188734 1.1459155
-5.14 8.9 0.21 -0.57295775 3.4377468 1.7188734
-4.67 8.63 0.12 -2.291831 4.0107045 1.7188734
-5.06 8.88 -0.22 1.1459155 -1.1459155 2.291831
-5.12 8.92 -0.41 4.0107045 -2.291831 1.1459155
-4.95 8.7699995 -0.17999999 6.3025355 -2.291831 0.0
-4.96 8.88 0.16 0.0 2.291831 0.57295775
-4.92 8.7699995 0.14999999 -5.15662 2.291831 0.0
-5.25 8.929999 -0.37 -2.8647888 0.57295775 -0.57295775
-4.92 8.809999 -0.91999996 3.4377468 0.0 -2.291831
-4.8199997 8.7 -0.85999995 6.3025355 0.0 -1.7188734
-5.2799997 8.59 -0.26 0.0 1.7188734 -0.57295775
-5.37 8.559999 0.38 -9.740283 5.7295775 -3.4377468
-4.91 8.42 0.16 -11.459155 2.8647888 -4.583662
-5.16 8.41 -0.099999994 -3.4377468 -4.583662 -2.8647888
-5.3599997 8.58 0.08 3.4377468 -5.7295775 -2.291831
-5.08 8.429999 0.22999999 2.8647888 -0.57295775 -1.1459155
-5.25 8.54 0.0 0.57295775 -1.7188734 -0.57295775
-5.24 8.62 -0.12 2.8647888 -1.1459155 0.57295775
