2.02 10.11 -0.32 17.188732 5.7295775 -2.8647888
1.92 9.9 -0.39 10.886198 2.8647888 -3.4377468
1.75 10.01 -0.29999998 6.3025355 1.1459155 -1.7188734
2.07 10.2 -0.26 1.1459155 -0.57295775 0.57295775
2.27 10.23 -0.25 -1.1459155 -0.57295775 1.7188734
2.3999999 10.23 0.12 -6.8754935 -0.57295775 0.0
2.09 10.309999 0.42999998 -6.8754935 -1.1459155 -2.8647888
2.19 10.42 0.34 -2.8647888 -1.7188734 -2.8647888
2.18 10.53 0.14 -1.7188734 0.0 -3.4377468
2.1 10.58 0.089999996 -1.7188734 1.7188734 -4.583662
2.26 10.36 0.35999998 -4.0107045 1.1459155 -5.7295775
2.21 10.3 0.51 -4.0107045 0.57295775 -6.3025355
2.1399999 10.309999 0.35999998 -2.291831 0.57295775 -7.448451
2.1 10.469999 0.16 0.0 -0.57295775 -10.886198
2.12 10.55 0.19999999 -1.1459155 -1.1459155 -11.459155
2.2 10.42 0.049999997 -2.291831 -1.7188734 -12.605071
2.1 10.26 0.34 -3.4377468 -0.57295775 -14.896902
1.5999999 10.719999 0.53 -5.15662 -0.57295775 -18.334648
2.1 10.57 0.29 -1.1459155 -2.8647888 -15.469859
2.1 10.57 0.29 -1.1459155 -2.8647888 -15.469859
1.93 10.639999 0.41 0.57295775 -2.291831 -17.188732
1.67 10.809999 0.45 4.0107045 0.0 -21.199438
1.78 10.65 0.22 4.583662 0.0 -21.199438
1.8299999 10.2 -0.16 6.3025355 -1.7188734 -22.345354
1.28 10.29 0.29 2.291831 -4.0107045 -26.356058
0.84999996 10.42 0.51 2.8647888 0.0 -26.929016
1.17 10.07 -0.11 7.448451 0.0 -19.480566
1.1 10.219999 -0.24 6.3025355 -1.1459155 -17.761692
1.11 10.33 -0.14 4.0107045 0.0 -16.615776
1.41 10.059999 0.29999998 5.15662 -2.291831 -16.615776
1.28 10.01 0.38 8.021409 -2.291831 -19.480566
1.25 10.07 0.29999998 8.594366 -2.8647888 -22.345354
1.03 10.16 -0.35999998 8.021409 -2.291831 -24.637184
1.01 10.09 -0.82 6.3025355 -1.7188734 -25.210142
1.0 10.13 -0.94 0.0 -3.4377468 -25.7831
0.7 10.429999 -0.39 -9.167324 0.0 -27.501974
0.56 10.469999 -0.17 -9.740283 2.291831 -27.501974
0.83 10.09 -0.58 -8.021409 0.0 -26.356058
0.55 10.28 -0.14 -11.459155 0.0 -29.220846
0.11 10.599999 0.28 -12.032113 1.7188734 -29.793804
0.26999998 10.49 0.21 -2.8647888 1.7188734 -26.929016
0.17999999 10.559999 -0.56 0.0 0.57295775 -26.356058
-0.04 10.84 -0.68 1.1459155 2.291831 -28.07493
0.13 10.96 -0.57 -2.291831 4.0107045 -27.501974
0.55 10.79 -0.47 -5.7295775 1.1459155 -26.929016
0.22 10.58 -0.37 -7.448451 0.0 -30.366762
-0.17999999 10.51 0.0 -9.740283 1.1459155 -35.523384
-0.45 10.42 0.06 -9.167324 1.1459155 -37.815212
-0.37 10.0199995 0.19 -6.3025355 0.57295775 -36.669296
-0.65 9.99 0.32999998 -2.8647888 1.7188734 -34.950428
-0.42999998 9.5 0.35 2.8647888 3.4377468 -30.939718
-0.39999998 9.179999 0.26999998 10.886198 2.8647888 -28.07493
-0.89 8.65 -0.25 17.188732 1.7188734 -29.220846
-0.89 8.37 -1.02 15.469859 -0.57295775 -29.793804
-1.11 8.5 -0.96999997 3.4377468 -1.7188734 -29.793804
-1.51 9.04 -0.32999998 -8.594366 -0.57295775 -29.220846
-1.75 9.139999 0.02 -16.042818 2.291831 -26.929016
-1.89 9.82 0.17999999 -18.334648 1.7188734 -22.345354
-1.2099999 9.87 0.32 -16.042818 3.4377468 -17.188732
-1.04 9.79 0.42 -12.032113 4.0107045 -17.761692
-1.3299999 9.849999 0.29999998 -6.3025355 4.583662 -21.772396
-1.63 10.059999 -0.13 -1.7188734 3.4377468 -24.637184
-1.64 9.929999 -0.38 -0.57295775 4.0107045 -25.210142
-1.5799999 9.86 -0.26999998 -2.291831 2.291831 -24.064226
-1.88 9.9 -0.38 -5.7295775 2.291831 -23.49127
-2.1299999 10.139999 -0.12 -7.448451 1.7188734 -25.210142
-1.9 10.179999 0.089999996 -9.740283 0.0 -24.064226
-1.8499999 9.79 -0.14999999 -5.7295775 1.7188734 -23.49127
-2.19 9.99 0.12 -3.4377468 2.291831 -25.7831
-2.4299998 10.05 0.19 -3.4377468 2.8647888 -28.64789
-2.3899999 9.8 -0.22 0.0 1.1459155 -27.501974
-2.25 9.53 -0.39 3.4377468 0.0 -26.356058
-2.47 9.48 -0.34 2.8647888 0.0 -27.501974
-2.97 9.98 -0.13 0.0 -0.57295775 -28.64789
-2.75 9.889999 -0.08 -2.8647888 1.1459155 -25.210142
-2.37 9.33 -0.04 -2.291831 2.8647888 -24.637184
-2.77 9.37 -0.03 0.0 1.7188734 -28.07493
-2.8999999 9.33 0.02 0.0 2.8647888 -29.793804
-3.24 9.24 -0.17 1.1459155 3.4377468 -30.939718
-3.24 8.86 -0.76 4.0107045 1.7188734 -28.64789
-3.3999999 8.69 -0.84 0.0 0.57295775 -27.501974
-3.76 9.37 -0.29 -8.594366 0.0 -25.7831
-3.36 9.46 0.04 -14.896902 0.0 -21.772396
-3.05 9.29 0.17 -16.042818 -0.57295775 -20.053522
-3.36 9.58 0.5 -14.323945 0.57295775 -24.064226
-3.5 9.4 0.51 -9.740283 0.0 -25.7831
-3.76 9.36 0.35 -4.0107045 -0.57295775 -27.501974
-3.75 9.3 0.19 -1.1459155 0.0 -27.501974
-3.8999999 9.36 0.29999998 -1.1459155 0.0 -26.929016
-3.9399998 9.53 0.12 0.57295775 0.0 -26.356058
-3.6799998 9.42 -0.25 0.57295775 -0.57295775 -25.7831
-3.85 9.33 -0.099999994 -1.1459155 0.0 -27.501974
-4.16 9.429999 0.26 -2.291831 0.0 -29.793804
-4.0299997 9.16 -0.02 -0.57295775 -0.57295775 -29.793804
-4.2 9.25 -0.25 0.0 -2.8647888 -30.366762
-4.2599998 9.11 -0.11 -1.7188734 -1.1459155 -30.366762
-4.36 9.179999 -0.17999999 -5.15662 -0.57295775 -30.939718
-4.36 8.88 -0.29 -5.7295775 0.57295775 -29.793804
-4.5299997 8.599999 -0.089999996 -7.448451 -0.57295775 -29.793804
-5.0499997 8.7 0.51 -7.448451 0.0 -31.51268
-4.77 8.53 0.5 -6.8754935 0.0 -29.793804
-4.62 8.42 0.34 -4.0107045 -1.7188734 -26.929016
-4.99 8.78 0.22999999 -0.57295775 -1.7188734 -29.220846
-4.72 8.5 0.17999999 0.0 -0.57295775 -28.64789
-4.67 7.98 0.0 -0.57295775 -2.8647888 -28.64789
-5.5699997 8.389999 0.55 -2.8647888 -2.291831 -34.377464
-5.4 8.21 0.63 -3.4377468 -1.7188734 -32.658592
-4.95 7.79 0.59 1.1459155 -1.1459155 -28.64789
-5.23 7.3599997 0.13 6.3025355 -1.7188734 -28.07493
-5.56 7.2999997 0.08 7.448451 -0.57295775 -28.64789
-5.99 6.8999996 0.049999997 6.8754935 3.4377468 -27.501974
-6.19 6.72 0.25 3.4377468 4.583662 -22.91831
-6.12 7.0 0.19 2.8647888 3.4377468 -17.188732
-5.74 7.23 0.04 3.4377468 0.0 -12.605071
-5.66 7.27 -0.38 1.7188734 -1.1459155 -12.605071
-6.04 7.39 -0.17999999 -4.583662 -1.1459155 -14.323945
-6.52 7.95 0.17999999 -9.740283 0.0 -15.469859
-6.0299997 7.8799996 0.099999994 -9.167324 1.1459155 -10.31324
-5.5299997 7.5099998 0.049999997 -10.31324 -1.7188734 -7.448451
-6.25 7.8599997 0.53999996 -9.167324 1.1459155 -12.032113
-6.41 7.8199997 0.62 -4.583662 4.0107045 -11.459155
-5.87 7.44 0.14999999 0.57295775 0.57295775 -8.021409
-6.16 7.49 0.049999997 2.8647888 1.7188734 -9.167324
-6.45 7.5499997 0.19 5.7295775 3.4377468 -9.167324
-6.33 7.4199996 -0.099999994 7.448451 1.1459155 -5.15662
-6.3599997 7.66 -0.35999998 6.3025355 1.1459155 -4.0107045
-6.27 7.56 -0.45999998 3.4377468 2.291831 -3.4377468
-6.1299996 7.5299997 -0.19999999 -4.583662 0.0 -1.7188734
-6.0 7.7 0.16 -6.3025355 -0.57295775 -2.291831
-6.23 7.69 0.19 -5.7295775 -1.1459155 -4.0107045
-6.5699997 7.87 0.38 -2.8647888 0.57295775 -5.7295775
-6.29 7.71 0.31 -0.57295775 1.1459155 -3.4377468
-6.39 7.8599997 0.07 3.4377468 2.291831 -2.291831
-6.22 7.81 -0.32 6.3025355 2.8647888 -0.57295775
-6.0299997 7.56 -0.56 4.0107045 1.7188734 0.0
-6.24 8.05 -0.22 -2.291831 0.57295775 -1.1459155
-6.1299996 8.01 0.01 -7.448451 -0.57295775 -2.291831
-6.31 7.98 0.16 -5.15662 0.0 -2.8647888
-6.31 7.98 0.16 -5.15662 0.0 -2.8647888
-6.14 8.04 0.38 -4.0107045 1.1459155 -2.291831
-6.24 7.93 -0.22 2.291831 2.291831 -2.8647888
-6.21 7.7799997 -0.35 -0.57295775 0.57295775 -4.0107045
-6.21 7.7799997 -0.35 -0.57295775 0.57295775 -4.0107045
-6.16 7.75 -0.06 -2.291831 1.1459155 -1.7188734
-6.16 7.74 -0.16 -2.8647888 -0.57295775 -1.1459155
-6.31 7.96 0.12 -2.8647888 -1.1459155 -1.7188734
-6.25 7.79 0.19 -2.291831 0.0 -2.8647888
-6.37 7.73 0.14 0.0 1.7188734 -2.8647888
-6.37 7.73 0.14 0.0 1.7188734 -2.8647888
-6.48 7.8999996 -0.28 2.8647888 3.4377468 -2.291831
-6.24 7.6699996 -0.59999996 5.15662 4.0107045 0.0
-6.23 7.81 -0.26 -0.57295775 1.7188734 -0.57295775
-6.16 7.75 -0.25 -3.4377468 1.1459155 0.0
-6.49 7.9199996 -0.21 -5.15662 0.0 -1.1459155
-6.39 7.85 0.08 -5.15662 1.7188734 -1.7188734
-6.31 7.7799997 -0.049999997 -4.0107045 0.0 0.0
-6.3599997 7.97 0.02 -2.8647888 1.1459155 0.0
-6.3599997 7.97 0.02 -2.8647888 1.1459155 0.0
-6.12 7.74 -0.22999999 0.0 0.0 0.57295775
-6.33 7.8199997 -0.17 0.0 0.0 0.0
-6.5099998 7.97 -0.049999997 -2.291831 1.1459155 -1.1459155
-6.3999996 7.91 0.03 -2.291831 1.7188734 -0.57295775
