2.26 10.2 -0.90999997 22.345354 9.167324 1.1459155
2.22 10.0 -1.35 16.042818 2.291831 -1.7188734
1.68 10.179999 -0.97999996 4.583662 5.15662 -2.8647888
1.87 10.09 -0.66999996 -8.021409 0.0 1.7188734
2.02 10.25 0.22999999 -9.740283 1.1459155 2.8647888
2.32 10.469999 -0.099999994 0.0 3.4377468 2.8647888
2.3799999 10.389999 -0.84 1.1459155 2.8647888 0.0
2.12 10.74 -0.06 -6.3025355 2.291831 -2.291831
2.19 10.45 0.099999994 -6.8754935 1.7188734 -4.0107045
1.93 10.79 -0.08 -2.291831 0.0 -6.3025355
2.03 10.75 -0.48 0.0 3.4377468 -6.3025355
1.99 10.969999 0.17999999 -7.448451 6.3025355 -5.15662
2.32 10.929999 0.29999998 -7.448451 5.15662 -6.8754935
2.32 10.88 -0.29999998 0.0 0.0 -9.167324
1.91 10.889999 -0.61 0.57295775 0.0 -13.750987
1.9 10.83 0.049999997 -6.3025355 3.4377468 -14.896902
2.08 10.66 0.37 -8.021409 2.8647888 -14.323945
2.0 10.74 -0.07 -1.1459155 2.8647888 -16.615776
2.0 10.639999 -0.26 1.1459155 2.291831 -18.334648
1.99 10.559999 -0.35999998 2.8647888 1.1459155 -21.772396
1.8399999 10.26 -0.51 2.291831 1.1459155 -23.49127
1.4599999 10.25 -0.01 -4.583662 2.291831 -25.210142
1.64 9.99 0.16 -4.0107045 2.8647888 -23.49127
1.51 9.92 -0.06 4.0107045 0.0 -25.210142
1.2099999 10.24 -0.17999999 10.31324 -0.57295775 -28.07493
1.31 10.219999 -0.07 9.167324 1.1459155 -28.64789
1.16 10.04 -0.35999998 9.167324 4.583662 -30.366762
1.0799999 9.86 -0.88 12.032113 4.583662 -30.366762
0.76 10.059999 -0.9 10.31324 -2.291831 -30.366762
0.77 10.04 -0.53999996 1.7188734 -2.8647888 -29.793804
0.89 10.11 -0.45999998 -2.8647888 -3.4377468 -26.929016
0.94 10.09 -0.5 -5.7295775 -2.8647888 -25.7831
0.41 10.21 -0.42 -7.448451 -0.57295775 -27.501974
0.39999998 10.25 -0.34 -5.7295775 0.0 -28.64789
0.59999996 10.29 -0.53 -4.583662 -1.7188734 -26.929016
0.51 10.36 -0.22999999 -8.021409 -2.8647888 -26.929016
0.22999999 10.41 0.07 -5.7295775 -1.1459155 -30.366762
0.13 10.42 -0.02 -2.291831 -1.1459155 -31.51268
0.0 10.32 -0.57 1.7188734 -2.291831 -30.939718
0.0 10.309999 -0.44 -1.7188734 -2.8647888 -29.220846
-0.08 10.2699995 -0.22 -6.3025355 -3.4377468 -29.220846
-0.25 10.179999 -0.93 -4.583662 -5.15662 -29.793804
-0.22 10.21 -0.88 -10.886198 -6.8754935 -29.220846
-0.02 10.0199995 0.13 -16.042818 -8.594366 -29.793804
-0.17 9.84 0.65999997 -21.772396 -2.291831 -31.51268
-0.51 10.11 0.78999996 -14.323945 -1.1459155 -34.377464
-0.5 10.219999 0.049999997 -2.291831 -4.0107045 -35.523384
-0.71999997 9.9 -0.53 -2.291831 1.7188734 -39.53409
-1.14 10.01 0.0 -3.4377468 1.1459155 -37.242256
-0.98999995 9.7699995 0.12 -3.4377468 0.0 -34.950428
-1.04 9.79 0.26 -1.7188734 1.1459155 -34.377464
-1.36 9.98 -0.11 3.4377468 2.8647888 -37.242256
-1.22 9.7699995 -0.71 4.583662 2.8647888 -34.377464
-1.63 9.91 -0.22999999 -3.4377468 2.291831 -34.377464
-1.8299999 9.82 0.089999996 -5.15662 1.7188734 -33.80451
-1.48 9.75 -0.19 -0.57295775 0.0 -32.085636
-1.67 9.83 -0.24 0.0 0.57295775 -32.085636
-1.81 9.94 -0.31 -0.57295775 2.291831 -32.658592
-1.92 9.969999 -0.31 -1.1459155 0.0 -34.377464
-2.08 9.78 -0.35999998 -1.7188734 0.57295775 -34.950428
-2.3899999 9.83 0.089999996 -8.594366 0.57295775 -33.80451
-2.37 9.7 -0.17 -5.15662 0.0 -32.658592
-2.49 9.61 -0.28 -2.8647888 0.0 -33.231552
-2.46 9.639999 -0.049999997 -2.291831 0.0 -30.939718
-2.4299998 9.51 0.02 -3.4377468 -0.57295775 -30.366762
-2.57 9.2 -0.26 2.291831 0.0 -33.231552
-2.96 9.16 -0.53 7.448451 0.0 -36.09634
-3.3899999 9.4 -0.63 0.57295775 1.1459155 -33.231552
-2.83 9.42 -0.82 -2.8647888 0.57295775 -28.07493
-2.86 9.57 -0.77 -6.3025355 -0.57295775 -28.07493
-3.32 9.67 -0.32 -13.178029 -1.1459155 -30.366762
-3.3899999 9.65 0.29 -17.761692 -2.8647888 -30.366762
-3.26 9.82 0.58 -13.178029 -4.583662 -30.366762
-3.33 9.55 0.29999998 -0.57295775 0.0 -32.658592
-3.9299998 9.889999 0.53 4.583662 2.291831 -37.242256
-3.28 9.679999 0.22999999 8.594366 2.291831 -35.523384
-3.26 9.2 -1.06 19.480566 0.0 -33.231552
-3.8899999 9.05 -1.24 21.772396 -0.57295775 -35.523384
-4.2799997 9.53 -0.16 5.15662 1.1459155 -39.53409
-3.48 9.0 0.19 -3.4377468 -1.7188734 -32.658592
-3.6999998 9.059999 0.11 -3.4377468 -2.291831 -32.658592
-4.6 9.4 -0.52 4.583662 -1.1459155 -38.38817
-3.9599998 8.86 -0.59 1.7188734 1.1459155 -38.38817
-3.99 8.309999 -0.41 -4.0107045 1.7188734 -36.669296
-4.02 7.99 -0.29999998 -5.15662 1.7188734 -38.38817
-4.0299997 7.44 0.34 -7.448451 -2.8647888 -41.825916
-5.7599998 7.62 -0.21 0.0 -3.4377468 -46.98254
-6.66 7.98 -0.16 4.0107045 6.3025355 -45.263664
-6.43 8.41 0.12 -2.8647888 8.021409 -28.07493
-4.62 8.139999 0.08 -5.7295775 0.57295775 -13.750987
-4.33 7.71 -0.25 -3.4377468 1.7188734 -17.761692
-5.23 7.62 -0.65 -1.1459155 4.583662 -24.064226
-6.08 7.3999996 -1.3399999 0.57295775 2.291831 -29.793804
-6.37 8.19 -0.85999995 -9.740283 0.57295775 -26.356058
-5.33 8.13 -0.099999994 -19.480566 -0.57295775 -18.907606
-5.41 7.17 -0.03 -20.62648 -0.57295775 -18.907606
-6.69 8.389999 0.53999996 -14.323945 2.8647888 -24.064226
-5.29 8.11 -0.089999996 -6.8754935 0.0 -17.188732
-5.2799997 7.5499997 -0.62 -6.8754935 0.0 -17.188732
-6.2 8.46 0.38 -12.605071 7.448451 -24.637184
-5.2799997 7.5099998 0.04 -13.750987 2.291831 -20.62648
-5.96 7.17 0.0 -6.8754935 0.57295775 -25.210142
-6.56 7.4199996 0.19999999 -1.1459155 1.7188734 -29.793804
-5.7599998 6.7599998 -0.26 1.1459155 1.1459155 -21.772396
-6.69 7.25 -0.11 0.57295775 3.4377468 -21.199438
-6.3399997 7.25 0.34 1.1459155 4.0107045 -18.334648
-5.69 6.39 -0.26 6.3025355 1.1459155 -16.042818
-6.94 6.46 -0.78 9.740283 4.583662 -20.62648
-7.06 7.0699997 -0.79999995 6.3025355 4.583662 -15.469859
-6.3799996 6.5899997 -0.90999997 2.291831 2.8647888 -9.167324
-6.8799996 7.1099997 -0.34 -5.15662 1.1459155 -6.3025355
-6.46 7.02 -0.52 -5.7295775 1.7188734 -6.3025355
-6.72 6.7799997 -0.69 -6.3025355 0.0 -5.7295775
-7.23 7.0699997 -0.24 -10.31324 2.8647888 -6.8754935
-6.87 7.66 0.0 -11.459155 0.57295775 -1.7188734
-6.02 7.48 -0.25 -6.8754935 -1.7188734 4.0107045
-5.96 7.39 -0.42 -4.0107045 -0.57295775 2.291831
-6.41 7.33 -0.17999999 -5.15662 0.0 -3.4377468
-6.87 7.18 0.16 -5.7295775 0.0 -6.8754935
-7.0299997 7.21 0.03 -0.57295775 0.0 -7.448451
-6.89 7.37 -0.39 5.7295775 0.57295775 -2.8647888
-6.68 7.49 -0.37 1.7188734 0.0 1.7188734
-6.5699997 7.77 0.16 -2.291831 0.0 1.7188734
-6.41 7.54 0.0 -1.7188734 1.1459155 0.0
-6.5099998 7.47 -0.17 -1.7188734 1.7188734 -0.57295775
-6.79 7.6299996 -0.12 -2.8647888 0.0 -2.291831
-6.6 7.69 0.13 -6.8754935 0.0 0.0
-6.41 7.69 0.04 -8.594366 0.57295775 1.7188734
-6.17 7.45 -0.71 -4.583662 2.8647888 1.1459155
-6.67 7.52 -0.35 -9.167324 4.0107045 -1.1459155
-6.8599997 7.64 0.42 -11.459155 2.8647888 -1.7188734
-6.56 7.5499997 0.08 -3.4377468 0.57295775 1.7188734
-6.2999997 7.62 -0.53 0.0 1.7188734 1.7188734
-6.3799996 7.45 -0.049999997 -14.323945 0.0 -0.57295775
-6.5499997 7.29 0.24 -17.761692 0.57295775 -1.1459155
-6.91 7.39 0.22 -14.896902 1.7188734 -1.1459155
-6.49 7.31 0.11 -9.167324 2.291831 4.0107045
-6.31 7.5099998 -0.07 -4.583662 1.1459155 5.7295775
-6.52 7.91 -0.01 -3.4377468 2.8647888 4.0107045
-6.31 7.79 0.14 -4.0107045 2.8647888 4.0107045
-6.41 7.64 0.08 -0.57295775 1.1459155 1.1459155
-6.83 7.8599997 -0.08 4.0107045 1.1459155 1.1459155
-6.2599998 8.03 -0.099999994 0.0 0.0 4.0107045
-6.0899997 8.11 -0.01 -1.7188734 0.57295775 4.0107045
-6.12 8.07 0.08 -2.8647888 1.7188734 1.7188734
-6.43 7.97 0.099999994 -2.291831 1.7188734 0.0
-6.45 7.85 0.0 -1.1459155 2.291831 -1.7188734
-6.64 8.07 -0.22999999 0.0 2.8647888 -1.1459155
-6.3999996 8.37 -0.01 -4.583662 2.291831 0.57295775
-5.94 8.05 0.19 -5.15662 1.7188734 1.1459155
-6.2599998 7.89 -0.03 -1.7188734 0.57295775 -2.8647888
-6.44 7.99 -0.12 0.0 0.57295775 -5.7295775
-6.42 7.8799996 -0.12 -1.7188734 0.57295775 -4.583662
-6.6099997 7.43 -0.02 -2.8647888 1.7188734 -5.15662
-6.5699997 7.48 -0.19999999 0.0 0.0 -5.15662
-6.48 7.5 -0.37 0.0 0.0 -2.291831
-6.5699997 7.5299997 0.08 -3.4377468 0.57295775 -1.7188734
