2.0782306 9.718362 1.8340145 -6.095005 4.837455 2.451575
2.3128695 9.5244255 1.9369683 -12.605005 5.677455 6.931575
2.116539 9.474146 2.1740015 -12.220005 7.1824555 6.756575
1.9130256 9.364009 2.083019 -7.565005 7.147455 3.956575
1.9393626 9.337671 1.8220432 0.274995 5.1524553 3.2915752
1.9704882 9.261055 1.6352897 6.2599945 5.1524553 4.5165753
1.9944309 9.239507 1.5802214 7.9049945 5.502455 5.286575
2.020768 9.253872 1.6017698 6.924995 3.7524552 5.776575
2.1835787 9.399923 1.673598 5.104995 2.3524551 5.986575
2.0878077 9.402317 1.7238779 4.404995 2.317455 5.776575
1.908237 9.440625 1.647261 4.474995 1.4774551 3.9215748
1.8244374 9.632168 1.6855695 4.8949947 0.812455 3.0115752
1.8938714 10.099051 1.7071179 4.089995 0.602455 3.851575
1.5993756 11.068732 1.5131817 2.549995 0.427455 5.251575
1.4437478 12.244322 1.56825 -0.250005 -2.057545 6.1615753
1.5299416 14.049604 1.8555629 -7.4250054 -0.762545 10.011575
2.2147043 16.020092 2.5044115 -14.040005 2.002455 16.661575
1.4293821 17.279482 2.9832664 -16.980005 0.0074550007 22.121576
1.7047237 18.206066 3.840417 -17.505007 1.9674551 15.646575
1.3096683 18.924349 4.517997 -16.735004 14.777455 8.506576
2.2194927 18.373665 4.6760187 -8.300005 29.722456 6.1965747
2.1716073 17.92833 2.971295 16.934996 46.102455 -1.4334251
2.6145482 17.243567 0.5698374 60.614998 46.872456 -15.818424
2.7869358 16.355291 -0.19633053 94.774994 31.927452 -30.308424
2.6432793 15.0168915 0.3519584 94.84499 16.352455 -42.208427
2.291321 13.362448 1.2737542 71.465 14.567454 -50.783424
2.3655436 12.565154 1.5299416 35.974995 24.297455 -44.098427
3.634509 11.803775 1.2761484 33.419994 25.872456 -37.203426
3.5004299 10.972961 2.351178 30.269995 23.247456 -37.763428
3.0910087 9.917087 2.2769554 31.809994 12.642455 -36.678425
2.6001825 9.131764 2.1332989 38.459995 7.112455 -32.26842
2.5307484 8.427847 1.8866886 40.699997 10.682455 -22.188427
3.6488748 7.6521025 1.2905141 39.824997 11.207455 -5.6684246
4.11097 7.1780357 0.5913859 35.414997 13.8674555 0.316575
3.7661943 6.9218483 -0.31365 25.649996 20.552454 -11.653425
2.9162266 6.3567996 0.43336374 8.009995 21.567455 -38.32342
1.6305012 5.968927 1.8555629 -8.895006 21.532455 -57.993423
1.4174107 5.978504 1.4150164 1.0799949 10.017455 -62.05343
1.6017698 5.9665327 -0.10774237 28.344997 -8.042545 -59.67343
0.6105401 5.803722 -0.5889916 36.079998 -16.127544 -64.573425
-1.0199611 5.849213 -0.31125572 20.154995 -11.052546 -65.588425
-1.4437478 6.0239954 -0.14365649 2.549995 0.147455 -50.783424
-0.409421 6.081458 0.07422252 -12.465005 12.222455 -23.168425
0.44533512 6.4932733 -0.18914771 -23.805004 26.957455 2.906575
-0.12210801 6.9840994 0.4764607 -26.920004 28.987455 3.1165752
-0.86193895 7.091842 1.2091088 -24.575005 17.262455 -13.438425
-1.4245936 7.0942364 1.2402344 -12.360005 1.2324549 -17.918425
-0.7853221 7.5515428 1.0223553 -0.005005 5.467455 -2.5884252
1.8507744 8.032792 0.2370332 11.894995 21.357454 22.681574
1.4054393 8.0375805 -0.26097596 23.199995 16.772455 27.336575
-0.35435268 8.300951 -0.44294083 28.834995 -1.252545 -2.343425
-1.1636176 8.346442 -1.1731946 33.734993 -20.012547 -25.233425
-1.2785428 8.116591 -2.030345 37.934998 -32.612545 -28.383425
-0.2681588 7.7574506 -1.5275474 28.659996 -28.447544 -25.408426
-0.818842 7.90829 -0.7446195 4.264995 -25.402546 -19.983425
-1.3527653 7.656891 -1.4245936 -12.990005 -21.797544 -22.958424
-1.063058 7.3169036 -2.2506182 -9.980005 -21.342545 -26.038425
-1.4389591 6.9314256 -1.5083932 -7.7050047 -23.897547 -22.538425
-1.620924 6.4765134 -0.43096948 -26.220005 -16.092545 -24.113426
-2.0662591 6.751855 0.723071 -46.520004 -4.647545 -24.323425
-2.5331428 6.986494 1.2929084 -52.505 -0.447545 -20.368427
-2.2937152 7.3216925 1.175589 -41.585007 0.46245497 -13.543425
-1.6424725 7.7957587 0.6943397 -17.120005 -0.202545 -1.503425
-1.6448668 8.43503 -0.69194543 10.564996 -5.452545 9.6265745
-1.6041641 8.717555 -1.5754328 31.144993 -8.987545 13.896575
-1.7358493 9.110215 -1.6616267 33.874996 -10.282545 8.436575
-1.0798179 9.294575 -1.6496553 26.699997 -7.4125457 4.6565747
-1.2498114 9.134158 -2.0590763 16.269995 0.812455 -1.6434251
-1.5083932 9.239507 -1.7071179 -3.7500052 11.557455 -5.7034254
-1.776552 9.002473 -0.8356019 -25.765005 18.977455 -6.963425
-1.8747171 9.119793 0.12210801 -34.20001 20.937454 -7.068425
-1.3288225 9.244295 0.51955765 -28.845005 13.377455 -3.6734252
-1.3144568 9.282603 0.50998056 -15.1600065 2.667455 -1.9234251
-1.3958622 9.301758 0.48124924 -1.475005 -4.612545 -3.0434248
-1.4078336 9.37598 0.12210801 8.639995 -5.802545 -1.118425
-1.2091088 9.510059 -0.65363705 15.814996 -1.252545 2.031575
-1.2138973 9.61062 -0.845179 15.744995 5.327455 3.1165752
-1.7478206 9.519637 -0.76137936 7.9749956 8.512455 1.086575
-1.8100717 9.490906 -0.74222517 4.369995 7.7774553 0.351575
-1.228263 9.708784 -0.8475733 7.5199947 1.8624551 2.9765751
-1.0774237 9.864412 -1.1181264 10.494995 -2.757545 4.061575
-1.297697 9.816526 -1.036721 7.554995 -2.547545 0.38657498
-1.4341706 9.560339 -0.5243462 -0.88000506 0.147455 -2.903425
-1.6520497 9.47654 -0.3232271 -7.390005 0.98745495 -3.1134253
-1.6712039 9.510059 -0.23463893 -7.4250054 0.112454996 -1.7834251
-1.403045 9.651321 -0.102953814 -4.695005 -2.197545 1.191575
-1.1516461 9.629773 0.026337024 -2.420005 -4.927545 4.166575
-1.2043202 9.634562 -0.10055954 0.764995 -7.0975456 4.901575
-1.2953026 9.624985 -0.30886146 5.104995 -7.937546 4.3065753
-1.175589 9.694419 -0.2753416 7.764995 -9.162545 3.851575
-1.0247496 9.699207 -0.38068968 7.3099947 -9.652545 3.7465749
-1.4868447 9.730332 -0.68236834 4.194995 -5.277545 3.151575
-1.4796618 9.759064 -0.31125572 -1.300005 4.3824553 1.961575
-1.1277034 9.909904 -0.42618093 -5.500005 4.907455 3.326575
-1.1540405 10.017646 -0.43336374 -3.3300052 -2.9325452 3.7115753
-1.2162915 9.974549 -0.16759923 -3.3650053 -5.4175453 1.331575
-1.2546 9.797373 0.19154198 -8.125005 -3.7375453 -0.313425
-1.2809371 9.814133 0.2777359 -10.085005 -3.457545 -0.978425
-1.2043202 9.783007 0.052674048 -7.040005 -4.262545 -0.033425
-1.1899546 9.804555 -0.026337024 1.1149951 -4.822545 1.401575
-1.2569942 9.79019 0.08619389 0.34499502 -2.582545 1.226575
-1.2234744 9.802161 0.18196489 -0.355005 0.77745503 3.081575
-1.0678465 9.876384 0.009577099 2.129995 1.897455 5.636575
-0.6895511 9.967366 -0.21309046 6.154995 0.637455 6.861575
-0.70631105 10.00328 -0.4285752 8.359995 -1.147545 4.8665752
-1.0151725 10.017646 -0.45730647 6.819995 -0.37754503 -0.068425
-0.9864412 9.845258 -0.3902668 2.549995 2.2824552 -1.9934249
-1.0654523 9.838076 -0.55307746 -0.53000504 5.8524547 -1.328425
-1.1995317 9.941029 -0.74701375 -1.7550049 8.897455 -0.908425
-1.1684061 9.840469 -0.47885495 -4.9750047 8.6174555 -1.713425
-1.1372806 9.718362 -0.1699935 -7.355005 4.907455 -3.148425
-1.2593886 9.617802 -0.014365649 -5.885005 1.0574551 -3.848425
-1.2593886 9.680053 -0.2944958 -1.545005 -0.097545 -3.1134253
-1.0175668 9.6896305 -0.25379312 1.0449951 0.77745503 -0.663425
-1.1660118 9.694419 -0.18435916 -1.0200051 4.102455 0.281575
-1.3048798 9.584282 -0.18435916 -1.965005 5.537455 -1.3984251
-1.3312168 9.617802 -0.28970724 0.099995 2.842455 -1.223425
-1.2067145 9.629773 -0.2681588 2.6899948 -0.412545 0.421575
-1.1348863 9.703996 -0.36392978 3.284995 -0.83254504 1.7865751
-1.1181264 9.699207 -0.34477556 2.4099948 1.0224551 1.9265751
-1.2474172 9.701602 -0.20351335 0.83499503 1.687455 0.561575
