2.19 9.92 0.11 0.0 0.57295775 0.57295775
2.08 9.99 0.48 -2.291831 0.0 -0.57295775
1.9799999 9.969999 0.29 3.4377468 0.57295775 -2.8647888
1.91 9.889999 -0.44 6.3025355 1.1459155 -3.4377468
1.8199999 9.969999 -0.44 1.7188734 0.0 -1.7188734
1.9399999 10.29 -0.049999997 -3.4377468 2.8647888 -0.57295775
2.21 10.179999 -0.01 -5.15662 1.7188734 0.57295775
2.19 10.19 0.06 -2.8647888 0.0 -2.8647888
1.93 10.2699995 0.45 -2.8647888 -0.57295775 -8.594366
2.11 10.21 0.42999998 -2.8647888 0.57295775 -8.021409
2.06 10.04 0.12 -2.291831 4.0107045 -7.448451
1.64 10.17 -0.089999996 -0.57295775 3.4377468 -10.886198
1.78 10.17 0.089999996 -0.57295775 2.8647888 -9.740283
1.62 10.24 0.14999999 0.0 -1.1459155 -9.167324
1.6999999 10.25 0.19 1.1459155 -9.167324 -9.167324
1.81 10.389999 0.14999999 0.0 -5.15662 -6.8754935
2.0 10.44 0.42999998 -3.4377468 0.57295775 -5.7295775
2.29 10.53 0.38 0.0 4.0107045 -8.021409
1.8 10.53 0.04 7.448451 0.0 -16.042818
1.43 10.559999 0.11 8.021409 -1.1459155 -19.480566
1.52 10.309999 0.03 6.3025355 -1.7188734 -17.761692
1.41 10.42 0.01 4.583662 -1.7188734 -17.188732
1.5799999 10.54 0.07 2.291831 -1.1459155 -16.615776
1.49 10.2699995 -0.01 2.291831 -1.1459155 -17.761692
1.26 10.33 0.16 1.7188734 0.0 -19.480566
1.28 10.34 0.089999996 0.0 2.8647888 -18.907606
1.51 10.16 -0.19999999 -0.57295775 1.7188734 -16.615776
1.3199999 10.12 -0.16 0.0 0.0 -18.334648
1.03 10.05 -0.04 1.7188734 -1.1459155 -21.199438
1.14 10.11 0.07 2.8647888 -2.291831 -21.199438
1.24 10.17 -0.049999997 4.583662 -0.57295775 -19.480566
1.3199999 9.99 -0.22999999 5.7295775 0.57295775 -20.62648
0.91999996 9.95 -0.24 7.448451 1.7188734 -22.91831
0.58 10.059999 -0.32999998 7.448451 0.0 -25.210142
0.62 10.05 -0.32 5.15662 0.0 -22.91831
0.61 10.139999 -0.21 3.4377468 0.0 -20.62648
0.63 10.21 -0.38 2.8647888 0.0 -19.480566
0.59999996 10.19 -0.37 0.0 -0.57295775 -18.334648
0.59 10.36 -0.37 -1.7188734 -1.1459155 -18.334648
0.38 10.57 -0.58 -1.7188734 -1.1459155 -20.62648
0.37 10.49 -0.59999996 -2.291831 -0.57295775 -20.62648
0.51 10.139999 -0.35 -8.021409 0.0 -21.199438
0.08 10.23 0.26 -8.021409 1.1459155 -22.345354
0.04 10.219999 -0.19999999 1.1459155 0.0 -22.345354
0.28 10.09 -0.79999995 7.448451 -0.57295775 -21.772396
-0.07 10.46 -0.71999997 6.8754935 0.0 -24.064226
0.14 10.57 -0.62 4.0107045 -1.1459155 -22.91831
0.11 10.37 -0.68 0.0 -4.0107045 -23.49127
-0.13 10.429999 -0.099999994 -1.7188734 -1.7188734 -25.210142
0.0 10.25 -0.13 -0.57295775 -4.0107045 -26.356058
-0.26999998 10.24 -0.78 1.7188734 -2.8647888 -26.929016
-0.26 9.94 -0.65 -1.7188734 -1.1459155 -26.929016
-0.28 9.88 -0.47 -4.0107045 -1.7188734 -27.501974
-0.58 9.84 -0.51 -1.7188734 -2.291831 -29.220846
-0.71 9.84 -0.69 -1.7188734 -2.291831 -29.220846
-0.71 9.7 -0.41 -4.583662 -1.1459155 -25.7831
-0.88 9.469999 0.06 -7.448451 1.1459155 -23.49127
-1.13 9.82 -0.35 -5.15662 1.7188734 -18.907606
-0.62 9.969999 -0.37 -6.3025355 1.7188734 -16.615776
-0.63 10.12 -0.34 -4.583662 -2.291831 -16.615776
-1.05 10.219999 -0.31 1.1459155 -4.0107045 -22.345354
-1.06 9.889999 -0.39 2.291831 -4.0107045 -24.064226
-1.1 9.98 -0.14999999 1.1459155 -3.4377468 -24.064226
-1.37 10.32 -0.02 2.291831 -1.1459155 -26.356058
-1.3 10.09 -0.72999996 6.8754935 -1.1459155 -26.929016
-1.4399999 10.179999 -0.81 4.0107045 -4.0107045 -28.07493
-1.92 10.4 -0.89 -1.1459155 -4.0107045 -29.220846
-1.89 10.29 -1.04 -4.583662 -4.0107045 -27.501974
-1.79 10.429999 -0.68 -15.469859 -5.7295775 -24.064226
-1.5699999 10.5199995 0.03 -22.91831 -6.3025355 -24.064226
-1.55 10.44 -0.06 -21.199438 -6.8754935 -27.501974
-1.92 10.179999 -0.25 -24.064226 -1.7188734 -33.231552
-2.18 10.19 0.62 -23.49127 -0.57295775 -33.80451
-1.9699999 10.17 0.91999996 -18.907606 0.0 -34.950428
-1.7099999 9.5199995 -0.52 6.3025355 -2.8647888 -37.242256
-2.46 9.65 -0.39 8.021409 -2.8647888 -39.53409
-2.8 9.82 0.12 0.0 -1.1459155 -40.107044
-2.58 9.57 -0.03 -2.8647888 0.0 -36.669296
-2.55 9.32 -0.04 -1.1459155 -0.57295775 -34.950428
-3.0 9.69 -0.01 1.1459155 -2.8647888 -37.242256
-2.79 9.4 -0.39 5.7295775 -2.291831 -37.815212
-2.76 9.23 -0.37 5.7295775 -4.583662 -38.38817
-3.32 9.28 0.32999998 0.0 -3.4377468 -39.53409
-3.5 9.07 0.22 0.57295775 0.0 -39.53409
-3.61 9.01 -0.11 6.8754935 1.7188734 -38.38817
-3.55 8.809999 -0.97999996 6.3025355 -0.57295775 -34.950428
-3.78 9.139999 -0.83 -1.1459155 -2.291831 -33.80451
-3.86 9.23 -0.01 -5.15662 -1.1459155 -33.231552
-3.81 9.17 0.04 -6.3025355 -4.583662 -32.658592
-3.6599998 8.62 0.06 -5.7295775 -1.7188734 -31.51268
-4.3399997 8.94 0.16 -4.583662 0.0 -32.658592
-4.5 9.139999 -0.099999994 0.57295775 2.291831 -32.085636
-4.21 9.25 -0.26999998 5.15662 1.7188734 -30.366762
-3.83 9.0199995 -0.48 4.583662 -0.57295775 -29.220846
-4.39 8.8 -0.22999999 0.0 -0.57295775 -31.51268
-4.9 8.92 0.0 0.57295775 2.291831 -33.80451
-4.4 8.83 -0.53 6.8754935 0.0 -30.366762
-4.43 8.87 -0.88 4.583662 -2.8647888 -29.793804
-5.0099998 8.8 -0.38 -2.291831 -0.57295775 -32.085636
-5.02 8.639999 -0.26999998 -3.4377468 -2.291831 -31.51268
-4.8599997 8.639999 -0.48 -2.291831 -2.291831 -28.07493
-4.7999997 8.84 -0.62 -6.8754935 -2.291831 -27.501974
-4.98 8.82 -0.5 -10.31324 -1.7188734 -30.366762
-4.93 8.639999 -0.32 -12.605071 -2.291831 -30.939718
-5.13 8.37 0.08 -14.896902 -2.8647888 -32.085636
-5.6 8.51 0.25 -16.042818 -2.291831 -33.231552
-5.67 8.4 0.44 -11.459155 0.0 -31.51268
-4.7799997 8.28 0.53 0.0 0.57295775 -28.07493
-4.61 8.07 0.089999996 6.8754935 -0.57295775 -28.64789
-4.94 7.7599998 -0.52 14.896902 0.0 -33.231552
-5.31 7.62 -0.69 14.323945 1.1459155 -38.38817
-6.2 7.6499996 -0.26 8.021409 0.0 -41.25296
-6.5099998 6.77 0.099999994 2.291831 2.291831 -36.669296
-7.0 6.58 -0.42999998 10.886198 0.0 -36.09634
-6.97 6.6099997 -0.76 15.469859 0.0 -33.80451
-6.52 6.47 -1.38 14.896902 -3.4377468 -24.637184
-6.31 6.6099997 -1.09 2.291831 -4.0107045 -17.761692
-6.62 6.99 -0.97999996 -8.594366 -3.4377468 -14.323945
-6.54 7.21 -0.48999998 -20.053522 -4.583662 -10.886198
-6.21 7.1099997 -0.19 -22.345354 -5.15662 -9.740283
-5.99 6.8399997 -0.12 -24.064226 -5.15662 -9.740283
-6.6299996 7.0499997 0.56 -21.199438 -0.57295775 -13.178029
-6.54 6.89 0.19 -13.750987 0.0 -12.605071
-6.54 6.89 0.19 -13.750987 0.0 -12.605071
-6.74 6.7599998 0.26 -8.594366 1.1459155 -12.032113
-6.75 6.74 0.44 -8.594366 0.0 -10.31324
-6.8999996 6.77 0.45 -2.8647888 0.57295775 -9.740283
-6.71 6.6299996 0.0 3.4377468 1.1459155 -8.594366
-6.8999996 6.7599998 -0.5 4.583662 2.291831 -7.448451
-6.8599997 6.7 -0.38 -2.8647888 1.7188734 -4.583662
-6.95 6.69 -0.03 -7.448451 0.57295775 -2.291831
-7.21 7.12 0.13 -6.8754935 0.57295775 -1.1459155
-6.6099997 7.0499997 -0.04 -4.583662 0.57295775 1.7188734
-6.67 7.27 0.0 -2.8647888 0.0 0.57295775
-6.77 7.5299997 0.31 -1.7188734 2.8647888 0.0
-6.49 7.3199997 0.03 0.57295775 1.7188734 0.57295775
-6.69 7.1499996 -0.31 1.1459155 1.1459155 0.0
-7.2599998 7.5699997 -0.13 -2.8647888 2.291831 -1.1459155
-6.85 7.58 0.11 -4.0107045 2.8647888 1.1459155
-6.5299997 7.52 0.0 -1.1459155 1.7188734 4.0107045
-6.7 7.72 -0.11 0.57295775 2.291831 1.7188734
-6.5899997 7.74 -0.29 1.1459155 3.4377468 0.0
-6.7 7.7599998 -0.41 -3.4377468 2.291831 0.0
-6.81 7.72 -0.19999999 -5.7295775 3.4377468 -0.57295775
-6.6299996 7.58 -0.08 -6.3025355 2.291831 -1.1459155
-6.41 7.5099998 -0.28 -2.291831 0.57295775 -0.57295775
-6.08 7.39 -0.29 -4.583662 1.1459155 -1.1459155
-6.1 7.2599998 -0.29 -4.583662 1.1459155 -1.1459155
-6.7799997 7.1299996 -0.14999999 -4.583662 4.0107045 -5.15662
-7.0 7.64 -0.17 2.291831 2.291831 -4.0107045
-6.72 7.79 -0.81 5.7295775 4.0107045 0.0
-6.49 7.73 -0.11 0.57295775 4.0107045 0.57295775
-6.39 7.6299996 -0.01 1.1459155 1.1459155 0.57295775
-6.5699997 7.7 0.02 2.291831 -1.7188734 -0.57295775
-6.94 7.5699997 -0.13 6.3025355 -1.7188734 -5.15662
-6.66 7.2999997 -0.35999998 3.4377468 -1.7188734 -2.291831
-6.71 7.1299996 -0.48 0.57295775 -1.1459155 -1.7188734
-6.8799996 7.2999997 -0.22999999 -3.4377468 -0.57295775 0.0
-7.0099998 7.6299996 -0.02 -4.583662 -1.1459155 0.57295775
-6.79 7.7599998 0.0 -4.583662 -0.57295775 1.1459155
-6.19 7.77 -0.08 -4.583662 -2.291831 3.4377468
-6.72 7.7999997 0.07 -6.8754935 0.0 -0.57295775
-6.71 7.69 0.24 -8.594366 1.1459155 -3.4377468
-6.7799997 7.64 -0.099999994 -4.583662 -0.57295775 -3.4377468
