2.7 9.46 0.0 -6.8754935 -13.178029 0.0
3.52 8.95 0.21 -15.469859 -33.231552 6.3025355
3.6 8.79 0.21 -13.750987 -37.815212 4.583662
2.98 8.72 0.03 -6.3025355 -24.064226 3.4377468
3.23 8.55 -0.02 -1.7188734 -13.178029 5.7295775
3.23 8.55 -0.02 -1.7188734 -13.178029 5.7295775
3.29 8.38 -0.17 -1.1459155 -12.032113 8.021409
3.1499999 8.54 -0.12 0.57295775 -4.0107045 10.886198
3.76 8.48 -0.59 0.0 -4.0107045 16.615776
3.9299998 8.7 -0.63 -4.0107045 -2.8647888 15.469859
3.25 8.96 -0.5 -6.8754935 -1.7188734 14.896902
2.9399998 9.3 -0.26 -10.886198 -1.1459155 16.615776
3.3999999 9.83 -0.22999999 -11.459155 -1.7188734 19.480566
3.55 10.9 0.0 -11.459155 1.7188734 22.345354
3.97 11.53 0.04 -10.31324 1.7188734 21.199438
3.99 11.83 -0.04 -6.3025355 0.0 13.750987
3.1899998 12.34 -0.04 -9.740283 2.8647888 9.167324
3.05 13.37 0.45 -12.605071 10.886198 13.178029
3.07 14.53 -0.07 -1.1459155 14.323945 14.323945
3.7099998 16.08 -0.71 9.740283 10.886198 10.31324
3.82 17.199999 -1.37 5.7295775 2.8647888 -2.8647888
4.31 17.98 -1.5 -6.3025355 4.0107045 -14.323945
4.83 17.789999 -1.39 -14.323945 3.4377468 -19.480566
5.06 16.88 0.34 -32.085636 0.57295775 -33.231552
5.52 16.49 1.1999999 -36.09634 -3.4377468 -46.40958
6.0499997 14.99 1.02 -22.345354 -5.15662 -57.868736
6.3999996 14.09 0.59 -4.0107045 2.291831 -68.18198
6.3999996 14.09 0.59 -4.0107045 2.291831 -68.18198
5.2599998 12.62 -0.19 8.021409 7.448451 -83.65183
5.64 11.79 1.01 -7.448451 5.7295775 -75.057465
5.65 11.44 1.17 -8.021409 2.8647888 -73.33859
5.0499997 10.48 1.1 7.448451 0.0 -75.057465
4.85 10.25 0.75 12.032113 0.0 -74.48451
6.8199997 10.17 0.57 9.740283 4.0107045 -75.630424
5.67 9.92 0.51 8.021409 12.605071 -91.67324
3.21 9.66 -0.32 12.605071 24.637184 -103.1324
1.1999999 8.8 0.45 -10.886198 28.64789 -88.2355
1.1999999 8.8 0.45 -10.886198 28.64789 -88.2355
0.91999996 8.57 1.4 -18.334648 16.042818 -59.014652
1.51 7.71 0.41 -6.3025355 12.605071 -31.51268
1.4499999 7.5 0.26999998 1.7188734 18.907606 -16.615776
1.8299999 7.04 0.35 5.15662 29.793804 0.0
2.06 7.02 0.35999998 7.448451 30.366762 6.3025355
1.4499999 6.6299996 -0.57 13.178029 32.658592 12.605071
0.37 6.3399997 -0.58 13.178029 45.83662 21.199438
0.97999996 6.2799997 0.0 2.291831 49.84733 48.701412
3.55 6.69 0.24 2.8647888 24.064226 59.014652
4.2 6.98 0.44 5.15662 8.021409 52.712116
2.9299998 7.5 -1.37 29.220846 -27.501974 -12.605071
1.01 8.01 -2.82 45.83662 -26.929016 -44.69071
0.5 7.5299997 -3.46 29.220846 -28.64789 -46.40958
-1.36 7.02 -2.1 -16.615776 -21.199438 -48.128452
-1.76 6.6299996 -0.68 -57.868736 -10.886198 -44.69071
-1.4499999 6.08 -0.28 -67.60902 -7.448451 -36.669296
-1.9 6.04 0.85999995 -72.19268 6.3025355 -24.064226
-2.34 6.64 2.37 -61.879436 14.896902 -18.334648
-1.88 6.58 2.1 -17.761692 -6.8754935 -12.605071
-1.35 6.85 0.56 -4.583662 -12.605071 -13.178029
-1.26 6.7799997 0.39 12.605071 -12.032113 -10.886198
-1.86 7.71 0.39 16.615776 -10.886198 -15.469859
-1.86 8.23 0.21 16.615776 -15.469859 -16.042818
-1.43 8.37 -0.56 16.042818 -10.886198 -12.032113
-0.91999996 8.21 -0.90999997 8.021409 -1.7188734 -9.167324
-1.3299999 8.61 0.04 -4.0107045 2.8647888 -14.323945
-1.1899999 9.0 0.35999998 -4.583662 0.0 -16.042818
-1.05 9.15 -0.099999994 2.8647888 6.3025355 -16.615776
-1.11 9.15 -0.52 6.8754935 15.469859 -13.178029
-1.25 9.12 -0.44 3.4377468 15.469859 -14.323945
-1.39 9.38 -0.42 0.57295775 5.7295775 -16.042818
-1.41 9.429999 -0.45999998 -0.57295775 2.291831 -14.896902
-1.22 9.599999 0.06 -8.021409 4.583662 -7.448451
-1.25 9.53 0.03 -9.167324 5.7295775 -0.57295775
-1.06 9.62 -0.099999994 -8.594366 2.8647888 0.0
-1.0799999 9.55 0.31 -9.740283 3.4377468 0.0
-1.12 9.65 0.48 -6.3025355 1.1459155 -1.7188734
-0.94 9.8 0.13 1.7188734 -3.4377468 -4.583662
-0.84999996 9.67 -0.48999998 7.448451 -5.15662 -3.4377468
-0.81 9.78 -0.45 4.583662 -0.57295775 0.0
-0.83 9.82 0.099999994 -5.7295775 5.15662 0.57295775
-0.83 9.74 0.53999996 -5.7295775 6.8754935 1.1459155
-0.95 9.78 0.59999996 -2.291831 6.8754935 1.7188734
-1.1 9.94 -0.32 13.750987 2.8647888 1.7188734
-1.0699999 10.08 -0.98999995 16.042818 0.0 1.1459155
-0.79999995 10.33 -0.85999995 6.8754935 -2.8647888 4.0107045
-0.39999998 10.17 -0.39 -1.7188734 -2.8647888 7.448451
-0.42999998 10.32 -0.14999999 -4.583662 0.57295775 5.15662
-0.35999998 10.0199995 -0.35 -1.7188734 3.4377468 1.7188734
-0.5 10.09 -0.22 -2.291831 1.1459155 -0.57295775
-0.62 10.08 -0.25 -2.8647888 -1.1459155 -3.4377468
-0.74 9.94 -0.32999998 -5.15662 -2.291831 -5.7295775
-0.9 9.86 0.13 -9.167324 5.15662 -4.0107045
-0.96999997 9.83 0.35999998 -11.459155 6.3025355 -3.4377468
-0.65999997 9.849999 0.35 -6.3025355 -1.1459155 -2.291831
-0.78999996 9.92 0.08 0.57295775 -4.583662 -4.0107045
-0.90999997 9.92 -0.02 4.583662 0.0 -4.583662
-0.78999996 9.809999 -0.35 6.8754935 1.1459155 -2.291831
-1.09 9.9 -0.65 8.021409 0.0 -3.4377468
-1.0699999 10.11 -0.77 5.15662 0.57295775 -2.8647888
-0.69 9.98 -0.58 -0.57295775 0.57295775 0.0
-0.62 9.969999 -0.14 -7.448451 -1.7188734 0.0
-0.64 9.99 0.53 -10.886198 -0.57295775 -0.57295775
-0.85999995 9.9 0.45 -5.7295775 0.0 -2.291831
-0.96999997 9.82 0.0 4.0107045 2.291831 -2.8647888
-1.03 9.98 -0.53999996 7.448451 1.7188734 -1.1459155
-1.03 9.98 -0.75 7.448451 1.7188734 -1.1459155
-0.75 9.91 -0.57 0.57295775 4.0107045 1.1459155
-0.84999996 9.99 -0.12 -3.4377468 0.0 -0.57295775
-0.91999996 9.87 -0.37 -3.4377468 -2.291831 -2.291831
-1.06 9.92 -0.59999996 -1.1459155 -0.57295775 -2.8647888
-1.12 9.969999 -0.48999998 -2.8647888 3.4377468 -1.1459155
-0.87 9.9 0.24 -9.167324 0.57295775 0.57295775
-0.81 9.88 0.68 -5.15662 -2.291831 0.0
-0.82 10.05 0.24 6.3025355 -4.583662 -0.57295775
-0.52 9.83 -0.53 11.459155 -6.3025355 0.0
-0.9 10.07 -0.55 6.3025355 -1.7188734 -2.291831
-0.90999997 10.03 -0.35 0.0 2.8647888 0.0
-0.68 9.98 -0.45999998 -1.7188734 3.4377468 1.7188734
-0.7 9.929999 -0.32 -2.8647888 5.15662 1.1459155
-0.78 9.95 -0.26999998 -2.8647888 5.7295775 0.0
-0.82 10.0199995 -0.39 -1.1459155 2.8647888 -1.1459155
-0.94 9.969999 -0.51 0.0 -1.7188734 -1.7188734
-0.96 9.91 -0.48999998 -1.7188734 0.0 -1.7188734
-0.96999997 9.9 -0.26999998 -3.4377468 2.291831 0.0
-0.76 10.0 -0.32999998 -2.291831 3.4377468 1.7188734
-0.63 10.05 -0.76 0.0 0.0 1.1459155
-0.66999996 10.03 -0.62 -2.291831 2.8647888 0.0
-0.7 9.9 -0.32999998 -8.594366 2.291831 -1.7188734
-1.12 9.92 -0.13 -8.594366 1.7188734 -4.0107045
-1.18 10.01 -0.11 -4.583662 1.7188734 -2.291831
-0.72999996 9.91 -0.26999998 -1.1459155 -1.1459155 0.57295775
-0.57 9.99 -0.53 0.0 -2.291831 0.57295775
-0.68 10.12 -0.53 -2.291831 1.1459155 -0.57295775
-0.65 9.98 -0.32 -6.8754935 2.8647888 -1.1459155
-0.88 9.87 -0.14999999 -9.167324 2.291831 -2.291831
