2.9425638 10.6641 1.1684061 -2.0350049 -12.557545 0.001575
2.727079 10.292988 1.4437478 -7.7050047 -15.777546 -1.083425
2.0614705 10.1206 1.7957062 -11.765005 -10.982546 -4.933425
2.1309047 9.70639 1.9896424 -11.625005 -2.337545 -5.633425
2.2865324 9.730332 1.6568382 -4.4850054 0.98745495 -2.413425
2.3392065 9.883567 1.1971374 7.0299954 1.092455 -0.76842505
2.300898 9.921875 0.9026416 13.854995 -0.202545 -2.518425
2.1548474 9.725544 1.0439038 12.524995 -0.83254504 -3.5684252
2.1907616 9.569917 1.2665714 7.6949944 0.95245504 -3.0434248
2.413429 9.586677 1.3455825 5.419995 2.7024548 -1.4334251
2.248224 9.431048 1.4365649 6.714995 2.982455 -0.663425
1.9848539 9.366403 1.5467016 8.884995 3.367455 -1.678425
2.0447106 9.304152 1.1827718 12.034996 5.9924555 -1.083425
2.2338583 9.342461 0.91461295 16.164995 9.002455 0.981575
2.0351336 9.364009 0.93616146 16.129995 10.997455 3.396575
1.5897985 9.287392 1.1205206 11.299995 12.782455 5.776575
2.1500587 10.295382 0.8379962 5.489995 17.647455 12.076575
3.9888618 11.353651 0.38308397 2.654995 20.587456 22.436575
3.0790374 12.1054535 0.72546524 -1.7550049 9.947455 26.216574
0.5985687 13.707223 1.0846065 -12.080005 3.6124551 11.201575
0.44772938 15.153365 0.91700727 -20.480005 10.087455 -1.363425
0.5243462 15.938687 1.1995317 -25.485004 7.1824555 11.936575
2.2194927 17.293846 2.5211713 -35.740005 3.297455 27.721577
4.494054 17.652988 3.1939626 -45.680004 14.532455 36.85658
4.087027 17.629045 2.719896 -43.020008 26.782454 32.831573
2.6935592 16.932312 2.5810282 -3.5050051 34.447456 -10.148425
2.5594797 16.082344 2.8898897 7.414995 40.467457 -18.303427
3.2370596 15.081537 2.2338583 22.744997 32.032455 -13.998425
5.3631754 14.456632 1.5083932 33.559994 19.222456 -8.573425
4.6329217 13.7575035 1.6352897 28.694994 17.892456 -14.453424
4.0032277 13.111049 2.8013015 16.304995 24.017456 -24.638426
3.991256 12.043202 3.9002736 16.479996 17.332455 -27.858425
4.005622 10.805362 3.2274826 38.249996 -5.6275454 -15.923425
5.183605 10.005674 2.0279508 62.854992 -26.977545 0.316575
6.141315 9.299363 0.8092649 65.549995 -27.677546 10.396575
5.607392 8.921068 0.64166564 47.139996 -12.032544 5.951575
5.751048 8.408693 1.7813405 21.834995 -17.387545 -7.6284246
4.5898247 7.326481 2.6720107 6.119995 -31.982546 -18.688425
3.0742488 6.9673395 2.4421604 6.6099954 -26.977545 -24.008425
5.8779445 6.9146657 1.9728824 14.134995 -17.632545 -16.413425
6.1700463 6.507639 0.81165916 20.574995 -22.497545 -14.488426
4.486871 6.5459476 0.9888355 20.119995 -27.047546 -47.983425
2.8372157 6.0096297 1.7023294 12.244995 -33.557545 -84.52342
1.541913 5.444581 2.152453 7.204995 -42.972546 -93.02843
1.0439038 5.384724 2.3487835 6.889995 -39.157547 -78.433426
1.8627458 5.4254265 1.6281068 11.404995 -27.292547 -53.233425
2.317658 5.604997 0.7015225 20.609995 -22.357546 -33.388428
2.0518935 6.016813 0.6153286 22.639996 -18.402544 -22.188427
1.2474172 5.6002088 0.2777359 18.859995 -15.497545 -24.988426
0.15802214 5.94259 0.6177229 16.689997 -17.982544 -40.28343
-0.15323359 6.1652575 0.44772938 12.524995 -16.267546 -41.053425
-0.011971374 6.5579185 -0.36871833 14.379995 -15.497545 -33.21343
0.014365649 6.577073 -0.818842 18.824995 -10.282545 -31.638426
-1.0199611 6.524399 -1.3216397 16.234997 -0.657545 -35.663425
-1.673598 6.759038 -0.48124924 7.414995 12.432455 -39.863426
-0.76616794 6.8165 -0.18675344 -3.960005 10.192455 -32.338425
-0.3974496 6.864386 -0.71588814 -8.440005 2.212455 -15.048425
-0.2849187 7.020014 -0.0670397 -6.200005 2.2824552 -7.7334247
-0.94095 7.2594414 -0.1340794 -11.835004 3.542455 -13.823425
-1.3048798 7.225921 -0.035914123 -14.460006 -1.007545 -25.303425
-1.594587 6.9936767 0.40223816 -12.605005 -10.177545 -34.718426
-2.0231621 7.065505 0.32801566 -11.765005 -15.147546 -38.113426
-2.3894863 7.5515428 -0.409421 -1.8250049 2.1774552 -27.963425
-2.2027328 8.133351 -1.0055954 1.779995 1.4774551 -20.158426
-1.776552 8.305739 -0.6440599 -2.7350051 -5.4175453 -15.783426
-1.8268317 8.360807 0.076616794 -10.015005 -6.502545 -15.433426
-1.9752767 8.590658 -0.102953814 -9.280005 -3.1775448 -14.978424
-1.8459859 9.093455 -0.72546524 -3.995005 1.302455 -12.808425
-1.7454263 9.074302 -0.50758624 -4.9750047 1.722455 -12.283425
-1.8292259 8.794171 0.038308397 -8.825005 -3.7375453 -15.293426
-2.1596358 8.822903 0.32083282 -7.390005 -9.442544 -17.498425
-1.9944309 8.6433325 0.30167863 -3.470005 -10.317546 -14.418426
-1.9058428 8.703189 -0.1699935 3.0049949 -9.407546 -8.433425
-1.9010541 9.059936 0.07901107 7.274995 -9.0925455 -5.7384253
-1.776552 8.966559 0.28252444 5.454995 -6.572545 -6.858425
-1.7238779 9.074302 0.16281068 5.629995 -4.717545 -6.858425
-1.7933118 9.239507 -0.409421 10.284995 -2.372545 -3.7434247
-1.812466 9.37598 -0.48843205 12.944996 0.077455 -0.383425
-1.4676905 9.663293 -0.22985038 9.269995 0.917455 2.906575
-1.2857256 9.6585045 -0.42618093 5.104995 -1.0775449 5.0765753
-1.3024855 9.794978 -0.5219519 3.459995 -0.657545 4.9715753
-1.2474172 9.73991 -0.05506832 -0.355005 1.4074551 4.691575
-1.2546 9.672871 0.05985687 -4.3450046 0.53245497 3.536575
-1.3743137 9.75667 -0.29689008 -1.9300048 -1.357545 2.451575
-1.3934679 9.701602 -0.32083282 2.654995 -2.267545 1.7865751
-1.2546 9.778218 0.083799616 3.0049949 -5.6275454 1.751575
-1.0917894 9.864412 -0.15802214 3.1799953 -10.282545 2.5915751
-0.87630457 9.929058 -0.42618093 4.6149955 -8.987545 3.7815752
-0.88109314 9.905115 -0.102953814 -0.60000503 1.5474551 5.146575
-1.185166 9.857229 0.35674694 -10.225005 9.807455 4.8315744
-1.089395 9.900327 0.4668836 -13.025005 9.562455 2.836575
-0.91461295 9.842864 -0.035914123 -5.640005 1.302455 2.801575
-1.1348863 9.859624 -0.54350036 4.929995 -7.517545 2.2065752
-1.1372806 9.869201 -0.5219519 8.114995 -5.7675447 0.001575
-0.9696813 9.778218 -0.03351985 0.239995 3.3324552 1.226575
-0.94573855 9.840469 0.2681588 -8.580005 9.072454 3.606575
-0.86912173 9.838076 0.1340794 -9.105005 8.967454 3.186575
-0.89545876 9.804555 -0.090982445 -2.560005 2.4574552 1.226575
-1.036721 9.727939 0.15562786 2.129995 -2.6175451 -1.1884251
-1.1708003 9.694419 0.32083282 -3.9250054 1.8274552 -3.638425
-1.1277034 9.656111 0.3902668 -4.625005 4.242455 -1.7834251
-1.1372806 9.6585045 0.34477556 -2.7350051 3.262455 -0.24342498
-1.3360053 9.6896305 0.27055305 0.274995 1.4074551 -0.628425
-1.1923488 9.682447 0.22266756 2.199995 0.147455 0.736575
-1.036721 9.742304 0.071828246 4.3349953 -1.9525449 3.1165752
-0.9529214 9.873989 -0.20351335 5.209995 -2.442545 2.6965752
-1.0295382 9.974549 -0.08858817 2.3399951 -0.657545 0.84157497
-0.9696813 9.833286 0.031125572 -1.580005 0.812455 -1.083425
-1.1229149 9.814133 0.16281068 -2.490005 -0.622545 -1.9234251
-1.1612233 9.8548355 -0.04070267 -0.70500505 -0.097545 -2.098425
-1.010384 9.842864 -0.06943397 -0.28500497 2.3874547 -0.943425
-1.1660118 9.814133 0.08140534 -2.070005 1.932455 -1.678425
-1.2330515 9.725544 0.18196489 -2.210005 -1.007545 -3.9184253
-1.1396748 9.711179 0.18675344 -0.740005 -3.387545 -3.4284253
-1.1612233 9.708784 0.2370332 -0.250005 -2.477545 -1.8184249
-1.1923488 9.651321 0.36632404 -1.230005 0.497455 -1.468425
-1.2546 9.6585045 0.23463893 -0.70500505 1.4774551 -1.3984251
-1.3288225 9.696813 -0.023942748 1.0799949 2.597455 -0.873425
-1.1803775 9.749487 -0.06464542 0.694995 5.1874547 0.596575
-1.1827718 9.771035 0.12929083 -2.595005 7.882455 1.541575
-1.0846065 9.79019 0.20351335 -4.3800054 6.4474554 0.491575
-1.1348863 9.802161 0.016759925 -2.1400049 2.5624552 -0.663425
-1.1253091 9.811738 -0.076616794 -0.21500501 0.042455003 -1.9934249
-1.2067145 9.759064 0.0071828244 -2.175005 0.707455 -2.3784251
-1.2905141 9.670476 0.4189981 -5.9550056 3.367455 -2.518425
-1.3551595 9.646533 0.4860378 -7.565005 3.297455 -2.5884252
-1.3216397 9.703996 0.4166038 -3.8200052 0.53245497 -2.203425
-1.1779832 9.730332 0.2561874 1.394995 -2.232545 -0.698425
-1.2043202 9.727939 0.12210801 4.3349953 -3.8075452 0.561575
