1.7789462 9.423865 1.3934679 -6.18359 -11.34511 3.35678
1.6879637 9.282603 1.6161355 -6.9885902 0.51989 2.48178
1.8747171 9.294575 1.5730386 -7.3735895 9.89989 5.00178
1.6065584 9.25866 1.3192455 -2.33359 10.87989 5.70178
1.5347302 9.287392 1.1109436 3.3014102 7.6598907 4.37178
1.9034485 9.371192 1.1037607 3.1264102 7.6248903 6.33178
1.8340145 9.447808 1.1037607 0.92141 6.57489 8.11678
1.8220432 9.553157 1.2522057 0.71141 2.1298902 6.22678
1.9417568 9.534002 1.3407938 -0.68859 1.1148901 6.1567802
1.8938714 9.502876 1.3814965 -2.36859 2.89989 6.7867804
2.0758362 9.505271 1.3024855 -1.5285901 3.7398896 6.7167797
1.8196489 9.335278 1.2713599 0.01141 2.6548898 6.6817803
1.5036045 9.261055 1.2929084 0.29141 1.7098899 6.01678
1.977671 9.58907 1.1708003 0.88641 3.1098902 8.64178
2.7486274 10.048771 0.9624985 2.56641 4.22989 13.99678
1.6568382 9.979338 0.9912298 3.6514096 0.93988997 13.191779
1.2905141 9.941029 1.1923488 2.11141 -1.1601101 3.46178
1.5467016 10.3193245 1.1300977 -1.0385901 1.25489 4.47678
2.1740015 11.487731 0.91700727 0.22141 0.58989 11.96678
1.6328955 12.756696 1.0199611 0.18641001 -0.35511 15.2917795
1.3623424 13.683281 1.6831752 -6.84859 -2.77011 14.52178
1.2689656 14.430294 2.5283542 -17.34859 -6.06011 17.63678
3.7350688 15.814185 2.3463893 -19.90359 -0.32011002 28.27678
3.6440864 16.659365 1.2689656 -7.4085903 9.51489 37.901783
2.4804688 16.312195 1.0462981 7.64141 6.9248896 29.78178
0.9074302 15.426312 1.6041641 5.96141 8.884891 7.6267805
2.2697725 15.067171 1.7382435 -4.50359 11.36989 1.0117799
5.29853 15.019286 1.1827718 -2.6835902 12.90989 12.17678
3.9960446 14.454237 1.3791022 15.58641 11.12489 -9.73322
2.7246847 13.723983 1.5706443 19.64641 11.85989 -37.24322
2.5522969 12.80937 1.4389591 27.06641 4.92989 -40.60322
4.4916596 12.201224 1.1899546 31.966412 -0.04011 -33.70822
4.5946136 11.415902 1.010384 25.56141 4.64989 -35.948223
2.9593236 10.537204 1.786129 9.95141 10.91489 -50.99822
1.9633054 9.747093 1.9800652 3.16141 8.63989 -54.67322
3.031152 9.143736 1.7645805 6.20641 0.41489 -43.053223
2.9090438 8.849239 1.1420691 6.7664104 -0.8801101 -31.64322
1.2833313 8.554744 1.8052832 -3.0335898 5.83989 -35.143223
0.9122187 8.209969 2.3823035 -13.463591 8.53489 -34.82822
2.6121538 8.008849 2.4541316 -10.17359 3.63489 -21.56322
3.4812756 8.212362 1.3360053 2.35641 3.8798902 -9.278219
2.8563697 8.636149 2.0806248 8.691411 2.30489 -20.96822
1.132492 8.432636 3.162837 9.2514105 -6.44511 -44.94322
0.44294083 8.049552 2.6648278 26.05141 -12.11511 -54.18322
2.1596358 8.676852 0.57462597 58.426407 -16.070112 -40.39322
2.2673783 8.983319 -0.9385557 81.94642 -25.520111 -26.60322
1.3144568 8.968953 -0.43575802 68.01641 -31.785109 -33.42822
0.4764607 8.530801 0.45970076 32.52641 -29.09011 -39.728218
-0.3304099 8.241094 0.7541966 5.89141 -17.61011 -32.098217
1.9968252 8.487704 0.37111259 -3.6635902 -1.72011 -9.87322
3.347196 8.779806 -0.5411061 -5.62359 10.179891 16.026781
2.1213274 8.7534685 1.0486923 -12.133591 5.24489 7.66178
0.4285752 8.171659 2.5570855 -22.31859 -10.75011 -26.32322
-0.6249057 7.982512 2.2410412 -8.668591 -30.770111 -41.58322
-1.1205206 7.781393 0.74701375 26.716412 -42.075108 -29.82322
0.35674694 8.020821 -0.5865973 56.046413 -39.90511 -1.78822
1.8411974 8.542772 -1.23784 61.051407 -30.805109 26.001781
0.38547826 8.389539 -1.2474172 46.526413 -20.65511 26.52678
-0.5985687 7.9681463 -0.31125572 23.56641 -11.94011 0.06678
-0.69194543 7.9849067 -0.10774237 6.66141 -13.69011 -7.14322
0.7110996 8.236305 -1.1803775 7.8864107 -19.53511 10.32178
2.8946784 8.755863 -2.317658 16.60141 -15.02011 32.511784
1.8819 8.796566 -1.8507744 10.05641 -11.24011 33.421783
0.9074302 8.614601 -0.38787252 -12.09859 -13.4101095 -1.85822
0.5219519 7.8101244 -0.44054657 -29.283588 -23.595108 -25.83322
-0.45251793 7.5826683 -1.0343267 -29.738588 -31.050108 -29.368221
-0.24421602 7.798153 -0.86912173 -21.47859 -23.66511 -25.62322
-0.4070267 7.884347 -0.96489275 -29.70359 -11.94011 -15.50822
-0.8356019 7.755056 -0.6153286 -32.293587 -12.22011 -23.733221
-0.7134939 7.721536 0.20351335 -32.15359 -25.17011 -23.80322
-1.0606637 7.7095647 0.19154198 -21.93359 -37.10511 -21.21322
-1.2665714 7.7335076 -0.16041641 -8.91359 -42.63511 -18.203218
-1.3288225 7.884347 -0.045491222 -9.96359 -37.42011 -13.02322
-1.4341706 7.7526617 0.2681588 -21.75859 -21.60011 -10.36322
-1.2138973 7.877164 0.7039168 -31.27859 -12.36011 -8.3332205
-1.0343267 8.195602 0.9313729 -31.558592 -11.55511 -5.2882204
-0.7709565 8.358414 0.73743665 -24.06859 -15.44011 -4.97322
-0.87630457 8.41827 0.64166564 -17.523592 -16.87511 -7.59822
-1.1492519 8.5882635 1.0941836 -16.75359 -17.36511 -11.37822
-1.2234744 8.684034 1.2234744 -17.76859 -16.490108 -12.883221
-1.1492519 8.775017 1.1013664 -13.953589 -13.20011 -9.31322
-1.0295382 9.167678 0.92658436 -8.2485895 -10.610109 -4.48322
-0.7110996 9.320911 0.7302538 -5.20359 -9.52511 -1.0882201
-0.7685622 9.620196 0.8356019 -4.0485897 -12.045111 -2.20822
-0.6273 9.447808 0.82602483 -3.9085903 -15.89511 -7.24822
-1.2593886 9.134158 0.73743665 -5.44859 -13.6201105 -13.05822
-1.2354459 9.220352 1.3120626 -10.17359 -7.4951096 -14.913219
-1.2043202 9.165284 1.3144568 -12.79859 -4.5551105 -10.678221
-1.0870007 9.445415 1.4796618 -7.75859 -5.11511 -8.82322
-1.0343267 9.356826 1.3551595 -2.1585898 -7.07511 -9.4182205
-1.2258687 9.385557 1.2569942 1.79641 -5.78011 -11.34322
-1.2761484 9.304152 1.3862851 3.5814102 -4.76511 -11.588221
-1.3575538 9.282603 1.359948 5.57641 -6.27011 -9.90822
-1.3096683 9.4142885 1.23784 8.93641 -7.77511 -9.13822
-1.1229149 9.407105 0.8571504 11.24641 -8.23011 -7.0732203
-1.201926 9.651321 0.9241901 10.30141 -2.49011 -5.25322
-1.2067145 9.500483 0.9505271 5.68141 4.61489 -4.72822
-1.4748733 9.42626 0.82123625 3.3014102 6.8548903 -5.32322
-1.6496553 9.306546 0.6440599 4.52641 5.06989 -6.82822
-1.759792 9.301758 0.49082634 5.2614098 2.96989 -6.54822
-1.4916332 9.569917 0.6656084 4.28141 2.30489 -3.22322
-1.1420691 9.696813 0.37111259 2.63641 1.00989 2.51678
-0.92658436 9.950606 0.28013015 3.6164103 0.13489 5.52678
-1.0462981 9.77343 0.6057515 2.21641 -0.28511 4.3017797
-1.1109436 9.761458 0.9217958 -3.8735902 0.13489 0.80178
-1.1396748 9.759064 1.0798179 -7.3035903 -0.46011004 -0.17822
-0.9816527 9.747093 0.9577099 -4.22359 0.30989 1.0117799
-0.81165916 9.893144 0.95531565 -3.24359 2.4098902 2.4467802
-0.8140534 9.897932 0.98404694 -3.17359 3.31989 1.29178
-1.0199611 9.699207 1.0391153 -2.64859 2.54989 -0.94822
-1.0941836 9.665688 1.1995317 -1.28359 -0.32011002 -1.92822
-1.1109436 9.62259 1.1348863 1.16641 -2.94511 -1.43822
-1.1684061 9.57231 0.80208206 3.2664099 -2.38511 -0.42322
-1.2234744 9.445415 0.8786988 1.97141 0.51989 0.83678
-1.3431882 9.462174 1.0247496 -1.66859 2.79489 1.92178
-1.3695252 9.500483 1.0510867 -2.89359 3.63489 2.55178
-1.228263 9.696813 0.9912298 -2.1585898 2.54989 4.7917805
-0.8356019 10.051166 0.82123625 0.81641 -1.61511 8.32678
-0.45730647 10.106234 0.7326481 2.77641 -5.71011 8.85178
-0.3519584 10.134965 1.036721 0.57141 -6.55011 5.42178
-0.43575802 10.034406 1.1684061 -4.25859 -2.91011 1.11678
-0.73743665 9.859624 1.3192455 -6.39359 2.37489 -2.76822
-0.9026416 9.744699 1.3695252 -5.62359 5.31489 -4.86822
-0.8978531 9.771035 1.297697 -1.70359 4.3698897 -3.64322
-0.82123625 9.775824 0.82123625 4.8414097 1.88489 -2.06822
-0.9217958 9.680053 0.65363705 9.076409 0.97489005 -2.31322
-1.0558752 9.634562 0.6751855 7.64141 3.17989 -3.4682202
-1.1947432 9.682447 0.7805336 4.63141 4.57989 -2.76822
-1.1684061 9.646533 0.8044763 3.6164103 4.26489 -1.22822
