1.67 9.0 0.04 12.605071 -13.750987 2.291831
2.3799999 9.11 0.90999997 1.7188734 -26.356058 10.31324
2.8799999 9.23 1.77 8.594366 -20.62648 8.021409
2.59 9.38 0.95 9.740283 -12.032113 6.3025355
2.55 9.429999 0.72999996 2.8647888 -5.7295775 5.15662
2.48 9.75 1.15 2.291831 -4.0107045 6.8754935
2.8799999 10.24 1.51 10.31324 -6.3025355 8.021409
2.48 12.46 0.59999996 20.62648 -10.886198 9.167324
2.79 14.0199995 0.32 15.469859 -3.4377468 4.583662
3.07 15.179999 0.17999999 8.021409 2.8647888 0.0
3.59 16.07 0.19 0.0 0.0 -3.4377468
3.54 17.48 0.78 -4.583662 -5.7295775 -10.31324
3.83 18.35 0.01 -10.31324 -1.1459155 -18.907606
4.38 18.69 -0.13 -42.398876 13.750987 -30.939718
5.3599997 19.109999 2.55 -40.107044 5.7295775 -49.84733
5.93 18.57 4.61 -7.448451 -11.459155 -69.32789
5.7999997 17.34 3.99 16.615776 -5.7295775 -84.22479
5.56 15.799999 2.6399999 18.334648 4.583662 -91.10028
5.0699997 13.33 2.52 23.49127 5.7295775 -80.21409
6.12 12.5199995 1.22 32.658592 -8.021409 -76.77634
5.5499997 11.099999 -0.04 23.49127 -10.886198 -81.36001
3.6399999 10.059999 0.78999996 2.291831 -7.448451 -76.77634
3.24 9.16 1.53 -5.7295775 -18.334648 -53.858032
4.38 8.55 1.68 -7.448451 -25.210142 -28.64789
6.71 8.0199995 1.25 -1.7188734 14.323945 -26.929016
7.73 7.6699996 0.81 0.0 19.480566 -57.868736
5.23 7.17 1.0699999 12.605071 23.49127 -76.203384
2.4099998 6.19 1.29 25.7831 30.366762 -71.04677
0.39999998 5.99 0.88 35.523384 23.49127 -52.712116
0.38 6.18 0.01 30.939718 -30.939718 -6.3025355
2.52 5.3599997 -0.17 31.51268 -44.69071 10.886198
2.97 5.22 -0.56 26.929016 -18.334648 8.594366
2.37 4.91 -0.39 20.62648 9.740283 0.0
1.0699999 4.71 -0.099999994 24.064226 -0.57295775 -4.0107045
0.65 4.35 -0.11 36.09634 -22.345354 -6.3025355
0.11 4.42 -0.12 43.544792 -33.80451 -16.042818
-0.37 4.11 -0.69 38.961132 -10.31324 -16.615776
-0.08 4.0499997 -1.0699999 29.793804 0.57295775 -24.064226
-0.11 4.13 -1.7199999 10.31324 12.605071 -45.83662
-1.8399999 4.58 -1.5699999 -8.594366 21.199438 -63.598316
-4.72 5.13 -1.04 -18.334648 15.469859 -59.58761
-5.15 5.58 -0.78999996 -25.210142 13.750987 -53.285076
-5.6 6.02 -0.17 -28.07493 8.021409 -50.993244
-6.3599997 5.85 0.38 -21.199438 5.15662 -46.98254
-6.5699997 5.93 0.0 -8.594366 -0.57295775 -35.523384
-6.39 6.41 -0.19 -5.15662 -17.188732 -20.62648
-5.9 6.6499996 0.45 -4.0107045 -24.064226 -9.167324
-5.29 6.87 0.90999997 1.7188734 -22.345354 0.0
-4.87 7.5 0.51 -1.1459155 -10.886198 2.8647888
-4.17 7.83 0.31 -7.448451 2.291831 0.0
-3.9199998 7.91 0.39 -6.3025355 6.8754935 -6.8754935
-4.4 7.8599997 0.11 0.0 2.8647888 -4.583662
-4.0299997 7.91 -0.099999994 -4.583662 -0.57295775 0.0
-4.08 8.25 0.56 -13.750987 -0.57295775 1.1459155
-4.0499997 8.73 1.4399999 -12.032113 -1.1459155 4.583662
-3.6899998 8.94 1.03 -5.15662 -3.4377468 10.31324
-2.9299998 9.16 0.96999997 0.0 -0.57295775 16.615776
-2.58 9.389999 0.88 7.448451 -1.1459155 14.896902
-2.58 9.57 0.42 10.886198 -3.4377468 17.188732
-2.04 9.67 0.22 12.605071 -5.15662 20.62648
-1.8199999 9.79 -0.45 7.448451 1.1459155 18.907606
-1.88 9.929999 -0.48999998 0.0 2.291831 20.62648
-0.82 10.25 0.44 2.291831 -2.8647888 19.480566
-0.93 10.0199995 -0.08 5.15662 0.0 10.886198
-1.37 10.19 0.0 4.0107045 -2.291831 7.448451
-1.23 10.139999 0.39999998 6.3025355 -12.605071 5.7295775
-1.23 9.92 0.22 9.167324 -13.178029 2.291831
-1.39 9.809999 0.17 5.15662 -3.4377468 1.1459155
-1.4 9.75 0.22999999 3.4377468 -0.57295775 0.0
-1.61 9.75 0.37 4.0107045 -1.7188734 1.1459155
-1.49 9.87 0.26999998 3.4377468 0.0 2.291831
-1.28 9.75 0.0 1.7188734 4.0107045 -0.57295775
-1.53 9.57 -0.26 -2.291831 4.0107045 -2.291831
-1.68 9.54 0.66999996 2.8647888 0.0 -1.1459155
-1.8399999 9.42 0.26999998 12.605071 -2.8647888 -1.1459155
-1.65 9.63 -0.29999998 15.469859 -5.7295775 0.0
-1.54 9.59 -0.56 8.594366 1.7188734 0.0
-1.74 9.48 -0.65 1.1459155 10.31324 -1.1459155
-1.88 9.469999 -0.48999998 -2.8647888 4.0107045 -1.1459155
-1.78 9.429999 -0.02 -0.57295775 1.1459155 -0.57295775
-1.63 9.42 0.28 4.0107045 0.0 -1.1459155
-1.68 9.349999 0.21 7.448451 0.0 -1.7188734
-2.06 9.309999 0.11 9.740283 2.8647888 -2.291831
-2.48 9.2 -0.17 12.032113 2.8647888 0.57295775
-2.1499999 9.53 -0.83 13.178029 -7.448451 8.021409
-1.5799999 9.7 -0.85999995 9.740283 -9.740283 6.8754935
-1.41 9.69 -0.53999996 4.0107045 -6.3025355 2.291831
-1.6899999 9.61 -0.32 2.8647888 -1.1459155 0.0
-1.89 9.5 -0.35 4.583662 -1.1459155 0.0
-1.8199999 9.5199995 -0.39 5.7295775 -4.0107045 2.8647888
-1.67 9.49 -0.47 6.3025355 -2.291831 2.291831
-1.73 9.639999 -0.53 5.7295775 -6.3025355 1.7188734
-1.54 9.59 -0.48 5.7295775 -12.032113 1.1459155
-1.64 9.639999 -0.42999998 4.583662 -9.167324 0.57295775
-1.75 9.61 -0.45999998 2.8647888 -3.4377468 1.1459155
-1.52 9.61 -0.24 1.1459155 -2.291831 2.8647888
-1.7199999 9.57 -0.29 0.57295775 0.0 1.1459155
-1.8499999 9.51 -0.31 0.0 0.57295775 1.7188734
-1.6999999 9.5199995 -0.34 0.57295775 -3.4377468 3.4377468
-1.55 9.55 -0.37 1.1459155 -2.8647888 2.8647888
-1.68 9.62 -0.39 0.57295775 -2.291831 1.7188734
-1.5899999 9.599999 -0.19 0.0 -1.7188734 0.57295775
-1.62 9.49 -0.13 0.0 0.57295775 0.57295775
-1.75 9.37 -0.049999997 1.7188734 -0.57295775 1.1459155
-1.8 9.4 0.26999998 10.886198 -9.740283 2.8647888
-1.68 9.59 0.35999998 25.210142 -18.907606 2.8647888
-1.42 9.639999 -1.49 28.64789 -18.907606 0.57295775
-1.5999999 9.61 -1.6999999 14.323945 -10.886198 -0.57295775
-1.75 9.59 -1.06 2.8647888 -4.583662 -0.57295775
-1.99 9.59 -0.87 -1.1459155 -2.291831 0.0
-1.8 9.42 -0.63 -2.8647888 -4.0107045 1.1459155
-1.89 9.429999 -0.59 -2.291831 -1.7188734 0.57295775
-1.9599999 9.4 -0.51 -1.1459155 -2.8647888 2.8647888
-1.87 9.45 -0.26 1.7188734 -6.8754935 4.583662
-1.61 9.51 -0.29 5.15662 -6.8754935 4.583662
-1.56 9.54 -0.63 4.583662 -6.3025355 3.4377468
-1.49 9.65 -0.63 0.57295775 -2.8647888 2.8647888
-1.63 9.559999 -0.42999998 -2.291831 4.0107045 2.291831
-1.64 9.469999 -0.19999999 0.0 -2.291831 2.8647888
-1.54 9.559999 -0.13 5.15662 -9.167324 2.291831
-1.5799999 9.67 -0.32 6.3025355 -5.15662 2.291831
-1.5699999 9.57 -0.59999996 4.0107045 1.1459155 3.4377468
-1.52 9.599999 -0.62 2.291831 0.0 3.4377468
-1.41 9.71 -0.47 4.0107045 -3.4377468 2.291831
-1.42 9.75 -0.51 6.3025355 -3.4377468 1.7188734
-1.38 9.71 -0.72999996 5.7295775 -4.583662 0.57295775
-1.27 9.62 -0.81 2.8647888 -4.0107045 -0.57295775
-1.5 9.54 -0.78999996 -0.57295775 0.0 -0.57295775
-1.65 9.54 -0.56 0.0 2.8647888 0.57295775
-1.68 9.559999 -0.72999996 0.0 0.57295775 1.1459155
-1.27 9.59 -0.5 0.0 -0.57295775 1.7188734
-1.3199999 9.559999 -0.45 2.8647888 -0.57295775 0.0
-1.5699999 9.53 -0.82 5.15662 -0.57295775 -0.57295775
-1.8499999 9.53 -1.0699999 -2.8647888 1.1459155 1.1459155
-1.67 9.469999 -0.58 -4.0107045 3.4377468 1.1459155
-1.7099999 9.48 -0.25 1.7188734 -1.7188734 2.291831
-1.4399999 9.51 -0.22999999 8.594366 -6.3025355 1.7188734
-1.37 9.48 -0.71 8.594366 -5.7295775 1.1459155
-1.48 9.55 -0.91999996 4.583662 -5.15662 0.57295775
-1.5999999 9.58 -0.55 5.15662 -4.583662 0.57295775
-1.49 9.599999 -0.9 6.8754935 -3.4377468 1.1459155
-1.36 9.53 -1.13 4.0107045 -2.291831 1.1459155
-1.49 9.62 -0.96 0.0 -1.1459155 0.0
-1.54 9.65 -0.65999997 -1.7188734 0.0 0.0
-1.53 9.57 -0.53 -1.1459155 0.0 0.0
-1.5699999 9.53 -0.42999998 3.4377468 -2.8647888 0.57295775
-1.5899999 9.61 -0.56 6.3025355 -6.3025355 1.1459155
-1.4599999 9.57 -0.93 4.0107045 -2.8647888 1.1459155
-1.51 9.559999 -1.03 -1.1459155 0.57295775 1.1459155
-1.49 9.639999 -0.63 -2.8647888 0.57295775 0.57295775
-1.5899999 9.58 -0.38 1.1459155 -1.1459155 0.0
-1.5 9.559999 -0.53 4.583662 -2.291831 1.1459155
-1.3399999 9.51 -0.77 4.583662 -1.1459155 1.1459155
-1.53 9.48 -0.78999996 1.7188734 0.0 0.0
-1.78 9.53 -0.65999997 0.57295775 0.0 0.0
-1.63 9.53 -0.61 1.1459155 0.0 1.7188734
-1.5 9.5199995 -0.65999997 2.8647888 0.57295775 2.291831
