3.37 9.639999 -0.13 4.583662 -9.167324 -1.7188734
3.57 9.69 -0.13 3.4377468 -14.896902 0.0
3.9199998 9.929999 -0.39999998 6.3025355 -10.886198 1.7188734
3.97 9.99 -0.53999996 6.3025355 -6.3025355 1.7188734
3.81 10.28 -0.42 0.0 -3.4377468 -1.1459155
3.79 10.3 -0.19 -5.15662 -1.7188734 -3.4377468
3.81 10.28 0.0 -6.3025355 -1.7188734 -5.15662
3.72 10.38 0.06 -5.7295775 -1.1459155 -6.8754935
3.6399999 10.46 -0.21 -1.1459155 -2.291831 -10.31324
3.6 10.54 -0.45999998 3.4377468 -1.7188734 -13.178029
3.62 10.67 -0.57 4.583662 -4.0107045 -16.042818
3.75 10.65 -0.64 3.4377468 -5.15662 -16.042818
3.7099998 10.62 -0.71 2.291831 -4.583662 -17.761692
3.59 10.69 -0.45999998 -2.8647888 -4.0107045 -20.62648
3.4399998 10.7699995 -0.35999998 -3.4377468 -3.4377468 -22.345354
3.48 10.679999 -0.16 -3.4377468 -2.291831 -25.210142
3.29 10.75 -0.28 0.0 -5.15662 -29.793804
3.4199998 10.8 -0.61 1.1459155 -4.583662 -30.366762
3.48 10.65 -0.91999996 1.1459155 -6.8754935 -34.377464
2.87 10.19 -0.35 -6.3025355 -5.15662 -38.38817
2.75 10.19 -0.099999994 -9.167324 -2.8647888 -39.53409
2.83 10.13 -0.07 -10.886198 -2.291831 -39.53409
2.86 10.07 -0.48 -8.021409 -6.3025355 -37.815212
2.6699998 10.09 -0.65 -6.3025355 -8.021409 -39.53409
2.34 10.15 -0.19 -10.886198 -8.021409 -40.680004
2.29 10.15 -0.07 -13.750987 -5.7295775 -40.107044
2.46 10.17 0.06 -10.886198 -4.583662 -39.53409
2.4299998 10.139999 -0.19999999 -6.8754935 -8.021409 -40.680004
2.07 10.19 -0.07 -5.7295775 -8.021409 -43.544792
1.79 10.25 0.13 -4.583662 -5.15662 -44.11775
1.81 10.179999 -0.16 -1.1459155 -5.15662 -42.398876
1.23 9.969999 -1.05 -1.7188734 -4.0107045 -42.398876
1.3299999 10.059999 -0.82 -11.459155 0.0 -41.825916
1.17 10.08 -0.35 -19.480566 -2.8647888 -42.971836
1.04 9.98 0.19 -18.907606 -5.7295775 -43.544792
0.90999997 10.03 0.39999998 -15.469859 -6.3025355 -42.971836
0.9 9.849999 0.24 -6.3025355 -5.7295775 -42.398876
0.77 9.82 0.16 0.57295775 -5.15662 -41.25296
0.62 10.03 -0.21 6.3025355 -6.8754935 -41.25296
0.44 10.17 -0.69 5.7295775 -8.021409 -40.680004
0.41 10.3 -0.38 -0.57295775 -5.7295775 -39.53409
0.35999998 10.469999 0.02 -6.3025355 -6.8754935 -38.38817
0.089999996 10.66 0.24 -6.3025355 -9.740283 -38.961132
0.13 10.83 0.19999999 -2.8647888 -9.740283 -38.961132
0.42999998 10.92 0.32999998 -1.7188734 -10.886198 -36.669296
0.48999998 10.8 0.51 -1.1459155 -9.740283 -40.680004
0.64 10.82 0.88 3.4377468 -2.8647888 -44.69071
0.04 10.34 -0.049999997 13.178029 -6.3025355 -50.420284
-0.37 10.07 -0.48 12.605071 -5.7295775 -52.712116
-0.61 10.179999 0.22 2.291831 -1.1459155 -49.84733
-0.59999996 10.19 0.22999999 1.7188734 -3.4377468 -49.27437
-0.65 10.36 0.049999997 4.0107045 -5.7295775 -49.27437
-0.81 10.21 -0.37 2.8647888 -4.583662 -49.84733
-0.96999997 10.07 -0.19999999 0.0 -4.583662 -49.84733
-1.36 9.94 0.19999999 -9.167324 -2.8647888 -52.139156
-1.67 9.87 0.31 -12.605071 0.0 -53.285076
-1.73 9.57 0.26999998 -11.459155 1.1459155 -52.139156
-1.76 9.559999 0.74 -10.886198 2.291831 -49.84733
-1.9599999 9.78 1.0 -2.8647888 1.7188734 -50.993244
-2.28 9.65 -0.08 12.605071 0.57295775 -50.420284
-2.3899999 9.5199995 -0.65999997 22.345354 0.57295775 -50.420284
-2.33 9.67 -0.14 17.188732 2.291831 -49.27437
-2.28 9.67 -0.02 13.750987 0.0 -48.701412
-2.47 9.24 -0.77 16.615776 0.57295775 -51.5662
-2.72 9.09 -0.90999997 15.469859 1.7188734 -55.00395
-3.1699998 9.03 -0.29999998 12.605071 2.8647888 -56.14986
-3.3799999 9.09 0.01 13.750987 2.8647888 -54.43099
-3.51 8.95 -1.22 18.907606 3.4377468 -54.43099
-3.6299999 8.79 -1.93 17.761692 2.291831 -52.139156
-3.87 8.87 -1.14 3.4377468 2.291831 -50.993244
-4.0899997 8.87 -0.44 -6.3025355 1.1459155 -51.5662
-4.39 8.7699995 -1.09 -0.57295775 0.0 -52.139156
-4.23 8.48 -1.54 0.57295775 -0.57295775 -49.84733
-4.43 8.37 -0.93 -5.7295775 -2.291831 -48.701412
-4.79 8.53 -0.44 -5.7295775 -2.291831 -49.84733
-4.74 8.309999 -0.78 -2.8647888 -2.8647888 -49.27437
-4.68 8.0199995 -0.75 -1.7188734 -4.583662 -48.701412
-4.91 7.89 0.12 -3.4377468 -2.8647888 -49.84733
-4.88 7.8199997 0.17999999 -2.291831 -1.7188734 -50.420284
-5.04 7.49 -0.61 3.4377468 1.7188734 -51.5662
-5.58 7.08 -1.1999999 2.8647888 8.594366 -51.5662
-6.08 7.16 -0.44 -2.291831 13.750987 -48.701412
-6.48 7.23 -0.63 1.7188734 5.7295775 -46.40958
-6.2 6.94 -1.43 5.7295775 -0.57295775 -40.107044
-6.0499997 6.8199997 -1.24 0.0 -1.1459155 -35.523384
-6.46 7.22 -0.78999996 -2.8647888 -0.57295775 -35.523384
-6.3599997 7.2799997 -1.25 -3.4377468 -2.8647888 -32.658592
-6.15 7.0299997 -1.67 -5.15662 -4.583662 -32.085636
-6.54 6.91 -1.03 -16.615776 -6.8754935 -33.80451
-6.87 7.1 0.16 -29.220846 -6.3025355 -36.09634
-6.66 6.96 0.32999998 -26.929016 -8.594366 -32.658592
-6.2999997 6.66 -0.08 -17.188732 -11.459155 -29.793804
-6.69 6.5899997 0.07 -17.761692 -3.4377468 -31.51268
-6.91 6.49 0.58 -18.334648 0.0 -32.085636
-6.69 6.06 0.71 -13.750987 2.291831 -31.51268
-7.2 5.73 -0.14 0.57295775 0.0 -30.366762
-7.5099998 5.8199997 -0.089999996 1.7188734 1.1459155 -30.366762
-7.58 5.87 0.34 1.7188734 6.8754935 -24.637184
-7.2599998 5.87 -0.17 8.594366 3.4377468 -18.907606
-7.0 5.8399997 -0.45 13.178029 3.4377468 -15.469859
-7.5299997 5.89 -0.9 10.886198 6.3025355 -19.480566
-7.7999997 5.87 -0.98999995 8.021409 7.448451 -21.199438
-7.7599998 5.77 -0.85999995 1.7188734 6.3025355 -17.761692
-7.7599998 5.77 -0.5 -1.7188734 4.583662 -13.178029
-7.48 5.69 -0.65999997 -1.1459155 1.1459155 -10.886198
-7.7 5.77 -0.59 0.0 0.57295775 -7.448451
-7.94 5.98 -0.58 0.0 2.8647888 -8.021409
-7.85 5.98 -0.48999998 -1.1459155 4.583662 -5.15662
-7.43 5.97 -0.65999997 -1.7188734 3.4377468 -2.8647888
-7.41 5.93 -0.7 0.0 1.7188734 -2.8647888
-7.49 5.9 -0.14999999 -1.7188734 2.291831 -1.7188734
-7.75 6.0299997 0.41 2.291831 2.291831 -2.8647888
-8.03 6.24 0.06 12.605071 6.8754935 -2.291831
-7.7 6.18 -0.9 20.62648 9.167324 0.57295775
-7.73 6.44 -1.68 13.750987 5.15662 1.7188734
-7.48 6.69 -1.1899999 0.0 8.594366 5.7295775
-7.43 6.7799997 -0.93 -4.583662 8.021409 4.0107045
-7.5299997 6.7799997 -1.1899999 -4.583662 4.583662 2.291831
-7.56 6.75 -0.97999996 -7.448451 5.15662 1.7188734
-7.73 6.87 -0.52 -7.448451 6.3025355 1.1459155
-7.58 6.97 -0.75 -2.291831 4.0107045 1.7188734
-7.31 7.0699997 -1.1999999 3.4377468 1.7188734 3.4377468
-7.2 7.12 -1.37 3.4377468 4.0107045 2.8647888
-7.43 7.14 -1.4399999 0.0 6.8754935 1.1459155
-7.3999996 7.17 -1.1899999 -5.15662 5.7295775 0.0
-7.29 7.1499996 -1.01 -6.3025355 1.7188734 -0.57295775
-7.3399997 7.0499997 -1.2099999 -4.583662 0.0 -1.7188734
-7.43 6.8399997 -0.84 -6.8754935 1.7188734 -4.0107045
-7.6099997 6.83 -0.59 -6.8754935 2.8647888 -4.583662
-7.5299997 6.79 -0.84 -3.4377468 2.8647888 -2.8647888
-7.5099998 6.7999997 -1.12 -0.57295775 5.15662 -1.7188734
-7.3599997 6.7799997 -0.96999997 0.0 3.4377468 -1.7188734
-7.37 6.87 -0.56 1.1459155 1.1459155 -1.7188734
-7.69 7.0099998 -0.96 10.886198 2.291831 -2.8647888
-7.44 6.99 -1.5999999 15.469859 2.8647888 -1.7188734
-7.2 6.7599998 -1.6899999 4.583662 2.8647888 -1.7188734
-7.43 6.75 -1.36 0.57295775 2.8647888 -3.4377468
-7.4199996 6.6099997 -0.95 -2.291831 1.1459155 -4.583662
-7.41 6.49 -0.90999997 -1.1459155 -1.7188734 -4.0107045
-7.5899997 6.3999996 -1.05 0.0 -1.1459155 -5.15662
-7.77 6.3799996 -0.84999996 3.4377468 0.0 -4.583662
-7.73 6.48 -0.85999995 3.4377468 -1.1459155 -2.8647888
-7.4199996 6.6299996 -1.22 6.8754935 -1.1459155 0.57295775
-7.21 6.5 -1.38 5.7295775 0.0 1.1459155
-7.4199996 6.5099998 -1.24 0.57295775 0.0 -1.1459155
-7.66 6.46 -1.1899999 -2.8647888 0.57295775 -2.8647888
-7.72 6.3999996 -1.11 -6.3025355 1.1459155 -2.291831
-7.66 6.45 -0.93 -6.8754935 0.0 0.0
-7.62 6.46 -0.83 -5.7295775 1.7188734 0.0
-7.74 6.5499997 -0.62 -1.1459155 2.291831 0.0
-7.58 6.69 -1.0 5.15662 0.0 0.57295775
-7.31 6.54 -1.81 4.583662 0.0 2.291831
-7.58 6.71 -1.42 0.0 1.7188734 1.1459155
-7.7 6.8999996 -0.65999997 -6.8754935 2.291831 1.1459155
-7.5899997 7.18 -0.94 -1.7188734 0.0 2.291831
-7.12 6.97 -1.4699999 2.8647888 -0.57295775 1.1459155
-7.35 6.8599997 -1.1999999 -1.1459155 0.0 -0.57295775
-7.81 6.81 -1.01 -3.4377468 0.0 -4.583662
-7.74 6.79 -0.78 -4.583662 0.0 -2.8647888
-7.45 6.7999997 -0.62 -2.8647888 1.1459155 0.0
-7.3599997 6.8399997 -0.76 2.291831 4.0107045 0.0
-7.27 6.91 -1.18 8.594366 2.291831 -1.7188734
-7.3199997 6.7 -2.03 9.740283 1.1459155 -3.4377468
-7.71 6.62 -1.9799999 1.1459155 5.15662 -5.7295775
-7.66 6.3799996 -1.5799999 -8.594366 2.8647888 -5.7295775
