2.8899999 9.44 0.71 -22.345354 -1.1459155 6.3025355
2.8899999 9.44 0.71 -22.345354 -1.1459155 6.3025355
4.08 9.88 -0.22 -14.896902 -20.62648 12.032113
4.0699997 9.7 -0.45999998 -6.8754935 -18.907606 7.448451
4.0699997 9.7 -0.45999998 -6.8754935 -18.907606 7.448451
3.8899999 9.71 0.44 -10.31324 -26.356058 -6.8754935
3.8899999 9.71 0.44 -3.4377468 -17.188732 -0.57295775
3.6899998 9.83 0.35999998 -3.4377468 -17.188732 -0.57295775
3.6899998 9.83 0.35999998 -2.8647888 -3.4377468 -2.8647888
3.56 10.09 0.01 -5.15662 0.0 -4.583662
3.83 10.309999 0.01 -5.15662 0.0 -4.583662
3.83 10.309999 0.01 -16.615776 1.1459155 3.4377468
3.78 8.75 1.28 -34.377464 -1.7188734 9.167324
3.78 8.75 1.28 -34.377464 -1.7188734 9.167324
3.1 9.37 1.3199999 -9.740283 -1.7188734 -14.323945
3.6399999 9.67 -0.07 12.032113 1.7188734 -2.291831
3.6399999 9.67 -0.07 12.032113 1.7188734 -2.291831
4.21 10.2699995 -0.42999998 2.291831 -3.4377468 4.0107045
3.53 9.82 0.59999996 -10.886198 -10.886198 -3.4377468
3.6599998 10.26 0.84999996 -10.886198 -10.886198 -3.4377468
3.6599998 10.26 0.84999996 -6.8754935 0.57295775 -12.032113
3.9299998 10.16 0.94 -0.57295775 1.7188734 -9.740283
3.79 9.88 0.71999997 2.8647888 11.459155 -11.459155
3.79 9.88 0.71999997 2.8647888 11.459155 -11.459155
3.84 9.28 0.64 2.8647888 26.356058 6.8754935
3.58 8.94 -0.34 6.8754935 31.51268 9.167324
3.58 8.94 -0.34 6.8754935 31.51268 9.167324
3.6399999 8.889999 0.72999996 6.8754935 31.51268 9.167324
3.6399999 8.889999 0.72999996 -4.583662 6.8754935 -4.0107045
3.8 9.65 1.76 -10.31324 -2.291831 -11.459155
3.87 9.82 1.18 13.750987 6.3025355 -5.7295775
3.87 9.82 1.18 13.750987 6.3025355 -5.7295775
3.47 9.9 0.44 27.501974 10.31324 -10.886198
3.34 10.309999 0.099999994 22.345354 8.594366 -20.053522
3.34 10.309999 0.099999994 22.345354 8.594366 -20.053522
3.31 10.61 0.29999998 12.605071 5.15662 -22.345354
3.25 10.09 2.1 5.15662 4.583662 -22.91831
3.25 10.09 2.1 5.15662 4.583662 -22.91831
3.32 9.63 1.0799999 33.80451 17.761692 -25.210142
3.07 9.849999 -0.5 44.69071 22.91831 -29.220846
2.6399999 9.58 -1.17 30.366762 15.469859 -33.231552
2.6399999 9.58 -1.17 30.366762 15.469859 -33.231552
2.3799999 9.57 -1.56 18.334648 10.31324 -37.242256
2.6599998 9.75 -0.29 -8.021409 4.583662 -28.07493
2.6599998 9.75 -0.29 -8.021409 4.583662 -28.07493
2.6 10.08 0.22999999 -20.053522 -1.1459155 -28.64789
2.54 10.36 -0.41 -4.0107045 1.7188734 -30.939718
2.54 10.36 -0.41 -4.0107045 1.7188734 -30.939718
2.1299999 10.679999 0.14999999 -1.7188734 1.1459155 -34.950428
2.6 10.65 0.0 -1.7188734 1.1459155 -34.950428
2.6 10.65 0.0 -4.0107045 0.0 -34.377464
2.34 10.65 -0.29999998 1.7188734 2.291831 -42.971836
1.68 10.05 -0.7 1.7188734 2.291831 -42.971836
1.68 10.05 -0.7 -4.0107045 8.594366 -52.139156
1.39 9.88 -0.24 -12.032113 4.583662 -49.84733
0.98999995 9.58 -0.08 -12.032113 0.0 -44.11775
0.98999995 9.58 -0.08 -12.032113 0.0 -44.11775
1.0 9.7 0.01 -7.448451 0.0 -38.961132
0.84 9.66 -0.32 -5.7295775 -4.583662 -38.961132
0.84 9.66 -0.32 -5.7295775 -4.583662 -38.961132
0.26999998 10.23 0.81 -6.8754935 -10.31324 -35.523384
1.1999999 10.429999 0.44 -6.8754935 -10.31324 -35.523384
1.1999999 10.429999 0.44 -2.8647888 -15.469859 -26.356058
0.08 10.71 0.53 4.583662 1.1459155 -31.51268
0.01 11.599999 0.099999994 4.583662 1.1459155 -31.51268
0.01 11.599999 0.099999994 5.15662 -0.57295775 -31.51268
0.78999996 11.42 -0.56 -8.021409 1.1459155 -28.07493
0.57 11.639999 1.52 -8.021409 1.1459155 -28.07493
0.57 11.639999 1.52 -45.83662 8.594366 -35.523384
0.08 10.389999 1.88 -42.398876 27.501974 -32.658592
-0.26999998 9.889999 1.41 -42.398876 27.501974 -32.658592
-0.26999998 9.889999 1.41 -15.469859 22.345354 -36.669296
-0.03 9.719999 0.55 -7.448451 13.750987 -34.377464
-0.45 9.51 0.78 -8.021409 24.637184 -32.085636
-0.9 9.429999 0.87 -8.021409 24.637184 -32.085636
-0.9 9.429999 0.87 -5.7295775 24.637184 -32.658592
-1.04 9.559999 -0.22 -5.7295775 24.637184 -32.658592
-1.0799999 9.53 -0.04 -14.323945 49.84733 -22.91831
-1.0799999 9.53 -0.04 -14.323945 49.84733 -22.91831
-0.32999998 9.21 1.64 -14.323945 49.84733 -22.91831
-1.63 9.34 1.63 -32.085636 26.929016 -22.345354
-1.63 9.34 1.63 -20.053522 21.772396 -38.961132
-2.29 9.11 0.39 -20.053522 21.772396 -38.961132
-2.06 9.49 0.48 8.021409 21.772396 -37.242256
-2.06 9.49 0.48 2.8647888 16.615776 -29.793804
-1.5899999 9.29 1.0 2.8647888 16.615776 -29.793804
-2.33 9.349999 1.38 -6.8754935 14.896902 -25.210142
-2.33 9.349999 1.38 -7.448451 6.8754935 -34.377464
-2.6499999 8.889999 0.42 -7.448451 6.8754935 -34.377464
-3.46 8.88 1.05 -4.583662 5.15662 -31.51268
-3.46 8.88 1.05 -4.583662 5.15662 -31.51268
-3.07 7.7999997 1.6999999 -4.583662 5.15662 -31.51268
-3.83 7.74 1.6999999 6.8754935 0.0 -5.7295775
-3.83 7.74 1.6999999 6.8754935 0.0 -5.7295775
-3.4399998 8.3 0.84999996 21.772396 6.8754935 14.323945
-2.44 9.15 0.44 27.501974 20.053522 41.25296
-2.44 9.15 0.44 27.501974 20.053522 41.25296
-1.43 9.04 -1.35 23.49127 26.356058 48.128452
-1.43 9.04 -1.35 23.49127 26.356058 48.128452
-3.09 9.13 0.42999998 -30.939718 8.594366 18.334648
-2.19 9.09 1.4499999 -30.939718 8.594366 18.334648
-2.19 9.09 1.4499999 -32.658592 -8.594366 30.366762
-1.1999999 9.349999 0.31 -19.480566 17.761692 30.366762
-1.63 9.66 1.54 -19.480566 17.761692 30.366762
-1.8 9.66 1.63 -7.448451 -1.7188734 0.0
-1.8 9.66 1.63 -7.448451 -1.7188734 0.0
-1.39 9.19 -0.28 -7.448451 -1.7188734 0.0
-2.8799999 9.78 1.99 -9.167324 9.740283 -10.886198
-2.8799999 9.78 1.99 -35.523384 14.896902 -17.761692
-1.86 9.57 2.6799998 -35.523384 14.896902 -17.761692
-2.1499999 9.29 1.61 -29.220846 -6.3025355 -10.886198
-2.1499999 9.29 1.61 12.605071 10.31324 -20.62648
-2.33 9.63 1.99 12.605071 10.31324 -20.62648
-2.56 9.82 1.0799999 18.334648 9.740283 -15.469859
-2.56 9.82 1.0799999 34.950428 0.0 -13.178029
-2.1699998 9.889999 0.62 34.950428 0.0 -13.178029
-2.1699998 10.11 -0.63 43.544792 16.615776 0.57295775
-2.1699998 10.11 -0.63 34.950428 21.199438 1.7188734
-1.61 9.7 -0.56 9.740283 10.31324 -5.15662
-2.49 9.969999 0.85999995 -13.750987 -1.7188734 -20.053522
-2.49 9.969999 0.85999995 -13.750987 -1.7188734 -20.053522
-2.28 9.42 0.97999996 -7.448451 -4.0107045 -20.053522
-2.47 9.29 1.16 -7.448451 -4.0107045 -20.053522
-2.47 9.29 1.16 -3.4377468 -5.15662 -25.7831
-2.6799998 9.04 1.3299999 -7.448451 -7.448451 -30.366762
-3.08 9.07 1.14 -7.448451 -7.448451 -30.366762
-3.08 9.07 1.14 -9.167324 2.8647888 -29.220846
-3.1 8.67 1.04 -10.886198 25.210142 -18.334648
-3.72 9.0199995 1.0 -10.886198 25.210142 -18.334648
-3.72 9.0199995 1.0 -9.740283 7.448451 -19.480566
-3.4299998 9.11 1.68 -8.021409 -0.57295775 -22.91831
-3.74 9.63 1.86 -8.021409 -0.57295775 -22.91831
-3.74 9.63 1.86 13.750987 2.8647888 -18.907606
-3.37 8.88 0.02 44.11775 4.0107045 -12.605071
-4.66 9.5 0.24 44.11775 4.0107045 -12.605071
-4.66 9.5 0.24 34.950428 17.188732 -21.199438
-3.37 8.59 0.59 23.49127 10.886198 5.7295775
-3.1299999 8.599999 0.17999999 23.49127 10.886198 5.7295775
-3.1299999 8.599999 0.17999999 25.210142 13.178029 7.448451
-3.62 8.53 -0.34 18.907606 18.334648 1.1459155
-3.78 8.48 -0.35999998 9.740283 5.7295775 -6.8754935
-3.78 8.48 -0.35999998 9.740283 5.7295775 -6.8754935
-3.6799998 8.22 -0.84999996 4.583662 -5.7295775 -13.178029
-4.2799997 8.54 -0.52 -2.8647888 2.291831 -16.042818
-4.2799997 8.54 -0.52 -2.8647888 2.291831 -16.042818
-4.3399997 8.4 0.22999999 -17.761692 8.021409 -13.178029
-3.9299998 8.25 0.24 -17.761692 8.021409 -13.178029
-3.9299998 8.25 0.24 -10.31324 6.3025355 -11.459155
-5.0 8.54 0.78999996 -0.57295775 -1.7188734 -14.896902
-4.63 8.58 0.58 13.178029 -10.886198 -8.021409
-4.63 8.58 0.58 13.178029 -10.886198 -8.021409
-4.5099998 8.82 -1.4599999 30.366762 1.1459155 -8.594366
-4.41 8.99 -1.29 14.323945 0.57295775 -4.0107045
-4.41 8.99 -1.29 14.323945 0.57295775 -4.0107045
-3.4099998 9.099999 -0.28 -10.31324 -12.605071 -6.8754935
-3.6499999 8.91 -0.29 -9.740283 -0.57295775 -9.167324
-3.6499999 8.91 -0.29 -9.740283 -0.57295775 -9.167324
-4.0899997 9.24 0.61 -12.605071 3.4377468 -8.594366
-3.6499999 8.73 0.12 -0.57295775 -0.57295775 -4.0107045
-3.6499999 8.73 0.12 -0.57295775 -0.57295775 -4.0107045
-4.7 9.719999 -0.19999999 8.021409 8.594366 -6.8754935
-3.6899998 9.26 -0.69 11.459155 -0.57295775 6.3025355
-3.6899998 9.26 -0.69 11.459155 -0.57295775 6.3025355
-3.9499998 9.719999 -0.35 3.4377468 -0.57295775 0.0
-4.0 9.49 -0.29999998 -1.1459155 -1.7188734 -2.291831
-4.0 9.49 -0.29999998 -1.1459155 -1.7188734 -2.291831
-4.0699997 9.4 0.07 -2.8647888 -4.583662 -1.7188734
-4.0699997 9.25 0.22 0.0 -4.0107045 0.0
-4.0699997 9.25 0.22 0.0 -4.0107045 0.0
-4.2 9.23 0.21 9.167324 1.7188734 2.8647888
-3.78 9.139999 -0.31 15.469859 -4.0107045 4.0107045
-4.0 9.42 -0.65 15.469859 -4.0107045 4.0107045
-4.0 9.42 -0.65 14.323945 -12.032113 -5.7295775
-3.8899999 9.2 -0.41 -5.7295775 -17.761692 -8.021409
-3.8899999 9.2 -0.41 -5.7295775 -17.761692 -8.021409
-4.18 8.67 0.31 -20.62648 -12.605071 -5.15662
-4.94 8.8 0.78999996 -20.62648 -12.605071 -5.15662
-4.94 8.8 0.78999996 -16.042818 -1.7188734 -4.0107045
-4.2 8.92 0.5 -1.7188734 -5.15662 -2.291831
-3.8 8.849999 -0.16 10.886198 -3.4377468 0.57295775
-3.8 8.849999 -0.16 10.886198 -3.4377468 0.57295775
-4.2799997 9.04 -0.12 4.583662 3.4377468 0.57295775
-3.97 8.74 -0.14999999 -1.7188734 -3.4377468 -0.57295775
-3.97 8.74 -0.14999999 -1.7188734 -3.4377468 -0.57295775
-4.47 9.05 0.35999998 -2.291831 -2.291831 -1.1459155
-4.1 8.929999 -0.17999999 -2.291831 -2.291831 -1.1459155
-4.1 8.929999 -0.17999999 1.7188734 1.7188734 0.57295775
-4.0899997 9.639999 0.089999996 -5.15662 2.8647888 3.4377468
-3.58 9.49 0.16 -5.7295775 0.57295775 0.57295775
-3.58 9.49 0.16 -5.7295775 0.57295775 0.57295775
-4.5899997 9.67 0.47 -2.8647888 8.594366 -2.291831
-3.75 9.15 -0.38 5.15662 4.0107045 2.291831
-4.27 9.24 -0.61 5.15662 4.0107045 2.291831
-4.27 9.24 -0.61 4.583662 1.7188734 -2.8647888
-4.22 9.13 0.08 -5.15662 -1.7188734 -3.4377468
-4.17 9.15 0.28 -5.15662 -1.7188734 -3.4377468
-4.17 9.15 0.28 -5.15662 -2.8647888 -1.1459155
-4.11 8.95 0.07 3.4377468 -0.57295775 0.0
-4.3199997 9.05 -0.26 3.4377468 -0.57295775 0.0
-4.3199997 9.05 -0.26 4.0107045 -1.1459155 -3.4377468
-4.2799997 8.91 -0.32 0.0 -0.57295775 0.57295775
-4.22 9.0 0.25 0.0 -0.57295775 0.57295775
-4.22 9.0 0.25 -4.583662 -1.1459155 1.1459155
-4.2599998 9.059999 0.07 0.57295775 -2.291831 0.57295775
-4.35 9.42 0.16 0.57295775 -2.291831 0.57295775
-4.35 9.42 0.16 3.4377468 -2.8647888 0.0
-3.77 9.25 0.11 5.15662 -5.7295775 4.583662
-4.0299997 9.59 -0.11 5.15662 -5.7295775 4.583662
-4.0299997 9.59 -0.11 11.459155 -5.7295775 0.57295775
-3.8799999 9.719999 -0.5 12.032113 -13.178029 -1.7188734
-3.8899999 9.79 -0.34 12.032113 -13.178029 -1.7188734
-3.8899999 9.79 -0.34 5.15662 -4.0107045 -2.8647888
-3.85 9.25 0.26999998 -6.8754935 -0.57295775 -2.291831
-4.2999997 9.17 -0.06 -2.8647888 0.0 -7.448451
-4.2999997 9.17 -0.06 -2.8647888 0.0 -7.448451
-4.31 9.11 -0.13 2.8647888 0.0 -5.7295775
-4.3399997 8.8 0.0 2.8647888 0.0 -5.7295775
-4.3399997 8.8 0.0 -3.4377468 -1.7188734 -6.3025355
-4.54 8.73 0.53999996 -2.291831 5.7295775 -5.15662
-4.18 8.62 0.42999998 -2.291831 5.7295775 -5.15662
-4.18 8.62 0.42999998 6.8754935 0.0 -4.0107045
-4.68 8.99 -0.77 20.62648 5.7295775 -5.7295775
-4.68 8.99 -0.77 20.62648 5.7295775 -5.7295775
-4.22 9.05 -0.17999999 -0.57295775 -0.57295775 1.7188734
-4.22 9.05 -0.17999999 -0.57295775 -0.57295775 1.7188734
-4.12 9.01 -0.53999996 -0.57295775 -0.57295775 1.7188734
-4.71 8.99 -0.52 1.7188734 7.448451 1.7188734
