2.34 9.67 -0.38 9.740283 2.8647888 3.4377468
2.6 9.99 -0.06 -1.7188734 -0.57295775 11.459155
3.1299999 9.74 -0.02 -5.15662 -1.7188734 13.750987
2.9399998 10.179999 0.11 -5.15662 -3.4377468 10.886198
2.98 9.91 0.02 -5.7295775 -2.8647888 7.448451
2.52 10.099999 0.04 -4.583662 1.1459155 2.291831
2.5 10.179999 0.049999997 -5.7295775 0.57295775 2.291831
2.77 10.2 0.13 -7.448451 -1.1459155 7.448451
2.8799999 10.5 0.26 -9.167324 2.8647888 6.3025355
2.98 10.69 0.48 -11.459155 4.0107045 3.4377468
2.9399998 10.75 0.7 -9.167324 5.7295775 0.0
3.01 10.7699995 0.65999997 -7.448451 5.7295775 0.0
3.12 10.79 0.29 -1.7188734 2.8647888 0.0
3.24 10.84 0.04 0.0 0.0 -2.8647888
3.1599998 10.83 0.08 -4.583662 0.57295775 -5.15662
2.98 10.86 -0.099999994 -8.021409 0.0 -10.31324
2.6799998 10.889999 -0.14999999 -10.31324 -2.291831 -15.469859
2.56 10.96 0.06 -13.750987 -2.291831 -13.178029
2.83 10.94 0.63 -14.896902 -1.7188734 -10.886198
3.24 10.929999 0.66999996 -8.021409 -4.583662 -13.750987
3.0 10.87 0.62 -0.57295775 2.291831 -21.772396
2.8 10.75 0.39 1.7188734 2.291831 -25.210142
2.55 10.71 -0.12 5.15662 1.7188734 -25.7831
2.2 10.71 -0.12 4.583662 2.8647888 -26.929016
2.1699998 10.75 -0.19 0.0 -1.7188734 -26.356058
2.6399999 10.75 0.42 -5.7295775 -4.583662 -21.772396
2.6599998 10.559999 1.0 -6.8754935 -1.1459155 -22.345354
2.4199998 10.53 0.55 1.1459155 -1.7188734 -26.356058
2.49 10.5 -0.16 11.459155 -0.57295775 -27.501974
2.45 10.349999 -0.17 10.31324 1.7188734 -28.07493
2.25 10.2699995 -0.049999997 4.583662 -1.1459155 -29.793804
2.4099998 10.16 0.37 5.7295775 -2.291831 -28.64789
2.32 10.13 -0.11 14.323945 -7.448451 -28.07493
2.1699998 9.95 -0.32999998 15.469859 -10.31324 -31.51268
1.5999999 9.66 0.0 8.021409 -5.15662 -34.950428
1.51 9.84 -0.21 8.021409 -2.291831 -33.231552
1.78 9.95 -0.39999998 11.459155 -3.4377468 -30.939718
1.8499999 9.849999 -0.37 8.594366 -8.594366 -32.658592
1.4399999 9.86 -0.13 4.0107045 -6.3025355 -34.377464
0.71999997 10.09 -0.42999998 0.57295775 -3.4377468 -38.961132
0.71 10.19 -0.44 2.291831 -5.15662 -37.242256
0.98999995 10.12 -0.53 1.1459155 -7.448451 -29.793804
1.2099999 10.139999 -0.35999998 0.0 -6.8754935 -28.64789
0.75 10.17 -0.08 -2.291831 -10.31324 -30.939718
0.63 10.2 -0.22 0.0 -9.740283 -29.793804
0.78999996 10.37 -0.26999998 1.7188734 -8.594366 -28.64789
1.06 10.37 -0.03 0.0 -9.740283 -32.085636
0.66999996 10.34 -0.049999997 1.1459155 -9.740283 -34.377464
0.45999998 10.349999 -0.41 4.0107045 -8.021409 -36.09634
0.04 10.37 -0.16 1.1459155 -11.459155 -36.669296
0.39 10.5199995 0.62 4.583662 -16.615776 -30.366762
0.56 10.45 0.5 10.886198 -11.459155 -34.950428
0.02 10.469999 0.45 12.032113 -8.594366 -38.38817
-0.51 10.16 -0.64 16.042818 -8.021409 -39.53409
-0.47 10.42 -1.0699999 17.761692 -8.594366 -37.815212
-0.26999998 10.53 -0.95 12.032113 -4.583662 -36.669296
-0.14999999 10.48 -0.35 -9.167324 -9.740283 -36.669296
-0.14 10.48 0.42999998 -10.31324 -10.31324 -37.242256
-0.35999998 10.41 0.41 6.3025355 -16.615776 -38.961132
-0.45999998 10.21 -0.84 18.334648 -10.31324 -40.107044
-0.79999995 10.25 -1.06 18.334648 -10.31324 -43.544792
-1.01 10.2 -1.48 10.31324 -16.615776 -45.263664
-1.41 10.37 -0.79999995 -9.167324 -4.0107045 -45.263664
-1.74 10.49 1.09 -17.761692 -11.459155 -42.398876
-1.5 10.309999 1.0 -12.032113 -14.896902 -37.815212
-1.8 10.55 -0.06 9.167324 -10.886198 -38.38817
-2.01 11.08 -0.42999998 21.772396 -1.1459155 -44.69071
-1.13 10.87 -0.16 19.480566 -3.4377468 -40.680004
-0.79999995 10.63 -0.42999998 25.210142 -0.57295775 -42.971836
-1.01 10.48 -1.11 38.38817 -5.7295775 -51.5662
-1.53 10.04 -3.05 35.523384 -5.7295775 -54.43099
-1.8199999 9.969999 -2.3999999 25.210142 -4.0107045 -55.576904
-1.9399999 9.83 -1.9599999 12.605071 -3.4377468 -57.868736
-2.12 9.78 -1.54 -5.7295775 -8.021409 -61.30648
-2.6599998 9.599999 -0.93 -10.31324 0.0 -62.4524
-3.1599998 9.44 -0.79999995 -5.7295775 -1.7188734 -61.30648
-3.06 9.309999 -0.68 -2.8647888 -0.57295775 -57.29578
-2.85 8.88 -1.18 2.291831 1.1459155 -55.00395
-3.72 8.84 -1.48 4.0107045 2.8647888 -60.160564
-3.6799998 8.58 -1.23 -3.4377468 -0.57295775 -53.858032
-3.6499999 8.28 -0.96 -6.3025355 3.4377468 -50.993244
-4.16 8.349999 -1.28 -2.8647888 1.1459155 -52.139156
-3.8999999 8.36 -1.22 -4.0107045 -0.57295775 -45.83662
-3.26 8.15 -1.04 -4.583662 0.0 -42.398876
-4.0499997 8.13 -1.24 0.0 2.8647888 -50.420284
-4.06 7.94 -2.1399999 2.8647888 4.583662 -52.712116
-3.75 7.7 -1.9 -1.7188734 8.021409 -50.993244
-3.9199998 7.0899997 -1.1999999 -13.750987 2.291831 -51.5662
-4.06 6.24 -2.34 -8.021409 -5.15662 -56.14986
-4.79 5.7999997 -3.6999998 -2.291831 1.1459155 -63.598316
-6.04 6.22 -2.4099998 -18.907606 10.31324 -67.60902
-6.2599998 5.92 -0.14 -34.377464 0.57295775 -56.72282
-6.14 5.73 0.81 -20.053522 -2.8647888 -45.83662
-6.23 5.47 -0.21 13.750987 -3.4377468 -41.825916
-6.66 5.24 -1.66 36.09634 -9.167324 -37.815212
-7.16 5.24 -2.1599998 28.64789 -7.448451 -36.669296
-7.29 5.52 -1.43 5.15662 -2.8647888 -32.658592
-6.81 5.02 0.32 -12.032113 -0.57295775 -23.49127
-7.2 5.1099997 0.22 0.0 1.1459155 -25.210142
-7.58 5.3599997 -0.61 5.7295775 1.1459155 -24.064226
-7.47 5.3199997 -0.56 7.448451 0.0 -17.188732
-7.6499996 5.5 -0.71 8.021409 -6.3025355 -12.032113
-7.49 5.64 -1.17 8.021409 -7.448451 -5.7295775
-7.3799996 5.65 -1.0699999 4.0107045 -2.8647888 -4.583662
-7.39 6.0099998 -0.82 -9.167324 2.8647888 -2.8647888
-7.33 6.3599997 -0.39999998 -17.188732 6.3025355 -0.57295775
-7.37 6.43 -0.35 -13.750987 4.583662 0.57295775
-7.23 6.6099997 -0.39999998 -5.15662 6.8754935 4.583662
-7.2599998 6.87 -0.7 2.291831 5.7295775 7.448451
-6.93 7.0899997 -1.1899999 9.740283 2.291831 11.459155
-6.2799997 7.1499996 -1.62 13.750987 1.1459155 15.469859
-6.3799996 7.39 -1.93 6.8754935 8.021409 12.032113
-6.97 7.81 -1.9499999 -1.1459155 11.459155 2.8647888
-6.5899997 7.9199996 -1.4399999 -9.740283 6.3025355 3.4377468
-6.18 7.6299996 -0.68 -14.896902 0.57295775 7.448451
-6.68 7.6 -1.16 -8.594366 2.8647888 2.291831
-7.06 7.7799997 -1.9399999 0.0 5.15662 0.0
-6.71 8.01 -1.61 -4.583662 4.0107045 2.8647888
-6.25 7.79 -0.84999996 -11.459155 0.57295775 8.021409
-6.2799997 7.98 -0.78 -8.021409 2.291831 5.15662
-6.29 8.059999 -1.5999999 1.1459155 5.7295775 0.0
-6.44 7.8799996 -1.6899999 0.0 4.583662 -1.7188734
-6.56 7.74 -1.35 -4.583662 4.0107045 -1.1459155
-6.33 7.6299996 -1.87 -7.448451 0.57295775 -1.1459155
-6.25 7.7799997 -2.21 -6.3025355 2.291831 -1.1459155
-6.22 7.7999997 -2.08 -14.896902 4.0107045 -2.291831
-6.0699997 7.69 -0.5 -29.220846 5.7295775 -4.0107045
-6.35 7.6499996 -0.16 -34.377464 10.886198 -10.886198
-7.04 7.64 -0.45 -21.199438 9.740283 -14.323945
-7.0499997 7.6299996 -0.85999995 -7.448451 3.4377468 -9.167324
-6.83 7.54 -0.84999996 -4.583662 -2.8647888 -1.1459155
-6.46 7.6 -0.75 -4.583662 0.0 0.57295775
-6.5299997 7.54 -0.85999995 -3.4377468 3.4377468 -1.7188734
-6.77 7.54 -1.0799999 -2.8647888 5.7295775 -5.7295775
-6.8799996 7.3799996 -1.27 -3.4377468 4.0107045 -5.7295775
-6.7999997 7.3999996 -1.02 -5.7295775 1.7188734 -2.8647888
-6.5299997 7.27 -0.64 -3.4377468 1.1459155 0.0
-6.5299997 7.0499997 -1.18 0.0 0.0 0.57295775
-7.1099997 7.1 -1.52 2.8647888 2.291831 -3.4377468
-7.1099997 7.2599998 -1.52 -1.7188734 2.291831 -4.0107045
-6.72 7.16 -0.94 -8.594366 2.291831 0.57295775
-7.1299996 7.5899997 -0.9 -5.15662 3.4377468 0.0
-6.54 7.6499996 -1.01 0.0 0.0 5.15662
-6.5899997 7.6299996 -0.96999997 -0.57295775 1.7188734 4.0107045
-6.91 7.75 -0.91999996 -1.7188734 2.8647888 1.1459155
-6.6299996 7.73 -0.89 -1.1459155 1.7188734 0.0
-6.75 7.8599997 -1.15 0.57295775 2.8647888 0.57295775
-6.71 7.77 -0.83 -2.8647888 2.291831 1.1459155
-6.47 7.8999996 -0.66999996 -2.291831 4.0107045 2.291831
-6.5499997 7.83 -1.0699999 3.4377468 1.7188734 1.1459155
-6.23 7.74 -1.62 5.7295775 2.291831 0.57295775
-6.39 7.6499996 -1.75 3.4377468 5.15662 0.0
-6.56 7.58 -1.5799999 -4.583662 4.0107045 -4.583662
-6.5 7.58 -1.29 -10.886198 4.583662 -3.4377468
-6.67 7.44 -1.0 -12.605071 2.8647888 -2.291831
-6.71 7.71 -0.79999995 -10.886198 1.1459155 -2.8647888
-6.35 7.5699997 -0.89 -4.583662 0.57295775 -0.57295775
-6.46 7.52 -1.3 0.0 -0.57295775 -0.57295775
-7.06 7.46 -1.17 0.0 0.0 -6.3025355
-7.04 7.31 -0.89 -4.583662 -2.291831 -5.7295775
-6.85 7.25 -1.0 -3.4377468 -1.1459155 -0.57295775
-6.93 7.41 -0.93 -1.7188734 0.0 0.0
-6.5099998 7.43 -0.93 -1.1459155 -1.1459155 2.291831
-6.62 7.5499997 -1.18 0.57295775 4.0107045 1.1459155
-6.72 7.72 -1.13 -2.291831 3.4377468 -1.1459155
-6.5899997 7.5299997 -0.74 -5.15662 1.7188734 0.0
-6.8399997 7.6299996 -1.09 -1.1459155 0.0 0.0
-6.72 7.68 -1.13 1.1459155 0.57295775 1.1459155
-6.47 7.75 -1.15 -1.1459155 3.4377468 0.57295775
-6.6 7.83 -1.24 -2.291831 2.8647888 -1.7188734
-6.58 7.71 -0.84999996 -5.15662 1.1459155 -0.57295775
-6.6 7.62 -0.75 -4.0107045 1.7188734 -0.57295775
-6.66 7.7 -1.42 0.57295775 3.4377468 -1.1459155
-6.81 7.69 -1.56 4.0107045 1.1459155 -0.57295775
-6.6 7.77 -1.42 0.57295775 -0.57295775 0.0
-6.23 7.75 -0.9 -5.7295775 0.0 1.1459155
-6.54 7.62 -0.45 -7.448451 1.7188734 -2.8647888
-6.89 7.66 -0.96 0.57295775 0.0 -5.7295775
