1.6855695 9.641745 1.5323359 -7.452025 -9.016175 6.692735
1.6544439 9.624985 1.6185298 -12.562025 -15.246174 3.962735
1.759792 9.620196 1.664021 -11.407025 -11.711175 5.3977356
1.5754328 9.615408 1.6951466 -8.677026 -6.111175 5.887735
1.6328955 9.569917 1.5323359 -4.7220254 -0.896175 4.4527354
1.6688095 9.696813 1.3216397 -0.41702503 0.43382502 4.242735
1.6065584 9.636956 1.403045 1.997975 0.43382502 3.6827347
1.6328955 9.553157 1.4365649 0.632975 1.3788251 2.772735
1.7119064 9.557945 1.4796618 -0.942025 2.253825 2.807735
1.4820561 9.584282 1.3838909 -0.55702496 2.4288251 3.052735
1.6089526 9.617802 1.3743137 1.4379749 0.46882498 2.562735
1.5275474 9.72315 1.2498114 2.3829749 -0.616175 3.2627351
1.2785428 10.027223 1.1875603 2.732975 -1.036175 3.3677351
1.2617828 10.759871 1.2306572 -0.907025 -2.1561751 7.077735
1.6807809 12.1605215 1.3072741 -7.452025 -2.8561752 14.497736
1.5299416 13.266677 1.4581133 -14.487024 -3.031175 16.737736
0.61293435 14.195655 1.7573977 -21.627026 1.203825 13.062735
-0.4836435 15.557998 2.439766 -26.177025 8.273825 10.857735
-0.29689008 16.46064 2.9114382 -27.822023 13.453826 18.662733
1.7382435 17.427927 2.545114 -22.712025 18.878824 32.69774
2.82285 17.281876 2.49244 -16.447025 19.718824 34.027733
1.9752767 16.714432 3.2083282 -12.632025 19.158825 15.862736
2.2242813 16.218817 2.9665065 1.647975 13.383825 -0.237265
2.9234095 15.610672 1.8364087 23.732977 3.338825 -6.3622646
3.991256 14.880418 1.7262721 30.452976 13.173824 -14.972266
4.0966043 13.977777 2.2123098 21.282976 24.653826 -28.412266
4.2139235 12.890776 2.6289136 16.872976 19.193825 -42.167267
3.9002736 12.122213 2.6767993 23.487976 13.698825 -59.772263
2.5115943 11.006481 2.2961094 36.507977 17.863825 -74.017265
2.0399222 10.345661 1.7741576 46.587975 22.378826 -73.072266
2.19555 9.744699 1.359948 53.307976 11.738825 -59.772263
1.4820561 8.894731 1.2833313 50.997974 -0.056174997 -46.367268
0.88588166 8.241094 1.6688095 41.547977 0.363825 -31.002266
1.6831752 7.728719 1.0439038 35.737976 5.963825 -7.902265
2.5115943 7.5683026 0.51716334 38.397976 -0.196175 16.877735
3.1460772 7.7574506 0.27055305 33.357975 -6.741175 28.112736
2.6145482 7.745479 0.7685622 18.727976 -14.791174 21.182735
1.8890828 7.7047763 0.9529214 5.742975 -17.066175 5.782735
3.2610023 8.080677 -0.31125572 2.1379752 -10.0661745 -2.057265
2.8300328 7.520417 -0.27055305 0.982975 -12.481175 -6.467265
0.9289786 7.7718163 1.4796618 -11.862024 -13.111175 -24.702265
0.05985687 7.573091 2.1740015 -25.022026 -7.7911754 -37.582264
0.24900457 7.7526617 1.7837347 -10.672026 -17.591175 -24.177265
1.8459859 7.2762012 0.48124924 13.057975 -26.481174 -4.682265
1.759792 7.058322 0.8284191 21.807976 -21.091175 15.127735
1.4820561 7.4701376 2.0231621 11.342975 -5.306175 25.627735
2.1931558 6.9888883 2.176396 2.4179752 3.058825 34.727734
3.4094474 7.190007 0.32562137 15.087975 3.4438252 42.35773
3.4429672 7.920261 -0.32801566 36.402977 5.1588254 40.362736
2.6001825 8.135746 0.14365649 44.137978 -3.346175 22.512735
1.9321798 7.620977 0.72546524 38.852978 -24.346174 -5.732265
1.2569942 7.362395 0.28252444 40.777977 -50.316177 -26.732264
1.1492519 7.8963184 -1.5012103 44.73298 -35.861176 -18.437265
1.6664152 8.2387 -2.0925963 31.607977 -21.581175 -12.872265
1.838803 8.006455 -1.0343267 1.332975 -19.726175 -22.322266
0.7637737 7.7047763 -0.04070267 -19.597025 -19.201174 -40.137264
-0.5219519 7.676045 -0.30646718 -20.157026 -19.936176 -48.327267
-0.9816527 7.788576 -1.3743137 -9.692025 -21.476173 -38.982265
-0.4764607 7.683228 -2.4948344 -1.9220251 -19.761175 -30.477266
-0.36871833 7.7119594 -1.1516461 -11.932026 -30.156174 -31.947264
-0.9984126 7.3169036 0.32562137 -25.932026 -42.336178 -44.512268
-1.7813405 7.233104 1.0486923 -24.112026 -46.256176 -52.772266
-2.238647 6.7877693 0.18914771 -7.8370247 -40.51618 -49.027264
-2.456526 7.2762012 0.03351985 6.617975 -32.536175 -37.022266
-2.0854135 7.563514 0.46927786 8.437975 -28.651175 -23.932266
-1.6137413 7.82449 0.08140534 6.547975 -22.211176 -13.642265
-1.6233183 8.22194 -0.4860378 7.8429756 -11.116175 -6.3622646
-1.472479 8.427847 -0.66321415 3.292975 1.4838251 -2.337265
-1.1947432 8.554744 -0.11492519 -9.657025 12.928825 0.28773502
-1.376708 8.813326 -0.052674048 -19.702026 20.103825 1.0927349
-1.56825 9.002473 -0.14605077 -19.142025 19.648825 -1.1472651
-1.6496553 9.177256 -0.23224466 -12.387025 11.668826 -1.392265
-1.6017698 9.165284 -0.17238778 -5.002025 1.7288251 -0.93726504
-1.2234744 9.270632 -0.4189981 1.4029751 -6.321175 -0.412265
-1.1444633 9.39274 -0.21069619 5.392975 -9.331175 0.987735
-1.2043202 9.337671 0.05506832 4.6229753 -9.296175 0.847735
-1.2593886 9.419077 -0.047885496 5.357975 -12.131175 0.007735
-1.0008069 9.373586 -0.50998056 10.082974 -14.826176 -0.727265
-1.0008069 9.435837 -0.4836435 10.187975 -10.801175 0.077735
-0.9289786 9.632168 -0.2370332 2.7679749 -1.8411751 0.987735
-0.83081335 9.598648 -0.14126222 -3.6370249 3.163825 1.337735
-0.8643332 9.665688 -0.15562786 -4.5820246 3.758825 0.95273495
-0.6273 9.749487 -0.06464542 -2.412025 1.658825 0.46273497
-0.6392714 9.737515 -0.39505535 0.667975 -1.281175 1.162735
-0.6943397 9.785401 -0.6656084 3.9929752 -1.4211751 1.267735
-0.60335726 9.90272 -0.6751855 4.237975 1.4838251 1.932735
-0.6368771 10.027223 -0.50040346 0.527975 2.9538252 3.542735
-0.63208854 9.850046 -0.5411061 -2.4470253 2.218825 1.827735
-0.69673395 9.93624 -0.45012367 -3.707025 2.008825 -1.077265
-0.7206767 9.955395 -0.21787901 -5.3170247 2.673825 0.25273502
-0.34477556 9.931452 -0.18196489 -4.8270254 0.293825 2.5977352
-0.12210801 10.029617 -0.36632404 -1.782025 -3.4161751 2.807735
-0.38547826 10.012857 -0.22745611 -1.397025 -4.011175 -1.7772651
-0.44054657 9.912297 -0.0023942748 -4.267025 -3.381175 -4.962265
-0.50040346 9.687236 0.15562786 -4.6170254 -2.751175 -4.647265
-0.6488485 9.797373 0.2944958 -1.817025 -3.4161751 -3.1772652
-0.6392714 9.830893 0.17478207 3.292975 -6.4961753 -2.197265
-0.54350036 9.897932 -0.16520496 9.067975 -10.206175 -2.127265
-0.5794145 9.768641 -0.59378016 9.627975 -7.4061756 -3.212265
-0.70870537 9.818921 -0.11492519 1.0529749 1.7638249 -3.387265
-0.72785956 9.744699 0.08858817 -5.8420253 6.453825 -1.847265
-0.8044763 9.802161 -0.22985038 -2.3070252 4.3538246 -1.287265
-0.7948992 9.749487 -0.38068968 2.487975 -0.266175 -2.127265
-0.89067024 9.687236 -0.4189981 1.8229749 -0.861175 -3.7022653
-1.0247496 9.641745 -0.105348095 -2.097025 1.238825 -3.9122648
-0.8667275 9.684841 -0.045491222 -3.4970248 1.7288251 -2.512265
-0.7709565 9.840469 -0.2681588 -0.277025 -0.826175 -0.447265
-0.69912827 9.787795 -0.2657645 2.312975 -2.6111748 -0.237265
-0.7853221 9.687236 -0.14126222 1.017975 -2.506175 -1.532265
-0.9984126 9.641745 -0.13886794 -0.487025 -1.281175 -3.0022652
-0.9960183 9.591465 -0.2370332 0.037975002 0.643825 -3.072265
-0.9577099 9.60583 -0.15083931 -0.242025 3.0238252 -0.86726505
-0.97446984 9.603436 -0.16759923 -1.2920251 3.338825 0.882735
-0.967287 9.641745 -0.16281068 -0.837025 1.5888251 1.0577351
-0.76616794 9.742304 -0.1699935 0.56297505 0.048825 1.6877351
-0.7398309 9.725544 -0.19633053 2.2429752 -1.7011751 2.5977352
-0.7709565 9.77343 -0.37829542 3.537975 -2.5761752 1.897735
-0.67757976 9.799767 -0.45970076 4.097975 -1.9461751 1.232735
-0.6105401 9.852441 -0.18675344 1.8229749 0.048825 2.072735
-0.70631105 9.802161 -0.16041641 -1.9570248 2.4288251 2.7377348
