4.02 8.51 2.1499999 -0.57295775 -3.4377468 1.7188734
4.08 8.47 2.1 5.15662 -12.032113 2.8647888
4.0 8.74 2.29 13.750987 -14.896902 3.4377468
4.0 8.75 1.6999999 14.896902 -13.178029 5.15662
4.1 8.82 1.62 16.615776 -8.594366 5.15662
3.79 8.7699995 1.2099999 16.042818 -8.021409 4.583662
3.83 9.07 1.09 11.459155 -9.740283 4.583662
3.7099998 9.349999 0.91999996 5.15662 -8.594366 5.15662
4.0499997 9.88 0.79999995 -5.15662 -6.8754935 5.15662
3.79 10.2699995 1.6899999 0.0 2.8647888 5.15662
3.3 11.45 2.6799998 15.469859 0.0 7.448451
3.1299999 12.98 1.5699999 18.334648 -5.7295775 9.167324
3.6 14.2699995 -0.21 1.1459155 1.7188734 6.3025355
3.77 15.74 -0.03 -6.8754935 -5.15662 -6.8754935
6.19 17.359999 0.02 -8.021409 -20.62648 -20.62648
6.2 17.22 -0.11 -20.62648 -15.469859 -36.669296
5.42 17.109999 0.82 -30.939718 -17.761692 -45.263664
4.5299997 16.92 1.49 -42.971836 -35.523384 -30.939718
5.91 15.469999 1.8199999 -50.993244 -28.64789 -26.929016
7.99 14.42 2.9399998 -33.231552 -12.032113 -63.02536
8.13 14.58 4.4 -1.7188734 -20.053522 -77.922264
8.12 14.059999 5.25 29.793804 -13.750987 -85.94367
8.13 12.96 4.2 41.25296 -1.7188734 -93.96508
7.89 11.66 3.21 37.815212 3.4377468 -100.26762
6.47 10.349999 2.87 34.377464 6.3025355 -86.516624
5.68 9.09 2.3799999 37.815212 3.4377468 -66.463104
6.17 8.3 1.5699999 36.09634 -6.3025355 -64.74423
5.7 7.52 0.79999995 29.220846 -4.583662 -63.598316
5.2599998 6.83 0.32 11.459155 4.0107045 -70.47381
3.46 5.72 0.63 -1.7188734 12.032113 -57.868736
2.97 4.94 0.95 -17.761692 16.042818 -38.38817
2.72 4.24 1.02 -26.356058 7.448451 -32.085636
1.91 3.54 1.02 -23.49127 4.583662 -21.772396
1.79 3.36 1.52 -12.605071 8.594366 -18.334648
2.05 2.72 1.3 -4.583662 18.907606 -28.07493
1.8299999 2.48 0.91999996 1.1459155 17.761692 -42.971836
-0.96 3.3899999 0.37 15.469859 1.7188734 -44.11775
-1.31 3.9399998 -0.01 18.907606 -13.178029 -48.701412
-1.5 4.04 -0.42 7.448451 -17.188732 -46.98254
-1.24 4.54 0.07 -9.740283 -13.178029 -44.69071
-1.49 5.08 1.0 -18.334648 0.0 -44.69071
-2.4099998 5.3399997 1.4499999 -16.615776 8.021409 -32.085636
-2.7 6.0499997 1.77 -10.31324 8.594366 -21.199438
-2.36 6.27 1.49 -4.0107045 5.15662 -16.042818
-1.6999999 6.5699997 1.3199999 0.0 -1.7188734 -17.188732
-1.65 7.04 1.53 8.594366 -6.8754935 -16.615776
-1.73 7.6 1.64 16.042818 -9.740283 -14.896902
-2.06 8.179999 0.82 11.459155 0.57295775 -5.15662
-1.3199999 8.599999 0.48999998 0.0 4.583662 -1.1459155
-0.84 8.429999 0.42999998 -10.31324 5.15662 -4.0107045
-1.39 8.51 1.0799999 -13.750987 5.7295775 -6.3025355
-2.03 8.82 1.92 -6.3025355 -3.4377468 0.0
-1.27 8.83 2.1499999 6.3025355 -1.7188734 0.0
-1.25 8.58 1.64 7.448451 2.291831 0.57295775
-1.7199999 9.01 1.5699999 9.740283 -4.583662 4.583662
-1.28 9.2 1.53 11.459155 -6.8754935 3.4377468
-0.90999997 9.349999 1.3299999 10.886198 -2.291831 3.4377468
-0.81 9.51 1.04 3.4377468 3.4377468 3.4377468
-1.1 9.17 0.57 -10.31324 10.31324 6.3025355
-1.28 9.34 1.3399999 -13.750987 1.7188734 8.594366
-1.0 9.15 1.86 -9.167324 3.4377468 6.8754935
-1.27 9.139999 1.68 -1.1459155 11.459155 6.8754935
-1.25 9.23 1.4399999 4.583662 3.4377468 10.31324
-0.96 9.45 1.2099999 12.032113 -8.021409 14.896902
-0.35999998 9.84 1.06 6.3025355 -6.8754935 13.750987
-0.06 10.309999 0.96999997 -5.15662 0.0 13.178029
0.29999998 10.599999 1.4 -8.021409 2.8647888 9.167324
0.69 10.559999 2.07 2.291831 5.15662 0.57295775
0.28 10.11 1.9599999 14.323945 3.4377468 -2.8647888
-0.45999998 10.059999 1.35 14.323945 -1.7188734 0.0
-0.53999996 9.83 0.29 4.0107045 0.57295775 2.8647888
-0.42999998 9.99 0.59999996 -5.15662 -1.1459155 4.583662
0.12 10.21 1.62 -6.3025355 -2.291831 2.8647888
0.34 9.94 1.91 1.1459155 3.4377468 -2.291831
-0.25 9.74 1.37 5.15662 4.0107045 -7.448451
-0.88 9.559999 1.1999999 3.4377468 -2.291831 -1.7188734
-0.81 9.48 1.31 1.7188734 4.0107045 1.7188734
-0.71999997 9.42 1.13 -1.1459155 4.583662 5.7295775
-0.53 9.53 1.23 0.57295775 0.0 5.7295775
-0.21 9.849999 1.64 8.021409 0.0 1.7188734
0.03 9.889999 1.55 15.469859 0.0 -2.291831
-0.95 9.5 1.28 17.188732 -1.7188734 6.8754935
-0.9 9.4 1.12 13.750987 0.0 12.605071
-0.48999998 9.38 0.9 8.594366 0.0 9.740283
-0.22 9.57 1.05 6.3025355 0.57295775 2.291831
-0.39 9.719999 1.16 10.886198 -0.57295775 1.7188734
-0.21 9.78 0.97999996 16.042818 -4.583662 -2.291831
-0.25 9.69 0.61 12.605071 -3.4377468 -3.4377468
-0.41 9.86 0.53 6.8754935 0.0 -2.291831
-0.47 9.67 0.48 2.291831 1.1459155 -1.1459155
-0.56 9.48 0.39999998 -1.7188734 0.0 -1.1459155
-0.66999996 9.469999 0.66999996 -3.4377468 0.0 0.0
-0.48999998 9.34 0.71999997 -0.57295775 3.4377468 -1.1459155
-0.59 9.5 0.63 -2.291831 -0.57295775 0.0
-0.39 9.5199995 1.04 -2.8647888 -5.15662 -0.57295775
-0.48999998 9.54 1.54 2.291831 -2.291831 -1.1459155
-0.65999997 9.73 1.51 8.021409 -2.291831 0.0
-0.47 9.67 0.90999997 6.3025355 0.57295775 2.8647888
-0.35 9.69 0.38 1.7188734 -2.8647888 2.291831
-0.38 10.01 0.66999996 0.57295775 -5.15662 1.1459155
-0.01 9.969999 0.84 -1.7188734 1.1459155 -2.291831
-0.099999994 9.7 0.81 -4.0107045 4.583662 -3.4377468
-0.42 9.65 0.9 -4.583662 1.7188734 -3.4377468
-0.81 9.55 1.28 0.0 -2.291831 2.8647888
-0.39 9.7 1.43 4.0107045 -4.0107045 2.291831
-0.16 9.62 1.15 6.3025355 0.0 0.0
-0.31 9.679999 0.81 4.583662 2.291831 -1.1459155
-0.51 9.61 1.0 2.8647888 0.0 -2.291831
-0.66999996 9.37 1.16 6.8754935 0.0 -2.291831
-0.77 9.48 0.94 6.3025355 1.7188734 -1.1459155
-0.68 9.51 0.66999996 2.8647888 -3.4377468 1.1459155
-0.62 9.42 0.89 1.7188734 -4.583662 2.8647888
-0.44 9.66 1.61 9.167324 -2.291831 4.583662
-0.53999996 9.78 1.8199999 17.761692 -0.57295775 5.7295775
-0.24 9.71 0.38 18.907606 -0.57295775 3.4377468
-0.21 9.9 0.21 15.469859 -3.4377468 1.7188734
-0.35999998 9.86 0.0 9.167324 -1.1459155 0.57295775
-0.48999998 9.809999 -0.16 0.0 0.57295775 2.8647888
-0.26 9.79 0.11 -5.7295775 0.0 1.7188734
-0.39999998 9.599999 0.65999997 -2.291831 -3.4377468 0.57295775
-0.35999998 9.76 1.11 1.7188734 -2.291831 0.57295775
-0.28 9.61 0.83 2.291831 0.0 0.0
-0.52 9.62 0.78 2.8647888 -1.7188734 1.7188734
-0.55 9.58 0.79999995 4.583662 -2.8647888 3.4377468
-0.14 9.63 0.89 6.3025355 1.1459155 0.0
-0.26999998 9.679999 0.16 -0.57295775 1.1459155 2.8647888
-0.24 9.78 0.59999996 -1.7188734 -1.1459155 2.8647888
-0.07 9.679999 0.77 1.7188734 -0.57295775 0.0
-0.25 9.76 0.71 5.7295775 -3.4377468 -2.291831
-0.26999998 9.84 0.59 4.0107045 -1.7188734 -1.7188734
-0.26999998 9.7699995 0.59999996 1.1459155 1.7188734 -0.57295775
-0.38 9.639999 0.53999996 0.57295775 0.57295775 0.0
-0.52 9.679999 0.59999996 1.7188734 -1.1459155 1.7188734
-0.37 9.679999 0.55 1.7188734 0.57295775 1.7188734
-0.22 9.78 0.39 0.57295775 0.0 0.0
-0.13 9.809999 0.35 0.0 -3.4377468 -2.291831
-0.21 9.67 0.58 0.0 0.0 -2.291831
-0.45999998 9.5 0.58 -1.1459155 4.583662 -1.7188734
-0.72999996 9.389999 0.48999998 -2.291831 2.8647888 0.57295775
-0.53999996 9.48 0.74 -0.57295775 -1.1459155 1.7188734
-0.24 9.73 0.79999995 2.8647888 -0.57295775 0.57295775
-0.06 9.82 0.5 1.7188734 1.7188734 -1.7188734
-0.41 9.59 0.29999998 -3.4377468 0.0 0.0
-0.77 9.599999 0.84 -0.57295775 -2.291831 1.7188734
-0.56 9.58 1.13 3.4377468 -0.57295775 2.291831
-0.26 9.55 0.81 4.583662 -0.57295775 1.7188734
-0.39999998 9.599999 0.55 3.4377468 -2.291831 1.7188734
-0.41 9.67 0.59 2.291831 -1.7188734 2.291831
-0.22 9.79 0.72999996 4.583662 0.0 0.0
-0.29 9.7699995 0.45 2.8647888 1.7188734 0.0
-0.37 9.74 0.29999998 -0.57295775 2.291831 1.1459155
-0.47 9.809999 0.42999998 -2.291831 -0.57295775 2.291831
-0.14 9.87 0.76 -2.291831 -1.1459155 2.291831
0.14 9.8 0.90999997 0.57295775 3.4377468 -1.7188734
-0.22999999 9.84 0.75 2.291831 0.0 -2.291831
-0.35999998 9.79 0.65999997 2.291831 -1.7188734 -1.1459155
-0.39999998 9.63 0.65999997 1.7188734 1.7188734 0.0
-0.45 9.679999 0.55 -0.57295775 3.4377468 1.1459155
-0.35 9.679999 0.32 -4.583662 0.57295775 1.1459155
-0.14999999 9.63 1.11 -2.291831 -1.1459155 -1.7188734
-0.26 9.74 1.16 2.8647888 1.7188734 -2.291831
-0.28 9.5 0.74 4.583662 2.291831 -2.8647888
-0.72999996 9.4 0.51 4.583662 0.0 -1.7188734
-0.71 9.49 0.53 2.8647888 -3.4377468 1.7188734
-0.35999998 9.59 0.69 2.291831 -2.291831 2.291831
-0.22999999 9.71 0.68 1.7188734 0.57295775 1.1459155
-0.22999999 9.63 0.66999996 2.291831 1.1459155 0.57295775
