4.46 8.2 2.27 1.7188734 -17.188732 1.1459155
4.35 8.11 2.47 4.583662 -19.480566 4.0107045
3.8899999 7.98 1.5899999 -4.0107045 -20.053522 9.740283
3.4299998 8.26 1.36 -14.323945 -24.637184 14.896902
3.8999999 8.45 2.37 -10.886198 -18.334648 16.615776
5.2 10.26 3.35 8.021409 -6.8754935 14.323945
5.35 11.32 1.63 -7.448451 -7.448451 6.3025355
4.8199997 12.21 2.55 -26.929016 1.1459155 0.57295775
4.35 13.25 4.98 -19.480566 6.3025355 3.4377468
5.5499997 14.46 5.42 -1.1459155 -3.4377468 1.1459155
6.69 15.589999 4.18 -12.605071 -8.594366 -20.62648
6.87 16.699999 5.04 -13.178029 4.0107045 -36.09634
7.6099997 16.99 6.17 -1.7188734 16.615776 -54.43099
8.86 16.34 5.6299996 5.15662 32.085636 -78.49522
7.91 15.13 4.85 18.907606 36.09634 -89.95437
6.5099998 14.349999 5.49 45.83662 28.07493 -88.2355
6.5499997 14.179999 4.49 42.398876 21.199438 -98.54874
8.16 12.84 1.5 22.345354 31.51268 -117.456345
6.31 12.2 2.72 24.637184 29.220846 -119.74818
5.96 11.559999 2.62 33.80451 17.761692 -114.59156
5.87 10.76 1.28 23.49127 20.62648 -116.31043
4.77 10.36 2.22 20.62648 25.7831 -112.29972
4.11 10.03 3.03 42.398876 4.0107045 -95.11099
5.2799997 9.09 0.63 23.49127 14.323945 -96.256905
5.33 8.58 0.29999998 16.615776 21.772396 -97.402824
4.37 8.21 1.65 28.64789 12.605071 -96.256905
4.0899997 7.5099998 1.9699999 36.669296 10.886198 -97.97578
2.45 6.71 1.13 29.793804 12.032113 -79.641136
1.65 5.75 0.98999995 30.366762 4.583662 -68.75493
1.5699999 5.39 0.90999997 34.377464 0.0 -63.598316
1.28 4.81 0.56 29.220846 -2.8647888 -62.4524
0.65999997 4.25 0.9 24.064226 4.0107045 -65.890144
-0.53999996 4.52 1.63 28.64789 13.750987 -65.890144
-0.51 3.9499998 1.81 48.701412 13.178029 -63.598316
-1.02 3.73 0.26999998 42.398876 9.167324 -66.463104
-2.1299999 3.5 -1.06 29.220846 -1.7188734 -67.03606
-2.8999999 3.36 -0.83 24.637184 -5.15662 -64.17127
-3.6999998 3.5 -0.44 19.480566 1.1459155 -58.441692
-4.42 3.57 -1.27 6.3025355 4.583662 -47.555496
-5.04 4.5499997 -1.0 -7.448451 -13.750987 -33.231552
-5.0 5.1099997 -0.48999998 -10.31324 -26.356058 -25.210142
-4.5899997 5.42 -0.26 -16.042818 -22.345354 -18.334648
-4.4 5.98 0.41 -19.480566 -14.896902 -16.615776
-4.7999997 6.52 1.23 -16.042818 -6.8754935 -12.032113
-4.6 6.77 1.26 -8.594366 -1.7188734 -6.8754935
-4.22 7.2 1.28 -4.583662 -6.3025355 -8.594366
-3.48 7.25 1.4 0.0 -5.15662 -14.323945
-3.73 7.1299996 1.27 2.8647888 -1.7188734 -14.323945
-4.72 7.2999997 1.0699999 7.448451 -6.3025355 -9.740283
-5.18 7.46 1.14 9.740283 -11.459155 -2.8647888
-4.7599998 7.3199997 0.84999996 1.1459155 6.3025355 0.0
-5.43 7.8599997 1.0799999 -1.7188734 11.459155 9.167324
-4.73 8.08 1.53 8.021409 3.4377468 16.615776
-4.14 8.53 1.22 22.91831 -2.291831 19.480566
-3.73 8.79 -0.099999994 24.637184 -1.7188734 19.480566
-3.11 8.95 -0.90999997 12.032113 -1.7188734 14.896902
-2.6599998 9.059999 -0.45 0.57295775 -0.57295775 4.0107045
-2.9299998 9.21 0.19999999 2.291831 0.0 -0.57295775
-3.3999999 9.26 0.38 5.15662 -1.1459155 -1.1459155
-3.46 9.24 0.45999998 5.7295775 -2.291831 -2.291831
-3.3799999 9.17 0.37 2.291831 5.15662 -4.583662
-3.9299998 9.0199995 0.34 5.7295775 2.8647888 6.3025355
-3.8899999 9.17 0.42999998 11.459155 -2.8647888 11.459155
-3.3999999 9.24 -0.03 11.459155 -0.57295775 12.032113
-2.99 9.46 -0.51 6.3025355 -2.291831 9.167324
-2.97 9.66 -0.35999998 -1.1459155 -2.291831 4.583662
-3.01 9.66 0.14 -3.4377468 0.0 2.291831
-2.98 9.7 0.14999999 -6.8754935 2.8647888 -1.1459155
-2.86 9.5 0.11 -9.740283 5.15662 -5.7295775
-3.1599998 9.28 0.48999998 -6.8754935 4.583662 -5.7295775
-3.53 9.22 0.93 0.0 2.291831 -2.8647888
-3.53 9.16 1.11 6.8754935 2.8647888 -1.1459155
-3.5 9.11 0.84999996 6.8754935 8.594366 -1.1459155
-3.27 9.05 -0.26999998 -11.459155 22.91831 -2.291831
-3.1799998 9.08 -0.22 -23.49127 26.356058 -6.3025355
-3.6599998 8.98 0.44 -24.064226 20.053522 -6.3025355
-3.6999998 8.96 1.0699999 -13.178029 8.021409 -5.7295775
-3.81 8.75 1.13 -1.7188734 3.4377468 -5.15662
-4.11 8.73 0.84 6.3025355 0.0 2.291831
-3.97 8.84 0.22999999 1.7188734 1.1459155 6.3025355
-3.46 9.099999 0.29 0.0 2.8647888 5.15662
-3.21 9.29 0.63 2.291831 3.4377468 2.8647888
-2.9399998 9.23 0.65999997 4.583662 7.448451 0.0
-3.23 9.22 0.39999998 6.3025355 8.021409 0.57295775
-3.3 9.26 0.02 6.3025355 4.583662 1.7188734
-3.26 9.2 -0.29 2.291831 5.7295775 0.57295775
-3.21 9.22 -0.089999996 0.57295775 5.7295775 0.0
-3.22 9.17 0.11 2.291831 4.0107045 -2.291831
-3.49 9.11 -0.04 3.4377468 3.4377468 -1.7188734
-3.48 9.139999 -0.22999999 0.57295775 3.4377468 0.0
-3.21 9.19 -0.35999998 -7.448451 5.15662 -2.8647888
-3.1899998 9.099999 -0.099999994 -9.167324 6.3025355 -3.4377468
-3.56 9.099999 0.28 -6.3025355 2.291831 -2.8647888
-3.6399999 9.04 0.48 -2.8647888 0.0 -1.1459155
-3.6699998 9.05 0.62 -0.57295775 0.57295775 0.0
-3.51 9.0 0.56 0.0 1.7188734 0.0
-3.7099998 9.01 0.39999998 1.1459155 -1.7188734 1.1459155
-3.5 9.099999 0.44 2.291831 -1.1459155 1.7188734
-3.4299998 9.13 0.34 2.8647888 0.0 1.1459155
-3.53 9.11 0.21 2.291831 0.0 1.1459155
-3.4199998 9.0 0.24 0.57295775 -0.57295775 0.0
-3.49 8.99 0.5 2.8647888 -1.7188734 0.57295775
-3.53 9.05 0.66999996 5.15662 -1.1459155 0.0
-3.36 8.94 0.45999998 3.4377468 1.7188734 -0.57295775
-3.6399999 8.98 0.42999998 3.4377468 2.8647888 0.0
-3.81 8.95 0.69 8.594366 1.1459155 3.4377468
