1.4365649 9.550762 1.1827718 2.588915 -1.852655 -1.85248
1.359948 9.474146 1.2138973 2.483915 -2.797655 -1.95748
1.462902 9.466963 1.3000913 0.768915 -2.727655 -0.83747995
1.5179702 9.553157 1.4389591 -1.051085 -1.1526549 0.87752
1.4605076 9.646533 1.4006507 -1.226085 -0.837655 1.3675201
1.4820561 9.598648 1.3264283 -0.176085 0.002345 0.91252
1.5897985 9.512454 1.3192455 0.418915 -0.067655 1.0175201
1.4964218 9.536397 1.3791022 -0.001085 0.387345 1.1225201
1.3288225 9.502876 1.4006507 -0.281085 0.632345 0.9825199
1.5227587 9.495694 1.3431882 0.068915 -0.102655 1.57752
1.6496553 9.4932995 1.4198049 0.068915 -0.452655 3.1875203
1.7166951 9.569917 1.3144568 0.34891498 -0.102655 3.50252
1.5275474 9.452597 1.3120626 1.608915 -0.382655 2.69752
1.5203645 9.423865 1.2905141 1.3639151 -0.277655 1.57752
1.4916332 9.287392 1.3623424 0.208915 -0.032655 2.41752
1.4652961 9.143736 1.4485363 -0.631085 0.14234501 3.57252
1.6257126 9.100638 1.4557191 0.033915002 0.52734506 5.14752
1.7023294 9.047964 1.3958622 1.678915 1.437345 7.73752
1.5826156 8.921068 1.2641771 4.5839148 1.9623449 9.767521
1.7047237 8.858817 1.3264283 7.8739157 1.787345 11.09752
2.011191 9.033599 1.0055954 10.673916 1.5073451 13.5825205
1.7238779 9.09585 0.8786988 13.543915 1.227345 15.92752
1.4868447 9.138947 0.89545876 13.718916 1.4723449 16.34752
1.3695252 9.474146 0.84996754 10.183914 1.437345 18.86752
1.7813405 10.111023 0.8236305 6.053915 -0.732655 24.64252
2.3152637 10.735929 1.0199611 -1.226085 -6.017655 31.222519
3.1963568 11.760678 1.1947432 -12.531085 -6.227655 36.40252
2.9569294 12.668108 1.2522057 -22.296085 -3.567655 27.687521
1.7909175 13.345688 1.6616267 -22.331087 -6.612655 13.022521
0.94573855 13.968199 2.1452703 -23.871084 -3.672655 4.6575203
2.0231621 14.504517 2.2841382 -21.246086 -0.487655 6.40752
2.8013015 15.246742 2.2458298 -14.001085 -1.2226549 4.62252
2.1835787 15.751934 2.456526 -5.1460853 -1.292655 -8.18748
1.3216397 15.821368 2.6839821 0.313915 5.147345 -20.57748
0.41420954 15.775877 2.8300328 4.8289146 17.607346 -24.672482
1.8004947 15.751934 2.5115943 15.153915 29.157343 -18.96748
4.4916596 15.926716 1.2498114 28.523914 25.937346 -7.6624804
4.661653 15.656163 0.32562137 41.718914 15.997346 -11.267481
2.8587642 14.569162 0.6703969 40.178917 15.262344 -34.33248
1.5658557 13.673703 1.9680939 22.328917 28.597345 -47.21248
3.7422516 13.774263 1.8771114 12.913915 35.562344 -33.387478
5.995264 12.969787 1.1013664 19.108915 21.667345 -18.93248
3.5698638 12.6561365 1.6448668 29.048914 0.91234505 -37.902477
1.7190893 11.8301115 1.8220432 34.718918 -5.037655 -62.47248
2.7390504 10.769448 1.8459859 41.123917 0.387345 -53.30248
4.989669 9.893144 0.6153286 43.818916 7.737345 -22.29248
3.9242165 9.344854 0.35674694 45.183914 8.962344 -6.5424805
2.1476645 8.976136 1.3168511 37.413914 5.042345 -10.427481
2.7582045 7.9394155 1.5131817 27.788916 4.587345 0.03752
6.201172 8.437425 0.65124273 24.183916 4.062345 32.93752
8.075889 7.8460383 -0.28970724 20.998915 5.707345 52.222523
5.7223167 7.563514 0.56265455 11.898915 16.277346 30.207523
2.9593236 7.228316 1.6807809 -4.131085 13.967345 -12.387481
0.9529214 6.100612 1.7071179 -5.426085 3.922345 -37.97248
2.1045675 5.377541 0.94573855 10.498915 -9.2726555 -30.517479
2.9521408 5.777385 0.17478207 27.298916 -15.922656 -7.1024804
1.908237 5.784568 -0.31125572 31.603916 -7.767655 2.62752
1.324034 5.830059 -0.20351335 18.233915 9.172345 -4.19748
1.4796618 6.0072355 0.22027329 2.273915 11.832345 -0.20748
2.2530127 6.366377 -0.18675344 -9.241085 12.147346 5.21752
1.4317763 6.4525704 -0.86193895 -14.211085 24.712345 -1.6774801
0.5411061 6.244269 -0.91461295 -16.311085 32.447342 -24.42748
0.0 5.9856873 -0.60335726 -21.666086 22.157345 -41.96248
-0.9912298 5.0423427 -0.50040346 -26.181086 8.787345 -51.13248
-1.8244374 4.5874305 -0.038308397 -29.576086 1.367345 -62.75248
-2.971295 4.4653225 -0.59378016 -35.141083 0.14234501 -69.82248
-4.0151987 4.846012 0.505192 -53.481083 17.572346 -66.672485
-3.6225379 5.401484 1.7286664 -56.56109 17.537346 -47.66748
-3.1341057 6.3352513 1.9848539 -38.291084 11.167345 -23.762482
-3.0550947 6.9577627 0.85236186 -8.471085 9.382345 -9.65748
-2.4469488 7.6688623 0.20111908 13.543915 -0.87265503 -2.79748
-1.6712039 8.382356 0.03351985 21.173916 -12.107656 4.93752
-0.9505271 8.851634 0.21548474 19.773914 -14.662656 6.6175203
-0.9912298 9.076695 0.36871833 16.168915 -11.022655 0.24752
-1.3096683 9.086273 0.14365649 14.243915 -6.367655 -8.57248
-1.1875603 9.098245 0.31604427 14.068915 -8.292655 -9.622479
-1.2258687 9.234718 0.28970724 14.628915 -10.637655 -8.57248
-1.0247496 9.586677 0.11013664 16.098915 -9.2726555 -6.2624803
-0.4932206 9.703996 -0.25379312 16.973915 -6.0526547 -2.27248
-0.68236834 9.818921 -0.20590763 14.733915 -3.742655 -1.4324801
-0.88588166 9.7135725 -0.057462595 9.308915 -0.66265506 -3.49748
-0.41181526 9.799767 -0.009577099 6.193915 -1.7126551 -4.02248
-0.40223816 9.912297 -0.34477556 8.258915 -8.187655 -3.70748
-0.53392327 10.13736 -0.60335726 11.4089155 -12.667655 -7.83748
-0.43336374 9.883567 -0.4189981 8.188914 -13.332655 -10.602481
-0.67757976 9.644139 -0.22506183 -1.051085 -10.252655 -11.05748
-0.9241901 9.581888 -0.011971374 -8.261085 -5.002655 -12.387481
-0.9696813 9.42626 0.0047885496 -11.271085 -2.447655 -13.507481
-0.91700727 9.4142885 0.10055954 -12.426085 -2.237655 -12.4574795
-1.0032011 9.624985 0.39266106 -15.996086 1.367345 -9.342481
-1.0462981 9.646533 0.37590113 -20.791086 11.9373455 -4.68748
-0.9601042 9.598648 0.5027977 -22.331087 21.177347 0.00252
-1.0343267 9.653716 0.9074302 -20.511086 19.847345 1.05252
-1.0032011 9.569917 0.8044763 -14.561086 9.347345 -1.64248
-0.92658436 9.711179 0.5219519 -1.8910851 -4.267655 -3.70748
-0.7781393 9.883567 0.46209505 9.973914 -13.437655 -3.04248
-0.5985687 9.869201 0.6249057 11.8639145 -15.572656 -0.66248
-0.5770202 9.948212 0.9696813 6.928915 -13.052655 1.08752
-0.47885495 9.845258 0.65842557 3.358915 -10.497655 1.9625201
-0.4860378 9.816526 0.45491222 5.0739155 -8.012655 1.6125201
-0.60335726 9.759064 0.76616794 5.318915 -4.197655 0.35252
-1.0606637 9.692024 1.0008069 0.068915 -1.3976551 -0.90748006
-0.90982443 9.864412 1.0391153 -1.296085 0.282345 -0.06748
-0.71828246 9.943423 0.9505271 3.7439148 -2.972655 2.03252
-0.4956149 9.948212 0.8044763 8.363915 -5.912655 1.2275201
-0.49800915 9.948212 0.5818088 10.778915 -7.907655 0.77252
-0.7541966 9.8548355 0.53871185 9.798915 -5.212655 -2.13248
-0.9912298 9.694419 0.74222517 5.773915 -1.782655 -4.44248
-1.0678465 9.687236 0.86193895 4.513915 -0.80265504 -3.2174802
-0.9768641 9.677659 0.55307746 7.9439154 -0.767655 -1.15248
-0.8356019 9.735122 0.37350687 11.093915 -0.627655 0.9825199
-0.679974 9.967366 0.21069619 10.848915 -0.80265504 2.0675201
-0.74701375 9.909904 0.11013664 10.008915 -1.3976551 0.66752
-0.88588166 9.778218 0.16041641 8.608914 -2.552655 -2.20248
-0.9960183 9.692024 0.2681588 5.668915 -2.482655 -3.9874802
-0.9816527 9.627379 0.1987248 3.428915 -0.627655 -2.9024801
-1.0391153 9.718362 0.16759923 3.778915 0.002345 -0.83747995
-0.9289786 9.634562 0.25858167 5.108915 -1.2226549 -0.20748
-0.95531565 9.462174 0.20351335 6.683915 -2.937655 -0.13747999
-1.0391153 9.529214 0.028731298 9.203916 -4.022655 0.31752
-0.89545876 9.624985 -0.29689008 11.443914 -3.567655 2.83752
-0.90503585 9.735122 -0.24900457 11.058915 -1.607655 3.85252
-0.84996754 9.715967 -0.09337672 6.578915 -0.55765504 2.3825197
-0.86912173 9.842864 -0.08858817 2.553915 -0.172655 1.6825202
-0.9481328 9.826104 -0.14605077 1.818915 0.45734504 1.54252
-0.7972935 9.742304 -0.12210801 2.343915 -0.207655 0.77252
-0.6656084 9.893144 -0.03351985 2.5189152 -2.2726552 1.4025201
-0.7015225 9.91948 -0.083799616 1.4339151 -1.747655 1.9625201
-0.68715686 9.96976 -0.045491222 -0.21108499 1.017345 1.6125201
