3.74 9.04 0.02 -5.7295775 -6.8754935 1.7188734
4.08 9.16 0.29 -13.178029 -18.907606 3.4377468
4.0499997 9.16 0.31 -6.8754935 -8.021409 3.4377468
4.0 9.32 -0.22 -6.8754935 -8.021409 3.4377468
4.0 9.32 -0.22 2.8647888 -8.021409 -2.8647888
3.61 9.349999 0.11 -1.1459155 -6.8754935 -2.8647888
4.0099998 9.49 0.13 -1.1459155 -6.8754935 -2.8647888
4.0099998 9.49 0.13 -2.8647888 -6.3025355 0.57295775
3.84 9.95 0.29999998 -2.291831 -3.4377468 2.291831
3.7099998 9.98 0.9 -2.291831 -3.4377468 2.291831
3.7099998 9.98 0.9 -8.021409 -3.4377468 1.1459155
3.84 10.23 0.44 0.0 0.0 -1.1459155
3.6299999 10.389999 0.19 0.0 0.0 -1.1459155
3.6299999 10.389999 0.19 8.021409 1.7188734 -6.8754935
3.79 10.639999 0.0 2.291831 0.57295775 -9.740283
3.6399999 10.559999 -0.19999999 2.291831 0.57295775 -9.740283
3.6399999 10.559999 -0.19999999 -4.583662 0.0 -11.459155
3.27 10.48 0.22999999 -14.323945 -1.1459155 -12.032113
3.27 10.48 0.22999999 -14.323945 -1.1459155 -12.032113
3.6899998 10.849999 1.02 -5.7295775 -3.4377468 -12.032113
3.46 11.38 0.08 15.469859 1.7188734 -23.49127
3.46 11.38 0.08 15.469859 1.7188734 -23.49127
3.02 11.559999 -0.26 10.886198 6.3025355 -21.772396
2.96 11.38 -0.75 7.448451 20.62648 -11.459155
3.8799999 11.719999 -1.11 7.448451 20.62648 -11.459155
3.8799999 11.719999 -1.11 1.1459155 31.51268 -5.7295775
3.4499998 10.929999 0.41 -31.51268 2.8647888 -19.480566
3.37 10.639999 0.59 -32.085636 0.0 -23.49127
3.37 10.639999 0.59 -32.085636 0.0 -23.49127
4.23 10.349999 0.39999998 -17.188732 4.583662 -21.199438
4.56 10.099999 0.78 -22.345354 3.4377468 -21.772396
4.56 10.099999 0.78 -22.345354 3.4377468 -21.772396
3.02 9.86 1.15 -15.469859 -8.594366 -47.555496
2.8799999 9.67 0.61 -1.1459155 -4.583662 -46.98254
2.8799999 9.67 0.61 -1.1459155 -4.583662 -46.98254
3.53 8.849999 1.05 -7.448451 -0.57295775 -31.51268
2.9299998 8.929999 0.74 -3.4377468 6.3025355 -40.680004
2.9299998 8.929999 0.74 -3.4377468 6.3025355 -40.680004
2.26 8.94 0.35999998 5.7295775 5.7295775 -42.971836
2.55 9.01 0.35999998 5.7295775 5.7295775 -42.971836
2.55 9.01 0.35999998 0.57295775 0.0 -37.815212
2.29 9.62 0.76 -7.448451 3.4377468 -34.377464
2.1499999 9.54 1.0 -12.032113 7.448451 -29.220846
2.1499999 9.54 1.0 -12.032113 7.448451 -29.220846
2.3799999 9.929999 1.4599999 -10.886198 4.0107045 -25.210142
2.27 9.9 1.06 -2.291831 1.1459155 -27.501974
2.27 9.9 1.06 -2.291831 1.1459155 -27.501974
1.09 10.32 0.25 6.3025355 10.886198 -38.961132
0.78999996 10.11 0.0 -4.0107045 14.896902 -32.658592
0.78999996 10.11 0.0 -4.0107045 14.896902 -32.658592
0.9 10.25 0.96 -27.501974 19.480566 -17.188732
0.9 10.25 0.96 -27.501974 19.480566 -17.188732
2.58 10.13 1.2099999 -40.680004 36.09634 0.0
1.4599999 9.98 2.37 -40.680004 36.09634 0.0
0.97999996 9.86 1.8499999 -45.263664 25.210142 -19.480566
0.97999996 9.86 1.8499999 -29.793804 8.021409 -32.658592
1.43 9.309999 2.1 -22.345354 10.886198 -23.49127
0.58 9.78 2.7 -22.345354 10.886198 -23.49127
0.58 9.78 2.7 -15.469859 1.7188734 -33.80451
0.62 9.63 2.48 -5.15662 -2.291831 -32.658592
1.17 9.45 2.07 8.021409 0.0 -30.366762
1.17 9.45 2.07 8.021409 0.0 -30.366762
0.32 9.48 1.63 17.761692 9.167324 -40.680004
0.35 9.32 1.73 18.334648 5.7295775 -35.523384
0.35 9.32 1.73 18.334648 5.7295775 -35.523384
-0.14999999 9.29 1.25 21.199438 5.7295775 -36.09634
-0.29 9.429999 1.06 21.199438 5.7295775 -36.09634
-0.29 9.429999 1.06 15.469859 4.583662 -34.950428
-0.25 9.25 1.51 2.291831 -0.57295775 -33.80451
-0.65 9.34 1.79 2.291831 -0.57295775 -33.80451
-0.65 9.34 1.79 6.8754935 1.7188734 -36.09634
-1.17 9.46 1.2099999 17.761692 2.291831 -37.815212
-0.84 9.51 0.55 14.323945 1.1459155 -37.242256
-1.26 9.28 1.5899999 14.323945 1.1459155 -37.242256
-1.26 9.28 1.5899999 -4.583662 0.0 -32.085636
-1.62 9.51 1.9599999 -5.7295775 0.57295775 -34.950428
-1.15 9.2699995 1.39 -5.7295775 0.57295775 -34.950428
-1.15 9.2699995 1.39 6.8754935 5.15662 -29.793804
-1.25 9.389999 1.38 6.8754935 5.15662 -29.793804
-1.25 9.389999 1.38 6.8754935 -2.8647888 -37.242256
-2.23 9.11 1.48 4.0107045 0.57295775 -48.128452
-2.57 8.84 1.1 8.594366 9.167324 -43.544792
-2.57 8.84 1.1 8.594366 9.167324 -43.544792
-2.8899999 8.87 0.69 5.15662 10.31324 -40.107044
-2.72 8.72 1.27 5.15662 10.31324 -40.107044
-2.97 8.67 1.38 -6.3025355 10.31324 -33.80451
-2.97 8.67 1.38 -4.0107045 1.7188734 -34.950428
-3.6399999 8.47 0.94 6.8754935 5.7295775 -38.38817
-3.6399999 8.47 0.94 6.8754935 5.7295775 -38.38817
-3.9499998 9.08 1.25 5.15662 0.57295775 -32.085636
-3.1899998 8.639999 1.17 5.7295775 -1.7188734 -23.49127
-3.1899998 8.639999 1.17 5.7295775 -1.7188734 -23.49127
-3.3999999 9.19 0.9 10.886198 0.0 -25.210142
-3.55 8.849999 0.81 12.032113 1.7188734 -27.501974
-3.55 8.849999 0.81 12.032113 1.7188734 -27.501974
-4.0 9.03 1.1 6.3025355 0.0 -29.220846
-3.9199998 8.75 1.05 6.3025355 0.0 -29.220846
-3.9199998 8.75 1.05 3.4377468 -2.291831 -25.7831
-4.49 8.75 1.35 0.0 0.0 -21.772396
-4.67 8.69 1.2099999 0.0 0.0 -21.772396
-4.67 8.69 1.2099999 3.4377468 3.4377468 -14.896902
-4.7599998 8.57 1.18 2.8647888 7.448451 -2.291831
-4.17 8.94 1.51 2.8647888 2.291831 5.15662
-4.17 8.94 1.51 2.8647888 2.291831 5.15662
-3.22 8.87 0.72999996 11.459155 1.7188734 5.15662
-3.58 8.49 0.56 8.594366 11.459155 1.1459155
-3.58 8.49 0.56 8.594366 11.459155 1.1459155
-4.43 8.44 0.89 5.15662 12.032113 -2.8647888
-4.42 8.33 0.76 3.4377468 1.7188734 -5.7295775
-4.42 8.33 0.76 3.4377468 1.7188734 -5.7295775
-3.61 8.24 0.64 4.0107045 6.3025355 0.57295775
-3.6999998 8.09 0.71 4.583662 7.448451 0.0
-3.6999998 8.09 0.71 4.583662 7.448451 0.0
-4.42 7.95 -0.01 12.605071 9.740283 -13.750987
-4.5299997 7.37 -0.35 9.740283 10.886198 -12.032113
-4.5299997 7.37 -0.35 9.740283 10.886198 -12.032113
-5.5099998 7.7799997 1.63 -10.31324 1.7188734 -11.459155
-4.7799997 8.57 1.5699999 4.583662 -10.886198 -3.4377468
-4.7799997 8.57 1.5699999 4.583662 -10.886198 -3.4377468
-3.97 8.63 -0.42 30.366762 -2.8647888 -1.1459155
-4.52 8.73 -0.71 18.334648 -0.57295775 -8.594366
-4.52 8.73 -0.71 2.291831 3.4377468 -6.8754935
-4.74 8.86 -0.26 2.291831 3.4377468 -6.8754935
-4.36 8.54 -0.52 1.7188734 1.1459155 -2.8647888
-4.39 8.32 0.04 1.7188734 1.1459155 -2.8647888
-4.39 8.32 0.04 -1.1459155 -0.57295775 -2.8647888
-5.0099998 8.679999 0.17999999 -0.57295775 -1.1459155 -5.7295775
-5.0099998 8.55 -0.22 -1.7188734 8.594366 -3.4377468
-5.0099998 8.55 -0.22 -1.7188734 8.594366 -3.4377468
-4.2999997 8.71 0.82 -15.469859 2.8647888 6.8754935
-4.2999997 8.71 0.82 -15.469859 2.8647888 6.8754935
-4.54 8.99 -0.049999997 -5.15662 -7.448451 1.7188734
-4.54 8.99 -0.049999997 5.7295775 1.1459155 -4.0107045
-4.54 8.99 -0.049999997 5.7295775 1.1459155 -4.0107045
-4.31 9.099999 0.83 -9.167324 -0.57295775 -0.57295775
-4.31 9.099999 0.83 -4.0107045 -0.57295775 2.291831
-4.31 9.099999 0.83 -4.0107045 -0.57295775 2.291831
-4.5299997 9.24 0.24 6.8754935 -1.7188734 -1.1459155
-4.5299997 9.24 0.24 8.594366 -2.291831 -4.583662
-4.5299997 9.24 0.24 8.594366 -2.291831 -4.583662
-4.37 9.0 0.9 1.1459155 -1.1459155 -4.0107045
-4.37 9.0 0.9 -12.032113 3.4377468 1.1459155
-4.18 8.67 1.3 -7.448451 -1.1459155 -1.1459155
-4.64 8.48 0.94 -7.448451 -1.1459155 -1.1459155
-4.64 8.48 0.94 9.167324 0.0 -4.583662
-4.81 8.96 0.45 11.459155 1.1459155 -2.291831
-4.81 8.96 0.45 11.459155 1.1459155 -2.291831
-4.38 9.059999 -0.06 2.8647888 8.594366 4.0107045
-4.35 9.29 0.42999998 -9.740283 9.740283 3.4377468
-4.3399997 8.929999 0.14999999 -9.740283 9.740283 3.4377468
-4.3399997 8.929999 0.14999999 -6.3025355 9.167324 -0.57295775
-4.88 8.92 -0.049999997 -0.57295775 5.15662 -5.15662
-4.88 8.92 -0.049999997 -0.57295775 5.15662 -5.15662
-4.68 8.88 -0.19 -1.7188734 1.1459155 -1.1459155
-4.88 8.99 0.42999998 -5.15662 5.15662 4.0107045
-4.17 9.13 0.01 -5.15662 5.15662 4.0107045
-4.17 9.13 0.01 0.0 0.0 6.8754935
-4.12 9.29 -0.34 8.021409 0.0 2.291831
-4.62 9.26 -0.089999996 8.021409 0.0 2.291831
-4.62 9.26 -0.089999996 -0.57295775 -5.15662 -4.583662
-4.41 9.139999 0.72999996 -11.459155 1.1459155 0.0
-4.41 9.139999 0.72999996 -11.459155 1.1459155 0.0
-4.18 8.99 0.53 -5.7295775 -1.7188734 0.0
-4.46 9.139999 0.35999998 2.291831 2.291831 -3.4377468
-4.5499997 8.849999 -0.08 2.291831 2.291831 -3.4377468
-4.5499997 8.849999 -0.08 5.15662 -1.7188734 -2.8647888
-4.5899997 8.92 0.39999998 5.15662 -1.7188734 -2.8647888
-4.5899997 8.92 0.39999998 -1.1459155 -2.291831 -3.4377468
-4.68 8.82 0.28 -2.291831 -0.57295775 -2.291831
-4.5899997 9.03 0.48999998 -0.57295775 0.0 0.0
-4.44 8.98 0.049999997 -0.57295775 0.0 0.0
-4.44 8.98 0.049999997 1.1459155 -2.8647888 1.1459155
-4.49 8.929999 0.45999998 0.0 0.57295775 -1.7188734
-4.65 8.78 0.53 0.0 0.57295775 -1.7188734
-4.65 8.78 0.53 -5.15662 -3.4377468 -4.583662
-4.93 8.69 0.38 0.57295775 2.291831 -1.1459155
-4.63 8.74 0.34 0.57295775 0.0 0.0
-4.63 8.74 0.34 0.57295775 0.0 0.0
-4.41 8.67 0.5 0.57295775 0.0 0.0
-4.91 8.21 0.55 1.1459155 -1.7188734 -4.0107045
-4.91 8.21 0.55 1.1459155 -1.7188734 -4.0107045
-5.17 8.78 0.48999998 0.0 0.0 0.0
-4.56 8.87 0.34 0.0 0.0 0.0
-4.56 8.87 0.34 -1.1459155 4.0107045 6.3025355
-4.4 8.99 0.47 -8.021409 -1.1459155 1.7188734
-4.97 8.91 0.68 -8.594366 1.7188734 0.57295775
-4.97 8.91 0.68 -8.594366 1.7188734 0.57295775
-4.61 8.99 0.81 -5.7295775 0.57295775 4.583662
-4.41 9.19 0.59999996 2.291831 5.15662 5.7295775
-4.41 9.19 0.59999996 2.291831 5.15662 5.7295775
-4.17 9.34 0.29 3.4377468 2.291831 1.7188734
-4.24 9.36 0.06 4.0107045 -0.57295775 0.0
-4.24 9.36 0.06 4.0107045 -0.57295775 0.0
