0.55786604 9.77343 0.7039168 -0.49108505 5.602345 0.17752
0.52913475 9.759064 0.38068968 5.283915 3.7473452 -0.73248005
0.4932206 9.79019 0.28731298 6.823915 2.907345 -0.90748006
0.74701375 9.8548355 0.44772938 2.868915 4.587345 0.52752
0.45491222 9.747093 0.679974 -2.066085 4.3073454 1.8225201
0.18196489 9.601042 0.7015225 -2.836085 2.5923452 -0.48747998
0.44533512 9.680053 0.37350687 0.83891505 1.8923451 -1.4324801
0.7015225 9.771035 0.3423813 4.0939145 1.9623449 1.4025201
0.8379962 9.792584 0.409421 2.9039152 2.2423449 3.25752
0.44533512 9.703996 0.65842557 -0.701085 1.9273449 3.25752
0.43815228 9.617802 0.6105401 -2.031085 0.737345 0.70251995
0.54350036 9.543579 0.51955765 0.068915 0.282345 0.24752
0.6751855 9.58907 0.45491222 2.448915 0.282345 3.99252
0.82602483 9.682447 0.5027977 0.83891505 0.35234502 5.4975204
0.81644773 9.70639 0.48124924 -0.561085 0.282345 5.0775204
0.6847626 9.72315 0.5243462 -1.611085 0.562345 3.92252
0.6560313 9.75667 0.5602603 -2.1710851 0.66734505 3.7125204
0.74222517 9.742304 0.6751855 -1.8910851 -0.59265506 3.95752
0.6488485 9.601042 0.679974 -0.351085 -0.207655 4.13252
0.69194543 9.510059 0.6081458 2.098915 1.227345 5.5325203
0.9313729 9.586677 0.50758624 4.023915 0.877345 7.8425198
1.0199611 9.747093 0.37350687 5.0039153 -0.34765503 8.962521
0.84278476 9.754275 0.38787252 4.758915 -0.55765504 7.21252
0.5818088 9.574705 0.5027977 2.623915 0.91234505 5.7075205
0.5961744 9.545974 0.45491222 2.5189152 1.822345 7.7725205
0.89545876 9.821315 0.29210153 6.193915 -0.417655 12.14752
1.0606637 10.156514 0.10055954 9.098915 -2.237655 14.87752
0.67279124 10.410307 0.14844504 7.068915 -1.747655 14.24752
0.52913475 10.905922 0.23463893 3.393915 -0.55765504 15.682521
0.72546524 11.631387 -0.031125572 2.833915 -1.537655 23.17252
0.43575802 12.483748 0.4166038 0.033915002 -3.4626548 27.58252
0.2561874 13.221186 0.37829542 -7.736085 1.052345 24.50252
-0.23463893 14.140587 0.29210153 -10.851085 11.797345 22.787521
-0.14605077 14.973795 0.18914771 -10.501084 16.487345 23.17252
0.63208854 15.581941 0.5219519 -12.426085 9.907345 22.85752
1.3024855 16.261915 0.7398309 -15.331085 3.607345 18.76252
1.1109436 16.968225 0.5219519 -10.081084 4.692345 7.10752
1.228263 17.061602 0.21787901 1.643915 10.642344 -11.30248
1.9968252 16.7695 0.14365649 10.988915 13.652345 -27.71748
1.6257126 16.388811 -0.105348095 16.448915 14.317346 -40.247482
1.2258687 16.144594 -0.29210153 20.298914 12.987345 -54.63248
1.498816 15.840522 -0.18435916 19.248915 9.522345 -64.257484
1.1157321 14.75831 0.46927786 13.228915 5.5323453 -65.16748
2.2027328 14.583528 0.888276 5.983915 3.012345 -63.347477
2.8467927 13.738349 0.7781393 3.2889152 2.3123453 -54.17748
1.063058 12.778245 1.5467016 6.298915 1.9973452 -47.70248
0.13168511 11.511673 1.2306572 11.828916 -1.117655 -44.06248
0.74701375 10.257073 0.5650489 28.698915 -14.592655 -19.877481
2.0423164 8.858817 -0.15802214 43.11891 -30.832655 17.607521
4.5946136 8.60263 -0.20111908 43.853916 -48.577656 55.337524
6.167652 7.9394155 -0.20590763 5.248915 -62.437656 85.71752
5.7007685 7.6305537 0.41420954 -22.681086 -34.332657 68.49752
4.1373067 7.1157846 0.48843205 -38.991085 -2.972655 49.632523
2.2242813 6.754249 2.1883671 -40.81109 2.102345 37.83752
2.0758362 6.1915946 2.6073654 -30.626083 -8.012655 31.81752
3.2681851 5.3488097 1.4006507 3.4989152 -17.217655 36.92752
4.252232 5.054314 0.13886794 32.093914 -18.337654 40.74252
4.0199876 5.322473 -0.818842 42.383915 -12.632655 31.32752
3.3064935 5.774991 -0.5794145 36.608917 -14.5226555 8.087521
2.9473522 5.360781 -0.4740664 23.168915 -16.762655 -13.997479
2.413429 5.0399485 -0.75659084 9.343915 -18.547655 -26.56248
1.4676905 4.948966 -0.9912298 -2.906085 -15.257656 -36.95748
0.32083282 5.03516 -0.36871833 -16.696087 -10.777655 -53.372482
-0.49800915 4.925023 0.38547826 -31.256086 -9.167655 -68.28248
-1.0486923 4.743058 0.72546524 -37.416084 -14.207656 -73.427475
-2.1979442 4.790944 0.74701375 -35.386086 -12.737656 -72.27248
-3.5363438 5.2506447 0.46927786 -29.506086 -7.1376553 -68.247475
-3.3855045 5.97611 0.818842 -20.126085 -7.0326552 -57.95748
-2.3032923 6.402291 0.6895511 -8.436085 -15.642654 -36.992477
-1.9393626 6.8093176 -0.0023942748 4.618915 -20.507656 -19.457481
-1.8435916 7.391126 -0.5123748 12.878916 -13.052655 -11.267481
-1.3216397 7.903501 -0.6296943 10.988915 -1.467655 -5.3524804
-0.91461295 8.420665 -0.4070267 0.83891505 6.7223454 -0.69748
-1.0510867 8.648121 -0.2681588 -9.766085 12.252345 -1.5374801
-1.4557191 8.870789 0.0 -16.626085 12.917346 -9.09748
-1.1899546 8.894731 0.38068968 -18.341087 8.437345 -15.78248
-0.95531565 8.875577 0.20111908 -13.756084 1.577345 -15.327479
-0.9529214 9.04557 0.18435916 -5.951085 -1.1526549 -14.27748
-0.90024734 9.354432 0.41420954 -2.4510849 -2.342655 -14.907478
-0.7996878 9.364009 0.2753416 -1.611085 -4.5126553 -13.157481
-0.63208854 9.4095 0.11013664 0.73391503 -4.4426546 -10.95248
-0.6560313 9.656111 0.22027329 1.9239151 -3.7776551 -9.06248
-0.45491222 9.603436 0.08858817 -0.141085 -0.417655 -6.19248
-0.5650489 9.560339 0.4189981 -3.466085 6.162345 -3.5324802
-0.93616146 9.423865 0.9864412 -8.751085 10.992345 -2.8674798
-1.1516461 9.402317 0.7446195 -1.646085 -2.832655 -6.89248
-1.0391153 9.732727 0.36871833 9.798915 -9.622656 -4.93248
-0.6560313 9.749487 0.021548472 14.663914 -12.807654 -3.1824799
-0.4932206 9.737515 -0.1699935 12.633915 -8.992655 -2.72748
-0.51716334 9.828498 -0.21309046 6.403915 -1.782655 -2.0274801
-0.48843205 9.821315 0.076616794 -0.49108505 0.52734506 -0.76748
-0.22985038 9.91948 0.06464542 -2.6610851 -0.697655 -0.62748003
-0.28252444 10.005674 0.057462595 -1.4710851 -3.1126552 -1.22248
-0.4764607 10.065532 -0.062251143 -1.8910851 -1.572655 -3.8124802
-0.49082634 9.955395 0.26337022 -7.1410847 0.91234505 -7.24248
-0.505192 9.783007 0.71588814 -12.076085 -0.34765503 -6.12248
-0.77574503 9.91948 0.7853221 -9.5910845 -3.182655 -3.9874802
-0.51716334 9.933846 0.5219519 -3.256085 -4.5476546 -3.1824799
-0.30646718 9.883567 0.5219519 0.90891504 -5.387655 -1.15248
-0.5961744 9.842864 0.5770202 1.818915 -5.912655 -1.4674801
-0.46927786 9.881172 0.7637737 3.1139147 -7.522655 -2.65748
-0.38068968 9.926663 0.7733508 7.978915 -14.452655 -1.9224801
-0.54350036 9.8548355 0.3328042 16.448915 -21.522655 -4.33748
-0.44294083 9.976943 0.22506183 22.013914 -22.257656 -5.2824802
-0.50040346 9.941029 -0.25379312 21.103914 -18.582655 -4.68748
-0.5794145 9.802161 0.011971374 13.018915 -8.642655 -5.9124804
-0.88588166 9.629773 0.42378664 -0.176085 1.612345 -6.43748
-1.0846065 9.5244255 0.4644893 -6.406085 6.127345 -7.4174795
-0.9577099 9.816526 0.339987 -1.611085 3.7473452 -5.31748
-0.9313729 9.909904 -0.031125572 6.403915 -0.522655 -1.6774801
-0.7829279 9.998491 -0.3974496 10.148915 -0.487655 -0.94247997
-0.71588814 9.909904 -0.043096945 5.6339154 2.5223448 -1.01248
-0.8643332 9.754275 0.17478207 -2.3810852 4.832345 -2.06248
-0.9816527 9.670476 0.17238778 -5.0410852 4.1323447 -4.86248
-1.1348863 9.586677 -0.03351985 -2.2060852 2.207345 -6.68248
-1.036721 9.569917 0.052674048 -0.666085 2.487345 -6.5074797
-0.9888355 9.608225 0.17717634 -2.031085 1.9973452 -3.14748
-1.0582695 9.617802 0.08619389 -1.926085 2.102345 0.28252003
-0.9601042 9.687236 0.028731298 0.768915 2.8723452 1.7525201
-0.7901107 9.732727 0.021548472 3.008915 2.487345 4.16752
-0.7134939 9.80695 -0.2083019 4.3389153 1.4723449 6.02252
-0.65363705 9.830893 -0.33519846 6.123915 0.98234504 4.90252
-0.7039168 9.873989 -0.2753416 6.753915 -0.522655 2.90752
-0.74701375 9.751882 -0.11013664 0.663915 -0.34765503 -0.66248
-0.6751855 9.785401 -0.117319465 -0.94608504 1.157345 -0.76748
-0.75180227 9.862018 -0.117319465 -1.051085 1.822345 -1.57248
-0.9433443 9.737515 -0.098165266 -1.996085 2.487345 -3.8474798
-1.0702409 9.73991 0.105348095 -4.2710853 2.4173448 -4.26748
-0.97446984 9.708784 0.20351335 -4.3760853 1.5423449 -1.60748
-0.84996754 9.828498 0.1340794 -1.296085 0.42234498 1.19252
-0.7805336 9.888355 -0.083799616 1.818915 -0.207655 1.33252
-0.7326481 9.912297 -0.016759925 0.418915 -0.207655 -0.13747999
-0.70870537 9.771035 0.14844504 -3.396085 0.387345 -1.25748
-0.8667275 9.725544 0.25858167 -4.481085 1.262345 -1.74748
-0.9074302 9.708784 0.18435916 -2.8010852 0.842345 -1.8174801
-0.8379962 9.727939 0.22506183 -1.5760851 -0.417655 -1.9924802
-0.7829279 9.744699 0.2777359 -1.6810851 -0.522655 -1.4674801
-0.845179 9.725544 0.17717634 -0.98108494 0.9473451 -1.29248
-0.9026416 9.634562 0.21069619 -0.561085 2.697345 -1.60748
-0.9624985 9.581888 0.43575802 -1.436085 2.3473449 -1.64248
-1.0678465 9.545974 0.46927786 -0.666085 -0.067655 -1.78248
-1.0391153 9.636956 0.26337022 3.148915 -1.537655 -1.8874801
