2.84 8.86 1.4499999 18.334648 -16.042818 9.740283
2.2 8.849999 -1.26 10.31324 -22.345354 11.459155
2.02 8.74 0.19 -13.178029 -31.51268 14.323945
3.1399999 8.73 1.52 -17.761692 -18.907606 18.907606
3.4299998 9.0199995 1.9 -9.167324 0.0 14.323945
2.6 9.389999 1.63 4.0107045 1.7188734 9.740283
2.6699998 9.83 0.85999995 20.62648 -16.042818 11.459155
3.1299999 10.05 -0.28 13.750987 -17.188732 12.032113
3.21 10.48 -0.53 0.0 -11.459155 12.032113
2.87 11.7699995 0.099999994 -8.594366 -5.15662 12.032113
3.28 13.11 0.61 -9.167324 -5.15662 9.740283
4.2999997 14.219999 0.96999997 -1.1459155 -12.032113 1.1459155
4.42 15.79 0.57 0.0 -12.605071 -11.459155
4.81 16.34 0.79999995 -2.291831 -10.31324 -19.480566
5.3399997 16.26 0.68 -3.4377468 -11.459155 -28.64789
5.1 16.119999 1.38 -7.448451 -17.188732 -40.107044
4.47 16.16 2.45 -4.0107045 -20.053522 -48.701412
5.24 16.529999 2.37 17.188732 -24.064226 -53.858032
6.7999997 16.46 0.72999996 13.750987 -24.637184 -69.32789
7.5299997 16.01 0.65999997 1.1459155 -21.772396 -95.68395
6.35 14.82 2.2 0.0 -16.615776 -111.72677
5.5899997 13.49 2.45 4.583662 -10.31324 -114.0186
5.39 12.23 2.01 1.7188734 -5.15662 -116.883385
3.46 10.24 2.99 4.583662 -3.4377468 -107.143105
3.81 9.92 2.57 16.042818 1.1459155 -95.68395
4.72 9.34 1.5699999 26.356058 -2.8647888 -95.68395
4.1 8.639999 0.90999997 28.64789 -3.4377468 -103.1324
2.2 8.04 1.15 26.356058 0.57295775 -103.1324
1.42 7.5499997 1.54 28.07493 -5.15662 -91.10028
0.76 6.8999996 0.85999995 25.7831 -8.594366 -65.890144
0.68 6.2999997 0.57 18.334648 -9.167324 -49.84733
0.75 5.8799996 0.47 18.334648 -5.15662 -40.107044
1.13 5.29 0.16 19.480566 -0.57295775 -41.25296
0.22 5.2599998 -0.01 20.62648 -1.7188734 -41.25296
-0.71999997 5.2799997 -0.31 15.469859 -1.7188734 -20.62648
-1.04 3.9599998 -0.74 6.8754935 2.8647888 -22.91831
-1.91 3.54 -0.01 0.0 -3.4377468 -22.345354
-2.6599998 3.7099998 0.29999998 1.7188734 -6.3025355 -18.334648
-3.21 3.75 0.0 9.740283 -0.57295775 -12.605071
-3.22 4.15 -0.45999998 18.907606 -5.15662 -9.740283
-4.13 4.64 -0.53999996 27.501974 -20.62648 -10.31324
-4.1 5.0099998 -0.84 24.064226 -18.334648 -9.167324
-4.4 5.13 -1.05 18.907606 -9.740283 -8.594366
-4.7799997 5.75 -0.87 18.334648 -17.188732 -5.15662
-4.08 6.12 -1.09 13.178029 -24.064226 -9.740283
-3.9499998 6.5099998 -1.22 2.8647888 -18.334648 -20.62648
-4.77 7.33 0.11 -7.448451 -13.178029 -19.480566
-4.42 7.3599997 0.13 -2.8647888 -13.750987 -17.761692
-4.7599998 7.2999997 -0.26 -0.57295775 0.57295775 -20.62648
-4.92 7.2999997 -0.42 -6.8754935 9.740283 -17.761692
-5.0699997 7.6099997 0.39 -11.459155 5.15662 -15.469859
-5.39 7.8199997 0.9 2.291831 0.0 -3.4377468
-4.89 8.05 0.59999996 13.178029 -2.291831 6.3025355
-3.8899999 7.91 0.099999994 15.469859 -1.7188734 5.7295775
-3.6999998 7.8799996 0.049999997 15.469859 -1.7188734 1.1459155
-4.0499997 8.25 0.28 18.907606 3.4377468 -1.1459155
-4.27 8.44 -0.34 20.62648 9.740283 0.57295775
-3.84 8.429999 -1.89 10.31324 4.583662 6.3025355
-3.76 8.59 -1.55 -9.167324 1.7188734 9.167324
-3.29 8.7 -0.29 -22.91831 0.0 10.886198
-3.46 8.79 0.48 -20.053522 4.0107045 6.8754935
-3.6599998 9.17 0.75 -8.594366 5.7295775 9.740283
-2.8799999 9.25 0.48999998 9.167324 -2.291831 11.459155
-2.6 9.19 -0.02 14.323945 0.0 8.021409
-2.73 9.469999 -0.48 12.605071 5.15662 6.8754935
-2.83 9.46 -0.87 7.448451 8.594366 9.167324
-2.46 9.24 -0.98999995 5.15662 3.4377468 8.594366
-2.6299999 9.29 -0.9 3.4377468 -4.0107045 5.7295775
-2.55 9.559999 -0.21 3.4377468 -2.8647888 9.167324
-2.47 9.389999 -0.53 9.167324 4.0107045 8.021409
-2.58 9.599999 -1.0 10.886198 5.15662 7.448451
-2.55 9.58 -1.14 7.448451 0.57295775 6.8754935
-2.4199998 9.559999 -1.12 6.3025355 -6.3025355 6.8754935
-2.48 9.61 -1.1999999 0.0 -3.4377468 6.3025355
-2.33 9.61 -0.96 -4.583662 1.7188734 6.3025355
-2.1499999 9.639999 -0.58 -2.8647888 2.291831 3.4377468
-2.1 9.53 -0.48 0.57295775 0.57295775 0.57295775
-2.25 9.51 -0.59 5.15662 -1.7188734 -1.1459155
-2.34 9.5 -0.72999996 8.594366 -6.3025355 -2.291831
-2.73 9.23 -1.2099999 4.0107045 -0.57295775 -3.4377468
-2.95 9.15 -1.1899999 -1.1459155 2.8647888 -2.291831
-2.86 9.21 -0.89 -5.15662 1.1459155 0.0
-2.6 9.24 -0.64 -5.7295775 -1.1459155 0.57295775
-2.55 9.2699995 -0.37 -4.0107045 -1.7188734 0.57295775
-2.48 9.22 -0.35 1.7188734 -0.57295775 -1.1459155
-2.6 9.2 -0.38 5.15662 -1.7188734 -2.8647888
-2.6299999 9.21 -0.32999998 7.448451 -2.291831 -2.8647888
-2.82 9.16 -0.56 6.3025355 1.1459155 -1.1459155
-3.1499999 9.13 -0.68 4.583662 3.4377468 2.8647888
-3.11 9.2 -0.77 5.15662 1.1459155 6.8754935
-2.25 9.41 -1.0 2.291831 -2.291831 8.021409
-2.22 9.48 -0.90999997 0.0 -2.8647888 2.8647888
-2.57 9.389999 -0.83 -1.1459155 -1.1459155 -0.57295775
-2.8899999 9.26 -0.82 -2.8647888 0.0 -1.1459155
-2.8999999 9.25 -0.45 -4.583662 -2.8647888 0.57295775
-2.79 9.2699995 -0.02 1.7188734 -5.15662 3.4377468
-2.46 9.32 -0.17999999 6.3025355 -2.8647888 4.0107045
-2.37 9.429999 -0.48 6.8754935 1.7188734 2.291831
-2.52 9.469999 -0.77 5.15662 5.15662 2.291831
-2.48 9.4 -0.98999995 2.291831 1.1459155 2.291831
-2.36 9.469999 -0.93 -0.57295775 -2.291831 0.0
-2.52 9.32 -0.63 0.0 1.1459155 0.0
-2.72 9.23 -0.71999997 1.7188734 1.1459155 -0.57295775
-2.83 9.2699995 -0.65 1.7188734 -1.1459155 0.57295775
-2.58 9.349999 -0.7 2.8647888 -1.1459155 2.291831
-2.49 9.34 -0.85999995 2.8647888 0.57295775 1.1459155
-2.5 9.36 -0.96 0.0 0.57295775 0.0
-2.47 9.29 -0.82 -2.291831 -0.57295775 -0.57295775
-2.72 9.26 -0.56 -1.1459155 1.1459155 0.0
-2.8799999 9.2 -0.47 1.1459155 1.1459155 2.291831
-2.7 9.23 -0.56 1.7188734 0.0 3.4377468
