3.81 9.8 0.39999998 7.448451 -5.7295775 5.15662
4.0899997 9.36 -0.29 0.0 -37.815212 12.605071
4.0899997 9.36 -0.29 0.0 -37.815212 12.605071
4.21 9.69 -0.95 1.7188734 -46.40958 2.291831
3.6799998 10.24 -0.39 5.15662 -12.032113 -3.4377468
3.6799998 10.24 -0.39 5.15662 -12.032113 -3.4377468
3.6799998 10.2 -0.089999996 -5.15662 -8.021409 -5.15662
3.85 10.139999 0.26999998 -4.583662 -8.021409 -8.021409
3.6999998 10.21 0.17999999 -4.583662 -8.021409 -8.021409
3.6999998 10.21 0.17999999 9.167324 -2.8647888 -14.323945
3.6299999 10.75 -0.66999996 17.188732 0.0 -17.761692
3.6299999 10.75 -0.66999996 17.188732 0.0 -17.761692
3.47 10.87 -0.44 2.8647888 -1.1459155 -17.761692
3.79 10.7 -0.11 0.57295775 -2.8647888 -18.334648
3.4399998 10.309999 -0.63 0.57295775 -2.8647888 -18.334648
3.4399998 10.309999 -0.63 6.8754935 -1.7188734 -28.07493
3.0 10.23 -0.63 5.7295775 -6.8754935 -28.64789
3.35 10.71 -0.39 1.7188734 -5.7295775 -25.210142
3.35 10.71 -0.39 1.7188734 -5.7295775 -25.210142
3.36 10.7 -1.05 5.15662 -5.15662 -29.793804
3.36 10.7 -1.05 -4.583662 -7.448451 -34.950428
2.18 10.51 -0.089999996 -4.583662 -7.448451 -34.950428
2.77 11.17 0.29 0.57295775 -9.167324 -29.220846
3.4499998 11.17 -0.53 20.053522 -8.594366 -29.220846
3.4499998 11.17 -0.53 20.053522 -8.594366 -29.220846
2.84 10.809999 -0.59999996 17.188732 -9.167324 -34.377464
2.56 11.139999 -0.48999998 4.583662 -8.594366 -37.242256
2.56 11.139999 -0.48999998 4.583662 -8.594366 -37.242256
3.24 10.59 -0.59999996 0.57295775 -1.7188734 -27.501974
2.6 10.4 -0.84999996 6.3025355 -7.448451 -40.107044
2.6 10.4 -0.84999996 6.3025355 -7.448451 -40.107044
2.1499999 10.49 -1.6999999 8.021409 -5.15662 -43.544792
2.07 10.16 -1.49 -4.0107045 -0.57295775 -38.38817
2.02 10.42 -0.41 -4.0107045 -0.57295775 -38.38817
2.02 10.42 -0.41 -29.793804 -5.15662 -36.09634
2.11 10.09 -0.07 -26.356058 -2.8647888 -36.09634
2.18 9.9 0.28 -26.356058 -2.8647888 -36.09634
2.18 9.9 0.28 -15.469859 8.021409 -41.825916
1.6999999 9.99 0.62 -8.594366 13.750987 -54.43099
1.6999999 9.99 0.62 -8.594366 13.750987 -54.43099
0.84999996 9.53 -1.03 12.032113 8.021409 -61.30648
0.84999996 9.53 -1.03 16.615776 10.886198 -55.576904
0.84999996 9.53 -1.03 16.615776 10.886198 -55.576904
0.84999996 9.29 -0.81 -4.583662 0.57295775 -55.00395
0.22999999 9.63 -0.69 -2.8647888 1.1459155 -57.29578
0.13 9.19 -0.98999995 -2.8647888 1.1459155 -57.29578
0.13 9.19 -0.98999995 -1.1459155 -4.0107045 -52.712116
-0.81 9.17 -0.17 -16.615776 -6.8754935 -48.128452
-0.52 9.7699995 0.26999998 -16.615776 -6.8754935 -48.128452
-0.16 9.86 -0.90999997 -13.750987 -6.8754935 -42.971836
-0.16 9.86 -0.90999997 0.0 -6.8754935 -45.83662
-0.16 9.86 -0.90999997 0.0 -6.8754935 -45.83662
-0.97999996 9.9 -0.25 -11.459155 -5.15662 -50.993244
-1.49 9.62 0.08 -15.469859 -4.0107045 -48.701412
-1.1 9.599999 -0.03 -15.469859 -4.0107045 -48.701412
-1.25 9.66 -0.13 -7.448451 -4.583662 -41.825916
-1.25 9.66 -0.13 -4.583662 -7.448451 -43.544792
-1.25 9.66 -0.13 -4.583662 -7.448451 -43.544792
-2.45 9.26 0.35 -4.583662 -2.291831 -41.825916
-2.45 9.26 0.35 -2.291831 -8.594366 -33.231552
-1.17 9.55 -0.56 -2.291831 -8.594366 -33.231552
-1.17 9.55 -0.56 -8.021409 -0.57295775 -13.750987
-0.88 9.11 -0.13 -24.064226 8.021409 -11.459155
-2.54 8.929999 0.79999995 -26.356058 1.1459155 -29.793804
-2.54 8.929999 0.79999995 -26.356058 1.1459155 -29.793804
-3.34 9.08 0.22999999 -26.356058 1.1459155 -29.793804
-3.34 9.08 0.22999999 -5.15662 -6.8754935 -28.64789
-2.1 9.74 0.19999999 0.0 10.31324 -14.896902
-2.22 9.719999 -0.07 -1.1459155 8.021409 -18.907606
-2.22 9.719999 -0.07 -1.1459155 8.021409 -18.907606
-3.1499999 10.059999 0.19 5.7295775 4.0107045 -40.680004
-3.4099998 9.16 0.0 8.021409 2.8647888 -36.669296
-3.4099998 9.16 0.0 8.021409 2.8647888 -36.669296
-3.4099998 9.309999 0.64 3.4377468 5.7295775 -28.07493
-2.87 8.84 0.17999999 3.4377468 5.7295775 -28.07493
-2.87 8.84 0.17999999 21.772396 -3.4377468 -29.220846
-3.9099998 8.36 0.17 37.815212 -3.4377468 -35.523384
-4.31 8.79 -1.1899999 44.11775 -13.750987 -34.950428
-4.31 8.79 -1.1899999 44.11775 -13.750987 -34.950428
-4.43 8.94 -2.56 20.053522 -1.1459155 -28.64789
-3.9599998 8.809999 -0.52 20.053522 -1.1459155 -28.64789
-3.9599998 8.809999 -0.52 -16.042818 3.4377468 -18.334648
-3.98 8.45 0.17999999 -38.38817 -13.178029 -21.199438
-4.5699997 8.74 0.39 -38.38817 -13.178029 -21.199438
-4.5699997 8.74 0.39 -23.49127 -15.469859 -31.51268
-4.65 9.2699995 1.29 -23.49127 -0.57295775 -32.658592
-4.3199997 8.88 0.96 -17.761692 4.0107045 -21.772396
-4.3199997 8.88 0.96 -17.761692 4.0107045 -21.772396
-4.0499997 9.0 0.26999998 -1.7188734 8.594366 -26.929016
-4.5 8.88 -0.45 6.3025355 20.053522 -40.680004
-4.5 8.88 -0.45 6.3025355 20.053522 -40.680004
-4.98 8.58 -0.31 -16.615776 21.772396 -34.950428
-4.74 8.25 0.62 -28.07493 22.91831 -26.929016
-4.74 8.25 0.62 -28.07493 22.91831 -26.929016
-5.08 7.6099997 0.16 -11.459155 26.929016 -30.366762
-5.96 8.08 0.65999997 -5.15662 13.178029 -36.669296
-5.96 8.08 0.65999997 -0.57295775 8.021409 -35.523384
-5.5899997 8.12 -0.32999998 -0.57295775 8.021409 -35.523384
-5.7 7.81 0.48999998 -10.886198 9.167324 -29.793804
-5.7 7.81 0.48999998 -10.886198 9.167324 -29.793804
-6.0499997 7.45 -0.049999997 -13.178029 -0.57295775 -26.356058
-6.0499997 7.45 -0.049999997 -6.8754935 5.7295775 -24.064226
-6.0499997 7.45 -0.049999997 -6.8754935 5.7295775 -24.064226
-5.97 7.3199997 1.0 -24.064226 2.291831 -22.91831
-5.8399997 7.0499997 0.89 -12.032113 1.7188734 -20.053522
-5.8399997 7.0499997 0.89 -12.032113 1.7188734 -20.053522
-6.3399997 7.04 0.14 2.8647888 4.0107045 -22.91831
-5.97 6.44 0.17 -6.3025355 0.57295775 -18.907606
-6.46 5.68 -0.22 -6.3025355 0.57295775 -18.907606
-6.46 5.68 -0.22 -16.042818 5.7295775 -18.907606
-7.33 6.1 0.53 -26.929016 7.448451 -16.615776
-6.79 6.64 -0.38 -20.053522 0.0 -6.3025355
-6.79 6.64 -0.38 -20.053522 0.0 -6.3025355
-6.52 6.67 -0.19999999 -26.929016 5.15662 -1.1459155
-6.52 6.67 -0.19999999 -50.420284 2.291831 0.0
-6.31 6.71 1.67 -50.420284 2.291831 0.0
-6.6 6.64 1.79 -29.220846 0.57295775 -4.583662
-7.08 7.39 0.71999997 4.0107045 -3.4377468 -8.021409
-6.74 7.46 0.03 4.0107045 -3.4377468 -8.021409
-6.74 7.46 0.03 12.032113 0.0 -1.7188734
-6.49 7.68 0.81 12.032113 0.0 -1.7188734
-6.68 7.7999997 0.77 1.7188734 -1.1459155 1.7188734
-6.68 7.7999997 0.77 1.7188734 -1.1459155 1.7188734
-6.6499996 7.97 0.59999996 6.3025355 -3.4377468 -1.1459155
-6.2599998 7.46 0.81 0.0 -2.291831 0.0
-6.2599998 7.46 0.81 0.0 -2.291831 0.0
-6.72 6.91 1.4 -8.021409 0.57295775 -0.57295775
-6.8799996 7.14 1.64 -3.4377468 1.7188734 1.7188734
-6.8799996 7.14 1.64 -3.4377468 1.7188734 1.7188734
-6.18 7.3399997 0.17 -3.4377468 1.7188734 1.7188734
-6.3999996 7.71 0.90999997 8.021409 1.1459155 4.0107045
-6.3999996 7.71 0.90999997 -12.032113 2.8647888 2.291831
-6.64 7.3199997 1.77 -18.907606 5.7295775 2.8647888
-6.67 7.49 1.39 -6.8754935 6.8754935 0.57295775
-6.67 7.49 1.39 -6.8754935 6.8754935 0.57295775
-6.3799996 7.74 0.29 -6.8754935 6.8754935 0.57295775
-6.5099998 8.26 0.089999996 10.886198 1.7188734 0.0
-6.5099998 8.26 0.089999996 10.886198 1.7188734 0.0
-6.2999997 7.93 0.74 -5.15662 6.3025355 3.4377468
-6.2999997 7.93 0.74 -5.15662 6.3025355 3.4377468
-6.3199997 7.89 1.14 -5.7295775 -1.7188734 -1.1459155
-6.71 7.69 0.94 2.8647888 2.8647888 -4.0107045
-6.71 7.69 0.94 2.8647888 2.8647888 -4.0107045
-6.5 7.8199997 0.57 6.3025355 1.7188734 0.0
-6.1 8.05 0.31 3.4377468 1.7188734 0.0
-6.3599997 7.73 0.5 3.4377468 1.7188734 0.0
-6.3599997 7.73 0.5 -2.8647888 1.1459155 -3.4377468
-6.72 7.29 1.26 -2.8647888 1.1459155 -3.4377468
-6.72 7.29 1.26 -11.459155 0.57295775 -7.448451
-6.46 7.08 1.27 -2.8647888 0.0 -3.4377468
-6.48 7.0499997 0.63 -2.8647888 0.0 -3.4377468
-6.48 7.0499997 0.63 7.448451 1.1459155 -1.1459155
-6.58 7.1499996 0.48 2.8647888 2.291831 -1.7188734
-6.62 6.91 0.78999996 -4.583662 2.8647888 2.8647888
-6.6499996 7.37 0.96999997 -4.583662 2.8647888 2.8647888
-6.6499996 7.37 0.96999997 -1.7188734 0.0 2.8647888
-6.3799996 7.8999996 0.47 2.291831 1.1459155 7.448451
-6.3799996 7.8999996 0.47 2.291831 1.1459155 7.448451
-6.14 8.09 0.96999997 -5.7295775 -4.0107045 3.4377468
-6.7 7.91 1.17 -5.7295775 -4.0107045 3.4377468
-6.33 7.72 1.22 -5.15662 1.1459155 0.0
-6.33 7.72 1.22 -0.57295775 0.57295775 0.57295775
-6.5099998 7.8199997 0.44 11.459155 4.583662 0.57295775
-6.5 7.6299996 0.07 11.459155 4.583662 0.57295775
-6.5 7.6299996 0.07 10.31324 1.7188734 -2.8647888
-6.79 7.56 0.26999998 2.291831 -1.1459155 -3.4377468
