2.35 9.67 -0.44 18.334648 7.448451 -6.8754935
2.46 9.38 -1.02 20.62648 4.0107045 -6.3025355
2.09 9.53 -1.1 12.032113 -1.7188734 -3.4377468
2.21 9.559999 -0.77 3.4377468 -1.7188734 -0.57295775
3.02 9.469999 0.51 -11.459155 0.0 6.8754935
3.1699998 9.74 0.34 -4.583662 1.7188734 5.15662
3.1699998 9.74 0.34 3.4377468 0.0 -0.57295775
2.58 9.78 -0.53999996 5.7295775 0.0 -3.4377468
2.54 9.809999 -0.53 5.15662 -1.1459155 -3.4377468
2.54 9.88 -0.35 4.0107045 -2.291831 -2.8647888
2.87 10.36 0.16 0.57295775 0.0 1.1459155
2.98 10.5199995 -0.02 4.0107045 -1.1459155 2.291831
2.99 10.74 -0.11 6.3025355 -1.7188734 1.1459155
2.79 11.24 0.099999994 5.7295775 0.0 -1.7188734
2.97 11.23 -0.22 5.15662 0.57295775 -6.3025355
3.06 11.13 -0.56 6.3025355 -1.1459155 -9.740283
2.9199998 11.34 -0.51 4.0107045 -2.8647888 -14.896902
2.99 11.13 -0.32 -2.291831 -1.1459155 -16.042818
2.99 11.13 -0.32 -4.583662 -0.57295775 -16.615776
2.69 11.11 0.17999999 -4.583662 -1.7188734 -22.345354
2.84 11.08 0.08 -1.1459155 -2.8647888 -23.49127
2.6599998 11.34 -0.12 2.8647888 -2.291831 -27.501974
2.79 10.91 -0.55 2.8647888 -2.8647888 -30.366762
2.3899999 10.969999 -0.45999998 0.0 -1.1459155 -34.950428
2.07 10.73 -0.17 -2.8647888 -0.57295775 -36.669296
1.9699999 10.679999 0.01 -0.57295775 0.0 -37.815212
2.01 10.37 -0.53999996 5.7295775 -5.15662 -38.961132
1.63 10.389999 -0.71999997 6.8754935 -3.4377468 -40.107044
1.67 10.48 -0.65999997 3.4377468 -1.7188734 -38.961132
1.8399999 10.26 -0.53999996 -1.7188734 -1.7188734 -37.242256
1.28 10.08 -0.32999998 -4.583662 -1.1459155 -40.107044
1.15 10.04 -0.28 -5.15662 -0.57295775 -41.825916
1.26 10.03 -0.01 -1.7188734 -2.8647888 -39.53409
0.96999997 10.09 -0.32999998 4.583662 -2.8647888 -40.107044
1.0699999 10.13 -0.41 6.8754935 -0.57295775 -39.53409
0.9 9.88 -0.77 7.448451 -0.57295775 -40.680004
0.51 10.05 -0.5 6.8754935 0.0 -44.11775
0.44 10.059999 -0.71 8.021409 -2.291831 -44.11775
0.29999998 9.889999 -0.98999995 5.15662 0.0 -41.25296
0.32999998 9.809999 -1.02 0.0 -2.291831 -40.680004
0.14 9.86 -0.57 -2.291831 -1.7188734 -40.107044
-0.13 10.07 -0.39 -1.7188734 -0.57295775 -41.25296
-0.11 9.849999 -0.72999996 0.0 -4.583662 -40.680004
-0.07 9.809999 -0.74 0.0 -4.0107045 -40.680004
-0.39 9.94 -1.0 -2.291831 -5.7295775 -40.680004
-0.61 9.929999 -0.97999996 -5.15662 -1.7188734 -39.53409
-0.84999996 9.82 -0.29999998 -10.31324 -1.7188734 -37.815212
-0.72999996 9.91 -0.32999998 -9.740283 -2.8647888 -37.242256
-0.74 10.0199995 -0.089999996 -3.4377468 -4.583662 -37.815212
-1.12 10.12 -0.37 0.0 -2.8647888 -40.107044
-1.03 9.98 -0.91999996 1.1459155 -2.291831 -39.53409
-1.36 9.8 -0.59999996 -1.1459155 -2.291831 -39.53409
-1.6899999 9.67 -0.37 -2.291831 0.0 -41.825916
-1.5899999 9.5199995 -0.71999997 0.0 -0.57295775 -40.680004
-1.8199999 9.54 -0.88 1.7188734 -3.4377468 -38.961132
-1.91 9.87 -0.099999994 -4.0107045 -1.7188734 -35.523384
-1.9599999 9.76 -0.26 -0.57295775 -1.1459155 -36.09634
-2.19 9.36 -0.71 1.1459155 -1.1459155 -36.09634
-2.35 9.53 -0.59 2.291831 -1.7188734 -36.669296
-2.61 9.7 -0.44 4.0107045 -1.1459155 -37.242256
-2.35 9.59 -1.28 4.583662 -1.1459155 -34.377464
-2.29 9.54 -0.91999996 0.0 1.7188734 -34.377464
-2.36 9.42 -0.57 -3.4377468 1.7188734 -33.80451
-3.04 9.389999 -0.17999999 3.4377468 0.0 -37.242256
-3.1999998 9.28 -0.61 3.4377468 0.0 -37.242256
-2.6699998 8.96 -1.1999999 10.31324 0.0 -33.80451
-2.69 8.95 -1.92 6.3025355 -1.7188734 -30.366762
-3.07 9.33 -0.91999996 -9.167324 -0.57295775 -31.51268
-3.1 9.11 -0.39999998 -18.334648 0.57295775 -30.939718
-3.54 9.21 -0.47 -16.042818 0.0 -32.085636
-3.53 9.22 -0.25 -8.594366 -0.57295775 -28.64789
-3.28 8.97 0.03 1.1459155 -1.7188734 -29.793804
-3.6299999 9.179999 -0.32 6.8754935 -1.1459155 -30.939718
-3.73 9.04 -0.84 8.594366 0.0 -29.220846
-3.86 9.08 -1.27 8.021409 0.0 -28.64789
-3.9399998 9.04 -1.18 3.4377468 0.0 -26.929016
-3.9299998 9.11 -0.45 -1.1459155 0.57295775 -25.210142
-3.7099998 9.2 -0.61 -2.291831 0.0 -24.064226
-3.84 9.19 -0.75 -2.8647888 -1.1459155 -29.220846
-4.19 9.17 -0.88 -5.15662 -3.4377468 -33.231552
-4.35 8.889999 -0.31 -10.886198 -3.4377468 -33.80451
-4.47 8.849999 -0.04 -14.323945 -1.1459155 -33.80451
-4.38 8.66 -0.32 -11.459155 0.0 -32.085636
-4.71 8.889999 -0.16 -10.886198 0.0 -32.658592
-4.68 8.78 -0.01 -10.31324 0.0 -33.80451
-4.93 8.49 -0.31 0.0 -1.7188734 -36.09634
-5.08 8.2699995 -0.74 -1.1459155 0.0 -33.231552
-5.17 8.21 -0.51 -5.15662 1.1459155 -31.51268
-5.4 8.4 -0.25 -10.31324 3.4377468 -30.939718
-4.87 7.81 -0.65 -10.31324 1.7188734 -27.501974
-5.64 7.58 0.049999997 -15.469859 1.1459155 -29.793804
-5.94 7.62 0.32 -15.469859 2.8647888 -31.51268
-5.6099997 7.24 -0.37 -3.4377468 2.291831 -27.501974
-5.38 7.1 -0.56 0.0 1.7188734 -25.210142
-5.69 6.8399997 -0.97999996 -2.291831 -0.57295775 -27.501974
-6.22 6.7999997 -0.37 -5.15662 0.0 -26.929016
-6.1299996 6.72 -0.21 -8.594366 1.7188734 -21.772396
-6.3599997 6.62 -0.02 -6.3025355 1.7188734 -18.334648
-6.23 6.94 -0.28 -1.1459155 1.7188734 -14.896902
-5.5699997 6.97 -0.64 1.7188734 0.0 -9.167324
-6.1299996 7.37 -0.29 0.0 0.0 -8.021409
-6.29 7.45 -0.19999999 -5.15662 2.291831 -10.31324
-6.16 7.21 -0.79999995 -8.021409 2.8647888 -7.448451
-6.21 7.39 -0.71 -9.167324 4.583662 -5.7295775
-6.04 7.68 -0.089999996 -12.032113 2.291831 -4.583662
-6.16 7.5099998 0.32999998 -12.032113 3.4377468 -3.4377468
-6.21 7.4199996 -0.07 -5.15662 6.3025355 -2.8647888
-6.1 7.6699996 -0.55 0.0 2.8647888 -1.7188734
-6.3599997 7.8399997 -0.24 -2.291831 4.0107045 -0.57295775
-6.24 7.85 0.16 -2.8647888 5.7295775 1.1459155
-5.77 7.8599997 -0.45 1.7188734 5.7295775 1.7188734
-5.7599998 7.7 -1.0699999 0.57295775 3.4377468 0.0
-6.64 8.05 -0.82 -2.291831 2.8647888 -2.291831
-6.42 7.99 -0.32999998 -7.448451 4.583662 -1.1459155
-5.87 7.93 -0.76 -6.8754935 2.291831 2.8647888
-6.27 8.09 -1.23 -6.8754935 2.8647888 2.8647888
-6.1299996 8.47 -0.37 -15.469859 5.15662 2.8647888
-5.77 8.51 0.29999998 -17.761692 4.0107045 2.291831
-5.5699997 8.2 0.16 -10.31324 2.291831 1.7188734
-5.99 8.22 -0.04 -3.4377468 2.291831 -2.291831
-6.12 8.15 -0.16 0.0 2.8647888 -3.4377468
-6.08 7.95 -0.78 3.4377468 2.8647888 -2.8647888
-6.18 8.13 -0.96 0.57295775 2.291831 -0.57295775
-6.0299997 8.19 -0.35999998 -5.7295775 1.7188734 0.0
-5.83 8.16 0.14999999 -5.15662 1.7188734 0.0
-5.68 8.03 -0.5 0.0 -0.57295775 -0.57295775
-6.02 8.17 -0.63 -0.57295775 -1.1459155 -3.4377468
-5.98 7.75 -0.42 -4.583662 0.0 -2.8647888
-6.37 7.8599997 -0.29999998 -6.3025355 0.0 -4.0107045
-6.3399997 8.05 -0.22 -8.021409 -0.57295775 -1.7188734
-5.8799996 7.89 0.06 -6.3025355 0.0 1.1459155
-5.85 7.8999996 0.07 -6.3025355 0.0 1.1459155
-6.15 8.2699995 -0.22999999 -2.291831 0.0 -0.57295775
-5.8799996 8.19 0.01 -2.291831 1.1459155 0.57295775
-5.79 8.07 -0.11 0.0 2.291831 0.0
-6.06 8.099999 -0.81 5.15662 0.57295775 -2.291831
-6.16 8.36 -0.85999995 4.0107045 -1.1459155 -2.8647888
-5.8799996 8.13 -0.01 -3.4377468 0.0 0.0
-5.8799996 8.04 0.14 -5.7295775 0.57295775 0.0
-6.1099997 8.2 -0.42 -1.7188734 -0.57295775 -1.7188734
-5.91 8.3 -0.35 -1.7188734 -0.57295775 -1.1459155
-5.74 7.99 0.08 -2.8647888 -0.57295775 -0.57295775
-6.3599997 8.15 -0.11 0.0 -1.7188734 -3.4377468
-6.42 8.15 -0.24 1.1459155 0.0 -2.8647888
-5.83 7.93 -0.22999999 0.57295775 0.0 -1.1459155
-5.79 7.87 -0.31 2.291831 1.1459155 -1.1459155
-6.2799997 8.19 -0.32 2.291831 -0.57295775 -4.0107045
