1.4940275 9.718362 1.4437478 -11.210814 3.27131 -2.50649
1.333611 9.675264 1.446142 -13.835815 -2.9236903 1.8685101
1.1660118 9.644139 1.4676905 -11.245815 -4.84869 1.7285101
1.228263 9.648928 1.4772675 -7.4308147 1.3463101 -1.0014899
1.2522057 9.725544 1.3120626 -3.265815 3.2013102 0.18850999
1.3288225 9.775824 1.1229149 4.994185 3.23631 1.4135101
1.3575538 9.732727 1.0510867 4.399185 3.44631 0.99351
1.4389591 9.744699 1.1348863 2.089185 2.64131 0.01351
1.3192455 9.744699 1.1803775 0.479185 1.62631 -0.75649
1.2067145 9.692024 1.1708003 0.44418502 0.36631 -1.3864901
1.2737542 9.70639 1.1827718 0.26918498 0.33130997 -0.37149
1.5490957 9.852441 1.2809371 0.23418501 0.05131 0.60851
1.2713599 9.905115 1.185166 1.8791851 -1.8036901 -0.65149003
1.0989721 10.091868 1.1803775 3.2791848 -2.4336898 -2.01649
1.0822122 10.518049 1.3479767 2.4391851 -2.1886902 1.93851
1.3455825 11.514068 1.3144568 3.104185 -4.70869 10.30351
1.498816 12.483748 1.2689656 4.1541853 -6.45869 17.51351
0.93616146 13.4510355 0.8571504 2.159185 1.1013099 20.27851
1.1779832 14.925909 0.29689008 0.024185 10.62131 26.61351
1.7023294 15.941082 0.4860378 -10.195815 6.5263104 37.32351
2.4948344 16.32656 1.9752767 -30.320814 -2.95869 37.88351
2.8204558 15.955447 2.056682 -38.300816 -8.06869 30.323513
3.3208592 15.5675745 1.4605076 -20.555817 -8.34869 17.02351
2.7653873 14.777464 1.4796618 -2.3908148 -5.3386903 1.93851
2.2362528 13.695251 1.4748733 5.1341853 -0.40369 -10.976491
3.2202997 12.914719 1.2881198 10.594185 -6.14369 -12.93649
2.604971 11.992923 1.515576 10.314185 -18.46369 -15.38649
1.9178141 11.157321 2.3535721 -0.640815 -18.95369 -25.08149
1.9680939 10.838882 2.7079248 -8.305815 -13.31869 -22.98149
3.7446458 10.618608 2.257801 2.159185 -17.51869 -11.46649
3.4645157 10.482135 1.5036045 22.984186 -17.063688 -11.88649
2.1572416 10.055954 1.297697 34.98919 -5.86369 -33.271492
1.6951466 9.933846 1.3575538 33.589188 -1.7336899 -44.08649
2.0590763 9.953 0.3519584 31.944183 -7.3686905 -42.44149
2.638491 9.423865 0.34716985 29.704185 -11.53369 -38.03149
1.812466 8.971348 2.2721667 5.7641854 -6.91369 -36.73649
1.2234744 8.56911 2.885101 -22.900816 4.49631 -43.80649
0.8571504 8.166871 1.6161355 -13.415815 1.59131 -50.106495
0.2370332 7.877164 1.1444633 16.964184 -6.45869 -48.25149
-0.11492519 7.685622 1.8459859 23.719185 -1.38369 -34.18149
1.6185298 7.9322324 1.2929084 16.369184 7.19131 -11.43149
2.2362528 8.059129 0.21548474 26.169186 6.38631 8.97351
1.7310607 8.10462 0.14365649 45.069183 -6.8786902 10.61851
0.6296943 7.759845 0.94573855 19.029186 -25.218689 -16.47149
-0.021548472 7.7670274 0.9433443 8.704185 -14.33369 -9.36649
1.4174107 7.860404 0.38787252 12.974185 -6.14369 7.95851
2.3056867 8.056735 0.15083931 13.254186 -9.153689 11.98351
1.4652961 8.327288 0.86193895 3.7691853 -15.873691 -12.096491
0.59378016 8.023215 1.3455825 -3.650815 -17.58869 -32.32649
0.16281068 7.788576 1.3168511 0.759185 -14.193689 -32.956493
0.8571504 7.9322324 0.967287 12.344185 -11.81369 -20.88149
1.2546 8.128563 0.2083019 24.839186 -9.29369 -10.52149
0.27055305 8.056735 0.08858817 25.714186 -5.65369 -19.16649
-0.34477556 7.6066113 0.090982445 18.014185 -10.133691 -34.98649
-0.7326481 7.283384 0.098165266 16.264185 -19.128689 -41.39149
-1.2761484 7.185219 0.28013015 17.594185 -23.60869 -41.39149
-1.359948 7.1540933 0.31604427 18.609184 -24.02869 -34.881493
-1.56825 7.2163444 -0.13647367 20.639185 -19.79369 -24.10149
-1.7382435 7.4222517 -0.42618093 22.599186 -12.02369 -14.861489
-1.2905141 7.439012 -0.3304099 21.619184 -11.7436905 -3.8714905
-0.9888355 7.982512 -0.7972935 23.719185 -15.523691 5.82351
-0.84996754 8.114198 -1.733455 30.019184 -14.78869 6.5585103
-1.0510867 8.066312 -1.5969813 28.374186 -17.063688 0.88851
-1.1612233 8.006455 -0.9481328 14.6191845 -19.898691 -7.0564904
-1.3096683 7.8460383 -0.86193895 2.159185 -17.97369 -12.6214905
-1.6999351 8.090255 -1.1492519 -3.9308152 -9.88869 -12.23649
-1.5610672 8.128563 -1.2689656 -6.800815 1.03131 -6.00649
-1.5538844 8.193209 -0.79250497 -9.915816 4.42631 -2.43649
-1.5323359 8.38475 -0.43575802 -10.615815 -2.22369 -3.45149
-1.4198049 8.581081 -0.77574503 -4.840815 -10.97369 -1.52649
-1.4700848 8.784595 -1.0941836 3.594185 -12.44369 2.9185102
-1.1684061 8.947405 -1.0870007 8.389185 -8.663691 7.01351
-0.88588166 9.158101 -0.6249057 6.534185 -8.90869 9.568509
-0.9241901 9.299363 -0.9720756 2.579185 -9.608689 9.14851
-0.8786988 9.330489 -1.1013664 3.314185 -3.86869 7.6435103
-0.6344828 9.545974 -1.0079896 3.104185 4.07631 8.13351
-0.6464542 9.677659 -1.0965779 0.724185 5.6863103 9.11351
-0.82123625 9.826104 -0.9217958 0.724185 4.56631 6.20851
-0.5865973 9.75667 -1.0008069 0.199185 2.71131 3.1635098
-0.50758624 9.873989 -1.1205206 0.164185 1.45131 3.96851
-0.53871185 9.888355 -0.9888355 1.914185 2.18631 5.85851
-0.36392978 9.8548355 -0.87151605 0.96918505 2.46631 5.4035106
-0.26337022 9.675264 -0.9289786 2.019185 -1.5236899 1.5185101
-0.45491222 9.500483 -1.132492 3.2441852 -0.71869 0.25851002
-0.6943397 9.450203 -0.9505271 1.039185 1.5563099 -0.75649
-0.5913859 9.727939 -0.74222517 -2.075815 0.85631 1.02851
-0.46209505 9.914692 -1.0534809 -0.115815 3.0963101 5.1235104
-0.18435916 10.005674 -1.4844503 5.204185 4.95131 7.74851
-0.035914123 10.015251 -1.3360053 5.519185 0.99631 5.43851
-0.31125572 10.008069 -0.95531565 0.409185 -3.5186899 -1.2114899
-0.38547826 9.804555 -0.8834874 -4.315815 -2.64369 -5.09649
-0.57462597 9.754275 -0.79250497 -6.2408147 1.48631 -3.6964903
-0.60335726 9.785401 -0.5411061 -7.115815 1.17131 -2.08649
-0.5961744 9.703996 -0.4836435 -6.520815 -1.66369 -2.2964902
-0.68715686 9.727939 -0.29928434 -4.840815 -2.3636901 -2.5414898
-0.68715686 9.732727 -0.31125572 -3.160815 -2.60869 -1.31649
-0.6392714 9.792584 -0.4740664 -0.850815 -1.5236899 0.57351
-0.58420306 9.835681 -0.5363176 0.059185002 1.17131 2.8135102
-0.6105401 9.821315 -0.505192 -0.710815 2.67631 4.0735097
-0.505192 9.840469 -0.4860378 -0.640815 2.04631 3.54851
-0.28252444 9.862018 -0.44294083 0.96918505 0.016309999 2.70851
-0.2849187 9.775824 -0.4189981 2.4391851 -1.24369 1.6935099
-0.47885495 9.701602 -0.5243462 2.4391851 0.5413101 -0.51149005
-0.65842557 9.735122 -0.5411061 1.599185 4.25131 -1.0014899
-0.51955765 9.680053 -0.6895511 1.1791852 5.93131 0.71351004
-0.4740664 9.646533 -0.9720756 2.649185 5.54631 1.83351
-0.5506832 9.646533 -0.8739103 3.384185 6.21131 0.92350996
-0.4644893 9.646533 -0.86912173 1.039185 6.07131 0.50351
-0.5243462 9.72315 -0.9888355 0.44418502 5.61631 1.44851
-0.36871833 9.72315 -1.0486923 2.194185 5.6863103 2.28851
-0.48843205 9.708784 -0.99362403 2.894185 3.9013102 3.0935102
-0.4644893 9.783007 -0.90982443 2.404185 2.64131 2.00851
-0.28970724 9.873989 -0.8332076 1.039185 1.1013099 1.9035101
-0.33519846 9.979338 -0.95531565 1.214185 -0.50869 3.82851
-0.21787901 9.950606 -0.88588166 2.474185 -0.12369 3.61851
-0.16041641 9.842864 -0.70631105 1.214185 -0.018690001 2.07851
-0.21548474 9.845258 -0.6153286 -1.725815 0.29630998 0.50351
-0.1987248 9.711179 -0.61293435 -3.0558152 2.81631 -0.58149004
-0.4860378 9.742304 -0.7996878 -2.7058148 4.56631 -0.79149
-0.50998056 9.737515 -1.0678465 -2.425815 7.05131 -1.84149
-0.4860378 9.73991 -0.93616146 -2.565815 9.50131 -0.8964901
-0.44054657 9.763853 -0.71588814 -2.8108149 7.2613096 0.43351
-0.38308397 9.8237095 -0.8092649 4.329185 -4.9886904 -0.02149
-0.29689008 9.895537 -1.0654523 6.534185 -5.0236897 0.43351
-0.3304099 9.909904 -1.0965779 0.96918505 0.92631006 0.50351
-0.3519584 9.833286 -0.6344828 -8.655815 6.21131 0.18850999
-0.42139238 9.802161 -0.21548474 -11.805815 5.16131 -0.23149
-0.30646718 9.883567 -0.5027977 -4.490815 1.17131 0.36351
-0.24182175 9.974549 -0.84039044 5.589185 -1.94369 2.07851
-0.23942748 9.845258 -1.0079896 7.8991857 -2.4336898 2.63851
