-1.41 10.51 2.05 11.459155 -14.323945 -14.896902
-0.63 10.4 1.09 12.605071 -17.761692 -5.15662
-0.48 10.34 1.66 4.0107045 -21.199438 -1.1459155
-0.59999996 10.42 2.45 -7.448451 -14.896902 -3.4377468
-0.74 10.599999 3.28 -6.3025355 -7.448451 -9.167324
-0.79999995 10.429999 3.4199998 -0.57295775 -5.7295775 -13.178029
-0.88 9.94 3.26 1.1459155 6.8754935 -15.469859
-1.1 9.83 3.25 2.291831 13.178029 -15.469859
-1.54 9.969999 3.1499999 4.0107045 16.615776 -13.750987
-1.2099999 9.96 3.04 6.3025355 19.480566 -9.167324
-0.68 9.929999 3.23 4.583662 22.345354 -7.448451
-0.74 9.929999 3.1899998 4.0107045 26.929016 -8.594366
-0.63 9.809999 3.06 8.021409 38.38817 -9.167324
-0.74 9.76 2.8799999 11.459155 44.69071 -10.31324
-0.94 9.46 2.8899999 12.032113 47.555496 -11.459155
-0.95 9.2699995 2.77 9.740283 50.993244 -12.605071
-1.06 9.28 2.79 7.448451 54.43099 -11.459155
-0.93 9.3 2.77 5.15662 59.58761 -8.594366
-0.45 9.2699995 2.44 8.021409 63.598316 -2.291831
-0.21 9.11 2.31 12.605071 73.33859 1.1459155
-0.02 8.9 2.25 12.605071 76.77634 -1.1459155
-0.089999996 8.62 2.26 10.886198 77.922264 -2.8647888
-0.41 7.93 2.4099998 12.032113 84.79775 -1.7188734
-0.61 7.44 2.0 17.188732 89.95437 2.291831
-0.61 7.56 2.02 22.345354 94.53803 8.021409
-0.22 8.0 1.38 28.64789 90.52733 16.042818
0.69 8.309999 0.42999998 35.523384 88.80846 21.772396
1.17 8.599999 -0.13 34.377464 93.39212 22.345354
1.27 8.41 -0.87 29.220846 96.256905 21.199438
1.1 8.44 -1.28 20.62648 101.41353 18.907606
1.01 8.25 -1.1 8.021409 105.42423 22.91831
1.17 8.05 -0.19 1.1459155 108.289024 27.501974
1.81 7.5499997 -0.77 5.15662 105.42423 30.366762
2.2 6.8799996 -1.76 15.469859 100.26762 33.231552
2.11 6.1 -2.07 8.594366 100.26762 35.523384
0.35 6.75 -0.63 -13.750987 104.85127 37.242256
1.1899999 6.89 0.17999999 -20.053522 107.716064 49.84733
3.62 7.47 -1.37 4.583662 90.52733 65.317184
3.97 8.17 -4.0499997 29.220846 79.641136 61.879436
3.49 8.679999 -4.54 18.907606 87.662544 51.5662
3.62 8.72 -3.8 -10.31324 88.80846 54.43099
3.98 8.75 -3.27 -28.64789 88.2355 57.868736
3.6 9.0199995 -2.74 -29.793804 84.22479 57.868736
4.5499997 8.99 -2.96 -18.334648 72.76564 61.879436
5.27 9.37 -3.75 -3.4377468 56.72282 62.4524
5.33 9.51 -4.5299997 1.7188734 55.576904 59.014652
4.66 9.63 -4.4 -2.8647888 53.858032 54.43099
4.96 9.76 -3.36 -9.167324 40.680004 55.00395
6.0899997 9.95 -3.58 -4.0107045 25.7831 60.160564
6.43 10.24 -4.7799997 0.57295775 22.345354 59.014652
6.0099998 10.48 -5.21 -4.0107045 25.210142 47.555496
6.15 10.5199995 -4.19 -13.178029 22.345354 45.263664
6.3399997 10.42 -3.8799999 -25.7831 5.15662 41.825916
5.77 10.88 -3.53 -25.210142 -4.0107045 36.669296
6.46 10.83 -3.85 -19.480566 -11.459155 33.231552
6.54 10.92 -4.12 -10.31324 -25.210142 32.658592
6.58 11.44 -4.2799997 -9.167324 -32.658592 26.929016
7.6099997 11.09 -5.21 -9.167324 -41.825916 26.929016
7.2 10.78 -4.67 -18.907606 -50.993244 18.334648
6.2799997 10.79 -2.9199998 -40.680004 -53.858032 6.8754935
6.87 10.55 -2.07 -46.98254 -59.014652 5.15662
7.54 10.15 -2.33 -35.523384 -74.48451 5.15662
6.99 9.96 -2.36 -29.220846 -84.22479 -1.1459155
6.48 9.91 -1.9399999 -30.939718 -89.38142 -8.021409
6.75 9.809999 -1.4399999 -34.377464 -94.53803 -8.594366
7.49 9.61 -1.78 -31.51268 -99.1217 -8.594366
6.91 9.29 -1.9799999 -30.366762 -99.1217 -14.323945
6.24 9.08 -0.59999996 -45.83662 -99.1217 -21.199438
6.39 8.94 0.21 -48.128452 -105.42423 -20.62648
6.85 8.88 -0.5 -41.825916 -108.289024 -19.480566
7.0299997 8.5 -1.3299999 -30.366762 -108.289024 -21.199438
6.22 8.2 -1.09 -45.263664 -103.70536 -25.7831
5.81 8.2 -0.47 -59.58761 -106.57015 -28.64789
6.06 8.179999 0.63 -58.441692 -114.0186 -24.637184
6.29 8.17 0.38 -53.858032 -116.883385 -23.49127
5.92 8.03 0.17999999 -55.576904 -117.456345 -25.7831
5.4 7.7999997 1.8 -64.74423 -118.029305 -23.49127
5.44 7.6299996 2.4099998 -61.879436 -118.029305 -21.199438
5.0699997 7.5299997 2.51 -52.712116 -115.73747 -21.199438
4.7 7.5499997 2.47 -42.971836 -111.72677 -18.334648
4.98 7.41 2.1699998 -40.107044 -109.43494 -13.178029
4.2799997 7.2599998 2.12 -41.825916 -100.26762 -15.469859
3.85 7.08 2.83 -44.69071 -97.402824 -15.469859
3.6399999 6.6499996 3.72 -48.128452 -94.53803 -8.594366
3.35 6.5299997 4.13 -44.69071 -90.52733 -5.15662
3.31 6.3599997 3.3799999 -27.501974 -86.516624 1.1459155
3.3999999 6.44 2.73 -10.886198 -84.79775 8.021409
3.56 6.29 2.11 -5.15662 -83.65183 16.042818
3.03 6.41 2.32 -13.178029 -76.77634 19.480566
3.73 6.48 2.4199998 -21.772396 -68.75493 25.7831
4.25 6.68 2.62 -26.356058 -67.03606 29.220846
3.53 6.6099997 3.5 -34.950428 -63.02536 25.7831
3.24 6.91 4.72 -41.825916 -60.160564 26.929016
4.0699997 7.2999997 4.46 -33.231552 -55.00395 34.377464
4.2799997 7.5899997 3.57 -21.772396 -48.701412 38.38817
3.53 7.7 4.41 -33.80451 -40.107044 34.377464
3.09 7.71 6.14 -48.128452 -32.658592 34.377464
3.8799999 7.8599997 6.43 -46.98254 -29.220846 37.815212
4.7599998 8.08 4.97 -16.615776 -20.053522 51.5662
4.5299997 8.12 4.85 -13.750987 -14.896902 52.139156
3.6899998 8.179999 6.72 -30.366762 -5.7295775 47.555496
4.2799997 8.24 7.29 -38.38817 4.583662 45.83662
5.5099998 8.12 5.77 -16.042818 9.740283 53.285076
6.23 7.85 4.38 2.8647888 18.334648 55.00395
5.44 7.5 4.75 -8.021409 29.220846 51.5662
4.94 7.5299997 6.2 -31.51268 40.680004 48.128452
5.5099998 7.5899997 6.25 -32.658592 48.701412 56.72282
7.1299996 7.3199997 4.15 -9.740283 52.712116 63.598316
6.14 7.12 3.9499998 -2.8647888 55.576904 56.14986
5.48 7.0699997 4.72 -15.469859 54.43099 54.43099
7.0499997 7.49 5.9 -16.615776 60.733524 64.74423
7.71 7.47 5.22 8.021409 72.76564 71.04677
8.63 8.01 4.16 24.637184 76.203384 67.60902
8.63 8.01 4.16 24.637184 76.203384 67.60902
7.68 7.04 4.66 9.167324 71.04677 53.285076
7.7799997 7.08 5.0299997 8.021409 74.48451 54.43099
8.639999 6.8599997 4.87 24.064226 77.349304 65.317184
9.2699995 6.77 4.02 33.231552 78.49522 67.60902
9.17 7.18 2.8 47.555496 72.19268 64.74423
8.99 7.33 2.18 46.98254 71.04677 59.014652
8.94 7.1499996 1.09 38.38817 70.47381 59.014652
8.62 7.19 2.86 18.334648 81.93296 56.72282
9.05 7.35 3.35 5.15662 88.2355 57.868736
9.559999 7.04 3.32 16.615776 79.641136 55.00395
8.96 6.97 3.27 32.658592 77.922264 47.555496
8.74 7.0899997 2.61 53.285076 73.91155 44.11775
9.05 7.3199997 1.11 67.60902 66.463104 40.680004
8.95 7.16 0.47 62.4524 61.879436 33.231552
8.45 6.96 0.82 48.701412 59.58761 24.637184
8.3 7.0499997 1.4399999 39.53409 55.00395 21.772396
8.54 6.8599997 1.23 38.38817 48.701412 19.480566
8.34 6.5699997 1.49 36.09634 52.139156 14.896902
8.09 6.25 1.9699999 33.80451 51.5662 10.31324
8.09 6.12 2.3 34.377464 48.128452 9.167324
8.01 6.08 1.6999999 42.398876 42.398876 8.021409
7.64 5.74 1.22 52.712116 36.669296 5.7295775
6.85 5.87 1.01 50.420284 29.220846 1.1459155
7.22 6.08 1.14 38.961132 27.501974 3.4377468
7.5299997 6.08 1.87 21.772396 24.637184 7.448451
7.04 5.92 3.08 9.167324 24.064226 4.0107045
6.83 5.83 3.1399999 10.886198 20.62648 1.1459155
6.74 5.9 2.6 20.053522 18.907606 2.291831
6.8399997 5.83 2.5 22.345354 15.469859 2.8647888
6.77 5.89 2.73 18.334648 12.605071 1.7188734
6.66 6.0299997 2.56 17.188732 13.178029 2.291831
6.77 6.02 2.1299999 15.469859 12.032113 3.4377468
6.77 5.94 2.76 6.3025355 9.167324 4.0107045
6.5299997 5.99 3.32 0.57295775 4.583662 2.291831
6.62 6.0499997 3.4099998 4.0107045 0.0 2.8647888
6.71 6.1099997 3.05 8.594366 -1.7188734 2.291831
6.54 6.0699997 3.02 8.594366 1.1459155 2.8647888
6.45 6.0899997 3.48 5.15662 6.3025355 3.4377468
6.7999997 6.3999996 3.35 4.0107045 1.1459155 5.7295775
6.7 6.52 2.9399998 6.8754935 -1.7188734 3.4377468
6.5699997 6.45 2.98 4.583662 -2.291831 0.57295775
6.31 6.33 3.51 -2.291831 -1.7188734 0.0
6.66 6.3199997 4.0 -2.8647888 1.7188734 2.8647888
6.74 6.39 3.3899999 3.4377468 -0.57295775 1.7188734
6.6299996 6.47 3.1 6.8754935 -1.7188734 0.0
6.45 6.41 3.07 1.1459155 -2.291831 -1.1459155
6.46 6.46 3.27 -4.583662 -1.1459155 -0.57295775
6.3399997 6.2 4.21 -11.459155 0.0 0.0
6.5 6.27 3.97 -2.8647888 -0.57295775 0.0
6.5299997 6.21 3.3999999 1.1459155 -2.8647888 -0.57295775
6.3199997 6.16 3.54 0.57295775 -2.8647888 -1.7188734
6.3399997 6.16 4.0 -2.8647888 -3.4377468 -2.8647888
6.39 6.27 3.6799998 -0.57295775 -2.8647888 -0.57295775
6.47 6.3199997 3.33 1.7188734 -2.291831 0.0
6.46 6.33 3.77 -3.4377468 -0.57295775 0.57295775
6.43 6.3399997 4.0299997 -6.8754935 -1.1459155 0.0
6.47 6.25 4.1 -5.7295775 -1.1459155 -0.57295775
6.33 6.23 3.6899998 -1.7188734 -2.291831 -1.7188734
6.06 6.31 3.8 0.0 -2.291831 -2.291831
6.2599998 6.39 3.84 -2.8647888 -2.8647888 -1.7188734
6.3599997 6.47 3.62 -2.8647888 0.0 0.0
6.47 6.54 3.6299999 -2.8647888 1.1459155 -1.1459155
6.47 6.43 3.57 -4.0107045 -2.291831 -2.8647888
6.43 6.3999996 3.8899999 -6.8754935 -2.8647888 -4.0107045
6.52 6.31 4.13 -6.8754935 -2.8647888 -4.0107045
6.42 6.17 4.22 -4.0107045 -4.0107045 -5.7295775
6.3399997 6.16 3.98 -1.7188734 -4.0107045 -5.7295775
6.3199997 6.15 3.82 0.0 -1.7188734 -4.0107045
6.27 6.1099997 4.11 -4.583662 -1.7188734 -3.4377468
6.12 6.0899997 4.29 -5.15662 -1.7188734 -4.0107045
6.2799997 6.2 3.82 -0.57295775 -1.7188734 -1.7188734
6.27 6.1299996 3.97 -1.1459155 -1.7188734 -2.291831
6.12 6.0899997 4.15 -4.0107045 -1.7188734 -4.0107045
6.1 6.02 4.2799997 -3.4377468 -2.291831 -4.0107045
6.0899997 6.06 4.17 -2.291831 -0.57295775 -2.291831
6.3399997 6.17 3.87 0.0 1.1459155 0.0
6.3999996 6.29 3.83 0.0 1.7188734 0.0
6.25 6.3799996 3.6999998 -1.1459155 0.57295775 -1.1459155
6.2799997 6.44 3.62 -2.8647888 -0.57295775 -2.8647888
6.25 6.2799997 3.75 -8.594366 -0.57295775 -2.291831
6.15 6.14 4.29 -14.323945 1.7188734 -2.8647888
6.3799996 6.24 4.5 -15.469859 3.4377468 -0.57295775
6.48 6.23 4.0699997 -8.021409 1.7188734 0.0
6.21 6.2999997 4.0899997 -3.4377468 -0.57295775 -2.291831
