-1.2099999 10.3 1.5 17.761692 -2.8647888 -22.345354
-0.56 10.17 2.09 6.3025355 -14.896902 -12.032113
0.06 10.0 2.95 -9.740283 -19.480566 -2.8647888
0.06 10.03 3.98 -18.907606 -9.167324 -1.7188734
0.08 10.099999 4.0899997 -13.178029 2.291831 -1.1459155
0.22999999 10.29 3.51 2.291831 6.8754935 -4.583662
-0.29999998 10.12 3.78 1.1459155 13.750987 -8.594366
-0.44 9.92 4.41 -10.31324 17.188732 -10.31324
0.02 9.73 4.2 -9.167324 19.480566 -8.594366
0.049999997 9.54 3.9599998 -5.7295775 24.064226 -8.021409
-0.25 9.4 4.0099998 -5.7295775 29.793804 -9.167324
-0.56 9.42 4.4 -11.459155 37.242256 -9.740283
-0.37 9.34 4.65 -16.042818 36.09634 -8.594366
0.0 9.26 4.44 -16.042818 37.242256 -6.3025355
0.19999999 9.09 4.6 -15.469859 44.69071 -3.4377468
-0.04 8.97 5.21 -18.907606 56.72282 1.1459155
-0.07 8.78 5.44 -22.345354 60.160564 2.291831
0.11 8.679999 5.13 -16.615776 61.879436 6.8754935
0.45999998 8.65 4.0899997 -8.021409 72.19268 12.032113
1.4599999 8.61 4.36 -7.448451 86.516624 20.62648
1.23 8.349999 4.4 -10.886198 87.089584 18.334648
1.02 8.86 3.76 -4.0107045 88.80846 10.886198
1.18 9.03 2.86 4.0107045 95.11099 14.323945
1.25 9.139999 2.24 -1.1459155 115.16451 18.907606
1.24 8.74 2.71 -20.62648 123.75887 28.07493
1.04 8.7699995 3.86 -25.7831 119.74818 30.366762
1.75 8.82 3.24 -19.480566 114.59156 30.939718
1.74 8.809999 1.93 10.886198 120.32113 26.356058
1.26 8.79 1.54 4.583662 122.61296 29.220846
1.09 8.98 1.9499999 -2.291831 120.89409 32.085636
1.74 9.03 1.6899999 -7.448451 114.0186 34.950428
1.75 8.91 0.84 0.57295775 107.716064 33.231552
1.05 8.7 1.11 -1.1459155 110.58085 30.939718
0.83 8.75 1.9699999 -11.459155 107.716064 35.523384
1.37 8.639999 2.23 -12.032113 101.98649 41.25296
2.01 8.96 1.09 6.3025355 97.97578 42.971836
1.38 9.309999 1.3299999 1.7188734 97.97578 39.53409
1.39 9.38 1.73 -4.583662 96.829865 40.680004
2.05 9.429999 1.81 -11.459155 93.39212 46.40958
2.7 9.03 1.06 -8.021409 99.1217 48.128452
2.3 8.79 1.04 -14.896902 101.41353 45.263664
1.37 8.7699995 2.48 -23.49127 95.11099 41.25296
1.6999999 8.87 2.56 -10.31324 84.22479 45.263664
2.8899999 8.83 0.44 17.188732 87.089584 50.993244
2.53 8.9 -1.28 17.761692 95.68395 49.27437
1.26 9.0 0.19 4.583662 101.41353 47.555496
2.99 9.04 0.79999995 -22.345354 83.07887 57.868736
3.6299999 9.0199995 -0.099999994 -13.178029 74.48451 60.160564
3.1899998 8.46 -1.52 4.0107045 73.91155 55.00395
1.3199999 8.54 0.38 -10.31324 77.349304 46.98254
1.55 8.88 1.81 -30.366762 66.463104 48.701412
4.0099998 9.04 -0.84999996 4.583662 48.128452 65.890144
3.78 8.8 -1.63 10.886198 50.420284 57.868736
2.3999999 9.559999 1.3199999 -16.042818 32.658592 51.5662
3.75 9.5199995 0.76 -11.459155 23.49127 57.29578
5.12 9.5199995 -1.03 10.31324 18.334648 61.879436
4.14 9.29 -1.81 13.178029 27.501974 50.420284
3.6599998 8.82 -1.4599999 -10.31324 27.501974 41.825916
2.6499999 8.92 -0.42 -22.91831 22.91831 40.107044
4.47 8.7 -0.14 -34.950428 13.750987 49.27437
4.81 8.65 -0.22999999 -29.220846 5.7295775 53.858032
4.15 8.37 -0.81 -18.907606 0.0 44.69071
3.7099998 8.73 -0.099999994 -21.772396 -4.0107045 37.815212
3.97 8.69 -0.02 -24.637184 -14.896902 42.398876
4.94 8.44 -0.13 -21.772396 -18.334648 45.263664
4.0899997 8.97 0.08 -24.064226 -25.7831 44.69071
4.5099998 9.63 0.75 -27.501974 -29.220846 43.544792
5.98 9.61 0.45 -15.469859 -45.83662 47.555496
5.91 9.69 0.34 -6.8754935 -54.43099 37.815212
5.73 10.17 0.69 -8.594366 -59.014652 33.231552
6.14 10.809999 0.48 -9.740283 -63.598316 34.950428
7.0699997 10.86 0.37 -12.605071 -69.32789 34.377464
7.2599998 11.36 0.94 -20.62648 -79.06818 26.356058
7.75 11.61 1.3299999 -20.62648 -84.79775 17.188732
8.22 11.7 1.17 -17.188732 -87.662544 12.032113
8.47 11.429999 0.34 -13.750987 -87.089584 5.7295775
7.6 10.86 0.77 -32.658592 -79.06818 -14.896902
7.94 10.67 1.4499999 -42.971836 -92.24621 -18.907606
8.63 9.889999 1.5899999 -43.544792 -96.256905 -20.62648
8.03 9.09 1.79 -45.263664 -91.67324 -30.939718
7.22 8.59 1.68 -44.11775 -86.516624 -38.38817
7.1299996 8.3 1.3299999 -37.242256 -87.089584 -40.107044
7.33 8.08 1.03 -31.51268 -93.39212 -38.38817
7.4199996 7.5299997 1.02 -36.669296 -100.26762 -40.107044
7.06 7.33 1.43 -45.263664 -105.42423 -41.825916
7.02 7.21 1.78 -51.5662 -102.55944 -41.825916
7.12 6.96 2.0 -54.43099 -105.42423 -40.680004
7.04 6.5299997 2.1 -56.72282 -109.43494 -42.398876
6.5899997 6.56 2.75 -58.441692 -111.72677 -42.398876
6.72 6.6299996 2.9099998 -53.858032 -114.59156 -38.38817
7.02 7.0899997 2.7 -46.98254 -116.31043 -36.09634
7.0699997 7.25 2.98 -50.420284 -112.29972 -34.377464
6.92 7.37 4.38 -61.30648 -114.59156 -34.950428
7.22 7.2 5.0699997 -60.733524 -119.74818 -35.523384
6.64 7.39 5.14 -55.00395 -118.60226 -37.242256
6.2799997 7.0099998 4.77 -42.398876 -105.997185 -40.680004
5.67 7.1099997 4.2999997 -32.658592 -97.402824 -38.961132
5.8799996 7.08 3.51 -24.064226 -93.39212 -37.242256
5.96 6.94 2.97 -20.62648 -88.80846 -30.939718
5.8599997 6.6499996 3.21 -29.220846 -81.93296 -29.220846
5.15 5.94 3.79 -42.398876 -79.06818 -30.939718
4.58 5.64 4.67 -45.83662 -77.922264 -32.658592
4.52 5.43 4.69 -37.242256 -76.77634 -26.356058
4.31 5.44 4.25 -22.345354 -69.32789 -18.907606
4.17 4.68 3.6599998 -11.459155 -58.441692 -10.886198
3.55 4.92 3.78 -6.8754935 -59.014652 -6.3025355
4.19 5.13 3.21 -6.8754935 -60.733524 0.57295775
4.29 4.91 2.99 -15.469859 -56.72282 10.886198
4.12 4.81 3.3899999 -34.377464 -44.69071 12.032113
3.47 4.5899997 4.5299997 -46.40958 -42.971836 15.469859
3.9599998 4.77 5.18 -40.107044 -44.69071 22.91831
4.22 4.74 5.0 -28.07493 -43.544792 33.231552
4.16 5.02 4.9 -22.91831 -38.38817 34.377464
4.2 5.29 4.93 -13.750987 -30.366762 38.961132
4.65 5.6299996 4.7799997 -9.167324 -29.793804 49.27437
5.16 5.7799997 5.02 -13.750987 -26.929016 56.72282
5.48 5.79 5.6299996 -21.772396 -20.62648 61.30648
5.71 5.99 5.92 -20.62648 -13.750987 64.17127
6.0 6.3399997 5.75 -10.886198 -5.7295775 65.890144
5.89 6.5099998 5.64 -4.583662 0.57295775 68.18198
6.04 6.7799997 6.49 -5.15662 2.291831 71.04677
7.31 6.8799996 6.27 4.0107045 2.291831 75.057465
7.87 7.0 4.75 19.480566 11.459155 73.33859
7.41 6.75 4.18 9.740283 28.07493 67.60902
6.6099997 6.8599997 7.4199996 -15.469859 41.825916 68.75493
7.2599998 7.04 7.3799996 -6.3025355 36.09634 77.349304
8.9 7.6499996 5.23 33.231552 32.658592 80.78705
9.04 7.0099998 4.2999997 52.139156 42.971836 71.04677
8.73 6.7799997 4.43 48.701412 45.263664 68.75493
8.349999 6.94 6.33 28.64789 55.00395 62.4524
9.49 6.98 5.89 38.961132 58.441692 65.317184
9.92 6.8199997 5.5699997 50.420284 58.441692 65.890144
10.42 6.5099998 4.91 68.18198 62.4524 63.02536
10.01 6.0 4.0299997 73.33859 73.33859 48.701412
9.58 5.58 4.19 65.890144 80.21409 43.544792
9.58 5.0299997 4.52 56.14986 84.22479 44.11775
9.55 4.85 4.62 57.868736 85.94367 42.971836
9.04 5.08 4.16 70.47381 88.2355 40.680004
9.139999 5.24 3.09 88.2355 91.67324 41.825916
9.76 5.33 2.6599998 97.402824 91.10028 42.971836
9.599999 5.33 2.27 88.80846 89.38142 38.38817
9.37 5.18 2.6599998 75.057465 87.662544 35.523384
9.42 5.0099998 2.84 70.47381 85.94367 35.523384
9.44 4.68 2.9099998 69.32789 81.93296 34.377464
9.08 4.88 2.5 73.33859 79.06818 30.366762
9.11 4.95 2.35 75.057465 78.49522 26.929016
9.309999 4.69 2.28 71.61973 76.203384 26.929016
9.29 4.54 2.28 68.75493 73.91155 25.210142
8.99 4.14 2.22 64.74423 70.47381 20.053522
8.91 4.11 1.9499999 64.17127 69.32789 19.480566
8.73 4.0699997 1.81 62.4524 67.60902 20.053522
8.57 3.9599998 1.9699999 59.58761 60.733524 19.480566
8.28 3.97 1.8 60.733524 50.420284 18.334648
8.24 4.3399997 1.3 63.02536 47.555496 20.053522
8.3 4.22 0.65999997 58.441692 49.27437 23.49127
7.95 4.29 1.05 44.11775 45.83662 21.772396
7.72 4.66 2.02 33.80451 36.09634 19.480566
7.8599997 4.77 2.1299999 33.80451 32.085636 21.199438
7.89 4.77 2.07 36.09634 33.231552 21.199438
7.73 4.92 2.1499999 36.669296 32.085636 20.62648
7.8999996 5.21 2.02 37.815212 29.793804 20.053522
7.71 5.4 1.67 36.09634 26.929016 15.469859
7.4199996 5.2999997 1.81 29.220846 24.637184 14.323945
7.21 5.31 2.26 25.7831 21.772396 14.323945
7.2799997 5.5499997 2.35 25.210142 17.761692 16.615776
7.64 5.68 1.81 31.51268 16.615776 17.761692
7.5299997 5.65 1.67 32.658592 15.469859 16.042818
7.22 5.54 1.99 27.501974 10.31324 13.178029
7.2999997 5.5899997 2.25 25.210142 4.583662 13.750987
7.5699997 5.72 2.25 24.064226 0.57295775 15.469859
7.5 5.74 2.6299999 20.053522 0.57295775 13.750987
7.48 5.75 3.21 13.750987 -0.57295775 10.886198
7.35 5.7799997 3.62 12.032113 -0.57295775 9.167324
7.37 5.96 3.55 14.896902 0.0 8.594366
7.37 5.91 3.46 14.323945 0.0 8.021409
7.19 5.85 3.6899998 8.594366 1.7188734 5.7295775
7.1499996 5.77 3.77 4.583662 4.0107045 4.0107045
6.97 5.92 3.36 7.448451 2.8647888 3.4377468
7.22 6.0499997 2.9299998 8.594366 2.8647888 2.8647888
7.19 5.89 2.86 4.583662 2.8647888 1.7188734
7.0099998 5.73 3.48 -5.15662 0.0 -2.291831
6.91 5.6099997 3.9299998 -11.459155 -2.291831 -4.0107045
7.0299997 5.6299996 3.9399998 -8.021409 -2.291831 -2.8647888
7.1499996 5.6299996 3.56 0.0 -1.1459155 0.0
7.1299996 5.7 3.3999999 6.3025355 -1.1459155 0.57295775
7.1099997 5.85 3.3 5.15662 -2.8647888 0.0
7.24 5.87 3.25 3.4377468 -2.291831 0.0
7.2999997 5.7799997 3.22 1.1459155 -2.291831 0.0
6.87 5.66 3.6399999 -1.7188734 -2.291831 -2.291831
6.93 5.74 3.6399999 -2.291831 -5.15662 -2.8647888
6.99 5.74 3.6399999 -1.7188734 -2.291831 -1.1459155
7.0499997 5.6299996 3.62 -1.7188734 0.0 -1.7188734
6.98 5.5299997 3.62 -2.291831 2.8647888 -2.8647888
6.77 5.46 3.6699998 -3.4377468 2.8647888 -2.8647888
6.74 5.4 3.74 -2.291831 0.0 -1.7188734
6.8799996 5.44 3.62 -1.7188734 0.0 -0.57295775
6.95 5.49 3.62 -1.7188734 1.1459155 0.0
6.98 5.52 4.2999997 -7.448451 5.15662 0.0
7.0899997 5.62 4.43 -7.448451 5.15662 0.0
6.96 5.6099997 3.61 2.8647888 3.4377468 -2.8647888
6.74 5.65 3.24 6.8754935 4.583662 -3.4377468
6.7799997 5.71 3.3 -6.3025355 1.7188734 -0.57295775
6.8799996 5.7599998 3.85 -9.167324 2.291831 0.0
7.16 5.8199997 3.9299998 -9.167324 0.57295775 0.0
7.12 5.7599998 3.73 -3.4377468 0.57295775 -1.1459155
7.0499997 5.81 3.75 -2.8647888 1.1459155 -1.7188734
7.0899997 5.7799997 3.99 -4.583662 0.57295775 -1.1459155
7.1299996 5.79 4.0299997 -1.1459155 0.57295775 0.0
7.21 5.97 3.58 6.8754935 -0.57295775 0.0
7.29 6.27 2.99 9.167324 -0.57295775 0.0
7.2799997 6.14 3.36 5.7295775 0.0 -0.57295775
6.87 5.83 3.81 -2.8647888 -0.57295775 -4.0107045
6.5899997 5.64 4.0299997 -1.1459155 -1.7188734 -6.8754935
6.7 5.6 3.9099998 4.583662 -1.7188734 -4.583662
6.96 5.71 3.6 10.31324 -1.1459155 -1.7188734
7.0499997 5.8599997 3.11 12.032113 -1.7188734 -1.1459155
6.89 5.7799997 3.1899998 4.0107045 -3.4377468 -5.7295775
6.49 5.65 3.49 0.0 -4.0107045 -7.448451
6.56 5.62 3.6699998 -4.583662 -4.0107045 -6.3025355
6.72 5.72 3.8899999 -6.3025355 -2.291831 -2.8647888
6.99 5.71 4.2999997 -4.0107045 -2.291831 -2.291831
6.75 5.74 3.73 3.4377468 -4.583662 -5.15662
