-2.8899999 11.83 3.1399999 12.032113 -1.7188734 -30.366762
-2.72 11.309999 4.46 14.896902 -32.658592 -36.09634
-2.3999999 11.259999 3.47 28.07493 -60.733524 -37.242256
-1.79 11.469999 3.07 28.64789 -46.98254 -39.53409
-0.59 11.11 3.29 8.021409 -33.80451 -33.231552
-0.87 11.429999 5.12 -28.07493 -14.896902 -30.366762
-0.089999996 10.76 5.0 -40.680004 -1.7188734 -26.356058
-0.14999999 10.17 4.61 -41.25296 27.501974 -26.356058
-0.53 8.7 5.0899997 -52.139156 70.47381 -30.939718
-1.31 8.36 5.5299997 -50.420284 85.37071 -34.377464
-1.65 8.13 4.19 -29.220846 88.2355 -38.38817
-1.91 8.139999 2.77 -16.615776 100.26762 -37.815212
-1.77 7.95 2.34 -25.7831 110.58085 -32.085636
-1.8399999 7.93 2.37 -33.231552 108.86198 -28.64789
-2.61 8.3 2.31 -37.815212 107.143105 -24.064226
-2.97 8.51 1.3399999 -26.929016 122.04 -10.31324
-2.6 8.389999 0.71 -24.064226 118.60226 -6.8754935
-1.99 8.13 0.57 -26.929016 109.43494 -4.0107045
-2.37 8.34 1.09 -34.950428 105.42423 -6.3025355
-2.36 8.25 1.06 -33.231552 104.85127 -7.448451
-2.29 7.83 0.099999994 -13.750987 106.57015 -6.3025355
-3.55 8.25 -1.24 1.1459155 109.43494 -10.886198
-3.22 7.83 -1.8399999 -16.615776 113.44564 5.7295775
-3.35 8.22 -0.89 -30.366762 116.883385 16.042818
-2.56 7.6699996 -1.22 -26.356058 116.883385 23.49127
-2.44 7.94 -2.12 -18.334648 126.62367 19.480566
-2.56 8.08 -3.09 -21.772396 125.47776 18.334648
-3.3 8.07 -2.4299998 -26.929016 123.75887 16.615776
-3.33 7.8799996 -0.64 -14.896902 100.84057 20.62648
-2.23 8.13 -3.4499998 3.4377468 99.1217 20.62648
-2.79 8.17 -5.14 -21.772396 119.74818 28.64789
-2.8999999 8.11 -1.78 -45.83662 124.9048 34.377464
-2.55 7.85 -0.45999998 -59.58761 120.89409 40.107044
-1.8499999 8.51 -0.85999995 -12.605071 97.97578 36.669296
-0.75 7.66 -3.6299999 -16.615776 106.57015 38.961132
-2.61 7.19 1.6899999 -52.139156 115.16451 40.680004
-3.1699998 7.41 2.9399998 -34.377464 83.65183 34.950428
-1.9 9.469999 -2.1299999 46.98254 71.04677 26.356058
-1.9 9.469999 -2.1299999 46.98254 71.04677 26.356058
-0.29 10.34 -5.47 45.263664 81.36001 39.53409
-1.5899999 9.48 -3.32 -13.750987 80.21409 25.7831
-1.9699999 9.69 -3.87 -13.178029 96.829865 24.637184
-1.88 8.82 -4.49 -19.480566 98.54874 35.523384
-1.81 7.6699996 -1.43 -24.637184 73.33859 37.242256
-1.8299999 9.24 -3.28 18.334648 58.441692 29.220846
-0.39999998 9.4 -6.92 34.950428 59.58761 44.11775
-1.11 10.0 -5.2999997 -1.7188734 61.879436 47.555496
-0.76 9.29 -4.19 -18.334648 57.868736 47.555496
0.06 9.62 -5.0 -6.8754935 44.11775 56.72282
-0.71 10.41 -4.66 0.0 38.961132 55.576904
-0.66999996 10.49 -4.25 2.291831 37.242256 52.712116
0.099999994 10.55 -4.77 10.886198 31.51268 49.84733
1.1899999 11.809999 -8.309999 44.11775 13.178029 54.43099
0.94 11.96 -7.5 39.53409 8.021409 52.139156
1.8499999 11.32 -6.0699997 12.032113 1.1459155 47.555496
2.1499999 11.429999 -6.14 5.15662 -3.4377468 39.53409
1.2099999 11.5 -4.42 -1.7188734 -5.7295775 37.242256
1.15 11.34 -3.74 -1.7188734 -18.907606 29.793804
2.08 11.29 -4.98 26.356058 -31.51268 26.356058
2.61 11.3 -6.24 38.38817 -33.80451 24.637184
2.22 11.44 -7.6099997 26.929016 -36.09634 17.761692
1.0799999 11.5 -3.74 -19.480566 -46.98254 16.042818
1.7199999 11.389999 -4.25 -14.896902 -53.285076 18.334648
2.22 11.46 -5.66 11.459155 -64.74423 13.750987
2.22 11.46 -5.66 11.459155 -64.74423 13.750987
1.35 11.16 -3.31 -6.8754935 -79.641136 0.0
1.5799999 11.179999 -3.36 -5.15662 -89.95437 -2.8647888
2.0 10.849999 -4.22 4.583662 -92.24621 -4.583662
1.26 10.2699995 -3.03 -7.448451 -91.67324 2.291831
1.36 10.23 -1.91 -11.459155 -100.26762 2.291831
1.79 10.469999 -2.48 7.448451 -112.87268 -2.291831
1.4 10.28 -3.36 22.91831 -110.58085 -5.15662
1.02 10.13 -3.1399999 18.907606 -106.57015 -4.583662
1.67 9.71 -2.1599998 -0.57295775 -111.72677 5.7295775
1.67 9.71 -2.1599998 4.583662 -115.16451 8.594366
1.9599999 9.69 -2.84 18.907606 -119.74818 4.0107045
1.13 9.48 -2.3799999 18.334648 -120.32113 -1.1459155
0.14999999 9.29 -1.39 12.605071 -120.32113 -0.57295775
0.90999997 9.12 -1.86 11.459155 -124.33183 13.178029
1.31 9.05 -2.1 14.896902 -124.33183 14.896902
0.66999996 8.57 -0.79999995 8.594366 -119.17522 9.167324
0.47 8.57 -0.19999999 -1.7188734 -121.46705 4.0107045
0.39999998 8.559999 -0.26 0.0 -122.04 4.583662
0.82 8.04 -0.91999996 13.750987 -115.73747 10.886198
0.65 7.89 -0.71 10.886198 -115.16451 12.032113
-0.03 7.48 0.24 -9.740283 -108.86198 11.459155
0.64 7.3999996 1.43 -33.80451 -101.41353 21.772396
0.96999997 7.21 1.52 -32.658592 -98.54874 25.210142
0.81 6.7799997 1.8299999 -27.501974 -90.52733 12.032113
0.31 6.2599998 1.74 -27.501974 -90.52733 12.032113
-0.099999994 6.39 2.58 -30.939718 -86.516624 12.032113
0.099999994 6.5099998 3.3999999 -31.51268 -87.089584 26.929016
0.29 6.43 2.97 -26.929016 -91.10028 27.501974
0.64 6.2999997 1.62 -21.199438 -94.53803 21.772396
1.01 6.8999996 0.96 -40.107044 -92.81916 19.480566
0.11 7.6299996 4.29 -75.630424 -40.107044 54.43099
-0.71999997 7.94 6.37 -76.203384 -25.210142 61.879436
0.08 8.3 5.99 -64.74423 -30.366762 64.17127
3.24 9.55 3.6 -25.210142 -25.210142 69.900856
3.58 10.19 2.59 -5.7295775 -17.761692 65.890144
2.56 10.559999 2.8999999 -4.583662 -16.615776 60.160564
2.06 10.59 3.22 -10.886198 -8.021409 59.58761
2.83 10.389999 3.49 -31.51268 6.8754935 68.18198
3.02 10.01 3.54 -45.83662 8.594366 83.07887
2.46 10.25 4.99 -57.868736 22.91831 83.65183
2.9199998 10.92 4.06 -48.701412 17.761692 88.2355
3.27 11.03 3.06 -21.199438 26.929016 89.38142
3.62 11.11 2.05 -9.740283 37.815212 88.2355
3.76 10.7699995 1.9599999 -8.594366 48.128452 85.37071
3.1399999 11.71 4.2799997 -34.377464 49.27437 84.79775
3.87 12.009999 4.45 -40.680004 49.84733 92.81916
4.97 12.139999 3.83 -29.793804 53.285076 113.44564
5.64 12.44 2.18 -2.8647888 67.03606 86.516624
4.85 12.23 3.31 -10.31324 57.868736 61.30648
4.85 12.23 3.31 -10.31324 59.014652 60.733524
5.04 12.16 3.74 -5.7295775 65.317184 64.74423
6.85 12.059999 2.3899999 16.615776 73.91155 72.19268
6.91 12.29 2.26 21.199438 71.61973 65.890144
7.06 12.28 1.99 13.178029 72.76564 33.80451
6.68 11.74 1.93 12.032113 77.349304 29.793804
5.99 10.7699995 1.31 19.480566 82.50592 24.064226
5.41 10.58 1.09 28.07493 80.78705 13.178029
5.04 10.53 -0.06 33.80451 75.057465 9.167324
5.06 10.57 -0.42999998 27.501974 75.057465 4.583662
5.1 10.36 -0.84 27.501974 75.057465 4.583662
4.91 10.03 -0.68 16.615776 68.75493 3.4377468
4.43 9.63 -0.16 7.448451 61.30648 2.291831
4.7799997 9.34 0.74 9.740283 53.858032 4.0107045
5.19 8.95 -0.34 43.544792 50.993244 -10.31324
4.56 9.05 -0.76 43.544792 50.993244 -10.31324
3.23 9.05 -0.90999997 45.83662 56.72282 -16.042818
4.5099998 9.389999 0.47 18.334648 35.523384 0.57295775
4.4 8.97 0.42 13.750987 33.80451 -4.583662
4.19 9.139999 0.04 27.501974 30.939718 -9.740283
4.19 9.139999 0.04 29.793804 30.366762 -14.323945
3.9099998 8.94 0.06 25.210142 23.49127 -14.896902
3.58 8.86 0.0 18.907606 14.323945 -16.042818
3.35 8.98 0.29 13.750987 9.740283 -12.605071
3.9499998 8.92 0.71 1.7188734 7.448451 -1.1459155
3.78 8.79 1.37 -6.8754935 5.15662 0.0
3.81 8.59 1.74 -5.7295775 4.0107045 -1.7188734
3.84 8.65 1.9599999 -1.1459155 2.8647888 -1.7188734
3.75 8.73 1.9599999 9.740283 -0.57295775 -5.7295775
3.1299999 8.98 1.0 18.907606 2.8647888 -8.594366
3.56 9.0199995 1.1 11.459155 4.583662 -1.1459155
3.1499999 9.0199995 2.06 -7.448451 -4.0107045 -1.1459155
3.26 8.96 2.04 -6.8754935 -2.291831 -0.57295775
3.5 9.0199995 1.9499999 0.57295775 -1.1459155 2.8647888
3.86 9.03 1.86 5.15662 1.1459155 4.0107045
3.1999998 9.0 1.78 2.8647888 -3.4377468 -2.8647888
3.1499999 9.13 1.93 2.8647888 -3.4377468 -5.7295775
3.4199998 9.21 1.93 0.0 -0.57295775 0.0
3.84 9.099999 1.87 -1.7188734 0.0 4.0107045
3.6799998 9.2 2.04 0.57295775 0.0 0.0
3.59 9.099999 1.91 1.1459155 -2.8647888 -3.4377468
3.4099998 9.07 1.86 1.1459155 -1.1459155 -4.0107045
3.37 9.04 2.02 -1.1459155 0.0 -1.7188734
3.55 9.059999 2.03 -1.1459155 0.0 -0.57295775
3.56 9.01 1.99 4.0107045 -0.57295775 -1.1459155
3.55 8.97 1.7099999 9.167324 -2.8647888 -3.4377468
3.53 9.13 1.61 9.167324 -7.448451 -6.8754935
3.48 9.21 1.52 7.448451 -5.7295775 -6.8754935
3.3799999 9.23 1.5699999 6.3025355 -1.7188734 -5.15662
3.22 9.26 1.63 4.0107045 1.7188734 -4.0107045
3.51 8.97 1.55 -4.583662 4.583662 3.4377468
3.56 9.12 2.05 -6.8754935 0.0 2.291831
3.74 9.09 2.1399999 -4.0107045 -2.8647888 0.0
3.6899998 9.139999 1.75 3.4377468 -1.1459155 -4.0107045
3.34 9.11 1.4399999 8.594366 0.57295775 -8.594366
3.04 9.099999 1.23 6.8754935 0.0 -6.8754935
3.0 9.16 1.3 3.4377468 0.0 -4.583662
3.7099998 9.33 1.93 -12.605071 -1.7188734 5.7295775
3.9599998 9.179999 2.71 -18.907606 -1.7188734 6.3025355
3.8799999 9.07 2.86 -15.469859 0.0 3.4377468
3.47 8.929999 1.9599999 10.31324 1.1459155 -6.8754935
3.09 8.98 1.31 19.480566 0.0 -10.886198
2.85 8.97 1.1899999 13.178029 0.0 -8.594366
3.1499999 8.88 1.37 1.7188734 1.1459155 -0.57295775
3.3999999 8.889999 1.43 -1.1459155 1.7188734 2.8647888
3.81 8.94 1.41 -3.4377468 -1.7188734 2.8647888
3.1699998 9.0199995 1.64 0.0 -2.291831 -2.291831
3.01 8.97 1.54 4.0107045 -1.1459155 -2.8647888
3.11 9.0 1.4599999 4.0107045 -1.1459155 -2.291831
3.59 9.09 1.5899999 0.0 0.0 4.583662
3.55 9.08 1.87 -2.8647888 -2.291831 4.0107045
3.59 9.13 1.92 -2.8647888 -3.4377468 1.7188734
3.27 9.32 1.8399999 2.8647888 -4.0107045 -2.291831
3.3 9.33 1.73 4.0107045 -1.1459155 -2.8647888
3.3999999 9.22 1.64 2.291831 -1.7188734 0.0
3.58 9.36 1.73 0.0 -1.1459155 1.1459155
