-2.6299999 10.17 1.73 16.042818 15.469859 -12.605071
-2.61 10.17 3.1399999 -6.8754935 16.042818 0.0
-1.53 9.809999 3.72 -23.49127 0.0 6.8754935
-0.96 9.7699995 3.6599998 -19.480566 -2.291831 8.594366
-1.2099999 10.26 2.56 -4.583662 4.583662 0.0
-2.02 10.41 2.32 3.4377468 28.64789 -10.31324
-2.08 9.809999 3.3 -23.49127 48.128452 -1.7188734
-1.53 9.44 3.47 -33.231552 50.993244 0.57295775
-1.3399999 9.46 3.4299998 -30.366762 53.858032 2.291831
-1.63 9.3 3.4199998 -23.49127 63.02536 1.7188734
-1.54 9.15 3.83 -20.62648 71.61973 2.8647888
-1.41 9.26 0.93 9.167324 91.10028 -1.7188734
-1.68 9.37 0.85999995 7.448451 93.39212 -3.4377468
-1.63 9.17 0.93 0.0 90.52733 -1.7188734
-1.9399999 9.24 1.4699999 -20.62648 80.21409 4.0107045
-1.26 9.0 0.53 -23.49127 86.516624 7.448451
-1.9599999 8.76 1.41 -29.793804 103.1324 9.167324
-1.9399999 8.4 2.27 -45.83662 100.26762 8.594366
-1.9699999 8.57 2.3999999 -42.398876 92.81916 10.886198
-1.4699999 8.83 0.72999996 -16.042818 87.089584 13.178029
-1.28 8.639999 -1.22 10.886198 100.26762 16.615776
-1.74 8.9 0.66999996 -16.042818 103.1324 18.907606
-1.23 9.09 1.78 -34.377464 95.11099 24.637184
-0.58 9.179999 1.31 -17.188732 87.662544 27.501974
0.07 8.72 -0.089999996 6.8754935 93.96508 23.49127
0.19 8.23 -0.29999998 9.167324 99.69466 16.615776
0.02 7.24 -0.089999996 4.0107045 101.41353 10.886198
-0.87 7.62 0.42 1.1459155 96.256905 13.178029
-1.05 8.099999 0.22 6.3025355 97.97578 24.064226
-0.31 8.08 -0.07 11.459155 101.41353 29.220846
0.48 8.429999 -2.1399999 26.929016 105.42423 28.64789
0.42 9.21 -3.1 14.896902 103.1324 20.62648
0.13 9.309999 -3.6799998 4.583662 101.98649 18.907606
-0.19 8.809999 -2.1699998 -25.210142 99.69466 26.356058
-1.0699999 8.84 -1.5699999 -39.53409 95.11099 29.793804
-0.66999996 9.719999 -1.02 -49.27437 93.39212 36.09634
-0.16 10.13 -3.34 -20.053522 104.85127 45.263664
-0.41 10.349999 -2.3999999 -29.220846 103.70536 45.83662
0.07 10.57 -1.38 -41.25296 87.662544 43.544792
1.4 10.36 -3.09 -10.31324 68.75493 38.961132
-0.17 10.66 -4.19 10.886198 80.21409 30.366762
0.25 10.29 -3.29 -5.7295775 69.32789 36.09634
0.65 10.62 -3.34 -4.0107045 53.285076 38.961132
0.97999996 10.59 -4.49 15.469859 52.712116 39.53409
1.16 10.11 -4.66 14.323945 46.98254 36.09634
0.34 10.83 -3.28 5.7295775 43.544792 32.085636
0.94 10.99 -3.47 18.334648 39.53409 33.231552
1.61 10.9 -5.25 29.220846 29.793804 34.377464
1.41 10.75 -6.42 38.961132 20.053522 28.64789
0.44 10.96 -4.91 20.62648 14.323945 21.772396
1.29 11.139999 -4.41 -2.291831 9.167324 25.210142
2.44 10.719999 -5.44 2.291831 1.7188734 31.51268
1.27 11.09 -4.52 0.57295775 0.0 19.480566
0.75 11.08 -3.32 -0.57295775 -14.896902 15.469859
2.1 11.12 -4.65 8.021409 -23.49127 14.896902
2.55 10.48 -6.5299997 30.366762 -30.939718 13.178029
1.65 10.45 -6.0299997 14.896902 -30.939718 6.3025355
0.21 10.969999 -2.1699998 -14.896902 -35.523384 5.7295775
1.09 10.91 -2.48 -15.469859 -44.69071 12.032113
2.69 11.12 -4.6 12.032113 -59.014652 20.053522
1.89 11.38 -4.15 20.053522 -61.879436 10.886198
1.75 11.16 -2.52 -0.57295775 -73.33859 2.8647888
2.34 11.15 -3.26 7.448451 -79.06818 5.7295775
2.34 11.15 -3.56 16.042818 -76.77634 8.021409
2.3799999 11.15 -3.51 18.334648 -73.33859 10.31324
1.8299999 11.34 -2.28 5.15662 -92.24621 3.4377468
3.28 11.19 -3.31 14.323945 -102.55944 6.8754935
3.29 11.05 -3.24 12.605071 -100.84057 4.0107045
2.52 10.469999 -2.08 0.0 -104.27831 -1.7188734
2.6299999 10.15 -1.3299999 -4.0107045 -110.0079 -4.0107045
2.8 10.04 -1.8 5.7295775 -111.72677 -1.7188734
2.57 9.639999 -1.92 12.605071 -110.58085 -5.15662
2.03 9.44 -1.5799999 8.594366 -115.16451 -9.167324
1.9799999 9.63 -1.12 0.0 -113.44564 -4.0107045
2.72 9.34 -1.4399999 -1.1459155 -117.456345 2.291831
2.1599998 8.69 -1.04 -7.448451 -114.0186 -0.57295775
1.02 8.66 0.13 -18.334648 -111.15381 -6.3025355
1.16 8.8 0.42 -18.907606 -111.72677 -4.0107045
2.58 8.16 -0.17999999 -6.3025355 -108.289024 0.57295775
2.26 7.85 -0.32 -5.15662 -105.42423 -3.4377468
0.7 7.52 0.51 -19.480566 -105.42423 -5.15662
0.53999996 7.87 2.12 -25.7831 -101.98649 12.032113
2.3 7.3399997 0.98999995 -8.021409 -96.256905 20.62648
1.49 7.0299997 0.82 -4.583662 -91.67324 14.896902
0.71 6.8599997 1.5899999 -8.594366 -89.38142 7.448451
-0.17999999 7.02 3.1399999 -26.356058 -87.662544 26.929016
2.36 7.0099998 1.4699999 -13.178029 -74.48451 40.680004
2.36 7.0099998 1.4699999 -13.178029 -74.48451 40.680004
2.55 6.1299996 1.67 -28.64789 -72.19268 42.971836
2.73 5.52 4.61 -80.21409 -52.712116 34.950428
2.1399999 5.56 4.2999997 -91.10028 -14.896902 36.09634
0.83 5.67 4.97 -91.10028 -14.896902 36.09634
-0.5 6.64 7.93 -85.94367 -6.3025355 61.879436
1.8399999 7.8199997 6.92 -45.263664 -28.64789 83.07887
3.8899999 8.96 4.23 3.4377468 -4.583662 103.70536
2.9199998 8.92 4.27 -20.62648 11.459155 81.93296
1.8199999 10.0 6.6299996 -45.263664 13.178029 69.900856
2.4299998 10.44 7.21 -41.825916 16.615776 75.057465
4.64 10.8 6.2599998 -29.793804 22.91831 81.36001
3.76 10.78 4.81 -2.291831 25.7831 73.91155
3.06 10.57 5.58 -12.605071 26.929016 57.29578
3.59 11.01 6.18 -25.210142 39.53409 65.317184
4.75 10.99 6.24 -20.62648 53.285076 76.77634
5.5099998 10.3 5.5 -3.4377468 59.58761 72.76564
4.83 11.33 5.62 5.15662 59.014652 67.03606
5.13 11.889999 3.97 30.366762 62.4524 50.993244
5.2799997 10.99 2.1 36.669296 67.03606 59.58761
4.89 11.059999 2.37 26.929016 73.91155 55.576904
4.98 11.41 3.4099998 0.0 86.516624 50.420284
7.0899997 11.58 2.8 11.459155 85.37071 53.858032
7.23 11.45 1.68 34.377464 75.630424 40.680004
6.3999996 11.429999 -0.22 60.733524 59.58761 21.199438
5.8199997 11.57 -0.47 40.680004 66.463104 16.042818
6.0 11.53 0.94 10.31324 75.057465 19.480566
7.06 11.04 0.90999997 11.459155 69.900856 17.188732
6.1 11.05 -1.5999999 52.139156 52.139156 -12.032113
5.92 10.25 -1.5999999 38.38817 62.4524 -8.594366
5.6299996 10.25 -1.24 28.64789 67.60902 -8.021409
5.33 10.07 -1.22 18.907606 67.03606 -10.886198
5.2599998 9.76 -1.8499999 20.053522 56.72282 -5.7295775
5.58 9.58 -1.81 17.761692 50.420284 -2.291831
5.2799997 9.12 -1.9 16.615776 40.107044 -6.3025355
4.13 9.08 -1.7099999 15.469859 40.107044 -10.886198
4.58 9.179999 -0.53999996 4.0107045 36.09634 -2.291831
4.71 8.96 -0.21 12.032113 34.377464 -3.4377468
4.11 8.82 -1.1899999 29.220846 21.772396 -8.021409
3.98 8.82 -1.5 32.085636 17.188732 -8.021409
3.8799999 8.9 -1.5 18.907606 12.605071 -7.448451
3.87 8.88 0.14999999 0.57295775 14.896902 -5.7295775
4.06 8.84 0.25 -4.0107045 8.021409 -0.57295775
4.16 8.82 0.29999998 -0.57295775 6.8754935 -0.57295775
4.24 8.84 0.76 0.0 4.0107045 -1.1459155
3.86 8.86 0.90999997 4.0107045 0.0 -5.7295775
3.6399999 8.82 0.65 4.0107045 0.0 -1.1459155
3.78 8.889999 0.56 3.4377468 0.0 0.0
3.57 8.75 0.96 0.0 -0.57295775 1.1459155
3.55 8.88 0.95 -1.7188734 -1.7188734 0.57295775
4.06 9.099999 1.5699999 -5.7295775 -4.0107045 2.291831
4.0699997 9.17 1.73 -6.3025355 -5.15662 2.291831
3.6499999 9.08 1.52 -2.291831 -4.0107045 -2.291831
3.3 9.05 1.5699999 0.0 -4.0107045 -2.8647888
3.6299999 9.19 2.0 -3.4377468 0.0 2.291831
3.6299999 9.0 1.7099999 0.57295775 -5.7295775 1.1459155
3.56 8.99 1.5699999 2.8647888 -5.7295775 0.0
3.6599998 9.12 1.62 1.7188734 -5.15662 0.0
3.77 9.04 1.99 -1.1459155 1.7188734 2.8647888
3.97 9.0199995 1.68 3.4377468 -1.7188734 2.291831
3.6599998 9.15 1.4 5.15662 -4.0107045 0.0
3.6299999 9.179999 1.36 0.0 -3.4377468 -1.1459155
3.72 9.04 1.65 0.0 -3.4377468 -1.1459155
3.52 8.849999 1.9499999 -5.7295775 0.0 0.0
3.9399998 9.01 1.78 -4.0107045 0.0 2.291831
4.14 9.139999 1.87 -4.0107045 0.57295775 5.15662
3.8899999 9.15 1.74 -1.1459155 0.57295775 0.0
3.58 9.04 1.09 6.8754935 0.0 -4.583662
3.58 8.99 1.09 7.448451 0.0 -4.0107045
3.61 8.889999 1.5999999 -0.57295775 0.57295775 -1.1459155
3.9399998 8.92 1.93 -5.7295775 4.0107045 2.291831
3.85 8.99 1.3399999 2.8647888 1.7188734 1.1459155
3.87 9.099999 1.2099999 1.7188734 -0.57295775 0.57295775
4.0 9.23 1.5 -0.57295775 -2.291831 0.0
3.81 9.139999 1.66 -1.7188734 -2.8647888 -1.7188734
3.6399999 8.889999 1.7199999 -2.291831 -1.1459155 -1.1459155
3.8999999 8.95 2.1599998 -1.7188734 1.1459155 -0.57295775
3.86 9.099999 1.6999999 -1.7188734 1.1459155 -0.57295775
3.62 8.94 0.78999996 6.3025355 0.0 -2.291831
3.74 8.92 1.23 0.0 0.0 -0.57295775
3.78 9.07 2.33 -13.178029 -0.57295775 0.0
3.9199998 9.03 2.5 -8.021409 -0.57295775 0.57295775
3.77 8.86 1.9399999 2.291831 -1.1459155 -1.1459155
3.6499999 8.95 1.36 6.3025355 0.0 -2.8647888
3.6699998 8.92 1.26 4.583662 1.1459155 -1.7188734
3.6299999 8.92 1.7099999 -3.4377468 -4.0107045 -0.57295775
3.82 8.99 1.9399999 -6.3025355 -2.8647888 0.0
3.99 9.059999 2.29 -7.448451 0.0 0.57295775
3.6 8.98 1.54 3.4377468 0.57295775 -1.7188734
3.58 8.99 1.24 4.583662 0.0 -0.57295775
3.77 9.09 1.5799999 0.0 0.0 1.1459155
3.9399998 9.01 1.89 -1.1459155 1.1459155 0.0
3.8 8.95 1.79 1.1459155 1.1459155 -0.57295775
3.72 8.95 1.7099999 4.583662 1.7188734 -1.1459155
3.6799998 9.08 1.51 4.0107045 0.57295775 0.0
3.82 9.03 1.49 4.0107045 0.57295775 0.0
3.77 9.04 1.13 3.4377468 0.0 0.0
3.56 8.95 0.72999996 1.1459155 -0.57295775 0.0
3.78 8.97 1.16 -17.188732 -0.57295775 2.8647888
4.0299997 8.88 2.8899999 -22.345354 -0.57295775 3.4377468
3.8899999 8.8 2.3899999 -5.7295775 -2.291831 0.0
3.6599998 8.91 1.14 13.178029 -5.15662 -1.7188734
3.6399999 9.099999 0.96 8.594366 -3.4377468 -1.1459155
3.75 9.04 1.51 -7.448451 0.0 1.1459155
4.04 8.98 2.35 -11.459155 0.0 2.291831
3.77 8.9 2.09 -6.3025355 -4.0107045 0.0
3.52 8.7699995 1.56 1.1459155 -5.7295775 -2.291831
3.55 8.69 1.61 1.1459155 -4.583662 -2.291831
3.9599998 9.0199995 2.3999999 -2.8647888 1.1459155 3.4377468
3.9599998 9.0199995 2.3999999 0.0 0.57295775 4.0107045
3.75 9.099999 1.49 7.448451 -3.4377468 0.0
3.7099998 9.139999 1.8399999 0.0 0.0 0.0
3.77 9.08 2.01 -2.291831 1.7188734 0.57295775
3.79 9.05 2.06 -1.7188734 2.291831 1.1459155
3.75 8.98 2.03 0.0 1.7188734 0.57295775
3.83 9.139999 1.62 4.0107045 -1.1459155 0.0
3.84 9.11 1.5 0.57295775 0.0 -0.57295775
3.8899999 9.099999 1.79 -4.0107045 1.1459155 0.0
3.8799999 8.929999 2.08 -3.4377468 0.57295775 -0.57295775
3.87 9.03 1.49 4.583662 -1.7188734 -1.7188734
3.81 8.9 1.39 0.0 0.57295775 -1.1459155
3.76 8.87 2.24 -5.7295775 3.4377468 -1.1459155
3.72 8.84 2.1699998 -3.4377468 1.7188734 -1.1459155
3.81 8.889999 1.0699999 4.583662 -1.1459155 0.57295775
3.85 8.9 0.94 -5.7295775 0.0 1.1459155
3.8 8.8 2.03 -18.334648 1.7188734 0.57295775
3.82 8.78 2.72 -13.178029 0.0 0.57295775
3.83 8.76 2.58 -5.15662 -1.1459155 0.57295775
3.77 8.87 1.56 8.021409 -1.7188734 0.0
3.79 8.88 1.4 9.167324 -1.1459155 0.0
3.74 8.96 1.53 2.8647888 -0.57295775 0.0
3.9199998 9.0 1.8 -5.15662 -0.57295775 2.291831
3.79 8.929999 1.9799999 -4.0107045 -2.291831 0.0
3.81 8.889999 2.22 -3.4377468 -2.8647888 -0.57295775
3.79 8.98 2.26 -0.57295775 -1.1459155 0.0
3.82 8.98 1.79 4.583662 -0.57295775 0.0
3.75 8.91 1.5899999 5.7295775 0.0 0.0
3.6799998 8.88 1.66 2.8647888 -0.57295775 -0.57295775
3.6599998 8.96 1.92 -2.291831 0.0 0.0
3.9299998 8.96 2.06 -3.4377468 0.0 1.7188734
3.9599998 8.97 2.4199998 -1.7188734 0.57295775 0.0
3.73 8.88 1.99 4.0107045 0.0 -1.1459155
3.8 8.95 1.8199999 6.3025355 -0.57295775 -1.1459155
3.83 9.05 1.68 2.291831 0.57295775 -1.1459155
3.8799999 8.92 1.93 -1.7188734 2.8647888 0.0
3.6999998 8.9 1.63 -1.7188734 2.291831 -1.1459155
3.79 8.889999 1.73 -1.1459155 0.57295775 -0.57295775
3.77 8.84 2.1699998 -3.4377468 1.1459155 0.0
3.8 8.7699995 2.06 -1.7188734 0.0 -1.1459155
3.6899998 8.74 1.66 1.7188734 1.7188734 -0.57295775
