-2.0925963 9.665688 -0.14365649 -6.36293 -8.434301 -11.049046
-1.8819 9.742304 -0.6081458 7.3920703 -4.9693 -15.039045
-1.664021 9.742304 -0.42618093 15.93207 -2.0993001 -12.554045
-1.5586729 9.593859 -0.026337024 13.72707 -7.5593 -6.324045
-1.7190893 9.634562 0.46209505 4.24207 -12.3193 -3.664045
-1.8411974 9.634562 0.6703969 -6.08293 -12.9493 -4.644045
-1.4964218 9.435837 0.531529 -11.89293 -11.1993 -6.149045
-1.3360053 9.364009 0.35435268 -11.26293 -8.189301 -6.0790453
-1.6520497 9.215564 0.4644893 -7.30793 -7.3493 -5.1690454
-2.1237218 9.141341 0.69912827 -4.9979305 -9.9043 -7.024045
-2.1189332 9.007262 1.1061549 -11.92793 -8.539301 -16.684046
-2.6791935 9.308941 1.594587 -15.74293 -6.7542996 -17.734045
-2.4182177 9.143736 1.8866886 -17.63293 -10.9543 -16.089045
-2.2697725 8.882759 2.1620302 -18.052929 -12.914301 -14.374046
-2.3487835 8.858817 3.1580484 -17.87793 -14.244301 -13.499045
-2.6935592 8.736709 4.163644 -21.20293 -20.5093 -17.034044
-3.1077688 8.475733 4.905869 -27.222929 -28.4193 -22.074045
-2.9473522 8.399116 5.5331693 -27.957932 -27.0543 -25.714046
-2.9425638 8.456578 5.3966956 -23.127932 -15.399301 -25.714046
-2.8084843 8.219545 4.5108137 -11.92793 -12.634299 -22.319044
-2.5283542 8.039975 2.743839 4.73207 -16.0643 -17.769047
-2.1237218 8.18842 2.1045675 16.35207 -11.7943 -14.794046
-2.865947 8.073495 2.8587642 15.61707 -15.189301 -12.624044
-3.7326744 7.7861814 4.309695 -3.10793 -7.6643004 -9.649045
-3.4381785 7.501263 4.130124 -26.52293 32.025703 -6.569045
-2.4158232 7.6305537 3.0622776 -29.392931 60.5507 2.005955
-1.9585168 8.229122 1.9656997 10.647071 58.6957 29.935955
-1.6616267 8.176449 1.5586729 21.637072 65.3457 38.160954
-1.6257126 8.080677 0.9720756 26.712069 67.165695 39.140957
-1.3024855 8.521224 0.38308397 30.492067 66.745705 39.000954
-0.65842557 8.526012 -0.28013015 34.48207 71.050705 46.560955
-0.54828894 8.382356 -0.3304099 36.09207 75.0407 52.615955
-0.2370332 8.961771 -0.12689656 32.73207 74.025696 49.220955
0.7110996 8.961771 -1.0870007 33.92207 75.1457 50.340958
0.8332076 8.487704 -1.5395187 42.252068 74.830696 53.385952
-0.038308397 9.14613 -0.9960183 44.77207 71.4707 46.210957
0.9026416 9.75667 -1.7190893 42.35707 71.4007 37.180958
2.4373717 10.223554 -3.7398572 48.79707 74.7957 44.915955
3.2562137 9.900327 -5.4062724 57.337067 82.67071 55.065956
1.472479 9.344854 -3.677606 48.16707 92.120705 48.870956
-0.71828246 9.088667 -0.9864412 19.46707 94.9557 21.430956
0.55307746 8.296163 -2.9593236 7.5320706 96.6707 7.185955
1.158829 8.13814 -4.7334814 33.08207 90.7907 24.370956
0.38547826 8.662486 -4.539545 56.042072 70.1757 39.000954
0.8284191 8.703189 -4.348003 50.33707 60.795704 40.575954
2.0782306 8.332076 -5.672037 40.012066 63.560703 48.065956
2.2601955 8.164477 -6.4932733 40.99207 63.525703 61.12096
0.8475733 8.657698 -3.502824 34.062073 62.7207 63.500957
1.8172545 8.6984005 -3.8380225 11.452069 45.1157 57.340954
4.3192716 8.686429 -6.718335 39.10207 31.150703 72.11096
5.4350038 9.574705 -9.131764 52.19207 16.9407 74.00095
5.219519 9.407105 -9.462174 34.65707 11.8307 56.395958
4.0822387 10.252285 -8.183631 7.63707 5.9857 37.740955
4.5467277 10.101445 -8.681641 -3.4929302 -5.9493003 35.465954
5.4685235 9.703996 -9.761458 -1.18293 -23.2043 36.585957
6.0048413 9.2490835 -10.632975 -5.6279297 -40.4593 32.210957
4.8340406 8.672064 -9.067119 -28.13293 -53.6543 19.015955
4.455745 8.269825 -7.4414062 -59.072926 -61.599297 6.4509554
5.339233 8.039975 -6.742278 -74.89293 -71.9243 7.1509547
5.906676 7.8915296 -6.821289 -77.34293 -87.1143 9.845955
5.219519 7.884347 -5.873156 -82.522934 -98.2443 4.385955
4.6999617 7.7167478 -4.0894213 -97.50293 -105.3143 -4.679045
5.095017 7.4845033 -3.0096035 -106.46293 -116.444305 -9.299045
4.9561486 7.7574506 -2.813273 -101.45793 -132.0543 -10.699046
4.4222255 7.9418097 -1.376708 -94.91293 -146.9993 -15.809045
3.8978794 7.953781 0.38787252 -93.26794 -165.68932 -24.874046
4.163644 7.963358 0.076616794 -83.88793 -188.9293 -35.409046
4.5084195 8.18842 -0.36632404 -70.09793 -203.4893 -38.244045
4.7717896 7.616188 2.7558103 -77.34293 -198.02931 -36.424046
4.4820824 7.0774765 5.255433 -98.97293 -191.9043 -42.409046
3.0000262 6.7734036 3.929005 -89.41793 -204.7493 -58.36905
1.8268317 6.7303066 2.2889266 -53.752934 -207.47931 -70.09405
2.1500587 6.0335727 3.5938065 -47.62793 -185.1143 -64.98405
1.5538844 5.734288 6.2538457 -77.72793 -159.21431 -49.969048
1.6233183 5.5140147 7.7167478 -97.85293 -143.14929 -37.929047
1.3383996 5.7438655 7.048745 -84.83294 -139.5793 -28.164045
0.89545876 6.098218 6.4932733 -54.52293 -137.5143 -20.499044
1.2881198 6.2155375 7.5587254 -34.39793 -128.6243 -9.929045
2.6959534 6.612987 7.867587 -30.547932 -121.2393 7.8859553
3.059883 7.395915 7.762239 -23.127932 -118.474304 24.370956
3.2897336 7.4821086 8.873182 -13.36293 -110.179306 31.510954
3.9792848 8.458973 10.355239 -16.82793 -92.8193 39.875957
6.5555243 9.620196 10.656918 -23.267931 -72.379295 51.460953
5.5283804 10.470163 10.462981 -17.457932 -44.8343 57.445953
2.8779182 10.240314 10.034406 15.827071 57.4707 23.285955
2.0662591 9.811738 8.116591 43.79207 62.615696 22.305956
3.222694 10.304958 5.6337285 61.397068 50.1907 35.780956
3.3232534 10.247497 4.7622128 56.67207 68.2157 43.935955
3.380716 9.866806 4.6832013 47.92207 86.4157 41.800957
3.2274826 9.603436 3.7159145 51.737072 75.6707 38.72096
2.971295 9.677659 2.4182177 61.04707 68.7057 38.335953
3.2610023 10.10384 1.9537282 57.44207 75.1107 42.360954
4.228289 10.443827 1.7933118 45.647068 81.0607 47.645954
4.7550297 10.903527 0.88109314 41.93707 83.230705 50.550957
4.5706706 10.779025 -0.11492519 42.462074 85.050705 45.720955
4.295329 10.585089 -0.2849187 36.827072 82.53071 37.285954
4.479688 10.903527 0.16520496 22.02207 76.4057 35.010956
4.4485626 11.353651 -0.34956414 11.207071 81.6207 37.670956
4.982486 10.817333 -1.6305012 13.44707 88.6557 37.705956
4.5108137 10.113417 -1.9297855 15.68707 78.330696 32.350956
3.031152 10.158908 -1.1372806 4.34707 64.925705 25.210957
3.1939626 10.946625 -0.08140534 -15.0779295 72.6257 28.605953
4.5515165 10.972961 -0.42618093 -20.642931 89.4257 42.780956
4.4844766 10.932259 -1.0415095 -2.1279302 88.9007 47.960957
3.301705 11.4997015 -1.7621863 20.97207 72.6607 37.145954
3.387899 12.127002 -2.2147043 32.242073 58.905697 26.575954
4.563488 12.167705 -2.5044115 34.447067 54.6007 25.735954
4.625739 11.451817 -2.7773588 36.09207 45.605698 22.830956
3.3855045 10.903527 -2.762993 38.612072 27.5107 10.020956
3.0694604 10.225947 -1.8196489 32.59207 14.280701 -0.72404504
3.605778 9.852441 -0.9888355 18.17207 11.7607 -0.899045
3.9337935 9.692024 -0.5770202 10.2970705 8.9607 2.740955
4.0151987 9.431048 0.10774237 9.35207 5.8107004 3.090955
3.737463 9.215564 -0.19154198 9.91207 5.3907 -0.024045
3.8380225 9.172467 -0.36392978 14.112071 3.5356998 -3.6990452
3.929005 9.143736 -0.2561874 14.882071 1.5407 -4.3290453
3.756617 9.038387 0.339987 8.477071 1.2607 -3.7340448
3.4860642 8.91149 0.6488485 1.1270701 -1.2593 -5.1690454
3.5770466 8.901914 0.69194543 -2.16293 -2.5542998 -6.674045
3.615355 9.012051 0.46209505 -1.14793 -2.4143 -6.044045
3.5052183 9.002473 0.6344828 1.19707 -3.6043003 -5.6590447
3.3160706 8.873182 0.8571504 -0.41293 -2.0643 -6.114045
3.2442424 8.865999 0.92658436 -2.82793 -0.3843 -5.939045
3.3256476 8.959376 0.5650489 -0.55292994 -0.2443 -2.089045
3.4046588 8.935433 0.68715686 -0.97292995 0.84070003 -0.33904502
3.284945 8.813326 1.1037607 -3.35293 3.5007002 0.29095498
3.2298768 8.954588 1.0798179 -1.2879299 3.1156998 0.71095496
3.493247 9.124581 0.7972935 2.28207 1.1906999 2.495955
3.8978794 9.160496 0.9481328 1.7570701 1.0857 3.930955
3.8356283 9.134158 0.9792584 0.84707004 1.3657 2.495955
3.3783216 9.136553 1.1372806 0.9170701 1.8557 -0.759045
3.5914123 9.1628895 1.0989721 1.40707 2.7657 -1.389045
3.8236568 9.191621 0.9601042 3.36707 3.1507 0.045955
3.5674694 9.2490835 0.8379962 5.29207 3.1507 -1.3190451
3.3232534 9.244295 0.68236834 5.78207 3.3257 -3.349045
3.3040993 9.191621 0.6249057 5.08207 3.3957 -3.209045
3.4980354 9.265843 0.65363705 3.9270697 4.2707005 -1.9140451
3.4262073 9.311335 0.37590113 3.22707 5.2507005 -1.809045
3.2107224 9.237112 0.3328042 3.57707 4.5856996 -3.5940452
3.1029801 9.074302 0.39266106 2.28207 3.5007002 -4.294045
3.1029801 8.990502 0.57462597 0.32207 2.1007001 -2.754045
3.1125572 8.913885 0.51716334 -0.06293 1.5057 -0.79404503
3.3735332 8.851634 0.3423813 1.1270701 -0.5943 1.620955
3.8284454 9.043176 0.36871833 0.35707 -0.8743 4.245955
3.7350688 9.1628895 0.28970724 -1.56793 -2.6593 4.245955
3.3831103 9.093455 0.6201172 -3.7379303 -6.0543003 1.410955
3.2394538 8.990502 1.1277034 -8.112929 -4.9343 -0.094045
3.2610023 9.081485 1.2186859 -9.65293 -2.8693 1.130955
3.6800003 9.1940155 1.2713599 -6.46793 -2.4843001 3.370955
4.0295644 9.481328 1.0415095 -2.6879303 -1.5043 4.9459553
3.6895776 9.5483675 0.6703969 1.61707 -1.6093 2.775955
3.2370596 9.404712 0.4740664 4.24207 -0.8393 -2.089045
3.2346652 9.256267 0.68715686 2.21207 0.8057 -3.874045
3.387899 9.265843 0.7350424 -2.2329302 1.5407 -1.809045
3.5315554 9.253872 0.7709565 -4.2629304 0.4907 0.010954999
3.5890179 9.196409 0.90982443 -4.2279296 -0.3143 0.150955
3.5435266 9.172467 0.86912173 -3.3879302 -1.8193 -1.249045
3.641692 9.047964 0.8834874 -1.6029301 -2.5893 -3.139045
3.4166303 9.131764 0.9577099 -0.90292996 -3.0793002 -4.4690447
3.337619 9.150918 0.7877164 -0.51793003 -4.1643 -6.0790453
3.2538195 9.088667 0.9337672 0.88207006 -5.9143 -6.534045
