0.68 10.2 3.8 5.7295775 -11.459155 -25.7831
0.049999997 9.809999 3.26 5.7295775 -17.761692 -33.80451
-1.87 9.4 5.12 -22.91831 -36.09634 -24.064226
-2.1599998 9.04 6.97 -42.398876 -17.188732 -13.178029
-2.04 9.16 8.57 -40.680004 4.583662 -1.7188734
-1.17 9.559999 9.04 -20.053522 17.761692 1.7188734
0.45999998 9.53 8.21 0.0 27.501974 -8.594366
0.26999998 9.12 7.69 5.15662 48.701412 -26.356058
-0.24 8.44 7.5699997 4.0107045 63.598316 -25.210142
-0.77 7.93 7.25 2.291831 91.67324 -18.907606
-0.82 7.2799997 6.2599998 1.1459155 112.87268 -10.886198
-0.049999997 6.8399997 5.08 1.7188734 118.60226 -8.021409
0.7 5.7799997 3.8899999 -3.4377468 126.62367 -11.459155
-1.1999999 4.8399997 2.86 -23.49127 148.96902 0.0
-1.61 4.92 3.4099998 -24.064226 147.8231 18.334648
0.0 4.92 3.33 -6.8754935 128.9155 30.366762
1.1899999 5.3199997 2.51 8.594366 115.16451 31.51268
1.74 5.5099998 1.86 7.448451 118.60226 32.085636
1.4399999 5.5499997 2.4199998 -0.57295775 122.61296 34.950428
0.55 5.94 2.56 -0.57295775 134.07211 50.420284
0.95 6.5099998 2.28 -0.57295775 129.48846 63.598316
3.3 6.7599998 2.3 -0.57295775 115.73747 65.317184
4.8199997 6.92 2.3899999 0.0 121.46705 52.712116
3.59 7.04 2.33 -2.8647888 136.9369 50.420284
3.09 7.8999996 2.6 15.469859 139.80171 81.93296
6.31 8.349999 1.0799999 37.242256 123.18592 83.65183
6.64 8.34 -0.74 37.242256 119.17522 62.4524
4.0 8.96 -0.77 21.199438 126.05072 51.5662
3.79 9.16 -0.55 17.188732 115.73747 65.317184
5.75 9.309999 -1.64 28.64789 103.1324 74.48451
7.06 9.62 -3.61 40.107044 102.55944 59.014652
5.9 9.88 -4.22 44.11775 92.81916 51.5662
5.74 10.37 -4.5699997 59.014652 72.19268 58.441692
6.79 10.969999 -5.97 69.900856 55.576904 56.14986
6.87 10.83 -7.54 64.74423 42.971836 46.98254
5.46 10.7 -8.13 48.701412 40.107044 45.263664
6.81 11.219999 -8.29 16.615776 6.8754935 58.441692
6.94 11.179999 -7.3799996 -5.7295775 2.291831 51.5662
6.0099998 11.559999 -5.58 -16.042818 -5.15662 44.69071
6.73 12.25 -4.56 -4.0107045 -25.7831 48.128452
8.0199995 12.139999 -5.7799997 12.605071 -46.40958 44.11775
8.19 11.84 -6.2799997 3.4377468 -60.160564 23.49127
7.0 11.66 -5.0499997 -7.448451 -72.19268 18.334648
6.8999996 11.37 -3.8899999 -10.31324 -82.50592 19.480566
7.7599998 11.219999 -3.52 -9.740283 -89.95437 14.323945
7.56 10.599999 -3.83 -16.615776 -98.54874 5.7295775
6.3799996 10.33 -2.69 -23.49127 -110.0079 6.8754935
7.43 10.37 -0.69 -1.7188734 -126.05072 16.042818
7.48 9.8 -1.78 6.3025355 -129.48846 9.167324
6.6499996 9.23 -1.99 -0.57295775 -133.49916 4.0107045
5.87 8.92 -1.65 -9.740283 -137.50986 6.8754935
6.3799996 8.99 -0.98999995 -14.896902 -145.53128 14.323945
7.2599998 8.92 0.16 -21.772396 -155.27156 10.31324
7.1499996 9.01 1.25 -18.334648 -148.39606 5.7295775
6.72 8.8 1.02 -14.896902 -144.38536 3.4377468
6.2799997 8.48 0.61 -18.334648 -144.95831 0.57295775
5.89 8.48 0.98999995 -26.929016 -143.23946 -1.7188734
5.52 8.32 1.5 -32.085636 -139.80171 0.0
5.22 7.91 1.38 -32.085636 -135.21803 0.0
4.99 7.7 1.13 -34.377464 -134.64508 -5.7295775
3.9599998 7.3399997 1.43 -42.398876 -133.49916 -12.032113
3.35 6.98 2.76 -48.128452 -140.37466 -10.886198
3.3 6.95 3.07 -40.680004 -140.94762 -3.4377468
3.3799999 6.8799996 1.8399999 -38.961132 -134.07211 0.0
2.76 6.85 1.68 -73.91155 -130.63437 -3.4377468
2.62 6.42 3.49 -89.38142 -131.20734 -4.583662
2.1499999 5.81 5.35 -79.06818 -115.16451 -4.0107045
1.55 5.52 5.81 -52.139156 -97.97578 4.0107045
1.6999999 5.49 5.06 -29.793804 -92.81916 12.605071
1.56 5.96 4.04 -24.637184 -88.2355 13.750987
0.77 5.5 3.1699998 -34.377464 -83.65183 21.772396
1.25 5.47 2.99 -40.107044 -72.19268 36.09634
2.1299999 5.81 2.12 -47.555496 -55.00395 50.420284
2.6399999 5.83 2.85 -68.75493 -50.993244 54.43099
2.76 5.77 5.43 -81.36001 -53.858032 54.43099
2.32 5.48 7.12 -62.4524 -51.5662 61.879436
2.03 5.8199997 8.34 -43.544792 -28.64789 79.06818
3.1599998 6.99 8.63 -20.62648 -6.3025355 95.11099
3.8899999 8.179999 8.46 5.7295775 -1.7188734 94.53803
4.33 9.41 7.96 25.7831 3.4377468 91.67324
5.2999997 10.16 7.64 33.80451 21.772396 87.089584
6.0899997 10.65 4.37 27.501974 62.4524 74.48451
5.49 10.2699995 4.0699997 6.8754935 64.74423 63.02536
5.68 9.84 5.79 -3.4377468 65.890144 59.014652
6.75 9.65 6.06 8.594366 67.60902 62.4524
7.21 9.17 5.08 20.053522 75.630424 59.014652
6.3599997 8.95 4.66 18.334648 100.84057 56.72282
6.3199997 9.05 4.98 29.793804 105.42423 62.4524
7.5699997 9.599999 4.49 46.40958 103.70536 62.4524
9.46 10.16 3.0 48.701412 103.70536 49.27437
9.62 9.73 2.12 33.80451 96.256905 31.51268
7.85 8.79 3.48 24.064226 100.84057 29.220846
8.849999 9.12 3.58 47.555496 114.0186 42.398876
9.91 9.309999 1.93 63.598316 112.87268 36.669296
9.929999 9.28 1.27 63.598316 105.42423 25.210142
9.54 9.12 1.91 55.576904 100.84057 17.188732
8.9 9.5199995 1.0799999 59.58761 118.029305 14.896902
9.3 9.08 -0.5 65.317184 117.456345 11.459155
8.95 8.55 -1.39 60.160564 102.55944 3.4377468
9.22 8.4 -1.27 57.29578 89.95437 -0.57295775
8.639999 7.73 -1.25 57.29578 84.79775 -4.583662
8.07 7.4199996 -1.05 58.441692 79.641136 -2.8647888
7.6299996 7.06 -1.3399999 59.014652 76.203384 -2.8647888
7.2799997 7.16 -1.74 60.733524 60.733524 -0.57295775
7.21 6.97 -2.47 60.733524 48.128452 -4.0107045
6.41 6.6099997 -2.6 58.441692 34.377464 -9.740283
5.87 6.46 -2.06 48.701412 24.064226 -8.594366
5.9 6.5099998 -1.36 35.523384 20.053522 -3.4377468
5.97 6.85 -1.01 25.210142 26.356058 1.1459155
6.3799996 7.02 -0.32999998 13.178029 18.334648 2.291831
6.3399997 7.02 0.47 16.615776 13.750987 -0.57295775
6.3399997 7.1499996 0.78 24.064226 11.459155 -4.583662
5.95 6.98 0.74 28.07493 9.740283 -6.8754935
5.3399997 6.81 0.71 27.501974 13.750987 -3.4377468
5.49 6.85 0.5 22.345354 18.907606 1.1459155
5.81 7.1 0.37 13.750987 14.896902 2.291831
5.46 7.2599998 0.87 13.178029 5.15662 0.0
5.16 7.4199996 0.39 15.469859 3.4377468 2.291831
5.49 7.3399997 0.07 7.448451 1.1459155 5.15662
5.46 7.48 0.78999996 -4.583662 2.8647888 5.7295775
5.64 7.7599998 1.8299999 -5.15662 1.7188734 7.448451
5.8599997 7.89 2.26 4.0107045 0.0 5.7295775
5.98 7.68 1.6999999 10.31324 2.8647888 2.291831
5.4 7.66 1.17 9.167324 1.1459155 1.7188734
5.23 7.7599998 1.26 8.021409 -4.0107045 4.0107045
5.58 7.91 1.09 5.15662 -3.4377468 2.291831
5.18 7.68 1.36 -6.8754935 0.0 2.8647888
5.35 7.7599998 2.21 -9.167324 0.0 5.7295775
6.0099998 7.91 2.44 -1.7188734 -2.8647888 6.3025355
5.92 7.9199996 1.9699999 10.31324 -3.4377468 1.7188734
5.73 7.95 1.64 15.469859 -5.15662 -0.57295775
5.5899997 7.93 1.23 10.886198 -2.8647888 -2.291831
5.37 7.8799996 1.04 2.8647888 0.0 -0.57295775
5.5099998 7.77 1.16 -4.0107045 0.0 0.0
5.68 7.71 1.55 -5.7295775 0.0 0.0
5.69 7.77 1.7099999 -3.4377468 -1.7188734 -1.7188734
5.45 7.6 1.63 -1.7188734 -3.4377468 -2.291831
5.52 7.49 1.5899999 -4.583662 -1.1459155 -0.57295775
5.37 7.6499996 1.78 -5.7295775 -0.57295775 -0.57295775
5.33 7.66 1.8499999 -2.8647888 -2.291831 0.0
5.49 7.6099997 1.78 0.0 -1.7188734 0.57295775
5.5 7.6 1.8299999 -0.57295775 0.0 0.0
5.65 7.83 1.88 1.1459155 -1.7188734 0.57295775
5.5499997 7.85 1.4699999 2.8647888 -3.4377468 0.0
5.2599998 7.77 1.25 -5.15662 0.0 0.57295775
5.19 7.91 1.56 -13.178029 2.291831 3.4377468
5.66 8.23 2.02 -14.896902 0.0 2.291831
5.94 8.32 2.69 -6.3025355 -1.7188734 -1.7188734
5.52 7.8399997 1.8199999 9.740283 -1.7188734 -5.15662
5.3199997 8.03 1.23 6.3025355 0.0 -1.7188734
5.71 8.15 1.0699999 -1.1459155 0.0 -1.1459155
5.37 7.96 1.62 -6.8754935 -2.8647888 -5.7295775
5.12 7.77 2.22 -7.448451 0.0 -5.7295775
5.16 7.75 2.27 -2.291831 2.8647888 -2.8647888
5.6299996 7.7999997 2.1499999 2.291831 4.583662 -3.4377468
5.5499997 7.8599997 2.0 4.583662 2.8647888 -5.7295775
5.58 7.6699996 1.8399999 4.0107045 2.8647888 -6.8754935
5.2599998 7.46 1.64 1.1459155 3.4377468 -6.3025355
5.08 7.3799996 1.63 0.0 3.4377468 -3.4377468
5.37 7.47 1.9699999 1.1459155 2.8647888 -0.57295775
5.5699997 7.6299996 1.7199999 4.0107045 4.0107045 0.0
5.54 7.75 1.13 4.583662 1.1459155 -1.7188734
5.2999997 7.6 1.03 0.57295775 0.0 -2.8647888
4.98 7.62 1.68 -4.0107045 1.1459155 -1.1459155
5.41 8.0 2.29 -3.4377468 5.15662 1.7188734
6.18 8.33 2.12 7.448451 4.583662 -2.8647888
5.89 8.2699995 1.66 10.886198 3.4377468 -9.167324
5.18 8.07 1.24 6.3025355 2.8647888 -6.8754935
5.1 7.96 1.23 -0.57295775 3.4377468 -5.15662
5.2 7.94 1.28 -5.7295775 5.7295775 -3.4377468
5.27 8.09 1.4699999 -4.583662 1.7188734 -5.15662
4.95 7.9199996 1.39 -3.4377468 -2.291831 -5.15662
