-0.099999994 11.01 1.9599999 27.501974 -10.886198 7.448451
0.089999996 10.929999 1.67 13.750987 -9.167324 16.042818
0.68 10.54 2.1599998 -4.583662 -9.740283 23.49127
1.3199999 10.46 3.55 -8.594366 -8.021409 11.459155
0.77 10.54 3.6299999 -2.291831 -4.0107045 1.1459155
0.21 10.3 3.29 7.448451 12.032113 -18.907606
0.0 10.2699995 3.6299999 2.291831 18.907606 -21.199438
0.06 9.849999 4.54 -6.3025355 28.07493 -20.053522
-0.01 9.54 4.67 -6.3025355 28.07493 -18.907606
0.14 9.05 3.9299998 9.740283 33.231552 -20.62648
0.29999998 9.25 4.0099998 12.605071 40.107044 -21.199438
0.53999996 9.26 3.59 16.042818 40.680004 -22.345354
0.24 9.12 2.37 16.042818 52.712116 -21.772396
0.22999999 9.21 2.9299998 4.583662 66.463104 -21.199438
0.45999998 8.58 3.57 -9.740283 65.890144 -20.053522
0.56 8.58 3.62 -10.31324 65.890144 -21.199438
0.62 8.599999 2.98 0.0 68.18198 -21.772396
0.48 8.75 2.8 5.7295775 75.057465 -22.345354
0.31 8.8 2.6599998 4.0107045 81.93296 -17.188732
0.87 8.809999 2.26 1.7188734 83.65183 -9.740283
0.78999996 8.58 1.78 0.57295775 88.2355 -8.594366
0.69 8.2 1.6899999 -2.8647888 93.96508 -5.15662
0.61 7.94 1.93 -5.7295775 98.54874 0.0
0.42999998 7.44 2.7 -6.8754935 108.86198 13.178029
1.06 7.3399997 2.37 4.583662 112.29972 29.793804
1.87 7.87 1.5899999 20.62648 103.1324 30.939718
1.73 8.62 0.76 26.356058 96.256905 18.334648
2.1599998 8.7 -0.32999998 23.49127 95.68395 21.772396
2.22 8.559999 -0.84999996 7.448451 112.29972 30.366762
2.24 8.33 -0.12 -18.907606 126.05072 38.38817
2.36 8.07 0.82 -29.793804 126.62367 42.971836
2.79 8.28 0.11 -14.323945 119.74818 40.680004
3.84 7.79 -2.02 0.0 120.32113 42.398876
3.61 6.06 -2.51 -18.334648 124.33183 44.11775
2.12 5.2 0.17999999 -37.242256 125.47776 43.544792
1.36 5.62 0.51 -48.701412 120.32113 62.4524
2.09 6.25 -0.96 -33.231552 132.35324 87.089584
3.6999998 6.71 0.19999999 -31.51268 134.07211 98.54874
3.82 7.71 0.56 -27.501974 122.04 97.402824
5.15 8.82 -0.25 -4.583662 92.24621 89.95437
4.99 9.23 -1.63 21.199438 89.38142 83.07887
4.3399997 9.88 -0.78999996 21.199438 102.55944 76.77634
4.44 11.38 -0.25 20.053522 96.256905 78.49522
6.92 11.0 -2.62 36.09634 91.10028 83.65183
6.47 11.23 -3.84 45.263664 87.089584 75.057465
5.16 11.469999 -3.73 30.366762 83.65183 57.29578
4.85 11.92 -2.79 13.750987 76.203384 56.14986
6.42 11.37 -3.85 13.178029 65.890144 60.733524
6.3399997 11.559999 -4.42 22.345354 56.72282 48.701412
4.8399997 12.09 -3.9599998 16.615776 46.40958 35.523384
5.5499997 12.19 -3.49 10.886198 30.366762 32.658592
6.87 12.19 -4.0899997 20.62648 14.896902 34.377464
6.69 12.2 -5.0099998 30.939718 12.605071 20.62648
5.5099998 12.44 -4.85 26.356058 1.7188734 8.021409
5.64 12.36 -4.0 14.896902 -10.31324 3.4377468
6.41 12.0 -4.72 16.615776 -14.896902 2.8647888
6.8799996 11.44 -5.29 16.042818 -27.501974 -5.7295775
5.24 11.12 -3.8899999 4.583662 -33.80451 -12.032113
4.94 10.91 -2.3899999 -14.896902 -40.107044 -22.345354
5.95 10.32 -2.6399999 -10.886198 -49.27437 -14.323945
5.89 9.94 -3.1399999 -0.57295775 -61.879436 -12.605071
5.12 9.94 -2.22 -5.7295775 -64.74423 -17.761692
5.19 9.74 -1.53 -15.469859 -72.19268 -16.615776
5.49 9.59 -1.93 -10.886198 -83.07887 -15.469859
5.3599997 9.429999 -2.03 -6.8754935 -91.10028 -16.615776
5.22 9.54 -1.23 -14.323945 -94.53803 -20.053522
5.46 9.48 -0.57 -24.064226 -104.27831 -18.334648
5.31 9.51 -0.35 -27.501974 -106.57015 -18.334648
4.7599998 9.03 0.37 -27.501974 -108.86198 -21.772396
4.79 9.2699995 0.29999998 -22.91831 -108.289024 -24.637184
5.0899997 9.09 -0.07 -13.750987 -110.58085 -21.772396
4.73 8.78 -0.17 -14.323945 -110.0079 -20.62648
4.31 8.7699995 0.38 -17.188732 -111.15381 -21.772396
4.37 9.09 1.17 -17.188732 -114.0186 -23.49127
4.68 9.2 -0.17999999 -1.1459155 -110.58085 -20.62648
4.44 9.0 -1.23 4.0107045 -110.0079 -19.480566
4.15 8.95 -0.62 -12.032113 -115.16451 -20.053522
4.41 9.12 0.19 -23.49127 -116.883385 -19.480566
4.29 9.099999 0.19 -20.62648 -115.73747 -18.907606
3.85 8.57 0.22 -22.91831 -115.16451 -14.896902
3.55 8.37 1.43 -32.658592 -111.15381 -11.459155
3.3899999 8.58 2.31 -29.220846 -111.15381 -7.448451
3.5 8.65 1.56 -6.3025355 -111.72677 -5.7295775
3.54 8.67 0.81 4.583662 -110.0079 -5.15662
3.25 8.65 0.96999997 -2.8647888 -108.289024 -2.291831
3.01 8.429999 2.07 -14.323945 -101.98649 3.4377468
3.12 8.37 2.1399999 -11.459155 -99.69466 4.583662
2.82 7.99 1.3199999 -1.1459155 -92.24621 5.7295775
2.59 8.099999 1.29 -4.0107045 -90.52733 7.448451
2.4099998 8.09 1.54 -13.750987 -83.65183 14.896902
2.54 7.77 2.45 -15.469859 -76.77634 22.91831
2.56 7.46 0.97999996 -2.8647888 -76.77634 29.220846
2.8999999 7.48 -0.16 -2.8647888 -78.49522 36.669296
2.82 7.5899997 1.8 -33.80451 -72.19268 38.961132
2.78 7.62 3.84 -64.74423 -62.4524 35.523384
3.1399999 7.62 4.0099998 -59.014652 -56.72282 37.242256
3.3999999 7.48 3.1899998 -40.107044 -49.84733 40.107044
2.71 7.1299996 3.1599998 -32.085636 -45.83662 36.669296
2.44 7.35 4.0899997 -37.815212 -31.51268 32.085636
2.69 7.29 4.3399997 -35.523384 -23.49127 38.961132
3.48 7.3999996 4.15 -26.929016 -17.188732 48.701412
3.61 8.05 3.84 -16.615776 -12.032113 52.139156
4.17 8.97 4.36 -16.615776 -8.021409 51.5662
4.7 9.45 4.5 -20.62648 -2.291831 49.27437
4.8399997 10.05 3.1699998 -24.637184 0.0 28.07493
2.48 9.28 3.82 -34.950428 2.8647888 18.334648
2.0 8.95 4.77 -59.58761 8.021409 13.178029
4.7 9.07 6.7599998 -64.74423 9.167324 29.793804
5.42 9.19 5.2 -36.09634 21.199438 39.53409
4.91 9.36 4.45 -6.3025355 35.523384 36.669296
4.39 9.0 5.04 -6.8754935 50.420284 34.377464
4.9 8.98 5.25 -8.594366 54.43099 41.825916
5.62 9.09 4.69 10.31324 53.858032 44.69071
5.66 9.45 4.11 23.49127 65.317184 42.398876
5.3599997 9.559999 3.61 26.929016 79.641136 44.11775
6.0899997 9.51 3.85 22.91831 83.07887 46.40958
6.67 9.51 3.6699998 25.7831 82.50592 44.11775
6.37 9.34 3.25 29.793804 84.79775 38.961132
6.25 9.58 2.6599998 33.80451 92.81916 37.242256
7.06 9.51 2.25 27.501974 96.829865 39.53409
7.3399997 9.42 2.72 18.334648 101.98649 34.950428
7.0899997 8.599999 2.8999999 15.469859 97.402824 33.231552
6.83 8.44 3.07 10.886198 100.26762 30.939718
8.66 8.849999 2.26 9.167324 107.716064 33.231552
7.66 8.559999 1.05 12.605071 104.27831 10.31324
5.5099998 9.12 0.59999996 11.459155 99.1217 -32.085636
5.49 9.5199995 1.74 0.0 86.516624 -23.49127
6.77 9.36 1.42 5.15662 83.65183 14.323945
7.0299997 9.79 0.17999999 21.199438 84.79775 30.366762
7.3199997 9.4 0.21 12.032113 83.07887 33.80451
6.96 9.309999 1.36 -8.021409 79.641136 21.772396
6.2 9.67 1.5 -6.3025355 80.78705 6.8754935
6.0899997 9.83 1.48 1.7188734 79.06818 8.594366
6.93 8.72 0.90999997 19.480566 69.900856 26.356058
6.87 8.639999 1.3 26.356058 67.03606 18.907606
6.0 8.49 0.5 37.242256 60.160564 9.740283
5.79 8.37 -0.25 33.80451 58.441692 10.886198
5.56 8.15 -0.28 22.91831 53.285076 11.459155
5.5499997 8.099999 0.26 13.750987 43.544792 10.31324
5.81 8.11 0.52 10.886198 38.38817 10.886198
5.44 7.98 0.65999997 8.594366 28.07493 8.021409
5.2 7.8799996 0.79999995 9.740283 21.772396 3.4377468
5.0299997 7.73 1.14 11.459155 16.615776 1.1459155
5.08 7.64 1.48 11.459155 20.62648 5.15662
5.0 7.7 1.23 19.480566 22.345354 6.3025355
4.64 7.71 1.04 27.501974 21.199438 5.7295775
4.88 7.79 1.1 18.907606 17.761692 9.740283
5.43 7.56 1.5999999 4.583662 16.042818 16.042818
4.98 8.04 2.3 1.7188734 16.042818 14.323945
4.81 7.71 1.9699999 11.459155 14.896902 12.032113
4.85 7.95 1.91 16.615776 9.740283 12.605071
4.89 8.139999 2.04 13.178029 7.448451 15.469859
4.85 8.3 2.07 8.594366 3.4377468 15.469859
4.97 8.309999 2.18 5.15662 0.57295775 16.042818
4.75 8.21 2.79 -1.1459155 -0.57295775 14.896902
4.75 8.4 2.9199998 -0.57295775 1.7188734 12.605071
4.97 8.59 2.8999999 1.1459155 1.7188734 10.886198
5.0499997 8.5 2.5 8.021409 -2.291831 11.459155
4.8399997 8.559999 2.4299998 9.167324 -4.0107045 9.740283
4.93 8.559999 2.47 4.583662 -2.8647888 8.594366
5.0699997 8.5 2.76 -0.57295775 -2.8647888 6.8754935
4.7799997 8.23 3.1999998 -4.0107045 -4.0107045 2.8647888
4.64 8.19 3.07 -0.57295775 -0.57295775 3.4377468
4.77 8.26 2.6399999 2.8647888 3.4377468 5.15662
5.04 8.3 2.24 2.291831 6.3025355 5.7295775
5.0899997 8.33 2.19 -2.291831 1.7188734 2.8647888
5.19 8.059999 2.99 -14.323945 -4.583662 0.0
4.96 7.79 3.57 -16.042818 -4.583662 -1.7188734
5.0299997 7.62 3.52 -6.3025355 -2.8647888 0.0
5.06 7.58 3.58 -3.4377468 -1.7188734 0.0
5.08 7.77 3.1499999 2.8647888 -1.7188734 0.0
4.98 7.81 2.49 5.15662 -5.7295775 -2.8647888
4.74 7.77 2.72 1.7188734 -5.7295775 -4.583662
4.71 7.58 3.4199998 -12.032113 -4.0107045 0.0
4.91 7.95 3.37 -6.8754935 0.0 2.291831
4.95 7.99 3.05 2.291831 0.0 0.57295775
4.73 8.0 2.62 5.15662 -1.7188734 -1.1459155
4.71 7.79 2.55 2.291831 -6.8754935 -2.291831
4.71 7.72 3.11 -5.15662 -8.021409 0.0
5.3199997 7.96 3.3799999 -6.8754935 -8.594366 5.15662
5.41 8.12 3.4299998 -3.4377468 -5.7295775 3.4377468
5.1099997 8.05 3.1 -1.1459155 -1.7188734 -1.1459155
4.94 7.9199996 3.1 -1.1459155 -2.8647888 -3.4377468
4.74 7.89 3.02 -3.4377468 -4.583662 -4.0107045
4.98 7.94 3.23 -6.8754935 -3.4377468 -0.57295775
5.1 7.7999997 3.27 -8.594366 -1.1459155 0.0
4.9 7.69 3.49 -7.448451 0.0 0.0
4.93 7.68 3.4399998 0.0 1.7188734 -1.7188734
4.8399997 7.91 3.1 3.4377468 3.4377468 -2.291831
4.89 7.89 2.84 5.7295775 5.15662 -1.7188734
4.68 7.77 3.3 0.57295775 2.8647888 -1.1459155
4.7999997 7.8599997 3.24 -2.8647888 0.0 -1.7188734
4.91 7.98 3.37 -2.8647888 0.0 -0.57295775
5.08 7.87 3.34 -3.4377468 0.57295775 -0.57295775
4.97 7.8199997 3.3999999 -2.8647888 1.1459155 -2.8647888
4.79 7.8999996 3.1 -0.57295775 0.57295775 -3.4377468
4.83 7.8799996 3.1599998 -1.7188734 0.0 -4.0107045
4.8199997 7.8999996 3.34 -6.3025355 1.7188734 -1.1459155
4.85 7.95 3.28 -5.15662 2.8647888 -1.1459155
