-2.743839 9.531608 -0.60335726 -4.826185 -2.10826 -7.4380946
-2.4684973 9.541185 -0.29210153 -13.541185 3.21174 -2.748095
-2.2027328 9.3831625 -0.25858167 -17.146185 6.29174 -0.543095
-2.3056867 9.402317 -0.031125572 -19.736185 6.57174 -1.453095
-2.3990633 9.397529 0.37829542 -21.801186 5.41674 -3.098095
-2.423006 9.344854 0.6560313 -19.631184 2.6867402 -3.938095
-2.4445546 9.299363 0.5865973 -13.191185 -1.86326 -4.183095
-2.6145482 9.450203 0.4836435 -7.066185 -5.60826 -4.393095
-2.3966691 9.505271 0.38068968 -3.6011848 -7.21826 -3.6580951
-2.1596358 9.517242 0.25858167 -2.4461849 -7.98826 -1.5930951
-2.2458298 9.466963 0.25139886 -2.586185 -8.02326 -1.663095
-2.6265194 9.361614 0.32083282 -4.931185 -4.73326 -4.358095
-2.6983478 9.301758 0.4956149 -7.3811855 -2.84326 -5.758095
-2.7079248 9.237112 0.50998056 -8.081185 -5.71326 -4.288095
-2.727079 9.237112 0.4644893 -7.1011853 -8.75826 -2.748095
-2.5235655 9.27542 0.6344828 -8.011186 -10.40326 -2.433095
-2.52596 9.25866 0.7685622 -9.866185 -11.73326 -3.5880952
-2.4613144 9.191621 0.5818088 -10.531184 -14.988259 -5.7230954
-2.5642684 9.136553 1.0032011 -13.296185 -22.653261 -8.733095
-2.5618742 8.856422 2.1907616 -22.886187 -31.61326 -12.443095
-2.6767993 8.593052 4.453351 -38.006184 -32.103264 -16.013096
-3.6177492 8.499676 5.583449 -44.866188 -23.98326 -21.228094
-3.6369035 8.186026 5.427821 -34.331184 -13.58826 -25.148094
-3.3855045 8.073495 5.5523233 -18.056185 -6.48326 -22.208094
-3.1412885 7.965752 6.4190507 -9.201185 -7.28826 -16.923096
-3.387899 7.7766047 6.8093176 -8.396185 -4.87326 -13.353096
-3.205934 7.6257653 6.4501762 -5.526185 8.146741 -10.518095
-3.1772027 7.515629 6.284971 0.178815 33.031742 -4.008095
-3.2202997 7.3312693 6.1269493 4.4488153 59.84174 2.606905
-2.6648278 7.4102807 5.0614967 13.618814 74.82175 9.291904
-2.0279508 7.4845033 3.605778 30.348816 78.07674 18.461906
-1.8076775 7.59464 2.6696165 44.278816 79.79174 25.111906
-1.7837347 7.7670274 1.951334 49.00382 83.71174 26.756907
-1.2186859 8.12138 0.2370332 47.953815 92.07674 29.031904
-0.7685622 8.851634 -1.3144568 45.538815 104.74674 35.541904
0.32801566 8.600235 -1.1564348 37.803814 120.84674 43.836906
-0.1987248 8.047157 -0.8236305 21.563816 127.04174 47.371902
-0.98404694 7.982512 -1.010384 13.338816 119.27174 37.956905
-0.5506832 8.090255 -1.647261 24.083815 128.93175 40.301907
0.016759925 8.18842 -2.6648278 32.028816 138.38173 51.606907
0.39266106 8.166871 -3.2993107 37.908817 133.72675 54.161903
0.76616794 8.432636 -3.3519847 37.278812 124.73174 53.636906
1.1875603 8.657698 -3.7230973 36.263813 116.296745 55.526905
1.0606637 8.657698 -4.187587 37.978813 108.70174 55.176903
0.88588166 8.10462 -4.1013927 37.033813 100.93174 48.841908
1.228263 8.197997 -3.816474 35.178814 86.89674 45.656906
1.5897985 8.147717 -4.249838 38.818813 73.24674 48.246906
1.2761484 7.989695 -4.853195 41.058815 70.83174 49.296906
1.0343267 8.159689 -4.4749 36.47382 74.85674 48.701904
2.3392065 8.399116 -4.95136 34.163815 69.046745 58.886906
4.3791285 8.9976845 -5.619363 38.468815 58.02174 77.576904
5.949773 9.534002 -6.5794673 39.133816 59.59674 90.8419
5.2219133 9.016839 -7.3145094 32.273815 74.82175 81.84691
3.921822 9.783007 -7.2163444 18.728815 90.57175 61.021908
5.707951 10.170879 -6.8787518 3.7838151 82.03174 53.671906
6.715941 10.26665 -7.1947956 -3.986185 52.421738 54.091904
6.081458 10.115811 -8.049552 -0.731185 29.286741 39.811905
5.566689 9.663293 -8.164477 2.768815 12.8367405 16.816906
5.786962 9.256267 -8.4781275 0.35381502 -8.86326 3.8319046
5.549929 9.466963 -9.033599 -2.901185 -31.50826 1.066905
4.9441776 9.191621 -8.8085375 -13.541185 -34.23826 -1.0330949
4.862772 8.794171 -7.5467544 -34.016186 -33.503258 -5.793095
5.1045938 8.269825 -6.138921 -53.756184 -46.243263 -9.5380945
5.4493694 8.425453 -5.3871183 -61.036182 -66.85825 -11.568095
5.1213536 8.523619 -5.5307746 -55.471188 -88.488266 -12.933096
4.517997 8.571504 -5.889916 -46.511185 -103.39826 -17.378096
4.225895 8.020821 -5.5116205 -45.461185 -105.253265 -23.293095
4.2546263 8.243488 -4.599402 -55.821186 -107.03826 -26.093096
4.199558 8.514041 -3.8835137 -68.42118 -113.54826 -24.693096
4.0894213 8.174054 -3.2729738 -76.22619 -121.07326 -24.063097
4.2905407 7.9394155 -2.5618742 -83.08619 -122.40326 -25.533094
4.070267 8.174054 -1.5371244 -91.24119 -120.51327 -25.743093
3.3615618 8.267431 -0.3232271 -97.54118 -121.808266 -27.388096
3.4836698 8.308133 0.2561874 -98.45119 -126.393265 -32.253098
3.9768906 8.080677 -0.117319465 -79.86618 -151.13826 -30.328096
3.5578923 7.8173075 -0.52674043 -75.87619 -153.58827 -31.693096
2.6887705 7.7718163 0.2849187 -88.581184 -145.32826 -35.578094
2.5666625 7.8699813 1.1636176 -103.91119 -137.45325 -32.81309
3.6728175 7.4270406 1.690358 -113.36119 -135.56326 -24.658096
3.9864676 6.699181 2.3990633 -122.70618 -127.96827 -23.573095
3.2897336 6.368771 3.8116856 -131.38618 -118.90327 -35.543095
2.257801 6.524399 5.272193 -130.05618 -118.69325 -46.603096
1.7071179 6.177229 5.4948606 -114.76119 -126.25326 -49.438095
1.3168511 5.777385 5.8444247 -97.331184 -133.53326 -49.333096
1.3814965 5.418244 6.261029 -85.95619 -137.66327 -46.253094
1.2857256 5.707951 6.5148215 -78.011185 -138.08325 -39.463097
1.5012103 5.5092263 6.818895 -72.69119 -135.17825 -32.743095
1.4437478 4.817281 8.518829 -75.49119 -133.53326 -29.208096
1.3168511 4.5874305 10.292988 -79.20118 -130.48825 -26.338095
1.3934679 4.625739 11.032818 -68.176186 -127.19827 -17.518095
2.2506182 4.7957325 11.957008 -48.82119 -132.16826 -7.053095
2.8396099 4.98488 12.560366 -37.271183 -135.52826 4.4619045
3.3783216 5.5738716 13.836514 -31.846188 -124.32827 14.296905
3.581835 5.6145744 14.681693 -27.261185 -102.698265 21.926905
3.4573328 5.564295 14.279455 -15.466185 -75.32826 23.816906
3.0550947 5.930619 13.075134 4.5888147 -48.13326 22.171906
1.9465454 6.3975024 12.294601 25.693815 -25.55826 20.596907
1.9273912 6.4765134 11.617022 41.303818 -10.64826 18.601906
2.9114382 6.9122715 10.2642565 54.21882 1.46174 22.346905
3.5315554 7.1947956 8.743892 65.488815 15.881741 29.731903
3.1245286 7.3432407 8.099832 69.86382 33.941742 34.246906
3.0263634 7.3312693 7.764633 66.67881 51.72174 36.626904
3.1508656 7.8747697 6.8236833 63.318817 60.26174 39.041904
4.0822387 8.40151 5.322473 65.59381 65.44174 44.116905
4.577853 8.672064 3.955342 69.44381 73.87674 51.711906
4.285752 9.167678 4.106181 64.50881 81.08674 55.596905
4.271386 9.665688 3.972102 49.983814 86.44174 54.336906
4.6927786 10.034406 2.5570855 44.103817 93.23174 53.321907
4.7957325 10.637763 1.4700848 51.978817 91.65674 52.79691
4.8148866 10.96099 1.6975409 59.11882 80.21174 51.151905
4.7741838 11.013664 1.3910737 59.43382 65.40674 44.32691
4.2618093 11.166898 -0.4836435 63.388813 53.54174 34.176903
4.520391 11.018453 -1.5850099 70.70382 52.59674 26.231907
4.35758 10.9801445 -1.1085492 45.853817 57.531742 26.056906
4.1373067 10.738322 0.5818088 24.748816 54.59174 22.171906
4.173221 10.513261 1.333611 19.428816 55.08174 20.666904
4.2235007 10.494106 0.7996878 34.373817 53.331738 20.036905
4.865166 10.31693 -0.86193895 54.253815 46.261738 18.321903
4.790944 9.93624 -1.2713599 56.633816 39.36674 11.951905
3.8212626 9.799767 -0.35435268 38.013817 43.42674 2.536905
3.3208592 10.022434 0.15083931 20.233816 59.246742 0.7519051
3.459727 9.866806 -0.4668836 24.223816 62.711742 2.8519049
3.562681 9.368797 -1.3264283 39.343815 41.221737 1.416905
2.9593236 9.759064 -1.0151725 37.943813 23.79174 -1.418095
2.5570855 9.77343 -1.063058 24.678816 35.13174 -1.523095
2.2266755 9.718362 -1.3910737 25.273815 42.62174 -0.543095
2.3032923 9.818921 -1.620924 30.418818 28.131739 -0.158095
2.430189 10.058349 -2.1452703 30.103817 19.41674 2.2219052
2.7558103 10.096657 -2.8156672 26.638815 18.261742 4.4969053
3.5076127 10.000886 -2.4684973 19.848814 8.39174 5.756905
3.4716985 9.682447 -1.2258687 1.7538149 -5.22326 6.141905
2.9114382 9.692024 0.7853221 -21.941185 -2.5982602 3.341905
3.1819913 9.567522 1.4748733 -31.496187 6.60674 2.466905
3.562681 9.586677 1.0917894 -18.371185 4.05174 3.656905
3.2729738 9.505271 0.6895511 3.223815 -7.3232603 -0.123095006
2.5834224 9.555551 0.7398309 13.968815 -14.77826 -7.088095
2.413429 9.608225 0.7589851 11.903815 -10.50826 -9.328095
2.7558103 9.502876 0.8475733 5.7788153 -0.84826 -4.533095
3.1053743 9.457385 1.158829 1.333815 0.02674 1.136905
3.2490308 9.560339 1.3647367 -1.1161851 -5.60826 2.1519048
2.8803127 9.507666 1.359948 -2.166185 -6.97326 0.22690499
2.6025767 9.385557 1.5275474 -1.1511849 -4.10326 -2.7830951
2.4996228 9.332883 1.5634614 0.38881502 -3.7882597 -3.168095
2.8779182 9.308941 1.446142 1.998815 -4.4532604 -0.75309503
3.2993107 9.404712 1.1061549 4.168815 -2.73826 2.571905
2.9569294 9.471751 1.158829 7.213815 -3.12326 1.801905
2.535537 9.423865 1.1803775 8.858815 -8.12826 -4.568095
2.4110348 9.395134 0.96489275 7.843816 -8.653259 -7.5430946
2.9210153 9.4095 1.1253091 4.763815 -3.75326 -4.288095
3.215511 9.423865 1.4700848 -6.121185 -3.15826 1.976905
2.988055 9.447808 1.6017698 -7.486185 -2.42326 -2.2230952
2.6265194 9.352037 1.6161355 -5.6311855 0.09674 -5.688095
2.5403256 9.172467 1.6137413 -2.761185 -2.03826 -5.933095
2.5092 9.131764 1.690358 -1.186185 -3.50826 -4.253095
2.6552508 9.124581 1.6664152 -0.311185 -0.98826 -2.328095
2.6863763 9.1628895 1.4102279 2.628815 1.4267399 -1.138095
2.813273 9.2490835 0.84039044 6.5138154 1.14674 0.051905002
2.9138324 9.313729 0.5219519 7.178815 -0.63826007 1.381905
2.8420043 9.301758 0.6249057 2.208815 -0.04326 1.416905
2.52596 9.191621 1.1660118 -5.3511853 2.8267403 -0.298095
2.5092 9.222747 1.5490957 -9.166184 4.15674 -0.403095
2.8084843 9.265843 1.1133378 -4.3011847 0.93674004 1.241905
2.9114382 9.304152 0.80208206 3.643815 -3.12326 1.5919049
2.7175019 9.344854 0.8379962 4.658815 -4.8382597 -0.403095
2.5762396 9.335278 1.1827718 0.003815 -3.08826 -1.383095
2.6863763 9.368797 1.3479767 -4.3711853 0.79674 0.331905
2.8252442 9.399923 1.2330515 -2.376185 1.3917401 2.536905
2.8970726 9.385557 1.0846065 2.033815 -2.77326 2.396905
2.9162266 9.37598 1.23784 2.453815 -3.40326 1.6619049
2.9114382 9.447808 1.4485363 0.738815 -1.51326 0.78690505
3.0862203 9.45978 1.333611 2.873815 -2.77326 -0.368095
3.059883 9.462174 1.1205206 7.143815 -5.39826 -1.488095
2.7725701 9.486116 0.88588166 8.893816 -5.0482597 -3.798095
2.4780743 9.428655 0.7302538 8.7888155 -3.2632601 -5.5830946
2.4469488 9.366403 0.57462597 8.193815 -3.96326 -5.5130954
2.5403256 9.325701 0.6344828 5.428815 -3.64826 -2.923095
2.803696 9.311335 0.8930645 -0.731185 0.02674 0.331905
2.8180614 9.407105 1.0247496 -5.771185 1.49674 1.6619049
2.6145482 9.364009 1.132492 -5.6311855 -1.40826 0.366905
2.6528566 9.335278 1.2593886 -4.441185 -2.80826 -0.85809505
2.9808722 9.299363 1.2593886 -4.0561852 -1.16326 0.821905
3.0718546 9.340066 0.9481328 -2.096185 -0.18326001 2.606905
