-1.74 9.96 6.49 34.377464 -17.761692 -25.210142
-2.08 10.0 4.47 53.858032 0.0 -24.064226
-4.2599998 9.86 1.86 22.91831 21.199438 -23.49127
-3.08 8.98 4.52 -48.128452 37.242256 -13.178029
-2.11 7.89 7.83 -47.555496 60.733524 -20.62648
-2.71 7.2599998 8.679999 -28.64789 82.50592 -26.356058
-3.6599998 6.93 7.77 -24.064226 103.1324 -26.356058
-4.1 6.2799997 7.54 -25.210142 112.87268 -16.042818
-3.28 5.72 7.2 -23.49127 122.04 -10.886198
-3.24 5.72 5.58 -28.07493 136.9369 -7.448451
-1.9399999 5.52 5.4 -37.242256 148.96902 3.4377468
-1.4499999 5.16 5.62 -40.680004 166.73071 9.740283
-1.28 5.12 4.8399997 -35.523384 175.89804 18.334648
-1.06 6.15 4.85 -25.7831 173.03325 29.793804
0.17 6.29 5.06 -0.57295775 163.86592 49.27437
1.62 6.79 4.5699997 18.907606 167.87662 58.441692
3.48 7.0099998 1.62 18.334648 190.22198 57.868736
3.1499999 8.46 -0.59999996 0.0 209.1296 57.868736
3.7099998 9.01 -0.26999998 0.0 191.94086 59.58761
4.41 9.49 -0.26 24.064226 154.12566 55.576904
5.98 11.29 -5.81 -3.4377468 171.88734 53.858032
5.3599997 12.29 -4.9 -30.939718 189.07607 40.680004
5.5 13.25 -3.3 -32.658592 154.12566 34.377464
6.0499997 13.16 -4.4 -28.07493 132.92621 24.064226
4.13 12.53 -3.99 -37.815212 144.95831 14.896902
3.12 11.929999 -2.71 -16.615776 105.42423 36.09634
5.18 12.17 -2.71 10.31324 67.60902 38.38817
5.04 11.849999 -4.41 15.469859 56.14986 29.793804
3.1399999 11.33 -4.81 12.032113 47.555496 34.377464
3.04 11.5199995 -3.31 29.220846 20.62648 49.27437
5.25 11.65 -4.54 42.971836 -5.15662 40.107044
4.21 10.71 -7.1499996 8.021409 -6.3025355 22.91831
3.3799999 10.15 -5.3599997 -9.167324 -27.501974 24.637184
5.16 9.679999 -5.04 -4.583662 -56.72282 31.51268
5.9 9.59 -5.95 -4.0107045 -78.49522 25.7831
4.66 9.3 -5.52 -24.064226 -84.79775 15.469859
3.54 9.44 -2.9399998 -25.210142 -112.87268 26.356058
5.16 9.37 -2.3799999 -9.740283 -130.06142 32.658592
6.16 9.44 -2.9299998 -13.750987 -124.9048 32.085636
6.0499997 9.719999 -2.0 -11.459155 -136.9369 28.64789
5.77 9.559999 -1.51 -8.021409 -147.8231 29.793804
6.1099997 9.62 -1.05 -4.0107045 -148.39606 32.085636
6.3999996 9.09 -0.89 -4.583662 -163.29297 30.366762
6.17 9.04 -0.12 -9.167324 -167.87662 30.366762
6.1099997 9.139999 0.82 -11.459155 -165.01184 32.085636
5.93 9.08 1.3399999 -8.594366 -162.14705 34.377464
6.47 9.15 1.05 -3.4377468 -166.73071 38.961132
7.18 8.71 0.91999996 -18.334648 -166.73071 32.085636
5.3599997 8.42 0.42999998 -39.53409 -150.6879 20.053522
3.74 8.15 3.74 -30.366762 -169.5955 36.669296
5.1099997 8.15 4.0499997 -14.896902 -169.02255 39.53409
5.06 8.63 2.97 -20.053522 -158.13635 36.669296
3.74 8.46 4.14 -45.83662 -146.67719 25.7831
3.4499998 8.47 5.4 -51.5662 -139.80171 25.7831
4.14 8.0 5.42 -50.993244 -127.76959 25.7831
2.06 7.3799996 5.54 -56.14986 -119.17522 13.178029
0.38 6.8799996 7.1099997 -59.58761 -118.029305 17.188732
0.77 7.27 8.71 -49.27437 -108.289024 29.793804
2.02 8.05 7.62 -30.366762 -69.32789 29.793804
0.96999997 8.13 5.85 -48.701412 -47.555496 18.334648
-0.48999998 7.5099998 7.2599998 -50.993244 -45.83662 22.345354
0.42 7.83 7.44 -45.83662 -30.366762 24.064226
1.03 8.15 6.73 -50.993244 -7.448451 16.615776
-1.8399999 7.41 8.849999 -54.43099 1.7188734 16.042818
-0.76 7.54 9.46 -28.07493 -3.4377468 30.939718
0.26 7.81 7.9199996 -10.31324 5.7295775 35.523384
-0.07 7.6099997 6.79 -19.480566 21.772396 31.51268
0.099999994 7.29 8.57 -40.107044 25.7831 29.220846
0.78 7.49 10.469999 -48.701412 35.523384 25.210142
0.74 7.27 10.969999 -64.74423 84.22479 17.188732
0.04 6.5699997 11.98 -61.30648 102.55944 22.345354
0.63 5.96 12.849999 -32.658592 108.86198 38.961132
2.95 6.16 11.67 -4.0107045 120.32113 44.11775
3.79 6.89 9.73 6.8754935 124.33183 50.420284
5.6299996 7.5499997 7.41 -6.3025355 133.49916 51.5662
6.21 7.46 7.62 -14.896902 138.65578 52.712116
6.62 7.58 7.16 -13.750987 136.9369 56.72282
7.45 7.54 7.02 -6.8754935 130.06142 59.58761
8.639999 7.7799997 6.8599997 8.594366 107.716064 57.868736
10.21 9.01 5.13 18.907606 105.42423 38.961132
7.6699996 7.45 4.8399997 16.042818 108.86198 20.62648
5.41 7.4199996 5.19 21.772396 86.516624 52.139156
6.96 7.7599998 5.15 26.356058 87.662544 75.057465
9.639999 8.71 4.63 33.80451 104.27831 76.203384
10.429999 8.87 2.73 39.53409 100.84057 63.598316
9.28 8.92 1.35 36.09634 70.47381 55.576904
8.92 9.7 -0.22999999 25.7831 69.32789 53.858032
9.13 9.429999 -0.82 10.31324 68.18198 54.43099
9.01 9.29 -0.31 -2.291831 64.74423 47.555496
8.84 9.37 1.04 -4.583662 53.285076 41.25296
8.07 9.65 1.5999999 7.448451 40.680004 36.09634
8.03 9.4 1.13 16.042818 24.637184 34.377464
8.33 9.49 0.39999998 4.0107045 28.07493 26.356058
7.54 9.07 0.74 -10.31324 34.377464 16.615776
6.72 9.0199995 2.1499999 -10.31324 28.64789 16.042818
6.68 8.82 2.84 -1.7188734 18.907606 13.750987
6.33 8.98 3.11 4.583662 10.886198 7.448451
5.44 7.8599997 2.3899999 4.583662 13.178029 2.291831
4.5499997 7.4199996 1.55 4.0107045 13.178029 4.583662
5.66 7.81 1.31 0.0 0.0 12.605071
6.1299996 7.9199996 1.9799999 -8.594366 -10.886198 5.7295775
5.0099998 7.6 3.4199998 -16.615776 -17.761692 -3.4377468
4.49 7.33 5.0299997 -13.750987 -21.772396 -1.7188734
4.3399997 7.19 5.8599997 -6.8754935 -14.323945 1.1459155
4.46 7.12 6.17 2.291831 -9.167324 4.0107045
5.0499997 7.37 6.17 13.750987 -13.178029 2.8647888
4.97 7.3799996 4.94 13.178029 -10.31324 -0.57295775
4.65 7.27 4.63 1.1459155 -8.594366 -2.8647888
4.52 7.23 5.5899997 0.0 -5.7295775 -2.291831
4.5299997 7.1099997 5.29 0.0 0.0 -3.4377468
4.17 6.99 5.2 0.0 1.1459155 -4.0107045
4.54 6.89 5.2599998 1.7188734 -2.291831 -2.291831
4.43 7.0099998 5.22 2.8647888 -2.8647888 -3.4377468
4.0499997 7.0899997 5.21 1.7188734 0.0 -2.8647888
4.27 7.0 5.2799997 1.7188734 1.1459155 -2.291831
4.44 7.0 5.2 2.8647888 1.1459155 -2.8647888
4.2999997 7.14 4.93 2.291831 0.57295775 -3.4377468
4.2799997 7.06 4.83 0.57295775 1.7188734 -3.4377468
4.25 6.99 5.08 0.57295775 0.57295775 -2.8647888
4.16 7.0099998 5.13 -0.57295775 3.4377468 -3.4377468
4.1 6.8399997 5.35 1.1459155 4.0107045 -1.7188734
4.22 7.0099998 4.7599998 5.7295775 2.291831 0.0
4.7 7.18 4.45 1.1459155 1.1459155 0.0
4.38 7.2599998 4.89 -3.4377468 3.4377468 -3.4377468
4.13 7.0299997 5.39 0.0 3.4377468 -1.1459155
4.36 6.8999996 5.21 4.583662 2.8647888 0.0
4.41 7.08 5.14 8.021409 2.291831 0.0
4.3399997 7.31 4.72 7.448451 2.8647888 0.0
4.44 7.29 4.19 0.0 4.583662 -1.1459155
4.45 7.22 4.36 -6.3025355 5.15662 -2.291831
3.85 6.97 5.3199997 0.0 2.291831 -2.8647888
4.13 7.04 4.89 5.15662 0.57295775 0.57295775
4.67 7.29 4.41 4.0107045 4.0107045 1.1459155
4.73 7.45 4.15 -0.57295775 8.021409 -1.7188734
4.71 7.43 3.76 -8.594366 10.886198 -4.583662
4.5 7.1099997 4.41 -20.053522 9.740283 -9.740283
3.78 6.8999996 5.23 -14.896902 5.7295775 -6.8754935
3.73 6.8399997 5.45 -7.448451 1.7188734 -1.7188734
4.02 7.0 5.65 -0.57295775 0.57295775 0.57295775
4.45 7.2999997 5.6099997 2.8647888 0.0 -0.57295775
4.42 7.21 5.37 4.0107045 0.0 -3.4377468
3.6899998 6.96 5.06 1.1459155 0.0 -1.7188734
4.02 7.17 5.42 0.0 1.1459155 0.57295775
4.3199997 7.1499996 5.22 1.7188734 0.57295775 0.0
3.9399998 7.1499996 4.92 1.1459155 0.0 -1.7188734
3.9199998 7.08 5.3399997 -0.57295775 -2.291831 -0.57295775
4.21 7.17 5.6099997 2.291831 -0.57295775 0.0
4.27 7.23 5.29 4.0107045 0.57295775 -1.1459155
4.1 7.1499996 4.88 -1.1459155 4.0107045 -1.7188734
4.14 7.0899997 5.22 -2.8647888 4.583662 -2.291831
3.9399998 7.0 5.47 1.7188734 1.1459155 -1.1459155
3.8999999 6.99 5.2999997 6.8754935 -1.1459155 0.57295775
4.4 7.22 4.77 -1.1459155 2.291831 0.0
4.0 7.0099998 5.15 -2.8647888 2.291831 -2.8647888
3.7099998 6.8799996 5.2799997 0.0 -1.1459155 -1.7188734
3.97 7.0499997 5.19 1.1459155 -2.291831 0.57295775
4.22 7.1099997 5.35 0.0 0.57295775 0.57295775
3.9499998 7.0499997 5.43 0.57295775 1.1459155 0.0
3.9299998 7.02 5.3599997 5.15662 -0.57295775 1.1459155
4.0499997 7.0899997 4.8599997 1.7188734 0.57295775 1.1459155
4.22 7.2999997 4.95 0.0 1.7188734 0.0
4.16 7.2799997 5.0299997 -2.291831 0.57295775 -1.7188734
4.21 7.1499996 5.1 -4.0107045 2.291831 -2.291831
3.9099998 7.14 5.62 -1.7188734 1.1459155 -0.57295775
4.11 7.1099997 5.5 1.7188734 1.7188734 0.0
4.0899997 7.14 5.3599997 3.4377468 2.8647888 0.0
3.99 7.1299996 5.0899997 2.8647888 2.8647888 -0.57295775
3.73 7.19 5.1099997 0.0 2.8647888 0.0
4.0899997 7.1099997 5.1 0.0 2.291831 0.57295775
4.1 7.0899997 5.0299997 -1.7188734 2.291831 0.0
3.8799999 7.0499997 5.3199997 -0.57295775 1.1459155 0.0
3.73 7.06 5.5099998 2.291831 -0.57295775 1.7188734
4.0299997 7.25 5.5499997 6.8754935 -1.7188734 2.291831
4.22 7.24 4.97 3.4377468 1.1459155 0.0
3.9299998 7.06 5.2999997 -2.8647888 3.4377468 0.0
3.85 7.06 5.56 0.0 0.57295775 0.57295775
4.04 7.1299996 5.38 4.583662 -0.57295775 1.7188734
4.16 7.16 5.17 4.583662 0.0 1.1459155
3.9499998 7.08 4.97 2.8647888 1.7188734 0.57295775
4.11 7.1299996 5.17 1.1459155 0.0 0.57295775
4.13 7.21 5.06 0.57295775 0.0 0.0
4.0299997 7.2 5.19 -0.57295775 1.7188734 0.0
3.8999999 7.1099997 5.5 1.1459155 1.7188734 0.57295775
4.11 7.1299996 5.45 5.15662 0.57295775 1.1459155
