0.74 9.86 0.37 -6.8754935 -21.199438 -25.7831
-0.57 10.16 0.61 -16.042818 -25.210142 -17.761692
-0.14999999 10.25 1.14 -23.49127 -38.38817 -9.167324
0.22 9.92 2.33 -21.772396 -42.971836 -10.31324
-0.21 10.23 3.28 -5.7295775 -48.701412 -3.4377468
0.52 10.83 3.04 -1.1459155 -48.128452 -1.7188734
1.03 11.45 3.22 -11.459155 -57.29578 -5.15662
1.11 11.12 4.31 -29.220846 -57.29578 -16.615776
1.01 10.67 5.6299996 -40.680004 -44.69071 -24.064226
0.83 10.2699995 6.79 -48.128452 -30.366762 -29.793804
0.26999998 9.94 7.94 -61.30648 1.7188734 -33.231552
0.08 9.349999 9.32 -57.29578 23.49127 -32.085636
0.14999999 8.42 10.0 -39.53409 48.128452 -29.220846
0.51 7.2999997 9.41 -15.469859 77.349304 -27.501974
-0.51 7.02 8.67 5.15662 97.402824 -17.188732
-0.35999998 7.04 7.5899997 21.199438 104.27831 -6.3025355
0.22999999 6.6499996 6.19 22.91831 112.29972 -1.1459155
0.34 6.24 4.98 14.323945 131.20734 8.021409
0.79999995 6.45 4.95 13.750987 144.95831 14.323945
1.23 6.1299996 4.39 17.761692 159.28227 17.188732
1.88 6.0 4.17 19.480566 175.32509 20.62648
2.19 5.65 4.04 25.210142 182.20056 22.345354
1.73 5.75 3.4199998 35.523384 174.75212 25.7831
2.08 6.0099998 2.32 43.544792 160.42818 32.658592
1.7099999 6.44 1.39 39.53409 151.8338 32.658592
2.06 6.46 0.049999997 27.501974 144.95831 33.231552
2.0 6.3599997 -0.76 5.7295775 136.36395 39.53409
2.69 6.74 0.53999996 -1.1459155 122.61296 42.971836
3.1599998 7.0 1.56 9.167324 123.75887 45.83662
3.1899998 6.91 0.17 19.480566 129.48846 50.993244
2.9199998 7.0899997 -0.089999996 24.064226 128.34254 57.29578
4.2799997 7.7599998 -0.94 34.950428 115.16451 68.75493
5.42 7.81 -2.46 45.263664 96.829865 68.18198
5.58 7.71 -3.01 45.263664 85.94367 65.890144
5.73 8.08 -3.98 42.971836 92.81916 64.74423
5.04 8.23 -5.46 28.07493 103.1324 60.733524
4.61 8.59 -5.52 32.658592 76.203384 64.17127
4.5299997 8.7699995 -5.5299997 46.40958 36.669296 72.76564
5.6 9.23 -6.43 52.139156 16.615776 79.06818
6.39 9.48 -7.48 47.555496 10.31324 80.21409
7.29 9.79 -8.08 41.825916 -6.8754935 76.77634
6.89 10.73 -7.8399997 32.658592 -32.658592 69.32789
7.8999996 10.719999 -8.57 22.91831 -45.263664 71.04677
8.23 10.74 -7.98 1.7188734 -55.00395 63.598316
8.29 10.639999 -5.83 -8.594366 -66.463104 57.868736
8.24 10.53 -4.69 -1.1459155 -81.36001 56.72282
8.309999 10.33 -4.85 8.594366 -91.10028 56.72282
8.47 9.91 -4.94 8.594366 -105.42423 52.712116
8.51 9.75 -4.56 5.15662 -115.73747 52.139156
9.0199995 9.73 -4.18 3.4377468 -125.47776 45.83662
9.08 9.46 -4.42 -6.3025355 -127.76959 41.25296
9.2699995 8.97 -4.33 -26.356058 -131.78029 32.085636
8.37 8.47 -3.24 -44.11775 -133.49916 28.64789
8.32 8.13 -0.61 -47.555496 -134.07211 28.64789
8.11 8.17 -0.14999999 -41.25296 -141.52058 24.637184
7.19 7.89 0.07 -40.107044 -139.80171 21.772396
7.23 7.8199997 0.44 -37.815212 -139.80171 26.356058
7.6699996 7.6499996 -0.19 -37.242256 -140.37466 25.210142
7.46 7.7 -0.84999996 -51.5662 -134.64508 19.480566
6.95 7.5 0.22999999 -88.2355 -126.05072 5.15662
6.27 7.3599997 1.87 -92.81916 -119.17522 0.0
5.79 6.96 1.79 -94.53803 -114.59156 -1.7188734
5.1099997 6.54 1.88 -103.70536 -112.29972 -6.3025355
4.77 6.48 3.04 -107.716064 -113.44564 -6.8754935
4.92 6.3799996 4.2799997 -101.41353 -110.0079 -12.605071
2.1699998 5.2799997 3.76 -103.1324 -90.52733 -16.615776
1.8299999 5.17 4.42 -105.997185 -80.21409 -2.8647888
3.05 5.39 5.18 -94.53803 -84.22479 9.740283
3.59 5.3599997 4.83 -81.93296 -83.07887 8.594366
2.83 4.95 3.83 -84.22479 -68.18198 5.15662
1.3299999 4.5699997 4.25 -95.68395 -57.29578 6.8754935
1.35 4.58 5.37 -94.53803 -59.014652 32.658592
2.61 4.79 5.9 -86.516624 -53.858032 42.398876
3.52 4.93 5.04 -89.38142 -46.40958 40.680004
2.36 4.61 5.0899997 -103.70536 -41.825916 41.25296
1.9699999 4.49 6.96 -98.54874 -46.40958 56.72282
2.62 4.79 7.66 -85.37071 -40.680004 71.61973
4.0499997 5.16 7.5299997 -78.49522 -22.345354 78.49522
5.0499997 5.42 8.24 -85.37071 -13.750987 75.057465
5.29 5.64 9.45 -80.21409 -4.583662 75.057465
4.93 5.5099998 9.01 -66.463104 15.469859 77.349304
5.21 5.47 9.19 -56.14986 20.62648 83.65183
6.08 5.66 9.44 -39.53409 23.49127 85.37071
7.6 6.0 8.37 -5.7295775 33.231552 83.07887
7.52 6.1 7.2799997 -34.950428 49.84733 81.36001
6.43 6.2 8.309999 -36.669296 54.43099 87.089584
7.5 6.62 9.13 -16.615776 50.993244 95.68395
9.21 7.18 7.8799996 -8.594366 55.00395 92.81916
9.94 7.06 7.08 -21.199438 60.160564 82.50592
9.41 6.3999996 7.71 -26.929016 79.641136 75.057465
9.44 6.66 7.45 4.583662 92.81916 84.79775
10.87 6.46 5.5699997 13.750987 74.48451 83.65183
11.24 5.98 4.87 -6.3025355 63.598316 71.04677
10.0 5.39 4.73 -36.669296 77.922264 57.868736
6.99 5.37 5.83 -59.014652 99.1217 56.14986
7.58 5.97 6.93 -50.420284 85.37071 71.61973
9.91 6.3799996 6.96 -20.62648 58.441692 72.76564
10.71 6.71 6.62 -12.605071 65.890144 56.72282
10.26 6.5099998 5.93 -12.032113 75.057465 46.98254
9.179999 5.8799996 5.2599998 -10.31324 81.36001 46.98254
8.28 5.6299996 5.0499997 0.0 75.057465 53.858032
8.08 5.77 5.2599998 21.772396 59.014652 61.30648
8.95 6.23 3.61 58.441692 39.53409 58.441692
8.94 6.39 2.8899999 61.879436 27.501974 50.993244
8.96 6.18 2.6499999 52.139156 20.053522 37.815212
8.559999 5.6299996 2.6599998 36.669296 19.480566 24.064226
7.75 5.0899997 3.36 21.199438 16.042818 15.469859
7.56 4.73 4.22 12.032113 7.448451 12.032113
7.5099998 4.33 4.9 2.291831 0.0 4.0107045
7.1499996 3.83 5.8199997 0.0 -0.57295775 0.0
6.96 3.54 6.56 5.7295775 0.0 0.57295775
6.8799996 3.37 6.45 10.31324 1.7188734 0.0
6.6 3.1899998 6.29 11.459155 4.583662 -0.57295775
6.42 2.9399998 6.15 15.469859 0.0 0.57295775
6.48 3.12 5.39 11.459155 -5.7295775 0.0
6.3199997 3.11 5.73 -1.1459155 -4.0107045 -2.8647888
6.23 3.1699998 6.68 -8.021409 -3.4377468 -5.15662
6.25 3.33 7.06 -4.583662 -3.4377468 -4.0107045
6.3999996 3.36 6.8799996 0.0 -3.4377468 -3.4377468
6.3599997 3.23 6.8199997 2.291831 1.1459155 -4.0107045
6.25 3.25 6.72 7.448451 0.0 -1.7188734
6.48 3.4499998 6.31 6.8754935 -1.1459155 -1.7188734
6.5299997 3.56 6.22 2.8647888 -2.8647888 -5.15662
6.31 3.3999999 6.3199997 -1.7188734 -3.4377468 -7.448451
5.95 3.1899998 6.5 -6.3025355 -2.291831 -6.3025355
6.0 3.3 6.64 -9.167324 -0.57295775 -4.583662
6.04 3.1299999 7.56 -5.15662 -4.0107045 -6.8754935
5.79 2.96 7.37 3.4377468 -6.3025355 -4.583662
5.7999997 3.04 6.8999996 6.3025355 -4.583662 -1.1459155
6.06 3.05 6.68 2.291831 -2.291831 0.0
6.2999997 3.1899998 6.8599997 0.0 -4.0107045 -1.1459155
6.14 3.1599998 7.2 2.8647888 -9.167324 -2.8647888
5.97 3.09 7.17 10.886198 -6.8754935 -3.4377468
5.83 2.99 6.6499996 6.8754935 1.1459155 -0.57295775
5.7599998 2.9299998 6.71 4.0107045 0.57295775 1.7188734
6.1099997 3.28 6.87 6.3025355 -3.4377468 2.8647888
6.3999996 3.35 6.72 4.583662 -2.8647888 0.57295775
6.3399997 3.48 6.6299996 1.1459155 2.8647888 -0.57295775
6.2599998 3.5 6.8399997 0.0 4.583662 0.0
6.21 3.53 6.81 5.15662 1.7188734 0.0
6.22 3.51 6.33 8.594366 -1.1459155 0.0
6.2599998 3.4099998 6.0 4.583662 -1.7188734 0.0
6.3799996 3.49 6.64 -3.4377468 0.0 0.0
6.19 3.49 7.18 -4.0107045 4.583662 -1.1459155
5.93 3.34 7.17 9.167324 1.7188734 0.57295775
5.96 3.25 6.71 15.469859 -1.7188734 3.4377468
6.22 3.3999999 6.3599997 14.896902 -2.291831 4.583662
6.41 3.57 5.8599997 8.021409 -0.57295775 2.8647888
6.45 3.58 5.69 -2.8647888 -0.57295775 0.0
6.37 3.49 6.56 -6.3025355 0.0 -2.8647888
5.9 3.25 7.0899997 1.7188734 1.7188734 0.0
6.17 3.35 6.8599997 6.8754935 -0.57295775 2.291831
6.33 3.6 6.47 9.167324 -1.7188734 1.7188734
6.46 3.62 6.16 4.583662 0.57295775 0.0
6.12 3.5 6.23 -1.7188734 4.0107045 -2.291831
6.0899997 3.56 6.7999997 -3.4377468 1.7188734 -0.57295775
6.31 3.75 7.12 2.8647888 -0.57295775 -1.1459155
6.42 3.7099998 7.1099997 6.8754935 0.0 -3.4377468
6.0099998 3.55 6.7599998 6.3025355 1.7188734 -3.4377468
5.96 3.48 6.43 0.0 5.15662 -2.291831
6.1 3.47 6.46 -5.15662 5.7295775 -2.8647888
6.0699997 3.3999999 6.87 -3.4377468 3.4377468 -3.4377468
6.14 3.36 6.94 4.0107045 1.7188734 -0.57295775
6.1 3.5 6.49 6.3025355 2.8647888 -1.1459155
6.19 3.6 6.14 2.291831 5.15662 0.0
6.1 3.56 6.2599998 -1.7188734 4.583662 -1.7188734
5.96 3.3999999 6.6499996 -0.57295775 0.0 -2.291831
6.08 3.33 6.5699997 3.4377468 -0.57295775 -0.57295775
6.12 3.33 6.3199997 1.1459155 0.57295775 0.0
6.04 3.28 6.19 -3.4377468 0.57295775 0.57295775
6.31 3.34 6.72 -2.291831 0.0 0.0
6.37 3.3799999 6.7799997 1.7188734 0.0 -0.57295775
5.95 3.34 6.39 0.57295775 -1.1459155 0.0
5.7999997 3.35 6.49 -2.291831 -2.291831 1.7188734
6.12 3.46 6.8799996 -1.7188734 0.0 0.57295775
6.1 3.47 7.0899997 1.7188734 0.57295775 1.7188734
6.23 3.51 6.75 4.583662 1.1459155 2.291831
