-1.5036045 9.598648 -1.1540405 -10.597931 -10.569301 -3.6290452
-1.0199611 9.529214 -0.74222517 -15.882929 -7.6643004 -2.614045
-0.9241901 9.73991 -0.41420954 -21.72793 -7.5593 1.095955
-0.92658436 9.6896305 -0.24900457 -18.96293 -8.329301 -1.494045
-1.0391153 9.6896305 -0.31125572 -13.85293 -5.1443 -3.664045
-1.23784 9.715967 -0.5602603 -7.6579304 -3.2893 -5.834045
-1.3216397 9.75667 -0.69194543 -4.05293 -5.0043 -6.849045
-1.1109436 9.574705 -0.54350036 -3.98293 -8.9243 -6.674045
-0.9194015 9.495694 -0.5363176 -5.5579305 -14.6643 -6.779045
-1.0055954 9.615408 -0.54350036 -10.597931 -17.4643 -9.824044
-1.3144568 9.340066 0.75659084 -26.10293 -8.7843 -15.319045
-1.977671 9.122187 2.0710478 -42.55293 5.8807 -22.144045
-2.2194927 8.822903 2.8084843 -45.24793 1.1207001 -29.319044
-2.6193366 8.664881 3.337619 -39.892933 -27.649302 -34.429047
-2.7869358 8.102226 4.2546263 -42.13293 -41.4393 -38.874046
-3.5698638 7.759845 5.6768255 -49.202927 -30.939302 -40.344048
-3.2873392 7.407886 5.889916 -42.86793 -20.1243 -37.649044
-2.6121538 7.455772 4.7717896 -21.902931 -20.8243 -29.319044
-2.4684973 7.434223 3.6512692 -3.3879302 -26.0393 -21.339045
-3.2035396 7.14691 3.8523881 -2.2329302 -8.8893 -16.684046
-3.6536634 7.1397276 4.40786 -11.15793 26.2157 -10.419045
-2.9904492 7.472532 3.859571 -11.40293 54.040703 5.995955
-1.23784 7.80773 3.1867797 -1.2879299 76.8957 30.250956
0.7326481 7.7047763 2.5522969 7.1120696 94.32571 47.715954
0.75659084 7.9418097 1.2067145 15.827071 107.8707 50.620953
-0.57462597 8.293768 1.1348863 29.582067 115.5357 38.825954
-0.3902668 8.300951 0.7015225 36.96707 113.7507 26.820955
-0.62251145 8.810931 -0.818842 44.38707 115.570694 29.095957
0.25139886 8.667274 -0.93616146 54.78207 110.8807 33.610954
0.25379312 8.449396 -1.6137413 58.84207 98.5257 36.340958
0.6105401 8.46855 -3.0000262 62.97207 86.2057 38.020958
1.1779832 8.688824 -4.233078 66.19207 71.4007 45.440956
1.0654523 7.8747697 -3.6201434 57.092068 70.8757 53.420956
0.12450229 8.085466 -2.597788 33.887074 83.5457 53.630955
1.6161355 8.607418 -2.5618742 14.81207 89.145706 51.705956
2.8946784 8.58587 -2.3032923 11.592071 74.6557 63.885956
2.4613144 8.150111 -2.1021733 16.31707 68.9157 77.50095
1.9633054 8.212362 -1.4174107 22.96707 82.8457 72.915955
3.11974 8.195602 -1.960911 34.37707 87.2207 61.995953
5.1093826 7.738296 -5.032766 60.90707 66.8857 60.56095
5.157268 8.40151 -7.4821086 108.71707 43.470703 63.15096
4.72151 9.012051 -7.7933645 102.24207 45.5357 48.135956
5.6241517 9.387952 -11.063944 103.29207 45.220703 44.460957
5.734288 9.196409 -15.457438 107.17708 35.840702 43.830956
4.460534 8.542772 -17.626652 87.822075 28.805702 28.185955
2.595394 8.073495 -16.336138 43.40707 9.905701 4.665955
2.343995 8.004061 -14.468603 -0.72793 -22.5743 -5.0640454
3.7781656 7.7742105 -14.497334 -24.002932 -46.339302 4.385955
5.260222 7.2426815 -14.107067 -42.90293 -61.8093 15.095954
6.2969427 6.610593 -12.206013 -69.85293 -75.3543 14.990955
5.478101 6.646507 -9.866806 -97.71293 -90.4043 7.4659553
4.9561486 6.639324 -7.8532214 -116.96293 -105.8043 0.325955
5.523592 6.3975024 -6.3831367 -122.52794 -119.73431 3.8959553
6.2251143 6.378348 -5.4661293 -119.23793 -135.16931 10.825954
6.177229 6.7566433 -4.268992 -113.42793 -153.68431 9.075955
5.3464155 7.1109962 -2.7390504 -109.12293 -171.3593 0.745955
4.9633317 7.161276 -2.7917244 -105.23793 -183.5393 -5.204045
5.3248672 6.7398834 -1.6951466 -104.11793 -183.5043 -2.2290452
5.1596622 6.88354 0.505192 -114.05793 -181.1943 -1.004045
4.3767343 7.640131 0.14126222 -118.29293 -187.4943 -5.764045
4.1325183 7.5299945 -0.7206767 -116.08793 -189.97931 -5.7990456
4.922629 6.0263896 2.142876 -143.66794 -155.9243 2.2159553
5.174028 5.480495 5.6576715 -189.83293 -98.419304 6.2059546
4.0918155 5.2482505 6.8452315 -197.95293 -72.6593 -2.264045
2.7917244 4.826858 6.4405994 -162.11295 -87.8843 -20.009047
2.466103 4.5443335 6.58665 -120.35793 -116.1993 -30.999046
1.8052832 4.7717896 6.876357 -91.86793 -132.0543 -28.024044
2.865947 5.152479 7.393521 -74.19293 -136.60431 -18.434046
4.6664414 5.669643 8.79896 -69.257935 -142.8343 -4.2240453
5.341627 6.124555 11.43745 -80.73793 -147.2093 11.700956
4.336032 5.5786605 11.937854 -87.21293 -134.8193 18.315956
4.9705143 5.2745876 11.844478 -69.08293 -134.9593 11.070955
5.1452966 5.190788 12.838101 -47.24293 -156.9043 10.055955
4.6903844 5.236279 14.085519 -41.46793 -157.4993 16.845957
4.6712303 5.463735 13.791023 -34.25793 -126.06931 21.570955
5.3009243 5.913859 11.748707 -10.70293 -91.6993 23.635956
5.1261425 6.4956675 9.457385 27.48207 -64.0493 33.225956
4.4677167 6.9553685 8.152506 66.01707 -5.1793 43.305954
4.5874305 7.434223 7.0104365 67.73208 14.875699 46.630955
5.1452966 8.265037 6.3998966 65.42207 28.560701 53.245956
5.073468 9.730332 5.9473786 61.117073 44.7307 58.320957
5.6792197 10.3743925 4.6305275 62.447067 64.3307 63.15096
5.4589467 10.989721 4.206741 66.43707 68.4607 59.055954
5.2841644 12.318543 2.9329867 68.57207 67.4807 51.635952
6.8883286 12.584309 0.9624985 69.97207 82.110695 52.790955
7.405492 11.798986 0.39505535 56.74207 103.1457 48.870956
6.0096297 10.872402 2.0973847 32.80207 104.68569 37.110954
4.4318027 10.7048025 3.5698638 18.59207 94.7107 23.915955
4.8843207 10.611426 2.8611584 31.33207 89.0057 21.850956
6.366377 10.530021 1.1109436 59.08707 87.0107 27.765955
6.533976 10.221159 0.19393626 79.03707 87.745705 29.480955
4.9633317 11.047184 0.15802214 80.57707 81.480705 20.205956
5.3248672 11.123801 -1.1899546 76.90207 84.8757 16.005957
5.6935854 10.759871 -3.0239692 80.12207 94.5007 18.455956
4.5946136 10.357633 -3.1460772 76.06207 87.9907 11.560955
3.4094474 10.96099 -2.8443985 56.18207 77.0707 -0.12904501
3.4286015 10.982538 -3.5411325 39.76707 66.6757 -2.264045
3.790137 10.225947 -4.065479 35.95207 60.025703 0.815955
3.991256 9.945818 -3.519584 29.932072 47.9157 0.57095504
3.634509 9.763853 -2.52596 15.862069 33.3557 -2.194045
3.8859081 9.268238 -0.679974 0.95207 22.715702 -4.1890445
3.8212626 8.875577 0.12689656 -6.57293 18.900702 -3.3840451
3.8667538 8.868394 0.052674048 3.08707 9.2757 -3.9090452
4.563488 8.887548 -0.5794145 18.90707 3.2207 -3.034045
4.573065 8.8636055 -0.85236186 27.692072 2.0657003 -0.86404496
4.1516724 8.775017 -0.339987 25.38207 -0.4543 -1.9490451
3.8643596 8.640938 0.31125572 14.70707 -0.3143 -4.5390453
3.8667538 8.73192 0.46209505 7.3220696 -1.5393001 -5.239045
3.9146392 8.822903 0.44054657 5.71207 -3.3243 -3.874045
3.6273263 8.858817 0.8140534 4.87207 -5.1443 -3.139045
3.3735332 8.913885 0.7685622 2.56207 -4.2343 -3.279045
3.4166303 9.040782 0.42139238 2.73707 -3.2893 -3.6990452
3.6800003 9.024022 0.2849187 3.89207 -3.2543 -2.439045
3.8284454 8.966559 0.5985687 -5.5229297 -1.5393001 0.780955
3.7542229 8.968953 0.9816527 -9.722931 -3.0443 0.535955
3.675212 8.935433 1.1660118 -10.42293 -5.3893 -0.059045
4.170827 8.980925 1.3575538 -10.70293 -4.2343 2.0759552
4.2378664 9.009656 1.525153 -8.07793 -5.0393 1.760955
3.2250881 8.966559 1.403045 -3.10793 -6.0893 -1.459045
3.2633965 8.971348 1.4796618 0.98707 -6.4393 0.57095504
3.1963568 9.237112 0.9816527 4.80207 -5.8443 6.590955
4.328849 9.1940155 0.5698374 6.3070703 2.3457 7.640955
4.4413795 9.251478 0.6081458 3.01707 9.9407 5.540955
4.113364 9.115005 1.2186859 -3.52793 6.8957 2.8459551
3.7853484 9.016839 1.3910737 -6.18793 2.9057 -0.86404496
4.041536 8.964165 1.0870007 -2.5479302 1.9607002 -1.389045
4.225895 8.9498 0.9074302 1.3720701 0.77070004 -0.934045
3.9768906 9.014444 1.0750294 2.38707 -1.4343001 -2.614045
3.684789 9.024022 0.9984126 2.10707 -0.90929997 -5.309045
3.8092911 9.031204 0.7685622 2.38707 0.7007 -5.309045
3.9409764 8.983319 0.76616794 2.21207 1.2257 -3.5940452
3.840417 8.976136 0.91700727 0.39207003 0.8057 -3.6990452
3.5698638 9.000079 0.86912173 -0.72793 0.5957 -5.1690454
3.4309957 8.925857 0.7589851 0.04207 0.9807 -5.0640454
3.5890179 8.79896 0.8092649 0.04207 0.4207 -2.4040449
3.9577363 8.846846 0.77574503 -0.97292995 -1.2243001 1.620955
4.3863115 8.882759 0.84996754 -1.42793 -2.5542998 4.245955
3.962525 8.904308 1.1205206 -2.02293 0.4907 2.985955
3.7135203 8.837268 1.1205206 -2.93293 1.6107 -0.059045
3.790137 8.865999 1.2617828 -2.44293 1.1207001 -0.23404503
4.0798445 8.978531 0.9720756 -1.35793 2.2757 0.780955
4.199558 9.031204 0.8356019 1.30207 -0.0693 1.445955
3.632115 8.91628 1.0534809 0.81207 0.1757 -0.269045
3.5507095 8.8636055 1.1109436 -1.5329301 3.2207 -2.789045
3.869148 8.930645 1.0079896 -2.4079301 5.1807003 -1.7740451
4.0104103 8.961771 0.9816527 -1.04293 3.3257 0.430955
3.7757714 8.983319 0.7829279 0.18207 2.3107 0.115955
3.668029 8.968953 0.8140534 1.30207 1.4357 -1.809045
3.519584 8.901914 1.0439038 0.46207 1.0857 -1.879045
3.6464806 8.940222 0.86193895 -0.65792996 1.5057 -0.47904497
3.9840732 9.098245 0.4166038 0.9170701 1.3306999 1.3409549
4.04393 9.134158 0.7134939 1.72207 0.7357 3.475955
4.0128045 9.076695 1.3024855 -10.107929 0.0707 2.635955
3.9960446 8.990502 1.6616267 -10.00293 1.7507 1.5159551
3.8763309 9.012051 1.4269878 -3.94793 2.8007 -0.269045
3.7254915 9.124581 0.90503585 2.84207 1.4707 -2.264045
3.6728175 9.160496 0.7541966 3.61207 1.8207 -2.579045
3.6800003 9.191621 0.8930645 0.53207 2.3107 -1.7740451
3.9792848 9.170073 0.9888355 -1.63793 1.6457 -0.82904506
4.07745 9.222747 1.0055954 -2.61793 0.5257 -0.899045
3.8021083 9.12937 1.1109436 -2.7929301 0.21069999 -3.6990452
3.7159145 8.971348 1.1803775 -4.1579304 1.6457 -5.099045
3.6225379 8.925857 1.3312168 -4.50793 0.6307 -4.714045
3.5004299 8.940222 1.3072741 -3.28293 0.21069999 -3.559045
3.8763309 9.007262 1.0989721 -1.9529302 0.6307 -1.4240451
4.1181526 9.06233 1.1253091 -2.65293 1.1207001 0.780955
