0.06 10.36 2.81 13.178029 -14.323945 -17.188732
-0.39999998 10.26 3.6499999 13.750987 7.448451 -24.637184
-3.6999998 9.469999 3.48 -1.1459155 -18.907606 -24.637184
-4.2799997 8.48 5.49 -17.761692 -27.501974 -14.323945
-3.52 8.48 6.58 -23.49127 -13.178029 -4.0107045
-3.35 8.639999 7.18 -33.80451 9.167324 -4.0107045
-2.45 8.59 8.849999 -47.555496 14.896902 2.8647888
-1.22 7.66 10.09 -37.815212 50.993244 -2.8647888
-1.05 7.14 10.13 -12.605071 79.641136 -9.167324
-1.81 6.5099998 9.059999 6.8754935 96.829865 -10.31324
-2.3799999 6.43 7.5899997 18.907606 107.143105 0.0
-1.3299999 5.8599997 5.27 7.448451 119.17522 4.583662
-0.28 5.41 3.6399999 -25.7831 139.22873 5.15662
-0.53999996 4.92 5.21 -48.701412 147.25015 33.231552
1.0799999 5.16 4.2799997 -42.971836 154.69861 35.523384
0.97999996 5.06 3.34 -56.72282 173.60622 33.80451
0.21 4.94 4.24 -64.74423 173.60622 42.971836
-0.26999998 6.21 5.7599998 -37.815212 152.40677 61.30648
2.61 6.54 3.32 2.291831 152.40677 79.06818
4.25 6.93 0.59999996 -20.62648 171.31438 81.93296
3.28 6.97 2.08 -25.210142 156.99043 88.2355
2.9299998 7.2799997 3.8799999 9.740283 144.38536 100.84057
5.45 7.7799997 1.5899999 17.761692 151.26085 109.43494
7.0 8.05 -0.19 4.583662 154.12566 100.84057
4.24 7.48 0.65999997 12.605071 145.53128 99.1217
4.52 9.349999 0.41 33.80451 130.06142 123.75887
9.83 10.389999 -3.4299998 45.83662 120.32113 130.06142
9.05 10.969999 -4.0699997 25.7831 124.9048 92.81916
5.68 10.8 -2.26 28.64789 102.55944 77.922264
4.91 12.059999 -1.81 52.139156 67.03606 105.42423
9.74 12.11 -4.54 56.72282 56.14986 101.98649
11.45 12.29 -6.95 37.242256 57.29578 63.02536
7.6 12.2699995 -6.12 28.07493 28.07493 45.263664
6.33 11.88 -4.41 34.377464 -9.740283 55.00395
8.25 11.91 -4.2999997 38.961132 -14.896902 55.00395
7.79 12.44 -6.18 33.231552 -12.032113 37.815212
8.429999 12.009999 -6.92 34.950428 -44.11775 32.085636
7.87 12.04 -6.49 21.199438 -65.890144 21.772396
8.84 11.75 -6.08 0.0 -74.48451 22.345354
8.79 11.12 -4.15 -20.053522 -78.49522 11.459155
7.7599998 10.25 -2.3999999 -12.032113 -97.97578 1.1459155
7.43 9.8 -2.3799999 -6.8754935 -109.43494 0.0
8.04 9.429999 -2.86 -16.615776 -115.73747 -3.4377468
8.09 8.99 -2.08 -29.793804 -118.60226 -13.178029
7.02 8.29 -0.63 -28.64789 -120.89409 -16.042818
5.75 8.12 -0.48 -24.064226 -124.9048 -11.459155
6.27 7.93 -0.71 -25.7831 -139.80171 -6.8754935
5.98 7.89 -0.04 -25.210142 -142.66649 -8.021409
5.65 8.16 -0.14999999 -24.637184 -141.52058 -6.3025355
5.96 8.21 -0.37 -33.231552 -142.66649 -6.3025355
5.2599998 8.13 0.45999998 -45.263664 -144.38536 -8.594366
5.2799997 7.93 1.0699999 -42.398876 -150.11493 -5.15662
5.8599997 7.68 0.82 -46.40958 -146.67719 -11.459155
4.29 7.5099998 1.4 -58.441692 -140.37466 -8.021409
4.0299997 7.22 2.52 -62.4524 -137.50986 -3.4377468
3.97 7.3599997 2.9199998 -57.868736 -135.21803 -0.57295775
5.0299997 7.08 2.54 -62.4524 -129.48846 -11.459155
1.9399999 5.45 4.0099998 -83.65183 -120.32113 -20.053522
0.41 4.93 4.91 -84.79775 -112.29972 -10.886198
1.43 5.0 5.0 -80.21409 -114.59156 5.7295775
2.97 4.91 4.7799997 -84.22479 -103.70536 8.021409
1.8399999 4.44 5.8199997 -97.97578 -88.2355 1.1459155
0.29999998 3.7099998 7.3599997 -99.69466 -79.641136 6.3025355
-0.099999994 3.72 8.099999 -71.04677 -73.91155 32.085636
1.49 4.48 7.37 -49.84733 -61.30648 42.398876
2.95 5.06 5.42 -57.868736 -39.53409 33.80451
1.5899999 4.8399997 4.08 -91.10028 -18.334648 27.501974
-0.53999996 5.0 5.38 -128.9155 -12.032113 46.98254
3.6499999 5.73 8.51 -123.75887 -0.57295775 70.47381
3.6399999 6.0499997 8.78 -110.0079 6.3025355 59.014652
1.42 6.3199997 10.15 -101.98649 0.0 53.858032
1.7199999 7.33 11.49 -91.67324 0.0 68.75493
4.87 7.14 12.25 -82.50592 5.7295775 78.49522
4.68 6.6099997 12.96 -67.60902 26.356058 69.900856
3.07 6.66 13.12 -34.377464 35.523384 74.48451
4.49 7.0299997 12.179999 -22.91831 52.139156 81.36001
6.06 7.6299996 11.19 -27.501974 67.03606 79.641136
6.19 7.4199996 11.259999 -22.91831 69.900856 71.61973
6.12 6.41 11.59 -8.594366 68.18198 68.18198
5.22 7.0899997 10.96 12.032113 83.65183 81.36001
7.2799997 7.24 10.51 21.772396 90.52733 88.80846
8.22 7.23 9.929999 37.815212 92.24621 80.78705
7.68 7.27 9.07 55.00395 87.662544 69.32789
8.139999 7.0 7.1099997 61.879436 91.10028 64.17127
8.429999 7.17 5.95 46.40958 100.26762 60.160564
8.809999 6.58 5.93 20.62648 104.27831 54.43099
8.54 5.9 6.2599998 20.053522 96.256905 51.5662
7.12 5.85 7.04 33.231552 89.95437 57.29578
7.6299996 5.65 7.0099998 57.868736 83.07887 64.74423
8.51 5.71 5.73 74.48451 79.06818 61.879436
8.11 6.7599998 3.8799999 73.33859 72.76564 56.14986
8.94 6.8999996 2.6 65.890144 70.47381 52.712116
8.94 7.33 1.5699999 49.27437 65.890144 38.961132
7.83 7.22 1.77 20.62648 63.598316 22.345354
6.17 6.7999997 3.84 -1.1459155 55.576904 21.772396
6.5099998 7.0099998 5.29 9.740283 47.555496 30.939718
7.49 7.18 4.56 45.263664 46.98254 25.210142
7.9199996 7.14 3.05 42.398876 45.263664 14.896902
7.14 7.22 2.56 26.929016 42.971836 9.167324
6.52 6.79 2.78 14.323945 41.825916 7.448451
5.7799997 6.21 2.86 9.740283 38.961132 11.459155
5.8599997 6.25 3.3999999 12.032113 26.356058 9.740283
5.7599998 6.3399997 3.7099998 14.896902 22.91831 1.7188734
4.5099998 5.6299996 3.6799998 11.459155 17.188732 -0.57295775
3.8799999 5.62 4.16 6.8754935 10.886198 4.583662
5.02 5.99 4.21 3.4377468 10.31324 12.032113
5.5699997 6.12 4.5099998 -1.7188734 9.740283 8.021409
4.37 5.99 4.99 -2.291831 1.1459155 -1.1459155
3.53 5.97 5.7999997 3.4377468 -1.7188734 2.8647888
4.19 6.1299996 5.79 7.448451 4.0107045 7.448451
4.71 6.2599998 5.23 2.8647888 4.583662 6.3025355
4.37 6.33 5.2599998 -2.291831 2.291831 5.7295775
4.5 6.46 5.74 -1.7188734 0.0 5.15662
4.2 6.29 6.0499997 6.3025355 -5.15662 0.57295775
4.25 6.35 5.71 5.7295775 -4.583662 3.4377468
4.16 6.47 5.8599997 -1.7188734 -2.8647888 4.583662
4.49 6.5499997 6.45 -5.15662 -4.0107045 5.15662
4.7799997 6.6099997 6.89 -2.291831 -7.448451 2.8647888
4.42 6.5 6.97 6.3025355 -6.8754935 -0.57295775
4.19 6.39 6.75 10.886198 -4.583662 1.1459155
4.2599998 6.14 6.19 9.740283 -0.57295775 1.7188734
4.04 6.21 6.15 5.15662 -1.7188734 4.0107045
4.42 6.41 6.46 1.7188734 -2.291831 2.291831
4.58 6.56 6.6299996 3.4377468 -1.1459155 0.0
3.79 6.0 6.37 2.291831 0.57295775 -4.0107045
3.73 6.0099998 6.52 0.0 1.7188734 0.0
4.13 6.12 6.71 1.1459155 2.291831 2.291831
4.46 6.17 6.6 8.594366 0.57295775 0.57295775
4.29 6.12 5.85 12.605071 1.7188734 -3.4377468
3.9099998 6.0899997 5.56 0.0 5.15662 0.0
3.9299998 6.0499997 5.7799997 -4.583662 5.15662 2.8647888
4.11 5.87 6.14 0.0 0.0 2.291831
4.2 5.97 6.27 5.15662 -2.291831 0.57295775
4.17 6.16 6.29 5.7295775 -1.7188734 2.8647888
4.39 6.17 6.19 4.583662 1.1459155 1.1459155
4.2799997 6.15 6.0099998 0.0 1.1459155 1.7188734
4.31 6.23 6.3199997 -0.57295775 2.8647888 1.1459155
4.21 6.0899997 6.0499997 3.4377468 2.291831 1.1459155
4.04 6.1299996 5.68 5.15662 0.0 1.1459155
4.31 6.33 5.85 1.7188734 -2.291831 2.291831
4.47 6.33 6.24 -0.57295775 0.0 1.1459155
4.38 6.22 6.42 1.1459155 0.57295775 0.57295775
3.98 6.17 6.31 3.4377468 0.0 1.1459155
4.17 6.33 6.18 3.4377468 0.0 2.8647888
4.66 6.5099998 6.06 0.57295775 0.57295775 1.1459155
4.4 6.43 6.15 0.0 0.0 -1.1459155
4.22 6.2799997 6.2799997 1.1459155 1.7188734 -1.7188734
4.2 6.21 6.21 0.0 2.8647888 -1.1459155
4.0899997 6.04 6.47 -1.1459155 2.291831 -1.1459155
4.13 6.0699997 6.54 2.291831 2.291831 0.0
4.35 6.29 6.18 6.3025355 4.583662 1.1459155
4.35 6.39 5.9 5.15662 1.7188734 0.0
4.24 6.3599997 5.9 2.8647888 0.0 -1.1459155
4.15 6.3399997 6.06 0.0 2.291831 -0.57295775
4.02 6.1299996 6.18 0.0 2.291831 0.0
4.04 6.08 6.24 2.291831 1.7188734 0.57295775
4.2999997 6.2 6.25 4.583662 0.57295775 1.7188734
4.24 6.39 6.22 4.583662 0.0 -0.57295775
4.24 6.3399997 6.3599997 1.7188734 1.7188734 -1.1459155
