-1.1157321 9.2419 1.759792 -22.98359 14.34489 -8.82322
-1.8723229 8.990502 0.4285752 -15.493589 23.16489 -8.64822
-2.3296294 9.39274 -0.12450229 -1.98359 25.054892 -5.77822
-1.9154198 9.478934 0.1699935 3.33641 15.114889 1.60678
-1.1277034 9.677659 0.9816527 -2.54359 -0.9501101 6.5767803
-0.9624985 9.7135725 1.1779832 -7.0585904 -10.330111 8.25678
-1.0175668 9.883567 0.8284191 -4.50359 -10.01511 5.45678
-1.3479767 9.732727 0.600963 0.71141 -2.52511 1.5717801
-1.3455825 9.687236 0.63208854 2.14641 3.1098902 -0.17822
-1.1731946 9.636956 0.7829279 0.32641003 2.30489 1.36178
-1.0055954 9.718362 0.7996878 -0.82859004 -0.84511006 3.0417802
-1.0223553 9.787795 0.5458947 -0.16359 -2.07011 3.53178
-1.2330515 9.797373 0.43575802 2.07641 -4.97511 2.3767798
-1.611347 9.665688 0.5123748 1.48141 -5.22011 -0.52822
-1.7837347 9.629773 0.66800267 -5.06359 -2.66511 -2.48822
-1.6496553 9.61062 0.9122187 -5.09859 -4.52011 0.97678
-1.4365649 9.747093 0.7398309 -2.01859 -7.6701093 4.68678
-1.3048798 9.771035 0.41181526 1.37641 -13.30511 6.43678
-1.3168511 9.953 0.17478207 1.23641 -20.37511 7.8717794
-0.8140534 10.094262 0.15323359 -2.01859 -29.020111 9.866779
-0.5818088 10.245102 0.102953814 -5.65859 -39.45011 9.44678
-0.84039044 10.446221 -0.65124273 -9.3335905 -49.495113 4.40678
-0.69673395 10.671283 -0.9577099 -20.04359 -61.15011 0.80178
-0.3519584 10.336084 -0.3423813 -42.548588 -76.58511 -2.97822
-0.4836435 9.809344 1.7238779 -71.14359 -85.265114 -11.23822
-0.9026416 9.486116 4.35758 -94.5236 -78.54511 -19.91822
-1.9178141 8.846846 7.108602 -105.3036 -60.45011 -25.72822
-2.3655436 8.095043 8.813326 -95.85359 -31.820112 -29.648218
-1.9130256 7.5754857 8.442213 -59.803585 -17.01511 -31.993221
-1.4174107 7.7766047 8.267431 -20.11359 -31.75011 -29.61322
-0.9601042 7.946598 8.710372 0.9914101 -54.50011 -30.06822
-1.0989721 7.4222517 8.700794 5.2614098 -62.48011 -35.70322
-1.4964218 7.082265 8.595447 1.86641 -41.72511 -38.64322
-1.8603516 7.0271964 7.884347 -4.9935904 1.04489 -32.83322
-1.5586729 6.952974 7.5922456 -9.298591 35.13489 -23.418219
-1.2953026 7.065505 7.57788 -11.57359 48.46989 -14.913219
-1.063058 6.91706 7.204373 -7.8985896 58.12989 -7.66822
-0.5243462 6.9673395 6.1269493 3.7914102 70.16989 -1.85822
-0.43336374 7.1349387 5.0830455 17.79141 79.759895 3.77678
-0.45970076 7.3216925 4.635316 26.92641 88.12489 6.7867804
-0.15323359 6.9840994 3.641692 31.89641 95.68489 10.32178
-0.32801566 6.838049 2.7294734 39.001408 99.39489 16.37678
-0.2944958 7.0176196 2.1500587 44.70641 106.884895 22.25678
0.20111908 7.4964743 1.4844503 46.63141 115.634895 29.60678
0.6177229 7.6712565 0.7901107 48.451412 117.3849 38.77678
1.1612233 7.6975937 -0.7134939 53.596413 116.40489 45.426777
1.6137413 7.901107 -2.4780743 59.05641 118.189896 49.486782
1.5514901 7.8963184 -3.232271 55.55641 127.639885 52.07678
0.5794145 8.049552 -2.0183737 37.53141 144.19489 52.216778
0.48843205 8.377567 -0.24421602 12.156411 151.4749 48.89178
1.8483802 8.717555 -1.7382435 32.42141 110.66489 55.611782
3.241848 8.827691 -4.170827 61.401405 95.29989 59.39178
2.4373717 8.679246 -5.6169686 64.16641 99.39489 50.15178
1.0965779 8.250671 -3.7494342 45.58141 104.7149 33.806778
-0.043096945 8.595447 -1.673598 40.856407 84.72989 25.40678
1.9106313 8.633755 -4.5347567 70.43141 61.944893 36.71178
4.304906 8.609812 -8.806143 104.90641 65.82989 64.67678
4.40786 8.494887 -9.979338 97.10141 77.65989 71.15178
1.6400782 8.229122 -5.585843 53.14141 77.16989 47.73678
0.9481328 8.394327 -4.2809634 27.87141 65.51489 27.47178
3.74704 8.25546 -8.686429 54.40141 51.409893 38.42678
3.6464806 8.583475 -11.013664 85.16641 43.35989 55.576782
2.1835787 8.528407 -9.04557 68.261406 42.204895 43.39678
1.2881198 8.652909 -6.804529 42.29141 26.489891 28.941778
2.9066496 8.968953 -10.41749 53.63141 1.95489 34.086784
4.5970078 8.81572 -13.577932 89.61141 -11.13511 54.38678
4.1397014 8.559532 -13.83412 87.75641 -19.95511 59.041782
2.3320236 8.662486 -9.335278 38.12641 -24.295109 43.85178
2.6241252 8.954588 -8.291373 -9.85859 -22.61511 35.451782
4.3911 9.538791 -10.269045 -6.77859 -35.49511 45.39178
4.5970078 9.191621 -11.6649065 17.23141 -60.83511 52.25178
3.493247 8.937828 -9.502876 13.03141 -83.09511 37.691776
2.8779182 8.564321 -6.943397 -15.353591 -100.63011 23.51678
4.4461684 8.854029 -8.415876 -27.60359 -110.01012 25.75678
5.487678 8.971348 -9.737515 -15.14359 -111.79511 43.67678
5.3895125 8.655303 -8.796566 -13.253591 -116.5201 52.88178
4.992063 8.183631 -6.510033 -35.72359 -125.200096 43.571777
4.7262983 7.8915296 -5.047131 -62.393593 -134.8251 31.91678
4.6927786 8.262642 -3.9888618 -78.35359 -139.72511 28.766779
5.39909 8.303345 -3.7063375 -82.518585 -139.34012 34.54178
6.0479383 8.447001 -3.4573328 -80.278595 -142.21011 39.196777
5.978504 8.296163 -3.2011454 -77.96859 -152.1151 26.80678
4.9800916 8.315316 -2.0494993 -83.14859 -152.53511 15.08178
4.4916596 8.48531 -1.5012103 -87.69859 -149.5251 6.92678
5.1285367 8.576292 -1.9968252 -88.25859 -145.50012 9.48178
6.1820173 8.133351 -2.1117504 -95.99359 -141.44012 12.59678
5.734288 7.8173075 -0.18435916 -118.46359 -132.13011 4.0917797
4.678413 7.3576064 3.1843855 -137.22359 -126.18011 -15.40322
3.7853484 7.312115 4.268992 -122.8386 -139.7951 -33.28822
3.6608462 7.3863378 2.1883671 -78.738594 -160.93512 -38.18822
3.4142358 7.738296 1.350371 -55.39359 -161.35512 -30.97822
3.0239692 7.407886 2.7175019 -70.583595 -138.95511 -26.60322
3.3735332 7.369578 3.8188684 -88.81859 -117.4651 -27.828218
3.1173458 7.439012 3.7709827 -86.753586 -110.32512 -26.60322
2.1907616 7.0607166 3.502824 -73.87359 -108.85512 -30.698221
1.515576 7.1660647 4.252232 -68.23859 -107.000114 -36.78822
1.5826156 7.120573 4.62095 -65.75359 -106.65011 -37.34822
1.2809371 7.4270406 4.189981 -56.40859 -110.81511 -31.64322
1.673598 6.775798 4.764607 -50.63359 -109.41511 -24.258219
1.9465454 6.3831367 5.8324533 -59.593594 -99.75511 -21.493221
1.359948 6.5555243 6.246663 -61.69359 -90.48012 -17.85322
0.2370332 6.385531 7.0894475 -52.45359 -92.12511 -15.96322
0.14365649 6.071881 8.5882635 -52.73359 -103.57011 -24.993221
1.7190893 7.039168 9.454991 -57.318592 -104.97011 -21.21322
1.9561225 7.764633 8.626573 -43.45859 -82.3951 2.9017801
1.9106313 7.678439 7.9609637 -16.823591 -59.575108 15.95678
1.9130256 8.38475 7.745479 -3.20859 -49.25011 13.29678
2.5331428 8.691217 7.678439 -0.89859 -42.28511 14.38178
2.5187771 8.219545 7.125362 0.81641 -28.74011 25.546782
1.5658557 7.972935 7.257047 3.3014102 -14.46011 31.39178
1.6783867 8.224334 7.8268843 0.9914101 -4.97511 31.00678
2.063865 8.846846 7.5683026 -2.6135902 1.60489 36.466778
1.5754328 8.930645 7.886741 3.7914102 20.08489 46.021782
0.59378016 9.11261 7.963358 12.471411 36.884888 44.83178
1.7909175 9.881172 6.4405994 23.95141 37.72489 38.28678
3.510007 10.716774 4.7095385 40.57641 42.23989 47.456783
3.2993107 10.829305 5.1452966 50.166412 55.32989 63.03178
2.3152637 10.575512 7.352818 26.40141 67.78989 50.57178
3.1556542 10.97775 6.5459476 34.416412 75.5599 49.521782
4.781367 11.514068 4.4318027 64.30641 93.12989 58.236782
5.3919067 11.691244 2.6624336 83.90641 98.30989 57.36178
4.2665977 11.8349 2.8539755 77.361404 102.40489 42.381783
3.7781656 11.96898 2.3224466 64.79641 120.95489 32.581783
4.7119327 11.990528 0.5363176 68.89141 137.15988 35.31178
4.889109 11.90194 -0.74222517 74.07141 130.43988 34.051777
3.8739367 11.8061695 -0.4644893 60.456417 115.14489 18.511782
3.3136764 11.566742 -0.63208854 45.61641 118.049904 6.29678
4.07745 10.829305 -1.1181264 45.72141 113.0449 5.77178
4.515602 10.453403 -0.3328042 38.93141 92.18488 7.1717796
4.5610933 10.2091875 1.23784 18.176409 85.07989 6.6817803
3.512401 9.821315 0.7326481 18.00141 109.40489 1.92178
3.1460772 9.378374 -1.5969813 56.046413 118.049904 -8.85822
3.3400133 9.2419 -3.6512692 84.85141 81.054886 -12.7082205
2.9904492 9.304152 -3.1053743 59.441414 62.609894 -5.6732206
2.5714512 9.165284 -2.0614705 15.446411 98.06489 3.6717799
2.7989073 8.71516 -3.1604428 10.02141 112.344894 4.86178
2.6600394 8.978531 -5.2267017 29.656408 78.21989 1.81678
1.5562786 9.158101 -5.5882373 33.156414 68.17489 -4.7982197
1.1803775 9.28021 -5.3679643 22.13141 73.914894 -11.62322
1.4844503 9.42626 -5.454158 12.506411 53.229893 -8.893221
1.498816 9.730332 -4.903475 1.86641 30.339891 -2.31322
1.5874043 9.938635 -3.5076127 -14.793591 21.27489 1.9567801
1.7933118 10.0200405 -2.1213274 -26.483591 11.684891 3.07678
1.5467016 10.1206 -1.8747171 -25.32859 -1.19511 3.3917801
1.5395187 10.032011 -1.1468576 -16.57859 -5.78011 1.7117801
2.0279508 10.089474 -0.38308397 -9.92859 -6.72511 1.08178
2.3535721 10.022434 -0.6440599 -1.17859 -8.930109 1.53678
2.020768 9.921875 -0.93616146 12.36641 -10.71511 -1.75322
1.359948 9.75667 -0.9864412 20.83641 -7.5301104 -8.018219
1.2617828 9.543579 -0.8667275 20.48641 -5.3601103 -10.888221
1.7119064 9.490906 -0.39505535 14.71141 -3.43511 -6.86322
2.083019 9.5483675 -0.339987 7.6064105 -0.56511 0.45178
1.9968252 9.454991 -0.4956149 4.52641 0.13489 2.7967799
1.6424725 9.452597 -0.2083019 3.96641 -4.06511 -0.07322
1.3527653 9.526819 0.0023942748 -0.58359 -9.70011 -1.61322
1.664021 9.565128 -0.090982445 -3.83859 -5.78011 3.1817803
2.030345 9.677659 -0.023942748 -6.70859 -2.31511 6.4717803
1.9465454 9.701602 0.2681588 -7.9685903 -3.1551101 4.3367805
1.6712039 9.694419 0.49082634 -5.83359 -5.92011 0.62678
1.5706443 9.581888 0.41420954 -2.7885902 -6.27011 0.55678004
1.8531687 9.670476 0.25379312 -1.10859 -4.17011 3.3917801
2.2362528 9.742304 0.37829542 -1.49359 -4.10011 4.93178
2.3631492 9.840469 0.6344828 -1.94859 -7.88011 3.21678
2.0973847 9.857229 0.29210153 2.14641 -9.77011 -1.57822
1.9585168 9.715967 -0.038308397 6.5564103 -7.60011 -4.0982203
1.5131817 9.560339 0.05506832 4.1064095 -3.6801097 -3.9232202
1.5802214 9.502876 0.54350036 -2.4035902 0.55489004 -2.24322
1.9321798 9.560339 0.56744313 -5.2735906 0.97489005 1.88678
2.020768 9.727939 0.38547826 -1.17859 -2.35011 2.4117799
1.8555629 9.701602 0.21548474 4.28141 -5.4651103 -0.52822
1.5658557 9.617802 0.09337672 5.68141 -2.77011 -1.71822
1.5467016 9.648928 0.31125572 4.2114096 1.77989 -1.47322
1.9154198 9.70639 0.18675344 2.39141 1.49989 0.41678002
2.1907616 9.763853 -0.19154198 3.5464098 0.69489 2.0967798
1.9489397 9.761458 -0.30886146 5.1564097 -0.56511 0.62678
1.9369683 9.651321 -0.011971374 3.44141 -3.89011 -2.97822
1.908237 9.543579 0.30167863 -2.5085902 -4.17011 -3.2932198
1.7310607 9.47654 0.4740664 -7.51359 -2.59511 -2.66322
1.7550035 9.596253 0.34477556 -7.4085903 -0.39011 -2.24322
1.9369683 9.663293 0.29210153 -3.5235903 0.72989005 -1.29822
1.7430321 9.644139 0.3232271 -0.09359 -3.0851102 -1.0532199
1.4652961 9.62259 0.117319465 1.23641 -0.98511 -2.31322
1.7166951 9.624985 -0.17238778 2.63641 5.31489 -2.20822
1.776552 9.648928 -0.25379312 4.3514104 4.85989 -0.31822002
1.6400782 9.660899 -0.026337024 3.51141 0.16989 -0.49321997
1.637684 9.699207 0.05027977 1.41141 -0.46011004 -1.50822
1.9824595 9.816526 -0.12210801 4.4214096 -3.7851098 -0.07322
2.063865 9.794978 -0.031125572 3.33641 -3.6451101 -0.03822
1.786129 9.701602 0.14844504 0.46641004 -0.9501101 -2.4532201
1.5850099 9.660899 0.10055954 1.6564101 -1.26511 -3.74822
1.7933118 9.646533 0.08858817 3.09141 -2.94511 -2.38322
1.9968252 9.593859 0.20590763 0.71141 -1.68511 -0.42322
1.7358493 9.555551 0.30167863 -0.16359 1.9198902 -1.8932201
1.4389591 9.531608 -0.035914123 3.8264103 1.53489 -3.88822
1.7310607 9.536397 -0.34477556 7.01141 -1.5801101 -1.78822
1.8938714 9.469357 -0.30167863 3.1964102 -0.98511 0.90677994
1.7071179 9.349643 -0.011971374 -3.69859 2.54989 0.62678
1.8052832 9.344854 0.20590763 -6.5335903 3.59989 -0.14321999
1.8220432 9.385557 0.2083019 -2.7885902 -0.67011005 -0.94822
1.5921928 9.560339 0.12689656 3.7914102 -5.57011 -2.73322
1.6257126 9.660899 -0.15083931 7.67641 -5.78011 -2.52322
1.7550035 9.656111 -0.11013664 7.67641 -3.50511 -0.00322
1.7813405 9.737515 -0.031125572 3.96641 -0.84511006 1.15178
1.7526091 9.890749 -0.07901107 2.6014102 0.16989 0.87178
1.7813405 9.897932 -0.12689656 2.67141 1.46489 0.73178
