-1.2498114 9.584282 0.057462595 -2.153865 -2.296455 -3.351985
-1.2306572 9.519637 0.18196489 -2.4338648 -0.021455 -2.0569851
-1.0702409 9.510059 0.5219519 -13.563866 2.358545 2.388015
-0.9720756 9.495694 0.7901107 -13.563866 0.29354498 1.4780151
-1.1779832 9.557945 0.69912827 -7.8588653 -1.316455 -1.181985
-1.3647367 9.651321 0.23463893 -0.33386502 -5.096455 -2.756985
-1.228263 9.680053 0.11971374 1.6261351 -8.911454 -1.5319849
-0.96489275 9.73991 0.31125572 -2.853865 -8.596455 0.533015
-0.9241901 9.876384 0.65363705 -8.243865 -6.636455 0.84801507
-0.5650489 9.93624 0.7039168 -9.818865 -6.706455 0.078015
-0.6105401 9.897932 0.5243462 -7.963865 -11.571456 -2.581985
-1.0032011 9.938635 0.50040346 -7.2288647 -14.3014555 -7.621985
-1.1420691 9.840469 0.7853221 -10.028865 -14.091455 -10.176986
-1.2330515 9.780613 1.1133378 -12.933865 -13.321455 -9.511985
-1.1133378 9.833286 1.4509305 -12.688865 -10.941455 -6.5019855
-0.9888355 10.077502 1.4102279 -8.838865 -8.981456 -4.2269845
-0.8044763 10.369604 1.4078336 -3.658865 -12.026455 -4.891985
-0.65124273 10.395941 1.9968252 -2.293865 -25.046453 -8.006986
-0.44772938 10.26665 3.0694604 -4.428865 -40.796455 -13.886985
-1.56825 10.623397 3.9936504 -6.283865 -49.511456 -20.606985
-1.3264283 10.292988 4.786155 -4.2188654 -50.946457 -24.351984
-1.1612233 10.340873 5.1093826 2.466135 -45.696457 -24.036985
-1.2569942 10.269045 5.3296556 12.651135 -40.831455 -24.666986
-0.8475733 9.715967 5.5523233 19.021135 -37.681458 -27.676987
-0.84278476 9.454991 5.3009243 21.016134 -29.106455 -29.006983
-1.4341706 9.117398 5.06868 20.771135 -10.066455 -30.056988
-1.7717633 8.540379 4.96812 18.986135 11.878545 -30.581987
-1.838803 8.346442 4.5467277 21.471134 25.248545 -28.586985
-1.7621863 8.308133 3.6464806 31.341135 30.043543 -24.211987
-1.5802214 8.360807 2.719896 42.29614 30.568546 -19.136984
-1.5443072 8.25546 1.89866 48.456135 36.133545 -14.621985
-1.2785428 8.111803 1.3719195 50.556133 46.73855 -11.786984
-1.1109436 8.133351 0.98404694 49.961136 57.763546 -9.406984
-1.175589 8.123775 0.40463245 50.066135 64.65855 -8.741984
-1.2234744 8.013638 -0.17478207 52.201134 68.05354 -10.141985
-1.2426286 7.7119594 -0.68715686 54.441135 70.78355 -11.191985
-1.3407938 7.4797144 -1.1612233 55.316135 76.41855 -11.401985
-1.1899546 7.5683026 -1.6568382 56.891136 79.00854 -10.981985
-1.1731946 7.7095647 -2.0183737 57.941135 77.67854 -8.321984
-1.1396748 7.553937 -2.3320236 56.646137 79.603546 -6.256985
-1.0415095 7.24747 -2.8013015 59.201138 81.423546 -4.751985
-1.0534809 7.4270406 -3.5483153 61.19614 82.19355 -2.686985
-0.9241901 7.5299945 -3.6967604 58.536137 82.648544 0.673015
-0.43336374 7.3432407 -3.756617 56.051136 79.953545 4.2430153
-0.35674694 7.415069 -4.450957 57.066135 78.41355 6.9730153
-0.1987248 7.455772 -4.5850363 54.65114 84.81854 6.8680153
0.09337672 7.6113997 -4.8771377 52.096134 87.23354 8.7930155
0.6177229 7.472532 -6.220326 52.79613 88.563545 13.588016
0.8092649 7.2546525 -6.6201696 46.56613 92.62354 17.928015
0.70631105 7.0343795 -6.1724405 28.751135 97.69854 20.063015
-0.25139886 6.6967864 -4.7550297 12.546135 99.62355 17.788015
-0.5363176 6.4693303 -4.2139235 10.271135 97.593544 14.463015
-0.28252444 6.3903193 -4.6329217 25.181135 90.27854 19.083014
1.0319325 6.694392 -5.4254265 47.161133 76.73355 28.148016
2.083019 6.526793 -6.797346 68.02113 64.27355 37.528015
2.604971 6.299337 -8.0375805 79.921135 62.69854 40.363018
1.7286664 6.751855 -7.6257653 74.84614 67.00355 35.77801
2.0949905 6.8619914 -7.3671837 60.601135 73.51355 29.023014
2.9497466 6.873963 -8.880365 59.446136 72.673546 32.453014
3.6369035 6.387925 -10.290593 69.24614 57.58855 36.933014
2.5187771 6.794952 -10.304958 64.94114 53.598545 33.468018
2.4445546 6.91706 -9.421472 46.916134 61.368546 24.193014
2.5762396 6.8284717 -10.891556 38.236134 52.688545 24.718014
2.8563697 6.5483418 -12.021654 46.321133 40.57855 29.128014
2.9760835 6.2346916 -12.376006 45.481133 34.698547 30.353016
2.944958 5.9641385 -12.359246 34.31614 25.353544 28.533014
2.3463893 5.933013 -11.344074 17.936134 15.028545 27.868015
2.142876 5.6457 -10.843671 0.78613496 2.953545 27.623016
2.710319 5.4302154 -10.886767 -6.7388654 -7.4414554 31.263016
3.2705793 5.2745876 -11.150138 -6.7388654 -21.581455 37.003017
3.0239692 5.2865586 -10.872402 -8.803865 -36.421455 40.783016
1.9896424 5.724711 -9.356826 -20.528866 -43.106453 40.468018
2.2362528 5.973716 -8.923462 -36.768867 -45.556458 38.473015
3.2562137 6.273 -9.624985 -39.88387 -54.761456 42.708015
4.0199876 6.577073 -10.1206 -30.643866 -70.79146 53.068016
4.206741 6.8524146 -9.545974 -40.583866 -94.451454 55.343014
4.6903844 6.8476257 -8.597841 -60.253864 -93.78645 55.238018
5.28177 6.8332605 -7.6473136 -75.19887 -92.59646 54.713017
5.499649 6.8332605 -7.1349387 -83.633865 -95.57146 50.933014
4.9154463 6.9649453 -5.66246 -90.493866 -100.54146 42.253014
4.5084195 7.0008597 -4.7119327 -91.19386 -106.31646 34.448013
4.522785 6.8452315 -4.9585433 -81.56886 -113.10646 31.998016
4.5275736 7.005648 -5.724711 -73.23887 -115.171455 31.508015
3.3950818 7.518023 -4.8412237 -77.89386 -111.35646 28.183016
3.1341057 7.7311134 -3.8188684 -91.68386 -104.67146 26.433014
3.4860642 7.764633 -3.2729738 -96.72387 -102.116455 29.828016
3.8571768 7.7167478 -3.4357843 -91.54386 -102.396454 31.998016
3.3783216 7.8723755 -3.4118416 -84.12386 -105.12646 27.623016
2.9832664 7.946598 -2.8276386 -81.67387 -108.73145 19.888016
3.1676257 7.881953 -2.5044115 -81.743866 -116.67646 13.973015
3.0814316 7.6305537 -2.9329867 -79.57386 -119.896454 11.698015
2.0973847 7.676045 -2.4062462 -83.66887 -110.061455 12.223016
1.7190893 7.764633 -1.5467016 -94.65887 -99.17646 12.398015
2.0782306 7.759845 -0.76137936 -101.90387 -100.12145 14.078015
2.3559663 7.692805 -0.3232271 -103.758865 -105.30146 15.758015
1.960911 7.2354984 0.72546524 -102.953865 -103.58645 14.638016
1.3479767 7.223527 1.4509305 -101.343864 -98.33646 9.388016
0.8571504 7.4030976 1.5538844 -90.00386 -104.91645 3.018015
1.0151725 7.5491486 1.759792 -73.83387 -118.146454 0.708015
1.063058 7.7502675 2.6624336 -64.69887 -123.46646 3.7180147
1.228263 7.8987126 2.6145482 -59.30887 -122.06646 4.943015
1.5754328 7.9489923 1.908237 -48.248867 -125.601456 2.0380151
1.5131817 7.989695 2.5762396 -42.50887 -128.22646 0.74301505
1.637684 8.042369 4.745453 -53.813866 -120.49146 2.0380151
2.063865 8.40151 4.9705143 -67.39387 -109.43145 6.9730153
2.7486274 8.784595 3.3256476 -62.108864 -101.66146 12.398015
3.0096035 8.739103 3.5411325 -49.683865 -92.351456 18.033016
1.498816 8.530801 6.794952 -59.728863 -81.57146 18.908014
0.7948992 8.46855 8.171659 -81.98887 -70.93145 14.218016
1.9968252 8.856422 6.864386 -83.07386 -58.611458 15.093016
3.007209 9.562734 4.4413795 -53.638866 -47.866455 28.253016
2.2434354 9.692024 5.322473 -19.933867 -46.921455 36.478016
1.1923488 9.323306 7.388732 -30.923866 -29.281454 25.593014
2.2027328 9.483723 6.775798 -22.908865 -7.091455 39.313015
3.5363438 9.797373 4.9441776 4.531135 -2.366455 54.188015
4.048719 9.909904 5.549929 12.406136 -0.966455 56.113018
3.74704 9.9889145 7.448589 6.5611353 15.588546 51.878014
4.2235007 10.146936 6.352011 25.811134 34.313545 50.513012
4.8579836 10.403124 3.4980354 66.866135 38.863544 47.468014
4.6736245 10.273833 1.8842943 90.491135 39.563545 39.803017
4.496448 9.883567 2.3248408 84.086136 50.553547 33.643017
4.008016 9.897932 2.4708917 71.976135 67.59854 33.678013
4.336032 10.31693 0.62251145 76.17614 80.09355 37.318016
5.217125 10.113417 -1.1372806 89.266136 83.383545 40.92301
5.734288 9.648928 -1.812466 90.98114 77.22355 38.298016
5.06868 9.189227 -0.3328042 72.781136 74.66854 32.103016
4.103787 9.574705 0.54828894 50.27614 84.78355 28.743013
5.0184 9.636956 -0.5147691 49.051136 96.01854 32.768013
5.89231 8.784595 -2.370332 66.41114 98.43355 37.493015
5.276982 8.1549 -2.360755 76.17614 90.383545 27.903015
3.8954852 8.56911 -1.6879637 67.461136 86.49855 15.338015
4.2402606 9.172467 -2.047105 55.001137 93.04355 15.093016
5.166845 8.741497 -2.9736893 55.281136 102.63355 24.193014
5.073468 7.9609637 -3.7254915 63.12113 95.98354 22.898014
4.000833 7.4102807 -4.0559015 62.17614 85.44855 12.608015
3.7661943 9.07909 -3.955342 47.896133 82.68355 12.118015
5.906676 9.435837 -5.027977 26.931135 87.16355 28.113014
6.742278 9.031204 -6.0335727 13.666136 91.923546 44.038013
5.61218 8.614601 -5.0136113 0.926135 80.72354 38.473015
4.6712303 9.119793 -2.918621 -21.228865 69.13855 26.538015
5.7462597 9.828498 -2.300898 -38.728867 68.08855 29.723013
6.5842557 9.826104 -3.5554981 -30.538866 68.438545 39.068012
5.8156934 9.675264 -3.519584 -4.9188647 61.823547 34.378014
4.3408203 9.687236 -2.3487835 10.376135 49.573547 14.2530155
3.7661943 10.012857 -2.2027328 17.901134 36.063545 -2.861985
4.1756153 10.237919 -3.6728175 29.801136 27.558546 -6.711985
4.453351 10.309748 -4.35758 42.891136 22.728546 -3.246985
4.3911 10.122993 -3.981679 42.331135 17.233545 -0.62198496
4.580248 9.636956 -2.8467927 7.156135 -0.651455 -0.411985
4.5108137 9.510059 -1.6496553 -6.493865 -5.4464545 -0.13198501
4.6712303 9.234718 -1.7143008 -9.363866 -7.8614554 -0.446985
4.860378 8.894731 -1.6664152 -10.378865 -11.431455 -0.446985
4.697567 8.528407 -0.8092649 -17.553865 -13.426455 -1.8119849
4.5850363 8.332076 -0.028731298 -23.713865 -13.846455 -2.9319851
4.929812 8.241094 0.11013664 -21.893864 -14.791456 -1.601985
5.0854397 8.224334 -0.019154198 -15.768867 -16.366455 -0.831985
4.9776974 8.229122 0.117319465 -12.093865 -15.666454 -2.3719852
4.5347567 8.231517 0.45491222 -11.603865 -13.286455 -3.6319852
4.580248 8.291373 0.31604427 -9.713865 -11.886456 -3.526985
4.6281333 8.365596 0.18914771 -6.6338654 -11.886456 -0.936985
4.8915033 8.466156 0.17478207 -6.038865 -9.541455 1.933015
5.569083 8.61939 -0.035914123 -6.773865 -8.316455 4.383015
5.106988 8.746285 0.21548474 -7.6838655 -8.351455 2.388015
4.869955 8.638543 0.5458947 -9.363866 -4.816455 -2.5119853
4.7598186 8.657698 0.41420954 -8.103866 -2.191455 -3.246985
4.790944 8.56911 0.1340794 -3.728865 0.048545 -2.6519852
4.7191157 8.597841 -0.102953814 -0.64886504 2.253545 -1.9869851
4.98488 8.712766 -0.11013664 -0.123865 2.043545 -1.776985
4.8364353 8.760652 -0.011971374 -1.033865 0.85354507 -1.881985
4.5898247 8.710372 -0.13168511 -1.103865 1.448545 -3.666985
4.608979 8.650515 -0.4189981 -0.018864999 3.8635447 -3.9469852
4.7693954 8.657698 -0.3902668 -0.123865 5.4035454 -1.7069851
4.869955 8.712766 -0.18196489 -2.328865 5.508545 -0.061985
4.6712303 8.736709 -0.17957062 -2.4338648 4.5285454 -1.8119849
4.6305275 8.700794 -0.4860378 1.4511349 2.1485448 -5.1019855
4.410254 8.662486 -0.75659084 5.5111356 0.888545 -6.466985
4.3695517 8.561927 -0.6249057 5.5111356 1.168545 -5.906985
4.4820824 8.48531 -0.3998439 1.4161351 1.378545 -3.596985
4.6329217 8.537984 -0.43336374 -1.6638651 0.608545 -1.6369851
4.5467277 8.490098 -0.40463245 -1.0688651 -1.106455 -1.9869851
4.6041903 8.466156 -0.38547826 0.086135 -2.366455 -3.036985
4.453351 8.475733 -0.32562137 -0.088865004 -3.031455 -3.036985
4.3767343 8.447001 -0.26337022 -0.508865 -4.011455 -3.281985
4.575459 8.494887 -0.15323359 -1.0688651 -4.0814548 -1.881985
4.644893 8.55235 -0.026337024 -1.8388652 -3.4864552 0.63801503
4.862772 8.6433325 -0.11971374 -1.523865 -1.456455 3.158015
4.802915 8.700794 -0.18196489 -0.543865 -1.0364549 1.583015
4.522785 8.684034 -0.22266756 0.296135 -1.9464551 -0.901985
4.3264546 8.710372 -0.1699935 0.78613496 -2.9614549 -1.461985
4.410254 8.739103 -0.18196489 -0.088865004 -1.0364549 1.3380151
4.913052 8.8636055 -0.35674694 -0.543865 0.74854505 4.0680156
5.06868 8.844451 -0.52913475 -0.053865 -0.826455 3.4030151
4.6688356 8.789383 -0.28970724 -1.348865 -1.491455 -1.3219849
4.4126487 8.719949 -0.08140534 -3.1338649 -0.231455 -3.7019846
4.6065845 8.645726 -0.23224466 -2.223865 0.188545 -2.1269848
4.824464 8.681641 -0.47167215 0.331135 -0.581455 -0.236985
4.7693954 8.743892 -0.52674043 0.926135 -1.9114549 -1.3919849
4.5108137 8.667274 -0.32801566 -1.2788651 -1.456455 -3.7369852
4.278569 8.595447 -0.18196489 -3.098865 -0.896455 -4.996985
4.3456087 8.497281 -0.17717634 -2.608865 -1.421455 -4.016985
4.4844766 8.502069 -0.16281068 -1.558865 -1.7364551 -1.5319849
4.529968 8.547561 -0.11013664 -0.683865 -1.561455 0.113015
4.913052 8.638543 -0.24182175 0.226135 -1.701455 1.233015
4.6640472 8.669669 -0.23224466 0.71613497 -1.701455 1.0930151
4.3216662 8.583475 -0.18914771 0.331135 -1.351455 -2.0569851
4.235472 8.514041 -0.13647367 -0.543865 -0.651455 -2.441985
4.685596 8.595447 -0.21069619 -1.4188651 -0.30145502 1.0930151
4.896292 8.703189 -0.2370332 -2.153865 0.74854505 4.628015
