-1.2593886 9.680053 -0.38068968 2.644565 4.48987 -5.729185
-1.4269878 9.663293 -0.43575802 1.034565 0.74487 -8.109185
-1.446142 9.648928 -0.21309046 -0.435435 -5.55513 -8.249185
-1.3719195 9.663293 -0.21548474 -1.485435 -9.86013 -7.0241847
-1.0989721 9.785401 -0.2753416 -1.380435 -11.400129 -5.484185
-0.9624985 9.77343 -0.18675344 -3.200435 -9.51013 -4.539185
-1.0941836 9.7135725 -0.026337024 -7.3304358 -4.82013 -6.3241854
-1.3671309 9.581888 0.10055954 -10.480435 -1.04013 -8.844186
-1.8196489 9.545974 0.071828246 -10.690435 -2.86013 -11.854185
-1.8435916 9.4142885 0.11013664 -8.975435 -6.0801296 -12.764185
-1.7717633 9.366403 0.28252444 -8.695436 -9.12513 -10.664186
-1.690358 9.340066 0.6344828 -11.145435 -11.15513 -9.124185
-1.3814965 9.251478 1.489239 -15.555435 -10.66513 -8.424186
-1.3647367 9.093455 2.0351336 -19.125435 -6.29013 -8.669185
-1.1229149 8.73192 2.545114 -17.725435 -3.5601301 -11.504185
-1.5275474 8.578687 3.294522 -14.6104355 -8.81013 -15.599186
-2.6720107 8.684034 4.041536 -14.575434 -13.36013 -23.089184
-3.11974 8.537984 4.9968514 -16.990435 -7.3751307 -31.559187
-2.291321 8.078283 6.091035 -20.385435 4.94487 -29.704185
-1.9154198 7.6736507 6.3400397 -21.260435 22.654871 -17.874186
-2.3056867 7.4438004 5.7366824 -12.965436 42.28987 -11.119185
-2.5666625 7.448589 5.130931 1.594565 58.809875 -11.189185
-2.0710478 7.2426815 4.740664 14.054564 72.70487 -9.509185
-1.5443072 7.0798707 3.7614057 39.604565 79.669876 5.2608147
-1.3048798 7.379155 1.9704882 55.494564 78.72487 10.055815
-1.036721 7.2785954 0.54828894 61.75956 81.90987 14.605815
-0.5363176 7.233104 -0.5913859 58.294563 83.41487 18.875814
-0.4956149 7.6544967 -1.0989721 48.739563 85.23487 19.645815
0.019154198 7.8532214 -1.1348863 38.239567 92.75988 21.255816
-0.10055954 7.726325 -1.5874043 31.204567 106.86487 22.305815
-1.2713599 8.090255 -2.597788 31.904566 115.85987 19.750814
-0.73743665 8.399116 -2.796513 36.594566 102.104866 23.880816
0.90982443 8.4230585 -3.6560576 38.904568 86.80987 38.160812
1.6448668 8.492493 -5.025583 38.099567 93.98487 48.835815
1.1923488 8.363202 -5.5331693 31.414564 111.20487 47.120815
0.43815228 8.856422 -4.2019525 17.344564 113.19987 36.760815
0.8667275 8.901914 -3.6392977 9.154565 104.76487 37.495815
1.3144568 8.837268 -4.7358756 20.949564 97.69487 50.72582
2.5211713 8.992896 -6.7015753 44.854565 90.65987 65.77582
4.4916596 9.203592 -7.759845 59.58957 76.37987 77.01081
4.925023 9.677659 -8.334471 61.26957 62.029873 78.23582
4.7191157 10.304958 -9.107821 58.889565 53.80487 69.52082
5.2865586 9.972155 -10.422278 57.90957 43.47987 60.28082
5.585843 9.708784 -11.490125 54.16457 34.414867 55.83581
5.672037 9.553157 -10.616215 34.319565 25.55987 48.97582
4.575459 9.684841 -8.626573 0.019565 17.01987 37.565815
4.314483 9.708784 -9.450203 -16.255436 8.444871 24.755816
5.384724 9.320911 -9.754275 -11.985435 -14.41013 19.540815
5.542746 9.06233 -9.447808 -18.880436 -37.54513 18.000814
4.913052 8.38475 -7.798153 -40.650433 -46.78513 8.340816
3.7326744 8.372779 -6.4142623 -66.79544 -48.64013 -6.639185
3.737463 8.408693 -6.057515 -75.61543 -62.92013 -17.209185
4.192375 8.18842 -5.9234357 -72.25543 -87.77013 -18.924185
3.8811195 7.7478733 -4.486871 -74.56544 -103.80013 -18.119186
3.2442424 7.4605603 -2.3775148 -85.06544 -112.37513 -23.824186
3.318465 7.5491486 -1.5993756 -89.68544 -125.780136 -30.859184
3.0455174 7.92505 -1.8316202 -78.10043 -144.12013 -32.154186
2.116539 7.764633 -1.7310607 -62.24544 -160.25513 -34.21918
1.9106313 7.3312693 -1.7621863 -58.080437 -170.89513 -39.364185
1.8651401 7.5754857 -1.1229149 -68.40543 -168.20013 -35.82919
2.0710478 7.632948 0.5794145 -89.68544 -150.28014 -23.194185
1.9944309 7.206767 2.4445546 -113.73044 -129.38513 -13.919186
1.7143008 6.7997403 3.8212626 -129.72545 -119.62013 -14.654184
2.0399222 7.108602 3.7422516 -102.320435 -135.51013 -14.724185
2.0902019 7.726325 2.7917244 -79.360435 -141.00514 -9.789186
1.8244374 7.3240867 3.265791 -74.95043 -140.16513 -14.094185
1.4605076 6.65369 4.7550297 -85.52044 -137.68015 -20.639185
1.3072741 6.4573593 5.3631754 -87.79543 -130.22514 -19.274185
1.1899546 6.5052447 5.9042816 -81.60043 -120.530136 -12.554185
0.27055305 7.1995845 6.141315 -70.61044 -114.965126 -7.794185
-0.06464542 7.3049326 6.229903 -58.500435 -115.980125 -3.8391848
1.132492 7.0008597 6.876357 -51.535435 -119.795135 3.0558152
1.1085492 7.2953553 7.127756 -45.690437 -116.85514 12.260816
0.9385557 7.161276 8.540379 -45.34044 -106.11013 15.095816
0.43336374 7.4629545 10.587483 -50.73044 -96.34513 14.780814
1.637684 7.2809896 10.592272 -43.520435 -82.52013 20.800816
1.664021 8.159689 9.584282 -21.785435 -59.91013 31.895815
2.0064023 8.102226 9.505271 -2.290435 -43.77513 37.985813
2.3727264 7.563514 9.838076 1.384565 -39.57513 37.320816
2.056682 7.778999 9.921875 0.194565 -20.430128 36.550816
2.3894863 8.499676 9.543579 2.469565 8.19987 40.575813
3.2466366 8.964165 8.346442 15.244564 29.549871 50.865814
3.5411325 8.6433325 6.9505796 36.734566 33.43487 53.140816
2.9234095 8.796566 5.794145 54.969563 32.34987 44.075817
3.1317115 9.948212 5.147691 59.69456 40.29487 36.900814
3.7302802 10.415095 4.4677167 55.739567 57.584873 40.470818
3.5914123 10.058349 3.632115 56.404568 64.65487 41.030815
3.1388943 10.134965 2.6983478 59.09957 58.739864 32.350815
3.6009893 11.013664 2.8156672 52.974564 58.42487 28.150814
4.328849 11.430268 2.7582045 38.484566 76.064865 33.610813
4.304906 10.836488 2.2961094 32.989567 92.16487 34.485817
3.7853484 10.340873 1.359948 41.38957 83.449875 23.810814
3.11974 10.92747 1.5203645 47.129566 68.574875 12.470816
3.7853484 10.836488 1.3527653 38.659565 73.22987 11.525815
3.7661943 10.391152 1.0391153 32.149567 84.56987 18.175816
2.9497466 10.00328 0.52913475 35.159565 79.73987 14.325814
2.6073654 10.771842 0.409421 37.434566 68.25987 6.2408147
3.047912 11.11183 -0.63208854 34.739567 63.11487 7.080815
3.641692 10.879584 -1.8004947 37.434566 60.17487 13.975815
3.79732 10.067925 -2.9617178 36.419567 44.07487 7.920815
2.6241252 9.826104 -2.6935592 15.174564 36.68987 -0.794185
1.3312168 9.972155 -0.6153286 -13.035435 31.509872 -3.8741853
1.7358493 9.7135725 0.79250497 -23.885435 29.304869 2.950815
2.3535721 9.4932995 0.69194543 -9.430435 24.369871 10.5458145
2.6887705 9.684841 0.014365649 14.054564 14.49987 11.875815
3.0622776 10.4294615 -0.6488485 29.349566 2.84487 10.195815
3.2011454 10.541992 -0.7948992 32.149567 0.21987 9.040815
2.8084843 10.281016 -0.64166564 28.054565 3.9648697 7.010815
2.9952378 9.8787775 -0.34716985 19.934565 5.92487 7.465815
3.3040993 10.029617 0.11971374 9.294565 9.42487 11.490815
3.4094474 10.0200405 0.65124273 2.0145652 11.94487 11.525815
2.648068 9.787795 0.9194015 3.8345652 7.21987 4.525815
2.2242813 9.553157 1.1157321 9.609565 4.2098703 -1.354185
2.6193366 9.512454 0.5794145 14.054564 4.7698703 0.430815
2.9617178 9.670476 0.27294734 15.069564 4.13987 5.7508154
2.719896 9.598648 0.52674043 9.294565 5.04987 6.030815
2.4469488 9.3592205 1.0582695 1.804565 5.60987 3.090815
2.360755 9.246689 1.2857256 -1.485435 5.8548703 2.285815
2.597788 9.337671 1.1253091 0.334565 4.03487 3.650815
2.648068 9.402317 1.0319325 3.624565 1.4448701 4.840815
2.588211 9.385557 1.1133378 4.044565 2.1798701 4.140815
2.753416 9.47654 0.99362403 4.114565 3.40487 3.440815
2.928198 9.603436 0.6392714 6.5295653 1.3748701 3.6158152
2.7055306 9.581888 0.7134939 7.8595653 -1.53013 2.1458151
2.648068 9.545974 0.8930645 4.709565 -1.18013 0.115815
2.7055306 9.596253 1.0008069 0.71956503 1.19987 0.18581499
2.7342618 9.560339 0.9816527 -0.855435 0.95487005 0.535815
2.5929997 9.474146 1.0391153 -0.750435 -1.42513 -0.409185
2.578634 9.366403 1.1995317 -0.890435 -1.77513 -1.459185
2.7653873 9.325701 1.0774237 -1.2054352 -0.37513 -0.23418501
2.7390504 9.378374 1.0319325 -0.435435 0.91987 1.515815
2.578634 9.361614 0.9481328 0.299565 1.2348701 0.81581503
2.6097596 9.270632 0.7350424 0.40456498 2.77487 0.255815
2.6720107 9.270632 0.7398309 -0.19043499 4.2098703 1.375815
2.727079 9.227535 1.0678465 -2.570435 4.48987 2.320815
2.6552508 9.253872 1.3982565 -6.5604353 4.3148704 2.495815
2.6121538 9.25866 1.3288225 -2.325435 1.65487 1.515815
2.710319 9.344854 0.97446984 3.309565 -1.91513 0.850815
2.753416 9.390346 0.91461295 4.149565 -4.57513 0.67581505
2.6983478 9.42626 1.1540405 0.509565 -2.33513 0.67581505
2.648068 9.42626 1.3551595 -1.9404352 0.56987 0.88581496
2.6552508 9.397529 1.2713599 -0.785435 0.88487 0.850815
2.865947 9.419077 1.1995317 1.1395651 -0.095130004 1.480815
2.7941186 9.407105 1.089395 2.644565 -2.19513 0.990815
2.6504622 9.4142885 1.0462981 2.644565 -1.35513 -0.584185
2.7677817 9.419077 1.0391153 1.034565 0.70987004 -0.54918504
2.8420043 9.335278 1.1348863 -0.50543493 1.2348701 0.36081502
2.6456738 9.347249 1.2761484 -1.030435 1.58487 0.395815
2.6504622 9.311335 1.1468576 0.474565 0.84986997 -0.339185
2.82285 9.344854 1.0941836 2.294565 -0.20013002 0.290815
2.8013015 9.42626 0.9960183 2.9595652 0.18486999 0.9558151
2.6863763 9.371192 0.94095 3.869565 -0.34013 0.010815
2.7031362 9.39274 0.9217958 3.414565 -0.37513 -0.68918496
2.9210153 9.364009 0.9624985 1.769565 0.39487 0.325815
2.8108785 9.397529 0.9624985 0.054565 0.77987003 0.710815
2.5379312 9.316123 1.0151725 -0.26043501 1.1298699 -0.96918505
2.578634 9.29218 1.0534809 0.124565 1.2348701 -1.8791851
2.7486274 9.308941 1.0079896 0.89456505 0.56987 -0.374185
2.6241252 9.344854 0.88109314 2.1545649 -0.23513001 0.67581505
2.4948344 9.380769 0.91700727 3.029565 -1.32013 -0.339185
2.6456738 9.3592205 0.9960183 1.9795649 -1.7401301 -0.304185
2.7390504 9.402317 1.0750294 0.054565 -1.28513 1.900815
2.925804 9.450203 0.9888355 -0.820435 -0.69013 2.845815
2.892284 9.452597 1.0582695 -0.925435 -0.83013 2.3908148
2.8611584 9.39274 1.1827718 -1.6604351 -0.55013 1.2008151
2.667222 9.335278 1.1492519 -1.8004351 0.18486999 0.15081501
2.597788 9.311335 1.0199611 0.36956498 -1.07513 -0.899185
2.6265194 9.373586 1.0055954 2.224565 -1.53013 -0.759185
