-1.175589 9.711179 -0.65124273 -0.92886496 -2.471455 0.428015
-1.4940275 9.725544 -0.40463245 -3.273865 -8.421455 -0.271985
-1.5131817 9.684841 -0.20351335 -7.823865 -6.0764546 -0.866985
-1.4006507 9.651321 -0.043096945 -10.028865 -2.506455 -0.061985
-1.2138973 9.718362 0.05506832 -8.908865 -2.576455 0.81301504
-1.1899546 9.744699 -0.05985687 -5.583865 -5.656455 0.21801502
-1.3455825 9.725544 -0.17957062 -2.4688652 -8.106455 -1.4969851
-1.4245936 9.696813 -0.15802214 -2.4688652 -7.8964553 -3.001985
-1.5059988 9.6585045 -0.15083931 -4.428865 -6.461455 -2.8269851
-1.4341706 9.720756 -0.12929083 -6.178865 -3.7664554 -1.741985
-1.4006507 9.766247 -0.07901107 -6.6338654 -3.451455 -1.0069851
-1.324034 9.80695 -0.17717634 -5.758865 -7.301455 -1.8119849
-1.4605076 9.876384 -0.26097596 -5.0238647 -11.536455 -3.526985
-1.5347302 9.830893 -0.06464542 -6.073865 -15.386456 -6.081985
-1.6017698 9.838076 0.23224466 -9.328865 -21.441456 -8.0419855
-1.446142 9.943423 0.8475733 -13.108866 -27.811455 -9.336986
-2.0878077 10.278622 2.2745612 -17.868866 -31.521456 -10.701985
-2.4469488 10.218765 3.337619 -22.908865 -35.931454 -15.356985
-2.1596358 10.099051 3.7063375 -20.213865 -43.456455 -18.751986
-1.2641771 10.055954 4.5898247 -7.6838655 -53.536453 -15.006985
-0.8667275 10.039194 5.6241517 1.731135 -60.431458 -8.881985
-0.52913475 9.835681 6.3735595 7.5761347 -62.146458 -10.736985
-1.0917894 9.852441 5.030371 18.601135 -60.99146 -20.151987
-0.9577099 9.526819 4.790944 33.336136 -50.071453 -27.466986
-1.211503 9.016839 4.9585433 31.446136 -19.201454 -28.621984
-1.4269878 8.758257 4.3408203 20.631134 10.618546 -27.851986
-1.4150164 8.564321 3.833234 21.716135 36.413544 -23.756985
-1.350371 8.415876 3.2681851 24.481136 46.318546 -18.611986
-1.4868447 8.265037 2.1021733 28.786137 63.853546 -13.886985
-1.3910737 8.320105 1.3551595 32.776134 77.81854 -9.546986
-0.96489275 8.279403 0.68715686 33.161137 81.843544 -5.521985
-1.089395 8.183631 0.15802214 32.881134 83.03355 -6.886985
-1.3934679 8.032792 -0.17717634 34.63113 85.58854 -10.141985
-1.4844503 7.814913 -0.82123625 38.306137 88.17855 -10.246985
-1.0846065 7.7335076 -1.5107874 42.541138 88.353546 -7.061985
-0.9912298 7.4868975 -1.3982565 45.656136 86.00855 -5.1019855
-1.1013664 7.345635 -1.5203645 49.856136 84.81854 -6.956985
-1.1684061 7.249864 -2.221887 59.411137 87.093544 -4.786985
-0.82123625 7.127756 -2.8827069 70.156136 86.953545 0.253015
-0.37350687 7.0966306 -3.6536634 77.086136 85.02855 6.5530148
-0.21787901 7.0942364 -4.3599744 81.63614 83.62855 9.073015
-0.28252444 7.0080423 -4.9968514 85.66113 80.16354 7.7780147
-0.37829542 6.6704497 -5.6002088 86.60613 82.89355 7.4980154
-0.55307746 6.385531 -5.9617443 82.12614 90.52355 11.418015
-0.34716985 6.7734036 -5.8204823 77.226135 87.82855 20.133015
0.2466103 6.6153812 -5.813299 75.37114 82.508545 25.733017
0.5506832 6.471725 -6.8691745 79.85114 78.06355 26.678015
0.8930645 6.596227 -7.350424 85.906136 75.50854 24.158016
1.1229149 6.646507 -7.2594414 81.391136 74.773544 23.563015
1.2761484 6.4190507 -7.3767605 72.08113 74.73855 21.813015
1.5227587 6.263423 -7.9561753 66.83113 77.258545 19.013016
1.5227587 6.28976 -7.9489923 62.21114 82.438545 17.963015
1.8435916 6.411868 -7.5060515 52.691135 86.84855 18.278015
2.1332989 6.2586346 -8.291373 48.001137 88.633545 21.638016
2.2530127 5.9042816 -9.098245 53.146137 84.67855 23.213017
2.1069617 5.9808984 -8.195602 52.551136 78.02855 19.993015
2.2601955 6.0407553 -7.8556156 42.12114 71.30855 17.963015
2.5570855 5.8875217 -9.069513 37.711136 73.44354 21.918016
3.4309957 5.516409 -9.890749 45.271137 74.94855 26.013014
3.7542229 5.360781 -10.134965 49.961136 64.203545 27.693016
2.3799093 5.5116205 -10.518049 46.56613 50.763546 22.968016
2.0423164 5.3727527 -10.683254 38.306137 47.893547 13.973015
2.8707354 5.5547175 -11.061549 30.186136 49.293545 19.153015
3.2705793 5.5906315 -11.6409645 28.506134 41.41855 31.438015
3.4166303 5.569083 -12.323333 27.841135 31.583546 36.128014
3.2274826 5.6409116 -12.263475 25.916136 17.863544 35.77801
2.6720107 5.7175283 -11.957008 18.216137 1.553545 33.048016
3.2729738 5.7582307 -11.497308 -5.618865 -22.386456 32.943016
3.7207031 5.8061166 -11.478153 -15.418865 -33.551456 39.24301
3.7446458 5.7438655 -11.391959 -26.513865 -39.326458 40.608017
3.5770466 5.5020437 -11.056761 -40.478867 -44.29646 37.283016
3.3424077 5.5619006 -9.708784 -57.943863 -54.201454 33.88802
3.5962007 5.609786 -9.035994 -68.86387 -65.01646 33.22302
3.833234 5.6409116 -8.89952 -70.438866 -76.28646 35.323017
4.1516724 5.6337285 -8.784595 -72.50387 -80.03145 36.758015
4.1612496 5.956956 -7.448589 -81.84887 -82.656456 36.548016
3.8092911 6.3903193 -6.241874 -90.21387 -84.37145 35.043015
3.6488748 6.589044 -6.1700463 -86.64387 -83.91646 35.218018
4.245049 6.9218483 -6.517216 -77.54386 -86.71645 39.45302
5.238673 7.362395 -6.1532865 -73.79887 -95.116455 44.213017
5.0758624 7.666468 -5.523592 -76.98387 -104.77645 39.173016
3.9792848 7.6042166 -5.669643 -78.34887 -111.56645 23.003016
3.4118416 7.472532 -5.8947043 -78.80387 -111.84645 9.073015
3.6728175 7.4988685 -5.044737 -89.93387 -108.451454 7.3230147
3.5554981 7.6880164 -3.8260512 -108.06387 -105.02146 9.598015
3.294522 7.5443597 -2.578634 -119.89386 -102.22146 6.2030153
2.7486274 7.4845033 -1.812466 -121.258865 -106.21146 -2.0919852
1.6424725 7.8173075 -1.2186859 -113.10387 -116.15145 -11.401985
1.1684061 8.039975 -1.2091088 -101.413864 -125.84645 -17.561985
1.4796618 8.042369 -1.2186859 -92.80386 -130.92146 -14.796985
1.6664152 8.133351 -0.76137936 -93.328865 -127.316444 -5.801985
1.1899546 8.20518 -0.45491222 -100.85387 -116.641464 -0.586985
0.8092649 7.7095647 0.035914123 -108.65887 -112.65146 -6.5719852
0.5961744 6.9673395 1.0822122 -121.01386 -113.00146 -17.491985
0.45970076 6.5818615 2.4589202 -134.66388 -105.96645 -21.446985
-0.14605077 6.5004563 3.294522 -139.56386 -99.351456 -21.271986
-0.7781393 6.893117 3.3208592 -130.56888 -100.646454 -23.406984
-0.47167215 7.0128307 3.2179053 -110.05886 -107.01646 -23.826984
-0.56744313 7.2426815 2.5666625 -89.618866 -115.73146 -21.026985
-0.5865973 7.520417 2.3894863 -72.67886 -119.37146 -17.456985
0.21069619 7.822096 3.0527003 -66.23887 -115.31146 -11.121985
0.57462597 7.802942 3.265791 -68.68887 -111.076454 -3.6319852
0.4189981 7.7167478 3.6129606 -68.163864 -107.54146 -7.3419857
-0.32562137 8.008849 5.31529 -68.58387 -111.49645 -12.556985
-0.53871185 7.7909703 6.8691745 -74.46387 -118.84645 -20.151987
-0.19393626 7.678439 7.59464 -71.10387 -111.49645 -24.631985
0.3519584 7.6281595 7.6018224 -56.298866 -94.41646 -22.076984
-0.25858167 7.90829 6.60341 -29.838867 -88.326454 -21.096987
-0.2944958 8.475733 5.4924664 -8.068866 -94.03146 -12.521985
1.1708003 8.794171 5.9808984 -13.913865 -84.79146 13.1680155
2.2266755 8.648121 7.1349387 -33.443863 -51.506454 38.438015
3.2179053 8.593052 7.9154725 -36.103867 -23.926455 48.448017
2.3631492 8.937828 6.9481854 -11.008865 -24.556456 40.118015
1.4006507 9.457385 6.0886407 16.851135 -26.971457 27.798016
1.8052832 9.148524 5.420638 28.576136 -10.171454 31.893015
2.9210153 8.839663 4.6760187 30.711136 11.003546 46.208015
2.456526 8.906702 4.879532 31.69114 16.043547 51.913017
1.5778271 9.313729 5.272193 29.276138 21.503546 49.463013
2.423006 9.486116 4.1157584 34.036133 39.458546 53.593014
3.1676257 9.545974 2.5858169 51.536133 50.483543 63.77802
3.6536634 9.543579 2.1716073 63.716137 48.348545 67.62802
3.1748085 10.185245 3.6033835 56.576134 50.413548 64.583015
3.3759274 10.707197 3.79732 48.036137 62.20854 61.748016
3.929005 10.881979 1.89866 61.931137 74.38855 61.888016
4.0798445 10.573117 0.5027977 87.16614 76.80354 58.178013
3.4477558 11.150138 1.1253091 90.77114 72.743546 48.938015
3.756617 11.32492 1.1540405 73.866135 81.17854 46.278015
4.1804037 10.623397 0.24900457 67.11114 101.12855 48.518017
4.235472 9.924269 0.2849187 76.84114 96.508545 40.783016
4.2139235 9.842864 0.9313729 79.15114 77.74855 32.593014
4.494054 10.96099 1.0343267 65.991135 81.73855 36.723015
5.8827333 10.7048025 -0.68715686 59.34114 109.52854 47.22301
6.943397 9.948212 -2.3966691 76.94613 121.078545 48.658016
5.0495257 10.180456 -2.473286 96.44114 102.07354 34.693012
3.3831103 11.6098385 -4.04393 95.42614 97.41855 13.483015
3.4860642 11.262669 -7.501263 90.00114 136.05856 6.693015
4.2905407 9.893144 -10.2642565 92.73113 157.12854 14.113016
2.954535 9.404712 -9.39274 81.98614 118.978546 14.638016
1.5083932 9.167678 -5.770202 36.801136 58.428547 3.683015
0.7398309 9.862018 -2.063865 -27.738865 44.428543 -0.936985
1.9130256 9.799767 -1.960911 -47.618866 49.748547 13.973015
2.988055 9.399923 -3.0000262 -7.4738655 26.613544 17.858015
3.0886145 9.385557 -2.6624336 12.826136 12.333545 11.593015
2.727079 9.61062 -2.013585 14.716134 12.543545 4.628015
3.0527003 9.696813 -2.3152637 20.071136 12.858545 2.703015
3.4453614 9.553157 -2.6815877 27.106134 2.078545 2.143015
3.1819913 9.517242 -2.430189 23.186136 -6.706455 -0.796985
3.0431232 9.395134 -1.4174107 9.151135 -7.8964553 -1.286985
2.9425638 9.3592205 -0.51955765 -3.448865 -7.5814543 1.653015
3.2490308 9.498088 -0.30886146 -6.388865 -6.706455 4.943015
3.5770466 9.454991 -0.5147691 -3.0638652 -7.686455 7.568015
3.6608462 9.387952 -0.39505535 -0.753865 -9.471455 6.8680153
3.641692 9.407105 0.052674048 -3.798865 -7.966455 5.048015
3.6967604 9.507666 0.20111908 -6.073865 -4.0814548 3.578015
3.605778 9.584282 -0.18675344 -3.098865 -2.366455 1.268015
3.5914123 9.469357 -0.4932206 0.751135 -1.421455 -1.251985
3.5171897 9.289786 -0.45491222 -0.053865 0.503545 -2.266985
3.2035396 9.208381 -0.20111908 -4.0088654 1.693545 -2.616985
3.301705 9.165284 -0.07422252 -6.7388654 3.198545 -2.0569851
3.581835 9.213169 -0.27294734 -5.863865 3.828545 0.078015
3.7350688 9.213169 -0.5027977 -2.083865 2.463545 0.603015
3.5914123 9.191621 -0.531529 0.261135 1.973545 -1.4969851
3.2610023 9.167678 -0.5650489 1.031135 1.728545 -5.0319853
3.0048149 9.086273 -0.5147691 1.4161351 0.048545 -7.3419857
3.0263634 9.071907 -0.40463245 0.296135 -0.33645502 -6.6769853
3.1484714 9.014444 -0.38547826 -1.523865 0.64354503 -3.3169851
3.5435266 9.098245 -0.51955765 -2.153865 2.113545 0.078015
3.5267668 9.205987 -0.72546524 -1.383865 3.093545 1.653015
3.2538195 9.1628895 -0.69194543 0.051135 1.168545 -0.34198502
3.0455174 8.966559 -0.40223816 -0.823865 0.083545 -2.3719852
3.0359404 8.971348 -0.21309046 -2.993865 0.81854504 -1.286985
3.502824 9.237112 -0.3423813 -3.2388651 1.203545 1.5480151
3.7542229 9.3592205 -0.600963 -0.71886504 0.468545 4.768015
3.572258 9.3592205 -0.6296943 2.046135 -0.896455 4.348015
3.2801564 9.296969 -0.6751855 2.9211352 -0.33645502 0.32301497
3.0981915 9.261055 -0.45012367 2.081135 0.11854499 -1.881985
3.1867797 9.227535 -0.29689008 0.15613501 -0.091455005 -1.7069851
3.5794408 9.337671 -0.55307746 0.191135 0.64354503 2.0380151
3.6009893 9.3592205 -0.86193895 1.9761351 -1.421455 0.113015
3.1939626 9.239507 -0.53392327 -0.893865 -1.526455 -3.3869848
3.110163 9.1628895 -0.1699935 -4.988865 0.32854497 -2.791985
3.3424077 9.107821 -0.13886794 -4.428865 0.048545 0.56801504
3.5004299 9.217958 -0.33519846 -0.753865 -1.0014551 1.9680151
3.632115 9.282603 -0.5243462 1.696135 -2.2264552 0.708015
3.4214187 9.179649 -0.4932206 1.241135 -2.156455 -1.041985
3.1604428 9.07909 -0.23463893 -1.453865 -0.406455 -2.406985
3.2873392 9.088667 -0.07901107 -3.3788652 1.0285449 -1.041985
3.5602865 9.217958 -0.21309046 -1.9788648 0.468545 1.0930151
3.5363438 9.239507 -0.44533512 1.3811351 0.32854497 1.0930151
3.3831103 9.251478 -0.6368771 3.2711349 1.168545 -0.831985
3.2801564 9.229929 -0.6943397 2.6061351 1.308545 -1.881985
3.1484714 9.184438 -0.4285752 -0.22886501 0.57354504 -1.5669851
3.2035396 9.174861 -0.28970724 -2.853865 0.468545 -0.271985
3.4908526 9.246689 -0.43336374 -2.608865 0.85354507 1.653015
3.5938065 9.282603 -0.5985687 -0.47386503 -0.196455 2.388015
3.4836698 9.261055 -0.5794145 0.506135 -0.546455 0.708015
3.1484714 9.167678 -0.32801566 -0.788865 0.013545001 -1.741985
3.11974 9.196409 -0.30167863 -1.873865 -0.056455 -2.6519852
3.3950818 9.289786 -0.4932206 -1.138865 -0.021455 -0.69198495
