-1.472479 9.665688 -0.5123748 -1.310435 -3.5601301 -9.474185
-1.4389591 9.663293 -0.52674043 -3.165435 -4.47013 -7.6191854
-1.462902 9.699207 -0.50040346 -4.8104353 -3.80513 -5.5541854
-1.4820561 9.711179 -0.3998439 -5.965435 -3.24513 -5.9741855
-1.5347302 9.718362 -0.29210153 -6.875435 -4.47013 -6.2191854
-1.5347302 9.759064 -0.14365649 -7.4354353 -6.18513 -5.6941853
-1.4078336 9.641745 0.016759925 -7.610435 -6.39513 -5.204185
-1.4078336 9.759064 0.14365649 -7.2254353 -6.53513 -4.224185
-1.4245936 9.701602 0.22745611 -4.880435 -6.36013 -5.099185
-1.5538844 9.644139 0.18675344 -3.5854352 -5.66013 -6.8841853
-1.7310607 9.495694 0.5123748 -4.0404353 -5.2751303 -8.389185
-1.7310607 9.311335 0.7805336 -6.0004354 -3.4201303 -8.599185
-1.759792 9.174861 1.201926 -8.450435 -0.93513006 -8.564184
-1.7214836 8.906702 2.3296294 -12.580435 -0.93513006 -10.034184
-2.1141446 8.865999 3.3735332 -14.785435 -2.61513 -14.129186
-2.5499027 8.789383 3.8380225 -9.535435 -0.55013 -17.489185
-2.5475085 8.583475 3.8619652 -1.625435 10.019871 -13.254186
-2.2266755 8.466156 4.189981 3.2745652 26.99487 -5.099185
-1.9728824 8.607418 3.8978794 9.2245655 39.83987 -0.44418502
-1.7669748 8.672064 3.387899 17.449566 46.279873 -0.514185
-1.515576 8.499676 2.8707354 21.999565 49.04487 -1.704185
-1.5131817 8.274613 2.3463893 23.224564 51.07487 -2.684185
-1.9561225 8.030397 1.8364087 22.209566 58.389874 -4.399185
-2.1309047 7.9920893 1.462902 20.949564 69.02988 -4.1541853
-1.8531687 8.152506 0.7829279 20.424566 76.55487 1.8658152
-1.1229149 8.085466 -0.019154198 21.159565 75.57487 12.540814
-0.65124273 7.7526617 -0.38787252 21.019566 69.02988 20.415815
-0.76616794 8.044764 -0.5506832 18.394566 71.16487 23.355814
-0.6153286 8.195602 -0.8284191 16.609566 82.57487 25.805815
-0.20351335 8.051947 -1.3000913 16.294563 92.30487 30.320814
0.2849187 8.047157 -1.3479767 15.594565 95.48987 35.815815
0.409421 8.229122 -1.3623424 13.739565 99.72488 38.755814
0.94095 8.375174 -1.4317763 15.314565 100.38988 40.08581
1.7789462 8.231517 -2.205127 21.404564 99.30487 44.355816
1.8771114 8.303345 -3.6464806 30.679564 98.98987 46.770817
1.4700848 8.360807 -3.469304 35.019566 98.63987 42.185818
0.9624985 8.2578535 -2.7342618 27.599566 98.67487 34.380817
1.5921928 8.253065 -3.2274826 20.949564 96.25987 31.335815
2.7342618 8.518829 -3.9313993 25.394566 89.854866 37.355816
3.1341057 9.091062 -5.1261425 29.349566 91.009865 50.305817
3.007209 8.909097 -4.5850363 26.759565 101.649864 59.75582
2.82285 8.76544 -4.743058 20.074564 105.95487 55.975815
3.9050622 9.138947 -5.4062724 27.669565 72.98487 51.985817
5.0854397 9.150918 -7.1756415 29.384567 70.63987 62.835815
4.8938975 9.541185 -7.814913 25.534565 75.01487 62.170815
4.5850363 9.4932995 -7.738296 17.274567 67.979866 50.060818
5.1045938 9.454991 -7.7861814 16.399567 40.71487 43.200813
5.6385174 9.569917 -8.3679905 20.109564 16.42487 43.095818
5.899493 9.421472 -9.945818 20.809566 12.64487 45.055813
5.602603 9.14613 -9.924269 10.694566 7.3598704 39.420815
5.4302154 8.56911 -7.805336 -11.985435 -19.310131 25.385815
6.184412 8.844451 -6.237086 -28.890436 -53.540127 17.230816
6.771009 8.497281 -6.3376455 -31.060436 -72.160126 20.625814
5.403878 8.9976845 -6.7805862 -34.560432 -57.63513 20.590816
4.767001 8.796566 -5.784568 -42.435436 -43.70513 11.140816
5.880339 8.406299 -4.95136 -48.665436 -66.28013 5.890815
6.4789076 8.2387 -5.439792 -43.66044 -98.69013 4.280815
5.487678 8.542772 -5.36557 -40.790436 -114.79012 -2.4391851
4.122941 8.341654 -3.3064935 -56.190437 -110.73013 -13.289185
4.04393 7.982512 -2.439766 -73.48044 -109.47013 -20.954185
4.6113734 7.9944835 -2.6025767 -70.19043 -123.08513 -21.059185
4.450957 8.516436 -3.4333901 -57.100433 -145.24013 -18.574186
3.840417 8.197997 -2.8994668 -56.925434 -151.82013 -19.274185
3.553104 7.7574506 -1.2809371 -78.415436 -141.88013 -22.459185
4.1540666 7.393521 -0.12450229 -102.00543 -135.58012 -21.934187
3.9481592 8.176449 0.19633053 -111.875435 -132.78014 -14.304185
3.0431232 7.8891354 1.5179702 -114.04544 -127.39013 -10.174185
2.3152637 7.4821086 3.337619 -120.135445 -123.12013 -19.204185
2.928198 7.5228114 3.6488748 -121.57044 -122.280136 -23.859184
3.0455174 8.241094 3.1460772 -105.71543 -127.07513 -14.724185
2.762993 7.980118 3.7015488 -83.73544 -132.92014 -8.809185
2.8396099 7.6904106 3.8667538 -73.55044 -136.24513 -15.949185
2.7079248 7.637737 3.4836698 -68.09044 -136.94514 -20.429184
2.1620302 8.025609 4.2977233 -61.720436 -133.72513 -20.394184
2.1285102 7.4797144 5.499649 -64.87043 -127.39013 -18.609184
2.0758362 7.108602 6.428628 -73.90044 -124.41513 -19.694185
2.0064023 7.2881727 6.471725 -73.86543 -116.82013 -17.734184
2.011191 7.415069 6.986494 -55.700436 -87.385124 -7.5141854
2.0279508 7.14691 7.884347 -53.880436 -77.34013 -10.769185
1.5730386 7.0798707 8.080677 -47.790436 -70.02513 -14.164185
1.3575538 7.556331 8.38475 -40.055435 -55.22013 -7.479185
1.7023294 7.8532214 8.945011 -32.740437 -35.44513 5.0508146
2.1093562 8.298556 9.033599 -20.910435 -19.695131 13.345816
2.2937152 8.722343 8.035186 -2.5354352 -8.07513 16.950815
2.700742 9.021627 7.0152254 13.319565 -0.095130004 18.945816
2.6696165 9.182044 6.3472223 17.239565 8.58487 17.825815
2.3056867 9.229929 6.2921543 11.254564 24.05487 13.3808155
1.9489397 9.395134 5.97611 4.814565 43.47987 13.800815
2.0590763 9.227535 5.585843 3.2745652 54.32987 16.565817
2.3942747 9.04557 5.2219133 3.414565 58.87987 18.665815
2.1237218 9.557945 5.097411 4.464565 61.50487 20.030815
2.473286 9.636956 4.455745 9.469564 67.48987 22.445814
2.6767993 9.3831625 3.4716985 19.829565 70.63987 25.070816
2.430189 9.356826 2.9377751 26.304565 69.16987 24.230816
2.1021733 9.553157 3.241848 23.119566 68.01487 23.985815
2.3344178 9.624985 3.5698638 17.344564 71.93487 27.380814
3.0622776 9.699207 2.9808722 19.059565 79.07487 33.15582
3.5507095 9.933846 1.7406378 31.449566 75.08488 36.550816
3.4286015 10.067925 1.2737542 44.714565 60.80487 34.90582
2.8180614 9.531608 0.8978531 48.214565 51.59987 27.940815
2.2434354 9.567522 0.9385557 41.28456 53.174873 19.960815
2.8707354 10.228342 1.0702409 27.284565 60.17487 22.165815
4.06069 10.285805 0.40463245 18.954565 61.959877 34.730816
3.8212626 9.545974 -0.2466103 24.484566 50.93487 39.770817
2.473286 9.016839 -0.09337672 27.949566 37.179867 27.065817
1.2593886 9.763853 1.0678465 15.174564 35.67487 12.435815
2.5642684 10.024829 1.5203645 -3.690435 47.36487 15.620815
3.7183087 9.830893 0.6057515 -4.320435 54.18987 35.640816
4.0966043 9.457385 -0.31843856 15.384565 40.32987 44.390812
3.469304 9.804555 -0.10774237 28.229565 21.814869 36.375816
2.8539755 10.755082 0.54350036 21.999565 16.87987 24.825815
3.3687446 10.702409 -0.13168511 12.304565 29.12987 21.045815
4.0798445 10.125388 -1.0582695 17.239565 38.68487 24.510815
3.8978794 10.30017 -1.1229149 23.434565 20.09987 21.850817
3.2514253 11.032818 -0.72785956 14.404565 19.78487 16.040813
3.4621215 11.037607 -1.0055954 11.639565 23.45987 15.410814
3.7757714 10.661706 -1.063058 12.409565 17.369871 16.530815
3.6512692 10.520444 -0.77574503 9.329565 11.1748705 13.730816
3.6273263 10.652128 -0.17717634 2.364565 10.649871 12.5058155
3.9337935 10.5803 0.20351335 -3.550435 11.97987 14.465815
4.2665977 10.237919 0.62251145 -3.305435 9.914871 13.345816
4.14449 9.938635 0.9289786 1.9795649 3.9298701 7.5708146
3.7422516 9.821315 0.82123625 7.894565 0.60487 1.3408151
3.4621215 9.794978 0.7781393 11.079565 0.63987 -2.964185
3.3639562 9.624985 0.6368771 11.079565 1.75987 -5.0291853
3.1843855 9.4095 0.5770202 9.749566 -0.58513004 -6.1141853
2.8731298 9.306546 0.79250497 5.794565 -1.95013 -7.444185
2.9210153 9.316123 1.0654523 0.474565 -2.19513 -7.199185
2.925804 9.289786 1.1684061 -2.1854348 -3.4551299 -5.904185
2.8300328 9.124581 1.2210802 -2.395435 -5.13513 -4.9241853
2.997632 9.035994 1.3551595 -3.445435 -3.49013 -3.7341847
3.241848 9.064724 1.4078336 -5.125435 -0.97012997 -0.654185
3.3136764 9.148524 1.4581133 -5.3004346 -2.23013 1.2008151
3.45015 9.117398 1.4748733 -4.635435 -3.87513 0.045815002
3.1939626 9.124581 1.4772675 -4.0404353 -5.10013 -1.424185
2.9617178 9.131764 1.5658557 -3.515435 -5.2751303 -3.069185
2.9952378 9.117398 1.611347 -3.7254353 -3.7701304 -2.579185
3.1772027 9.153313 1.690358 -3.9704351 -1.84513 -0.304185
3.2035396 9.138947 1.6616267 -3.235435 -0.79513 1.515815
3.1987512 9.141341 1.5969813 -1.100435 -0.72512996 1.5508151
3.3998702 9.205987 1.4940275 1.384565 -1.00513 1.130815
3.529161 9.138947 1.2593886 3.169565 -2.26513 1.2358149
3.1436827 9.024022 1.3575538 3.414565 -2.23013 0.535815
2.954535 9.043176 1.5275474 1.594565 -0.34013 -1.7741851
3.110163 9.117398 1.4796618 -0.085435 0.9898701 -2.299185
3.3232534 9.273026 1.3264283 0.474565 0.63987 0.15081501
3.284945 9.26345 1.175589 1.804565 1.2348701 1.935815
3.0742488 9.299363 1.1516461 2.784565 1.0948701 0.88581496
3.0096035 9.28021 1.2857256 2.434565 -0.13013001 -0.759185
3.0910087 9.308941 1.4198049 0.194565 0.35987 -0.094185
3.4549387 9.340066 1.4245936 -1.065435 0.39487 3.090815
3.562681 9.3831625 1.1277034 0.999565 -1.46013 1.935815
3.2705793 9.3592205 1.0271438 1.384565 -2.51013 -1.809185
2.9114382 9.239507 1.2641771 -1.590435 -1.4951301 -3.8741853
3.0119977 9.208381 1.5443072 -4.4954348 0.28987 -2.159185
3.3735332 9.182044 1.5443072 -4.285435 0.9898701 1.445815
3.5052183 9.155706 1.3647367 -1.345435 -0.34013 1.3408151
3.1604428 9.196409 1.3168511 1.1045649 -2.61513 -2.8591847
3.0024207 9.107821 1.4389591 0.089565 -1.95013 -4.749185
3.0359404 9.052753 1.5275474 -1.345435 -0.37513 -3.069185
3.2681851 9.093455 1.3838909 -0.400435 -0.16513 -1.004185
3.3519847 9.158101 1.3455825 0.439565 -1.04013 -0.024185
3.1819913 9.14613 1.472479 -0.365435 -0.86513 -0.724185
3.0455174 9.126976 1.594587 -1.7304349 1.19987 -1.459185
3.1748085 9.141341 1.4820561 -1.1354351 2.42487 -0.68918496
3.1772027 9.184438 1.297697 1.2095649 0.95487005 0.045815002
3.059883 9.143736 1.2953026 2.084565 0.044869997 -0.794185
2.9689007 9.110215 1.4221992 0.439565 0.88487 -1.284185
3.0910087 9.138947 1.489239 -1.065435 1.82987 -0.759185
3.1963568 9.1628895 1.3527653 -0.26043501 1.47987 0.325815
3.1939626 9.213169 1.2498114 1.5595651 0.21987 0.325815
3.2107224 9.196409 1.2905141 1.839565 -0.20013002 0.18581499
