-0.9960183 9.680053 -0.23224466 -1.033865 -4.116455 1.758015
-1.1133378 9.742304 -0.21069619 -3.3438652 -0.966455 0.74301505
-1.2091088 9.718362 -0.32801566 -4.638865 -2.7864552 -0.411985
-1.462902 9.677659 -0.28013015 -4.0088654 -6.846455 -3.9469852
-1.541913 9.648928 -0.17238778 -3.903865 -7.5814543 -6.361985
-1.376708 9.634562 -0.21548474 -5.338865 -3.6614552 -6.151985
-1.1875603 9.744699 -0.22027329 -5.513865 -2.926455 -3.596985
-1.1899546 9.821315 -0.1699935 -4.1138654 -5.306455 -1.181985
-1.2498114 9.862018 -0.071828246 -3.833865 -7.511455 -0.936985
-1.2785428 9.754275 0.026337024 -4.848865 -9.191456 -2.301985
-1.462902 9.648928 0.1340794 -6.1088653 -9.471455 -3.141985
-1.5347302 9.672871 0.13647367 -6.9488654 -9.226455 -3.7719848
-1.611347 9.711179 0.14605077 -7.123865 -9.191456 -4.3319845
-1.620924 9.665688 0.26337022 -6.283865 -9.9264555 -4.086985
-1.6017698 9.761458 0.38787252 -5.163865 -11.606455 -3.7719848
-1.3719195 9.91948 0.48843205 -4.848865 -9.821455 -3.176985
-1.0510867 10.132571 0.7805336 -4.498865 -6.4264555 -2.301985
-1.1229149 10.2091875 1.3360053 -3.098865 -9.331455 -2.756985
-1.4581133 10.235525 2.2865324 -3.518865 -21.686457 -5.801985
-1.3048798 10.170879 3.1700199 -7.9288645 -33.586456 -10.946985
-1.4317763 10.075109 4.1373067 -12.968865 -37.086456 -16.756985
-1.7645805 9.830893 5.322473 -16.573866 -32.781456 -18.401985
-1.3192455 9.545974 5.454158 -19.898865 -24.941456 -19.766985
-2.1500587 9.644139 5.116565 -1.488865 -23.401455 -24.666986
-1.7214836 9.423865 4.992063 14.331136 -23.121456 -23.336985
-1.4796618 9.110215 4.5275736 20.281136 -8.841455 -21.446985
-1.297697 8.830086 3.9960446 21.401134 10.618546 -18.646984
-1.3862851 8.447001 3.5602865 23.046135 28.013544 -16.196985
-1.8866886 7.9178667 3.1341057 22.941135 41.558544 -16.371986
-2.1404817 7.6975937 2.6097596 22.801136 52.75854 -16.861984
-2.403852 7.5467544 1.9393626 27.071135 59.583546 -15.426985
-2.3727264 7.56112 1.1660118 33.581135 62.838547 -13.081985
-1.89866 7.5084457 0.9241901 39.321136 63.57355 -6.711985
-1.2402344 7.4797144 0.43336374 42.751133 63.678543 2.528015
-0.71828246 7.6066113 -0.339987 46.881134 63.678543 11.278015
-0.12929083 7.573091 -1.1803775 54.23114 65.28855 16.178015
0.047885496 7.5922456 -1.7286664 61.091137 66.96855 18.978016
-0.10774237 7.632948 -2.1093562 64.59114 69.80355 18.033016
-0.12929083 7.5826683 -2.5331428 64.031136 72.53355 14.078015
0.090982445 7.5276 -2.9473522 63.646133 74.66854 12.503015
0.05027977 7.345635 -3.8260512 65.18613 75.57855 14.393015
-0.5458947 7.393521 -4.486871 68.72114 75.61355 16.283016
-0.53871185 7.501263 -4.8340406 77.64613 65.25355 14.358016
-0.35674694 7.5874567 -4.896292 76.561134 53.77355 17.158016
0.035914123 7.5491486 -5.097411 72.18614 49.573547 19.223017
0.4860378 7.2785954 -5.6600657 67.63613 56.958546 21.918016
1.2234744 6.8715687 -6.409474 66.69113 61.613544 23.773014
1.2593886 6.941003 -6.6967864 66.27114 60.318542 22.653013
1.2234744 6.941003 -6.7135468 60.951134 62.418552 18.733015
1.1684061 6.344828 -6.9050884 55.316135 67.59854 14.883017
0.98404694 6.014418 -6.981705 54.896133 67.73855 12.013015
1.3551595 5.9114647 -7.467743 56.436134 63.57355 12.153014
1.2210802 6.1317377 -8.095043 57.486137 64.44855 18.103016
1.2234744 5.9282246 -8.12138 56.156136 72.18355 23.843016
0.29689008 5.7031627 -8.375174 52.726135 76.34854 28.848015
0.8643332 5.9473786 -8.581081 53.671135 71.868546 34.413017
2.1141446 6.3567996 -9.213169 56.611134 66.12855 42.358017
3.2562137 6.4142623 -10.455798 59.656136 56.923546 57.093014
2.5235655 6.804529 -11.07831 62.31613 51.183544 62.09802
2.5427198 7.2426815 -11.731947 58.431133 48.103542 53.068016
3.8308396 7.4845033 -12.553183 51.326138 19.228544 51.423016
4.515602 7.47732 -13.573144 42.856136 7.9935455 51.283016
3.8619652 7.257047 -13.884399 26.406134 4.9835453 40.328014
3.5315554 7.1157846 -13.422304 3.586135 -1.351455 29.793015
3.991256 6.919454 -12.850073 -18.148865 -17.766455 27.693016
3.9074564 6.7494607 -12.359246 -38.238865 -31.836454 26.118015
3.4214187 6.4501762 -11.430268 -59.09887 -36.351456 21.218016
3.347196 6.4860907 -9.8787775 -79.01387 -41.531456 19.223017
3.7159145 6.5459476 -9.0288105 -91.19386 -52.311455 21.778015
3.7183087 6.632141 -8.085466 -94.51886 -63.896454 23.038017
3.6584518 6.7734036 -7.74069 -94.02886 -72.296455 21.078014
3.5650752 6.9888883 -7.515629 -92.10387 -78.07146 20.238016
3.737463 7.1971903 -6.421445 -95.358864 -86.19145 18.313015
4.0104103 7.2354984 -5.715134 -99.313866 -97.07646 16.528017
3.6632404 7.398309 -5.174028 -99.313866 -105.72146 12.888015
3.1245286 7.6305537 -4.6640472 -100.328865 -108.241455 9.073015
3.7398572 7.6712565 -3.7949257 -104.633865 -107.54146 10.333015
4.3025117 7.6473136 -3.2202997 -111.28387 -103.62146 16.073015
3.8978794 7.7502675 -2.2625897 -114.85387 -96.131454 14.498015
3.189174 7.843644 -1.6616267 -112.92887 -93.47145 3.7180147
3.2969165 7.8556156 -1.1348863 -103.68887 -101.06645 -5.1719847
3.4716985 7.683228 -0.7350424 -95.218864 -109.991455 -7.096985
2.6720107 7.90829 -0.105348095 -88.358864 -110.37646 -8.601986
1.8172545 8.10462 0.39266106 -80.58886 -107.40145 -13.991985
1.6185298 8.145323 0.25858167 -69.42387 -112.021454 -20.746986
1.8100717 8.032792 -0.44772938 -54.583862 -122.87145 -21.236984
1.446142 8.250671 -0.74701375 -45.27387 -127.49146 -17.106985
0.97446984 8.118986 0.2657645 -50.453865 -117.44646 -13.431985
0.68236834 8.102226 1.4054393 -66.90387 -101.311455 -12.2069845
0.9864412 7.9920893 0.8834874 -73.133865 -91.16145 -10.036985
0.86193895 8.152506 -0.009577099 -61.618866 -90.951454 -4.9269853
0.44533512 8.075889 0.5889916 -52.133865 -94.59146 -1.9869851
0.44533512 8.004061 1.446142 -60.28887 -94.20646 -3.036985
1.1372806 8.090255 1.1947432 -72.608864 -90.63645 -2.896985
1.0941836 7.9609637 0.8643332 -71.69887 -86.40146 2.3180149
0.65124273 7.798153 2.0590763 -67.46386 -88.57146 3.053015
0.22266756 7.8268843 2.8587642 -73.58887 -95.08146 -4.9619846
0.3998439 7.738296 2.5475085 -76.98387 -97.98645 -11.121985
0.15323359 7.685622 2.3846977 -73.273865 -93.01646 -9.406984
-0.3902668 7.6449194 3.2466366 -70.61386 -79.99645 -4.856985
-0.24421602 7.637737 4.1325183 -71.90887 -91.72146 -3.491985
0.44294083 7.6353426 4.4413795 -71.83887 -103.866455 2.843015
1.0199611 7.82449 5.190788 -75.44386 -100.33146 14.673016
1.3479767 7.8173075 6.596227 -78.94386 -91.58146 22.163015
1.6855695 7.580274 7.4246464 -74.813866 -84.61646 23.423016
2.0279508 7.501263 7.5323887 -58.608864 -80.83646 23.213017
2.0255566 7.735902 6.979311 -37.713867 -75.27146 23.563015
2.0902019 7.920261 6.768615 -19.618864 -65.68146 25.383015
2.0518935 7.867587 6.840443 -8.558865 -56.686455 25.628016
2.1548474 7.7933645 6.7207294 1.206135 -48.356457 24.193014
2.47568 8.05434 5.7797794 13.806134 -41.216457 28.393017
2.6744049 8.652909 5.236279 24.901136 -33.096455 35.81302
2.7845416 8.8085375 4.9178405 29.731134 -25.501455 40.293015
2.813273 8.736709 4.9441776 30.256132 -20.181456 41.728016
2.9114382 9.052753 5.025583 28.786137 -13.881455 45.123013
3.3304362 9.478934 5.2745876 25.881136 -5.6214547 54.013016
4.3671575 9.624985 5.9617443 20.281136 6.243545 66.57802
5.1620564 9.783007 6.385531 16.921137 23.603546 76.93801
5.439792 9.672871 5.6002088 28.681135 38.058548 74.69801
5.279376 10.082292 4.6903844 52.691135 39.458546 63.813015
5.5379577 10.424672 3.921822 70.12114 40.298542 56.498016
5.5379577 10.221159 3.1077688 75.96613 54.578545 51.983017
5.0375543 9.900327 2.4421604 81.32114 70.57355 43.513016
5.087834 9.47654 2.030345 85.80114 75.99854 36.373016
5.5307746 9.828498 1.9848539 82.93114 74.94855 37.738018
5.6504884 10.022434 1.8890828 77.33114 79.77855 41.413013
5.4948606 9.471751 1.3527653 79.256134 90.90855 36.758015
5.2314906 9.117398 0.749408 88.56613 93.11354 27.203016
5.3009243 9.577099 0.16520496 94.30614 88.59854 23.703014
5.540352 9.955395 -0.7709565 93.15114 91.853546 26.853016
6.4358106 9.014444 -1.4485363 91.19113 105.43355 28.778015
5.427821 8.628966 -0.89545876 89.47614 109.17854 21.953014
4.642499 8.648121 -0.48124924 82.79114 90.87355 11.733015
5.1644506 9.244295 -1.5634614 74.28614 81.633545 11.348015
5.9449844 8.873182 -2.7342618 69.211136 96.71855 21.113016
6.533976 8.025609 -2.8156672 70.71613 111.593544 26.713015
4.453351 8.607418 -1.9537282 70.78614 99.65855 18.418016
4.022382 10.005674 -3.2729738 66.796135 70.71354 4.943015
5.157268 9.72315 -6.4358106 76.141136 85.27355 8.408015
4.539545 9.071907 -8.0711 63.646133 81.00354 4.383015
3.6081722 9.234718 -6.4573593 23.746134 53.948547 2.178015
3.8116856 9.742304 -4.455745 -21.193865 37.253544 14.498015
4.992063 9.61062 -3.0024207 -39.988865 45.233547 25.873016
4.819675 9.29218 -2.3966691 -28.823866 45.933544 19.678017
3.8930907 9.237112 -2.0255566 0.751135 25.458546 1.3730149
3.6392977 9.203592 -2.604971 29.766134 5.6485453 -9.406984
3.6512692 9.239507 -3.4716985 47.546135 -1.351455 -11.156985
3.8715425 9.29218 -4.268992 48.561134 -2.331455 -9.931985
3.902668 9.09585 -3.5650752 30.501135 -8.911454 -7.621985
4.189981 8.751075 -1.9489397 1.241135 -13.706455 -3.281985
4.4653225 8.540379 -0.5411061 -21.963865 -13.671455 1.8630149
4.63771 8.403905 0.23942748 -26.618866 -12.446456 3.8230147
4.3073006 8.502069 0.34956414 -17.273865 -12.516455 0.393015
4.1612496 8.660092 -0.20590763 -2.7138648 -11.641455 -4.856985
4.35758 8.755863 -0.7948992 7.9611344 -10.311456 -5.626985
4.2665977 8.770228 -0.8834874 9.256135 -8.946455 -4.541985
4.0582957 8.74868 -0.5865973 4.6011353 -7.2314553 -4.646985
3.9409764 8.868394 -0.45491222 -0.578865 -5.166455 -4.156985
4.233078 9.0288105 -0.63208854 -2.6788652 -4.256455 -1.4969851
4.3695517 9.124581 -0.723071 -3.448865 -2.9964552 1.828015
4.3695517 9.131764 -0.69194543 -4.253865 -2.401455 2.0730152
4.333637 9.115005 -0.5027977 -5.4088655 -1.771455 0.81301504
4.1397014 9.057542 -0.49082634 -5.793865 -0.371455 -0.796985
4.173221 9.06233 -0.7901107 -3.798865 1.0285449 -2.0919852
4.2019525 9.004868 -0.7972935 -1.2788651 1.273545 -1.741985
4.3240604 8.873182 -0.7039168 -1.768865 0.433545 -0.446985
4.288146 8.846846 -0.67279124 -3.903865 1.623545 -0.446985
4.2187123 8.846846 -0.6201172 -4.533865 1.413545 -1.776985
4.2594147 8.810931 -0.5602603 -4.463865 -0.30145502 -3.176985
4.1085753 8.784595 -0.49082634 -4.883865 -0.791455 -2.8269851
4.1851926 8.844451 -0.6488485 -5.1288652 0.57354504 -2.756985
4.1851926 8.834874 -0.6105401 -4.9188647 1.238545 -2.476985
4.1373067 8.810931 -0.42139238 -5.478865 -0.161455 -2.476985
4.1947694 8.779806 -0.40223816 -6.598865 -0.091455005 -2.756985
4.216318 8.789383 -0.4668836 -3.728865 -0.966455 -2.721985
4.1349125 8.8324795 -0.4956149 -2.188865 -1.351455 -3.211985
4.113364 8.813326 -0.5147691 -1.523865 -0.441455 -3.3169851
4.063084 8.861211 -0.6177229 -0.683865 -0.231455 -2.966985
3.9792848 8.880365 -0.69912827 0.086135 -0.511455 -2.301985
3.981679 8.837268 -0.6703969 -0.33386502 -0.511455 -1.3919849
3.9505534 8.851634 -0.57223165 -1.208865 -1.561455 -0.30698502
4.106181 8.92825 -0.50998056 -2.153865 -2.2264552 1.058015
4.206741 8.870789 -0.5363176 -2.4688652 -1.0364549 2.738015
4.14449 8.719949 -0.56744313 -1.558865 0.048545 2.598015
4.0918155 8.73192 -0.5818088 -0.508865 -0.406455 1.618015
4.14449 8.794171 -0.4668836 -1.033865 -1.246455 1.933015
4.2474437 8.775017 -0.38787252 -2.328865 -0.966455 2.9130151
4.278569 8.767835 -0.35674694 -2.293865 -0.021455 3.228015
4.2594147 8.760652 -0.38547826 -0.858865 -0.161455 2.3180149
4.355186 8.901914 -0.5698374 0.64613503 -1.141455 1.5480151
4.252232 8.873182 -0.4285752 0.47113502 -0.861455 1.3380151
4.1971636 8.988108 -0.38787252 -1.033865 0.32854497 0.428015
4.3025117 9.033599 -0.50040346 -1.138865 0.22354501 0.63801503
4.2833576 9.0288105 -0.55307746 -0.858865 0.048545 0.56801504
4.1564612 9.014444 -0.5554718 -0.71886504 0.22354501 -1.076985
4.249838 8.909097 -0.62251145 -0.33386502 -0.266455 -2.301985
4.230684 8.923462 -0.6081458 -0.123865 -1.351455 -2.0569851
4.130124 8.861211 -0.50758624 -0.71886504 -1.701455 -2.301985
3.9505534 8.839663 -0.43096948 -1.383865 -1.8764548 -2.616985
4.1516724 8.846846 -0.4644893 -1.3138651 -1.526455 -2.0219848
4.3240604 8.851634 -0.66800267 -0.543865 -1.316455 -0.48198506
