1.56 9.87 3.27 -4.583662 -21.199438 2.8647888
1.9799999 9.83 4.29 0.0 -12.032113 -12.032113
0.53 9.55 4.35 2.291831 0.0 -24.637184
-1.2099999 9.45 5.17 -0.57295775 -9.167324 -21.199438
-0.78 9.349999 6.71 -7.448451 -33.231552 -9.167324
0.42 9.25 7.81 -9.740283 -2.8647888 2.8647888
1.35 9.44 8.38 4.0107045 39.53409 0.57295775
1.4499999 8.98 7.6 14.323945 58.441692 -10.31324
0.65 8.38 7.0 21.772396 59.58761 -11.459155
0.39 7.7 6.5899997 35.523384 67.60902 -5.15662
1.73 7.48 4.7999997 41.25296 88.80846 -8.594366
0.35999998 7.74 2.69 18.334648 82.50592 3.4377468
1.22 7.74 2.46 5.15662 83.07887 15.469859
1.3199999 7.94 2.37 -1.1459155 94.53803 12.605071
2.72 7.75 1.54 -4.0107045 104.27831 9.167324
2.3899999 7.31 2.51 -13.178029 100.26762 1.7188734
1.48 7.48 3.31 -12.032113 105.997185 6.8754935
2.2 7.6299996 2.3899999 -14.323945 117.456345 19.480566
2.58 7.39 2.12 -26.356058 120.89409 25.7831
2.98 7.49 3.06 -24.064226 116.883385 28.07493
3.6799998 7.64 3.01 -11.459155 124.33183 21.199438
2.27 8.05 2.57 -4.583662 128.34254 25.210142
3.6499999 7.41 2.1499999 6.3025355 121.46705 35.523384
4.17 7.7999997 2.02 12.605071 124.33183 42.971836
4.89 8.13 1.48 19.480566 130.63437 46.98254
5.0499997 8.349999 0.08 27.501974 136.36395 41.25296
4.72 8.37 -0.81 29.220846 127.76959 37.815212
4.5899997 8.37 -1.37 28.07493 117.456345 45.83662
4.67 8.929999 -1.37 33.231552 111.72677 48.128452
5.58 9.04 -2.54 34.377464 105.997185 46.40958
5.16 9.42 -3.1299999 33.80451 104.27831 46.40958
4.89 9.469999 -3.1699998 48.701412 87.089584 48.128452
5.5299997 9.51 -4.44 71.04677 69.900856 44.69071
4.85 8.73 -8.5199995 60.733524 42.971836 36.09634
3.59 8.26 -7.5499997 48.128452 25.7831 39.53409
3.6799998 8.96 -7.44 52.139156 8.594366 50.420284
6.3199997 8.599999 -9.01 58.441692 -2.8647888 51.5662
4.98 8.73 -9.13 44.69071 -6.8754935 33.80451
3.47 8.99 -7.77 22.91831 -16.615776 35.523384
5.21 9.469999 -6.8399997 19.480566 -47.555496 45.83662
6.66 9.58 -7.0099998 28.07493 -56.72282 36.669296
7.2 9.83 -8.429999 13.750987 -69.900856 28.07493
6.6299996 9.79 -8.26 -16.042818 -75.057465 22.91831
6.16 9.719999 -5.85 -31.51268 -79.641136 29.220846
7.1 9.09 -4.77 -26.356058 -87.662544 32.658592
7.39 9.04 -4.0899997 -28.07493 -103.70536 29.220846
6.67 9.17 -2.8 -23.49127 -122.04 25.7831
7.06 9.71 -2.79 -9.167324 -131.20734 30.939718
8.11 9.28 -4.02 -10.31324 -138.08282 34.377464
7.4199996 8.98 -2.97 -30.939718 -136.36395 30.366762
6.19 9.34 -1.2099999 -32.085636 -142.66649 40.107044
7.3799996 9.679999 -1.3199999 -17.188732 -156.41748 44.69071
8.54 10.05 -2.36 -28.64789 -156.99043 37.815212
8.51 9.809999 -1.7099999 -52.139156 -156.99043 32.085636
7.31 9.53 0.35999998 -51.5662 -158.13635 30.366762
7.69 9.74 0.11 -45.263664 -155.84453 31.51268
8.46 9.66 1.37 -66.463104 -151.26085 26.929016
7.54 9.059999 3.53 -68.75493 -150.11493 14.323945
6.23 8.55 3.9399998 -43.544792 -142.66649 6.3025355
6.48 8.139999 2.33 -22.91831 -130.63437 6.8754935
5.85 7.5499997 1.9599999 -32.085636 -118.60226 2.291831
4.94 6.73 3.3799999 -46.40958 -112.29972 0.0
3.9599998 5.92 4.2 -32.658592 -103.70536 6.8754935
3.9299998 5.62 3.53 -18.907606 -96.829865 12.605071
3.84 5.0299997 2.01 -29.220846 -89.95437 16.042818
3.57 4.72 2.62 -48.128452 -84.79775 18.907606
2.97 3.8899999 4.49 -39.53409 -75.057465 30.939718
4.11 4.22 3.6899998 -32.658592 -67.03606 38.961132
3.87 4.47 3.87 -48.701412 -55.00395 39.53409
2.4099998 4.29 5.2999997 -62.4524 -38.961132 41.25296
2.82 5.0499997 6.64 -55.00395 -34.377464 56.72282
4.54 6.62 6.3199997 -33.231552 -22.91831 70.47381
5.38 7.6099997 5.0299997 -16.615776 -10.886198 57.868736
4.6 8.059999 5.67 -30.366762 -8.594366 50.993244
4.38 8.5 6.93 -37.815212 5.7295775 63.598316
5.65 8.849999 7.2 -34.950428 22.91831 64.74423
5.38 9.0199995 7.4199996 -26.356058 35.523384 57.868736
5.08 9.19 8.24 4.0107045 48.128452 58.441692
6.99 9.45 6.73 22.91831 65.890144 56.14986
6.95 9.13 5.99 29.220846 79.641136 50.420284
6.3999996 8.83 6.1 34.377464 87.089584 48.128452
7.19 9.11 5.16 48.701412 96.256905 50.420284
8.37 9.21 3.4099998 58.441692 105.42423 46.98254
8.83 9.22 2.59 55.00395 107.716064 32.658592
8.53 9.17 2.21 50.420284 114.59156 29.793804
8.849999 9.059999 1.41 36.09634 111.72677 31.51268
8.8 9.13 2.4099998 21.772396 110.58085 32.085636
9.309999 9.7699995 3.9399998 36.09634 111.15381 32.658592
11.15 10.2 3.1299999 63.02536 116.31043 18.907606
11.13 9.15 -0.06 78.49522 121.46705 -9.740283
9.58 8.5199995 -0.06 68.75493 116.31043 -13.178029
9.429999 8.7699995 -0.19 67.60902 112.29972 -8.594366
10.469999 8.23 -1.62 76.77634 104.27831 -12.032113
9.69 7.45 -2.9399998 75.057465 96.829865 -26.356058
8.23 6.69 -2.99 45.263664 81.36001 -25.7831
7.2799997 6.67 -1.76 34.377464 79.641136 -14.896902
7.41 6.62 -1.38 44.11775 64.17127 -9.740283
8.13 6.31 -1.6999999 63.598316 51.5662 -16.615776
7.72 6.27 -2.61 71.04677 48.701412 -24.064226
7.1299996 6.58 -3.1399999 61.30648 42.971836 -21.772396
6.49 6.3999996 -3.4299998 41.25296 48.701412 -16.042818
6.08 6.47 -2.84 29.220846 50.420284 -10.31324
6.27 6.7799997 -2.3999999 21.199438 42.398876 -5.7295775
6.3399997 6.7799997 -2.0 21.772396 34.950428 -8.021409
5.99 6.52 -1.9599999 22.91831 32.085636 -9.167324
5.49 6.3999996 -1.86 14.896902 28.07493 -5.15662
5.99 6.89 -1.01 9.740283 15.469859 -0.57295775
6.3799996 7.24 -0.59 16.042818 16.615776 -4.0107045
5.8599997 6.97 -1.02 14.323945 14.323945 -5.15662
5.3599997 6.89 -0.78 3.4377468 7.448451 1.7188734
5.54 7.22 -0.11 0.0 5.7295775 5.7295775
5.74 7.2799997 0.22 6.8754935 0.57295775 0.0
5.29 7.3399997 0.21 9.167324 1.7188734 0.0
5.66 7.75 0.08 1.1459155 4.0107045 6.3025355
6.45 8.0199995 0.29999998 -8.594366 2.291831 5.7295775
6.24 7.8199997 0.66999996 -7.448451 1.1459155 -1.1459155
5.39 7.69 0.66999996 0.0 0.0 -4.583662
5.45 7.83 0.61 0.0 0.0 1.7188734
5.94 7.66 0.57 -2.8647888 1.1459155 3.4377468
5.7599998 7.4199996 0.82 1.1459155 -0.57295775 2.8647888
5.56 7.68 0.56 8.594366 -1.1459155 2.8647888
5.66 8.04 0.01 2.8647888 -6.3025355 1.7188734
5.64 8.19 0.42 -10.31324 -8.021409 0.57295775
5.83 7.7999997 1.79 -23.49127 -5.15662 2.291831
5.56 7.7 2.23 -17.761692 -2.291831 0.0
5.2 7.73 2.07 -4.0107045 2.291831 -1.7188734
5.47 7.5299997 1.5799999 2.8647888 -3.4377468 -1.7188734
5.54 7.62 1.49 1.7188734 -4.583662 -2.8647888
5.46 7.6299996 1.4699999 -2.291831 -1.7188734 -2.291831
5.2 7.47 1.38 -4.583662 0.0 0.0
5.21 7.48 1.53 -6.3025355 -2.291831 3.4377468
5.8199997 7.6299996 1.68 -5.7295775 -5.7295775 2.291831
5.69 7.5099998 1.7099999 0.0 -5.15662 0.0
5.3399997 7.5099998 1.67 4.0107045 -4.0107045 0.57295775
5.74 7.83 1.5999999 0.0 0.57295775 6.3025355
5.85 7.79 1.64 -2.291831 0.57295775 2.8647888
5.77 7.83 1.7099999 -1.1459155 0.0 2.291831
5.94 8.04 1.68 0.0 0.0 0.57295775
5.79 7.87 1.42 2.8647888 1.7188734 -2.291831
5.4 7.6099997 1.4 1.7188734 1.7188734 -3.4377468
5.33 7.5299997 1.42 -4.583662 3.4377468 1.7188734
5.45 7.6699996 1.64 -4.0107045 4.583662 4.0107045
5.5099998 7.79 1.7199999 1.1459155 3.4377468 3.4377468
5.71 7.83 1.53 5.15662 5.7295775 1.1459155
5.5099998 7.69 1.14 3.4377468 4.583662 0.0
5.5699997 7.94 1.4 -1.7188734 -0.57295775 2.291831
6.0899997 7.8799996 1.49 -1.1459155 1.7188734 1.7188734
5.8399997 7.7599998 1.54 0.0 5.15662 0.0
5.54 7.69 1.4 1.1459155 3.4377468 -2.291831
5.46 7.66 1.23 1.7188734 4.583662 -1.7188734
5.41 7.5499997 1.24 0.0 0.57295775 -1.1459155
5.27 7.5499997 1.41 -0.57295775 0.57295775 0.57295775
5.6099997 7.64 1.31 -4.0107045 0.0 2.291831
5.67 7.7 1.56 -5.15662 0.0 1.7188734
5.73 7.69 1.75 0.0 0.0 0.57295775
5.6099997 7.6699996 1.6999999 2.8647888 0.0 -0.57295775
5.5499997 7.7 1.66 2.8647888 -1.7188734 0.0
5.6 7.7599998 1.42 2.8647888 1.1459155 0.57295775
5.69 7.6 1.3299999 1.1459155 0.0 0.0
5.49 7.58 1.76 0.0 0.0 0.0
5.6 7.6299996 2.0 -0.57295775 0.0 1.7188734
5.58 7.66 2.04 2.291831 2.291831 2.291831
5.6 7.7599998 1.92 9.740283 3.4377468 1.7188734
5.7999997 7.9199996 1.5699999 11.459155 3.4377468 0.57295775
5.99 8.0 1.28 6.8754935 2.8647888 -2.291831
5.67 7.8399997 1.29 0.0 3.4377468 -2.8647888
5.39 7.75 1.5899999 -4.0107045 5.15662 0.0
5.6099997 7.72 1.7099999 -5.15662 4.583662 1.1459155
5.5299997 7.6499996 1.64 3.4377468 0.57295775 -4.0107045
5.41 7.5699997 1.35 9.167324 0.0 -4.0107045
5.19 7.58 1.11 4.583662 1.1459155 -2.291831
5.46 7.62 1.12 -2.291831 2.291831 1.7188734
5.77 7.73 1.5799999 -5.7295775 0.57295775 1.7188734
5.87 7.74 1.88 1.7188734 -1.1459155 -2.291831
