-0.22 11.219999 0.96 12.605071 1.1459155 -3.4377468
-0.56 10.62 2.1599998 -2.8647888 -0.57295775 -4.583662
-0.95 10.65 3.25 -14.323945 -4.583662 -3.4377468
-0.45 10.51 3.28 -8.021409 -6.3025355 2.291831
-0.5 10.61 3.1499999 -1.7188734 -1.7188734 4.583662
-0.51 10.639999 3.3799999 -6.3025355 6.8754935 4.583662
0.12 10.23 4.29 -11.459155 8.594366 2.291831
-0.089999996 9.969999 4.87 -1.7188734 4.583662 -7.448451
-0.19999999 9.82 4.19 17.761692 7.448451 -10.886198
-0.75 9.91 3.3 21.772396 14.896902 -11.459155
-0.42 9.91 3.47 9.740283 31.51268 -5.7295775
0.099999994 9.87 3.26 1.7188734 32.658592 -4.583662
0.099999994 9.75 3.25 0.0 36.09634 -5.7295775
-0.26999998 9.46 3.74 -7.448451 44.69071 -9.740283
-0.61 9.38 4.0499997 -9.167324 53.858032 -9.740283
-0.51 9.21 3.56 -2.8647888 58.441692 -5.7295775
-0.45 9.05 3.31 0.57295775 64.74423 -2.291831
-0.26 9.07 3.1699998 2.291831 71.61973 1.1459155
0.28 9.21 2.78 3.4377468 74.48451 2.291831
0.57 9.13 1.8499999 2.8647888 79.06818 1.7188734
-0.02 8.87 1.91 -8.021409 91.67324 -0.57295775
-0.66999996 8.54 2.82 -21.199438 98.54874 0.0
-0.62 8.41 3.29 -16.615776 99.1217 5.7295775
0.12 8.389999 2.75 -4.583662 97.97578 14.896902
-0.22 8.639999 2.1499999 4.0107045 100.84057 15.469859
0.31 8.7 1.89 4.583662 103.1324 20.62648
0.85999995 8.7699995 1.76 3.4377468 97.402824 21.199438
0.28 9.0 0.69 5.15662 103.70536 18.334648
0.39999998 9.07 0.38 -10.31324 116.883385 21.772396
0.55 9.11 1.5899999 -24.064226 122.04 23.49127
0.63 8.98 2.4299998 -36.669296 122.61296 25.210142
0.75 8.86 2.05 -22.345354 115.16451 25.210142
0.65 8.889999 1.38 -2.8647888 104.85127 24.637184
0.42 8.9 1.03 4.0107045 100.84057 24.637184
0.55 8.78 0.71 2.291831 100.84057 27.501974
0.85999995 8.7699995 0.75 -0.57295775 105.42423 33.80451
1.01 8.71 1.17 -4.0107045 105.42423 37.242256
1.14 8.83 0.84999996 0.0 95.11099 36.669296
1.5999999 8.62 -0.14999999 6.3025355 91.67324 38.961132
1.0 8.45 0.39 -2.8647888 97.402824 38.38817
1.4 8.37 0.95 -10.886198 97.402824 40.107044
2.3 8.34 -0.79999995 -1.7188734 89.38142 45.263664
1.91 8.38 -2.23 -9.740283 93.96508 44.11775
0.74 8.58 0.08 -49.27437 103.70536 40.680004
1.5799999 8.25 1.16 -63.02536 92.24621 44.69071
2.47 7.91 -0.03 -56.14986 83.07887 48.128452
1.37 7.93 0.35 -54.43099 88.2355 46.40958
0.38 8.08 2.06 -63.02536 90.52733 47.555496
1.55 8.3 1.78 -58.441692 81.36001 56.14986
3.3799999 8.429999 -0.06 -24.064226 60.160564 73.91155
2.52 8.83 0.31 -17.761692 50.993244 73.33859
2.19 8.71 0.97999996 -29.220846 55.00395 68.18198
2.69 8.94 1.4599999 -30.366762 48.701412 70.47381
4.23 9.2699995 -0.44 2.291831 22.91831 83.65183
4.23 9.2699995 -0.44 7.448451 20.62648 83.07887
4.3399997 9.63 -0.66999996 -6.3025355 14.896902 73.91155
4.6 9.26 -0.089999996 -15.469859 12.032113 72.19268
4.29 9.469999 0.14999999 -16.615776 8.021409 70.47381
4.8199997 9.71 -0.22 -14.896902 -2.291831 72.19268
5.87 9.45 -0.22999999 -21.772396 -12.032113 68.75493
5.71 9.37 0.25 -33.80451 -14.323945 57.29578
5.06 9.639999 1.93 -26.356058 -16.615776 55.576904
5.93 9.83 1.37 -17.761692 -21.199438 55.576904
6.2999997 9.7 0.42999998 -1.7188734 -29.220846 53.858032
6.06 10.7 -0.02 -5.7295775 -28.07493 49.27437
7.37 10.88 0.11 -18.334648 -38.38817 48.701412
8.17 10.67 -0.03 -23.49127 -48.128452 39.53409
7.24 10.82 0.71999997 -32.085636 -44.11775 22.91831
7.45 10.34 1.48 -38.38817 -44.11775 16.042818
7.7999997 10.25 1.3 -31.51268 -56.14986 12.605071
7.3799996 9.79 1.05 -25.7831 -60.160564 6.3025355
7.08 9.21 1.63 -26.356058 -57.868736 -1.1459155
7.08 8.63 1.0 -13.750987 -62.4524 -1.7188734
6.99 8.38 -0.37 3.4377468 -65.890144 -1.1459155
7.1299996 8.05 -1.35 5.15662 -73.91155 0.0
7.1099997 8.13 -1.64 -6.8754935 -85.94367 0.0
7.79 8.26 -0.5 -31.51268 -98.54874 0.57295775
8.25 8.34 1.38 -44.69071 -104.27831 0.0
8.679999 8.3 2.85 -61.30648 -108.289024 -5.15662
8.559999 8.09 3.24 -60.160564 -105.42423 -12.032113
8.559999 8.09 3.24 -42.398876 -99.1217 -24.064226
8.059999 8.17 2.1499999 -37.242256 -98.54874 -24.637184
8.37 8.08 1.31 -33.80451 -100.26762 -25.210142
8.37 7.8799996 1.03 -41.25296 -97.97578 -29.220846
7.96 7.18 1.3 -51.5662 -89.38142 -35.523384
7.1499996 6.74 1.5799999 -54.43099 -86.516624 -40.680004
6.99 6.46 1.55 -45.83662 -91.10028 -39.53409
7.46 6.0099998 1.14 -36.669296 -105.997185 -29.220846
7.49 5.83 0.53999996 -34.377464 -121.46705 -21.199438
7.49 6.0499997 1.62 -49.27437 -123.18592 -17.188732
7.8799996 6.37 2.81 -66.463104 -119.17522 -12.605071
8.26 6.0699997 3.48 -71.61973 -116.31043 -11.459155
7.7999997 5.8599997 4.17 -72.76564 -112.87268 -17.188732
7.66 5.12 4.64 -74.48451 -107.716064 -22.91831
7.39 5.0099998 5.44 -72.76564 -102.55944 -25.210142
5.8799996 5.16 4.99 -57.29578 -93.39212 -35.523384
6.19 4.7999997 5.08 -49.84733 -87.089584 -14.896902
6.19 4.7999997 5.08 -49.84733 -87.089584 -14.896902
5.17 4.72 4.27 -41.825916 -79.06818 -15.469859
4.63 4.42 4.11 -38.38817 -67.60902 -14.896902
4.31 4.48 4.6 -44.11775 -64.74423 -5.7295775
4.5699997 4.41 4.54 -40.680004 -66.463104 4.0107045
5.5299997 4.2 3.12 -26.356058 -66.463104 10.886198
5.37 4.08 2.99 -30.366762 -61.879436 14.896902
4.77 4.2999997 4.45 -50.420284 -49.27437 17.188732
4.73 4.45 5.3399997 -55.576904 -44.69071 22.345354
5.02 4.36 4.87 -40.680004 -40.107044 30.939718
5.4 4.45 4.7599998 -34.377464 -37.815212 35.523384
5.6 4.47 5.52 -43.544792 -34.950428 41.25296
5.08 4.9 6.87 -45.263664 -24.064226 45.83662
5.49 5.0099998 7.04 -28.64789 -16.615776 52.139156
5.69 5.0699997 6.2 -8.594366 -12.605071 57.868736
6.25 5.04 5.45 -4.0107045 -6.3025355 63.02536
6.3599997 5.0299997 5.17 -6.3025355 -2.291831 64.74423
6.31 4.94 5.73 -12.605071 7.448451 65.890144
6.83 4.5299997 6.33 -15.469859 12.032113 71.04677
7.7599998 4.08 6.3999996 -11.459155 13.178029 72.19268
7.2599998 3.84 6.17 -4.583662 21.772396 70.47381
6.1 4.08 7.18 -1.7188734 34.377464 68.18198
7.25 4.19 7.22 5.7295775 31.51268 80.21409
8.53 4.39 5.93 23.49127 32.658592 96.256905
8.679999 4.74 5.6099997 26.356058 45.263664 99.69466
8.98 4.93 6.94 20.053522 55.576904 98.54874
10.48 4.71 6.81 30.939718 45.83662 101.41353
10.969999 4.56 5.85 45.83662 48.701412 100.26762
10.13 4.8599997 5.91 42.971836 63.02536 93.39212
10.82 4.9 6.89 40.680004 70.47381 95.11099
11.79 5.0699997 6.18 66.463104 68.75493 95.11099
12.46 4.6 4.85 72.19268 71.61973 92.24621
11.95 4.5 4.39 67.60902 76.77634 79.641136
11.719999 4.39 5.3399997 56.72282 80.78705 71.04677
11.67 4.0099998 5.72 55.576904 80.21409 68.18198
11.59 3.3999999 5.47 64.17127 80.21409 63.02536
11.48 3.23 5.16 76.203384 81.93296 60.160564
11.38 3.05 5.0499997 85.37071 82.50592 57.868736
11.28 2.49 4.67 95.68395 84.79775 55.00395
10.78 2.36 3.04 118.60226 73.91155 45.83662
10.599999 2.3799999 1.67 111.72677 71.04677 44.11775
10.58 2.18 1.8499999 86.516624 73.33859 43.544792
10.34 2.4099998 2.7 67.60902 75.630424 40.107044
10.25 2.83 3.62 60.160564 78.49522 39.53409
10.32 2.57 3.62 64.74423 75.630424 36.09634
9.87 2.3999999 3.24 80.78705 64.17127 27.501974
9.469999 2.56 2.12 92.24621 51.5662 22.345354
9.33 2.6699998 1.56 92.24621 48.128452 21.199438
8.99 2.3799999 1.41 85.37071 46.40958 17.188732
8.55 2.48 1.9399999 73.33859 42.971836 12.605071
8.55 2.6299999 2.21 66.463104 41.825916 12.032113
8.58 2.53 1.87 63.02536 37.242256 12.032113
8.309999 2.6699998 2.55 56.14986 28.07493 8.021409
8.099999 2.74 3.1299999 48.701412 17.761692 4.0107045
7.97 2.71 2.99 49.27437 16.042818 4.0107045
7.75 2.95 2.9299998 49.27437 20.62648 5.7295775
7.49 3.28 3.05 43.544792 19.480566 7.448451
7.58 3.25 3.5 36.669296 18.334648 10.31324
7.6 3.4499998 3.6399999 36.09634 14.323945 10.886198
7.5699997 3.6299999 3.09 42.398876 9.167324 10.886198
7.2599998 3.79 2.32 45.263664 8.594366 11.459155
6.97 3.8 1.92 36.669296 9.167324 14.896902
6.91 4.0 2.51 22.91831 6.8754935 21.199438
7.58 4.23 3.6399999 12.605071 1.7188734 26.929016
8.13 4.56 4.29 12.032113 -0.57295775 26.929016
7.87 4.7 4.0899997 16.615776 -4.0107045 20.053522
7.3799996 4.5899997 4.44 15.469859 -1.1459155 12.605071
7.0699997 4.3199997 5.14 8.021409 2.291831 8.594366
6.99 4.22 4.96 9.167324 2.291831 5.7295775
7.0699997 4.29 4.38 16.615776 -1.1459155 5.15662
7.25 4.42 3.9599998 17.761692 -2.8647888 4.583662
7.12 4.36 4.22 8.594366 0.57295775 2.8647888
7.04 4.39 4.65 -1.7188734 1.1459155 0.57295775
7.23 4.4 4.91 -4.0107045 0.0 1.7188734
7.23 4.2999997 5.13 -2.8647888 -1.1459155 1.7188734
7.22 4.3199997 5.12 1.7188734 -2.8647888 0.57295775
7.31 4.5 4.92 8.021409 -1.7188734 1.7188734
7.31 4.33 4.5 9.740283 -1.1459155 2.291831
7.0499997 4.08 4.72 6.3025355 0.0 1.1459155
7.0499997 4.0899997 5.24 1.7188734 -2.291831 1.1459155
7.54 4.14 5.4 4.583662 -0.57295775 4.0107045
7.41 4.21 5.13 13.178029 2.291831 2.8647888
7.06 4.48 4.45 17.761692 4.583662 1.7188734
7.2 4.54 4.54 17.761692 9.167324 3.4377468
7.2799997 4.5699997 4.2 16.042818 8.021409 3.4377468
7.27 4.68 3.77 14.323945 3.4377468 1.7188734
7.5 4.8199997 3.9199998 7.448451 2.291831 1.1459155
7.49 4.72 4.22 0.0 3.4377468 0.57295775
7.3399997 4.68 4.24 -1.7188734 2.291831 -2.291831
7.19 4.61 4.45 -1.7188734 -0.57295775 -4.0107045
7.22 4.5299997 4.43 -1.1459155 -2.8647888 -4.0107045
7.17 4.2999997 4.46 -0.57295775 -1.7188734 -4.583662
7.14 4.37 4.27 0.0 -2.291831 -4.583662
7.27 4.38 4.24 -0.57295775 -3.4377468 -3.4377468
7.18 4.23 4.5699997 -5.15662 -2.8647888 -5.15662
7.0299997 4.21 4.73 -6.3025355 -2.8647888 -5.7295775
7.02 4.33 4.87 -6.3025355 -1.7188734 -3.4377468
7.04 4.33 4.87 -4.583662 0.0 -2.8647888
6.93 4.36 4.96 -0.57295775 -1.7188734 -2.291831
6.99 4.45 4.92 1.7188734 -4.0107045 -1.1459155
7.0699997 4.5899997 4.54 2.8647888 -2.8647888 0.0
7.19 4.5699997 4.54 1.7188734 0.57295775 0.57295775
7.21 4.5899997 4.68 -1.7188734 -0.57295775 0.0
7.0699997 4.56 4.8399997 -3.4377468 -1.1459155 -1.7188734
6.89 4.5099998 4.85 -2.291831 0.57295775 -1.7188734
6.7599998 4.74 4.65 1.7188734 4.583662 1.1459155
7.06 4.96 4.47 6.3025355 7.448451 4.583662
7.48 4.7799997 4.27 8.021409 1.7188734 5.7295775
7.3599997 4.67 4.44 5.15662 -1.1459155 0.57295775
7.44 4.58 4.56 1.1459155 -4.583662 -1.7188734
7.45 4.41 4.5099998 -0.57295775 -2.8647888 -1.7188734
7.0099998 4.27 4.93 -7.448451 2.8647888 -2.8647888
6.91 4.2599998 5.33 -9.167324 3.4377468 -2.291831
6.98 4.3399997 5.27 -5.15662 2.291831 -1.7188734
6.93 4.2599998 4.71 1.7188734 2.291831 -1.7188734
