-1.8866886 9.411894 -0.13886794 -10.710875 5.00668 -12.5138645
-1.9178141 9.526819 0.2944958 -10.815875 -3.7433202 -7.0538654
-1.7454263 9.419077 0.6105401 -12.2508745 -7.5933204 -4.358865
-1.7047237 9.282603 0.5818088 -11.375875 -9.97332 -3.098865
-1.7717633 9.256267 0.38068968 -8.750875 -11.02332 -2.608865
-1.7693691 9.158101 0.05027977 -8.365875 -8.78332 -3.518865
-1.4078336 9.131764 0.10055954 -24.045876 -1.04832 -2.9588652
-0.7996878 9.203592 0.8571504 -39.515877 -7.06832 -7.6138644
-1.7813405 9.239507 1.6712039 -57.89088 -29.958319 -20.948866
-2.7390504 8.377567 3.040729 -79.80088 -40.59832 -34.773865
-3.328042 7.9944835 5.770202 -105.17587 -21.27832 -39.148865
-4.09421 7.5252056 8.482916 -120.05087 -2.23832 -36.663864
-3.737463 6.804529 10.33369 -114.27588 -0.31332 -25.918865
-3.6297207 6.7566433 11.487731 -91.14088 -11.89832 -11.323865
-3.0981915 6.9218483 11.277035 -52.395874 -25.61832 -0.9638651
-1.3072741 6.7135468 9.957788 -8.925875 -22.678322 10.656136
-0.12929083 6.8093176 8.439818 25.584126 3.01168 20.911137
0.61293435 7.3216925 7.2091613 47.634125 34.931683 23.186136
0.38068968 8.130958 4.6664414 65.37913 50.08668 16.291136
0.5027977 8.150111 2.935381 78.15413 49.87668 8.451136
0.45012367 8.039975 1.1660118 78.78412 53.026684 4.0411353
-0.4166038 7.8915296 0.76616794 67.16412 62.441677 3.936135
-0.6488485 8.147717 1.1492519 51.90413 69.54668 6.176135
0.8044763 8.099832 0.89067024 45.709126 73.921684 13.946135
0.72546524 7.8963184 -0.0670397 52.044125 76.89668 20.561136
0.67279124 7.82449 -0.4764607 61.21413 92.40168 18.601135
0.86193895 7.778999 -1.0199611 70.20913 102.55168 18.636135
0.7589851 8.118986 -2.7869358 83.78912 98.24667 18.006136
1.8148603 8.006455 -4.5467277 97.61413 93.48669 17.306135
1.8675344 8.150111 -5.1237483 98.594124 101.67668 19.966135
1.0295382 7.7143536 -4.661653 85.57413 110.91669 19.581135
0.3423813 8.023215 -4.783761 74.094124 114.87168 11.951135
1.4006507 7.937021 -5.446975 71.88912 114.31168 9.5711355
1.8052832 7.3863378 -5.4589467 74.23412 123.34169 21.646135
1.5467016 7.3049326 -5.8013277 78.71413 129.92168 26.686134
1.7430321 7.9346266 -7.2163444 91.03413 122.95668 20.561136
3.4166303 7.580274 -9.457385 108.11413 106.26168 17.236134
3.1173458 7.2594414 -10.190034 118.57913 96.42668 23.431137
1.8555629 6.5363703 -9.62259 112.384125 105.31668 23.186136
0.69912827 6.3280683 -9.7135725 96.424126 119.14168 10.131135
1.4557191 5.9976583 -12.043202 91.41912 118.89668 1.731135
2.1141446 5.9282246 -14.123827 98.594124 94.29169 9.991135
0.33759275 5.7175283 -12.660925 93.69412 55.93168 23.641136
-0.15083931 6.016813 -10.7048025 29.819124 40.741684 18.391136
1.1013664 6.201172 -11.372806 28.244125 14.596682 30.116135
2.8252442 6.507639 -12.866833 28.454124 -2.8683202 51.431133
2.5546913 6.6441126 -12.924295 4.8991246 1.6466801 59.86614
2.1069617 6.8093176 -11.205206 -26.775875 6.19668 53.426136
2.9689007 7.2187386 -10.31693 -41.860878 -20.33332 47.126137
4.113364 7.429435 -11.466182 -41.825874 -59.88332 47.301136
4.225895 7.9322324 -10.565935 -59.710873 -70.52332 51.95613
3.2442424 7.8316727 -7.151699 -97.825874 -57.53832 46.216133
3.11974 7.920261 -5.707951 -112.07087 -69.19332 28.296135
4.278569 7.92505 -7.6449194 -88.55088 -110.56332 16.991135
4.556305 8.162083 -8.825297 -69.19588 -145.28333 15.276136
3.9768906 7.458166 -5.8228765 -94.990875 -152.42332 10.166135
3.4908526 7.099025 -2.7031362 -139.54587 -146.40332 -0.858865
4.2139235 6.998465 -2.7127132 -152.67087 -152.45831 -7.963865
4.249838 6.840443 -2.700742 -140.63087 -168.48833 -5.338865
4.1540666 6.4980617 -0.44772938 -143.53587 -176.99332 -6.248865
3.3424077 6.342434 2.3128695 -160.47588 -177.02832 -12.933865
2.6744049 6.5986214 1.8938714 -155.33087 -179.37332 -22.838865
2.6193366 6.8452315 0.86193895 -125.895874 -183.32832 -23.608864
2.3727264 6.6848154 2.6624336 -108.045876 -186.58333 -18.848866
1.525153 6.5842557 4.2235007 -113.19088 -188.57831 -21.753866
1.0822122 6.919454 3.6297207 -109.97087 -192.53333 -30.888868
1.9585168 7.161276 3.859571 -87.08087 -195.15833 -27.948864
2.82285 7.065505 4.9274178 -76.65088 -192.25331 -16.188866
2.588211 7.1397276 5.8324533 -80.92087 -183.71332 -13.633865
2.2099156 6.924243 5.5786605 -76.37087 -174.22832 -22.628866
2.2434354 6.63693 6.3400397 -60.20088 -165.68831 -28.753864
3.7230973 6.526793 7.822096 -53.76087 -162.71333 -27.528864
4.4126487 6.8428373 8.473338 -57.400875 -164.32332 -23.538864
2.169213 6.8356547 9.742304 -57.610878 -140.69832 -33.233864
-1.1157321 6.318491 11.219572 -55.230877 -103.91332 -50.033863
-0.9481328 6.349617 11.126195 -18.655874 -146.96332 -11.043865
0.9313729 7.0966306 10.24989 -0.105875 -139.82333 29.696136
3.5650752 8.315316 9.993703 4.1991253 -98.13831 67.95113
4.2139235 9.067119 10.211582 4.0941253 -61.143322 81.70614
4.35758 9.2490835 9.620196 16.519125 -47.038322 76.28113
3.981679 10.041589 8.806143 34.264126 -32.89832 70.71613
3.8308396 10.427067 8.08786 40.459126 -0.27831998 70.85614
3.6464806 10.527626 7.3169036 38.989124 36.156677 72.81613
3.74704 10.35045 6.3807425 39.024124 60.79668 73.061134
3.512401 10.5803 6.1700463 38.044125 76.19668 73.27113
3.4812756 11.075915 5.3871183 37.484127 93.20668 72.991135
4.4413795 11.439845 3.9002736 44.799126 104.02168 74.42613
4.6233444 11.382382 2.7318676 52.394127 118.406685 73.83113
4.460534 11.238726 2.5762396 46.794125 122.08168 67.11114
4.5108137 11.147743 2.638491 40.599125 114.87168 61.021137
4.5347567 11.363228 1.6951466 44.519127 100.69668 54.616135
3.964919 11.399142 1.0750294 53.199123 96.671684 44.466133
3.6967604 10.97775 0.7901107 52.954124 103.35668 36.521133
4.1157584 10.685649 0.8284191 47.844128 105.52668 33.931133
4.1756153 10.755082 0.55786604 46.269127 100.03168 32.111137
4.1349125 10.805362 0.016759925 50.36413 98.281685 28.856136
3.8236568 10.355239 -0.47885495 55.999126 97.96668 24.026136
3.5219781 10.185245 -0.76137936 58.414127 93.45168 17.481134
3.6201434 10.510866 -1.2450229 56.104126 88.58668 14.226135
4.120547 10.582695 -1.8483802 52.81413 88.06168 14.261135
3.8787253 10.371999 -2.6600394 53.164127 88.62167 11.531136
3.067066 10.099051 -2.6025767 52.359123 76.05668 3.3761349
2.6959534 10.012857 -1.673598 39.164124 63.21168 -3.3438652
2.7893302 9.96976 -1.6041641 20.999125 61.951687 -3.903865
3.0215747 9.900327 -1.9752767 17.954126 62.301685 -1.208865
2.9210153 9.924269 -2.4014575 24.149126 49.176678 -2.258865
2.648068 9.921875 -1.9800652 21.734125 38.466682 -4.848865
2.4948344 9.8548355 -1.0175668 10.359125 36.19168 -4.3238654
2.5283542 9.802161 -0.38547826 1.714125 30.13668 -3.8688655
2.4613144 9.699207 -0.49082634 2.519125 18.97168 -3.518865
2.4373717 9.435837 -0.49082634 9.309125 6.96668 -6.9488654
2.5044115 9.428655 -0.19633053 3.639125 10.57168 -5.618865
2.2889266 9.304152 0.0047885496 0.45412502 11.51668 -4.1138654
2.22907 9.167678 0.12450229 0.55912507 8.50668 -3.448865
2.4876516 9.158101 0.3902668 0.52412504 3.15168 -2.013865
2.6121538 9.316123 0.57223165 -0.070875 0.56168 -1.208865
2.2961094 9.4095 0.7398309 0.38412502 0.63168 -2.188865
2.248224 9.4095 0.61293435 3.149125 0.35167998 -2.3638651
2.257801 9.419077 0.6296943 4.8291254 -0.66332 -0.578865
2.6528566 9.502876 0.76616794 3.2541249 -1.18832 1.556135
2.3224466 9.529214 0.6440599 2.134125 0.17668 3.061135
1.9728824 9.428655 0.66800267 2.729125 0.56168 1.836135
2.403852 9.416683 0.90982443 2.799125 -4.4433203 3.411135
2.9952378 9.653716 0.6296943 4.584125 -11.6183195 6.5611353
3.0550947 9.431048 0.45970076 5.5291247 -10.708321 3.8661351
2.3392065 9.421472 0.75659084 2.8691251 -5.91332 -2.153865
2.0494993 9.265843 0.8356019 -1.260875 -4.09332 -4.7788653
2.2937152 9.253872 0.9026416 -3.290875 -0.87332 -2.398865
2.6791935 9.308941 0.80687064 -2.975875 0.59668005 1.346135
2.7390504 9.416683 1.0822122 -2.5558748 -2.06332 2.2211351
2.535537 9.416683 1.2258687 -2.975875 -4.26832 -0.018864999
2.4062462 9.407105 1.0798179 -1.295875 -4.30332 -1.558865
2.4613144 9.387952 0.9313729 1.539125 -2.41332 -0.92886496
2.6504622 9.431048 1.0822122 2.519125 -2.30832 0.436135
2.9305923 9.536397 1.2641771 1.504125 -3.3233202 1.311135
2.7653873 9.596253 0.74701375 1.9591252 -2.97332 0.821135
2.6217308 9.447808 0.4956149 5.284125 -1.60832 -1.453865
2.2985039 9.385557 0.7996878 5.074125 -0.34832 -3.798865
1.9154198 9.385557 0.81644773 1.9241251 -1.01332 -5.513865
2.0064023 9.29218 0.7206767 1.6791251 -2.16832 -4.288865
2.5092 9.378374 0.87151605 0.76912504 2.80168 0.64613503
2.832427 9.593859 0.505192 -0.38587502 6.58168 5.301135
2.6815877 9.6585045 0.03351985 3.919125 1.36668 4.2861347
2.4613144 9.60583 0.32562137 7.069125 -3.7083201 0.47113502
2.3200524 9.555551 0.84996754 1.574125 -1.8183202 -2.188865
2.2937152 9.457385 0.8834874 -5.775875 -0.52332 -2.398865
2.5666625 9.3831625 0.9984126 -6.3708754 -0.41832 -0.788865
2.6744049 9.423865 1.1540405 -4.6558747 -0.06832 0.64613503
2.3775148 9.431048 1.0032011 -2.4858751 -1.6783199 -0.22886501
2.2697725 9.407105 0.6273 5.4241247 -2.09832 -3.2038653
2.4948344 9.354432 0.4285752 4.3041253 -0.59332 -1.0688651
2.5714512 9.452597 0.69912827 -0.035875 -0.66332 -0.193865
2.4589202 9.457385 0.9241901 -3.675875 0.14168 -1.0688651
2.360755 9.395134 0.80687064 -3.080875 0.10668 -1.873865
2.4948344 9.380769 0.71828246 -1.5408751 -1.6433201 -1.0688651
2.423006 9.423865 1.0223553 -2.905875 -1.9933201 -0.26386502
2.5235655 9.5483675 0.95531565 -4.1308756 0.17668 0.016135
2.7486274 9.593859 0.8739103 -3.3608751 1.9266801 0.47113502
2.8539755 9.63935 0.96489275 -5.075875 2.20668 0.926135
