-2.98 9.16 2.1299999 10.886198 2.8647888 -37.242256
-2.1599998 9.25 3.22 -2.291831 -6.8754935 -21.199438
-1.8399999 9.46 3.81 -4.0107045 -14.323945 -5.7295775
-0.66999996 9.41 3.51 7.448451 -2.291831 -4.0107045
-0.7 9.48 2.73 12.032113 9.167324 -11.459155
-1.15 9.4 2.78 6.3025355 14.896902 -20.62648
-1.76 9.099999 2.74 -1.1459155 11.459155 -23.49127
-2.35 8.82 3.61 -5.7295775 12.605071 -22.91831
-2.46 8.929999 4.5499997 -10.31324 16.615776 -17.188732
-1.5799999 8.889999 4.14 -0.57295775 21.772396 -4.0107045
-0.9 8.94 3.36 10.31324 27.501974 -0.57295775
-1.01 9.12 3.01 13.178029 34.950428 -5.15662
-1.24 9.17 3.03 5.7295775 49.27437 -6.3025355
-1.41 9.03 2.8799999 2.291831 64.17127 -5.15662
-1.25 8.92 2.37 3.4377468 64.17127 -2.8647888
-1.0 8.84 2.4199998 0.57295775 56.72282 -2.8647888
-1.27 8.72 2.6599998 -4.583662 60.733524 -3.4377468
-1.65 8.76 2.8 -5.7295775 72.19268 0.0
-0.84999996 8.74 2.46 -1.7188734 83.07887 7.448451
-0.52 8.84 1.4399999 4.583662 83.07887 8.021409
-0.61 8.849999 1.62 0.0 87.089584 8.021409
-0.78999996 8.929999 1.7199999 -5.15662 87.089584 5.7295775
-0.35 8.83 1.18 -4.583662 89.95437 9.167324
-0.32999998 8.84 0.81 -6.3025355 95.11099 10.31324
-0.65 8.599999 0.91999996 -18.907606 99.69466 10.886198
-0.58 8.5199995 2.34 -32.085636 100.26762 14.323945
0.25 8.3 2.7 -30.939718 98.54874 17.761692
0.78999996 8.11 2.44 -1.7188734 107.716064 32.085636
1.13 8.03 2.06 9.167324 116.31043 34.950428
0.7 8.849999 1.78 24.637184 118.60226 34.377464
1.16 9.2 -0.41 42.398876 105.997185 29.793804
1.2099999 8.96 -2.45 42.398876 106.57015 24.064226
-0.17999999 9.36 -0.82 0.0 119.74818 24.637184
-0.19999999 9.5199995 1.2099999 -44.69071 127.76959 27.501974
1.7199999 8.889999 0.57 -42.971836 116.31043 39.53409
1.5 9.51 0.35999998 -24.637184 114.0186 42.398876
1.4399999 9.95 0.01 -18.334648 111.72677 35.523384
2.37 9.86 -1.0 -10.886198 111.72677 38.38817
2.71 9.45 -2.12 -10.31324 111.72677 36.669296
1.76 9.09 -1.02 -25.7831 111.72677 30.939718
0.95 8.96 0.66999996 -37.242256 99.1217 28.07493
1.62 9.45 -0.53 -15.469859 85.37071 31.51268
3.8 8.92 -2.6599998 2.8647888 93.96508 44.69071
1.8 9.19 -0.53 -4.583662 94.53803 45.83662
0.45999998 10.54 1.51 -24.637184 81.93296 31.51268
3.6499999 9.51 -2.33 -3.4377468 69.900856 40.107044
3.35 9.26 -3.9399998 37.242256 64.74423 50.420284
1.66 9.82 -1.3399999 14.323945 78.49522 41.825916
2.3999999 10.23 -1.63 -2.291831 88.2355 43.544792
3.48 10.13 -2.97 21.772396 72.19268 55.00395
2.98 9.3 -4.85 31.51268 52.712116 47.555496
2.23 9.5199995 -3.58 4.583662 55.576904 36.09634
1.86 10.24 -2.56 -4.0107045 42.971836 38.961132
3.1599998 9.73 -4.0899997 12.032113 26.929016 48.701412
3.59 9.61 -4.42 14.896902 21.199438 49.84733
2.55 10.929999 -2.99 9.740283 10.31324 45.83662
4.46 11.05 -4.61 26.929016 -3.4377468 51.5662
5.5499997 10.37 -7.24 30.939718 -16.615776 45.263664
3.3 10.67 -5.87 -1.1459155 -14.896902 25.7831
2.8999999 11.5 -3.12 -18.334648 -21.772396 27.501974
5.81 10.83 -5.13 2.291831 -41.825916 40.107044
5.93 9.969999 -6.58 6.3025355 -46.40958 36.669296
2.76 10.46 -3.6799998 -13.178029 -45.83662 16.042818
3.1799998 10.88 -2.12 -24.064226 -59.58761 17.188732
6.1 10.37 -3.78 -5.7295775 -83.65183 38.38817
6.5099998 10.23 -4.23 0.0 -88.80846 36.09634
5.17 10.059999 -3.3 -15.469859 -88.2355 21.199438
4.54 10.28 -2.1299999 -28.07493 -97.97578 13.750987
5.39 10.2 -2.56 -29.793804 -107.716064 19.480566
6.27 9.98 -2.4099998 -32.658592 -113.44564 25.210142
6.18 10.11 -0.75 -48.128452 -118.60226 20.62648
6.17 10.36 -0.38 -50.420284 -124.9048 15.469859
6.72 10.429999 -0.049999997 -49.84733 -130.06142 14.323945
6.95 10.3 0.81 -58.441692 -126.05072 6.8754935
6.2799997 10.389999 1.9699999 -61.879436 -116.31043 -1.7188734
6.2599998 10.19 1.4399999 -44.69071 -110.58085 -7.448451
6.04 9.53 0.16 -25.210142 -109.43494 -12.605071
5.5499997 9.41 -0.53999996 -21.199438 -109.43494 -15.469859
5.72 9.349999 -1.04 -21.772396 -112.87268 -16.042818
5.83 9.22 -0.71 -30.366762 -112.87268 -14.323945
5.8199997 9.12 -0.53999996 -39.53409 -112.29972 -16.615776
5.0899997 8.51 -0.11 -38.961132 -112.87268 -18.334648
5.21 8.62 0.12 -36.09634 -115.16451 -17.188732
5.5499997 8.8 0.45999998 -32.658592 -120.89409 -12.032113
5.66 8.809999 0.35999998 -30.366762 -122.04 -10.886198
5.46 8.49 0.11 -28.07493 -122.04 -14.323945
5.1099997 8.45 0.48 -32.085636 -124.9048 -8.594366
5.93 8.58 -0.19 -33.80451 -129.48846 -4.583662
5.7799997 8.53 -0.16 -41.825916 -126.62367 -5.7295775
5.2599998 8.51 2.61 -65.890144 -118.60226 -9.740283
5.24 8.21 3.09 -67.60902 -119.74818 -10.886198
5.35 8.07 3.3999999 -52.139156 -118.029305 -12.605071
4.54 8.12 2.98 -34.950428 -107.143105 -16.615776
4.36 7.99 2.55 -26.929016 -99.69466 -16.042818
4.5099998 7.29 1.67 -25.7831 -99.69466 -13.750987
3.8899999 7.29 1.61 -29.220846 -95.68395 -14.323945
3.55 6.93 1.75 -36.09634 -95.68395 -10.886198
3.3999999 6.89 2.25 -45.83662 -91.67324 -7.448451
2.96 6.3799996 3.1599998 -49.27437 -89.95437 -5.15662
3.08 6.06 3.55 -38.38817 -89.95437 1.7188734
3.72 5.7999997 2.1699998 -8.594366 -99.69466 8.021409
2.32 5.77 2.69 -6.8754935 -93.39212 9.740283
2.24 5.87 3.35 -10.31324 -89.38142 13.750987
3.48 6.0899997 3.03 -3.4377468 -91.10028 25.7831
4.58 6.44 1.7199999 8.021409 -81.93296 37.242256
3.08 6.08 3.24 -26.929016 -56.72282 41.825916
3.48 6.42 5.62 -40.680004 -55.00395 44.69071
4.24 6.7599998 5.42 -9.167324 -54.43099 52.139156
4.6 6.93 3.0 13.178029 -43.544792 53.858032
3.86 7.1 3.4099998 6.8754935 -37.815212 53.285076
4.74 7.71 4.92 -9.167324 -25.210142 63.598316
6.04 8.12 4.08 -4.0107045 -20.053522 65.317184
6.69 7.8999996 3.34 0.0 -9.167324 65.890144
4.93 7.4199996 2.83 -18.334648 0.0 58.441692
3.51 7.22 4.31 -51.5662 15.469859 53.858032
4.44 7.2 5.02 -71.04677 25.210142 69.900856
6.71 7.21 5.8799996 -57.868736 21.199438 79.06818
5.1099997 7.7999997 6.7999997 -36.669296 24.637184 67.60902
5.5499997 7.93 6.58 -10.31324 29.220846 68.75493
7.62 8.36 5.75 13.750987 29.220846 79.06818
8.679999 8.55 4.23 27.501974 37.242256 82.50592
8.15 8.62 4.63 21.199438 50.420284 77.922264
8.599999 8.74 6.69 4.583662 57.29578 73.91155
9.65 8.76 6.3999996 14.323945 57.868736 72.76564
8.849999 8.9 4.8399997 37.815212 78.49522 70.47381
8.889999 8.58 4.64 41.25296 94.53803 71.04677
9.86 8.5 5.25 35.523384 96.829865 69.32789
10.34 8.29 4.83 46.40958 100.26762 64.17127
10.24 7.48 3.97 63.598316 103.1324 56.14986
9.26 7.5299997 4.0699997 66.463104 100.84057 51.5662
9.8 8.15 3.54 63.02536 106.57015 48.701412
10.95 7.74 2.56 56.72282 118.029305 55.576904
10.21 7.35 2.74 50.420284 122.61296 50.420284
9.44 7.2999997 2.71 44.11775 119.17522 33.231552
9.87 7.12 2.1299999 50.420284 117.456345 29.220846
10.24 6.83 1.93 56.14986 116.883385 32.658592
9.7 6.69 2.71 52.139156 114.0186 29.793804
9.84 6.73 2.81 50.420284 113.44564 25.210142
9.91 6.72 2.4299998 62.4524 115.16451 26.356058
9.4 6.49 1.55 76.77634 114.0186 23.49127
9.34 6.5899997 1.02 85.94367 106.57015 19.480566
9.349999 6.6099997 -0.06 89.95437 101.41353 16.042818
9.16 6.0299997 -0.28 76.77634 93.96508 7.448451
8.16 5.69 0.04 63.598316 87.089584 4.0107045
7.69 5.79 0.37 58.441692 84.22479 5.7295775
7.97 5.74 0.47 51.5662 78.49522 12.032113
8.03 5.7 0.44 48.128452 71.61973 14.323945
7.87 5.5699997 0.19 47.555496 61.30648 8.594366
7.2999997 5.5699997 -0.04 45.263664 56.72282 3.4377468
6.79 5.5 0.48999998 37.242256 54.43099 2.8647888
6.5699997 5.44 1.16 29.793804 49.84733 2.291831
6.58 5.71 1.02 35.523384 44.11775 5.15662
6.81 6.0299997 0.42999998 41.825916 38.961132 10.31324
6.46 6.0299997 0.61 33.231552 30.939718 7.448451
5.72 6.15 1.09 22.91831 26.929016 4.0107045
5.95 6.3999996 1.54 16.615776 24.064226 8.594366
6.22 6.52 1.74 14.896902 20.053522 12.032113
5.99 6.52 2.07 16.042818 17.188732 10.886198
5.7599998 6.43 2.0 18.334648 14.896902 11.459155
5.64 6.6 1.89 21.199438 10.31324 14.323945
5.79 6.69 1.78 21.772396 7.448451 17.188732
6.17 6.54 1.5799999 22.345354 5.15662 17.761692
6.0899997 6.5899997 1.56 22.345354 1.7188734 17.761692
6.0299997 6.7599998 2.1699998 16.615776 -1.1459155 18.334648
6.15 6.87 2.8999999 7.448451 -4.0107045 20.053522
6.25 6.92 3.1999998 4.0107045 -9.167324 18.907606
6.5 7.16 3.4099998 4.0107045 -8.021409 18.907606
6.67 7.2999997 3.3799999 2.291831 -6.3025355 17.761692
6.3199997 7.27 3.31 2.8647888 -5.7295775 12.605071
6.24 7.1299996 3.1999998 2.8647888 -4.583662 8.594366
6.3199997 7.22 3.4199998 0.0 -3.4377468 8.594366
6.56 7.23 3.24 -1.1459155 -2.8647888 9.740283
6.2999997 7.17 3.1999998 -0.57295775 -1.1459155 8.594366
6.2 7.06 3.12 -2.291831 0.57295775 7.448451
6.48 7.12 3.11 -6.3025355 5.15662 10.31324
6.73 7.08 2.84 -5.15662 1.7188734 9.740283
6.72 7.0099998 2.99 -3.4377468 -0.57295775 5.7295775
6.2599998 6.81 3.46 -5.15662 -2.291831 0.57295775
6.33 6.89 3.59 -4.583662 -2.8647888 0.57295775
6.54 6.85 3.3999999 -0.57295775 -1.7188734 1.1459155
6.54 6.77 3.36 0.0 -1.7188734 0.0
6.3799996 6.7599998 3.73 -1.1459155 -3.4377468 -1.7188734
6.35 6.74 3.73 -2.291831 -5.15662 -1.7188734
6.3399997 6.72 3.6999998 -1.7188734 -1.7188734 -2.291831
6.46 6.6299996 3.54 0.57295775 0.0 -2.291831
6.3399997 6.68 3.4099998 2.8647888 0.0 -2.8647888
6.18 6.74 3.04 5.15662 -1.1459155 -3.4377468
6.3599997 6.74 2.8999999 1.7188734 -1.1459155 -2.8647888
6.2799997 6.56 3.1699998 -2.8647888 0.0 -4.0107045
6.0099998 6.5699997 3.4399998 0.0 0.0 -3.4377468
5.9 6.66 3.58 2.291831 1.1459155 -2.8647888
6.08 6.72 3.5 8.021409 1.7188734 -0.57295775
6.17 6.75 2.46 14.323945 3.4377468 0.57295775
6.1299996 6.77 2.34 10.31324 3.4377468 1.1459155
6.24 6.85 2.6599998 -8.594366 0.57295775 1.1459155
6.02 6.56 3.1999998 -14.323945 0.0 0.0
5.98 6.3199997 3.9499998 -22.345354 0.0 -0.57295775
6.16 6.54 4.14 -20.62648 0.0 0.0
6.3199997 6.6099997 3.8899999 -9.167324 -0.57295775 0.57295775
6.1299996 6.66 3.73 1.1459155 -4.0107045 -1.1459155
6.18 6.7599998 3.4499998 5.7295775 -5.7295775 -2.291831
6.2799997 6.8399997 3.35 0.0 -2.8647888 -1.7188734
6.3399997 6.7599998 3.6899998 -6.3025355 1.7188734 -1.1459155
6.14 6.6299996 3.74 -6.8754935 1.1459155 -2.291831
6.16 6.67 3.8 -2.8647888 -0.57295775 -2.291831
6.33 6.7999997 3.4499998 1.1459155 -1.1459155 -2.291831
6.48 6.7999997 3.1399999 2.8647888 0.0 -1.1459155
6.29 6.8399997 3.31 -1.1459155 0.0 -2.291831
6.3399997 6.87 3.34 -3.4377468 0.0 -2.8647888
6.3199997 6.8799996 3.24 -4.583662 0.57295775 -3.4377468
5.98 6.74 3.47 -5.7295775 1.1459155 -5.15662
5.97 6.68 3.49 -6.3025355 -0.57295775 -4.0107045
6.12 6.72 3.48 -2.291831 -1.1459155 -3.4377468
6.17 6.72 3.23 -0.57295775 -1.7188734 -3.4377468
6.0899997 6.73 3.1599998 0.57295775 -1.1459155 -4.0107045
