-1.5658557 9.785401 0.3304099 0.24391499 -5.632655 -0.62748003
-1.5921928 9.61062 0.23463893 1.3989149 -2.797655 -0.9774801
-1.4054393 9.75667 0.18675344 0.068915 -3.672655 0.9825199
-1.185166 9.838076 0.2561874 -1.7510849 -6.752655 2.59252
-1.3312168 9.818921 0.19633053 -3.396085 -7.452655 1.29752
-1.4102279 9.840469 0.3615355 -5.181085 -6.787655 -2.20248
-1.3814965 9.787795 0.44294083 -7.5960846 -6.927655 -3.8124802
-1.5443072 9.814133 0.58420306 -9.486085 -8.292655 -4.58248
-1.4413534 9.75667 0.7134939 -11.061085 -9.552655 -6.08748
-1.2138973 9.62259 0.9816527 -13.126085 -12.037655 -6.71748
-1.3360053 9.464568 1.594587 -16.731085 -15.992654 -8.2924795
-1.5921928 9.29218 2.7294734 -21.701086 -21.312656 -12.632481
-1.8603516 9.462174 3.5770466 -24.991085 -28.837656 -16.972479
-2.2147043 9.481328 3.9601305 -22.681086 -36.572655 -20.22748
-1.9968252 9.320911 4.790944 -17.011086 -34.962654 -22.88748
-1.5921928 8.985713 5.33205 -13.686086 -27.052654 -23.90248
-1.4796618 8.8324795 5.9832926 -10.291084 -22.047655 -24.74248
-2.0949905 8.576292 6.3998966 -7.1760855 -21.767656 -28.207481
-2.753416 8.217151 6.711152 -3.116085 -16.342655 -34.54248
-2.925804 7.8101244 6.5459476 0.663915 -2.237655 -37.622482
-2.6097596 7.534783 5.846819 7.138915 16.382345 -32.19748
-2.7510219 7.4964743 5.140508 15.853916 33.462345 -24.14748
-2.8731298 7.556331 4.6329217 28.663914 50.89235 -14.2074795
-2.7893302 7.3312693 3.8021083 33.388916 52.642345 -6.0174804
-2.6983478 7.3169036 3.1269228 38.533916 57.612347 4.06252
-2.2123098 7.2426815 2.2434354 42.173916 67.72734 13.37252
-1.8531687 7.556331 1.7358493 44.378914 78.122345 19.392519
-1.5227587 7.7837873 1.376708 49.243916 81.86735 23.942522
-1.0223553 7.5443597 0.6560313 60.233913 76.12735 27.16252
-0.35674694 7.412675 -1.2474172 73.07891 67.13235 28.31752
-0.22266756 7.5036573 -2.1883671 77.38392 62.512344 26.21752
-0.38068968 7.659285 -2.6456738 67.82892 74.34235 22.64752
-0.52913475 7.5491486 -2.7558103 54.633915 83.79234 17.747519
-0.15562786 7.7071705 -3.675212 46.65392 83.302345 17.607521
0.19154198 7.903501 -4.731087 39.898914 89.25235 25.062521
-0.14605077 7.8388557 -3.8547823 22.293915 103.77734 28.17752
-0.38787252 8.140534 -2.5020173 1.993915 110.567345 24.81752
0.90024734 8.097438 -3.3639562 -1.366085 109.832344 29.472519
1.3144568 8.291373 -4.865166 13.718916 113.122345 42.492523
0.94095 7.649708 -4.869955 21.733915 119.247345 43.96252
0.19393626 7.8795586 -3.1029801 18.828915 105.52735 33.35752
0.9792584 7.7526617 -3.4286015 23.868916 82.32235 29.367521
2.343995 7.336058 -5.6600657 49.243916 68.39234 41.23252
2.3870919 7.1660647 -7.1229677 74.33892 69.89735 52.327522
1.8771114 7.362395 -5.705557 75.63392 70.42235 47.84752
2.2458298 7.290567 -5.7534423 66.56892 60.27235 42.24752
3.7661943 7.2762012 -8.310528 73.67392 58.13735 49.52752
5.106988 6.986494 -8.92825 88.93392 64.50735 62.75752
4.1349125 7.1564875 -7.190007 85.99391 65.66235 59.327522
2.6073654 6.778192 -6.8260775 72.41391 61.147343 34.47752
2.6193366 6.56989 -10.678466 82.28392 55.022346 14.07252
2.545114 6.682421 -13.072741 116.44392 33.602345 15.717521
2.0231621 6.368771 -12.555577 121.69392 10.642344 22.01752
1.5658557 6.691998 -10.719169 83.01891 10.957345 24.782522
2.2841382 6.577073 -11.667301 42.243916 13.022346 30.242521
3.067066 6.732701 -13.034432 22.853916 3.502345 61.707523
3.5387383 6.632141 -12.557971 -2.836085 1.577345 66.53752
3.7614057 6.550736 -10.628186 -33.951084 -12.352655 62.96752
4.0391417 6.9218483 -9.869201 -47.601086 -26.947657 59.922527
4.1373067 7.2594414 -10.826911 -42.631084 -44.447655 58.382523
4.000833 7.240287 -11.186052 -40.91609 -61.667652 54.25252
4.5060253 7.1373334 -10.307353 -53.131084 -79.62266 50.82252
4.843618 7.4605603 -9.268238 -69.09109 -95.09265 48.162518
4.642499 7.927444 -8.786988 -80.78108 -106.32766 43.96252
4.9417834 7.9992723 -8.061523 -92.22608 -112.52266 42.35252
6.1915946 7.8173075 -6.9457912 -106.89109 -115.00765 45.85252
6.8069234 7.965752 -6.0335727 -119.106094 -118.68265 45.53752
6.589044 8.049552 -4.4725056 -128.80109 -123.93266 34.79252
6.318491 7.6880164 -2.9305923 -135.55609 -130.30266 22.22752
6.0503325 7.5467544 -2.5020173 -133.66609 -135.30766 15.227519
5.731894 7.345635 -1.8459859 -127.506096 -138.07266 10.57252
5.0375543 7.3743663 -0.679974 -123.51609 -139.01767 4.02752
4.4198313 7.24747 -0.12210801 -117.39109 -141.71266 -3.00748
3.5746522 7.26423 -0.011971374 -106.40109 -144.58266 -7.83748
3.4142358 7.1373334 0.24900457 -95.166084 -144.51265 -8.39748
3.380716 7.266624 0.38068968 -88.236084 -142.90265 -5.49248
3.3902931 7.2785954 0.6105401 -84.246086 -141.08267 -2.79748
3.1963568 7.395915 1.1468576 -83.30109 -135.41266 -1.04748
3.3926873 7.118179 1.7382435 -84.07108 -131.03766 0.52752
3.3112822 7.2091613 2.1548474 -82.916084 -132.01765 1.6825202
3.0790374 7.187613 1.9417568 -78.191086 -132.61266 0.63252
2.901861 7.0942364 2.2793496 -75.566086 -131.00266 -1.11748
3.0335462 6.857203 3.5387383 -83.19609 -122.84766 0.73752
3.2562137 7.0319853 4.757424 -94.78109 -110.212654 5.6725197
3.502824 7.14691 5.355993 -95.93609 -103.42265 8.752521
3.6967604 7.292961 5.707951 -87.04609 -102.72265 8.507521
3.215511 7.434223 5.794145 -75.07608 -97.822655 6.6175203
3.1365 7.3384523 6.2777886 -64.68108 -88.057655 3.74752
3.275368 7.513234 6.7446723 -58.31109 -76.612656 3.1525202
2.9090438 7.7167478 6.682421 -49.981087 -66.042656 5.6375203
2.4708917 7.85801 6.5028505 -38.221085 -55.997654 10.327521
2.6337023 7.84125 6.3998966 -27.301086 -45.077652 15.75252
2.762993 8.111803 6.368771 -19.391087 -40.002655 20.37252
3.3567734 8.571504 6.4142623 -10.466085 -22.467655 33.81252
3.6464806 8.901914 6.5483418 -6.371085 -5.5976553 40.53252
3.050306 9.155706 6.735095 0.768915 4.692345 36.54252
2.8827069 9.596253 6.718335 14.523915 8.262345 33.32252
3.7925313 10.115811 5.7821736 33.003914 8.997345 40.25252
3.9768906 10.561146 4.731087 45.848915 12.217344 46.202522
3.3783216 10.56354 4.8292522 46.583916 22.787346 44.732517
3.3855045 10.515655 4.9393888 43.363914 36.437344 45.957523
4.2139235 10.908316 4.2977233 47.45891 45.67735 54.04252
4.925023 11.209994 2.9569294 58.763916 54.49735 61.217518
4.853195 11.2794285 2.1740015 66.253914 66.01235 59.992523
4.743058 11.506885 1.5969813 67.37392 78.192345 52.36252
4.908263 11.832506 0.8571504 68.458916 82.53235 46.76252
5.2482505 12.014471 -0.14365649 70.69891 84.52735 42.35252
5.5523233 11.643358 -1.5490957 72.34392 86.27734 35.667522
5.2243075 11.459 -1.6089526 64.39892 82.357346 28.422522
4.7550297 11.384777 -0.7996878 47.143917 82.63735 21.70252
4.5084195 10.898739 -0.8667275 35.628914 89.497345 17.99252
4.8388295 10.41749 -1.8052832 40.563915 87.50235 16.69752
4.740664 9.871595 -3.1077688 51.09891 75.287346 14.6675205
4.0343533 9.536397 -2.770176 48.403915 66.92234 9.2075205
4.103787 9.591465 -1.759792 29.503918 70.73734 6.30252
4.328849 9.457385 -1.6520497 15.153915 79.59235 9.172521
4.4389853 9.198804 -2.7127132 21.873917 77.56235 8.99752
4.2115293 9.091062 -3.1436827 35.278915 60.447346 4.41252
3.6632404 9.143736 -2.9305923 36.468914 46.132343 -2.55248
3.3495905 9.196409 -2.4708917 27.613914 44.207344 -6.99748
3.5650752 9.191621 -2.710319 21.978916 44.032345 -6.19248
4.09421 9.196409 -3.328042 24.113914 36.437344 -2.69248
4.2187123 9.306546 -2.9329867 23.798914 25.412344 -0.34748
3.7877429 9.337671 -1.8842943 13.438914 18.937346 -1.8874801
3.6871831 9.229929 -1.0391153 1.4339151 18.377344 -5.3524804
4.245049 8.985713 -1.350371 1.468915 18.762344 -4.93248
4.450957 8.861211 -1.6281068 11.618915 12.182346 -1.6774801
4.1564612 8.8636055 -1.3120626 17.638916 6.057345 -0.87248
4.0319586 8.880365 -0.91461295 15.258914 10.082345 -2.65748
4.2977233 8.834874 -0.91700727 12.633915 15.892345 -3.00748
4.3408203 8.861211 -1.0055954 14.943916 13.687345 -2.23748
3.9601305 8.892337 -1.1181264 18.303915 7.2823453 -3.5324802
3.6225379 8.887548 -0.94573855 15.328915 7.8423448 -8.25748
3.407053 8.921068 -0.94573855 12.528914 8.192345 -6.7524805
3.6704233 8.985713 -1.2689656 12.038916 7.597345 -3.9524798
3.7877429 8.976136 -1.6041641 10.743915 4.552345 -2.76248
3.7350688 9.050359 -1.5538844 3.7089152 1.822345 -2.97248
3.493247 9.012051 -0.967287 -6.861085 2.137345 -2.9374802
3.545921 9.012051 -0.66800267 -12.951085 2.3123453 -1.9924802
3.6033835 8.954588 -0.6656084 -12.671085 -1.082655 -0.38248
4.0295644 9.055147 -0.39505535 -11.376084 -3.8826551 1.1225201
4.304906 9.172467 -0.38308397 -10.221086 -4.127655 1.15752
4.048719 9.27542 -0.5123748 -5.9160852 -6.332655 -3.07748
3.4980354 9.28021 -0.5458947 -2.1010852 -6.472655 -7.9424796
3.2202997 9.270632 -0.43096948 -1.856085 -4.0926547 -8.992479
3.4860642 9.270632 -0.26337022 -2.8010852 -3.147655 -6.0174804
3.7087317 9.265843 -0.27055305 -2.836085 -0.66265506 -2.0274801
3.737463 9.246689 -0.2466103 -0.911085 0.107345 -1.4324801
3.5507095 9.174861 -0.24421602 1.1189151 -0.837655 -2.5874798
3.6033835 9.174861 -0.31843856 3.078915 -1.0126549 -3.49748
3.7709827 9.115005 -0.48843205 4.653915 0.072345 -2.79748
3.641692 9.126976 -0.5506832 5.703915 -1.782655 -3.7774801
3.4477558 9.205987 -0.3040729 4.8289146 -3.147655 -6.43748
3.3902931 9.126976 -0.5554718 4.058915 -1.467655 -7.55748
3.2179053 9.081485 -0.7039168 5.843915 -2.237655 -7.4874806
3.2538195 9.088667 -0.69194543 5.213915 -4.932655 -6.68248
3.6129606 9.158101 -0.4956149 0.55891496 -3.602655 -3.8824801
3.5938065 9.167678 -0.37829542 -4.481085 0.632345 -1.15248
3.46691 9.081485 -0.31125572 -5.636085 1.052345 -1.64248
3.380716 9.000079 -0.35674694 -4.0960855 -1.7126551 -2.48248
3.6991546 9.057542 -0.19393626 -3.396085 -2.797655 -1.6774801
3.668029 9.124581 -0.21548474 -4.2710853 -1.0126549 -0.52248
3.5866237 9.1628895 -0.37350687 -3.571085 -0.102655 -1.22248
3.3040993 9.105427 -0.45012367 -1.646085 -0.907655 -2.97248
3.4716985 9.098245 -0.24421602 -1.436085 -1.7126551 -3.42748
3.5962007 9.138947 -0.18675344 -3.256085 0.632345 -1.3274801
3.7398572 9.160496 -0.409421 -2.9410853 2.5223448 0.17752
3.4429672 9.12937 -0.5602603 0.033915002 1.122345 -0.69748
3.3519847 9.134158 -0.45730647 1.4339151 0.107345 -2.55248
3.3615618 9.12937 -0.4644893 -0.071085 1.297345 -2.69248
3.6297207 9.158101 -0.4860378 -0.94608504 1.577345 -1.5374801
3.6273263 9.170073 -0.47167215 -0.21108499 0.492345 -1.39748
3.4477558 9.167678 -0.43575802 0.9789151 -0.34765503 -3.14748
3.3112822 9.11261 -0.45730647 1.9239151 -0.767655 -3.70748
3.2705793 9.088667 -0.31843856 2.028915 -0.067655 -2.6224802
