0.52 10.71 1.6999999 13.178029 -17.188732 -8.594366
-0.37 10.46 0.64 5.7295775 -22.91831 -10.31324
-1.3199999 10.24 1.0799999 -4.583662 -37.815212 -5.7295775
-1.1999999 9.91 2.02 -8.021409 -44.11775 0.0
-0.44 9.74 2.32 -9.167324 -37.815212 1.1459155
0.16 9.79 2.6599998 -16.042818 -16.042818 -10.31324
-0.52 9.719999 4.16 -17.188732 -8.594366 -16.042818
-1.25 9.88 4.85 -3.4377468 -5.7295775 -13.750987
-0.90999997 9.5199995 4.3199997 12.032113 -7.448451 -10.31324
-0.77 9.57 3.6799998 15.469859 -2.8647888 -10.31324
-0.59999996 9.79 3.6499999 5.7295775 9.167324 -8.021409
-0.45999998 9.61 4.22 -13.178029 26.929016 -9.167324
-0.35 9.48 5.38 -12.032113 37.815212 -8.021409
0.02 9.03 5.83 -4.583662 57.29578 -8.594366
-0.14 8.84 5.85 6.3025355 77.349304 -10.31324
-0.44 8.61 5.5299997 16.042818 80.21409 -8.021409
-0.19 8.24 4.99 22.345354 79.06818 -5.7295775
-0.35999998 7.66 3.29 18.334648 92.81916 -1.1459155
-0.42999998 7.5 3.1799998 9.740283 105.42423 5.7295775
0.39 7.18 2.9199998 9.167324 106.57015 12.605071
0.88 6.43 2.53 12.032113 97.97578 11.459155
0.22999999 6.1 2.22 13.750987 95.11099 12.605071
-0.66999996 6.74 1.38 14.896902 108.86198 21.199438
0.95 6.7599998 0.22999999 0.57295775 101.98649 38.38817
2.05 7.1 0.26 0.0 99.1217 31.51268
1.86 7.58 0.96 8.594366 95.11099 25.7831
1.15 7.85 1.4 25.210142 100.26762 28.07493
2.04 7.6099997 0.48999998 37.815212 99.1217 34.377464
2.77 7.37 -0.96999997 41.25296 98.54874 32.085636
2.48 7.0699997 -1.1899999 33.231552 100.84057 34.950428
2.75 7.33 -0.87 34.950428 109.43494 38.961132
3.49 7.0699997 -1.52 42.398876 107.716064 44.11775
3.23 6.37 -1.89 52.139156 97.402824 42.398876
2.59 5.99 -1.3399999 65.890144 93.39212 45.263664
2.55 6.2799997 -1.43 83.65183 88.80846 60.733524
3.77 6.48 -3.54 80.78705 101.98649 79.06818
4.81 6.24 -5.74 50.420284 108.289024 77.922264
4.5 7.04 -4.91 40.680004 91.67324 69.32789
3.61 8.34 -3.4299998 58.441692 66.463104 76.203384
4.77 9.24 -4.95 75.057465 50.420284 88.80846
7.04 9.58 -7.87 66.463104 41.25296 77.349304
6.72 10.32 -9.44 34.377464 37.815212 50.993244
6.1299996 10.86 -8.83 15.469859 25.210142 51.5662
6.92 10.88 -8.559999 7.448451 8.021409 52.139156
7.58 10.5199995 -8.25 8.594366 -17.188732 46.98254
7.45 10.139999 -8.17 9.740283 -29.793804 39.53409
6.85 9.79 -8.42 2.8647888 -34.377464 38.38817
6.87 9.83 -7.46 -8.594366 -53.285076 38.38817
7.58 9.61 -6.5899997 -7.448451 -69.900856 36.09634
7.56 9.15 -6.2799997 -10.31324 -77.922264 30.939718
6.92 8.889999 -5.5899997 -14.896902 -80.78705 29.220846
6.5499997 8.67 -4.62 -12.605071 -84.79775 31.51268
6.8799996 8.82 -4.99 -12.605071 -93.96508 33.80451
7.66 8.72 -5.37 -34.950428 -101.98649 22.91831
6.64 8.599999 -2.74 -38.38817 -104.27831 16.615776
6.5899997 8.57 -2.3899999 -32.658592 -107.716064 17.188732
6.43 7.97 -2.72 -30.939718 -107.716064 16.615776
5.71 7.89 -2.1 -33.231552 -107.716064 15.469859
6.02 8.49 -1.86 -29.220846 -114.59156 20.053522
6.74 8.21 -2.36 -27.501974 -128.9155 13.178029
5.75 7.8599997 -2.34 -40.107044 -116.883385 8.021409
4.89 7.71 -1.35 -45.83662 -108.289024 12.032113
5.25 8.05 -1.16 -44.69071 -110.0079 15.469859
5.79 7.79 -1.4499999 -48.701412 -111.72677 8.594366
5.1099997 7.6699996 -0.53 -49.27437 -105.997185 2.291831
4.0299997 7.95 0.08 -24.064226 -104.27831 9.740283
4.24 7.5499997 -0.39999998 -44.11775 -104.27831 9.740283
4.15 7.27 0.88 -47.555496 -97.97578 4.583662
3.4099998 7.25 1.36 -37.242256 -89.95437 3.4377468
3.49 6.92 0.29 -25.210142 -88.2355 9.167324
3.07 6.29 -0.41 -25.210142 -87.662544 8.594366
2.27 6.45 0.04 -35.523384 -87.662544 16.042818
2.6499999 6.46 0.22 -45.263664 -78.49522 24.064226
3.25 5.99 0.29999998 -57.868736 -63.598316 24.637184
3.07 5.66 1.27 -66.463104 -57.29578 22.91831
2.95 5.7799997 2.46 -60.733524 -52.139156 25.210142
2.84 5.81 2.54 -48.701412 -57.29578 29.220846
2.06 5.5499997 1.9 -45.83662 -58.441692 37.242256
2.36 5.71 2.96 -56.72282 -41.25296 56.72282
3.7099998 6.25 2.85 -57.29578 -30.366762 69.32789
4.81 6.42 3.0 -60.733524 -25.210142 68.75493
3.4499998 6.3999996 3.48 -64.17127 -21.199438 60.160564
3.59 6.8399997 4.12 -69.900856 -16.615776 68.75493
4.7599998 7.0699997 4.52 -73.33859 -10.31324 73.91155
4.37 6.66 4.45 -73.33859 -0.57295775 71.61973
4.11 6.75 5.43 -72.19268 0.57295775 79.06818
5.3399997 7.2799997 6.5099998 -68.75493 24.637184 73.33859
5.41 8.08 7.1299996 -47.555496 42.971836 71.61973
5.13 8.57 6.7999997 -21.772396 35.523384 81.93296
6.14 9.09 6.2999997 -5.7295775 29.793804 88.2355
7.7999997 9.09 4.37 -25.7831 37.242256 77.349304
5.99 8.98 6.2 -51.5662 71.04677 67.60902
7.5299997 9.79 8.17 -46.98254 89.95437 74.48451
10.309999 9.96 7.5299997 -16.615776 88.2355 72.76564
10.57 9.21 5.98 5.7295775 91.10028 56.72282
8.21 8.72 5.44 10.886198 93.96508 45.83662
7.7999997 9.01 5.42 17.761692 103.70536 55.576904
9.37 9.41 4.5099998 21.772396 105.42423 55.576904
10.21 9.29 3.1699998 16.615776 103.70536 45.263664
10.0199995 9.0 2.9299998 8.594366 108.86198 30.939718
9.82 9.11 3.73 5.7295775 118.60226 21.772396
9.73 8.91 4.39 12.032113 126.05072 18.907606
10.01 8.37 2.99 34.950428 123.18592 21.199438
10.24 7.87 1.5799999 46.40958 105.42423 19.480566
9.98 7.33 0.57 46.98254 86.516624 13.750987
9.13 6.95 0.0 34.950428 92.24621 4.583662
7.94 6.5099998 -0.01 22.345354 99.69466 2.8647888
7.77 6.23 0.049999997 16.615776 88.80846 10.31324
8.28 6.12 0.35999998 20.053522 68.18198 18.334648
8.4 6.58 0.37 28.07493 57.868736 18.907606
8.29 6.6299996 -0.04 30.939718 44.11775 16.615776
8.13 6.42 -0.28 25.210142 41.825916 10.31324
7.79 6.6 -0.06 16.042818 46.98254 5.7295775
7.2999997 6.73 0.42 9.740283 43.544792 5.15662
7.24 6.69 1.1999999 11.459155 33.80451 4.583662
6.79 6.48 2.01 20.62648 16.042818 5.15662
6.8599997 6.54 1.73 21.199438 15.469859 3.4377468
6.5899997 6.2 1.66 14.896902 15.469859 0.0
6.18 6.0 2.25 7.448451 14.896902 -2.8647888
5.6 6.2799997 2.76 6.3025355 12.032113 -1.1459155
6.0099998 6.7 2.84 9.167324 4.0107045 4.0107045
6.6299996 6.72 2.57 1.7188734 -9.167324 1.7188734
6.6099997 6.56 2.6599998 -12.032113 -5.15662 -1.1459155
6.6 6.46 3.75 -23.49127 2.291831 -5.15662
5.87 6.3999996 4.92 -21.199438 5.7295775 -6.3025355
5.52 6.3799996 5.42 -10.31324 1.1459155 -2.8647888
5.71 6.25 5.24 -1.1459155 -2.291831 -0.57295775
6.18 6.37 4.96 5.15662 -0.57295775 -2.291831
5.97 6.2999997 4.63 9.740283 0.0 -5.15662
5.5499997 6.17 4.0499997 10.886198 0.0 -5.7295775
5.66 6.22 3.9599998 5.15662 0.0 -3.4377468
5.87 6.35 3.8899999 -1.1459155 -0.57295775 -2.8647888
5.58 6.33 4.0499997 -6.8754935 -3.4377468 -4.583662
5.5499997 6.2799997 4.43 -12.605071 -4.583662 -3.4377468
5.67 6.16 4.91 -11.459155 -1.7188734 -2.291831
5.66 6.2999997 5.39 -5.7295775 0.0 -1.7188734
5.83 6.35 5.62 3.4377468 1.7188734 -1.7188734
5.79 6.2799997 5.43 12.605071 2.291831 -2.291831
5.5499997 6.0499997 5.0 17.761692 0.0 0.0
6.0499997 6.27 4.5299997 19.480566 0.0 1.1459155
6.1 6.37 3.87 14.323945 1.1459155 0.0
5.96 6.37 3.97 3.4377468 1.1459155 -2.8647888
5.54 6.2599998 4.52 -2.8647888 1.7188734 -3.4377468
5.41 6.2999997 4.7 -2.291831 0.57295775 -1.1459155
5.54 6.3199997 4.66 -2.291831 0.0 0.0
5.5699997 6.49 4.75 -7.448451 8.021409 0.0
5.74 6.56 4.87 -5.7295775 6.8754935 -1.1459155
5.73 6.35 4.8399997 -1.7188734 4.583662 -2.8647888
5.5099998 6.24 4.63 0.0 3.4377468 -2.291831
5.62 6.29 4.47 -2.291831 2.8647888 -2.291831
5.6 6.42 4.63 -5.15662 5.7295775 -1.7188734
5.7 6.3799996 4.8399997 0.0 2.8647888 -1.7188734
5.74 6.27 4.7 3.4377468 -1.1459155 -2.291831
5.68 6.31 4.56 5.15662 -0.57295775 -3.4377468
5.46 6.29 4.56 2.8647888 1.7188734 -4.0107045
5.5 6.2999997 4.5299997 1.1459155 3.4377468 -2.291831
5.64 6.2799997 4.5699997 0.0 1.7188734 -1.1459155
5.5899997 6.3599997 4.73 0.0 1.7188734 -1.7188734
5.64 6.37 4.69 1.1459155 1.1459155 -2.291831
5.5899997 6.31 4.45 0.0 1.1459155 -2.8647888
5.54 6.24 4.5899997 -2.291831 4.0107045 -2.291831
5.39 6.23 4.75 -1.7188734 2.8647888 -0.57295775
5.5499997 6.17 4.8399997 -0.57295775 1.1459155 0.0
5.62 6.29 4.83 2.8647888 0.57295775 0.0
5.47 6.43 4.79 2.8647888 0.0 0.57295775
5.5699997 6.58 4.9 0.57295775 0.57295775 0.57295775
5.71 6.56 5.15 0.0 2.8647888 -1.1459155
5.4 6.41 5.1099997 3.4377468 4.583662 -3.4377468
5.5 6.31 4.71 7.448451 1.7188734 -2.291831
5.45 6.3199997 4.37 5.7295775 0.57295775 -1.7188734
5.4 6.44 4.38 0.57295775 1.1459155 -1.7188734
5.5899997 6.45 4.58 -1.1459155 2.8647888 -1.7188734
5.54 6.3399997 4.72 0.0 0.57295775 -2.291831
5.33 6.35 4.69 1.1459155 0.0 -1.1459155
