-0.79999995 10.03 -0.98999995 14.323945 -2.291831 -1.7188734
-1.36 10.429999 -0.66999996 13.750987 -25.210142 -10.886198
-0.96 9.99 -0.59 0.0 -34.950428 -6.3025355
-1.35 10.34 0.83 -12.032113 -0.57295775 -0.57295775
-0.89 10.469999 1.1899999 -7.448451 9.740283 1.1459155
-0.61 11.0 1.8299999 -5.7295775 5.7295775 0.0
-0.21 11.19 2.21 -2.8647888 2.8647888 -1.7188734
-0.19 10.79 0.95 8.594366 1.1459155 -4.583662
-1.12 10.73 0.85999995 14.896902 12.605071 -10.886198
-1.51 10.66 2.1699998 4.583662 17.188732 -15.469859
-1.14 10.29 2.28 0.57295775 2.291831 -14.896902
-1.5699999 10.33 1.64 10.31324 -6.8754935 -16.615776
-1.73 10.01 2.01 13.178029 1.7188734 -13.178029
-1.76 10.07 2.8899999 3.4377468 9.740283 -9.167324
-1.5699999 10.0 2.44 -0.57295775 17.761692 -6.8754935
-1.41 9.86 2.52 -3.4377468 27.501974 -5.7295775
-1.56 9.559999 3.02 -5.15662 28.64789 -8.021409
-2.1499999 9.33 3.52 -6.3025355 26.356058 -13.750987
-1.09 9.12 2.8999999 4.583662 29.220846 -10.31324
-1.02 9.05 2.45 8.021409 37.242256 -13.178029
-2.02 8.83 2.71 0.0 60.160564 -13.178029
-1.81 8.55 2.8999999 -0.57295775 61.30648 -8.594366
-1.56 8.55 2.69 4.0107045 63.598316 -6.3025355
-1.1 8.66 2.2 4.0107045 65.890144 -6.3025355
-1.16 8.57 2.02 0.57295775 70.47381 -6.3025355
-1.3399999 8.5199995 2.31 -1.1459155 75.630424 -6.3025355
-0.91999996 8.599999 1.6999999 -1.1459155 83.07887 0.0
-0.41 8.71 1.01 1.1459155 89.95437 5.7295775
-0.26 8.78 1.67 -6.3025355 94.53803 5.15662
-0.21 8.66 1.5999999 -9.740283 92.24621 1.7188734
-0.11 8.46 0.81 -5.7295775 98.54874 5.15662
-0.17999999 8.28 0.68 -9.740283 110.0079 13.178029
-0.02 8.0199995 1.76 -16.042818 112.29972 18.907606
0.41 7.8599997 2.33 -8.021409 105.997185 22.91831
0.83 8.62 0.64 11.459155 102.55944 24.637184
1.29 8.929999 -0.57 17.188732 109.43494 26.929016
1.37 8.78 -0.099999994 5.7295775 110.0079 29.220846
1.17 8.929999 0.16 2.291831 106.57015 28.07493
1.7099999 9.059999 -0.48999998 5.7295775 109.43494 32.085636
1.99 8.75 -0.79999995 8.021409 111.15381 33.80451
2.01 9.19 -0.88 8.594366 116.883385 32.085636
2.72 9.37 -1.86 12.032113 116.883385 31.51268
2.81 8.88 -3.1999998 12.032113 112.29972 27.501974
1.36 8.26 -2.21 -5.15662 113.44564 21.772396
0.78999996 8.29 -0.94 -24.064226 116.31043 26.356058
2.83 8.599999 -1.92 -16.615776 111.15381 41.25296
3.76 8.54 -3.3799999 -4.583662 105.997185 43.544792
2.8999999 8.5 -2.53 -12.605071 105.42423 35.523384
1.86 8.48 -0.97999996 -22.91831 100.26762 30.366762
3.23 9.03 -0.76 -15.469859 99.69466 36.669296
4.0699997 8.98 -3.61 13.178029 94.53803 44.69071
3.6999998 9.94 -4.7999997 30.366762 100.84057 36.669296
3.99 10.38 -6.67 34.377464 95.11099 35.523384
4.04 10.349999 -7.1299996 9.167324 94.53803 30.939718
3.4399998 10.2699995 -6.24 -13.750987 93.96508 27.501974
3.1299999 9.719999 -2.07 -57.868736 88.2355 22.345354
4.0499997 9.28 -2.59 -63.02536 68.75493 28.07493
3.3899999 9.429999 -2.18 -41.825916 59.58761 24.064226
2.1599998 9.99 -1.24 -30.939718 61.879436 20.053522
2.83 10.16 -1.89 -7.448451 41.25296 31.51268
4.7 10.23 -4.7599998 16.615776 22.91831 35.523384
2.61 10.86 -3.62 4.0107045 27.501974 29.220846
2.28 10.92 -2.5 -25.210142 12.032113 24.637184
4.37 10.94 -1.9599999 -25.210142 -7.448451 37.242256
5.24 10.86 -3.81 -8.021409 -8.021409 40.107044
4.3199997 11.05 -3.21 -17.188732 -9.167324 22.345354
3.51 11.08 -1.4 -28.07493 -26.356058 17.761692
5.92 10.98 -2.56 -10.886198 -39.53409 23.49127
5.77 10.83 -3.53 5.7295775 -44.11775 19.480566
4.24 11.17 -3.1899998 -6.3025355 -38.961132 8.594366
4.36 10.92 -2.59 -21.199438 -57.868736 12.032113
5.1 10.84 -2.52 -23.49127 -64.74423 13.750987
5.38 10.71 -2.1699998 -30.939718 -69.32789 9.740283
5.18 10.41 -1.35 -37.815212 -77.349304 4.0107045
4.5499997 10.429999 -0.78999996 -37.815212 -80.78705 1.7188734
5.0099998 10.7 -0.58 -30.939718 -89.38142 0.57295775
5.3599997 10.74 -1.01 -22.91831 -99.69466 0.0
4.87 10.71 -0.96999997 -21.772396 -101.98649 -4.0107045
4.99 10.58 -0.17 -31.51268 -103.70536 -4.583662
5.96 10.57 0.04 -33.231552 -111.72677 -2.8647888
5.29 10.59 0.17999999 -30.366762 -112.87268 -11.459155
5.02 10.16 0.75 -33.80451 -112.29972 -15.469859
4.94 10.03 1.4499999 -36.09634 -117.456345 -15.469859
5.12 10.03 1.66 -30.939718 -116.883385 -14.896902
5.21 9.99 1.3299999 -20.62648 -116.883385 -15.469859
5.27 10.07 0.74 -13.178029 -113.44564 -19.480566
4.7 9.92 0.11 -13.750987 -107.716064 -21.199438
4.39 9.66 0.48 -22.345354 -104.85127 -20.62648
4.8399997 9.55 0.88 -22.91831 -110.58085 -18.334648
4.6 9.33 0.28 -12.605071 -114.0186 -20.053522
4.45 9.04 0.57 -9.740283 -112.87268 -20.62648
4.08 9.01 1.5 -11.459155 -116.31043 -19.480566
4.2 8.99 1.3399999 -9.740283 -117.456345 -17.188732
3.85 8.809999 1.3299999 -1.7188734 -116.883385 -12.032113
3.6599998 8.82 1.66 1.1459155 -117.456345 -8.594366
3.97 9.179999 1.4699999 4.0107045 -119.74818 -4.0107045
4.45 9.2 1.0699999 6.3025355 -115.16451 -1.1459155
3.47 8.74 1.77 0.57295775 -110.58085 -4.583662
2.97 8.559999 1.9799999 -2.291831 -106.57015 -5.15662
3.27 8.71 1.24 6.8754935 -107.143105 0.0
3.6399999 8.45 1.17 5.15662 -101.98649 1.7188734
2.87 7.5 1.5699999 -9.740283 -91.67324 -0.57295775
2.1399999 6.8599997 1.68 -8.021409 -86.516624 -1.7188734
2.19 6.64 1.48 0.57295775 -83.65183 4.583662
2.52 6.6299996 0.24 8.594366 -78.49522 9.740283
2.46 6.62 -0.19999999 9.167324 -77.922264 12.032113
2.08 6.75 0.58 -5.15662 -77.349304 12.032113
2.26 6.75 1.8299999 -22.91831 -80.78705 14.896902
2.54 6.93 3.1 -26.356058 -77.349304 17.188732
2.27 7.43 2.61 -13.178029 -65.317184 13.750987
2.27 7.43 2.61 -6.8754935 -61.30648 12.032113
2.27 7.7 2.8899999 -9.167324 -53.285076 14.896902
2.09 8.19 4.45 -21.772396 -52.712116 14.323945
3.23 7.81 3.6399999 -0.57295775 -45.263664 8.594366
0.51 9.54 3.75 8.021409 -24.064226 -24.064226
1.51 9.54 2.86 17.761692 -32.658592 -3.4377468
2.78 9.41 2.1299999 21.199438 -32.085636 18.334648
2.08 9.059999 2.4299998 5.15662 -24.064226 5.7295775
1.4699999 9.57 3.48 -4.583662 -21.199438 -4.0107045
2.51 9.92 3.4199998 -0.57295775 -13.178029 8.594366
3.1 9.99 2.55 5.15662 -0.57295775 16.615776
2.56 9.87 2.07 4.0107045 3.4377468 14.323945
2.19 9.8 2.22 -4.0107045 16.042818 5.7295775
2.73 10.57 2.12 -16.042818 20.62648 2.291831
3.4199998 10.219999 1.5899999 -20.62648 18.907606 14.323945
2.57 10.0 3.1699998 -36.669296 25.7831 14.896902
2.57 10.33 4.29 -49.84733 34.950428 6.3025355
3.53 10.37 3.46 -38.38817 44.69071 10.886198
3.35 10.48 2.76 -23.49127 55.576904 25.210142
3.1699998 10.349999 3.04 -25.210142 68.75493 33.80451
4.0099998 11.07 2.8999999 -20.053522 77.922264 35.523384
5.2599998 10.96 1.8199999 -6.3025355 79.641136 36.09634
4.74 10.599999 1.5799999 -12.032113 83.07887 31.51268
3.47 10.48 3.1499999 -30.366762 83.07887 25.7831
4.2999997 10.78 3.48 -26.929016 83.07887 34.377464
6.02 11.41 2.02 -0.57295775 93.96508 40.680004
5.8799996 10.78 0.55 10.31324 96.829865 21.772396
4.64 10.34 1.37 -6.3025355 87.662544 12.605071
4.64 10.34 1.37 -6.3025355 87.662544 12.605071
5.41 10.57 2.5 -13.750987 91.10028 29.220846
6.5 10.74 1.5699999 8.021409 89.38142 30.939718
6.43 10.55 0.29999998 20.62648 83.65183 21.199438
5.5699997 10.16 0.59 15.469859 83.65183 16.615776
5.49 10.099999 0.94 3.4377468 81.36001 15.469859
5.74 10.15 0.58 1.7188734 80.78705 16.615776
5.8399997 10.059999 0.25 5.7295775 71.61973 16.042818
5.42 9.71 0.65 1.7188734 61.879436 11.459155
5.46 9.78 1.01 -0.57295775 55.576904 10.31324
5.3399997 9.82 -0.06 6.8754935 49.27437 8.594366
5.27 9.69 -0.37 12.605071 48.701412 6.3025355
5.31 9.57 -0.17 2.8647888 45.83662 14.323945
5.0 9.469999 -0.21 -5.15662 33.231552 13.750987
4.92 9.54 -0.95 -13.178029 26.356058 20.053522
5.72 9.26 -1.04 -28.64789 24.064226 30.939718
6.37 9.22 0.89 -37.815212 23.49127 25.210142
5.62 8.96 1.5 -18.907606 36.09634 6.3025355
5.13 8.45 1.4 -4.583662 38.961132 1.1459155
4.85 8.809999 0.65 34.950428 60.160564 1.7188734
4.91 8.95 -0.25 44.11775 62.4524 3.4377468
4.75 9.24 -1.36 51.5662 56.14986 2.291831
4.66 9.28 -1.4699999 41.825916 44.69071 -1.1459155
4.5499997 9.11 -0.66999996 20.62648 36.669296 -0.57295775
4.5099998 8.67 0.45 1.1459155 33.80451 0.57295775
4.31 8.57 0.76 -1.1459155 30.366762 2.8647888
4.46 8.58 0.48 6.3025355 30.366762 2.8647888
4.45 8.66 0.65999997 8.594366 24.064226 1.1459155
4.33 8.62 0.93 5.7295775 23.49127 0.0
4.29 8.679999 0.96 5.7295775 28.64789 1.7188734
4.58 8.51 1.15 5.15662 29.220846 2.291831
4.15 8.389999 1.62 3.4377468 25.210142 -1.1459155
3.8 8.59 1.41 4.583662 24.064226 0.0
3.99 8.71 1.01 8.594366 22.91831 2.291831
3.62 8.75 0.35999998 11.459155 13.750987 -0.57295775
3.46 8.9 1.03 5.15662 9.740283 0.57295775
4.02 8.96 1.48 -0.57295775 6.3025355 4.583662
3.8799999 8.74 1.9799999 -8.021409 7.448451 5.7295775
3.46 8.599999 2.24 -2.291831 8.021409 1.1459155
3.6299999 8.75 1.76 12.032113 6.3025355 0.0
3.73 9.059999 1.43 22.345354 7.448451 0.0
3.6999998 8.91 1.02 21.772396 7.448451 0.0
3.33 8.97 1.15 13.178029 4.583662 0.0
3.79 8.849999 1.26 2.8647888 0.0 1.7188734
3.76 8.88 2.02 -5.15662 -2.8647888 1.7188734
3.72 8.62 2.44 -4.583662 -5.15662 1.1459155
3.75 8.78 2.49 5.15662 -6.8754935 1.1459155
3.6999998 8.91 1.87 13.178029 -1.1459155 3.4377468
3.6599998 9.139999 1.67 11.459155 0.0 4.0107045
3.82 9.099999 2.03 1.1459155 -4.0107045 4.583662
3.6999998 9.09 2.23 -2.8647888 -6.8754935 1.7188734
3.77 9.07 2.22 -2.8647888 -6.8754935 1.7188734
3.6899998 8.96 2.1699998 -1.7188734 -1.1459155 -0.57295775
3.6699998 8.87 2.32 0.0 0.57295775 -1.1459155
3.6399999 8.88 2.05 0.0 1.1459155 -0.57295775
3.58 8.99 1.4499999 4.583662 1.1459155 0.0
3.5 8.92 1.61 1.1459155 -1.1459155 -0.57295775
3.49 8.95 1.9399999 -5.15662 -3.4377468 0.0
3.73 8.96 2.53 -8.021409 -5.15662 1.1459155
3.75 8.96 2.3999999 -4.0107045 -1.7188734 0.0
3.73 9.0 2.11 0.57295775 -1.7188734 -1.1459155
3.83 9.059999 2.02 0.0 -4.0107045 -1.1459155
3.78 9.11 2.27 -2.8647888 -1.1459155 -1.1459155
3.81 9.08 2.1299999 -2.8647888 0.57295775 -0.57295775
3.75 8.98 2.21 -2.8647888 1.7188734 -2.8647888
3.6499999 8.889999 2.24 -2.8647888 0.57295775 -2.8647888
3.58 8.889999 1.91 0.57295775 -1.7188734 -4.583662
3.6499999 8.84 1.91 0.0 -2.291831 -4.583662
3.56 8.78 2.12 -2.291831 -1.1459155 -4.0107045
3.6 8.69 2.1299999 -2.8647888 -1.1459155 -2.8647888
3.56 8.63 2.11 -1.1459155 -3.4377468 -2.291831
3.6899998 8.7 2.37 0.0 -3.4377468 0.0
3.76 8.809999 2.57 2.291831 -3.4377468 1.7188734
3.6699998 9.05 2.11 10.31324 -6.8754935 0.57295775
3.56 9.139999 1.88 12.032113 -13.750987 -1.1459155
3.6499999 9.15 1.88 8.021409 -14.896902 -0.57295775
3.6299999 9.13 1.9599999 2.291831 -8.594366 0.57295775
3.61 9.15 2.31 -3.4377468 -2.291831 1.7188734
3.6799998 9.13 2.27 -1.1459155 0.0 0.57295775
3.6799998 9.07 1.9 5.15662 -2.291831 -2.8647888
3.6399999 8.96 1.79 4.583662 -4.0107045 -4.583662
3.6399999 8.95 2.26 -0.57295775 -3.4377468 -2.8647888
3.82 8.92 2.27 -2.8647888 0.0 -0.57295775
3.75 8.94 1.99 0.0 1.7188734 -1.7188734
3.6599998 8.809999 2.19 -1.1459155 -0.57295775 -2.8647888
3.6499999 8.849999 2.23 -0.57295775 0.0 -2.291831
3.6599998 8.8 2.04 0.0 0.57295775 -1.7188734
3.6299999 8.75 1.9 0.0 1.7188734 -1.7188734
3.6799998 8.73 2.34 -3.4377468 0.0 -1.1459155
3.6699998 8.78 2.54 -3.4377468 0.0 0.0
3.6 8.889999 1.9699999 1.1459155 2.291831 0.0
3.6 8.96 1.5799999 4.583662 0.57295775 -0.57295775
3.6299999 8.889999 1.9 0.57295775 0.0 0.0
3.55 8.99 2.1599998 -2.8647888 0.57295775 0.57295775
3.73 9.01 1.9399999 -1.1459155 1.7188734 1.1459155
3.73 8.98 1.9399999 0.0 4.0107045 0.0
