-1.8052832 9.581888 -0.5961744 9.8341255 -0.90832007 4.811135
-1.8819 9.593859 -0.6703969 10.324124 -0.76831996 4.636135
-1.802889 9.694419 -0.68715686 8.434125 -2.90332 3.6911354
-1.690358 9.7135725 -0.76137936 5.354125 -5.10832 3.131135
-1.7885233 9.701602 -0.36632404 0.10412501 -7.4883204 2.3961349
-1.620924 9.763853 -0.035914123 -8.120874 -7.31332 0.296135
-1.4700848 9.72315 0.17238778 -15.855874 -7.83832 -1.908865
-1.9058428 9.423865 0.9577099 -24.955875 -11.89832 -6.1088653
-2.5403256 8.988108 2.2745612 -40.565876 -11.58332 -14.683866
-3.4262073 9.091062 3.2298768 -56.175873 -5.14332 -21.648865
-2.5642684 8.691217 3.7709827 -61.950874 7.1766806 -21.333866
-1.6496553 8.5331955 4.922629 -61.075874 -7.52332 -13.528866
-2.7342618 8.166871 6.675238 -59.500877 -31.88332 -21.228865
-4.3623686 7.6305537 7.553937 -44.030876 -37.02832 -28.753864
-4.7119327 7.7742105 7.616188 -22.190874 -16.93832 -16.223864
-2.6121538 7.515629 6.986494 -2.2758749 8.08668 9.396135
-1.8531687 7.8316727 5.9114647 14.279125 25.34168 26.791138
-1.4269878 8.013638 5.5092263 24.674126 33.111683 34.421135
-0.39505535 7.9561753 4.7957325 29.644125 37.521683 43.346134
-0.43336374 8.178843 4.0535073 34.36912 61.111683 48.036137
0.81165916 8.825297 2.710319 39.409122 89.741684 52.79613
2.8108785 8.231517 1.4221992 47.844128 95.30669 58.641136
2.3463893 8.260248 0.6464542 54.074127 87.78168 46.77614
0.9601042 8.41827 0.44054657 58.904125 70.59668 22.276134
0.9792584 8.253065 -0.5770202 64.994125 66.15168 10.796135
0.7206767 8.5882635 -1.376708 70.34912 69.37168 12.826136
0.6943397 8.387145 -1.6855695 71.67912 66.81668 15.521133
1.2713599 8.3129225 -2.9114382 70.24413 65.731674 22.241135
1.8507744 8.303345 -3.4333901 68.14413 65.03168 32.916138
1.960911 7.987301 -3.222694 61.14412 72.69668 41.246136
2.473286 7.8388557 -3.0694604 54.704124 88.79668 42.856136
3.3831103 7.685622 -4.1181526 58.414127 102.30668 43.591133
3.1867797 7.5587254 -5.0207944 70.55913 104.23168 41.631138
2.4445546 6.8955116 -5.2697988 77.384125 103.146675 31.69114
1.9656997 6.93382 -5.4350038 78.399124 102.62168 23.501135
3.3112822 6.711152 -7.0702934 81.65413 103.63668 23.921135
3.7829542 6.7566433 -9.244295 90.22912 97.82668 31.446136
2.3823035 6.9673395 -8.241094 89.80913 94.04668 34.001137
1.7813405 6.768615 -7.7478733 70.90913 104.02168 26.896135
2.5044115 7.022408 -8.990502 64.78413 104.616684 22.451134
4.168432 6.7734036 -10.874796 78.53913 83.65168 29.381134
3.9242165 6.732701 -12.802187 90.509125 65.13668 35.996136
3.2969165 7.142122 -12.028836 83.99912 64.22668 31.831133
3.45015 7.1828246 -11.2914 63.03413 52.25668 21.471134
3.9409764 7.0128307 -12.162916 52.98913 15.681681 14.576136
4.486871 7.223527 -13.463007 31.779125 -16.27332 23.606136
4.3001175 7.415069 -13.563567 -6.3708754 4.41168 27.316135
3.9768906 7.4222517 -10.865219 -50.470875 1.33168 19.371136
4.1181526 7.616188 -8.176449 -77.14088 -32.72332 8.451136
4.3240604 7.8268843 -9.000079 -74.48088 -65.133316 6.106135
4.5012364 8.310528 -9.088667 -80.115875 -68.73832 10.271135
4.6712303 8.274613 -7.3001437 -106.68088 -58.23832 9.5711355
3.5483153 8.171659 -5.276982 -125.79087 -61.94832 -7.4038644
2.588211 8.176449 -5.1716337 -119.80588 -91.17332 -27.738865
3.1939626 8.214757 -6.533976 -102.795876 -126.38332 -29.768864
3.703943 7.5419655 -5.707951 -110.56587 -138.63332 -21.158865
3.284945 7.0128307 -2.7151077 -144.02588 -138.03831 -22.103865
2.2242813 6.65369 0.29689008 -167.86089 -137.65332 -33.723866
1.7119064 7.362395 0.61293435 -163.03088 -145.70332 -38.728867
2.604971 7.285778 0.44533512 -137.69087 -158.79332 -28.823866
3.1484714 6.91706 1.23784 -120.99587 -173.73833 -23.328865
2.954535 7.075082 1.664021 -112.66588 -183.1533 -32.25387
1.9848539 6.919454 1.8220432 -102.795876 -184.06332 -43.59387
1.5538844 6.488485 2.80609 -96.91588 -183.36333 -43.068863
2.169213 6.490879 3.962525 -99.575874 -181.89334 -34.773865
2.667222 7.108602 4.4270144 -97.16087 -180.66832 -28.753864
2.1141446 7.2211328 5.1692395 -82.145874 -174.15833 -29.173866
2.3894863 6.6776323 5.873156 -70.80587 -171.21832 -37.083862
4.008016 7.103813 6.2873654 -66.43088 -168.52332 -47.233868
2.4613144 7.240287 7.7933645 -62.82588 -160.15833 -55.738865
0.8092649 6.952974 9.830893 -61.67088 -145.24834 -60.463867
-0.24182175 6.4573593 11.363228 -60.20088 -125.85832 -54.163864
1.2593886 6.6872096 10.905922 -43.575874 -117.38831 -40.93387
2.116539 7.0726876 10.676071 -13.195875 -108.74332 -15.838865
0.9385557 7.273807 11.449422 8.714126 -92.36332 4.706135
0.2849187 7.721536 10.553964 16.799126 -65.48332 8.241136
1.2593886 8.341654 8.46855 33.249126 -27.508318 16.221136
1.9393626 9.27542 7.283384 56.804127 1.82168 36.381134
2.1979442 9.696813 7.075082 65.65912 15.226681 50.206135
2.1309047 9.998491 6.7997403 58.309128 24.92168 51.361134
2.5020173 10.345661 6.0431495 51.414127 39.27168 50.031136
2.221887 10.79818 5.011217 50.679123 58.276676 53.74114
2.3775148 10.683254 3.8523881 55.159126 89.04169 52.411137
2.073442 10.872402 2.7773588 50.574127 93.976685 54.336136
2.657645 10.917893 1.8268317 40.844124 111.09168 56.541138
3.1963568 11.12859 1.0558752 33.984127 115.99168 57.031136
3.318465 11.293795 0.8571504 27.754126 107.34668 53.111134
2.918621 10.958596 0.45012367 21.419125 103.811676 45.586136
2.8180614 10.968173 -0.5889916 21.909126 97.96668 36.766136
2.9832664 11.150138 -0.9816527 20.649126 87.466675 34.736137
2.4493432 11.018453 -0.39266106 8.854124 77.91168 31.026138
2.6624336 11.004087 -0.42139238 -1.260875 71.61168 27.631134
3.3088877 11.209994 -0.6464542 -1.6458751 70.10668 29.906134
3.46691 11.049579 -0.32083282 0.174125 68.11168 28.261133
2.9952378 10.810151 -0.105348095 1.854125 64.71668 21.156136
2.7893302 10.89395 -0.7685622 9.204124 60.58668 16.151134
2.9473522 10.925076 -1.6592325 19.424126 59.046677 16.081135
2.944958 10.937047 -1.6951466 22.574125 58.276676 16.606134
2.6600394 10.92747 -1.8172545 19.739126 55.93168 14.401136
2.2506182 11.004087 -2.013585 19.109125 48.19668 9.886135
2.1668186 10.8700075 -2.0423164 18.269125 43.01668 6.911135
2.1309047 10.700014 -1.8914771 16.449125 38.116684 6.5611353
2.083019 10.640158 -1.4964218 14.664125 28.66668 4.951135
1.8172545 10.551569 -1.1444633 12.354125 20.966679 3.166135
1.7909175 10.338479 -0.8667275 11.059125 16.55668 2.746135
1.8483802 10.185245 -0.9241901 13.019125 12.95168 3.621135
2.1045675 10.063137 -1.2593886 16.554125 6.5116806 4.496135
2.5618742 10.010463 -0.99362403 13.859125 -1.6783199 5.056135
2.3535721 9.895537 0.083799616 3.3591251 -5.31832 3.586135
2.2745612 9.871595 0.37590113 -6.8258753 -1.04832 -1.2788651
2.343995 9.792584 0.6608198 -9.135875 1.08668 -3.2388651
2.308081 9.644139 0.7733508 -6.755875 -3.14832 -2.608865
2.6241252 9.555551 0.97446984 -5.460875 -1.85332 -1.208865
2.4086404 9.481328 1.1013664 -5.075875 2.17168 0.36613497
2.2458298 9.411894 0.9529214 -1.9258752 1.05168 -2.118865
2.1093562 9.378374 0.818842 3.499125 0.80667996 -4.463865
2.004008 9.304152 0.6751855 7.3491254 2.48668 -4.883865
1.8172545 9.411894 0.5961744 8.889125 2.06668 -4.743865
2.047105 9.39274 0.34716985 8.0841255 0.38668 -1.173865
2.2697725 9.517242 0.25858167 6.684125 -0.59332 0.051135
1.9537282 9.534002 0.42139238 4.584125 -1.88832 -1.383865
1.9178141 9.502876 0.54350036 1.609125 -3.18332 -1.6988649
2.19555 9.483723 0.67757976 -1.190875 -2.20332 0.751135
2.152453 9.545974 0.7039168 -1.225875 -3.2883198 0.78613496
1.9800652 9.672871 0.6895511 0.244125 -5.66832 -1.4188651
2.0949905 9.646533 0.85954463 -0.38587502 -4.89832 -1.2788651
2.056682 9.545974 1.0319325 -1.820875 -0.62832004 -0.26386502
2.0686533 9.5244255 0.7398309 0.699125 1.9266801 -0.26386502
1.8914771 9.586677 0.4285752 4.2341247 1.01668 -0.438865
1.9968252 9.522031 0.8044763 2.589125 1.6466801 -0.403865
2.0494993 9.541185 0.9313729 -0.140875 3.2916799 0.891135
2.1237218 9.531608 0.65363705 3.0791252 3.11668 1.241135
2.169213 9.512454 0.29210153 7.524125 0.91168 0.751135
2.047105 9.469357 0.409421 8.014125 -1.9583198 -0.018864999
1.8555629 9.404712 0.51716334 4.8991246 -1.18832 -0.33386502
2.4373717 9.536397 0.47885495 2.134125 1.05168 1.486135
2.8084843 9.593859 0.2777359 2.414125 1.08668 3.726135
2.3631492 9.557945 0.34956414 5.284125 -2.3433201 0.821135
1.611347 9.423865 0.25379312 6.894125 -4.89832 -5.268865
1.5754328 9.3592205 0.11971374 6.9291253 -3.0783203 -5.4088655
2.2362528 9.507666 0.35914123 4.164125 -0.73332 0.261135
2.2745612 9.591465 0.39266106 0.52412504 -0.52332 3.936135
1.8699286 9.60583 0.25139886 0.314125 -0.80332 1.9061351
1.960911 9.6585045 0.20111908 1.469125 -2.27332 -0.123865
2.3320236 9.70639 0.36871833 0.489125 -4.47832 1.066135
2.3583608 9.6585045 0.6608198 -3.115875 -5.14332 1.9061351
2.1404817 9.617802 0.83081335 -6.755875 -1.32832 0.36613497
2.0255566 9.58907 0.8284191 -6.9308753 1.01668 -0.998865
2.1596358 9.538791 0.6895511 -3.9558752 -0.20832 -1.173865
2.1835787 9.526819 0.7350424 -0.91087496 -0.59332 -0.403865
1.759792 9.500483 0.6273 0.279125 0.49168003 -0.438865
1.6831752 9.450203 0.5698374 1.784125 1.1916801 -0.71886504
2.221887 9.495694 0.52913475 2.764125 1.12168 0.71613497
2.3224466 9.541185 0.36392978 2.694125 1.54168 3.6911354
1.9154198 9.500483 0.44054657 3.2891252 2.31168 3.6911354
1.9226027 9.519637 0.50998056 2.624125 3.57168 1.136135
2.308081 9.629773 0.31843856 2.2741249 3.67668 1.521135
2.3751206 9.584282 0.098165266 2.904125 2.17168 3.761135
2.343995 9.526819 0.2466103 3.2541249 1.4716799 3.446135
