-1.28 9.96 3.1399999 23.49127 -6.8754935 -13.178029
-1.04 9.87 3.74 12.032113 -13.750987 -2.8647888
-0.24 9.74 3.47 11.459155 -11.459155 -1.1459155
-0.03 9.809999 3.82 8.594366 0.0 -2.8647888
-0.21 9.76 4.31 1.7188734 3.4377468 -6.8754935
-0.39999998 9.86 4.3199997 1.1459155 12.032113 -12.605071
-0.63 9.69 4.06 2.8647888 20.053522 -14.896902
-0.84999996 9.65 4.5699997 -1.7188734 29.793804 -17.188732
-0.66999996 9.5199995 4.62 -6.8754935 30.939718 -12.605071
-0.41 9.3 3.8999999 0.0 34.377464 -12.605071
-0.72999996 9.099999 3.86 1.1459155 42.971836 -14.323945
-1.04 8.95 4.6 -6.8754935 50.993244 -11.459155
-1.11 8.86 4.58 -8.594366 49.84733 -7.448451
-0.62 9.11 3.48 4.0107045 56.72282 -2.8647888
-0.22 9.139999 3.12 1.1459155 74.48451 5.15662
-0.42 8.99 3.6399999 -3.4377468 73.33859 5.15662
-0.32 8.84 3.75 -6.8754935 74.48451 3.4377468
-0.22999999 8.66 3.54 -5.15662 77.922264 4.583662
-0.14999999 8.57 3.74 0.0 84.22479 7.448451
-0.12 8.51 3.36 4.0107045 87.089584 10.31324
0.21 8.59 2.6 12.032113 91.67324 14.323945
0.39999998 8.71 1.65 13.178029 96.256905 16.042818
0.16 8.86 1.55 5.7295775 101.41353 14.896902
0.32 8.92 1.5899999 -8.594366 104.85127 17.761692
0.26 8.69 2.02 -17.761692 110.58085 20.62648
0.25 8.53 2.8999999 -23.49127 109.43494 20.053522
0.08 8.57 3.1999998 -20.62648 102.55944 21.772396
0.63 8.84 1.76 -4.0107045 101.98649 26.929016
1.16 8.69 1.22 0.0 108.289024 36.09634
1.0699999 8.599999 1.42 -6.8754935 106.57015 35.523384
0.82 8.79 1.8399999 -10.886198 100.84057 34.377464
1.24 8.63 1.4599999 -4.0107045 103.1324 36.669296
1.3299999 8.4 1.09 -9.167324 104.27831 36.669296
0.90999997 7.8799996 1.91 -21.199438 105.997185 39.53409
0.39999998 8.46 2.78 -18.907606 103.1324 46.40958
2.05 8.54 1.4499999 1.1459155 96.829865 53.858032
2.4199998 8.61 0.29 6.3025355 94.53803 51.5662
1.54 8.7699995 0.71 -23.49127 100.26762 42.971836
1.1999999 8.46 2.6699998 -39.53409 100.84057 53.285076
1.5799999 8.71 2.51 -34.950428 98.54874 57.868736
2.76 9.03 1.18 -11.459155 93.39212 63.598316
2.45 9.19 0.22999999 -5.7295775 94.53803 60.733524
1.7199999 9.3 1.13 -18.907606 91.10028 59.58761
2.55 9.55 1.76 -10.31324 77.922264 68.18198
3.79 9.73 0.0 16.042818 77.922264 71.04677
4.44 9.34 -1.09 21.772396 76.77634 66.463104
3.08 9.42 -0.099999994 5.7295775 74.48451 57.868736
3.4299998 9.83 -0.11 0.0 76.203384 60.160564
4.8599997 9.19 -1.8299999 13.750987 75.630424 72.76564
4.36 8.95 -2.3799999 16.615776 72.19268 65.890144
3.03 9.15 -1.41 6.3025355 67.60902 52.139156
3.6699998 9.48 -0.81 -6.3025355 58.441692 52.712116
5.0099998 9.32 -2.04 0.0 40.107044 59.58761
5.08 9.36 -2.61 13.750987 32.658592 55.00395
3.99 9.62 -2.46 8.594366 26.356058 45.263664
4.1 10.309999 -1.8 -4.583662 18.334648 45.263664
5.74 10.0 -2.1 -7.448451 6.8754935 53.285076
6.1 9.78 -2.1599998 -5.15662 -7.448451 47.555496
4.7 10.08 -1.89 -6.8754935 -14.323945 34.377464
4.62 10.349999 -1.38 -11.459155 -14.896902 32.658592
5.69 10.4 -1.49 -6.8754935 -29.793804 37.242256
6.64 10.62 -2.37 0.0 -46.98254 36.669296
6.6499996 10.82 -2.55 -3.4377468 -52.712116 26.929016
6.45 10.349999 -1.65 -22.345354 -55.00395 18.907606
6.0699997 10.32 -0.64 -40.680004 -59.58761 13.178029
6.31 10.33 -0.34 -45.83662 -68.75493 10.31324
7.85 9.8 -0.19 -44.11775 -80.78705 8.021409
7.3799996 9.5199995 -0.29999998 -42.971836 -83.65183 2.291831
5.74 9.59 0.65999997 -42.398876 -82.50592 -9.167324
6.2799997 9.87 0.94 -35.523384 -89.95437 -8.021409
8.63 9.15 -0.77 -20.053522 -106.57015 0.0
7.98 8.87 -1.03 -14.323945 -106.57015 -11.459155
6.0699997 8.929999 0.32999998 -29.793804 -103.1324 -26.356058
5.98 9.2 1.9699999 -44.69071 -112.29972 -21.199438
7.93 8.809999 1.17 -32.085636 -126.62367 -6.3025355
8.05 8.65 0.22999999 -14.896902 -129.48846 -8.021409
7.14 9.03 1.06 -24.637184 -136.9369 -17.188732
7.29 9.36 2.4099998 -45.83662 -142.09354 -14.896902
8.19 8.75 2.8899999 -45.83662 -139.22873 -13.178029
7.93 8.58 2.9399998 -44.11775 -138.65578 -15.469859
7.1499996 8.91 3.47 -41.825916 -142.09354 -22.91831
7.02 9.36 3.56 -39.53409 -143.23946 -26.356058
7.8199997 9.19 2.95 -38.38817 -132.35324 -28.07493
7.52 8.53 2.35 -42.398876 -116.31043 -35.523384
6.2799997 7.89 2.34 -46.40958 -105.997185 -40.107044
5.95 7.3799996 1.9799999 -44.11775 -105.997185 -39.53409
6.04 7.6 1.43 -33.231552 -111.72677 -36.09634
6.14 7.77 0.82 -26.356058 -112.29972 -33.80451
6.27 7.39 1.17 -33.80451 -107.716064 -32.658592
5.97 7.0299997 1.9799999 -45.83662 -111.15381 -32.085636
5.38 6.99 2.51 -48.701412 -110.58085 -31.51268
5.1099997 7.0299997 3.03 -45.83662 -106.57015 -28.64789
5.41 6.7799997 2.97 -40.680004 -105.42423 -22.91831
5.08 6.3399997 2.9299998 -33.80451 -101.41353 -20.62648
4.47 6.18 3.04 -29.220846 -100.26762 -17.761692
4.54 6.17 2.9299998 -24.637184 -100.84057 -13.178029
4.37 6.06 2.55 -24.064226 -96.829865 -9.167324
3.5 6.0299997 3.4199998 -32.658592 -85.37071 -7.448451
3.6899998 5.43 3.9599998 -38.961132 -84.22479 1.7188734
3.8799999 5.5 3.74 -29.793804 -83.07887 10.31324
3.48 5.77 3.3799999 -18.334648 -72.19268 14.896902
3.9499998 5.8199997 3.4199998 -17.761692 -68.18198 17.761692
4.2999997 5.42 3.3799999 -22.345354 -68.18198 22.345354
3.4499998 5.3199997 4.23 -29.793804 -61.879436 22.345354
2.9399998 5.3399997 4.71 -37.242256 -53.285076 24.637184
4.14 5.45 5.04 -30.939718 -46.98254 35.523384
5.2599998 5.46 5.04 -10.886198 -43.544792 44.69071
4.91 5.73 5.27 8.594366 -36.669296 40.107044
4.0 6.68 4.31 24.637184 -24.637184 34.377464
3.51 7.5499997 3.79 29.220846 -10.886198 34.377464
3.8999999 7.7799997 3.87 7.448451 -2.291831 44.11775
5.6099997 8.099999 5.15 -20.053522 12.032113 56.72282
5.7599998 7.99 5.62 -35.523384 20.62648 53.858032
5.41 7.8799996 6.2799997 -34.950428 28.64789 45.83662
5.16 8.07 6.8199997 -23.49127 32.085636 52.712116
5.2599998 8.12 6.5899997 -5.7295775 37.815212 63.598316
6.21 8.57 5.5699997 15.469859 49.27437 69.32789
7.2799997 8.5 4.31 24.637184 50.420284 67.03606
6.58 8.34 4.4 11.459155 51.5662 61.879436
7.04 9.37 5.27 6.3025355 64.17127 69.32789
9.33 9.03 3.79 24.637184 69.32789 80.21409
9.75 8.559999 3.35 22.91831 65.890144 65.317184
8.389999 8.41 3.9499998 0.0 72.19268 44.69071
7.8599997 8.26 6.54 -5.7295775 93.96508 50.420284
9.66 8.22 4.46 22.345354 95.68395 64.74423
10.62 8.8 2.1 39.53409 100.26762 59.58761
9.76 8.3 1.79 7.448451 103.70536 39.53409
7.56 7.68 5.0699997 -40.107044 116.31043 22.91831
7.0 7.4199996 6.66 -48.128452 122.04 24.637184
8.76 6.94 6.18 -16.042818 110.58085 40.680004
9.78 6.75 4.8199997 20.62648 103.1324 46.98254
9.61 7.04 3.8999999 43.544792 100.26762 40.107044
9.639999 7.14 3.32 45.83662 91.67324 38.38817
9.66 6.77 2.87 42.398876 91.67324 38.38817
8.92 6.14 2.84 35.523384 97.97578 32.085636
7.8599997 5.95 3.52 28.07493 99.69466 25.210142
8.08 6.0499997 4.0299997 24.064226 95.11099 26.929016
8.33 5.5 3.62 33.231552 88.2355 33.231552
7.62 4.92 3.36 45.83662 83.65183 31.51268
7.46 5.41 2.81 55.00395 76.203384 30.366762
7.9199996 5.46 2.56 62.4524 71.04677 34.950428
7.95 5.43 1.86 60.733524 61.879436 33.80451
7.6 5.3599997 2.11 49.27437 56.72282 26.929016
7.7999997 5.43 2.46 33.80451 54.43099 25.210142
7.6499996 5.21 2.79 24.637184 56.14986 24.637184
7.29 5.15 2.9099998 25.210142 56.72282 21.772396
7.3199997 5.25 2.6299999 34.377464 50.420284 22.345354
7.33 5.58 2.21 41.825916 44.11775 23.49127
7.1499996 5.49 1.43 44.11775 40.107044 21.199438
6.67 5.56 1.7199999 38.38817 38.961132 17.761692
6.64 5.79 2.07 26.929016 37.815212 19.480566
6.77 5.75 2.36 23.49127 36.669296 21.199438
6.5099998 5.64 3.01 18.334648 32.085636 20.62648
5.7799997 5.81 3.25 18.907606 28.07493 18.334648
5.77 5.93 3.1399999 25.210142 20.62648 18.907606
6.24 6.22 2.71 32.085636 10.886198 24.064226
6.29 6.31 2.8899999 28.64789 6.3025355 24.064226
6.3399997 6.3999996 3.53 16.042818 6.3025355 22.345354
6.41 6.5499997 3.84 10.31324 7.448451 19.480566
6.43 6.46 3.6699998 14.323945 5.7295775 16.615776
6.1099997 6.21 3.58 13.750987 0.57295775 13.750987
5.81 6.2999997 4.1 7.448451 0.0 12.605071
5.98 6.2599998 4.5099998 6.3025355 0.57295775 14.323945
6.12 6.12 4.2799997 12.032113 0.57295775 14.323945
6.06 6.14 4.17 17.761692 -0.57295775 13.750987
6.42 6.3799996 3.83 18.334648 -2.291831 14.323945
6.5 6.37 3.51 11.459155 1.1459155 13.750987
6.2999997 6.22 3.8799999 -1.7188734 6.3025355 11.459155
6.43 6.37 4.5699997 -8.594366 6.3025355 10.31324
6.25 6.35 4.63 -6.8754935 3.4377468 9.167324
5.96 6.3199997 4.5699997 0.57295775 -2.8647888 4.0107045
6.19 6.45 4.19 5.7295775 -6.8754935 3.4377468
6.3399997 6.5299997 4.0299997 3.4377468 -2.291831 4.583662
6.3799996 6.31 4.5 -4.583662 1.7188734 3.4377468
6.1299996 6.18 4.8199997 -8.021409 -1.1459155 0.0
5.95 6.23 4.8399997 -3.4377468 -4.0107045 -0.57295775
6.29 6.12 4.8399997 0.0 -4.0107045 1.1459155
6.21 6.1 5.0899997 2.291831 -4.0107045 0.0
6.0899997 6.19 4.75 7.448451 -1.7188734 0.57295775
6.24 6.18 4.2 11.459155 -2.291831 1.1459155
6.22 6.0 4.08 8.594366 -1.7188734 0.0
6.31 5.8599997 4.3199997 2.8647888 -1.1459155 -0.57295775
6.18 5.94 4.79 0.0 0.0 0.0
6.12 6.23 4.58 3.4377468 2.291831 0.0
6.29 6.2599998 4.2 6.8754935 6.8754935 0.57295775
5.99 6.3399997 4.35 1.7188734 5.15662 -1.1459155
5.79 6.27 4.6 -4.0107045 2.8647888 -2.8647888
5.83 6.21 4.52 -4.583662 1.7188734 -2.8647888
5.98 6.0899997 4.36 -3.4377468 0.0 -2.8647888
5.98 6.0699997 4.6 -1.7188734 0.0 -2.8647888
5.8399997 6.0899997 4.58 -2.291831 -1.1459155 -3.4377468
5.94 6.06 4.47 -0.57295775 0.57295775 -2.291831
5.91 6.02 4.35 0.0 -1.7188734 -2.291831
6.0099998 6.0299997 4.5099998 -2.291831 -2.8647888 -1.7188734
6.0 6.0899997 4.56 -3.4377468 -3.4377468 -1.1459155
5.92 6.04 4.83 -1.7188734 -3.4377468 -1.1459155
5.87 6.0699997 4.7 2.291831 -2.8647888 -1.1459155
5.92 6.06 4.5699997 3.4377468 -1.1459155 0.0
6.3599997 6.19 4.41 1.1459155 0.0 0.0
6.1 6.27 4.5099998 -0.57295775 1.1459155 -1.1459155
5.7799997 6.29 4.3199997 0.57295775 0.0 -4.0107045
5.87 6.22 4.31 0.0 -2.291831 -2.8647888
5.91 6.24 4.54 -1.7188734 -0.57295775 -0.57295775
6.15 6.22 4.64 -0.57295775 0.0 0.0
6.12 6.2599998 4.2999997 2.291831 0.0 -1.1459155
5.89 6.0899997 4.0899997 2.8647888 -0.57295775 -3.4377468
5.69 6.04 4.47 -2.291831 -3.4377468 -5.7295775
5.75 6.19 4.9 -8.594366 -4.0107045 -4.0107045
6.0 6.23 4.98 -7.448451 -1.7188734 -1.7188734
6.0899997 6.15 5.14 -4.583662 -2.291831 -2.8647888
5.94 6.21 4.95 -0.57295775 -2.8647888 -4.583662
5.99 6.2799997 4.3399997 1.7188734 -0.57295775 -4.583662
6.02 6.1099997 4.0899997 0.0 0.57295775 -4.0107045
5.81 6.08 4.48 -5.7295775 1.7188734 -5.7295775
5.8199997 6.0899997 4.66 -5.15662 0.0 -4.0107045
5.81 6.1099997 4.61 -2.291831 -0.57295775 -3.4377468
5.87 6.18 4.54 2.8647888 -1.1459155 -2.291831
6.0099998 6.19 4.3399997 3.4377468 -0.57295775 -1.7188734
5.98 6.19 4.3399997 2.291831 -1.7188734 -2.8647888
5.94 6.17 4.36 1.7188734 -3.4377468 -4.0107045
5.7799997 6.0299997 4.49 0.57295775 -6.3025355 -6.3025355
5.74 5.99 4.64 0.0 -5.7295775 -6.3025355
5.74 6.0699997 4.68 1.1459155 -5.7295775 -5.7295775
5.8599997 6.2599998 4.4 6.8754935 -4.0107045 -2.8647888
5.96 6.3399997 4.1 8.594366 -4.0107045 -1.7188734
