-1.4126221 9.387952 0.75180227 -5.848045 -19.243876 -2.665075
-1.7071179 9.390346 0.35435268 -0.56304497 -18.823875 -5.0800753
-1.7933118 9.4932995 0.33759275 3.601955 -12.453875 -3.8200753
-1.5083932 9.431048 0.55307746 2.481955 -5.243875 -0.600075
-1.3383996 9.469357 0.6440599 -1.333045 -1.813875 2.654925
-1.4126221 9.591465 0.54828894 -3.223045 1.7911249 4.5449247
-1.403045 9.550762 0.4644893 -0.843045 4.661125 3.074925
-1.4269878 9.601042 0.43575802 2.131955 3.6461248 0.554925
-1.4365649 9.677659 0.67757976 1.781955 3.296125 -0.49507502
-1.3958622 9.636956 0.87151605 -1.963045 6.131125 -0.075075
-1.1612233 9.57231 1.2617828 -5.778045 8.371125 0.23992501
-1.4198049 9.428655 1.5826156 -6.478045 7.7061253 -0.14507501
-1.7669748 9.364009 1.9656997 -6.7930455 6.831125 -2.735075
-1.6688095 9.105427 2.360755 -8.158046 12.011125 -5.955075
-1.3288225 9.059936 2.588211 -9.593045 21.181126 -5.430075
-1.3120626 9.076695 3.1843855 -5.218045 25.066124 -2.140075
-1.7693691 9.024022 4.292935 0.836955 20.901125 -0.670075
-1.6520497 8.751075 4.982486 1.2219551 13.1311245 -2.945075
-1.1205206 8.688824 4.7095385 0.87195504 10.156125 -5.360075
-0.22027329 8.818114 4.1971636 6.5069547 20.096127 -1.510075
-0.17957062 8.466156 4.3001175 10.881955 44.701126 6.469925
-0.818842 8.059129 4.295329 8.116955 71.86112 9.374925
-1.324034 7.743085 3.7446458 5.106955 88.62613 0.414925
-1.0678465 7.656891 3.0000262 10.916954 90.93612 -11.555075
-0.46927786 7.388732 2.9377751 20.086954 85.966125 -12.255075
-0.028731298 7.1397276 2.8803127 21.101955 91.95112 -1.825075
0.71828246 7.3216925 2.4972286 11.966955 109.451126 8.184926
1.2258687 7.3001437 1.7645805 4.441955 127.51112 15.184926
0.82123625 7.429435 1.0391153 4.161955 140.21614 24.179924
1.446142 7.2378926 0.22506183 9.586955 148.79112 30.829924
1.977671 7.2618356 0.052674048 15.921955 157.12112 29.534927
2.2266755 7.103813 -0.22266756 19.701956 158.73114 30.619926
1.8842943 6.526793 -0.72546524 20.226955 152.78113 34.819927
1.9944309 6.5028505 -0.6703969 21.486956 154.00613 40.139927
3.9864676 7.4222517 -1.1636176 24.811956 167.97113 43.079926
6.5794673 8.099832 -3.955342 44.411953 152.95613 65.82993
6.838049 7.80773 -6.098218 77.801956 137.87112 76.04993
4.6736245 8.028004 -6.5986214 65.93696 137.66112 52.529922
4.846012 9.021627 -6.3639827 51.376957 133.95113 40.944927
6.960157 9.100638 -9.428655 68.28196 119.25113 58.199924
8.186026 9.778218 -14.49494 95.47695 98.566124 67.61492
6.732701 10.091868 -15.66574 81.19695 84.07613 50.849926
5.9186473 10.970567 -12.222773 31.531954 50.091125 25.509926
7.788576 11.10704 -12.945844 15.3969555 9.281125 29.429926
8.839663 10.4845295 -14.901966 32.721954 -16.338877 39.019924
8.267431 9.814133 -14.839715 22.116957 -25.193874 29.044926
7.9585695 9.196409 -12.893169 -19.918045 -35.65888 10.844925
7.8963184 8.245882 -11.032818 -63.388042 -52.843876 -0.84507495
6.5603127 8.399116 -9.452597 -89.14805 -71.49887 -12.850076
5.681614 7.9322324 -7.1325445 -102.86804 -95.40388 -30.350075
6.2107487 7.1828246 -5.8779445 -102.378044 -137.12387 -42.040073
6.0934296 6.979311 -6.58665 -85.473045 -175.55388 -44.105076
5.030371 7.144516 -5.9832926 -85.473045 -185.52888 -42.56507
5.1189594 6.8165 -2.9377751 -119.598045 -171.94888 -38.785076
6.1700463 6.0527267 -0.84039044 -156.94305 -160.81888 -34.165073
5.6241517 6.1125836 0.2777359 -160.47806 -167.32889 -33.815075
4.908263 6.261029 1.9226027 -146.05804 -180.59387 -42.39007
5.157268 5.8324533 2.9162266 -136.67804 -186.99887 -47.290073
5.152479 5.6145744 3.9098508 -125.37304 -186.85889 -46.06508
3.8954852 6.134132 5.1189594 -109.23805 -188.46887 -45.960075
3.3400133 6.4405994 5.3631754 -90.54805 -192.42387 -47.045074
3.5171897 6.3567996 4.8484063 -66.433044 -197.00888 -43.825077
3.407053 6.134132 4.743058 -44.55805 -199.56387 -37.280075
2.6289136 5.889916 5.255433 -38.678047 -196.65887 -33.04508
1.3527653 5.880339 6.1317377 -46.448048 -186.15889 -32.625076
1.1396748 5.8587904 7.005648 -55.303043 -173.20888 -28.495075
2.5211713 5.5978146 8.162083 -60.308044 -162.56886 -13.550075
2.8587642 5.6361227 9.464568 -61.77805 -157.17886 5.384925
2.310475 5.791751 10.096657 -53.763046 -154.58888 11.334925
2.5642684 5.6576715 10.534809 -36.123043 -152.76888 8.569925
2.9305923 5.705557 11.24112 -23.593044 -144.61388 14.554925
2.7845416 6.1724405 11.346468 -15.543045 -116.15888 28.239923
3.5435266 6.4621477 10.661706 1.8519549 -80.63388 39.509926
4.1253357 6.9936767 9.574705 26.596954 -60.788876 45.704926
3.9577363 7.8747697 8.2578535 57.221954 -24.248877 52.844925
3.8643596 8.056735 7.534783 58.55196 -0.063875005 56.344925
4.1612496 7.8627987 7.2618356 47.141956 13.936125 59.669926
4.5084195 8.48531 7.2546525 29.151955 32.066128 67.29993
5.03516 9.012051 7.185219 17.741957 59.33112 76.85492
5.559506 9.390346 6.5028505 22.466957 80.19112 80.914925
5.1213536 8.930645 5.8204823 36.431957 78.89613 71.74493
4.5850363 9.744699 5.341627 45.776955 72.28113 61.209923
6.265817 10.858036 3.7733772 50.781956 87.89113 69.57492
8.209969 11.123801 1.673598 60.686954 114.176125 82.80493
7.515629 10.79818 1.0271438 66.25196 116.41612 72.969925
5.262616 10.723957 1.637684 56.906956 97.06113 47.559925
5.152479 11.047184 2.3631492 37.901955 88.62613 37.934925
7.0080423 10.846065 1.7909175 31.916954 106.40612 52.284927
7.8963184 10.472558 1.1300977 43.536953 111.341125 58.199924
7.084659 10.472558 0.8236305 55.681953 97.93613 45.319927
6.3735595 11.506885 0.76616794 55.331955 90.51613 31.284927
7.24747 11.523644 -1.1803775 55.716957 104.41112 31.879925
7.699988 10.697619 -3.0359404 73.566956 114.91113 32.264923
6.605804 10.122993 -3.7087317 83.68195 99.021126 15.919925
4.62095 9.325701 -2.7510219 67.12695 80.82112 -3.995075
3.5602865 8.755863 -0.888276 29.886957 73.61112 -10.540075
4.5706706 9.399923 -0.1340794 -4.063045 74.13612 3.3549252
6.4501762 9.4095 -0.81165916 -10.748045 78.966125 24.914925
6.091035 9.174861 -1.9944309 13.436955 71.65113 28.344927
4.6281333 8.964165 -2.743839 45.566956 46.626125 8.709926
3.632115 9.354432 -2.8420043 59.70696 28.111124 -8.125075
4.336032 9.636956 -2.9952378 49.276955 29.231127 -7.6700745
4.558699 9.591465 -3.0263634 34.016956 34.481125 -1.5800749
4.1804037 9.306546 -2.516383 25.231955 25.906126 -1.195075
3.5219781 8.990502 -1.1181264 14.451957 12.641126 -5.150075
3.469304 8.803748 -0.38068968 1.571955 0.986125 -7.180075
3.79732 8.868394 0.07901107 -5.9530454 -3.8438747 -2.175075
4.017593 8.844451 0.53871185 -3.153045 13.166125 11.054925
4.3671575 8.779806 0.7829279 3.4619553 13.516125 11.019925
4.625739 8.956982 0.5961744 13.366955 6.2711253 9.269925
4.5706706 9.177256 0.06464542 20.226955 1.6861249 6.0849257
4.625739 9.289786 -0.21069619 18.476955 3.681125 3.8099248
4.4677167 9.186832 0.009577099 10.636955 2.701125 1.604925
4.2977233 8.947405 0.5698374 1.8519549 -2.093875 -1.125075
4.336032 8.937828 0.8739103 -4.028045 -4.9288754 -1.475075
4.4294086 8.952193 0.93616146 -4.798045 -6.2938757 -0.110075004
4.1851926 8.877971 1.0846065 -2.7330449 -7.028875 -0.810075
4.333637 8.92825 1.0439038 -0.668045 -7.6588755 -2.070075
4.6832013 8.985713 0.90982443 0.906955 -7.8688755 -0.28507498
4.601796 8.976136 0.9864412 0.661955 -6.2938757 -0.320075
4.4820824 8.901914 1.0462981 -1.0180451 -5.4188747 -3.155075
4.3456087 8.794171 1.0534809 -1.788045 -4.263875 -4.730075
4.1780095 8.662486 1.0606637 -2.313045 -1.9538748 -4.310075
4.3168774 8.662486 1.1636176 -2.523045 -1.323875 -2.875075
4.652076 8.691217 1.0486923 -1.893045 -1.4638749 -0.84507495
4.63771 8.664881 0.94573855 0.206955 -2.548875 -0.320075
4.2809634 8.688824 1.0606637 1.5369551 -4.648875 -3.190075
4.1947694 8.676852 1.2713599 0.906955 -4.788875 -5.640075
4.249838 8.696006 1.0582695 -0.31804502 -1.6038749 -4.345075
4.4318027 8.707977 0.7398309 1.4669551 0.42612502 -2.140075
4.3911 8.743892 0.9026416 2.376955 -0.658875 -0.460075
4.2737803 8.722343 1.1995317 -1.158045 -1.218875 -1.090075
4.1420956 8.686429 1.158829 -2.978045 -1.113875 -1.9650749
4.276175 8.71516 1.0175668 -1.263045 -0.16887501 -1.8950751
4.4389853 8.767835 0.9122187 0.451955 1.1611251 -0.530075
4.4318027 8.7534685 0.9529214 1.4669551 0.041125 -0.320075
4.2378664 8.825297 0.9577099 1.5369551 -1.6038749 -1.510075
4.1349125 8.889942 0.8786988 1.011955 -1.6388751 -3.260075
4.364763 8.868394 0.9696813 -0.45804498 -0.20387499 -2.3150752
4.4318027 8.8324795 1.175589 -3.6080453 1.2661251 -0.320075
4.12773 8.7534685 1.1612233 -4.693045 0.49612498 -0.600075
4.0535073 8.707977 1.0510867 -2.628045 -0.308875 -2.6300752
4.295329 8.7822 0.84996754 1.886955 1.1611251 -0.530075
4.580248 8.909097 0.8044763 1.151955 -0.448875 -0.075075
4.3432145 8.925857 0.94573855 -1.053045 -0.728875 -2.6300752
4.0989985 8.822903 1.0319325 -1.928045 0.076124996 -4.800075
4.048719 8.775017 0.9792584 -0.63304496 -0.833875 -4.170075
4.0918155 8.791777 0.9026416 0.066955 -1.0788751 -2.9100752
4.1971636 8.820508 0.91700727 -1.5430449 0.286125 -1.650075
4.1947694 8.820508 0.9289786 -3.0480452 1.441125 -1.125075
4.192375 8.779806 0.9864412 -2.4530451 0.041125 -1.545075
4.0582957 8.71516 1.0247496 -1.6480451 -1.673875 -1.930075
4.0798445 8.6984005 0.9577099 -0.878045 -0.903875 -1.230075
4.182798 8.743892 0.86912173 -0.493045 0.216125 0.23992501
4.209135 8.786988 0.9984126 -1.088045 0.566125 0.799925
4.1373067 8.724737 1.1157321 -1.963045 -0.098875 0.13492501
