-0.98999995 9.5 3.6399999 20.62648 6.3025355 -17.188732
-1.1 9.429999 3.1299999 17.188732 -10.31324 -13.178029
-0.96 9.46 3.8799999 -7.448451 -27.501974 -7.448451
-0.06 9.24 5.56 -27.501974 -7.448451 1.7188734
-0.06 9.24 5.56 -27.501974 -7.448451 1.7188734
0.45999998 9.719999 5.6299996 -9.167324 36.09634 -1.1459155
0.35 9.69 4.24 16.615776 50.420284 -16.042818
-0.17999999 10.0199995 3.3 21.772396 40.107044 -25.7831
-0.57 10.01 2.45 12.605071 41.25296 -27.501974
-0.5 10.179999 2.8799999 -13.750987 67.60902 -13.750987
-0.24 9.4 3.6499999 -24.637184 81.36001 -5.7295775
-0.59 9.45 3.82 -28.64789 88.2355 -4.0107045
0.04 9.4 3.26 -16.615776 81.93296 -2.291831
0.45999998 9.44 2.32 -4.0107045 77.349304 -4.583662
0.13 8.79 1.54 -8.594366 80.78705 -11.459155
-1.0699999 9.0199995 2.71 -18.907606 93.39212 -12.032113
-1.24 9.04 3.21 -29.793804 91.10028 -6.8754935
-0.19 8.389999 2.87 -25.210142 84.79775 8.594366
-0.21 8.559999 2.83 -18.907606 95.68395 8.594366
0.14 8.88 3.4099998 -16.042818 100.84057 9.167324
0.11 8.88 2.9299998 -10.31324 99.1217 6.3025355
-0.13 9.23 1.3199999 12.605071 94.53803 5.7295775
-0.37 9.46 0.91999996 -1.7188734 104.85127 8.021409
-0.02 9.059999 1.52 -18.907606 101.98649 11.459155
-0.03 8.82 1.87 -20.62648 100.84057 12.032113
-0.42999998 8.74 1.73 5.7295775 93.39212 13.750987
-0.57 8.9 0.77 17.188732 89.38142 18.334648
-0.03 8.7699995 0.76 13.178029 88.2355 23.49127
0.48 8.41 0.39999998 8.021409 87.662544 25.7831
0.03 8.25 -0.26999998 -0.57295775 96.256905 25.210142
-0.68 8.57 0.28 -11.459155 98.54874 25.210142
0.26999998 9.309999 -0.12 0.0 84.22479 34.950428
0.61 9.349999 -1.4 2.8647888 93.39212 36.669296
0.24 9.49 -1.06 -14.323945 90.52733 36.09634
0.03 9.76 -1.0699999 -22.345354 83.65183 34.950428
-0.26 9.9 -0.78 -26.929016 83.65183 38.961132
0.79999995 9.65 -1.61 -21.772396 80.78705 53.285076
0.69 10.09 -2.73 -13.750987 86.516624 53.858032
0.7 10.2699995 -2.11 -23.49127 73.91155 50.993244
0.7 10.16 -1.55 -24.637184 64.17127 49.27437
0.29 10.309999 -2.57 -3.4377468 53.858032 40.107044
1.11 10.09 -4.38 7.448451 56.14986 42.971836
1.1899999 9.74 -5.14 14.323945 59.014652 47.555496
0.0 10.559999 -3.97 1.7188734 51.5662 50.420284
1.53 11.28 -3.28 0.0 46.40958 49.27437
2.85 11.04 -3.76 1.1459155 25.7831 50.420284
2.22 11.37 -3.1699998 1.7188734 17.761692 40.680004
1.79 11.5199995 -2.35 -4.0107045 18.334648 34.377464
2.69 10.86 -0.96999997 -21.772396 18.334648 30.366762
2.19 10.78 -0.16 -10.886198 9.740283 34.377464
3.09 10.389999 -2.47 24.637184 0.0 29.220846
3.05 10.74 -3.1499999 42.398876 -9.740283 22.91831
2.0 11.469999 -4.88 48.701412 -12.032113 13.750987
1.6999999 11.42 -4.33 35.523384 -15.469859 13.750987
2.1399999 11.15 -2.97 2.291831 -27.501974 18.907606
3.0 10.76 -4.2999997 2.8647888 -36.09634 22.345354
3.1499999 11.0199995 -4.66 8.594366 -45.263664 13.178029
2.32 11.01 -3.3799999 -6.3025355 -59.014652 4.0107045
2.75 10.809999 -1.91 -15.469859 -75.057465 6.8754935
3.31 10.889999 -1.8499999 -12.605071 -80.21409 12.032113
4.1 10.9 -2.03 -9.167324 -83.65183 15.469859
3.6399999 10.24 -0.07 -10.31324 -87.662544 4.0107045
3.58 10.139999 -0.089999996 -4.0107045 -96.829865 -6.8754935
3.6699998 10.42 -1.39 16.615776 -105.997185 -8.594366
3.6799998 10.8 -1.88 16.042818 -100.84057 -4.583662
3.86 10.59 -0.90999997 -7.448451 -104.27831 -1.7188734
4.04 10.19 0.69 -15.469859 -110.0079 -2.291831
4.04 10.29 0.72999996 -6.8754935 -112.87268 -4.583662
4.08 10.67 -0.5 15.469859 -115.73747 -12.032113
3.6699998 10.719999 -0.76 12.032113 -114.0186 -13.178029
3.49 10.309999 -0.099999994 -2.8647888 -111.72677 -9.740283
3.9399998 10.26 0.35 -11.459155 -116.31043 -5.15662
3.76 10.0199995 1.39 -11.459155 -115.73747 -8.594366
3.08 9.38 1.5999999 -2.8647888 -111.15381 -11.459155
3.25 9.2699995 0.89 7.448451 -112.87268 -11.459155
3.21 9.91 0.98999995 7.448451 -111.15381 -10.886198
3.11 9.71 1.86 0.0 -108.86198 -7.448451
3.22 9.57 2.35 -5.15662 -109.43494 -6.3025355
3.4399998 8.92 2.6 -9.167324 -108.289024 -4.0107045
2.85 8.7699995 1.9699999 -1.1459155 -96.256905 -6.8754935
2.3 8.15 1.8399999 1.1459155 -89.95437 -14.323945
2.35 7.48 2.86 -1.7188734 -92.81916 -12.032113
1.7199999 7.7799997 3.02 -2.8647888 -88.2355 -13.750987
1.78 7.29 1.9399999 6.8754935 -76.203384 -6.3025355
1.6899999 6.7599998 2.28 2.8647888 -65.890144 5.15662
2.3899999 6.83 2.84 -11.459155 -68.75493 12.032113
2.45 6.77 2.33 -10.886198 -68.18198 13.750987
1.09 6.5099998 2.12 -15.469859 -52.712116 10.31324
0.65999997 6.31 2.85 -40.107044 -44.69071 11.459155
2.29 6.71 5.25 -37.242256 -39.53409 8.021409
1.9399999 7.7599998 3.86 -13.178029 -26.929016 1.7188734
1.9399999 7.7599998 3.86 -13.178029 -26.929016 1.7188734
0.84 6.56 4.13 -36.669296 -10.886198 33.80451
2.9399998 5.56 7.5299997 -70.47381 -8.021409 42.971836
1.4499999 8.0 6.2799997 -46.40958 -2.8647888 26.929016
2.73 6.89 3.21 9.740283 12.605071 49.27437
2.73 6.89 3.21 9.740283 12.605071 49.27437
2.87 7.56 4.94 -3.4377468 13.178029 58.441692
3.25 8.53 5.19 -29.793804 22.345354 51.5662
4.44 7.9199996 4.41 -12.032113 22.345354 65.890144
3.9299998 8.83 4.5699997 -8.021409 24.637184 58.441692
4.14 9.07 4.45 -8.021409 29.793804 55.00395
4.93 9.22 4.4 -10.31324 36.09634 57.29578
5.1099997 9.349999 4.3399997 -12.032113 39.53409 57.868736
5.22 10.23 3.83 -7.448451 46.98254 60.160564
5.29 9.849999 4.38 -22.345354 60.160564 71.04677
5.56 10.0199995 5.6299996 -34.377464 61.879436 69.900856
6.39 11.13 3.1499999 -1.1459155 63.598316 61.30648
6.37 10.59 1.38 19.480566 75.057465 68.18198
5.71 10.74 1.79 -0.57295775 79.06818 61.879436
6.17 10.95 3.73 -18.907606 70.47381 60.733524
7.49 10.0 3.57 -4.583662 70.47381 61.879436
7.19 9.8 3.28 5.7295775 71.61973 57.868736
6.27 10.349999 3.36 16.042818 77.349304 48.701412
7.89 10.71 1.89 29.220846 88.80846 52.712116
7.89 10.71 1.89 29.220846 88.80846 52.712116
6.95 11.15 -0.37 34.377464 75.057465 31.51268
6.98 10.41 0.25 7.448451 71.61973 31.51268
6.46 10.5 1.36 -8.021409 71.61973 31.51268
6.5899997 10.26 1.23 6.3025355 68.18198 30.939718
6.5499997 10.469999 -0.61 36.09634 60.733524 24.637184
6.49 9.94 -1.64 44.11775 57.868736 17.188732
5.43 9.62 -2.06 32.658592 50.993244 9.740283
5.08 9.71 -1.11 23.49127 49.84733 9.167324
5.77 9.559999 -1.05 8.021409 40.107044 17.188732
6.2999997 9.4 -0.58 13.178029 25.7831 7.448451
5.5 9.37 -0.19 22.345354 18.907606 -5.15662
4.7599998 8.72 -0.32 30.939718 18.907606 -2.8647888
4.83 8.8 -1.05 28.07493 18.334648 4.583662
5.16 8.74 -0.84999996 18.334648 16.615776 10.31324
5.73 8.679999 0.53999996 -9.740283 8.021409 14.323945
5.62 8.44 1.8 -16.615776 1.7188734 8.594366
4.98 7.98 2.22 -6.3025355 -3.4377468 0.57295775
4.77 7.93 1.64 6.8754935 -1.1459155 0.0
5.0 8.04 1.55 10.31324 2.291831 2.8647888
5.45 8.179999 1.64 6.8754935 5.15662 6.8754935
5.04 8.11 1.27 7.448451 5.15662 0.57295775
4.87 7.87 1.8 2.291831 -1.1459155 -1.1459155
4.83 8.09 2.19 0.0 -3.4377468 -0.57295775
4.88 8.099999 1.9 1.7188734 -3.4377468 0.0
5.29 7.93 2.6499999 0.0 0.0 3.4377468
5.22 7.98 2.7 0.0 -2.8647888 2.291831
4.71 8.05 1.88 11.459155 -5.7295775 -1.7188734
4.83 7.97 1.9799999 12.605071 -3.4377468 0.0
4.95 8.0 1.9799999 8.594366 -2.291831 2.291831
5.25 8.3 3.07 -1.7188734 -4.0107045 4.583662
5.46 8.34 3.1899998 -2.291831 -6.3025355 2.291831
5.13 8.059999 2.98 6.3025355 1.1459155 -2.291831
5.0699997 8.09 2.82 12.032113 5.15662 -2.291831
4.94 8.349999 1.9499999 21.199438 0.57295775 -2.291831
4.72 8.46 1.3399999 25.210142 0.0 -2.8647888
4.91 8.34 0.78999996 15.469859 -4.0107045 -1.1459155
4.97 8.309999 2.19 -20.053522 2.291831 0.57295775
5.2999997 8.16 2.99 -23.49127 4.583662 0.57295775
5.33 8.2699995 3.02 -16.615776 2.8647888 -0.57295775
4.7999997 8.01 2.47 4.583662 -2.8647888 -4.0107045
4.88 8.07 2.45 3.4377468 -0.57295775 -1.7188734
5.0699997 8.44 2.24 2.8647888 4.583662 0.0
5.19 8.37 1.9399999 1.7188734 4.583662 -0.57295775
5.1 8.29 2.1599998 -0.57295775 3.4377468 -1.7188734
4.7 7.93 2.48 -6.3025355 1.7188734 -5.15662
4.73 7.77 2.6699998 -4.0107045 3.4377468 -4.0107045
4.7 8.0199995 2.08 6.3025355 3.4377468 -1.1459155
4.93 8.4 1.55 13.178029 3.4377468 1.7188734
5.33 8.47 1.75 9.167324 1.7188734 2.291831
5.0499997 8.42 2.1299999 1.1459155 -2.291831 -0.57295775
4.93 8.12 2.18 1.1459155 -2.8647888 -3.4377468
4.98 8.07 2.27 1.1459155 -3.4377468 -2.8647888
4.99 8.21 2.48 1.1459155 -2.8647888 -1.7188734
5.17 8.2 2.48 0.57295775 -1.7188734 -0.57295775
4.85 8.01 1.89 2.291831 -3.4377468 -7.448451
4.85 8.01 1.89 2.291831 -3.4377468 -7.448451
5.0 8.059999 2.3 -4.0107045 -5.7295775 -2.8647888
5.0299997 7.97 2.82 -6.3025355 -4.583662 -2.291831
4.8399997 7.97 2.57 -4.0107045 -2.8647888 -2.291831
4.87 8.12 2.3 1.7188734 -0.57295775 -0.57295775
4.97 8.22 2.23 1.1459155 -1.1459155 0.0
4.85 8.11 2.09 2.291831 -2.8647888 -1.1459155
4.92 8.01 2.57 0.0 -4.0107045 -1.7188734
4.85 8.03 2.85 -4.0107045 -2.8647888 -1.7188734
4.93 8.179999 2.3999999 0.57295775 -0.57295775 0.0
4.95 8.16 2.02 4.0107045 0.0 0.57295775
4.98 8.19 2.1299999 -1.1459155 0.0 0.57295775
4.81 8.05 2.3999999 -4.0107045 1.1459155 0.0
4.83 7.8999996 2.4199998 -0.57295775 0.0 0.0
5.0299997 8.09 2.34 2.291831 -3.4377468 0.57295775
5.04 8.13 2.1399999 1.7188734 -0.57295775 1.1459155
4.99 8.099999 2.31 -1.7188734 0.57295775 1.1459155
4.8399997 8.13 2.5 -1.7188734 1.7188734 1.1459155
4.96 8.0199995 2.3999999 0.0 1.7188734 1.7188734
4.97 8.13 2.36 2.8647888 -1.1459155 1.7188734
5.0699997 8.29 2.09 5.7295775 -0.57295775 1.7188734
5.14 8.429999 1.74 9.167324 -2.291831 1.7188734
4.91 8.309999 1.77 6.8754935 -2.291831 0.0
4.8199997 8.19 1.9599999 2.291831 -1.1459155 0.57295775
5.17 8.44 2.4299998 -2.291831 0.0 4.0107045
5.25 8.4 2.05 4.0107045 -2.8647888 1.1459155
4.97 8.29 2.08 0.0 -1.7188734 -0.57295775
5.15 8.2 2.33 -6.8754935 0.0 -1.1459155
4.94 8.09 2.75 -8.594366 3.4377468 -2.8647888
4.97 8.11 2.45 0.0 3.4377468 -2.291831
5.02 8.139999 2.1 8.021409 -2.8647888 -1.1459155
