-1.9800652 9.57231 -1.6352897 4.023915 -16.972656 3.85252
-1.5706443 9.57231 -1.2713599 2.098915 -32.197655 10.11752
-1.1181264 9.613013 -0.13647367 -14.421085 -29.537655 13.89752
-1.0008069 9.852441 0.70631105 -28.771086 -20.682657 13.19752
-0.9433443 9.996098 0.8667275 -30.381088 -11.967655 9.172521
-0.92658436 9.835681 0.43815228 -19.881084 -2.482655 5.0075197
-1.1420691 9.869201 0.07422252 -5.496085 -0.382655 1.08752
-1.5993756 9.797373 -0.25858167 4.5489154 -2.447655 -3.7774801
-2.0064023 9.835681 -0.42139238 8.958915 -5.107655 -7.80248
-1.7621863 9.797373 -0.45730647 9.098915 -8.467655 -7.03248
-1.403045 9.692024 -0.36392978 6.193915 -11.162655 -1.60748
-1.3958622 9.61062 -0.17957062 1.818915 -11.8976555 1.71752
-1.5730386 9.5244255 -0.22506183 -0.666085 -11.512654 0.84252
-1.7957062 9.519637 -0.14605077 -1.016085 -11.827655 -2.9374802
-1.7645805 9.4095 -0.15323359 -2.871085 -10.532656 -2.06248
-1.6664152 9.500483 0.15083931 -6.6860847 -1.537655 -0.55748
-1.637684 9.608225 0.3519584 -8.856085 5.182345 -0.76748
-1.3360053 9.77343 0.52913475 -8.856085 -1.3976551 -1.9924802
-1.1947432 9.8787775 0.7398309 -12.916085 -11.127655 -4.23248
-1.4652961 9.862018 1.611347 -24.606087 -10.917655 -9.06248
-2.0279508 10.029617 3.397476 -36.926086 -1.9226549 -13.367479
-1.8579572 9.9889145 4.3001175 -40.006084 3.292345 -13.157481
-1.4293821 10.022434 4.529968 -35.316086 -2.622655 -10.91748
-1.515576 9.962578 5.1357193 -34.68609 -10.217655 -12.03748
-1.9369683 9.368797 6.447782 -43.751083 -2.2726552 -16.76248
-2.3894863 8.528407 7.5850625 -48.336082 17.782345 -17.67248
-1.7382435 7.9322324 6.9481854 -34.301083 36.472347 -11.75748
-1.8292259 7.719142 5.9665327 -8.856085 40.63735 -9.482481
-2.7845416 7.5491486 5.669643 9.588916 39.482346 -15.36248
-2.8827069 6.998465 5.305713 18.023914 40.497345 -14.6274805
-2.4876516 7.14691 4.695173 24.883915 44.277348 -2.44748
-1.8938714 7.3480296 3.8452053 33.45892 55.267345 9.27752
-0.9912298 7.2618356 2.9689007 40.983913 66.747345 16.977522
-0.4764607 7.290567 2.5283542 43.95891 80.78235 25.37752
0.41420954 7.534783 1.1085492 48.823914 90.86234 31.60752
1.0295382 7.5060515 0.25139886 56.033916 90.75735 35.07252
0.7972935 7.7143536 0.505192 56.52392 83.86235 31.082521
0.45012367 7.4222517 -0.0047885496 55.893913 81.51734 23.62752
0.5889916 7.640131 -1.6185298 62.85892 81.30735 18.97252
1.1348863 7.7742105 -2.6360965 71.46892 82.46235 22.787521
1.3360053 7.5443597 -3.3208592 71.74891 87.082344 29.40252
1.2737542 7.728719 -3.799714 63.278915 93.34734 30.277521
1.4700848 7.781393 -4.233078 53.828915 96.98735 30.487518
1.594587 7.388732 -4.503631 46.233917 98.28235 33.847523
1.472479 7.058322 -4.7717896 41.753918 102.37734 34.54752
1.5634614 7.362395 -4.7502413 39.828915 103.32235 34.51252
2.1500587 7.3025384 -5.5451403 40.318913 97.26735 36.507523
2.6815877 7.005648 -6.526793 45.498917 94.78235 41.932518
2.5522969 6.6081986 -6.5052447 48.578915 100.45235 44.732517
1.7741576 6.814106 -6.184412 43.643913 105.107346 43.26252
3.0814316 6.88354 -6.926637 53.023914 73.012344 49.632523
3.7422516 6.7303066 -8.016032 63.663914 55.267345 56.24752
3.0335462 6.8069234 -7.8173075 64.39892 62.932346 48.93252
2.7462332 6.304126 -8.020821 65.37892 59.81735 41.477524
3.45015 6.675238 -9.093455 76.19392 44.032345 46.37752
4.7262983 6.672844 -11.126195 88.513916 31.677345 58.55752
4.40786 6.838049 -12.419104 87.91892 25.342346 57.71752
3.7518287 6.8524146 -11.432662 67.40892 20.022345 46.79752
3.6392977 7.49408 -10.841276 47.948914 11.727345 46.34252
5.3679643 7.448589 -13.13978 49.873917 7.5273447 59.222523
6.25624 7.0870533 -14.743944 55.683918 1.5073451 67.30752
5.4493694 6.7829804 -14.736761 38.148914 -7.8376555 58.13752
3.9673133 6.6177754 -11.954614 -2.1010852 -18.302654 40.637524
3.4836698 6.876357 -10.565935 -36.541084 -26.422655 35.17752
4.6113734 6.651295 -11.758284 -41.756084 -37.832653 44.417522
4.9561486 6.5052447 -11.487731 -38.221085 -55.332653 52.43252
4.8484063 6.421445 -9.871595 -52.641083 -74.54765 47.707523
5.071074 6.718335 -8.46855 -70.84108 -91.20766 42.98252
6.273 6.9888883 -8.600235 -77.21109 -104.892654 46.44752
7.065505 7.283384 -8.432636 -78.15608 -112.66266 54.847523
7.642525 7.439012 -7.1660647 -89.74109 -110.45766 56.45752
8.008849 7.3815494 -5.2219133 -107.276085 -111.962654 49.072517
7.537177 7.5276 -4.5443335 -115.60609 -123.26766 37.38252
6.8691745 7.5587254 -4.271386 -110.88109 -135.65767 25.727522
7.003254 7.2594414 -3.5554981 -106.50608 -140.97765 18.69252
7.185219 7.26423 -2.8779182 -110.496086 -141.32765 17.64252
7.0966306 7.2953553 -2.19555 -115.85109 -138.17764 17.01252
6.6967864 7.022408 -1.4748733 -117.28608 -134.81764 12.532519
5.854002 6.9721284 -0.9768641 -115.11609 -137.09267 2.8025198
5.047131 7.1157846 -0.7589851 -110.07609 -141.71266 -6.85748
5.030371 7.058322 -0.76616794 -104.23109 -142.72766 -9.3774805
5.025583 6.759038 -0.22027329 -102.34109 -139.57765 -5.4574804
5.111777 6.656084 0.61293435 -106.716095 -135.23766 -6.3674803
4.1253357 7.1157846 1.3671309 -111.441086 -128.37766 -13.64748
3.8667538 7.0511394 1.5514901 -110.28609 -124.56267 -20.05248
4.328849 6.8356547 1.9561225 -104.54609 -120.32766 -15.642481
4.3001175 6.352011 2.648068 -104.82608 -117.24766 -16.552479
3.4860642 6.30652 3.0048149 -102.79608 -113.57266 -25.232481
2.832427 6.431022 3.6800003 -100.45109 -109.267654 -28.80248
2.8156672 6.5004563 4.2809634 -95.72608 -106.46766 -23.09748
3.2179053 6.2753944 4.4294086 -87.11608 -108.84766 -15.187481
3.1053743 5.9210415 4.5467277 -80.50109 -109.58266 -12.807481
2.2314641 6.1628633 5.166845 -77.03609 -102.057655 -14.102479
2.0423164 6.2179317 5.4254265 -73.04608 -95.44265 -12.387481
2.7151077 6.0862465 5.870762 -69.33608 -96.77265 -5.63248
2.8372157 6.361588 6.2753944 -64.471085 -94.07765 2.03252
2.49244 6.5555243 6.4166565 -55.301086 -82.31765 9.06752
2.2793496 6.5220046 6.854809 -43.856087 -73.182655 13.932521
2.4948344 6.63693 7.4030976 -32.971085 -74.58266 14.07252
2.885101 6.88354 7.570697 -21.736086 -74.40765 21.31752
3.2681851 7.369578 7.520417 -9.486085 -61.072655 33.42752
3.093403 7.7239304 8.305739 1.5739151 -47.317654 43.402523
2.82285 7.9561753 8.535589 13.543915 -43.852657 45.327522
3.5147953 8.830086 7.620977 32.513912 -36.257656 52.747524
5.0136113 9.311335 5.8156934 53.513912 -21.102655 68.53252
5.830059 9.644139 5.078257 63.663914 -7.557655 82.49753
5.446975 10.089474 5.2482505 58.203915 6.652345 83.16253
5.0806513 10.364816 5.317684 48.403915 21.422346 77.91252
5.444581 10.661706 4.5874305 46.82892 38.852345 75.252525
5.5379577 10.96099 3.7135203 52.778915 55.162342 74.09752
6.2107487 10.94423 2.8467927 57.503918 63.947346 72.767525
7.099025 11.066339 2.4637089 58.098915 68.67235 71.78752
6.897906 10.920287 1.8914771 56.558914 72.24235 67.41252
6.2131433 10.795785 1.2043202 56.418915 72.10235 56.63252
5.9378014 10.932259 1.036721 53.828915 73.32735 46.65752
6.2514515 11.051972 0.6464542 47.353916 80.64235 43.227524
6.411868 10.932259 0.098165266 42.243916 85.89235 41.16252
6.246663 10.838882 -0.4668836 41.61392 84.03735 38.012524
5.540352 10.637763 -0.32801566 41.158916 81.13235 32.797523
4.96812 10.654523 0.19154198 36.048916 80.32735 24.85252
5.090228 10.577906 -0.0670397 30.623915 82.60234 19.70752
5.439792 10.635368 -0.5818088 32.933914 88.48234 23.767519
6.095824 10.460587 -1.1731946 41.123917 90.82735 27.897522
6.5124273 10.24989 -1.2450229 53.583916 73.25735 18.41252
5.995264 10.369604 -1.0008069 53.758915 66.04735 7.9125204
5.427821 10.115811 -1.4174107 54.703915 70.66734 -0.52248
5.418244 9.703996 -1.9800652 56.838917 72.03235 -2.9024801
5.621757 9.160496 -2.4541316 54.143917 63.597347 -4.47748
5.0495257 8.909097 -2.2099156 42.068913 57.682343 -5.9474797
5.025583 8.746285 -1.6065584 26.353914 62.232346 -5.77248
5.154874 8.133351 -1.6448668 20.998915 65.69735 -3.1124802
5.1021996 7.759845 -1.934574 25.653915 52.992348 -3.42748
4.9633317 8.032792 -2.0327394 26.878916 36.612343 -3.9174802
5.0064287 8.181237 -1.56825 19.493916 34.337345 -3.2874799
5.03516 8.245882 -1.4269878 14.908915 35.457344 -5.3524804
5.1596622 8.195602 -1.8603516 19.528915 24.257345 -8.60748
4.68799 8.358414 -1.9656997 20.648914 12.077346 -10.53248
4.228289 8.470944 -1.23784 10.603915 9.872345 -10.77748
4.450957 8.5331955 -0.65124273 -1.6810851 12.777345 -5.8424797
4.819675 8.420665 -0.22745611 -6.406085 12.217344 0.87752
4.7550297 8.341654 0.0071828244 -4.166085 7.8423448 4.13252
4.7167215 8.425453 -0.0071828244 0.73391503 1.9973452 4.58752
4.972909 8.638543 -0.12689656 5.983915 -4.372655 6.2675204
5.3272614 8.669669 -0.35435268 9.448915 -9.097655 6.54752
5.166845 8.638543 -0.13168511 7.838915 -7.452655 4.09752
4.889109 8.511647 0.2657645 2.0639153 -0.55765504 0.45752
4.72151 8.327288 0.6440599 -1.926085 5.707345 -2.23748
4.819675 8.296163 0.4285752 -0.666085 7.807345 -2.48248
4.946572 8.396722 0.24900457 4.5839148 3.957345 -1.11748
5.1452966 8.523619 0.12210801 7.7689157 0.66734505 -0.73248005
5.0399485 8.456578 0.031125572 7.5239153 1.332345 -1.08248
4.786155 8.473338 0.05985687 5.983915 1.437345 -2.8324802
4.6568646 8.4781275 0.16281068 3.7439148 0.31734502 -4.68748
4.7167215 8.514041 0.22027329 1.048915 -0.24265501 -4.33748
4.925023 8.56911 0.25379312 -1.051085 -0.87265503 -2.34248
4.7071443 8.593052 0.33759275 -2.4510849 -1.467655 -0.80248
4.470111 8.624178 0.44054657 -2.906085 -2.097655 -1.57248
4.697567 8.638543 0.5123748 -3.011085 -3.182655 -2.16748
4.8986864 8.71516 0.5123748 -3.676085 -3.847655 0.21252
4.9944572 8.664881 0.7446195 -4.026085 -3.042655 1.71752
4.903475 8.674458 0.7709565 -4.236085 -1.642655 0.94752
4.850801 8.609812 0.72785956 -2.066085 -1.747655 -1.5374801
4.6927786 8.576292 0.71828246 3.988915 -2.9026551 -5.5624804
4.393494 8.650515 0.37590113 7.5239153 0.037345003 -6.4024796
4.642499 8.760652 0.0047885496 8.713914 -1.292655 -4.44248
4.929812 8.806143 0.011971374 4.2339153 -2.762655 -0.80248
4.972909 8.739103 0.33519846 -2.6610851 0.492345 -0.38248
4.826858 8.648121 0.5147691 -6.266085 3.8523455 -2.79748
4.695173 8.679246 0.5554718 -4.621085 1.262345 -5.49248
4.580248 8.614601 0.43336374 -1.7860851 -2.377655 -6.92748
4.3456087 8.581081 0.3519584 -0.49108505 -0.907655 -6.68248
4.40786 8.58587 0.2083019 -0.21108499 1.787345 -5.2824802
4.517997 8.628966 0.06464542 0.418915 -2.482655 -3.42748
4.4653225 8.614601 0.16041641 -2.2060852 -7.6976547 -2.37748
4.4222255 8.535589 0.35914123 -6.7910852 -5.7026553 -1.9924802
4.7095385 8.506859 0.6344828 -9.486085 -5.492655 -0.69748
4.7071443 8.48531 0.70870537 -8.786085 -7.802655 -0.24247998
4.470111 8.490098 0.8044763 -7.3860846 -7.3476543 -1.22248
4.3791285 8.41827 0.80208206 -6.196085 -2.062655 -1.9224801
4.6903844 8.542772 0.65124273 -3.5360851 1.7173451 -0.45248002
4.889109 8.674458 0.37829542 0.628915 0.107345 1.2625201
4.846012 8.739103 0.34477556 3.1839151 -2.762655 0.77252
4.582642 8.7822 0.37350687 2.028915 -0.97765505 -0.9774801
4.529968 8.786988 0.37111259 0.55891496 1.367345 -2.48248
4.6305275 8.648121 0.38068968 -0.071085 -0.207655 -2.13248
4.479688 8.612206 0.6201172 -1.366085 -0.907655 -1.3274801
4.5012364 8.746285 0.6153286 -2.2060852 1.087345 -1.8174801
4.786155 8.801354 0.44054657 -0.806085 0.80734503 -1.4324801
4.5898247 8.707977 0.55786604 0.453915 -1.607655 -1.01248
4.245049 8.616995 0.71828246 -0.281085 -0.382655 -2.69248
