-1.8747171 9.553157 -0.3423813 -5.3861847 4.15674 -7.333095
-1.7262721 9.555551 -0.48124924 -5.141185 8.11174 -2.748095
-1.776552 9.687236 -0.53871185 -3.951185 5.90674 -0.823095
-1.5610672 9.646533 -0.4166038 -2.586185 -0.98826 -1.9430951
-1.5778271 9.665688 -0.4189981 -2.586185 -8.653259 -3.133095
-1.8938714 9.5244255 -0.27294734 -6.751185 -3.6832597 -7.858095
-2.0806248 9.438231 -0.19154198 -8.466186 0.44674 -8.313095
-2.1572416 9.445415 -0.14365649 -8.396185 1.49674 -5.828095
-1.9944309 9.454991 -0.08858817 -6.961185 -0.53326005 -2.153095
-1.8675344 9.517242 -0.15323359 -4.6511846 -2.84326 -0.47309503
-1.9034485 9.495694 -0.11492519 -3.286185 -4.10326 -1.0330949
-2.0375278 9.440625 -0.117319465 -3.391185 -4.10326 -2.713095
-2.1596358 9.550762 -0.06943397 -4.581185 -2.17826 -3.028095
-1.9656997 9.603436 -0.11253092 -6.121185 -1.02326 -1.628095
-1.9561225 9.541185 -0.20590763 -6.156185 -5.22326 -1.453095
-1.951334 9.47654 -0.17957062 -6.471185 -11.418261 -3.063095
-2.19555 9.557945 0.05985687 -9.726185 -13.23826 -4.428095
-2.264984 9.653716 0.1987248 -14.556185 -8.26826 -4.9880953
-2.17879 9.744699 0.23224466 -18.931185 -6.3432603 -4.078095
-1.8555629 9.569917 0.29928434 -24.181185 -13.308261 -2.1880949
-2.0423164 9.735122 1.1708003 -31.321188 -24.64826 -3.3080952
-1.6975409 10.192428 4.017593 -44.726185 -40.64326 -7.718095
-1.6400782 9.744699 5.5786605 -59.391186 -57.19826 -12.863094
-2.1141446 9.155706 5.9880815 -56.766182 -52.96326 -21.893095
-2.6145482 8.707977 6.0239954 -41.051186 -30.423262 -29.628094
-3.1365 8.458973 7.1301503 -30.726183 -14.428261 -31.413095
-3.3567734 8.004061 8.157294 -27.016186 -14.49826 -28.788097
-2.6839821 7.6521025 8.320105 -16.936184 -19.748259 -21.368095
-1.7454263 7.24747 7.4797144 1.4038149 -11.97826 -9.433095
-1.7214836 7.2881727 5.9282246 21.878815 12.52174 0.366905
-2.1069617 7.4030976 5.0806513 35.80882 42.76174 2.3269053
-2.1069617 7.266624 4.7167215 40.568813 60.331745 0.71690506
-1.4605076 7.1780357 3.6081722 44.243813 64.04174 4.4969053
-0.7829279 7.0104365 2.083019 53.203815 68.27674 14.611904
-0.7781393 7.168459 0.6392714 58.768818 80.21174 20.421906
-1.1516461 7.692805 0.14605077 54.463814 92.91674 19.826906
-0.9960183 7.3647895 -0.11971374 45.46882 100.93174 18.671906
-0.48843205 7.024802 -0.91700727 40.568813 103.73174 19.126907
-0.30646718 7.21395 -2.3990633 40.323814 102.576744 19.301907
-0.52674043 7.743085 -2.6744049 36.963814 110.66174 22.871906
-0.33759275 7.5515428 -1.7669748 27.723814 123.92675 29.031904
-0.25379312 7.204373 -1.8890828 31.993814 106.18174 26.756907
0.38787252 7.4868975 -3.265791 54.603813 92.67174 30.501907
1.1612233 8.008849 -4.9417834 68.988815 92.21674 42.751907
1.6017698 7.537177 -5.0399485 64.22881 97.39674 42.891903
1.2617828 7.6473136 -4.417437 52.538815 97.39674 31.726906
2.126116 8.006455 -5.420638 55.373814 99.32174 31.761906
2.4684973 8.664881 -7.5515428 65.488815 114.091736 43.871906
2.6456738 7.90829 -7.240287 55.863815 130.05173 41.35191
1.8842943 7.7143536 -5.4709177 32.728817 123.99674 22.451906
2.8084843 7.7478733 -6.6010156 32.658817 110.94174 15.521905
3.7015488 8.171659 -9.153313 53.658817 98.061745 30.291906
2.432583 8.085466 -9.694419 57.368816 92.84674 34.036907
0.88588166 8.178843 -6.8428373 27.758816 83.08174 19.826906
2.6887705 8.681641 -6.7638264 7.668815 57.46174 22.416906
4.4294086 8.942616 -10.259467 31.188816 43.00674 51.151905
3.842811 8.777411 -12.328121 54.918816 38.56174 58.1519
2.7486274 8.3679905 -10.553964 36.438812 27.18674 42.611908
2.7845416 8.743892 -8.123775 -5.666185 7.7617407 29.136908
4.336032 9.495694 -9.462174 -20.541185 -5.7482605 38.586906
4.7502413 9.677659 -11.063944 -0.521185 -16.03826 53.391907
4.601796 9.222747 -11.248303 7.913815 -32.69826 48.63191
4.228289 8.705584 -8.973742 -13.646185 -54.88826 32.356907
4.470111 8.60263 -7.3863378 -46.58119 -74.48826 20.071905
4.170827 9.2419 -6.409474 -66.426186 -86.03826 19.721905
4.314483 8.971348 -6.3400397 -71.746185 -84.91826 22.346905
4.2977233 8.466156 -5.7175283 -69.47118 -87.26326 21.751905
3.9529476 8.262642 -4.063084 -68.73618 -104.203255 14.611904
3.0239692 8.945011 -3.213117 -69.051186 -127.23327 6.106905
3.1987512 8.959376 -3.5698638 -63.381184 -141.72327 3.096905
3.8787253 8.873182 -3.3495905 -60.301186 -140.11325 8.626905
4.271386 8.954588 -2.2194927 -69.19119 -131.60826 15.976905
4.0128045 9.356826 -1.0295382 -84.31119 -126.32326 16.501904
4.017593 9.361614 -0.50758624 -93.026184 -124.923256 10.026905
3.955342 9.069513 -0.71828246 -88.12619 -129.50826 2.2569048
3.8260512 8.751075 -0.48843205 -78.78118 -136.50826 -5.023095
3.0886145 8.490098 0.19633053 -78.88619 -135.80826 -10.273094
2.8156672 8.487704 1.036721 -92.606186 -129.43826 -15.663095
3.0000262 8.277008 1.2593886 -92.39619 -133.21825 -15.173095
2.8635526 7.905895 2.0925963 -94.74119 -133.84825 -17.133097
2.3799093 7.3600006 3.0766432 -99.53619 -127.61826 -22.138096
1.7933118 7.23071 3.7590115 -97.50618 -123.10326 -26.653095
1.7981004 7.058322 3.4094474 -84.73118 -126.743256 -25.463095
1.9202085 6.969734 3.344802 -75.981186 -131.67825 -20.668097
1.7669748 6.6153812 4.455745 -84.06618 -126.28826 -19.163095
1.063058 6.3759537 6.141315 -95.33618 -118.65826 -22.138096
0.6847626 6.490879 6.771009 -89.106186 -113.65326 -21.683094
1.0726352 6.385531 6.402291 -70.136185 -109.523254 -12.898095
1.4940275 6.395108 7.099025 -59.951187 -104.97326 -3.028095
1.6400782 6.5818615 7.738296 -58.69119 -97.658264 3.4469051
1.5107874 6.9314256 7.518023 -51.691185 -85.93326 6.736905
1.5395187 7.3240867 7.1732473 -40.561184 -73.75326 12.301906
2.3152637 7.4270406 8.353624 -38.006184 -72.98326 18.006907
2.6073654 7.7071705 9.325701 -43.186188 -69.728264 22.381905
2.5044115 7.92505 9.780613 -40.771187 -53.59326 24.166904
2.7055306 8.051947 9.474146 -28.031185 -37.248264 22.731905
2.4493432 8.27222 9.04557 -10.636185 -26.04826 22.276907
2.1500587 8.511647 8.492493 3.713815 -12.39826 23.011904
2.1907616 8.545167 8.1549 12.358815 0.02674 23.921906
2.4613144 8.901914 7.4461946 19.428816 9.86174 26.861906
2.5331428 9.378374 6.3137026 29.613815 20.81674 34.211906
2.2673783 9.735122 5.4948606 37.278812 30.336739 38.096905
2.5403256 9.761458 5.3966956 36.053818 34.991737 36.206905
3.0886145 10.156514 5.0160055 27.968815 39.296738 37.116905
3.816474 10.33369 4.3168774 24.293816 51.40674 43.066902
3.4980354 10.407912 4.350397 27.093815 61.031742 45.411907
3.172414 10.146936 4.6472874 30.103817 55.08174 36.906906
2.8970726 10.43425 4.338426 30.978815 48.781742 26.091906
3.3759274 10.522838 3.2346652 38.713818 59.281746 25.811907
3.5698638 10.534809 1.9369683 56.003815 69.64174 29.801905
3.78056 10.592272 0.45730647 73.92381 66.98174 28.226906
3.5219781 10.666494 -0.35674694 80.78381 56.411743 22.206905
3.46691 10.721562 -0.25139886 72.27882 50.67174 18.531904
3.5076127 10.642551 0.40463245 52.363815 57.91674 20.316904
3.1604428 10.3193245 1.0534809 23.873816 60.85674 18.461906
3.0981915 10.453403 1.0127783 23.803816 59.631744 15.416904
3.258608 10.424672 0.05027977 34.723816 60.996746 15.731905
3.328042 10.156514 -0.5411061 44.733814 57.88174 13.631905
3.3160706 9.991309 -0.7398309 42.423813 53.436745 8.626905
2.6863763 10.118205 -0.5913859 30.628815 56.72674 5.0569053
2.5858169 10.05356 -1.1061549 23.908813 66.491745 5.1619053
2.918621 9.862018 -1.8196489 28.283815 58.441742 5.0919046
2.578634 9.893144 -1.8076775 24.853815 41.36174 2.5019052
1.9633054 9.840469 -1.5299416 11.728814 43.28674 -1.663095
1.8771114 9.821315 -1.5012103 2.5938148 49.09674 -1.173095
2.2721667 9.90272 -1.2546 0.843815 41.08174 3.481905
2.4373717 9.948212 -0.8547561 -2.271185 29.84674 6.561905
2.4110348 10.130177 -0.7733508 -3.4261851 26.76674 6.211905
2.6265194 10.144543 -1.0941836 1.3688151 24.66674 6.4919047
2.5092 9.914692 -0.6368771 6.163815 16.93174 5.511905
2.264984 9.993703 -0.08140534 3.8888152 10.17674 0.71690506
2.5139885 10.058349 -0.29928434 3.013815 11.506741 0.12190501
2.8276386 10.015251 -0.44054657 7.633816 11.78674 1.5919049
2.6073654 9.787795 -0.25379312 12.183815 6.6417403 -0.053095
2.1093562 9.646533 -0.14365649 12.498815 2.5117402 -4.498095
2.1237218 9.636956 -0.19154198 10.258815 3.1067402 -5.373095
2.310475 9.507666 -0.09577099 7.598815 2.61674 -1.523095
2.2841382 9.454991 0.53871185 3.1188152 1.4267399 1.311905
2.264984 9.478934 0.8379962 -1.956185 -0.04326 0.7519051
2.1476645 9.450203 0.9529214 -3.2511852 -0.91826004 0.26190498
1.8771114 9.337671 1.2186859 0.738815 -0.95326006 0.22690499
2.1332989 9.438231 1.324034 6.338815 -2.63326 0.29690498
2.9234095 9.598648 0.888276 12.288815 -3.6832597 3.096905
3.1341057 9.656111 0.16520496 18.973814 -1.54826 6.3519053
2.901861 9.569917 0.019154198 23.138815 -0.49826 3.7619052
2.3775148 9.416683 0.4070267 19.743814 -1.6182599 -2.258095
2.013585 9.335278 0.5889916 11.553815 -2.84326 -5.688095
2.1237218 9.3592205 0.65842557 5.603815 -3.89326 -4.638095
2.360755 9.28021 0.7733508 0.983815 -1.33826 0.506905
2.5642684 9.232324 0.89067024 -2.796185 1.70674 4.986905
2.595394 9.277815 0.7996878 -0.241185 -3.2632601 3.236905
2.3344178 9.284998 0.71828246 1.1238151 -3.6832597 0.331905
2.257801 9.306546 0.69194543 0.87881505 -1.26826 0.78690505
2.3655436 9.29218 0.75180227 -0.38118502 -1.51326 4.041905
2.5187771 9.402317 0.8547561 -1.781185 -2.66826 6.3519053
2.7653873 9.488511 0.8284191 -2.341185 -1.82826 7.191905
2.6360965 9.488511 0.6895511 -0.66118497 0.20174 5.511905
2.4637089 9.399923 0.6296943 1.333815 -0.14826001 3.341905
2.3056867 9.423865 0.8140534 0.808815 -1.37326 3.481905
2.6241252 9.421472 0.89067024 -1.5011849 0.48174003 6.2819047
2.901861 9.481328 0.74701375 -1.641185 2.37174 8.696904
2.7917244 9.522031 0.5698374 0.87881505 2.12674 7.0869055
2.8348215 9.545974 0.45970076 3.1188152 -0.49826 4.006905
2.760599 9.555551 0.5794145 2.208815 -2.52826 2.7469049
2.7151077 9.517242 0.77574503 -0.521185 -1.30326 2.4319048
2.7151077 9.507666 0.7350424 -1.8161851 -0.11326 2.396905
2.9114382 9.507666 0.5865973 -1.641185 0.20174 2.3269053
2.6600394 9.526819 0.75180227 -1.9211851 -0.0082600005 1.136905
2.4637089 9.5244255 0.8571504 -2.306185 -0.77826 -1.698095
2.7175019 9.512454 0.7805336 -1.5011849 -1.30326 -1.313095
2.803696 9.557945 0.7446195 -0.83618504 -0.77826 1.206905
2.779753 9.584282 0.7039168 -0.696185 0.51673996 1.346905
2.667222 9.550762 0.7302538 -0.55618495 0.55174 -0.053095
2.5235655 9.4932995 0.8140534 -0.801185 -0.42826 -1.523095
2.5738454 9.469357 0.72785956 -0.871185 -0.11326 -1.138095
2.80609 9.44302 0.4860378 0.738815 0.58674 0.331905
2.5522969 9.318518 0.6249057 2.6638153 -0.91826004 0.54190505
2.3966691 9.25866 0.7206767 2.278815 -2.77326 -2.258095
2.4421604 9.261055 0.71588814 1.193815 -0.95326006 -1.803095
2.8587642 9.399923 0.4860378 1.823815 -0.04326 0.71690506
3.0024207 9.423865 0.3902668 3.468815 -2.66826 2.3269053
2.6145482 9.399923 0.74701375 2.698815 -4.13826 1.5219051
2.5092 9.397529 0.9888355 -1.046185 -2.66826 -0.788095
2.7653873 9.3831625 0.9385557 -2.4811852 -1.68826 0.016905
2.9090438 9.416683 0.8667275 -0.38118502 -1.9332601 2.571905
2.8683412 9.478934 0.5650489 1.788815 -0.91826004 2.8519049
2.743839 9.500483 0.53392327 3.853815 -0.67326003 0.71690506
2.6600394 9.498088 0.6943397 3.748815 -2.14326 -1.2780951
