2.23 9.929999 4.49 47.555496 -6.3025355 -31.51268
1.3299999 10.09 2.99 5.15662 -32.658592 -36.669296
-0.34 10.08 5.7999997 -23.49127 -27.501974 -28.64789
0.24 9.179999 8.11 -18.907606 4.583662 -21.199438
0.78 8.79 8.08 4.583662 41.25296 -25.7831
0.01 8.73 7.08 20.053522 38.38817 -30.366762
-0.48999998 9.09 6.89 29.220846 34.377464 -33.231552
-0.32 8.79 6.49 31.51268 54.43099 -32.658592
0.0 8.34 5.02 8.021409 79.641136 -25.210142
-0.45 8.08 4.23 -13.178029 90.52733 -11.459155
-0.71999997 8.25 5.43 -5.7295775 91.10028 -8.021409
-0.13 7.94 6.23 13.750987 93.39212 -10.886198
0.7 7.5499997 5.22 11.459155 103.70536 -14.896902
0.56 6.33 3.8999999 0.0 105.42423 -14.896902
-0.62 5.5699997 4.81 2.291831 108.86198 -3.4377468
-0.96999997 5.6299996 3.98 7.448451 123.18592 13.750987
0.53999996 5.49 1.8199999 -10.31324 130.06142 21.199438
0.16 5.7799997 2.4299998 -27.501974 124.9048 26.929016
-0.26999998 6.3199997 4.6 7.448451 119.17522 47.555496
0.59 6.81 3.9099998 23.49127 125.47776 58.441692
3.05 7.2599998 1.1899999 5.15662 130.63437 49.84733
4.06 7.56 0.07 -4.0107045 132.92621 41.825916
2.03 8.71 2.85 26.356058 126.05072 49.84733
2.44 9.179999 3.04 48.128452 127.76959 55.00395
5.94 9.38 -3.59 10.31324 134.64508 42.398876
4.5899997 9.45 -2.7 -20.053522 131.78029 29.220846
2.72 9.04 -0.39 -12.605071 116.883385 34.950428
3.72 8.21 -1.16 -8.594366 114.59156 43.544792
4.0 7.8799996 -2.02 -21.199438 119.74818 40.680004
2.3899999 7.89 -0.41 10.31324 87.089584 51.5662
2.62 7.5 0.37 37.242256 68.75493 58.441692
3.84 7.3999996 -1.64 33.80451 70.47381 61.30648
3.26 8.309999 -3.03 33.231552 61.879436 65.317184
3.26 8.82 -2.98 45.263664 37.815212 61.879436
4.3399997 8.79 -4.13 22.345354 32.085636 58.441692
3.76 10.62 -5.18 2.291831 25.7831 63.02536
5.37 11.19 -4.31 9.740283 -1.1459155 59.014652
6.5699997 11.179999 -5.19 7.448451 -6.3025355 41.825916
5.46 11.45 -5.43 -16.042818 -8.021409 40.107044
5.41 11.8 -3.49 -20.62648 -25.210142 46.98254
7.47 11.83 -2.6599998 -0.57295775 -46.40958 30.366762
7.64 11.7 -3.1399999 -3.4377468 -59.014652 19.480566
6.75 11.38 -2.6799998 -5.7295775 -67.60902 17.761692
6.67 10.99 -2.2 -11.459155 -61.30648 18.334648
6.22 10.67 -2.81 -19.480566 -69.32789 14.896902
6.0299997 10.679999 -2.27 -17.761692 -99.1217 8.021409
6.7599998 10.19 -1.18 -19.480566 -101.98649 3.4377468
5.81 9.98 -0.84 -26.356058 -101.41353 0.57295775
5.8199997 9.73 -0.28 -29.220846 -110.58085 1.1459155
6.3799996 9.65 0.39 -26.929016 -120.32113 -1.7188734
6.5899997 9.53 0.9 -29.793804 -120.89409 -2.291831
6.47 9.309999 1.3199999 -32.085636 -115.73747 -6.3025355
5.74 9.08 2.0 -20.053522 -120.89409 -3.4377468
5.56 9.32 2.12 -13.750987 -123.75887 -0.57295775
6.2599998 9.559999 1.42 -22.345354 -122.04 -2.8647888
6.0699997 9.66 1.5999999 -27.501974 -120.89409 -5.7295775
5.66 9.55 1.93 -24.637184 -129.48846 -10.31324
5.72 9.28 2.0 -28.07493 -129.48846 -13.750987
5.49 9.04 2.6699998 -34.950428 -121.46705 -16.615776
4.87 8.72 3.3899999 -34.377464 -114.0186 -17.761692
4.71 8.58 3.61 -24.637184 -115.16451 -18.907606
4.68 8.26 3.24 -21.199438 -114.0186 -21.772396
4.2599998 8.0199995 3.3 -25.210142 -109.43494 -21.772396
3.75 7.4199996 3.4299998 -25.7831 -102.55944 -18.334648
3.12 6.96 3.87 -15.469859 -95.11099 -14.896902
2.58 6.7799997 3.52 -9.167324 -93.39212 -12.032113
2.45 6.74 2.51 -17.188732 -92.81916 -10.886198
2.1299999 6.02 2.34 -41.825916 -80.21409 -14.323945
0.78999996 5.5899997 3.6399999 -47.555496 -77.349304 -2.8647888
1.1 5.41 4.7 -32.658592 -79.06818 11.459155
2.19 5.5 4.87 -9.740283 -76.77634 15.469859
2.59 5.69 4.35 -0.57295775 -61.879436 5.15662
0.96999997 6.15 3.6699998 -11.459155 -46.98254 1.7188734
0.11 6.74 3.9499998 -45.83662 -45.263664 24.637184
1.4399999 6.95 4.65 -68.18198 -26.929016 26.356058
2.08 6.81 6.25 -72.76564 -5.7295775 24.064226
0.97999996 7.0499997 7.8999996 -57.868736 -2.8647888 29.793804
0.65999997 7.6499996 8.5 -40.107044 -2.291831 35.523384
2.58 8.7699995 8.04 -30.366762 23.49127 24.064226
2.03 8.75 7.5699997 -36.669296 37.242256 17.761692
1.23 8.71 7.52 -42.398876 42.971836 22.345354
1.73 8.61 8.2699995 -42.971836 41.25296 29.793804
2.49 8.83 9.639999 -25.7831 44.11775 33.231552
3.59 8.99 9.51 10.886198 59.58761 32.658592
4.5899997 9.13 7.8999996 19.480566 67.60902 25.210142
4.73 8.88 6.5 18.907606 72.19268 22.91831
3.9599998 8.86 6.1099997 20.62648 81.93296 30.366762
3.74 9.639999 5.79 25.7831 92.81916 37.242256
5.15 10.03 4.58 27.501974 93.39212 32.658592
6.1 9.51 2.06 8.594366 81.93296 21.772396
5.47 9.88 2.7 -12.032113 82.50592 20.62648
4.66 10.28 3.78 -17.188732 89.38142 26.356058
5.5099998 10.23 3.9099998 -7.448451 87.662544 27.501974
6.2599998 10.12 3.1899998 1.1459155 80.78705 18.907606
6.1099997 10.219999 2.6599998 4.0107045 70.47381 10.886198
5.24 9.87 2.83 6.3025355 71.04677 14.323945
4.13 9.59 3.48 14.896902 68.75493 25.7831
4.29 10.19 3.6999998 31.51268 59.58761 31.51268
6.45 10.5 3.12 52.139156 56.72282 17.761692
7.3399997 10.34 1.87 64.17127 59.014652 -2.291831
5.4 10.08 -0.13 57.868736 52.712116 0.0
5.5699997 9.94 -0.55 46.40958 45.83662 0.0
5.83 9.71 -0.71999997 34.377464 41.25296 -4.0107045
5.41 9.21 -0.88 20.053522 31.51268 -8.594366
4.83 8.8 -0.25 9.740283 17.761692 -8.594366
4.68 8.65 0.59 16.615776 14.896902 -9.740283
4.83 8.37 0.68 24.064226 14.896902 -10.31324
4.7799997 8.05 0.25 24.637184 14.323945 -10.31324
4.62 7.9199996 0.049999997 24.064226 14.323945 -8.594366
4.38 8.03 0.17 22.91831 12.605071 -8.594366
4.06 8.099999 -0.02 12.605071 1.1459155 -6.3025355
4.06 8.15 0.21 5.15662 -3.4377468 -4.583662
3.7099998 8.0199995 0.71 0.57295775 1.7188734 -3.4377468
3.22 8.179999 1.38 3.4377468 -0.57295775 0.57295775
3.26 8.42 1.61 11.459155 -4.583662 2.8647888
3.6 8.61 1.29 13.178029 -4.583662 3.4377468
3.8 8.79 1.1999999 1.7188734 0.0 3.4377468
3.6899998 8.83 1.5799999 1.1459155 0.0 2.8647888
3.23 8.86 1.9499999 4.583662 -3.4377468 5.7295775
3.1499999 8.9 1.9 4.0107045 -3.4377468 7.448451
3.48 9.04 1.68 -1.7188734 0.57295775 7.448451
3.6999998 9.059999 2.36 -5.15662 -1.7188734 3.4377468
3.4499998 8.99 2.48 1.7188734 -7.448451 3.4377468
3.73 9.059999 2.37 5.15662 -7.448451 2.291831
3.72 8.82 2.1299999 1.1459155 -3.4377468 1.7188734
3.4399998 8.62 2.21 -2.291831 0.0 3.4377468
3.1499999 8.45 2.32 -1.1459155 -4.583662 9.167324
3.34 8.58 2.25 1.1459155 -9.167324 9.740283
3.79 8.599999 1.9799999 -2.8647888 -9.167324 6.3025355
3.76 8.61 1.64 -18.907606 -4.0107045 6.3025355
3.46 8.58 1.89 -31.51268 0.0 6.3025355
3.74 8.62 3.09 -26.356058 0.0 4.583662
3.46 8.47 3.82 -4.583662 -4.583662 5.15662
3.51 8.51 3.4099998 5.7295775 -5.15662 3.4377468
3.5 8.61 2.79 8.021409 -5.15662 1.7188734
3.4199998 8.72 2.3999999 5.15662 -5.7295775 1.1459155
3.36 8.71 2.21 -2.291831 -2.8647888 2.291831
3.6399999 8.79 2.6599998 -4.583662 -3.4377468 1.7188734
3.6799998 8.82 3.1399999 3.4377468 -5.15662 0.57295775
3.6699998 8.83 3.1299999 5.7295775 -5.15662 0.57295775
3.6499999 8.809999 2.6499999 0.0 -2.8647888 0.57295775
3.74 8.87 2.77 -4.583662 1.1459155 0.0
3.85 8.94 2.97 -2.291831 1.7188734 -2.291831
3.56 8.7 3.21 6.3025355 -1.1459155 -4.0107045
3.4199998 8.71 2.77 5.15662 0.0 -2.291831
3.61 8.72 2.6699998 0.57295775 0.0 -3.4377468
3.56 8.71 2.96 1.7188734 1.7188734 -4.583662
3.37 8.47 2.82 3.4377468 1.7188734 -3.4377468
3.26 8.48 2.5 -1.1459155 1.1459155 -0.57295775
3.6 8.62 2.4299998 -2.8647888 0.57295775 -2.8647888
3.7099998 8.63 2.71 -2.291831 0.0 -4.583662
3.32 8.38 2.8 -4.583662 1.1459155 -2.291831
3.36 8.32 2.9099998 -5.7295775 3.4377468 -1.1459155
3.55 8.4 3.05 -2.8647888 2.8647888 -19.480566
3.54 8.349999 3.03 4.0107045 0.57295775 -2.291831
3.4499998 8.349999 2.55 0.0 2.291831 -1.7188734
3.36 8.5 2.5 -8.021409 4.0107045 -0.57295775
3.48 8.58 3.06 -8.021409 5.7295775 -1.1459155
3.4299998 8.599999 3.35 0.0 4.583662 -0.57295775
3.34 8.5199995 2.9399998 8.594366 1.1459155 0.0
3.22 8.599999 2.3999999 3.4377468 1.7188734 1.1459155
3.34 8.67 2.03 -3.4377468 2.291831 0.57295775
3.4199998 8.74 2.6 -2.291831 2.291831 0.57295775
3.34 8.67 2.9299998 1.7188734 1.1459155 1.1459155
3.46 8.65 2.84 2.291831 0.57295775 1.7188734
3.59 8.66 2.6399999 0.57295775 0.0 0.57295775
3.49 8.61 2.8899999 3.4377468 0.0 0.57295775
3.6 8.78 2.76 5.15662 0.0 0.57295775
3.56 8.71 2.55 2.8647888 0.57295775 0.57295775
3.46 8.61 2.6399999 1.1459155 0.0 0.0
3.32 8.57 2.78 2.8647888 0.0 0.57295775
3.58 8.73 2.62 2.291831 -1.7188734 -1.1459155
3.56 8.63 2.59 0.0 0.0 -1.1459155
3.08 8.4 2.86 -1.7188734 1.7188734 1.1459155
3.1999998 8.46 3.1 0.0 1.1459155 1.7188734
3.8 8.61 3.06 3.4377468 0.0 -4.0107045
3.49 8.59 2.6299999 2.291831 1.1459155 -6.3025355
3.1399999 8.58 2.3 -5.15662 1.7188734 -5.7295775
2.97 8.4 2.73 -12.032113 2.8647888 -1.7188734
3.28 8.38 3.33 -8.021409 4.0107045 0.0
3.37 8.48 3.35 0.57295775 1.1459155 0.57295775
3.62 8.65 2.96 8.021409 -0.57295775 -0.57295775
3.59 8.72 2.61 4.0107045 0.57295775 -1.1459155
