0.12210801 9.598648 1.1229149 -14.388044 -6.188875 -0.005075
0.06943397 9.591465 0.7685622 -3.538045 -1.9888752 -1.930075
0.052674048 9.569917 0.52913475 3.356955 -4.6838746 -2.4550753
0.1340794 9.694419 0.5219519 4.266955 -8.323874 -2.6300752
0.11971374 9.687236 0.69194543 1.046955 -7.133875 -2.420075
-0.026337024 9.665688 0.7877164 -2.838045 -5.768875 -3.225075
-0.026337024 9.692024 0.85236186 -3.0830452 -5.803875 -4.625075
0.028731298 9.694419 0.8236305 -1.5430449 -6.363875 -3.400075
0.03351985 9.718362 0.7972935 -0.94804496 -5.978875 -2.735075
0.12210801 9.60583 0.8236305 -2.1730452 -3.003875 -2.2800748
0.10055954 9.644139 0.82602483 -3.3630452 0.636125 -2.245075
0.11492519 9.653716 0.9074302 -3.573045 0.671125 -2.875075
-0.023942748 9.677659 0.9577099 -3.328045 -1.813875 -3.855075
-0.076616794 9.692024 0.9385557 -2.978045 -2.7238753 -4.345075
-0.06464542 9.737515 1.1612233 -4.448045 -2.758875 -4.065075
-0.08858817 9.895537 1.472479 -6.933045 -2.478875 -3.785075
-0.22745611 10.132571 1.7621863 -8.788045 -3.738875 -3.995075
-0.18435916 9.962578 2.8108785 -12.323045 -9.268875 -7.4950747
-0.7781393 9.598648 4.6736245 -17.188046 -24.073875 -16.735075
-0.82602483 9.519637 5.6600657 -16.873047 -39.333874 -24.960075
-1.0941836 9.462174 6.1532865 -12.358046 -44.268875 -23.840075
0.22027329 9.050359 6.715941 -9.418045 -35.553875 -16.385077
0.8044763 8.784595 6.811712 -8.368046 -18.263876 -9.490075
0.5650489 8.305739 6.409474 -2.9430451 0.81112504 -12.010075
-0.08140534 7.905895 5.427821 4.091955 26.291124 -17.925077
-0.35914123 7.8532214 5.1812105 9.481955 51.73613 -17.750074
-0.6392714 8.035186 4.7071443 13.471954 71.12613 -12.080075
0.3232271 8.645726 3.46691 23.166956 81.83612 -2.735075
1.4174107 8.530801 2.2554069 36.676956 79.73613 13.644925
1.7550035 8.22194 1.2761484 42.661957 80.89113 25.999924
1.4820561 8.166871 1.4533248 39.511955 95.55613 26.034925
1.6041641 8.157294 1.010384 36.991955 103.50113 22.149925
1.7550035 8.174054 -0.6464542 46.091953 100.80613 22.464926
1.7621863 8.042369 -1.5993756 59.286957 101.43613 25.859926
1.4341706 8.042369 -2.011191 63.24196 101.78613 23.689926
1.8100717 8.197997 -2.49244 59.951958 97.13113 19.839926
1.620924 7.9346266 -3.213117 56.311954 96.88613 22.954926
1.036721 7.989695 -3.45015 51.271957 105.32113 25.579926
1.3479767 8.159689 -2.4684973 41.891953 112.076126 24.984926
1.9704882 8.248277 -2.4086404 33.876957 102.62613 28.799927
2.3990633 8.274613 -3.2083282 38.741955 91.81113 34.924927
2.6648278 8.6984005 -4.084633 49.346954 93.07113 36.744926
3.8643596 9.397529 -4.3695517 52.706955 98.53113 35.694923
4.8292522 9.09585 -5.1692395 52.706955 95.31113 41.399925
4.5610933 8.504464 -5.5140147 58.236958 92.47613 42.834923
3.0287576 8.61939 -4.8292522 58.166958 99.40613 27.784924
3.172414 8.854029 -5.8827333 61.38696 92.68613 10.564925
4.1540666 8.806143 -8.123775 78.99195 67.62613 27.189924
4.3671575 8.743892 -8.559532 73.84696 48.201126 30.899925
3.9313993 8.9976845 -7.903501 52.77696 41.971123 27.224926
4.252232 8.880365 -8.425453 42.13695 36.511127 30.654924
4.80531 8.894731 -10.628186 43.641956 24.576126 37.759926
4.6999617 8.791777 -10.9490185 32.406956 10.331124 35.519924
4.11097 8.645726 -9.316123 0.416955 -6.188875 22.814926
4.1373067 8.576292 -8.114198 -28.108046 -21.623875 15.814925
4.680807 8.415876 -8.097438 -39.868046 -34.328876 15.289925
4.8771377 8.447001 -7.51084 -48.688046 -47.453876 13.469925
4.4270144 8.078283 -5.794145 -62.338043 -62.398872 3.3549252
4.0918155 8.039975 -4.333637 -74.76305 -76.36387 -8.825075
4.434197 8.277008 -3.9697077 -76.23305 -87.45887 -9.560075
4.182798 8.612206 -4.2665977 -70.07305 -90.71388 -3.365075
4.130124 8.267431 -3.9601305 -70.66804 -90.18888 -5.640075
4.000833 7.9585695 -2.5642684 -83.02305 -94.49388 -13.585075
3.7111259 7.7718163 -1.6352897 -94.39805 -101.10887 -21.180075
3.1556542 7.8532214 -1.0343267 -95.48305 -108.77388 -25.660076
2.5044115 7.47732 0.09337672 -94.32805 -117.13888 -31.295073
2.6887705 7.474926 1.2474172 -95.51804 -125.29388 -36.615078
2.9305923 7.8125186 1.1564348 -89.07804 -130.12387 -32.275074
2.8467927 7.848433 0.90503585 -73.92305 -135.79387 -25.450075
2.49244 7.7718163 0.9529214 -63.773045 -140.30887 -24.225075
2.4637089 7.699988 1.3934679 -63.668045 -139.15387 -22.580074
1.8364087 7.8747697 1.8914771 -68.88304 -129.45888 -17.120073
1.0846065 8.209969 1.9656997 -71.01804 -118.223885 -12.535075
1.498816 8.420665 2.753416 -69.47804 -110.80388 -6.0600753
2.3392065 8.734315 3.4716985 -66.60805 -111.08388 2.899925
2.6887705 9.059936 2.8683412 -53.378044 -125.04888 5.839925
2.4110348 8.973742 2.1476645 -31.328045 -139.08388 1.534925
2.2099156 8.614601 2.5092 -19.253044 -141.39386 -3.785075
2.2601955 7.90829 3.3256476 -27.373045 -133.48387 -7.565075
1.515576 8.078283 3.7015488 -42.353043 -121.268875 -9.805076
1.1708003 8.226728 4.371946 -50.788048 -107.02388 -9.210075
1.8340145 7.7526617 6.091035 -57.683044 -96.908875 -3.7500753
2.3032923 7.7694216 6.778192 -65.24305 -95.47388 0.58992505
2.3631492 7.9418097 6.4621477 -59.713043 -94.59888 1.149925
1.9680939 7.781393 6.689604 -42.388046 -92.28887 1.324925
1.7669748 7.728719 7.6473136 -34.233044 -73.42388 3.529925
1.9178141 8.250671 7.920261 -26.708046 -54.033875 12.069924
2.4469488 8.988108 6.58665 -6.0580454 -40.068874 20.714924
3.1077688 9.265843 5.6983743 7.976956 -33.418877 25.579926
3.7326744 9.016839 5.5978146 4.7219553 -21.763876 26.629927
3.1436827 9.421472 6.3113084 -5.148045 -3.9838753 24.914925
2.9090438 9.490906 6.2586346 -5.673045 11.941126 23.934927
2.935381 9.126976 5.7007685 6.996955 16.246126 22.604925
3.4716985 8.767835 5.154874 18.371956 16.736126 22.464926
3.4429672 9.232324 4.73827 23.901955 25.941126 26.874926
3.4262073 9.517242 4.417437 28.066956 39.941124 29.884926
3.8116856 9.419077 3.4022646 36.991955 49.041126 29.324926
3.5842295 9.474146 2.5115943 46.511955 50.336124 26.454926
3.3136764 10.178062 2.0973847 46.861958 52.856125 23.129925
3.9050622 10.101445 1.5778271 41.086956 64.72112 24.599926
3.842811 10.000886 1.462902 36.326954 70.88113 25.369925
3.2490308 10.494106 1.462902 32.896954 65.14113 22.534927
3.46691 10.776631 0.77574503 31.391956 63.636127 23.339926
3.7063375 10.537204 0.27055305 31.776957 65.56112 26.454926
3.3567734 10.178062 0.44772938 28.171955 62.166122 23.969925
3.11974 10.091868 1.1947432 16.796955 58.666126 20.399925
3.344802 10.190034 1.1037607 6.086955 64.12613 24.109926
3.641692 10.23313 1.0343267 4.056955 68.43113 30.164927
3.7877429 10.0200405 0.9624985 5.9119554 67.066124 33.454926
4.1349125 10.326508 1.1229149 8.221954 63.671127 33.594925
4.371946 10.441432 0.5865973 10.881955 62.131123 33.489925
4.1420956 10.352844 0.25379312 17.531956 62.691124 31.179926
4.2115293 10.206794 0.21069619 20.821957 62.971127 26.489925
3.9361877 10.446221 -0.16759923 20.261953 62.93613 23.199924
3.5650752 10.788602 -0.65842557 21.451956 59.99612 20.819925
3.7877429 10.644946 -1.0055954 22.431955 60.416122 21.099924
4.173221 10.307353 -1.3288225 21.941954 60.346123 22.044926
4.063084 9.72315 -1.1157321 18.231955 50.791122 20.434925
3.5387383 9.411894 0.22745611 5.7719545 42.951126 17.844925
3.6081722 9.165284 1.6161355 -14.738046 42.356125 16.514925
4.295329 8.885154 2.2075214 -27.058046 45.401123 20.294926
4.539545 8.9186735 2.0375278 0.206955 36.231125 21.624926
4.2809634 9.387952 1.5874043 22.291956 30.456127 14.379925
4.2665977 9.560339 -0.045491222 42.17196 30.911123 7.379925
4.1420956 9.660899 -1.0510867 51.166954 28.671125 2.1649249
3.6105664 9.833286 -1.4557191 46.336956 21.006124 -3.9250753
3.2298768 9.838076 -1.3910737 33.946957 15.896125 -6.795075
3.059883 9.660899 -1.4269878 21.136955 13.621124 -5.605075
3.0790374 9.500483 -1.0702409 8.046955 9.141125 -3.365075
3.1987512 9.39274 -0.057462595 -6.373045 4.0661254 -0.320075
3.3926873 9.282603 0.5961744 -15.403047 1.301125 2.724925
3.6871831 9.246689 0.90024734 -15.088045 -2.513875 4.5449247
4.1181526 9.205987 1.1540405 -10.818045 -6.468875 5.3149247
4.106181 9.179649 1.5012103 -7.8430457 -7.623875 4.124925
3.9529476 9.069513 1.3958622 -3.573045 -7.028875 0.834925
3.9242165 8.889942 1.3383996 1.151955 -7.9038744 -1.6150751
3.624932 8.818114 1.4221992 2.096955 -7.9738755 -2.9800751
3.4190245 8.779806 1.4389591 1.2919549 -5.6638756 -3.645075
3.545921 8.791777 1.359948 0.731955 -4.6138754 -1.7550751
3.6440864 8.897125 1.297697 0.766955 -6.083875 0.27492502
3.684789 8.937828 1.3455825 -0.073045 -8.008875 0.90492505
3.5914123 9.019233 1.5586729 -1.893045 -8.323874 0.974925
3.5985951 9.067119 1.3982565 -2.348045 -6.0138755 0.624925
3.7111259 9.153313 1.0606637 -0.108045004 -6.0138755 0.204925
3.756617 9.167678 1.2665714 0.101955004 -8.148875 -0.005075
3.5171897 9.055147 1.690358 -4.518045 -7.8688755 -0.565075
3.4238129 8.980925 1.7741576 -7.2830453 -6.643875 -1.650075
3.8906965 8.980925 1.7071179 -5.3230453 -6.3988748 -0.670075
4.005622 9.031204 1.7095122 -2.9430451 -4.998875 1.044925
3.6919718 9.052753 1.6185298 -0.108045004 -3.5988748 -0.810075
3.675212 9.086273 1.0965779 4.056955 -4.5788746 -3.890075
3.78056 9.081485 1.1731946 5.211955 -5.698875 -4.030075
3.677606 9.033599 1.6185298 -0.108045004 -4.0888753 -2.3850749
3.5052183 8.93304 1.8340145 -5.6030455 -1.253875 -2.6300752
3.5507095 8.89952 1.5897985 -4.9730453 -1.673875 -3.6800747
3.6392977 8.904308 1.4078336 -0.773045 -3.423875 -3.015075
3.6105664 8.877971 1.5203645 1.256955 -3.2488751 -1.930075
3.5219781 8.89952 1.5754328 0.521955 -0.728875 -1.685075
3.5674694 8.9498 1.376708 1.011955 0.146125 -1.930075
3.6009893 8.959376 1.3000913 2.866955 -0.273875 -1.370075
3.5866237 8.954588 1.3527653 1.921955 -0.133875 -0.390075
3.4645157 9.098245 1.3647367 1.781955 -0.273875 -1.020075
3.493247 9.26345 0.9385557 2.376955 -1.113875 -0.670075
3.7494342 9.205987 0.76616794 -0.52804494 -1.533875 1.499925
3.7494342 9.174861 1.4269878 -7.9480453 -1.9188751 2.024925
3.7877429 9.016839 1.8914771 -11.903045 -1.4988751 1.254925
3.8236568 8.956982 1.8364087 -7.913045 -1.2888751 -0.005075
3.5483153 8.940222 1.6759924 -0.14304501 -1.9538748 -3.050075
3.2681851 8.9498 1.3000913 5.9819546 -2.3038752 -5.220075
3.354379 9.019233 1.0678465 8.081955 -1.008875 -3.4700751
3.8236568 9.050359 0.94095 5.3519554 1.301125 0.16992499
3.7542229 9.047964 1.1923488 1.116955 2.001125 0.834925
3.4166303 8.966559 1.4389591 -1.6480451 0.636125 -2.3150752
3.387899 8.93304 1.4868447 -1.3680451 -1.2888751 -3.435075
3.5650752 9.012051 1.3168511 0.94195503 -2.1288753 -1.650075
3.6225379 9.103033 1.3000913 2.5169551 -3.5638752 -0.49507502
3.833234 9.253872 1.5107874 1.081955 -3.108875 0.90492505
3.8787253 9.287392 1.489239 -1.088045 -0.098875 2.724925
3.7661943 9.282603 1.2761484 0.416955 0.986125 1.639925
3.7302802 9.205987 1.1253091 2.6919549 -0.763875 -0.915075
3.553104 9.115005 1.2785428 0.906955 -0.763875 -1.7550751
