-0.21 11.63 0.59 16.615776 -17.761692 -14.896902
0.85999995 11.29 0.83 -6.8754935 -12.032113 -2.291831
0.81 10.86 2.36 -31.51268 1.7188734 1.1459155
0.0 10.57 3.8899999 -44.69071 12.032113 -10.31324
-0.39 9.969999 3.49 -34.950428 9.740283 -17.761692
-0.9 9.75 3.1899998 -14.896902 17.188732 -20.62648
-1.62 9.67 3.98 -8.021409 21.772396 -22.345354
-1.43 9.5 5.29 -9.167324 13.178029 -16.042818
-0.84999996 9.12 4.72 4.0107045 5.15662 -10.31324
-0.74 9.13 3.6399999 22.91831 9.740283 -12.032113
-1.24 9.24 3.59 25.7831 21.772396 -17.188732
-1.23 9.09 4.19 10.886198 25.7831 -17.188732
-1.02 8.599999 4.56 1.7188734 28.07493 -13.178029
-0.94 8.45 4.63 1.1459155 28.64789 -12.605071
-0.78999996 8.71 4.47 10.31324 42.398876 -12.032113
-0.56 8.67 4.13 13.178029 45.83662 -10.886198
-0.44 8.66 3.56 14.323945 50.420284 -11.459155
-0.56 8.88 2.87 7.448451 60.160564 -14.323945
-0.71999997 8.66 2.8999999 -2.8647888 73.91155 -16.042818
-0.71999997 8.66 2.8999999 -2.8647888 73.91155 -16.042818
-0.97999996 8.33 3.6299999 -22.91831 73.91155 -8.594366
-0.29999998 7.99 3.58 -17.188732 76.77634 -1.1459155
-0.19 7.6699996 3.58 -7.448451 85.94367 2.8647888
-0.79999995 7.77 3.55 0.0 92.81916 6.8754935
-0.39999998 7.8399997 3.1 14.323945 103.1324 20.053522
0.25 8.4 1.8499999 26.356058 108.86198 33.80451
0.96 8.28 0.90999997 21.199438 115.16451 36.09634
0.72999996 8.04 1.12 2.291831 114.0186 32.658592
-0.32 8.24 1.66 -2.291831 112.29972 29.793804
0.16 7.9199996 1.61 5.15662 110.0079 38.38817
1.09 7.7 0.91999996 10.886198 108.86198 43.544792
0.84999996 8.13 0.22 19.480566 109.43494 44.69071
1.26 8.46 0.35 15.469859 111.72677 40.680004
1.61 8.41 0.03 9.167324 108.289024 42.398876
1.65 8.19 -0.41 6.3025355 109.43494 41.25296
1.4399999 8.15 0.35 2.8647888 116.883385 42.398876
1.99 8.09 -0.02 4.0107045 110.0079 42.971836
2.6699998 7.6299996 -2.21 17.761692 104.27831 43.544792
1.74 7.74 -2.28 3.4377468 115.16451 45.83662
1.36 7.93 -0.32 -26.929016 123.18592 52.139156
2.3799999 7.95 -0.04 -28.64789 103.70536 57.29578
3.54 8.889999 -1.38 -6.8754935 88.80846 61.879436
3.54 9.11 -2.71 -3.4377468 91.67324 62.4524
2.61 9.15 -1.8499999 -8.594366 91.10028 58.441692
2.96 9.08 -1.93 -7.448451 77.349304 56.14986
3.24 9.889999 -1.9699999 -3.4377468 65.890144 58.441692
4.12 10.07 -1.77 -6.3025355 67.03606 67.60902
4.7 10.179999 -1.54 0.0 63.598316 73.91155
3.85 10.5 -2.36 17.761692 64.17127 69.32789
3.78 10.66 -2.9199998 26.929016 65.317184 61.30648
3.74 10.61 -3.6899998 30.939718 53.858032 50.993244
4.67 10.86 -2.59 13.178029 52.712116 55.576904
5.22 11.0199995 -2.56 4.0107045 55.00395 57.868736
4.54 11.28 -2.79 3.4377468 37.815212 50.420284
4.5899997 11.309999 -2.9099998 2.8647888 18.334648 38.961132
4.69 11.44 -2.3799999 -1.1459155 1.1459155 34.950428
6.0099998 11.36 -2.7 -0.57295775 -1.7188734 33.80451
5.7599998 11.099999 -3.85 0.57295775 -13.750987 16.042818
5.7599998 11.099999 -3.85 -20.62648 -3.4377468 3.4377468
4.27 10.849999 -1.35 -28.64789 -1.1459155 0.0
5.69 10.79 -1.5899999 -7.448451 -32.658592 2.8647888
6.46 10.62 -2.77 5.7295775 -44.69071 -7.448451
4.58 10.58 -3.3799999 0.0 -38.38817 -21.772396
3.8899999 10.44 -3.12 -8.021409 -37.242256 -21.199438
4.5 10.429999 -1.49 -21.772396 -49.84733 -9.167324
5.29 10.389999 -1.6899999 -16.042818 -69.32789 -2.291831
5.99 10.5199995 -1.76 -12.032113 -79.06818 -8.594366
5.1099997 9.94 -1.15 -16.615776 -77.349304 -17.188732
4.85 9.639999 -1.06 -17.761692 -75.057465 -18.334648
4.92 9.429999 -0.98999995 -17.761692 -87.662544 -12.605071
5.5099998 9.26 -0.64 -20.62648 -95.11099 -6.8754935
4.4 9.11 0.14 -25.210142 -89.38142 -9.740283
4.37 9.57 0.28 -20.053522 -85.37071 -5.15662
5.33 9.54 -0.95 -6.3025355 -96.829865 4.583662
5.46 9.69 -1.0699999 -11.459155 -101.98649 3.4377468
5.46 9.71 -0.37 -23.49127 -109.43494 -2.291831
5.38 9.32 0.19999999 -28.07493 -110.0079 -7.448451
4.39 9.11 0.48999998 -27.501974 -109.43494 -9.740283
4.33 9.26 0.88 -26.356058 -115.73747 -4.0107045
5.1 9.469999 1.0699999 -26.356058 -118.029305 -0.57295775
5.24 9.4 1.0699999 -20.62648 -120.89409 -1.7188734
5.06 9.22 0.82 -19.480566 -121.46705 -7.448451
4.88 8.7 1.09 -21.772396 -120.32113 -8.021409
4.58 7.94 2.35 -33.80451 -114.59156 -10.31324
4.37 7.0 3.3899999 -36.09634 -114.59156 -10.31324
3.87 7.02 2.8799999 -20.62648 -114.0186 -11.459155
3.3 7.2599998 2.58 -5.7295775 -112.87268 -10.886198
2.84 7.35 2.3 -1.7188734 -110.0079 -11.459155
2.53 7.19 2.81 -9.740283 -105.42423 -4.0107045
2.55 8.09 3.5 -12.032113 -91.10028 1.1459155
4.0699997 8.59 1.55 2.291831 -95.11099 9.167324
3.47 8.41 -0.32999998 7.448451 -96.829865 0.0
2.69 7.44 2.21 -40.680004 -84.22479 -10.886198
1.6999999 8.3 5.2799997 -79.06818 -66.463104 -26.356058
3.11 7.71 4.71 -70.47381 -75.630424 -8.594366
2.85 8.36 3.6999998 -25.7831 -69.32789 -4.0107045
1.86 8.29 4.42 -23.49127 -68.18198 -6.8754935
1.88 8.639999 4.93 -25.210142 -61.30648 -2.8647888
2.8799999 9.58 3.5 -10.886198 -50.420284 6.8754935
3.58 10.04 2.33 8.021409 -56.72282 16.615776
3.9499998 9.15 0.98999995 -3.4377468 -70.47381 9.740283
2.69 7.46 4.16 -40.107044 -79.06818 -23.49127
0.38 8.41 4.2999997 -59.014652 -65.890144 -46.40958
2.26 7.37 3.98 -47.555496 -34.950428 10.886198
2.76 7.3999996 3.4399998 -37.815212 -12.605071 38.961132
3.48 7.45 4.91 -37.815212 -6.3025355 37.815212
4.41 7.7 4.5 -13.178029 -8.021409 37.242256
3.9299998 8.9 2.69 2.291831 -2.291831 33.80451
3.22 8.95 3.85 -20.62648 11.459155 41.25296
3.55 9.53 5.5899997 -25.7831 20.053522 46.98254
4.83 9.79 4.4 -1.7188734 26.929016 53.285076
4.83 9.86 3.23 0.57295775 38.38817 48.128452
3.97 9.559999 4.2799997 -13.178029 47.555496 42.971836
3.83 10.07 4.35 -5.15662 53.285076 38.38817
4.8399997 10.59 2.8999999 2.291831 55.576904 37.815212
5.66 10.25 1.8199999 5.7295775 57.29578 44.69071
4.97 10.13 3.4099998 -12.605071 55.00395 37.815212
5.27 10.429999 5.27 -21.772396 53.858032 36.669296
5.52 11.69 4.5299997 0.57295775 59.014652 40.107044
6.39 12.08 1.6999999 33.231552 66.463104 33.231552
5.65 11.32 0.53999996 32.085636 66.463104 13.750987
4.13 10.66 2.05 1.1459155 60.160564 -6.3025355
5.91 10.11 4.22 -24.064226 64.74423 4.583662
5.7 10.179999 4.2599998 -16.615776 86.516624 0.0
5.96 10.309999 2.77 15.469859 82.50592 -4.0107045
5.73 9.07 2.11 30.366762 86.516624 9.740283
5.19 9.59 1.5 32.085636 95.11099 11.459155
5.66 10.12 1.11 26.356058 105.997185 24.637184
6.16 10.139999 0.53999996 27.501974 110.58085 29.793804
5.6 9.84 0.84999996 26.929016 99.69466 18.334648
5.25 9.98 1.64 24.064226 92.24621 13.750987
5.98 10.25 1.55 22.345354 91.10028 14.323945
5.92 10.26 0.95 21.772396 85.94367 7.448451
5.15 8.98 1.23 17.188732 79.641136 2.8647888
4.62 8.44 2.98 0.57295775 76.77634 1.1459155
5.12 8.3 2.27 5.7295775 86.516624 2.8647888
5.24 8.38 1.17 18.907606 86.516624 2.8647888
4.94 8.23 -0.29 37.242256 71.61973 0.0
4.29 7.89 0.29 26.929016 65.317184 4.0107045
5.2799997 8.72 1.03 6.3025355 54.43099 17.188732
5.48 8.98 0.55 8.021409 65.317184 20.62648
5.15 9.22 0.51 12.032113 64.74423 18.334648
4.66 8.7 1.8499999 -4.583662 50.420284 12.605071
4.27 8.349999 3.1299999 -14.323945 50.420284 10.886198
4.81 8.09 2.0 18.907606 69.32789 8.594366
4.81 8.09 2.0 33.231552 68.18198 2.8647888
3.1399999 7.12 -0.39 45.263664 61.30648 -10.886198
3.31 7.17 0.26 23.49127 45.263664 -5.15662
3.62 7.27 1.3199999 8.021409 40.107044 1.1459155
5.06 7.96 2.5 -5.15662 36.669296 14.323945
5.13 8.74 1.39 20.62648 27.501974 15.469859
5.13 8.86 0.88 25.210142 21.199438 9.167324
4.23 8.84 1.4699999 12.032113 23.49127 4.583662
4.0 8.849999 2.6599998 2.291831 26.929016 10.31324
4.4 8.95 2.8 2.291831 28.07493 11.459155
4.02 8.59 1.7099999 16.042818 22.345354 -0.57295775
3.05 8.38 0.78 14.323945 15.469859 -6.3025355
3.23 8.29 0.90999997 0.0 20.053522 2.8647888
4.0099998 8.49 1.8 -4.0107045 22.91831 11.459155
4.27 8.74 1.5899999 7.448451 17.188732 10.31324
3.9299998 9.09 1.24 15.469859 14.323945 2.8647888
3.3 9.139999 1.13 11.459155 10.886198 0.57295775
3.46 9.0199995 1.8499999 2.291831 12.032113 3.4377468
3.6599998 9.0199995 2.04 1.7188734 13.750987 6.3025355
3.47 9.25 1.29 5.7295775 10.31324 4.0107045
3.6 9.21 1.03 5.7295775 5.15662 2.291831
3.4099998 8.87 1.62 -0.57295775 0.0 0.0
3.1299999 8.73 2.7 -9.167324 -3.4377468 2.291831
3.48 8.99 2.74 -7.448451 -5.7295775 6.8754935
4.06 9.309999 2.6599998 -1.1459155 -5.7295775 8.594366
3.8 9.16 2.6299999 3.4377468 -2.291831 0.57295775
3.4099998 8.679999 2.6599998 6.3025355 -4.583662 -6.3025355
3.1 8.75 2.51 6.3025355 -1.7188734 -4.583662
3.58 9.059999 2.44 0.0 1.7188734 2.8647888
3.82 8.87 2.73 -6.8754935 -0.57295775 4.583662
3.51 8.639999 3.21 -7.448451 -5.7295775 0.0
3.54 8.88 2.74 0.0 -8.594366 -1.1459155
3.1899998 9.04 2.3799999 3.4377468 -6.8754935 -1.7188734
3.36 8.79 2.85 -4.583662 0.0 0.57295775
3.4299998 8.599999 3.54 -8.594366 0.57295775 2.291831
3.35 8.69 3.4099998 1.7188734 -1.7188734 0.0
3.37 9.059999 2.0 8.021409 -4.583662 -1.7188734
3.32 8.7699995 2.6299999 4.583662 -5.15662 -4.0107045
3.34 8.61 3.1499999 -5.7295775 -2.8647888 -1.7188734
3.5 8.67 2.96 -3.4377468 -2.8647888 0.0
3.6299999 8.71 3.08 0.0 0.0 0.57295775
3.7099998 8.7699995 3.09 0.0 2.291831 0.0
3.03 8.78 2.4099998 6.3025355 3.4377468 -3.4377468
2.9299998 8.73 2.48 5.15662 2.8647888 -4.0107045
3.35 8.679999 2.76 -4.0107045 0.57295775 0.0
3.3 8.65 2.87 -4.583662 1.1459155 0.57295775
3.11 8.47 2.76 0.57295775 -1.1459155 0.0
3.27 8.57 2.81 2.8647888 -2.8647888 2.291831
3.4299998 8.9 2.6599998 5.15662 -3.4377468 4.583662
3.6499999 8.94 2.3899999 7.448451 -2.291831 4.0107045
3.48 8.91 2.6299999 3.4377468 -2.8647888 1.7188734
3.28 8.95 2.84 1.7188734 -5.7295775 1.1459155
3.4499998 9.07 2.62 3.4377468 -3.4377468 2.8647888
3.58 9.21 2.48 2.291831 -4.0107045 2.291831
3.6299999 8.95 2.79 -3.4377468 -6.8754935 1.1459155
3.34 8.72 3.3999999 -7.448451 -4.583662 0.0
3.54 8.79 3.1899998 -4.0107045 0.0 2.291831
3.59 9.179999 2.33 4.583662 0.0 2.8647888
3.35 9.15 2.48 0.57295775 -2.8647888 0.0
3.53 9.04 3.1399999 -9.167324 -5.7295775 0.0
3.84 9.17 3.36 -9.740283 -6.3025355 0.57295775
3.75 8.98 3.0 -5.15662 -3.4377468 -2.291831
3.53 8.8 2.97 -4.0107045 0.0 -4.583662
3.5 8.74 2.96 -3.4377468 3.4377468 -4.0107045
3.6699998 8.83 2.57 1.1459155 4.583662 -4.0107045
3.51 8.95 2.24 2.291831 6.8754935 -5.7295775
3.4299998 8.74 2.3899999 -2.8647888 0.57295775 -6.8754935
3.32 8.54 2.98 -7.448451 1.1459155 -5.15662
3.4499998 8.74 2.97 -4.0107045 3.4377468 -1.1459155
3.62 8.96 2.44 2.291831 3.4377468 -2.291831
3.36 8.74 2.28 4.0107045 0.57295775 -5.7295775
3.1 8.58 2.35 2.8647888 -1.1459155 -7.448451
3.1499999 8.51 2.52 0.57295775 -4.583662 -6.8754935
3.24 8.5199995 2.84 -2.8647888 -1.7188734 -1.7188734
3.5 8.62 2.72 -1.1459155 -1.7188734 -0.57295775
3.3799999 8.65 2.57 2.8647888 -4.583662 -1.7188734
3.32 8.65 2.6299999 1.7188734 -6.8754935 -2.8647888
3.3999999 8.559999 3.31 -4.0107045 -7.448451 -1.7188734
3.49 8.66 3.27 -2.291831 -5.7295775 0.0
3.36 8.84 2.78 4.0107045 -5.15662 -1.1459155
3.33 8.809999 2.69 1.7188734 -2.8647888 -0.57295775
