-2.53 10.37 0.01 4.583662 8.021409 -12.605071
-3.1699998 10.219999 1.14 -17.761692 1.1459155 -9.740283
-2.3999999 9.76 1.9499999 -25.210142 -18.907606 -1.1459155
-1.8399999 10.33 1.87 -10.886198 -22.91831 1.1459155
-2.72 10.74 1.73 4.0107045 17.761692 -12.605071
-2.83 10.5 1.6999999 4.0107045 17.761692 -12.605071
-2.69 10.01 1.8399999 -1.1459155 22.91831 -15.469859
-2.54 10.25 2.37 -7.448451 4.583662 -25.7831
-2.27 10.599999 2.22 -5.15662 1.7188734 -24.637184
-1.63 10.55 2.75 -25.210142 17.761692 -7.448451
-1.63 10.55 2.75 -25.210142 17.761692 -7.448451
-0.57 10.58 4.8399997 -50.993244 42.398876 1.1459155
-0.55 10.05 4.61 -45.83662 46.40958 -10.31324
-1.27 9.54 3.59 -26.929016 56.14986 -28.64789
-2.3799999 9.24 3.54 -20.62648 64.17127 -32.658592
-2.54 9.16 3.12 -22.91831 69.32789 -29.793804
-2.6599998 8.83 1.6899999 -32.085636 97.97578 -14.323945
-2.54 8.07 1.93 -54.43099 113.44564 -6.3025355
-2.9099998 7.7999997 3.6699998 -61.30648 107.143105 1.1459155
-2.1299999 8.22 2.3 -21.772396 93.96508 8.594366
-2.11 8.46 1.3 -10.886198 98.54874 6.8754935
-2.12 8.849999 0.28 -18.907606 116.31043 11.459155
-1.8 8.309999 0.0 -45.263664 120.32113 12.605071
-2.4199998 8.5 1.11 -43.544792 111.72677 9.740283
-2.22 8.389999 0.45999998 -36.669296 107.143105 10.31324
-2.4199998 8.25 0.19999999 -27.501974 105.997185 13.750987
-3.31 8.44 1.06 -28.64789 111.72677 18.907606
-2.1499999 8.28 0.71999997 -22.345354 112.29972 28.07493
-1.35 8.59 -0.7 -9.740283 101.41353 29.793804
-1.42 8.42 -1.1899999 -5.7295775 99.1217 26.929016
-1.8499999 7.72 1.53 -13.750987 99.69466 27.501974
-2.1299999 7.89 2.6599998 -5.7295775 76.203384 27.501974
-1.5899999 10.11 -3.9499998 62.4524 97.402824 22.91831
-0.32999998 8.83 -2.77 0.0 113.44564 48.701412
-0.68 8.09 2.85 -53.285076 100.26762 50.420284
-0.87 9.03 1.74 4.583662 83.65183 28.64789
-0.06 9.179999 -1.06 43.544792 87.089584 21.772396
-0.42999998 9.21 -4.52 63.598316 99.69466 22.345354
-1.24 8.929999 -1.4599999 2.8647888 100.84057 26.929016
-0.48 9.79 -1.73 4.583662 96.256905 30.939718
0.42 9.69 -2.69 7.448451 100.26762 34.377464
0.96999997 9.139999 -2.49 -17.761692 108.86198 36.669296
-0.37 8.83 -0.32999998 -13.750987 105.42423 28.64789
0.03 9.37 -1.4599999 3.4377468 99.69466 28.64789
2.9299998 9.26 -4.8399997 39.53409 98.54874 38.961132
3.73 8.99 -6.06 43.544792 100.84057 41.825916
1.5799999 8.7699995 -3.74 20.053522 116.883385 26.356058
-0.26999998 8.63 -2.22 10.886198 128.9155 15.469859
0.76 8.559999 -6.0099998 57.29578 115.73747 28.07493
0.93 8.559999 -7.5 68.18198 107.716064 32.085636
0.52 8.889999 -6.5299997 48.701412 99.69466 27.501974
1.0 9.0199995 -5.96 19.480566 81.36001 21.199438
0.16 9.79 -6.6 18.907606 76.77634 32.658592
0.22999999 9.889999 -6.0 7.448451 81.93296 53.285076
2.25 9.98 -5.73 4.0107045 55.576904 58.441692
3.06 10.0 -6.27 9.740283 37.815212 55.00395
2.12 10.7 -7.66 24.637184 22.91831 40.680004
1.9699999 10.45 -7.16 8.594366 30.366762 38.38817
1.9699999 10.45 -7.16 8.594366 30.366762 38.38817
3.7099998 10.5199995 -8.04 0.0 -7.448451 46.98254
3.61 10.34 -7.25 -1.7188734 -15.469859 42.398876
1.91 10.49 -4.39 -15.469859 -15.469859 36.09634
2.85 10.32 -6.24 -9.740283 -38.38817 23.49127
3.3799999 10.48 -7.31 22.345354 -46.40958 29.793804
3.6999998 10.23 -7.5899997 18.334648 -62.4524 22.91831
2.2 10.37 -5.0299997 -9.740283 -77.922264 7.448451
2.31 10.429999 -4.5 -22.91831 -79.641136 10.886198
2.8999999 10.389999 -4.48 -21.772396 -80.78705 18.907606
3.22 9.88 -5.0499997 -9.740283 -90.52733 24.064226
2.83 10.059999 -4.5 -4.0107045 -103.70536 11.459155
2.3 10.55 -3.97 2.8647888 -118.60226 4.583662
2.57 10.53 -5.18 16.042818 -123.18592 17.761692
2.3 10.5 -4.6 6.3025355 -123.75887 25.210142
2.96 10.76 -4.24 -5.15662 -131.78029 24.637184
2.96 10.76 -4.24 -5.15662 -131.78029 24.637184
3.4399998 10.719999 -3.53 -10.886198 -142.09354 20.62648
2.8899999 10.36 -1.91 -16.615776 -150.6879 13.178029
2.85 10.389999 -1.6899999 -12.032113 -147.25015 12.032113
3.05 10.59 -1.9 -5.15662 -143.23946 12.032113
3.1599998 10.32 -2.28 3.4377468 -141.52058 12.032113
1.65 10.0 -1.31 -0.57295775 -147.8231 0.0
1.4 10.09 -1.38 -2.291831 -147.25015 -2.291831
2.45 10.19 -2.02 -7.448451 -140.94762 5.15662
2.58 9.5 -1.5699999 -22.345354 -143.81241 -1.7188734
1.29 8.36 0.19 -41.825916 -139.80171 -9.167324
1.29 8.36 0.19 -41.825916 -139.80171 -9.167324
0.53999996 7.39 0.78 -49.84733 -127.76959 -6.3025355
0.81 6.81 1.11 -48.128452 -123.18592 1.1459155
-0.16 6.06 2.04 -44.11775 -126.62367 -2.291831
-0.72999996 6.39 2.35 -29.793804 -126.05072 2.291831
-0.29999998 6.3999996 1.9399999 -29.793804 -126.05072 2.291831
-0.19 6.5299997 2.23 -21.199438 -103.1324 14.323945
-0.56 6.0099998 3.1299999 -34.377464 -88.2355 30.366762
-0.51 6.39 3.33 -33.231552 -84.79775 33.80451
0.91999996 7.43 3.34 -22.345354 -74.48451 47.555496
0.71 7.3199997 3.08 -17.761692 -67.03606 52.712116
0.26999998 7.1499996 3.54 -17.188732 -48.128452 56.72282
-0.14 7.2599998 4.2999997 -18.334648 -39.53409 64.17127
1.52 8.36 3.1399999 -13.750987 -27.501974 74.48451
2.28 8.889999 2.76 -21.772396 -12.605071 85.37071
2.4299998 8.73 3.55 -48.701412 -4.583662 83.65183
1.15 8.75 5.6299996 -64.74423 9.167324 80.21409
1.68 9.3 5.8599997 -52.139156 10.31324 92.24621
3.4299998 9.8 4.3199997 -38.38817 14.323945 95.11099
3.9099998 9.889999 3.02 -19.480566 25.210142 85.37071
3.6599998 9.79 2.72 -20.053522 25.7831 71.61973
1.5 10.24 4.97 -52.139156 37.242256 71.61973
3.12 10.7 5.1 -56.14986 40.107044 85.37071
5.1099997 10.53 3.51 -38.38817 46.40958 103.70536
5.22 11.2 2.8899999 -17.188732 57.29578 88.2355
4.35 11.66 3.3999999 -21.772396 57.29578 69.900856
4.5699997 12.25 3.31 -22.91831 56.72282 69.900856
4.95 12.23 1.8199999 -6.8754935 69.32789 72.76564
5.8199997 12.16 0.71 -7.448451 73.91155 68.18198
5.65 12.04 2.23 -41.25296 62.4524 55.00395
4.7599998 11.74 4.89 -61.879436 56.72282 44.69071
5.08 11.37 5.43 -42.398876 60.160564 40.107044
5.5499997 11.21 4.79 -9.167324 71.61973 39.53409
6.46 11.639999 3.75 18.334648 77.922264 45.263664
7.37 11.86 2.18 42.398876 73.33859 41.25296
7.0899997 12.03 0.48999998 54.43099 65.890144 21.199438
6.91 11.62 -0.37 50.420284 67.03606 12.032113
6.2 11.34 -0.26 33.80451 75.057465 9.740283
6.0899997 10.32 0.48 24.637184 72.19268 8.594366
5.89 9.71 -0.07 27.501974 60.733524 2.8647888
5.6099997 9.389999 -0.71999997 41.825916 46.40958 -10.886198
4.5299997 9.67 -0.90999997 36.09634 52.139156 -15.469859
4.7799997 9.09 -0.22 9.740283 52.139156 -3.4377468
4.74 8.9 0.26999998 1.1459155 45.83662 0.57295775
4.91 8.889999 -0.84 17.188732 26.929016 -2.8647888
4.9 8.97 -1.23 28.64789 24.064226 -6.8754935
4.5 9.08 -0.89 37.815212 19.480566 -14.896902
4.3199997 8.849999 -0.68 32.085636 9.740283 -17.761692
4.25 8.94 -0.69 30.366762 8.021409 -17.761692
4.11 9.05 -0.34 21.772396 6.3025355 -17.761692
4.0 8.78 0.14 9.740283 12.605071 -13.750987
3.81 8.84 0.24 5.7295775 16.042818 -6.3025355
4.0299997 9.13 0.39 7.448451 17.761692 -3.4377468
4.2599998 9.04 0.11 9.740283 14.896902 -2.291831
3.62 9.07 0.14 16.615776 8.021409 -14.323945
3.04 8.92 0.02 17.188732 9.167324 -11.459155
3.05 8.74 0.82 5.7295775 13.178029 -0.57295775
3.52 9.01 0.83 1.1459155 13.178029 5.15662
3.9399998 8.96 0.53999996 3.4377468 7.448451 6.3025355
3.77 9.3 1.11 5.15662 0.0 1.7188734
3.23 9.179999 0.94 9.167324 -5.15662 -4.0107045
2.96 9.29 1.13 13.750987 0.0 -2.8647888
3.54 9.3 0.74 10.31324 4.583662 3.4377468
3.87 9.3 0.78 4.0107045 4.0107045 8.594366
3.82 9.389999 1.5799999 -3.4377468 -1.1459155 4.0107045
3.61 9.4 2.1 -8.021409 -4.583662 -1.7188734
3.47 9.29 2.1 -5.15662 -4.0107045 -1.7188734
3.49 9.26 1.43 5.15662 -1.1459155 -1.1459155
3.75 9.28 1.22 7.448451 0.57295775 0.57295775
3.6699998 9.28 1.17 0.57295775 -1.7188734 -1.7188734
3.56 9.349999 1.54 -3.4377468 0.0 -1.1459155
3.6699998 9.17 1.4399999 -3.4377468 0.0 0.0
3.53 8.99 1.56 -2.291831 2.8647888 -0.57295775
3.6599998 8.92 1.4499999 -0.57295775 2.291831 -0.57295775
3.51 9.03 1.5 1.1459155 -1.1459155 -2.8647888
3.51 9.15 1.22 6.8754935 -1.7188734 -2.8647888
3.55 9.13 1.0 7.448451 -0.57295775 -2.291831
3.59 9.07 1.0 1.1459155 0.57295775 -0.57295775
3.61 9.0199995 1.28 -6.8754935 3.4377468 0.0
3.57 8.94 1.5999999 -10.31324 4.583662 1.1459155
3.61 8.97 1.9799999 -6.3025355 0.0 0.57295775
3.49 9.07 1.3 9.167324 -0.57295775 0.0
3.61 9.23 0.98999995 9.740283 4.0107045 1.1459155
3.87 9.17 1.5799999 -3.4377468 0.0 2.291831
3.8 9.139999 1.8299999 -6.8754935 -2.291831 1.7188734
3.51 9.2 1.63 0.0 0.0 -2.291831
3.34 9.19 1.42 5.15662 0.0 -2.291831
3.48 9.15 1.49 2.8647888 0.0 -1.1459155
3.6 9.23 1.39 1.7188734 -1.7188734 0.0
3.25 9.13 1.36 3.4377468 0.0 -1.7188734
3.34 9.12 1.35 2.8647888 0.57295775 -1.7188734
3.53 9.07 1.38 0.0 -0.57295775 0.0
3.72 9.26 1.4599999 0.57295775 1.1459155 0.57295775
3.83 9.23 1.28 2.291831 0.57295775 0.0
3.61 9.28 1.26 3.4377468 0.57295775 -2.291831
3.72 9.16 1.26 1.1459155 -1.1459155 -2.291831
3.53 9.08 1.35 0.0 -3.4377468 -1.7188734
3.3 9.05 1.36 0.57295775 0.0 -2.291831
3.6499999 9.099999 1.3 0.57295775 1.7188734 0.57295775
3.57 9.13 1.3399999 0.57295775 -1.1459155 -1.1459155
3.53 9.16 1.35 2.8647888 -0.57295775 -2.291831
3.6299999 9.07 1.26 4.0107045 0.57295775 -1.7188734
3.34 9.13 1.3399999 1.7188734 -1.1459155 -2.8647888
3.5 9.12 1.12 1.1459155 0.57295775 0.0
3.58 9.099999 1.1 1.1459155 0.57295775 0.0
3.54 9.11 1.1899999 -1.1459155 -1.1459155 0.57295775
