-1.2162915 9.72315 -0.26337022 0.0070700003 -11.374299 -0.759045
-1.0606637 9.73991 -0.25139886 -0.97292995 -11.4093 0.71095496
-1.0055954 9.761458 -0.23463893 -1.2879299 -10.4993 0.535955
-0.967287 9.883567 -0.2849187 -0.62293 -12.249301 -2.089045
-0.9026416 9.842864 -0.4860378 -1.11293 -12.774301 -4.4340453
-1.1803775 9.79019 -0.41181526 -5.45293 -10.3943 -5.379045
-1.3934679 9.7135725 0.014365649 -11.78793 -6.5443 -6.254045
-1.4102279 9.747093 0.4644893 -15.77793 -6.1943 -7.094045
-1.2833313 9.727939 0.5411061 -14.44793 -11.2692995 -6.219045
-1.1109436 9.505271 0.37590113 -10.317929 -18.1643 -6.6390452
-1.1875603 9.165284 0.55786604 -8.88293 -25.6543 -9.334045
-1.6879637 9.423865 1.2306572 -12.067931 -35.7343 -13.639045
-2.3894863 9.352037 2.1380875 -20.432932 -45.324303 -18.434046
-2.7749646 8.794171 2.6456738 -30.12793 -41.7543 -19.974045
-2.9329867 8.854029 3.344802 -38.98293 -15.6443 -16.544044
-2.0758362 8.767835 3.6392977 -41.25793 10.0457 -10.384045
-1.175589 8.894731 3.6800003 -32.717926 6.4057 -6.534045
-1.7023294 8.58587 4.2187123 -26.662931 -18.3393 -9.334045
-2.3272352 8.3679905 5.279376 -32.89293 -20.474302 -14.899045
-2.1716073 8.030397 5.954561 -39.99793 5.8457 -16.719046
-1.4557191 7.8340673 5.6337285 -34.01293 25.9707 -10.279045
-1.5036045 7.666468 4.7885494 -15.427931 24.080702 -4.4340453
-2.142876 7.640131 4.6544704 0.04207 19.0057 -4.749045
-2.3320236 7.57788 4.5084195 2.84207 32.7957 -4.1190453
-1.924997 7.6185822 3.78056 4.34707 50.5057 3.545955
-1.908237 7.685622 2.4852571 12.81707 56.840702 14.010955
-1.9489397 8.195602 2.779753 20.37707 64.190704 20.205956
-1.0606637 8.346442 2.004008 21.77707 63.455696 27.450956
-0.011971374 8.482916 0.7134939 30.56207 41.300697 39.560955
0.0670397 8.894731 0.5506832 38.927067 29.890701 46.945957
0.34716985 9.024022 1.0846065 35.987072 41.2657 46.735954
1.3407938 8.672064 0.9984126 28.88207 61.810707 45.615955
1.8196489 8.516436 0.23224466 40.88707 71.9607 43.305954
1.5921928 8.547561 -0.61293435 47.467068 77.5257 39.175953
1.5993756 8.166871 -0.4668836 44.56207 92.995705 38.300957
1.5514901 8.020821 -0.818842 46.48707 99.7507 37.705956
1.9728824 8.066312 -1.8747171 56.847073 93.7307 38.440956
2.0614705 8.118986 -2.5068057 63.42707 88.3057 40.225956
1.7095122 7.8268843 -2.4708917 62.937073 88.7957 37.00596
1.6616267 7.47732 -3.7230973 69.517075 88.6907 35.010956
1.462902 8.305739 -6.1101894 79.45707 88.8657 35.570953
1.7358493 8.779806 -7.659285 80.22707 88.0957 37.635956
1.6496553 8.454185 -8.875577 70.742065 85.1207 38.755955
0.34716985 9.239507 -8.875577 51.84207 69.40571 30.985956
0.36392978 9.948212 -8.107015 25.34707 64.470695 34.90596
2.3942747 10.022434 -9.071907 11.03207 67.0607 54.855957
4.146884 9.991309 -10.245102 10.50707 59.815704 73.26596
4.2737803 9.9889145 -9.1628895 -1.8829299 48.3357 68.33096
3.5938065 10.822123 -7.893924 -18.12293 21.175701 49.080956
4.3911 10.472558 -8.901914 -15.74293 -7.4192996 38.195957
4.810098 10.182851 -9.73991 -7.69293 -19.1443 39.210957
4.4844766 9.830893 -9.1940155 -12.83793 -27.9293 32.700954
3.5171897 9.931452 -7.23071 -30.33793 -45.149303 17.755955
3.7638 9.895537 -6.754249 -43.74293 -60.129295 9.425955
4.9274178 9.663293 -7.395915 -41.57293 -73.394295 14.885955
5.576266 9.284998 -6.960157 -38.10793 -84.8043 20.555956
5.233885 9.117398 -5.7821736 -49.412933 -95.4443 14.290955
4.810098 8.796566 -4.7286925 -68.137924 -101.53431 3.055955
5.1692395 8.339259 -3.7518287 -81.507935 -100.1343 -0.86404496
6.481302 7.7742105 -1.6927522 -90.22293 -96.949295 2.1109552
6.261029 8.648121 0.8236305 -93.86293 -111.3693 -1.1790451
3.510007 8.454185 -2.0782306 -76.64293 -137.82932 -20.149044
3.459727 8.224334 -2.9904492 -43.812927 -130.4443 -39.504044
3.9313993 8.274613 -0.8739103 -45.70293 -106.3643 -34.499046
3.397476 8.5882635 0.17478207 -68.907936 -119.419304 -29.459047
3.6009893 8.291373 -0.72785956 -76.257935 -150.14929 -32.329044
4.6999617 7.7478733 -0.46209505 -80.66794 -143.8493 -27.884047
4.573065 7.1756415 3.0742488 -107.12793 -119.6643 -14.374046
3.4788814 7.16367 5.190788 -138.97794 -108.1843 -15.214045
2.8443985 7.190007 4.3958883 -138.80293 -106.9593 -30.019043
2.4780743 7.0702934 3.1819913 -98.76293 -115.3243 -39.434044
1.9824595 6.9840994 3.2729738 -59.947937 -125.7893 -42.444046
2.1620302 7.3647895 3.6895776 -32.26293 -137.4093 -42.829044
1.9944309 7.6185822 2.710319 -15.56793 -148.50429 -41.04405
1.3982565 7.4964743 1.2498114 -7.8679304 -148.9593 -36.564045
2.1883671 7.1660647 2.3870919 -30.687931 -133.2793 -22.634045
3.4381785 7.0128307 5.147691 -60.122932 -124.2493 -7.654045
2.7414446 6.960157 4.3623686 -53.99793 -127.1543 -8.879045
1.7358493 6.646507 3.11974 -37.72293 -128.4843 -10.804046
2.7414446 6.0862465 5.4326096 -55.57293 -122.2193 1.760955
4.106181 6.402291 8.703189 -82.592926 -114.48431 22.340954
3.8739367 6.689604 9.668081 -71.70794 -115.28931 28.150953
3.3519847 6.761432 8.279403 -31.212933 -114.7643 19.820955
3.634509 7.063111 7.2426815 -2.96793 -98.9443 22.200954
4.62095 7.719142 7.8747697 1.5120701 -80.5343 36.900955
4.8484063 8.133351 8.777411 -4.43793 -69.894295 43.340954
5.0854397 8.22194 8.351231 -1.9879299 -55.019302 41.065956
5.504438 7.850827 7.0894475 7.21707 -28.3143 40.400955
5.621757 7.570697 6.996071 12.852071 -2.5893 38.615955
4.7885494 7.283384 7.233104 12.50207 13.4757 33.435955
3.9864676 7.2594414 7.472532 13.86707 19.4957 26.575954
4.3216662 7.3576064 6.715941 19.46707 35.5607 28.430954
5.1596622 7.6449194 6.282577 29.022068 57.0157 36.585957
5.463735 7.9920893 6.3807425 39.382072 66.9557 41.205956
5.439792 7.8699813 5.770202 55.02707 65.3457 34.765957
4.8340406 8.490098 4.7598186 74.62707 66.7807 26.365955
4.9944572 9.926663 3.3232534 87.92707 84.4907 29.305954
5.741471 10.79818 1.9968252 93.45707 109.4807 37.740955
5.89231 10.496501 0.59378016 97.30707 125.8957 39.000954
4.860378 10.688043 -0.083799616 97.76207 127.9607 30.460957
4.170827 11.736735 0.06464542 88.41707 112.3507 24.335955
4.925023 11.643358 -0.4860378 74.76707 104.2657 26.435955
5.1045938 10.89395 -0.9696813 69.37707 105.7007 32.105953
3.9074564 10.776631 -1.7214836 67.767075 97.82571 24.510956
3.6488748 11.904334 -1.7813405 62.237072 86.1357 17.545956
4.8986864 11.533222 -3.1819913 50.05707 88.9007 25.245955
4.4054656 10.606637 -4.348003 43.967068 92.29571 34.590958
2.3894863 10.245102 -2.9904492 38.05207 77.1407 27.205956
1.1181264 10.575512 -0.49082634 13.72707 60.060703 15.200956
3.3328304 10.527626 0.052674048 -13.082931 54.4607 21.535955
5.9449844 10.721562 -0.8044763 -10.66793 57.995705 41.730957
6.5220046 10.743111 -2.083019 21.25207 50.2257 50.16596
4.80531 10.915499 -2.8611584 50.51207 34.685703 34.730957
4.3671575 10.362421 -2.928198 45.68207 43.645702 1.690955
3.8236568 9.574705 -3.2035396 35.63707 38.6757 -1.879045
2.9856608 9.107821 -2.3870919 24.822071 20.8257 -5.7990456
3.3831103 9.004868 -1.1995317 9.667069 10.9207 -1.9490451
3.8140798 9.244295 -0.6057515 3.57707 9.3807 4.805955
4.228289 9.256267 -0.7853221 8.79207 5.6007 5.435955
4.3432145 9.143736 -0.5913859 12.852071 1.4707 2.565955
4.3408203 9.098245 -0.10774237 11.55707 -0.55929995 -1.5640451
3.964919 9.306546 -0.22266756 11.627069 -0.8393 -5.379045
4.005622 9.239507 -0.63208854 13.09707 7.0000003E-4 -6.779045
3.9673133 9.103033 -0.53392327 9.842071 -0.17430001 -6.499045
3.6656346 9.012051 0.0071828244 2.7720702 -0.4893 -6.7440453
3.9313993 8.973742 0.38308397 -1.18293 -2.6943 -6.254045
3.8954852 8.976136 0.25139886 0.70707005 -4.5843 -4.9240446
3.849994 8.990502 0.16041641 3.9620702 -3.5343 -5.2740455
3.703943 8.947405 0.11253092 4.76707 -1.5393001 -4.784045
3.9170337 8.964165 -0.16041641 4.1370697 -1.5043 -3.244045
4.0032277 9.064724 -0.021548472 1.5120701 -1.7143 -0.689045
3.8978794 9.07909 0.3902668 -3.35293 -1.8893001 -0.444045
3.859571 8.968953 0.72546524 -6.04793 -2.4492998 -1.5990449
4.1085753 9.067119 0.51716334 -3.87793 -2.4492998 -2.194045
4.209135 8.992896 0.16281068 1.54707 -1.5043 -3.104045
3.8188684 8.92825 0.13168511 5.29207 -2.9393003 -5.764045
3.529161 8.942616 0.4166038 4.34707 -3.3593001 -7.794045
3.6704233 9.059936 0.0670397 2.59707 -1.1893 -6.884045
3.5962007 9.117398 -0.67757976 4.59207 -0.5243 -4.154045
3.8308396 9.009656 -0.076616794 3.68207 -1.3993 -1.844045
3.7159145 9.012051 0.45012367 -6.01293 -1.1893 -0.33904502
3.7614057 9.067119 0.33519846 -10.66793 -0.7343 -0.12904501
3.799714 9.165284 -0.09337672 -6.29293 -2.3443 -0.899045
3.7925313 9.098245 0.052674048 -2.51293 -2.3443 -0.86404496
3.8116856 8.985713 0.31125572 -4.08793 -1.2943 -0.304045
3.8978794 8.976136 0.41181526 -6.22293 -0.3143 0.29095498
3.6728175 8.985713 0.2561874 -4.8579297 -1.0493 0.010954999
3.4884584 8.92825 0.1987248 -1.00793 -1.9943 -1.039045
3.703943 8.842057 0.49082634 0.32207 -2.4843001 -0.12904501
4.285752 8.935433 0.53392327 -2.4079301 -2.0643 4.140955
4.2833576 9.07909 0.37829542 -4.1579304 -0.0693 8.935955
3.8523881 9.074302 0.13886794 -0.37793002 1.5057 1.865955
3.5171897 9.004868 0.21787901 -1.07793 1.1557 -1.214045
3.440573 8.897125 0.44533512 -3.31793 1.1207001 0.115955
3.9074564 9.014444 0.4644893 -3.5979302 0.45570004 3.475955
4.453351 9.184438 0.1340794 -0.69293 -1.4693 4.875955
4.0295644 9.208381 0.07901107 0.70707005 -2.4843001 0.990955
3.553104 9.126976 0.34956414 -2.02293 0.45570004 -3.174045
3.7230973 9.033599 0.26097596 -3.14293 1.4357 -1.9840449
4.048719 9.0288105 0.011971374 -1.35793 -0.3493 0.535955
3.849994 9.093455 0.102953814 -1.2879299 -2.4843001 -0.024045
3.7087317 9.031204 0.55307746 -4.9279304 -2.6243002 -1.039045
3.703943 8.992896 0.679974 -5.97793 -0.4193 -0.094045
4.0582957 8.9976845 0.22745611 -1.3229301 0.31570002 1.5159551
4.166038 9.093455 0.14365649 2.63207 -0.8393 1.6559551
3.833234 9.012051 0.339987 2.1420698 -0.4543 -0.654045
3.8236568 8.930645 0.2944958 0.98707 1.5057 -1.669045
