-2.925804 9.27542 -0.4644893 5.638815 14.481739 -11.813095
-2.3056867 9.373586 0.16520496 -5.0011854 8.95174 -5.933095
-1.6544439 9.320911 0.57462597 -8.7111845 -0.49826 -0.088095
-1.7406378 9.629773 0.25139886 -3.006185 -9.70326 1.101905
-2.1021733 9.754275 -0.12929083 6.233815 -13.41326 -3.6930947
-2.205127 9.687236 -0.30646718 10.013816 -12.60826 -7.718095
-1.9561225 9.696813 -0.28731298 6.758815 -12.57326 -6.9830947
-1.8699286 9.60583 0.011971374 -0.766185 -11.38326 -4.323095
-2.0614705 9.613013 0.3232271 -9.831184 -7.35826 -4.603095
-2.0423164 9.45978 0.6153286 -15.781186 -2.84326 -7.053095
-2.0375278 9.232324 0.5506832 -16.621187 -2.35326 -8.488094
-2.2985039 9.150918 0.26097596 -13.366185 -5.11826 -10.168095
-2.5834224 8.959376 0.12450229 -10.601185 -6.62326 -13.668096
-2.935381 8.887548 0.4740664 -13.401185 -5.22326 -16.573093
-3.0910087 8.846846 1.1995317 -21.626186 -2.24826 -15.733095
-3.3950818 9.100638 1.3695252 -29.816187 5.59174 -12.093095
-3.328042 9.1940155 1.4293821 -24.811184 18.22674 -6.6680946
-2.8539755 9.347249 1.776552 -19.176186 4.15674 -5.128095
-2.5283542 9.325701 2.3942747 -16.201187 -13.27326 -5.758095
-2.8563697 9.28021 3.0766432 -16.761185 -13.86826 -8.208096
-2.971295 9.27542 3.8523881 -16.411186 -2.7032602 -8.628095
-2.5906053 9.069513 4.558699 -8.816185 -3.85826 -7.333095
-2.5044115 9.143736 4.659259 7.843816 -21.67326 -10.203095
-2.7079248 9.399923 3.9050622 24.923815 -34.76326 -17.203094
-2.9210153 9.349643 3.5267668 27.968815 -29.54826 -21.683094
-2.9928436 8.861211 3.7590115 15.718817 -8.09326 -21.578094
-2.7989073 8.6984005 4.008016 0.633815 15.426741 -17.868093
-2.5546913 8.277008 3.849994 -9.166184 32.54174 -15.488096
-2.5546913 7.6688623 3.7398572 -14.556185 40.976738 -15.768094
-2.6073654 6.902694 3.6536634 -17.846186 43.70674 -17.798098
-3.2346652 6.526793 3.3160706 -20.331184 49.061737 -18.953094
-3.7709827 6.8787518 3.1843855 -23.866186 62.18674 -16.048094
-3.5650752 7.0319853 3.380716 -26.421186 72.65174 -8.978096
-2.944958 7.1157846 3.5076127 -25.091185 74.99674 0.401905
-2.3870919 7.3576064 2.82285 -16.481186 72.96674 9.186905
-2.0542877 7.6975937 2.238647 -5.211185 74.64674 16.256905
-2.3583608 7.7119594 2.126116 2.628815 86.26675 20.281906
-1.8555629 7.987301 1.7621863 10.083815 91.796745 21.471905
-0.86193895 8.044764 0.2681588 25.448814 84.83173 28.331907
-0.35914123 7.92505 -1.6089526 43.963818 81.08674 38.376904
-1.3479767 8.135746 -1.9680939 50.508816 85.146736 39.811905
-1.6400782 8.631361 -1.4796618 42.03882 89.451744 31.411903
-0.4189981 8.968953 -1.4174107 33.988815 78.671745 30.116907
0.7206767 8.626573 -3.9697077 39.343815 75.066734 44.921906
0.38547826 8.406299 -4.9154463 51.453815 84.341736 58.3969
-0.70870537 8.241094 -2.7342618 47.533813 86.12674 51.361904
-0.6608198 8.956982 -2.1620302 28.038816 71.46174 35.366905
1.1109436 8.724737 -4.6281333 27.443815 64.77674 36.941906
1.0965779 8.624178 -6.4956675 49.983814 76.92174 57.241905
0.057462595 8.243488 -4.216318 56.07382 84.23674 58.3969
-0.9313729 8.842057 -3.0287576 36.543816 76.22174 38.586906
1.0247496 8.834874 -5.607392 55.89882 57.811745 55.071907
3.3663504 9.004868 -8.425453 80.39881 48.15174 75.7219
2.5403256 8.403905 -8.703189 70.87882 43.671738 60.076904
0.21787901 9.210775 -5.851608 40.183815 35.79674 32.601906
1.3886794 9.835681 -6.428628 36.928814 27.536741 40.336906
3.6560576 9.507666 -9.466963 66.08382 17.80674 65.22191
4.233078 9.560339 -11.406325 74.58881 8.25174 65.711914
2.238647 10.156514 -9.09585 46.658813 -1.68826 41.211906
2.988055 10.577906 -9.170073 22.998816 -10.26326 30.046904
4.8316464 10.498895 -12.076722 34.828815 -24.368261 40.581905
4.4988422 9.79019 -14.128615 37.838818 -32.73326 37.851906
3.2107224 8.937828 -12.469383 5.043815 -46.17326 13.8769045
2.360755 8.20518 -9.208381 -49.661186 -61.95826 -6.8780947
1.2138973 8.195602 -7.0152254 -87.11118 -72.17826 -13.108095
1.297697 8.286585 -6.0455437 -100.06119 -71.37326 -6.458095
1.7095122 7.9753294 -4.7957325 -103.77119 -69.30826 4.846905
2.691165 7.946598 -3.7685885 -101.84618 -78.058266 10.061905
2.9090438 8.391933 -3.615355 -91.62618 -97.588264 11.181905
1.9417568 8.806143 -3.050306 -82.66618 -113.37326 6.4919047
1.8651401 8.688824 -1.8244374 -84.13619 -116.45326 -0.19309501
2.4900458 8.497281 -1.2306572 -87.00619 -119.603264 0.331905
3.040729 8.956982 -0.7206767 -82.87618 -127.758255 3.8319046
2.308081 9.311335 0.34477556 -78.18619 -135.21326 1.101905
1.9393626 9.215564 1.1516461 -77.941185 -138.60826 -10.028095
2.6217308 8.696006 1.0439038 -75.52619 -141.33827 -15.383096
2.6624336 8.846846 0.7853221 -69.78618 -140.25327 -10.343095
2.2242813 8.712766 1.7023294 -74.651184 -129.92827 -7.788095
2.1548474 8.303345 3.1388943 -93.44619 -114.45826 -11.358096
2.7151077 7.6736507 3.9697077 -105.83618 -105.98826 -14.053096
2.0159793 7.944204 3.7781656 -98.66119 -111.27326 -15.383096
1.036721 7.7335076 3.9337935 -81.47619 -118.65826 -22.908096
1.1061549 7.103813 4.6903844 -72.06119 -122.19326 -34.808094
1.2593886 6.7039695 4.9944572 -68.80618 -123.628265 -38.9731
0.70631105 6.4405994 4.635316 -59.111183 -125.833275 -37.853096
-0.32083282 6.3903193 4.846012 -46.336185 -123.593254 -38.938095
-0.34477556 6.0838523 5.190788 -42.836185 -116.06826 -38.623093
0.0047885496 6.237086 5.1189594 -45.741184 -113.79326 -30.573097
0.4932206 6.366377 6.651295 -49.101185 -110.32826 -14.473096
1.5490957 6.203566 7.867587 -55.366184 -98.91826 -2.328095
1.5012103 6.5004563 7.5826683 -40.631184 -101.43826 -6.2130947
1.2138973 7.233104 7.980118 -29.956184 -95.13827 -6.6330953
1.4964218 7.2809896 9.299363 -33.281185 -82.32826 -3.063095
1.2234744 7.2211328 10.795785 -34.191185 -71.51326 -2.503095
1.786129 7.944204 10.611426 -20.261187 -61.608257 1.241905
1.9752767 8.482916 10.465375 -2.796185 -52.26326 9.011906
1.2474172 8.58587 11.217177 3.538815 -38.61326 9.571906
1.7550035 8.789383 11.403931 9.558815 -18.20826 14.821905
2.6265194 9.067119 9.816526 29.683815 -0.28825998 27.351906
2.4541316 9.055147 7.649708 55.16382 14.656741 30.921906
1.908237 9.330489 6.0263896 68.67381 24.071741 23.606905
1.6520497 9.366403 5.0231886 68.63882 26.731739 20.211905
1.5323359 9.778218 4.486871 59.32881 39.43674 24.516907
1.4054393 9.794978 3.8140798 50.088814 56.93674 31.201906
1.4293821 9.596253 4.276175 39.938816 59.70174 31.026907
1.8459859 9.787795 4.230684 29.333815 60.61174 31.481907
2.47568 10.477346 4.0032277 26.358816 67.68174 39.146904
2.5858169 10.7048025 2.9305923 37.803814 78.25173 45.131905
2.4421604 10.336084 1.7262721 56.283813 70.83174 37.851906
1.9178141 10.541992 1.1420691 60.518818 61.661747 25.006905
2.3727264 10.958596 1.0343267 51.278816 71.49674 21.401905
2.5546913 10.92747 0.05985687 45.678818 82.101746 26.336906
2.4948344 10.735929 -0.49082634 50.403816 72.33674 24.726906
2.2458298 10.707197 -0.076616794 45.573814 57.21674 18.216906
1.89866 10.831699 -0.44054657 30.313814 63.411743 14.751905
1.8938714 10.700014 -1.5658557 24.678816 76.116745 15.661905
2.0949905 10.716774 -2.4158232 33.148815 66.28174 16.046904
1.7214836 10.908316 -2.2530127 34.723816 38.59674 12.931906
0.8571504 11.051972 -2.1213274 13.408814 30.056742 8.906905
0.9816527 10.709591 -1.7550035 -12.491186 45.73674 9.291904
1.1995317 10.35045 -0.76137936 -30.901186 44.511738 13.526905
1.2258687 10.364816 0.505192 -45.146183 32.36674 16.361906
1.4964218 10.407912 1.4413534 -54.526184 32.401737 17.061905
1.802889 10.3193245 1.3647367 -50.08119 39.156742 17.061905
1.4652961 10.134965 0.2657645 -26.211185 33.696743 13.036906
1.0726352 10.230737 -0.5219519 1.543815 23.75674 7.156905
1.2306572 10.328901 -0.8547561 17.608816 35.621742 7.611905
1.3192455 10.326508 -0.70631105 16.173815 35.23674 7.366905
0.9122187 10.271439 -0.9984126 18.098814 28.901741 2.046905
0.87151605 10.395941 -1.2210802 18.868814 20.46674 1.0319049
1.5706443 10.393547 -0.87151605 13.128816 10.31674 6.036905
2.1931558 10.4294615 -0.56265455 3.5038152 4.26174 9.431905
2.3416007 10.194822 0.27055305 -5.9111853 -0.25326 6.8069053
1.8411974 10.024829 1.297697 -12.911185 -1.96826 -0.158095
1.4533248 9.830893 1.7741576 -13.0861845 -0.11326 -5.478095
1.1708003 9.5794935 1.7143008 -6.296185 -2.9482598 -7.1230955
1.3216397 9.517242 1.7047237 0.49381503 -5.85326 -5.863095
1.4676905 9.557945 1.89866 1.998815 -3.40326 -3.168095
1.6233183 9.512454 1.7358493 3.713815 -0.67326003 -2.083095
1.3719195 9.4932995 1.1181264 9.908815 -2.52826 -3.133095
1.1923488 9.543579 1.1827718 13.128816 -6.27326 -4.568095
1.1971374 9.498088 1.637684 7.388815 -5.81826 -3.028095
1.4533248 9.58907 1.6281068 1.018815 -2.42326 0.29690498
1.5850099 9.742304 1.5012103 0.38881502 -3.19326 2.3269053
1.6951466 9.866806 1.8364087 0.598815 -8.26826 1.5919049
1.5778271 9.804555 1.9465454 -0.66118497 -9.49326 0.64690506
1.3120626 9.682447 1.802889 0.808815 -6.37826 -0.403095
1.5874043 9.5794935 1.8819 2.278815 -3.89326 -0.75309503
1.8819 9.498088 2.152453 0.458815 -1.72326 0.68190503
1.7813405 9.450203 2.0902019 -0.626185 0.09674 0.156905
1.4700848 9.330489 1.7909175 2.348815 1.18174 -2.643095
1.4437478 9.222747 1.7358493 6.233815 1.4267399 -4.288095
1.3431882 9.191621 1.7119064 7.8088155 1.3217402 -2.8880951
1.2522057 9.024022 1.6544439 8.893816 1.56674 -1.5930951
1.5299416 9.043176 1.5467016 9.943814 2.05674 0.47190496
2.0087965 9.311335 1.2402344 12.323815 1.3917401 3.306905
2.0351336 9.514848 0.71588814 18.238815 -4.17326 3.341905
1.0582695 9.701602 0.38308397 21.633816 -8.968261 -0.99809504
0.90982443 9.694419 0.5554718 16.313816 -5.1882606 -5.163095
1.5490957 9.703996 1.2138973 4.833815 2.5117402 -1.733095
1.5634614 9.730332 1.8555629 -6.576185 4.92674 5.651905
1.4198049 9.814133 1.733455 -8.991185 3.38674 6.421905
1.5036045 9.708784 1.063058 7.843816 -4.38326 1.731905
1.5012103 9.759064 1.036721 9.453815 -4.2082596 1.311905
1.5036045 9.634562 1.2737542 4.6938148 -1.02326 2.116905
1.7526091 9.665688 1.376708 2.2438152 0.44674 3.9019053
2.1069617 9.634562 1.1899546 6.128815 -4.48826 3.096905
1.8316202 9.70639 0.8978531 13.338816 -10.68326 -3.238095
1.1372806 9.680053 0.50998056 17.433815 -13.41326 -10.203095
0.84278476 9.656111 0.51716334 13.233815 -9.38826 -9.468096
1.1420691 9.5483675 0.86912173 4.518815 -2.9832602 -1.2080951
1.812466 9.6585045 1.0558752 -0.731185 1.3217402 5.756905
1.7885233 9.7135725 0.8978531 1.1238151 -1.51326 6.2469053
1.515576 9.730332 0.679974 4.518815 -4.4532604 2.466905
1.5203645 9.759064 0.7134939 4.5538154 -3.2282598 0.92690504
1.7789462 9.70639 0.9505271 0.948815 -2.24826 2.466905
1.8244374 9.708784 1.1348863 -1.956185 -1.02326 3.061905
1.8220432 9.720756 1.1444633 -1.1161851 -1.12826 1.5919049
1.6424725 9.694419 0.8475733 2.3138149 -3.2632601 -0.508095
1.6951466 9.720756 0.74222517 3.958815 -2.77326 -1.9080949
1.7262721 9.624985 0.89067024 1.613815 -0.81326 -1.523095
1.4365649 9.603436 1.3144568 -1.186185 0.83173996 -2.153095
1.4557191 9.601042 1.1660118 -0.031185 0.65674 -3.378095
1.6424725 9.668081 0.57223165 4.903815 -1.51326 -2.573095
