-3.25 9.92 0.59999996 34.377464 4.583662 -20.053522
-3.6799998 9.61 2.02 -7.448451 -6.3025355 -16.042818
-4.42 9.23 5.46 -59.014652 -14.896902 -18.907606
-4.0299997 9.04 5.98 -69.32789 -22.91831 -14.896902
-2.69 8.929999 5.58 -41.825916 -24.064226 -4.0107045
-2.2 8.91 4.5099998 9.167324 7.448451 -10.31324
-3.1799998 9.7 2.8799999 29.793804 32.658592 -22.91831
-2.8899999 9.9 2.11 20.62648 38.961132 -20.62648
-3.1399999 9.99 2.31 0.0 36.09634 -25.210142
-3.0 9.46 2.8 -24.064226 44.11775 -26.929016
-3.05 9.24 2.99 -34.950428 59.014652 -20.62648
-3.1999998 8.74 2.6399999 -30.366762 76.203384 -12.032113
-3.55 8.679999 2.4099998 -24.064226 87.662544 -13.178029
-3.48 8.5 2.09 -24.637184 88.2355 -13.178029
-3.82 8.349999 1.52 -27.501974 95.11099 -9.740283
-3.57 8.33 1.0 -29.220846 99.69466 0.57295775
-3.57 8.33 1.0 -29.220846 99.69466 0.57295775
-2.36 8.58 1.43 -40.107044 78.49522 7.448451
-2.02 8.5 1.5 -44.11775 83.65183 -1.7188734
-3.1599998 8.25 1.8299999 -64.74423 99.69466 -5.15662
-3.9599998 8.03 3.08 -84.79775 120.89409 13.178029
-2.8899999 7.39 3.11 -71.04677 114.0186 35.523384
-1.86 7.52 1.22 -32.085636 110.58085 26.356058
-3.11 8.41 0.049999997 -18.907606 114.59156 16.042818
-3.9399998 8.37 1.04 -33.80451 121.46705 22.345354
-2.9299998 8.63 1.52 -37.242256 118.029305 34.377464
-2.9299998 8.63 1.52 -37.242256 118.029305 34.377464
-2.3799999 9.469999 -1.17 -17.761692 124.33183 37.242256
-3.1599998 9.24 0.98999995 -50.993244 132.35324 44.69071
-0.97999996 9.65 0.63 -42.971836 119.74818 57.868736
0.59999996 10.19 -2.49 6.8754935 107.716064 46.40958
-0.24 9.13 -5.02 14.323945 119.74818 20.62648
-2.84 8.059999 -1.6899999 -37.815212 124.9048 12.605071
-3.79 7.87 1.0799999 -69.32789 117.456345 29.220846
-0.93 7.46 -0.049999997 -31.51268 97.402824 46.98254
-0.08 7.48 -3.26 12.605071 91.67324 41.25296
-2.8 8.46 -0.53 0.57295775 104.85127 32.658592
-3.1299999 8.74 0.88 -9.740283 104.27831 37.815212
-1.5699999 9.55 0.41 14.323945 83.07887 57.868736
1.5699999 9.639999 -6.44 84.79775 94.53803 64.74423
-1.03 9.099999 -7.41 59.58761 134.07211 53.285076
-2.74 9.059999 -3.4199998 12.605071 158.7093 61.879436
-1.9499999 10.29 -1.02 6.8754935 138.08282 90.52733
2.87 11.32 -2.23 21.772396 119.74818 98.54874
4.5699997 11.08 -6.58 54.43099 77.349304 87.089584
2.58 10.19 -7.5499997 59.014652 96.256905 50.993244
1.68 9.98 -6.24 42.971836 119.74818 39.53409
2.04 10.16 -5.83 32.658592 107.716064 46.40958
2.61 10.0199995 -5.7 6.3025355 73.33859 47.555496
2.56 9.59 -4.54 -30.366762 54.43099 33.231552
1.9799999 8.28 -3.9099998 -54.43099 60.733524 32.658592
1.73 8.44 -3.58 -42.971836 61.879436 31.51268
1.17 8.54 -3.6 -8.594366 41.825916 25.7831
0.7 8.48 -4.06 20.053522 14.323945 25.210142
2.18 9.059999 -4.3399997 30.939718 -6.8754935 37.815212
3.05 9.87 -5.35 28.07493 -4.0107045 44.11775
2.71 10.04 -5.52 26.929016 2.8647888 45.263664
2.02 10.17 -5.37 27.501974 -13.178029 46.98254
2.8799999 10.429999 -6.25 33.231552 -29.220846 45.83662
3.6299999 11.09 -6.87 31.51268 -32.658592 46.40958
3.1899998 11.11 -6.47 16.615776 -35.523384 42.971836
2.3799999 10.94 -5.14 -2.291831 -38.38817 38.38817
2.83 11.21 -5.24 -8.594366 -46.40958 37.242256
3.79 10.91 -5.39 -2.8647888 -68.75493 34.950428
3.6399999 10.98 -5.8399997 4.0107045 -75.057465 21.772396
2.8799999 10.58 -4.75 -14.896902 -83.65183 8.594366
3.25 10.37 -3.48 -34.950428 -91.10028 10.886198
3.47 10.2699995 -3.3999999 -37.242256 -93.96508 11.459155
3.3 10.01 -3.78 -27.501974 -92.81916 8.021409
2.37 9.91 -3.62 -24.637184 -97.402824 0.0
2.11 9.94 -3.03 -30.366762 -106.57015 -3.4377468
3.3999999 10.179999 -3.03 -31.51268 -119.17522 3.4377468
3.3999999 10.21 -2.8 -31.51268 -119.17522 3.4377468
3.12 9.83 -1.67 -37.242256 -118.60226 0.57295775
2.6 9.92 -1.5699999 -19.480566 -131.78029 -6.3025355
2.1699998 9.88 -1.99 -11.459155 -134.07211 -8.021409
2.1699998 9.88 -1.99 -11.459155 -134.07211 -8.021409
1.5699999 9.21 -1.9499999 -10.886198 -132.35324 -8.594366
2.61 10.04 -0.59 -21.199438 -136.9369 -10.31324
2.19 9.29 -1.2099999 -18.907606 -146.67719 -8.021409
0.58 9.389999 -1.23 -10.31324 -136.36395 -21.772396
1.05 9.09 -0.39999998 -26.356058 -136.9369 -17.761692
1.79 8.929999 1.37 -48.701412 -142.09354 -4.583662
1.3199999 8.45 2.2 -45.83662 -138.65578 -9.740283
-0.19 8.0 1.52 -22.345354 -130.63437 -18.907606
-0.66999996 8.2 1.09 -8.021409 -128.9155 -23.49127
0.89 7.87 1.3199999 -26.356058 -123.75887 -2.291831
1.36 7.5099998 1.79 -38.961132 -118.60226 6.3025355
1.0699999 7.2 3.53 -56.72282 -92.24621 9.167324
-0.72999996 7.71 4.15 -37.242256 -67.03606 -4.0107045
-0.58 7.5499997 4.11 -27.501974 -69.32789 6.3025355
-0.19 7.5099998 2.52 -1.1459155 -77.922264 20.053522
0.01 7.47 1.9799999 6.3025355 -79.641136 25.7831
-0.19999999 7.72 1.43 -2.8647888 -72.76564 30.939718
0.17999999 7.77 2.28 -34.950428 -61.879436 28.07493
0.39999998 8.12 4.0 -59.014652 -40.680004 38.961132
0.83 8.28 3.72 -54.43099 -37.242256 43.544792
0.84999996 8.309999 3.54 -47.555496 -37.815212 46.40958
0.56 8.349999 3.6499999 -40.680004 -39.53409 38.961132
0.22 9.37 4.0099998 -43.544792 -20.053522 45.263664
1.56 9.33 4.11 -41.25296 -9.167324 61.30648
1.75 9.4 3.46 -42.971836 -8.594366 57.29578
1.3199999 9.57 3.9499998 -53.285076 -5.15662 54.43099
1.4499999 9.46 5.19 -58.441692 -1.7188734 61.30648
1.4499999 9.46 5.19 -58.441692 -1.7188734 61.30648
1.52 10.04 5.94 -32.658592 21.199438 68.75493
3.1 10.67 3.06 -13.750987 23.49127 73.33859
3.08 10.809999 2.9199998 -15.469859 24.064226 73.33859
1.54 11.05 4.95 -33.231552 28.07493 61.30648
1.8199999 11.69 5.56 -40.107044 28.64789 56.72282
3.02 11.61 3.56 -13.178029 43.544792 70.47381
3.37 11.42 2.98 6.3025355 55.576904 71.61973
3.6399999 11.24 2.85 2.291831 51.5662 61.30648
4.44 12.16 3.4299998 -1.1459155 46.98254 55.576904
4.93 11.82 3.1499999 5.7295775 49.27437 52.712116
4.8199997 11.65 3.0 13.178029 57.29578 43.544792
4.54 11.929999 2.49 14.896902 61.879436 36.09634
4.97 11.929999 2.37 17.188732 66.463104 35.523384
5.1 11.03 1.09 35.523384 54.43099 24.637184
3.33 11.0199995 1.26 34.377464 47.555496 8.021409
3.56 11.0 1.67 21.772396 60.160564 12.605071
4.41 10.66 1.29 26.356058 63.598316 19.480566
4.3199997 10.5 0.17 38.38817 61.30648 14.323945
4.19 10.349999 0.089999996 36.09634 55.576904 6.3025355
3.85 10.34 0.29 27.501974 48.128452 2.8647888
4.17 10.2699995 -0.35999998 25.7831 42.971836 2.291831
4.11 9.92 -0.21 24.637184 45.263664 2.291831
4.06 9.679999 0.089999996 20.053522 48.128452 1.1459155
3.97 9.389999 0.26 9.167324 41.25296 -3.4377468
3.25 9.4 -0.13 5.15662 21.772396 -9.740283
3.12 9.19 0.13 1.1459155 18.907606 -9.740283
3.3999999 9.09 0.94 -15.469859 23.49127 -1.7188734
3.76 9.3 1.38 -22.345354 27.501974 1.1459155
3.62 9.23 1.23 -12.605071 23.49127 1.7188734
3.46 9.22 1.13 4.0107045 16.042818 -0.57295775
3.31 9.22 0.35 12.605071 13.750987 -1.1459155
3.11 9.3 0.56 9.740283 17.761692 0.0
2.9399998 9.429999 1.14 6.8754935 27.501974 2.8647888
3.3799999 9.349999 0.08 22.345354 22.91831 6.8754935
3.11 9.38 -0.16 21.772396 13.178029 1.7188734
2.3799999 9.44 -0.21 13.178029 8.594366 0.0
2.4199998 9.349999 -0.22 8.594366 8.021409 2.8647888
2.82 9.24 -0.45 3.4377468 8.021409 6.3025355
3.25 9.24 0.47 -8.594366 8.021409 8.594366
3.1399999 9.3 1.6999999 -12.032113 -8.021409 1.7188734
3.1299999 9.349999 2.26 -5.15662 -15.469859 -1.1459155
3.26 9.469999 2.6299999 0.0 -10.886198 -0.57295775
3.3999999 9.469999 2.1699998 9.740283 -6.8754935 0.57295775
3.3899999 9.429999 1.78 12.605071 -9.740283 0.0
3.3 9.46 1.76 10.886198 -12.032113 -1.1459155
3.06 9.48 2.1699998 2.8647888 -13.750987 -4.0107045
2.99 9.33 2.05 0.0 -11.459155 -4.0107045
3.0 9.23 1.7099999 0.57295775 -10.886198 -3.4377468
2.99 9.21 2.3899999 -8.021409 -9.740283 -2.291831
3.11 9.179999 2.21 -4.0107045 -9.167324 -4.0107045
3.1699998 9.08 2.51 -1.1459155 -9.167324 -4.0107045
2.7 9.07 1.9399999 5.7295775 -10.886198 -6.8754935
2.71 9.139999 1.67 6.8754935 -8.594366 -5.15662
3.07 9.139999 1.87 0.0 -4.0107045 0.0
3.02 9.139999 2.25 -4.0107045 -4.0107045 -0.57295775
3.1 9.12 2.1499999 -2.291831 -2.8647888 -1.1459155
3.1899998 9.2 2.54 -0.57295775 -6.8754935 -1.1459155
2.99 9.13 2.46 0.0 -7.448451 -2.291831
2.9199998 9.099999 2.24 3.4377468 -6.8754935 -3.4377468
2.98 9.13 1.89 7.448451 -0.57295775 -2.291831
3.05 9.17 2.05 2.8647888 5.7295775 -0.57295775
3.1699998 9.22 2.05 0.0 3.4377468 0.0
3.04 9.22 1.74 2.8647888 -2.8647888 -1.1459155
2.86 9.19 2.03 1.7188734 -2.8647888 -3.4377468
3.07 9.08 2.11 1.1459155 4.0107045 0.0
3.02 9.22 1.65 9.740283 4.583662 -0.57295775
3.02 9.22 1.65 8.594366 1.7188734 -0.57295775
2.8799999 9.42 1.3199999 1.1459155 0.57295775 0.0
3.1299999 9.4 1.81 -4.0107045 2.291831 1.7188734
3.1699998 9.25 2.12 -5.7295775 2.8647888 1.1459155
3.04 9.24 1.78 1.7188734 1.1459155 -0.57295775
3.08 9.3 1.66 3.4377468 0.0 -1.1459155
3.06 9.309999 1.5999999 2.291831 0.0 -0.57295775
3.1799998 9.32 1.5699999 0.57295775 0.0 -0.57295775
3.32 9.28 1.56 -2.8647888 2.8647888 -1.7188734
3.1399999 9.19 1.9499999 -5.15662 3.4377468 -4.0107045
2.76 9.139999 2.18 -2.291831 2.291831 -5.15662
2.6499999 9.09 1.91 1.7188734 0.0 -4.0107045
2.9099998 9.11 1.61 3.4377468 1.7188734 0.0
3.08 9.139999 1.54 0.0 0.0 1.1459155
2.9199998 9.24 2.1599998 -5.15662 0.0 0.0
3.1699998 9.25 2.19 -2.291831 -2.291831 0.0
2.9399998 9.29 2.07 1.1459155 -0.57295775 -0.57295775
3.0 9.29 2.06 4.583662 0.57295775 0.0
2.82 9.309999 1.4 6.8754935 0.0 0.0
2.6499999 9.21 1.36 6.3025355 1.1459155 0.0
2.97 9.3 2.05 -5.15662 2.291831 3.4377468
3.32 9.429999 2.46 -6.8754935 1.7188734 4.0107045
3.09 9.37 1.8199999 4.0107045 0.0 0.57295775
2.75 9.33 1.17 12.032113 -1.7188734 -2.8647888
