-0.04 9.86 1.9599999 56.14986 -14.323945 -25.7831
-1.76 9.5199995 -0.84999996 58.441692 -16.615776 -30.366762
-1.76 9.17 -0.39999998 16.042818 -18.907606 -21.772396
-1.87 9.07 2.58 -16.042818 -16.042818 -18.907606
-1.17 9.32 4.16 -14.323945 -9.740283 -14.896902
0.22 9.01 3.48 -3.4377468 2.8647888 -19.480566
-1.64 8.76 4.72 -17.188732 11.459155 -42.398876
-2.8999999 8.45 5.8399997 -29.220846 21.772396 -48.128452
-2.3 7.94 5.4 -26.929016 45.83662 -37.242256
-1.75 7.91 4.69 -25.210142 61.879436 -26.356058
-1.86 8.08 5.5499997 -33.231552 61.30648 -22.345354
-2.74 8.26 7.14 -41.25296 59.58761 -22.345354
-1.43 7.8799996 6.68 -15.469859 74.48451 -5.15662
-0.39999998 7.6699996 5.25 0.0 96.829865 4.0107045
-0.53 7.6099997 4.37 4.583662 108.86198 10.31324
-0.48 8.29 3.9599998 9.740283 115.16451 19.480566
0.71999997 8.4 2.72 18.334648 122.61296 28.64789
2.6699998 8.179999 -0.06 12.605071 139.22873 25.7831
1.5 8.0199995 0.13 -2.291831 142.09354 17.188732
0.88 8.37 0.39999998 -8.021409 147.25015 18.334648
2.1499999 8.29 -0.88 3.4377468 146.10423 31.51268
3.31 8.11 -2.69 14.323945 139.80171 34.950428
3.62 8.17 -4.83 8.594366 131.78029 29.220846
1.39 8.58 -4.44 -40.680004 129.48846 10.31324
0.97999996 8.63 -1.76 -65.317184 116.31043 19.480566
2.18 8.059999 -0.71999997 -64.74423 89.95437 26.929016
2.8 7.8199997 -0.61 -64.74423 77.349304 25.210142
1.52 8.01 1.22 -71.04677 65.317184 18.907606
1.23 8.59 2.87 -41.25296 50.420284 36.669296
2.57 8.97 1.37 -17.761692 41.825916 50.993244
1.64 9.639999 1.56 -17.761692 43.544792 48.701412
2.3899999 9.889999 1.61 -16.615776 47.555496 49.84733
4.0699997 10.45 0.37 0.0 33.80451 57.29578
3.9599998 11.15 -0.39999998 6.8754935 33.231552 53.858032
4.47 11.36 -1.16 16.615776 29.220846 49.84733
5.92 11.32 -2.6499999 30.366762 10.886198 48.128452
5.44 11.219999 -4.46 26.356058 2.291831 34.950428
3.9299998 11.37 -4.11 11.459155 2.8647888 29.793804
4.41 11.2699995 -2.86 10.886198 -18.907606 37.815212
5.6099997 11.38 -3.51 21.199438 -45.263664 33.231552
5.0499997 11.16 -3.3 12.605071 -45.263664 23.49127
4.73 11.23 -3.03 10.886198 -57.868736 20.62648
5.68 11.28 -3.28 8.021409 -74.48451 20.053522
6.18 11.08 -2.82 -4.583662 -83.07887 16.615776
4.8199997 10.84 -0.82 -24.064226 -83.65183 4.583662
4.36 10.76 1.23 -22.345354 -95.11099 4.583662
5.81 10.679999 0.96999997 0.0 -105.42423 11.459155
6.42 10.53 -0.28 4.583662 -102.55944 5.15662
5.71 9.96 0.0 -2.291831 -96.829865 -3.4377468
4.43 9.76 0.66999996 -1.1459155 -100.84057 -4.583662
6.12 10.2 0.089999996 6.8754935 -115.73747 6.8754935
5.97 9.7699995 0.26999998 2.8647888 -118.029305 2.8647888
4.81 9.42 0.32999998 -1.7188734 -116.883385 -4.0107045
4.75 9.44 0.96999997 -6.8754935 -123.75887 -3.4377468
5.02 9.42 1.52 -12.032113 -131.20734 -0.57295775
5.0499997 9.179999 1.7099999 -15.469859 -129.48846 -2.8647888
4.7599998 8.84 2.3899999 -27.501974 -124.33183 -8.021409
3.76 8.8 3.6699998 -28.64789 -117.456345 -9.167324
3.61 8.76 3.62 -13.178029 -119.17522 -3.4377468
4.12 8.679999 2.46 -4.0107045 -123.75887 -1.1459155
3.84 8.36 2.28 -14.323945 -120.32113 -5.7295775
2.6 8.2699995 4.63 -26.929016 -112.87268 -8.021409
3.1699998 8.059999 4.0699997 -16.042818 -109.43494 -2.8647888
2.76 7.68 2.85 -7.448451 -103.70536 -5.15662
1.89 7.46 2.83 -12.605071 -104.27831 -9.740283
1.68 7.39 3.53 -23.49127 -104.27831 -9.740283
2.26 7.46 3.97 -30.366762 -93.39212 -5.7295775
2.69 7.12 4.89 -28.07493 -65.317184 -16.615776
1.61 6.69 4.41 0.57295775 -57.868736 -27.501974
0.59 6.7999997 2.97 29.220846 -63.598316 -21.199438
0.85999995 6.81 1.18 32.658592 -71.61973 -6.3025355
1.23 6.45 0.84999996 7.448451 -74.48451 1.1459155
1.03 6.0499997 2.34 -36.669296 -47.555496 2.8647888
2.08 6.2999997 2.84 -48.701412 -50.420284 13.178029
1.43 6.19 3.31 -54.43099 -49.27437 16.042818
0.22999999 6.0099998 5.56 -69.900856 -43.544792 12.032113
-0.11 6.1099997 7.87 -72.19268 -37.242256 16.042818
0.95 6.58 8.16 -45.263664 -37.815212 31.51268
2.19 6.7799997 6.89 4.0107045 -36.669296 51.5662
1.13 6.58 5.87 3.4377468 -24.064226 47.555496
0.099999994 6.66 6.98 -10.886198 -7.448451 51.5662
1.62 8.0 8.47 -6.8754935 14.896902 67.03606
4.2 9.15 7.31 7.448451 38.38817 69.32789
1.8299999 8.94 5.7799997 -18.907606 46.98254 29.220846
-0.25 8.58 7.79 -52.712116 61.30648 13.750987
0.84 8.62 9.3 -62.4524 73.91155 32.658592
3.6299999 8.8 9.58 -41.25296 71.61973 56.72282
4.91 8.67 8.3 -12.605071 67.03606 61.879436
3.31 8.46 7.6299996 -2.8647888 91.10028 51.5662
2.03 9.09 7.0099998 0.0 116.883385 61.30648
5.12 9.65 6.12 12.605071 120.32113 83.07887
8.0199995 9.88 4.14 22.345354 107.716064 78.49522
7.49 9.48 3.4399998 10.31324 89.38142 55.00395
4.21 9.3 6.8199997 -12.032113 91.67324 44.11775
6.22 9.04 7.2999997 -10.31324 117.456345 71.04677
7.75 8.87 6.54 21.199438 97.97578 89.38142
7.29 9.179999 6.6299996 44.69071 82.50592 90.52733
6.6499996 10.469999 8.0199995 46.98254 85.94367 87.662544
9.4 11.25 7.3799996 55.576904 119.17522 90.52733
11.25 10.53 4.99 91.67324 128.34254 74.48451
8.8 9.42 2.81 97.97578 111.15381 45.83662
7.6099997 8.929999 2.76 85.94367 110.0079 40.680004
8.49 9.15 2.84 77.922264 114.0186 45.263664
9.309999 8.41 1.62 79.641136 111.15381 40.680004
8.63 7.25 0.089999996 77.922264 91.10028 35.523384
9.309999 6.44 0.22 61.879436 72.76564 30.939718
8.71 5.65 -0.32 50.420284 75.630424 22.91831
7.43 5.52 -0.51 38.961132 83.65183 16.615776
6.2599998 5.71 0.72999996 22.345354 81.36001 18.334648
6.49 5.98 2.46 13.750987 72.76564 25.210142
6.75 6.3799996 2.61 40.680004 55.576904 37.815212
6.95 7.06 1.18 59.014652 33.80451 42.971836
8.34 7.23 0.34 53.285076 25.7831 36.669296
8.429999 6.93 0.099999994 34.950428 35.523384 14.323945
6.6299996 6.3999996 0.37 18.907606 40.680004 -1.1459155
6.67 6.39 1.17 5.7295775 28.64789 0.57295775
5.98 6.2799997 1.81 0.0 21.772396 -1.1459155
5.6 6.3399997 2.62 -4.583662 17.188732 0.0
5.5099998 6.7 2.58 -3.4377468 19.480566 4.0107045
5.7599998 7.31 2.97 0.0 20.62648 10.31324
6.0099998 7.52 3.4299998 3.4377468 11.459155 12.605071
6.04 7.85 3.1 13.178029 13.178029 10.31324
6.1 7.62 2.04 16.615776 12.032113 8.021409
5.56 7.18 1.68 13.750987 8.594366 5.15662
5.33 7.0699997 2.03 10.31324 3.4377468 6.3025355
5.6099997 7.24 2.25 9.167324 3.4377468 8.594366
5.54 7.1 2.1 3.4377468 6.8754935 4.583662
5.23 6.8999996 2.47 -1.1459155 3.4377468 4.0107045
5.16 6.83 3.01 -5.7295775 -0.57295775 6.3025355
5.23 7.0299997 3.79 -8.594366 -5.7295775 8.021409
5.65 7.49 4.0099998 -6.3025355 -8.594366 9.167324
5.96 7.77 3.9299998 -5.7295775 -4.583662 6.8754935
5.56 7.47 4.37 -10.886198 5.15662 -4.0107045
4.5899997 7.1299996 4.58 -2.8647888 5.15662 -5.15662
4.67 6.8999996 3.99 10.31324 -3.4377468 2.291831
5.3599997 7.0499997 3.02 14.323945 -6.8754935 8.021409
5.2599998 7.44 3.01 5.15662 -4.0107045 3.4377468
5.24 7.6 4.0099998 -10.31324 -3.4377468 -1.1459155
5.27 7.5099998 4.21 -11.459155 -5.15662 -1.1459155
5.1 7.33 3.99 -7.448451 -5.15662 -1.7188734
4.94 7.2 3.79 -4.0107045 -6.3025355 -1.7188734
5.15 7.31 3.77 -4.0107045 -5.7295775 0.57295775
5.62 7.31 3.54 -5.7295775 -4.0107045 0.57295775
5.52 7.12 3.1899998 -10.31324 -4.583662 -1.7188734
5.19 6.94 3.22 -19.480566 -4.0107045 -3.4377468
4.99 7.0299997 3.4399998 -28.64789 -5.15662 -1.7188734
5.14 7.2 3.74 -34.950428 -9.167324 0.0
5.46 7.0099998 5.17 -38.38817 -12.032113 -0.57295775
4.83 6.92 5.44 -27.501974 -8.021409 -7.448451
4.7999997 6.8399997 5.2 -14.896902 -1.7188734 -3.4377468
5.2799997 6.8599997 4.69 -3.4377468 2.291831 0.57295775
5.22 6.8599997 4.29 3.4377468 1.7188734 0.57295775
5.08 6.98 3.83 6.8754935 -1.1459155 0.0
5.44 6.93 3.46 4.583662 -4.583662 0.57295775
5.3599997 6.81 3.32 -2.291831 -3.4377468 -1.7188734
5.0299997 6.8599997 3.86 -10.886198 -1.7188734 -1.7188734
5.3599997 7.04 4.18 -14.323945 0.0 0.0
5.48 6.97 4.72 -13.178029 -0.57295775 -1.1459155
5.04 6.7999997 4.7999997 -5.7295775 0.57295775 -1.7188734
5.35 6.92 4.18 9.740283 -2.8647888 4.0107045
5.5499997 7.0 3.49 13.178029 -4.0107045 4.583662
5.47 7.12 3.48 7.448451 -1.1459155 1.7188734
5.2799997 7.08 3.87 0.0 -1.1459155 -0.57295775
5.2599998 7.06 4.19 -4.0107045 -1.1459155 -1.1459155
5.3399997 7.02 4.16 -3.4377468 0.0 -1.1459155
5.22 7.02 4.27 -1.7188734 -1.7188734 -1.1459155
5.38 7.18 4.3199997 0.0 -3.4377468 0.0
5.54 7.29 4.27 -1.7188734 -0.57295775 -0.57295775
5.6299996 7.2799997 4.2799997 -4.583662 2.8647888 -3.4377468
5.13 7.06 4.25 0.0 0.0 -4.583662
5.15 7.0699997 3.82 4.0107045 -2.291831 -2.291831
5.2599998 6.98 3.86 0.0 -1.1459155 -0.57295775
5.25 6.98 4.5 -5.7295775 -1.1459155 -1.7188734
5.2999997 6.94 4.8199997 -5.7295775 -2.8647888 -1.7188734
5.41 6.91 4.61 -0.57295775 -0.57295775 -1.7188734
5.49 6.77 4.02 6.3025355 -0.57295775 -2.291831
5.24 6.6499996 3.77 3.4377468 -1.1459155 -4.0107045
4.91 6.49 3.86 -0.57295775 -1.7188734 -4.0107045
4.95 6.39 4.0299997 -2.8647888 -2.291831 -1.1459155
5.08 6.29 3.9199998 -4.583662 0.0 0.0
5.44 6.81 4.5299997 -3.4377468 -5.15662 2.291831
5.35 6.89 4.2999997 -1.1459155 -6.3025355 0.57295775
5.08 6.73 4.29 -3.4377468 -1.1459155 -1.7188734
4.74 6.62 4.7 -8.594366 2.8647888 -2.8647888
4.79 6.6499996 5.02 -6.3025355 2.291831 0.0
5.17 6.8399997 4.7599998 6.3025355 -1.7188734 6.3025355
5.41 6.97 4.0699997 9.740283 -1.7188734 6.8754935
5.5 7.04 3.86 4.583662 -0.57295775 4.0107045
5.29 7.0299997 4.12 -1.1459155 1.7188734 1.7188734
5.33 7.08 4.3399997 -2.291831 2.8647888 2.291831
5.42 6.95 4.23 0.0 0.57295775 1.7188734
5.4 7.0 4.16 1.1459155 -1.1459155 1.7188734
5.6099997 7.08 4.0 0.0 1.1459155 1.7188734
5.72 7.06 3.76 -2.8647888 4.0107045 0.0
5.67 7.0 3.84 -5.7295775 5.15662 -2.291831
5.45 6.92 3.82 -4.583662 0.0 -4.583662
5.31 6.8399997 4.0699997 -4.0107045 -5.15662 -3.4377468
5.19 6.92 4.2999997 -4.0107045 -1.7188734 -1.7188734
5.3599997 7.0099998 4.45 -2.8647888 -1.7188734 0.57295775
5.5699997 7.1099997 4.5299997 -1.1459155 -4.0107045 -0.57295775
5.35 7.14 4.43 0.0 -4.0107045 -2.291831
5.08 6.85 4.74 -1.7188734 -3.4377468 -3.4377468
5.2999997 6.7999997 4.81 -2.291831 -2.8647888 -1.1459155
5.2999997 6.8999996 4.72 0.0 -2.8647888 -1.7188734
5.23 6.92 4.43 1.7188734 -2.291831 -2.291831
