-1.5706443 9.680053 -0.40463245 -9.696085 9.907345 2.62752
-1.5443072 9.646533 -1.1277034 -6.5810847 4.167345 2.8025198
-1.2474172 9.488511 -1.1420691 1.468915 5.672345 0.42252
-1.3264283 9.613013 -1.1492519 7.173915 3.5373452 1.64752
-1.3838909 9.754275 -0.91461295 6.893915 -4.5826554 2.62752
-1.4940275 9.727939 -0.90982443 4.5489154 -7.732655 -1.04748
-1.776552 9.63935 -0.9960183 -5.111085 -5.807655 -7.38248
-1.9896424 9.569917 -0.8332076 -7.701085 -4.932655 -9.30748
-1.8316202 9.385557 -0.38547826 -10.221086 -8.117655 -10.007481
-1.7981004 9.234718 -0.2657645 -12.461085 -10.672655 -9.65748
-1.6688095 9.098245 -0.031125572 -12.951085 -8.3976555 -9.482481
-1.8675344 9.323306 -0.14605077 -12.496084 -5.317655 -8.71248
-2.1069617 9.490906 -0.08140534 -12.006085 -4.4076552 -8.432481
-2.3942747 9.598648 0.72785956 -14.001085 -5.072655 -8.81748
-2.221887 9.560339 1.4485363 -19.111084 -6.682655 -9.86748
-1.934574 9.344854 1.7382435 -20.231085 -2.237655 -11.16248
-2.0878077 9.4142885 1.5538844 -15.821085 -3.4976552 -11.407479
-2.473286 9.148524 2.020768 -10.291084 -10.462654 -13.64748
-2.5594797 8.894731 2.7653873 -10.536085 -16.097656 -16.727482
-2.803696 9.035994 3.0862203 -15.051085 -18.127655 -18.267479
-2.7725701 9.086273 2.5092 -13.931086 -15.362655 -16.93748
-2.875524 8.846846 2.5283542 -4.131085 -2.727655 -13.962481
-3.3424077 8.545167 2.875524 2.028915 13.4773445 -10.74248
-2.875524 8.217151 3.1317115 1.048915 26.567347 -7.45248
-2.7366562 8.114198 2.892284 -0.59608495 37.172348 -0.76748
-2.4349775 8.08786 1.9321798 6.193915 44.557343 5.98752
-2.0351336 7.9585695 0.5961744 22.573915 44.172348 9.83752
-1.6233183 7.800547 -0.016759925 37.553913 41.862347 13.757521
-1.4341706 7.8388557 -0.090982445 40.77392 43.857346 17.39752
-1.2330515 8.166871 -0.24900457 31.638914 53.412346 18.65752
-0.8739103 8.152506 -0.45251793 19.178915 62.757343 17.50252
-0.35914123 7.8795586 -0.6344828 5.1439147 84.35234 22.75252
0.15323359 8.056735 -0.5602603 3.8139153 87.57235 23.942522
0.6296943 8.74868 -1.23784 5.843915 92.997345 26.14752
1.1085492 8.631361 -2.456526 13.473915 101.25734 32.02752
0.45012367 8.334471 -3.2394538 17.848915 116.06235 32.83252
-0.6656084 8.186026 -2.9521408 15.608915 127.54235 22.29752
-0.8092649 8.509253 -2.5092 12.703915 117.21735 9.97752
0.12689656 8.813326 -3.0981915 15.328915 92.15735 11.6225195
0.409421 8.640938 -4.0104103 23.973917 75.11235 24.362522
-0.15083931 8.523619 -3.6033835 27.648914 75.637344 29.087523
0.06464542 8.46855 -2.640885 20.123915 79.802345 24.222519
0.9337672 8.526012 -3.4573328 17.568914 71.57735 24.50252
0.95531565 8.827691 -5.0614967 30.728914 58.03235 35.28252
0.8475733 7.9944835 -4.9561486 39.86392 53.937344 38.15252
0.7829279 7.953781 -3.799714 28.418915 44.242344 34.33752
2.126116 7.7526617 -3.6392977 30.378916 35.702343 44.13752
2.7725701 7.9753294 -5.777385 43.188915 38.012344 56.527523
2.9377751 7.3743663 -6.5196104 44.483917 46.51735 54.987522
1.5586729 7.228316 -5.4493694 24.393917 42.002342 41.547523
1.6807809 8.245882 -2.9569294 4.513915 32.272343 35.912525
3.545921 8.174054 -4.249838 12.423915 26.287346 56.002518
4.6712303 8.470944 -6.3711653 34.54392 28.597345 68.63752
3.684789 8.334471 -6.8021345 37.483913 34.967346 57.99752
3.050306 8.722343 -6.1748347 26.143915 27.792345 36.612522
4.2809634 8.825297 -7.6185822 25.723915 12.8123455 37.347523
4.7143273 9.155706 -9.416683 30.938915 2.6273448 46.48252
4.393494 8.806143 -9.692024 18.093916 7.7723455 41.86252
3.981679 8.466156 -8.41827 -8.226085 3.5373452 28.107521
4.5251794 8.480521 -7.8699813 -28.526085 -11.162655 22.437521
5.0998054 8.676852 -8.942616 -33.566082 -17.777657 29.717522
4.826858 8.813326 -8.660092 -40.111084 -12.352655 34.54752
4.455745 8.74868 -6.8500204 -59.466087 -11.092655 25.23752
4.7502413 9.179649 -5.66246 -70.77109 -30.062654 16.48752
6.1101894 9.471751 -6.138921 -62.021088 -58.937656 20.72252
7.1133904 9.335278 -7.266624 -42.981083 -78.78265 31.15252
6.7877693 9.220352 -6.9003 -36.191086 -88.09265 28.17752
5.90907 8.945011 -5.375147 -46.446087 -96.00266 11.342521
5.071074 8.593052 -4.860378 -57.856087 -108.28766 -5.2824802
4.517997 8.645726 -4.913052 -61.496086 -117.002655 -10.46248
4.965726 8.300951 -4.4054656 -67.51609 -113.11765 -5.42248
5.4230323 8.107015 -2.7821474 -82.32109 -107.972664 3.1175199
5.4350038 8.135746 -1.8459859 -95.51608 -112.97765 5.4275203
5.3272614 8.001666 -1.7526091 -96.42609 -124.072655 1.8575201
4.7095385 8.0711 -1.4054393 -90.93108 -131.03766 -3.1124802
4.4294086 8.030397 -0.44054657 -91.00108 -130.68767 -8.25748
4.070267 7.802942 0.5411061 -96.25108 -129.00766 -11.61748
3.7709827 7.6616793 0.9864412 -96.35609 -131.00266 -12.842481
3.6823947 7.553937 0.9768641 -88.86608 -136.88264 -11.197479
3.962525 7.249864 1.5490957 -82.14609 -139.99767 -7.6974807
4.017593 7.003254 2.9425638 -82.28608 -138.87766 -3.9524798
3.7207031 7.065505 3.294522 -84.03609 -137.37267 -2.55248
3.7685885 7.106208 2.5331428 -66.92109 -132.99767 -3.42748
4.3025117 7.003254 2.5020173 -68.14608 -125.192665 -1.36248
4.640105 6.63693 3.624932 -81.16609 -116.93266 -2.79748
3.9577363 6.246663 4.5874305 -91.246086 -106.957664 -9.02748
2.2458298 6.2777886 4.7262983 -88.166084 -97.50765 -18.96748
1.7813405 6.019207 4.417437 -78.75108 -95.33766 -22.29248
2.020768 6.0862465 4.537151 -72.66108 -104.99766 -14.172481
3.397476 6.572284 5.4062724 -72.69608 -116.26766 1.4025201
3.859571 7.0176196 5.375147 -71.541084 -116.687645 9.557521
3.972102 7.405492 6.071881 -70.80608 -108.56765 6.6525197
3.8883023 7.520417 7.8316727 -75.39108 -94.917656 1.29752
4.120547 7.843644 8.813326 -74.58609 -74.197655 0.77252
4.661653 8.298556 8.351231 -58.94109 -51.132652 1.89252
3.4836698 8.219545 8.41827 -42.946083 -34.857655 -4.26748
2.4421604 8.509253 9.768641 -39.761086 -15.432655 -9.30748
2.516383 8.746285 9.881172 -29.926085 -5.9476547 -1.5374801
2.8300328 9.076695 8.480521 -3.466085 -7.557655 10.78252
3.2825508 9.390346 7.4797144 22.223915 -1.9926552 18.37752
3.3256476 9.787795 6.840443 35.243916 6.162345 22.33252
2.4589202 9.974549 6.071881 39.933918 15.577346 22.75252
2.257801 10.010463 4.903475 43.678917 25.797346 24.01252
3.1221344 10.055954 4.189981 45.253918 28.842346 29.262522
3.040729 10.151725 4.008016 38.568913 24.117346 34.302517
2.9497466 10.094262 4.8915033 25.548916 29.122345 34.827522
2.535537 10.010463 5.032766 15.643916 39.832344 34.09252
2.8013015 10.170879 4.644893 19.913916 43.052345 33.18252
3.6009893 10.46777 4.1397014 31.008915 43.367344 36.717518
4.513208 10.7479 3.3759274 41.053913 46.902344 42.45752
4.149278 10.896344 2.516383 48.893917 55.652344 41.51252
4.14449 10.925076 2.2410412 52.428913 63.702347 33.53252
4.1373067 10.879584 1.2450229 53.583916 67.692345 26.42752
3.9960446 10.668888 0.009577099 56.173916 62.757343 21.14252
3.6728175 10.577906 -0.28731298 54.073917 57.752342 16.66252
3.5052183 10.443827 0.5961744 40.003914 61.812344 13.47752
3.7254915 10.254679 0.9313729 22.188915 71.787346 12.35752
4.0151987 10.2091875 0.1699935 24.708914 56.632347 13.19752
4.166038 10.271439 -0.31365 29.048914 50.15735 11.93752
4.189981 10.089474 -0.56744313 27.088917 50.997345 9.172521
3.991256 9.938635 -0.7110996 22.083916 48.547344 5.5675197
3.5315554 9.814133 -0.38787252 14.663914 43.052345 2.2775202
3.929005 9.873989 0.33759275 9.028915 43.122345 1.6825202
3.6536634 9.785401 0.071828246 13.893915 46.447346 1.1225201
3.2801564 9.620196 -0.4644893 25.478914 48.127346 -2.27248
3.4621215 9.763853 -1.158829 34.333916 40.952343 -3.8824801
3.4453614 10.017646 -1.5706443 36.538914 34.722343 -4.4074802
3.1843855 10.027223 -1.9992194 33.213917 33.147346 -6.68248
3.2035396 9.964972 -1.9489397 24.603916 31.572344 -9.16748
3.1173458 9.955395 -1.4796618 11.338915 27.897346 -10.84748
2.7222905 9.79019 -1.089395 0.138915 21.212345 -13.82248
2.6839821 9.519637 -0.4644893 -7.491085 14.877346 -14.8374815
2.595394 9.222747 -0.07422252 -12.776086 10.117345 -11.96748
2.4182177 9.055147 0.67279124 -14.911085 7.107345 -9.482481
2.9904492 9.100638 1.2641771 -14.211085 7.667345 -5.66748
3.74704 9.210775 1.1133378 -8.646085 6.897345 -0.80248
3.5507095 9.368797 0.818842 0.628915 1.612345 -0.69748
2.9329867 9.1628895 0.89545876 6.508915 -0.417655 -5.3524804
3.1173458 9.134158 1.1803775 5.6339154 3.572345 -6.5074797
3.3687446 9.158101 1.0151725 4.1289153 7.667345 -3.04248
2.7917244 9.088667 0.9864412 6.3689156 5.007345 -2.44748
2.3152637 9.002473 1.1133378 8.188914 3.607345 -5.2124796
2.281744 9.06233 1.0606637 7.8039145 5.392345 -4.65248
2.4589202 9.165284 0.845179 7.5589156 5.462345 -0.41748002
2.0686533 9.282603 1.0343267 6.718915 7.352345 2.59252
2.3344178 9.644139 1.0439038 5.213915 10.502346 3.4675202
3.3040993 9.957788 0.7039168 6.298915 9.592345 7.387521
3.641692 9.984126 0.56265455 8.258915 5.077345 11.16752
3.5483153 9.90272 0.56744313 6.998915 3.7473452 8.82252
2.9377751 9.6585045 0.888276 2.658915 3.4323452 1.9625201
2.7414446 9.366403 1.297697 -3.291085 2.4523451 -4.33748
2.8276386 9.138947 1.6592325 -9.031085 2.557345 -5.42248
2.9234095 9.064724 1.8507744 -10.851085 3.117345 -4.02248
2.743839 9.026416 1.951334 -8.051085 2.137345 -3.67248
2.4517374 9.019233 1.8771114 -2.276085 0.842345 -4.7574797
2.535537 9.026416 1.3455825 5.388915 2.067345 -5.1424804
2.8180614 9.150918 0.9696813 18.233915 -0.55765504 -1.01248
2.8204558 9.229929 0.6943397 18.198914 0.002345 -0.62748003
2.5522969 9.27542 0.61293435 14.663914 2.2773452 -1.78248
2.4852571 9.299363 0.3974496 10.218915 1.752345 -1.57248
2.6720107 9.349643 0.50998056 3.078915 2.137345 0.21252
2.8443985 9.407105 1.1109436 -5.321085 5.812345 1.4725201
2.8515813 9.416683 1.3288225 -7.6660857 8.507345 1.2625201
2.6791935 9.387952 1.1253091 -3.151085 5.182345 -0.38248
2.5307484 9.452597 0.967287 1.538915 0.9473451 -1.11748
2.597788 9.438231 1.1660118 2.308915 1.9973452 0.59752005
2.8898897 9.47654 1.132492 3.428915 3.4323452 2.59252
3.0096035 9.517242 0.6751855 7.5589156 1.4723449 2.1725202
2.9066496 9.454991 0.54828894 9.728915 1.577345 -0.34748
2.52596 9.402317 0.6464542 8.118916 3.887345 -2.48248
2.5092 9.313729 0.70870537 6.403915 4.4823456 -2.55248
2.7510219 9.337671 0.5554718 6.788915 2.8723452 -0.55748
2.7414446 9.356826 0.47885495 7.383915 -0.137655 0.70251995
2.5020173 9.28021 0.5770202 5.948915 -0.59265506 0.03752
2.6935592 9.265843 0.5818088 3.7439148 0.387345 0.21252
2.935381 9.306546 0.6249057 1.9589151 -0.417655 1.9625201
2.9928436 9.308941 0.7853221 -0.106085 -1.257655 2.62752
2.8396099 9.342461 0.9912298 -1.7160851 -1.642655 0.87752
2.648068 9.368797 1.0415095 -1.366085 -0.9426551 -1.04748
2.8515813 9.320911 0.82123625 1.258915 -1.047655 -0.87248
2.944958 9.342461 0.5985687 3.778915 -1.467655 0.77252
2.7869358 9.428655 0.4668836 4.6889153 -1.572655 0.91252
2.7725701 9.433443 0.5889916 3.2889152 -1.8876551 -0.24247998
2.7390504 9.399923 0.8332076 -0.001085 -1.677655 -0.45248002
