-0.49082634 9.565128 -0.4644893 -0.45804498 -6.2938757 -9.8400755
-0.6895511 9.651321 -0.3040729 -5.673045 -7.2038746 -7.9150753
-0.8739103 9.670476 0.21787901 -11.903045 -6.328875 -8.685076
-0.49800915 9.5244255 0.45970076 -15.788046 -3.808875 -8.615075
-0.27055305 9.613013 0.21309046 -13.548045 -4.5788746 -6.655075
-0.5027977 9.644139 0.21787901 -7.7730446 -8.848875 -7.9500756
-0.89545876 9.560339 0.29210153 -4.203045 -12.488874 -13.165075
-1.0247496 9.555551 0.3040729 -3.223045 -12.313875 -16.490074
-1.0151725 9.629773 0.3232271 -3.188045 -10.178876 -15.020076
-0.84278476 9.562734 0.34477556 -3.818045 -9.058875 -10.820075
-0.8643332 9.603436 0.4860378 -5.148045 -8.393876 -7.320075
-0.86912173 9.545974 0.56744313 -6.8980455 -5.908875 -5.850075
-1.0822122 9.474146 0.89545876 -9.453045 -3.668875 -5.745075
-1.1492519 9.483723 1.2881198 -12.078045 -4.438875 -6.515075
-1.036721 9.378374 1.5059988 -13.583045 -5.978875 -6.4100747
-0.88588166 9.287392 2.1716073 -14.003045 -6.363875 -5.115075
-0.6464542 9.268238 3.5004299 -20.408045 -21.588875 -5.675075
-1.1013664 9.423865 4.130124 -18.623045 -37.478874 -11.100075
-1.3814965 9.141341 4.2977233 -13.933044 -39.228874 -16.910074
-1.3814965 8.978531 4.635316 -17.783045 -19.208876 -16.455076
-0.9122187 8.621783 4.80531 -26.218044 10.926125 -12.745075
-0.87630457 8.197997 4.5898247 -30.383045 28.811125 -13.1300745
-1.9992194 8.178843 5.1429024 -29.788046 23.736124 -19.150076
-2.667222 7.6473136 6.035967 -25.623047 19.816126 -21.005075
-2.2075214 7.3863378 5.5738716 -11.623046 21.881126 -10.225075
-1.010384 7.8532214 3.8452053 10.601954 34.58613 9.129926
0.29210153 8.032792 2.5403256 20.576956 62.37613 25.054926
0.54350036 8.0926485 3.7685885 11.371955 84.741135 23.934927
1.036721 7.8292785 3.4836698 6.926955 70.81113 8.849925
0.73743665 8.142929 2.343995 25.861956 55.726128 0.519925
0.20351335 8.085466 0.96489275 42.766956 74.941124 -0.110075004
-0.52674043 7.9920893 0.90982443 43.326954 98.11112 1.044925
-0.5602603 7.9777236 1.664021 38.70696 101.576126 5.3499255
0.505192 7.901107 0.82123625 42.06696 85.54613 19.594927
1.2354459 8.38475 -0.28013015 55.646954 70.00613 37.584927
1.9058428 8.0687065 -0.8140534 69.36696 73.926125 53.089928
2.0447106 7.8747697 -1.3695252 74.19696 91.35613 57.67493
2.6289136 8.05434 -2.6193366 76.89195 103.46613 56.41493
3.2466366 8.135746 -3.6871831 83.08696 108.99613 59.774925
2.5092 7.6305537 -3.7709827 85.88695 107.106125 57.569923
1.9752767 8.193209 -4.4318027 87.28696 97.86613 43.429924
3.2681851 8.672064 -7.599428 98.76696 88.27613 37.549923
4.04393 8.9186735 -12.019259 118.926956 79.771126 43.254925
2.7773588 8.923462 -12.206013 123.82694 64.441124 39.089928
1.9633054 8.990502 -11.219572 97.40196 48.656128 21.904926
2.8707354 9.071907 -12.706416 68.98196 40.64113 14.414925
3.7781656 8.758257 -14.107067 62.89196 32.451122 22.359924
3.6536634 8.904308 -13.908342 53.61696 23.001125 30.094927
3.2250881 8.439818 -12.364035 27.086956 15.826125 30.059925
3.2466366 8.183631 -12.301784 0.94195503 1.056125 21.694925
3.2035396 7.6736507 -12.4909315 -6.373045 -24.983873 16.234926
2.7677817 7.5036573 -11.327314 -12.988046 -54.278873 12.034925
2.4254005 7.3408465 -9.543579 -33.883045 -72.548874 8.359925
2.6025767 7.190007 -8.265037 -60.41305 -84.55388 6.574925
3.007209 7.3240867 -7.211556 -77.35305 -96.48888 8.884925
3.459727 7.6090055 -6.4621477 -87.81805 -106.183876 14.589925
3.7159145 7.405492 -4.4820824 -98.77305 -111.67887 19.314924
3.5602865 7.266624 -2.7989073 -112.42305 -135.61887 7.7299247
3.4262073 7.5299945 -2.640885 -103.07805 -152.87389 2.2349253
3.6009893 7.415069 -2.2434354 -98.84305 -162.04387 1.779925
3.79732 6.876357 -0.8834874 -105.528046 -162.35889 -0.040075
3.4525442 6.768615 0.7398309 -110.46304 -165.01889 -2.3150752
3.007209 7.1924014 1.908237 -106.57805 -172.33386 -2.525075
3.3519847 7.4198575 1.9872481 -96.60305 -173.62888 2.024925
3.902668 7.1373334 2.3918805 -90.26804 -165.50887 7.869925
3.8116856 6.9553685 3.4262073 -90.19805 -153.95888 8.884925
3.1556542 7.2546525 3.4333901 -83.653046 -146.85388 5.419925
2.8731298 7.4461946 3.2394538 -70.808044 -145.52388 4.789925
2.8611584 6.8619914 4.166038 -69.51305 -142.33887 6.364925
2.7462332 6.5555243 5.29853 -75.00804 -129.52887 6.714925
2.8013015 6.5459476 5.4589467 -70.38805 -119.62388 8.114924
2.9114382 6.7566433 5.138114 -56.84305 -119.69387 10.109924
3.1269228 6.797346 5.341627 -47.218044 -120.70888 15.254924
3.2633965 6.605804 6.7638264 -52.118046 -112.23888 22.184923
3.7398572 6.3998966 8.444607 -61.288044 -97.923874 27.679926
3.510007 6.5603127 9.282603 -55.408047 -87.70388 29.639923
3.1484714 6.876357 9.012051 -32.903046 -82.41888 27.259926
3.3519847 7.336058 8.2027855 -9.558044 -72.058876 29.324926
3.512401 7.7670274 8.059129 4.336955 -54.488876 37.619923
4.005622 8.025609 7.702382 9.796955 -34.39888 45.704926
4.896292 8.628966 6.8284717 16.516954 -19.418875 52.91493
5.341627 8.947405 6.7997403 20.086954 -7.2738748 58.409927
5.437398 9.052753 7.1540933 16.621956 6.831125 60.054924
5.5786605 9.182044 7.0319853 15.046954 20.901125 61.104927
6.5627074 9.09585 5.4852834 22.361954 42.251125 63.834927
7.065505 8.7822 4.537151 35.626957 63.146122 64.49993
6.4860907 8.171659 4.6903844 40.246956 72.771126 58.479923
5.7989335 9.134158 4.6472874 34.016956 72.246124 49.134926
6.366377 9.821315 3.476487 29.081955 73.36613 47.069927
6.7470665 9.835681 2.6839821 32.231956 87.08612 48.539925
5.5547175 9.955395 3.258608 33.386955 98.53113 43.149925
5.454158 10.858036 3.6608462 28.731956 96.746124 36.779922
6.986494 12.050385 2.5379312 27.856956 93.981125 40.839924
7.4821086 12.062357 0.70631105 40.036953 105.60113 49.659924
6.7063637 11.600262 0.05506832 59.076958 113.441124 43.04493
5.2434616 11.277035 0.42618093 62.08696 96.85113 16.479927
5.339233 12.024048 0.22027329 52.531956 101.82113 21.274925
6.3208857 11.787015 -1.1899546 57.011955 112.70612 24.949924
5.7725964 11.140561 -2.2961094 67.23196 99.161125 12.314925
3.6225379 10.956202 -1.9178141 63.41696 83.691124 -3.155075
3.3232534 11.44224 -1.7933118 51.061954 86.73612 -3.225075
4.1349125 11.425479 -3.5387383 55.051956 94.506134 1.359925
4.0032277 10.917893 -5.272193 66.35696 78.65112 -6.8300753
2.6767993 10.465375 -5.032766 59.286957 55.761124 -20.550076
1.8435916 9.668081 -3.4333901 34.576954 45.926125 -22.685076
3.031152 9.043176 -1.9202085 11.021955 38.366127 -9.280075
4.1397014 9.021627 -1.4413534 -0.31804502 26.921125 4.4749246
4.6305275 9.778218 -0.6081458 -3.468045 14.741124 6.014925
3.8906965 9.792584 -0.098165266 -0.63304496 10.016125 -2.665075
3.2562137 9.39274 -0.47885495 10.881955 5.886125 -13.760076
3.3352249 9.100638 -0.65842557 17.741957 2.946125 -16.700073
3.2442424 8.894731 0.15083931 11.371955 6.306125 -10.925075
3.3687446 8.91149 0.81165916 -0.14304501 10.331124 -5.0800753
3.4309957 8.89952 0.81165916 -3.1180449 8.231125 -1.8950751
3.605778 8.942616 0.67279124 1.571955 0.84612507 -1.930075
3.4956412 8.91149 0.6344828 5.176955 -1.113875 -2.525075
3.1508656 8.973742 0.5506832 5.106955 0.881125 -3.120075
3.294522 8.978531 0.4166038 3.601955 2.561125 -1.4050751
3.5483153 8.990502 0.40223816 0.661955 2.666125 1.499925
3.380716 8.887548 0.76616794 -2.838045 -1.0788751 2.374925
3.6177492 8.880365 1.0870007 -7.038045 -4.543875 1.8499249
3.624932 8.909097 1.3479767 -8.928045 -7.2738748 2.0599248
3.380716 8.973742 1.5921928 -8.053045 -8.953876 0.834925
3.5507095 8.9498 1.3575538 -5.778045 -5.628875 0.449925
3.79732 9.002473 1.0486923 -1.5780451 -2.268875 1.779925
3.7063375 9.122187 1.0774237 1.571955 -4.053875 2.269925
3.6201434 9.217958 1.4365649 0.451955 -5.593875 1.114925
3.641692 9.179649 1.3862851 -1.718045 -4.018875 1.184925
3.4740927 9.126976 1.1540405 -0.073045 -2.793875 1.744925
3.4980354 9.0838785 1.1612233 2.551955 -2.688875 0.799925
3.6009893 9.067119 1.175589 2.551955 -1.883875 1.114925
3.581835 9.172467 1.036721 1.151955 -0.413875 2.199925
3.4621215 9.14613 1.0606637 1.2919549 0.111125 1.709925
3.6177492 9.153313 1.0127783 1.151955 0.601125 0.694925
3.6608462 9.138947 1.1492519 -0.073045 -0.23887499 1.114925
3.3759274 9.158101 1.3072741 0.48695502 -1.6038749 -0.355075
3.476487 9.165284 1.089395 1.5369551 -0.378875 -0.14507501
3.703943 9.160496 0.8571504 1.2919549 1.476125 0.729925
3.440573 9.117398 1.1827718 -0.913045 1.931125 -0.530075
3.371139 9.076695 1.359948 -1.963045 1.476125 -1.440075
3.7254915 9.1628895 0.88588166 0.521955 0.706125 -0.810075
3.78056 9.131764 0.92658436 2.096955 0.391125 -0.740075
3.6895776 9.052753 1.3000913 0.591955 1.616125 -2.3850749
3.5938065 8.968953 0.91700727 2.866955 0.391125 -4.065075
3.4836698 8.906702 0.6656084 6.156955 0.006125 -4.030075
3.2993107 8.923462 0.9289786 3.636955 0.9511251 -3.4700751
3.2921278 8.973742 1.0726352 0.62695503 1.6511251 -1.825075
3.5339496 9.04557 0.6273 1.151955 1.0211251 0.58992505
3.476487 9.09585 0.7015225 1.151955 -0.16887501 1.639925
3.407053 9.150918 1.1708003 -2.138045 -1.393875 1.219925
3.3950818 9.148524 1.0534809 -3.328045 -2.513875 1.639925
3.5171897 9.203592 0.80208206 -1.2280451 -1.5688751 3.179925
3.737463 9.27542 0.6560313 -0.56304497 0.18112502 3.949925
3.6656346 9.25866 0.84996754 -1.4030449 -1.9188751 2.199925
3.4142358 9.122187 1.0534809 -3.0830452 -4.5788746 -0.600075
3.493247 9.016839 1.1348863 -4.238045 -4.1238747 -1.720075
3.7733772 9.076695 1.350371 -4.448045 -4.053875 -0.530075
3.5842295 9.093455 1.5036045 -3.9930446 -5.488875 -0.28507498
3.545921 9.055147 1.3144568 -1.683045 -3.773875 -1.720075
3.6464806 9.031204 1.1444633 2.061955 -1.008875 -1.510075
3.6632404 9.033599 1.1468576 4.091955 -0.903875 -0.600075
3.7590115 9.091062 1.1157321 4.056955 -1.1838751 0.694925
3.8787253 9.098245 1.010384 2.866955 1.1611251 1.814925
