-0.9624985 9.838076 0.12210801 -8.278866 1.973545 3.473015
-1.0175668 9.720756 0.03351985 -12.058866 5.508545 4.173015
-1.2785428 9.703996 0.29689008 -11.428865 2.813545 0.98801506
-1.4269878 9.699207 0.45491222 -9.748865 -2.401455 -2.896985
-1.5036045 9.641745 0.33759275 -7.298865 -5.096455 -3.7719848
-1.3838909 9.617802 0.14844504 -4.638865 -3.1714551 -2.5119853
-1.2737542 9.6585045 0.16520496 -4.043865 0.85354507 -0.411985
-1.0343267 9.737515 0.20590763 -4.1488647 -0.371455 0.21801502
-1.2474172 9.79019 0.19154198 -3.658865 -4.676455 -0.69198495
-1.4700848 9.749487 0.22985038 -3.3438652 -5.971455 -3.526985
-1.4317763 9.744699 0.2466103 -4.463865 -4.326455 -5.0319853
-1.2162915 9.766247 0.18196489 -5.653865 -3.556455 -3.7019846
-1.2354459 9.816526 0.18914771 -6.2138653 -5.3764553 -3.106985
-1.333611 9.708784 0.47167215 -7.578865 -10.346455 -5.276985
-1.7885233 9.593859 0.76616794 -10.763865 -12.586455 -8.0419855
-2.0686533 9.684841 1.0175668 -17.728865 8.343545 -7.2719855
-2.17879 9.80695 1.1612233 -15.418865 9.253546 -4.191985
-1.489239 9.993703 1.2450229 -8.628865 -2.296455 -1.076985
-0.95531565 10.125388 1.1229149 -3.623865 -19.971457 1.8630149
-0.8786988 10.371999 2.310475 -10.203865 -29.106455 0.428015
-1.175589 10.379181 3.5770466 -18.043865 -30.891453 -5.381985
-1.2546 10.405519 3.8116856 -12.198865 -39.781456 -11.086985
-1.1971374 10.587483 3.6656346 0.086135 -62.321453 -13.676985
-0.33519846 10.405519 4.314483 5.1611347 -83.18146 -15.566986
-0.7733508 10.503684 5.255433 0.541135 -87.381454 -17.491985
-0.2944958 9.811738 5.521198 0.47113502 -71.14146 -18.191986
-0.083799616 9.395134 5.195576 7.681135 -48.601456 -18.576984
-0.3519584 9.021627 4.865166 17.166136 -27.916454 -22.846987
-0.6488485 8.494887 4.494054 24.096134 -8.001454 -27.606985
-1.1109436 7.80773 4.0295644 29.696136 10.723545 -30.161985
-1.4581133 7.350424 3.4166303 36.24114 28.223545 -29.531982
-1.6616267 7.1564875 2.7079248 42.261135 43.448547 -24.491985
-1.647261 7.1349387 2.0351336 45.551136 53.248543 -16.896984
-1.3671309 7.2546525 1.4509305 47.546135 61.648544 -8.846984
-1.1564348 7.2426815 0.75659084 49.051136 72.91855 -3.491985
-1.1468576 7.1756415 0.22027329 50.941135 81.843544 -3.071985
-1.3623424 7.2785954 -0.16041641 53.636135 86.70855 -4.716985
-1.0941836 7.412675 -0.6105401 59.166138 87.44354 -6.011985
-0.67279124 7.3049326 -1.934574 69.84113 83.90855 -6.6769853
-0.50040346 7.168459 -2.7462332 80.41113 79.84854 -7.376985
-0.8571504 7.273807 -2.8946784 80.656136 84.71355 -7.9369845
-0.9337672 7.223527 -2.9665065 74.70614 96.99854 -8.181985
-0.50040346 7.2594414 -3.7087317 74.11113 101.79355 -6.1169853
-0.098165266 7.273807 -4.5060253 81.04114 99.48355 -0.166985
0.22985038 7.3169036 -5.276982 84.99614 98.43355 4.033015
0.29210153 7.2426815 -5.6959796 85.031136 98.67854 3.7880151
0.08140534 7.0894475 -5.499649 82.58114 96.01854 0.81301504
0.22985038 7.185219 -5.648094 75.37114 96.01854 -0.586985
0.6703969 7.190007 -6.196383 70.961136 100.77855 4.103015
0.679974 7.005648 -6.943397 71.48614 102.45855 9.738015
1.0965779 6.919454 -7.0152254 69.80614 105.78355 10.5430155
1.1947432 6.938608 -6.5387645 62.526142 103.368546 11.978015
1.1109436 6.7231236 -6.9888883 53.426136 100.148544 14.078015
0.9505271 5.9856873 -8.035186 56.821136 103.99855 8.968016
1.0295382 5.33205 -8.078283 53.041134 100.673546 7.953015
0.7589851 5.3895125 -7.14691 43.381138 97.55855 10.928015
0.6296943 5.097411 -7.6640735 39.776134 102.948555 18.873014
1.2857256 4.9992456 -8.025609 46.111137 104.523544 29.268017
1.908237 5.1644506 -8.703189 56.191135 89.33355 35.288013
2.2889266 5.4350038 -10.178062 66.02613 75.19354 38.088017
2.300898 5.5523233 -11.420691 69.631134 69.41855 40.783016
2.885101 5.5523233 -12.071934 65.25614 61.43855 44.213017
3.7518287 5.6145744 -12.569942 55.736134 50.133545 45.823013
3.5387383 5.777385 -12.476566 42.156136 38.163544 45.193016
3.4046588 5.906676 -12.574731 27.806135 34.628548 45.228016
4.0582957 5.854002 -12.964998 20.246136 25.178545 47.643013
3.833234 5.7295 -12.194041 11.391136 4.318545 44.108017
3.581835 5.7366824 -11.545193 0.051135 -12.166454 39.663013
3.3855045 5.6983743 -11.765467 -9.783865 -19.971457 45.123013
3.5483153 5.6145744 -11.9953165 -17.658867 -20.181456 52.158016
3.7925313 5.6241517 -11.054367 -25.778866 -40.026455 52.508015
3.8380225 5.8755503 -10.362421 -36.733864 -62.77646 49.323017
3.8978794 5.834848 -10.221159 -46.288868 -73.69646 50.513012
4.146884 5.777385 -9.646533 -58.468864 -73.311455 55.763016
4.6472874 6.091035 -7.9561753 -72.67886 -78.00146 58.66801
5.31529 6.481302 -6.9146657 -83.42386 -89.90146 56.813015
5.384724 6.811712 -6.5220046 -83.108864 -99.421455 52.263016
4.5898247 7.309721 -7.0439563 -74.008865 -102.43145 42.603016
4.556305 7.762239 -7.249864 -61.723866 -109.43145 30.913013
4.7598186 8.018426 -7.9394155 -52.833866 -130.60646 20.973015
4.355186 7.7095647 -7.570697 -54.75886 -146.39146 12.013015
3.79732 7.333664 -5.9856873 -76.17886 -142.85645 5.363015
2.8731298 7.6904106 -4.216318 -104.31886 -131.79646 2.983015
3.1077688 7.9322324 -3.703943 -116.74386 -130.50146 2.948015
3.8021083 7.82449 -3.9433706 -114.32887 -132.25146 8.163015
3.9361877 7.8532214 -3.1317115 -112.368866 -128.19147 13.448015
2.8372157 7.965752 -1.0989721 -119.08887 -120.38645 12.153014
1.9728824 8.193209 -0.5889916 -123.288864 -118.04146 0.253015
2.6791935 8.128563 -1.3216397 -113.13887 -121.226456 -8.846984
3.5219781 8.090255 -0.18675344 -95.743866 -123.781456 -6.991985
2.928198 8.554744 1.4245936 -84.08886 -127.91145 -7.831985
0.24182175 8.482916 -0.66800267 -66.02887 -148.38646 -25.716986
-1.1971374 7.927444 -3.3040993 -18.673864 -164.20647 -53.576984
-1.201926 7.362395 -2.8276386 -47.863865 -139.18146 -30.336985
-1.1779832 7.1971903 0.031125572 -92.13887 -124.06146 -7.7269855
-1.5993756 7.120573 1.637684 -113.383865 -118.77646 -1.216985
-1.4605076 6.6608725 1.2785428 -107.608864 -113.07146 2.0730152
-1.1923488 6.5627074 0.9792584 -93.85386 -113.10646 9.598015
-0.44772938 6.7566433 1.4006507 -85.733864 -115.66145 17.893015
-0.45970076 6.9577627 2.0351336 -83.87887 -118.00646 21.183014
-0.5147691 6.699181 2.7725701 -85.17387 -111.881454 20.798016
-0.5147691 6.7279124 3.0622776 -80.44887 -101.171455 23.948015
-0.0670397 7.3240867 3.0263634 -68.86387 -96.866455 32.908016
0.36871833 7.6042166 3.014392 -59.693867 -98.616455 39.768013
0.818842 7.5228114 3.7877429 -60.008865 -95.22146 39.173016
0.89545876 7.7095647 4.14449 -61.408863 -86.54145 37.493015
1.3168511 7.9322324 4.4820824 -55.948868 -83.04145 41.098015
1.8651401 8.10462 4.96812 -50.768864 -83.77646 47.25802
2.0375278 8.0375805 5.4254265 -48.353863 -81.04645 47.713013
1.5897985 8.05434 5.810905 -48.248867 -72.96146 44.493015
1.6352897 8.186026 6.771009 -45.763863 -57.386456 43.233013
2.4708917 8.571504 6.941003 -37.503864 -43.106453 45.228016
2.7318676 9.304152 6.0048413 -17.903864 -35.266457 44.283016
1.8004947 9.047964 5.8755503 3.516135 -20.006456 33.013012
0.6153286 9.4932995 5.889916 12.966135 12.018545 19.048016
1.4054393 9.960183 5.7007685 21.716135 25.983545 20.448015
2.796513 10.534809 5.3512044 29.346136 17.863544 40.958015
3.5962007 11.083098 4.740664 32.356133 21.958544 62.798016
4.336032 11.11183 4.225895 38.096138 42.748547 71.37301
4.460534 10.623397 3.5339496 49.19114 50.238544 65.84301
4.577853 10.549175 3.634509 56.401134 39.213543 56.043015
4.477294 11.202812 4.4198313 46.881134 37.04355 55.20302
5.2674046 11.162109 3.5076127 32.496136 64.58855 62.798016
5.1237483 10.606637 1.759792 41.771133 94.898544 62.76302
3.9194279 9.888355 0.6344828 67.04114 87.19855 49.323017
3.2274826 10.314536 2.2673783 71.66113 73.26855 37.003017
4.2665977 10.759871 2.2841382 46.146133 89.61354 42.253014
4.843618 10.498895 -0.052674048 73.76113 126.923546 40.888016
4.0319586 9.670476 -1.9872481 100.046135 103.78855 21.603014
3.241848 9.4142885 -1.0822122 80.41113 97.62855 15.793015
3.1700199 9.289786 0.14605077 46.56613 118.033554 26.923016
5.0136113 8.945011 0.5506832 40.826134 122.75854 39.523018
5.540352 8.576292 -0.17238778 56.541138 94.44354 41.063015
4.6903844 8.985713 -0.08140534 63.156136 82.57855 34.273014
4.532362 9.57231 -0.32562137 56.681137 101.61855 33.153015
5.442187 9.294575 -1.4221992 64.20614 119.08354 36.058018
5.3727527 8.959376 -3.7446458 86.67613 102.45855 28.813017
3.2993107 9.976943 -4.443774 89.82614 81.00354 16.773016
3.545921 11.717581 -4.908263 64.976135 88.98355 18.803015
4.5060253 12.110242 -7.1924014 54.126133 105.50355 28.358015
4.288146 11.298583 -9.332883 63.261135 85.23854 20.168015
2.6337023 10.776631 -8.250671 47.756138 39.493546 4.488015
1.7573977 9.931452 -5.133325 -1.3138651 18.458546 -2.1969852
2.6791935 9.311335 -1.733455 -45.238865 16.778543 6.693015
3.7063375 9.416683 -0.69912827 -53.743866 5.123545 17.368015
4.503631 9.316123 -0.50998056 -33.758865 -8.806455 17.893015
4.5251794 9.057542 -0.60335726 -8.313865 -11.956454 9.108015
4.024776 8.968953 -0.98404694 10.131135 -7.4764547 -0.866985
3.7542229 8.901914 -1.211503 18.636135 -3.8364549 -6.396985
3.972102 8.91149 -0.56744313 14.121135 -4.326455 -4.8219852
4.1780095 8.990502 -0.10774237 2.361135 -2.016455 -0.271985
4.314483 9.138947 -0.14844504 -3.2388651 2.253545 1.5130149
3.9266107 9.237112 -0.16281068 -0.683865 1.798545 -0.376985
3.756617 9.301758 -0.31365 3.2711349 -0.931455 -4.4719853
3.45015 9.3592205 -0.409421 4.7761354 -0.651455 -6.6769853
3.4333901 9.28021 -0.43336374 3.3061352 1.4835451 -6.5719852
3.7638 9.253872 -0.5865973 0.191135 4.178545 -4.191985
3.8667538 9.237112 -0.44054657 -2.993865 4.178545 -1.216985
3.972102 9.160496 -0.24900457 -5.933865 1.938545 -1.111985
3.8356283 8.992896 -0.18914771 -7.648865 1.798545 -2.266985
3.756617 8.873182 -0.3304099 -6.038865 1.4835451 -4.191985
3.6201434 8.904308 -0.3304099 -3.833865 0.888545 -5.346985
3.6536634 8.861211 -0.21548474 -3.518865 0.433545 -4.9619846
3.737463 8.873182 -0.18675344 -4.1488647 0.608545 -3.596985
3.6895776 8.9976845 -0.31604427 -4.7088647 1.798545 -1.671985
3.675212 9.081485 -0.34477556 -4.1488647 2.078545 -1.8119849
3.694366 9.038387 -0.2681588 -4.428865 1.273545 -1.951985
3.5650752 8.988108 -0.24900457 -3.518865 0.153545 -2.1269848
3.5914123 9.021627 -0.22745611 -2.818865 -0.651455 -1.3569851
3.8619652 9.100638 -0.21787901 -2.993865 -0.511455 0.21801502
3.7398572 9.06233 -0.15802214 -2.8888652 -0.406455 0.32301497
3.4908526 9.021627 -0.22985038 -1.908865 0.608545 -0.726985
3.5267668 9.088667 -0.47167215 -0.543865 -0.371455 0.463015
3.7183087 9.0838785 -0.37590113 -2.4688652 -1.561455 2.773015
3.581835 9.153313 -0.22745611 -4.9538655 -0.966455 2.458015
3.7949257 9.124581 -0.28252444 -4.463865 -2.016455 1.758015
3.921822 9.052753 -0.15802214 -3.553865 -3.311455 2.0730152
3.8212626 8.92825 -0.045491222 -2.9588652 -3.311455 0.84801507
3.7853484 8.91628 -0.009577099 -1.628865 -3.381455 -0.796985
3.9050622 9.06233 -0.2561874 0.36613497 -3.6964552 -1.251985
3.842811 9.074302 -0.31843856 1.556135 -3.6264548 -1.8119849
3.684789 9.016839 -0.083799616 0.226135 -3.346455 -2.756985
3.6991546 9.047964 0.07422252 -2.048865 -3.101455 -2.3719852
3.7230973 9.026416 0.15323359 -2.7138648 -2.6814551 -1.251985
3.6560576 8.952193 0.18914771 -2.153865 -1.3864549 -0.761985
3.8021083 9.004868 0.05027977 -0.683865 0.398545 -0.376985
3.8116856 9.016839 0.0071828244 1.1711351 1.098545 0.533015
3.9601305 9.141341 0.03351985 1.206135 1.693545 1.023015
3.8715425 9.117398 -0.08140534 0.401135 4.353545 1.058015
3.3424077 9.117398 -0.23463893 2.3261352 4.1085453 -1.461985
3.3064935 9.174861 -0.21548474 4.811135 0.888545 -4.541985
3.684789 9.220352 -0.071828246 3.131135 -0.021455 -2.3369849
3.8092911 9.215564 -0.08619389 1.066135 0.11854499 0.953015
