-1.6352897 9.538791 0.20590763 -1.856085 2.3123453 -4.54748
-1.7717633 9.665688 0.29210153 -2.4510849 4.167345 -5.17748
-1.6017698 9.711179 0.38547826 -2.766085 -1.8876551 -4.4074802
-1.3192455 9.725544 0.33519846 -1.7160851 -11.547655 -3.2174802
-1.359948 9.771035 0.2370332 -0.59608495 -13.192655 -1.85248
-1.3551595 9.864412 0.34716985 -1.296085 -8.117655 -1.8174801
-1.2857256 9.735122 0.409421 -3.6410851 -6.122655 -3.8474798
-1.3431882 9.735122 0.2944958 -2.906085 -9.972655 -5.2824802
-1.4844503 9.732727 0.40463245 -3.571085 -11.407655 -6.85748
-1.4174107 9.727939 0.57223165 -4.446085 -12.807654 -6.4724803
-1.3791022 9.725544 0.5961744 -2.906085 -16.552656 -5.66748
-1.3838909 9.641745 0.5698374 -1.1560851 -19.352655 -5.98248
-1.5299416 9.694419 0.4956149 -2.766085 -15.292655 -6.5074797
-1.8172545 9.735122 0.6847626 -7.3860846 -7.102655 -6.5424805
-1.8723229 9.715967 1.0199611 -11.936085 -3.5326552 -6.71748
-1.7478206 9.63935 1.2857256 -14.106085 -7.2076554 -5.9474797
-1.4485363 9.471751 1.7645805 -14.806087 -17.847654 -5.10748
-1.4509305 9.462174 2.310475 -15.191085 -27.752655 -6.19248
-1.7023294 9.536397 3.0790374 -15.611086 -34.752655 -9.02748
-1.6831752 9.660899 4.355186 -16.171085 -39.547657 -11.16248
-1.5586729 9.586677 5.0399485 -11.376084 -40.702656 -13.08748
-1.3791022 9.505271 5.1261425 4.303915 -41.437656 -16.16748
-1.0726352 9.481328 4.867561 22.538916 -44.167656 -18.372482
-1.5490957 9.323306 4.5682764 31.848913 -45.32265 -21.48748
-1.7741576 9.07909 4.5491223 27.403913 -30.342655 -25.652481
-1.6305012 8.535589 4.810098 14.4889145 -3.357655 -24.53248
-1.620924 8.43503 4.908263 2.413915 18.972345 -17.53248
-1.5490957 8.315316 5.1979704 -3.5360851 32.867344 -10.67248
-1.2833313 7.886741 5.2913475 -3.186085 38.957348 -6.96248
-1.0678465 7.649708 5.097411 3.2539148 46.937347 -3.74248
-0.73743665 7.4461946 4.103787 15.993916 62.687347 -0.34748
-0.90982443 7.518023 3.0814316 31.568916 74.552345 1.1225201
-0.6105401 7.5467544 2.5929997 43.678917 80.747345 2.5575202
-0.08619389 7.2594414 1.8699286 51.13392 88.65734 6.44252
0.35914123 7.223527 0.7134939 58.23891 97.61735 11.51752
0.4956149 7.4102807 -0.37111259 66.32391 106.96235 15.717521
0.72785956 7.7335076 -1.1037607 71.81892 120.75235 19.28752
1.6185298 7.3025384 -2.6241252 75.35392 136.50233 22.15752
1.7023294 7.0439563 -4.4677167 81.058914 144.69235 24.39752
1.1372806 7.1540933 -4.96812 81.86392 150.53734 23.97752
0.66800267 6.775798 -4.453351 70.10392 156.62735 16.66252
0.9720756 6.7638264 -4.1420956 56.803913 147.17734 7.14252
1.7119064 6.612987 -5.0207944 55.403915 125.582344 5.95252
1.2402344 6.4429936 -6.308914 66.183914 112.66734 12.672521
0.64166564 6.002447 -6.299337 76.26391 115.67734 13.967521
0.6440599 6.0838523 -5.360781 71.57391 94.81735 8.05252
2.6767993 6.0886407 -5.724711 78.67892 88.412346 25.937521
3.8021083 5.8587904 -7.7837873 96.598915 93.24235 41.827522
2.9377751 5.609786 -8.73192 101.42892 102.65735 35.597523
1.733455 5.7438655 -7.721536 87.25392 99.26234 22.40252
2.8491871 5.6792197 -7.2522583 79.41391 87.88735 29.22752
4.4653225 5.236279 -9.205987 90.29892 85.43735 48.26752
3.2466366 5.38233 -11.459 95.54892 102.692345 50.33252
2.762993 5.9473786 -10.843671 74.54891 115.887344 42.80752
3.2921278 5.94259 -10.5803 55.858917 105.56235 48.72252
4.1851926 5.856396 -12.670503 62.718914 78.122345 59.607525
4.1564612 6.062304 -13.822148 70.66392 59.677345 64.50752
4.8579836 5.9282246 -14.145375 61.808914 43.612347 61.777523
5.4589467 5.8324533 -14.138193 46.338917 16.207346 57.71752
5.193182 5.827665 -13.953834 26.983915 -6.332655 51.45252
4.817281 5.681614 -14.432689 8.363915 -10.707655 46.72752
4.9393888 5.176422 -13.83412 -10.676085 -15.887655 45.572517
5.133325 4.7622128 -12.383189 -36.541084 -34.297653 45.292522
5.047131 4.7526355 -10.491713 -62.896084 -54.387657 44.242523
5.0926223 5.200365 -8.581081 -81.55109 -68.24765 45.01252
5.4350038 5.157268 -8.334471 -84.70109 -77.697655 50.297523
5.540352 5.176422 -8.846846 -72.06609 -91.66266 52.85252
5.444581 5.482889 -9.323306 -58.661087 -115.60266 49.14252
5.2243075 6.057515 -8.868394 -60.061085 -138.38766 45.432518
5.547535 6.3831367 -7.699988 -77.56109 -148.15266 46.79752
6.1077952 6.3927135 -6.6800265 -99.78609 -146.33266 52.85252
6.55313 6.7734036 -5.8851275 -114.97608 -141.22266 56.28252
6.5220046 6.840443 -4.573065 -124.32108 -141.95766 54.217518
5.8779445 6.893117 -3.3160706 -130.30609 -148.57265 44.10252
5.786962 7.1349387 -3.1652312 -129.08109 -156.72765 34.022522
5.834848 7.1995845 -3.047912 -123.23609 -157.32266 31.992521
5.7725964 6.981705 -1.7190893 -122.18609 -151.02266 31.852518
5.4709177 7.1588817 -0.5698374 -127.57609 -144.51265 26.11252
4.575459 7.695199 -0.28013015 -126.316086 -144.30264 18.09752
4.479688 7.5659084 -0.9816527 -111.54609 -147.38266 9.592521
5.047131 7.439012 -0.409421 -97.40608 -148.22266 5.3225203
4.932206 7.1828246 0.339987 -95.761086 -144.89766 3.81752
3.2107224 7.537177 0.24900457 -87.57108 -147.52266 -20.89248
2.1452703 7.206767 -0.46209505 -84.98109 -146.92766 -29.57248
2.185973 6.675238 -0.6608198 -99.47109 -134.71266 -20.19248
2.9138324 6.361588 1.1827718 -126.1411 -118.192665 -4.44248
2.918621 6.4573593 2.9689007 -143.67609 -109.82766 -2.06248
1.8052832 6.517216 3.4309957 -137.30609 -108.32266 -11.72248
1.2306572 6.3113084 3.4477558 -118.19608 -112.06766 -17.95248
1.4868447 6.002447 3.3328304 -103.07609 -118.29766 -10.11248
2.0518935 6.5459476 3.842811 -95.62109 -120.642654 0.66752
2.5546913 6.474119 4.5251794 -93.59109 -122.53266 9.27752
2.1931558 6.4860907 5.0567083 -95.34109 -124.87766 13.47752
2.0183737 6.593833 6.3639827 -100.59109 -115.21765 19.81252
2.5858169 6.524399 8.12138 -104.61609 -100.72766 35.70252
4.1253357 5.8587904 9.052753 -102.72609 -94.70766 48.47752
2.8779182 6.4980617 10.304958 -100.48609 -83.50765 52.81752
2.6456738 7.2378926 12.914719 -96.63609 -43.887653 58.732517
3.2969165 7.4533772 13.4510355 -73.04608 -15.012655 74.72752
3.9768906 8.2578535 11.906729 -17.361084 -20.507656 83.127525
5.5738716 9.371192 8.300951 50.29392 -26.737656 80.99252
6.4860907 10.163696 5.4254265 101.07892 -25.197655 80.85252
6.019207 10.501289 4.230684 112.69891 -15.922656 72.312515
4.98488 10.340873 5.190788 86.72892 4.447345 58.592518
5.0160055 10.211582 6.2059603 49.033916 34.37234 56.24752
6.1700463 10.170879 6.2275085 30.518917 60.202347 62.96752
5.9856873 10.077502 5.1788163 39.793915 67.93735 65.80253
5.339233 9.816526 4.4653225 61.878918 59.957348 53.412525
5.054314 9.917087 3.5219781 77.48892 56.492344 40.42752
6.138921 10.589877 2.7318676 81.68892 67.09734 41.547523
6.4525704 10.671283 1.4245936 82.31892 88.622345 49.14252
6.2490573 10.187639 0.17717634 88.75892 106.92735 45.53752
5.0375543 10.166091 -1.010384 94.113914 109.552345 29.787521
4.9776974 10.76466 -1.4126221 89.808914 92.997345 19.18252
5.209942 11.140561 -1.8651401 74.723915 85.68234 21.422522
5.38233 10.6497345 -2.238647 58.658913 96.60235 25.97252
5.193182 10.561146 -2.152453 46.513916 101.22234 22.47252
4.96812 11.061549 -1.7621863 34.053917 88.58735 16.94252
4.7119327 10.999298 -2.0351336 21.523916 82.427345 12.742519
4.817281 10.618608 -2.5139885 26.983915 75.497345 10.0825205
5.030371 10.348056 -2.9569294 26.598915 62.61735 8.437521
5.209942 10.494106 -2.2697725 16.308914 59.257347 6.58252
4.896292 10.355239 -1.9656997 11.023915 61.42734 -0.73248005
4.4294086 9.967366 -2.2601955 18.163916 54.672348 -10.427481
3.8667538 9.634562 -2.4349775 23.903915 39.027348 -15.887481
3.8930907 9.787795 -2.0542877 19.458916 29.332346 -15.99248
4.022382 9.70639 -1.6089526 11.093915 33.497345 -14.2074795
3.6919718 9.483723 -1.2138973 9.518915 39.027348 -17.18248
3.6177492 9.318518 -1.5036045 14.453915 36.927345 -21.13748
3.6392977 9.160496 -1.3431882 15.608915 29.262344 -21.03248
3.6823947 9.071907 -0.74701375 9.868915 24.362345 -18.40748
3.8452053 8.964165 -0.14126222 5.108915 20.442345 -14.94248
3.964919 8.880365 0.038308397 7.2789145 16.452345 -13.92748
3.816474 8.865999 -0.52674043 16.273916 8.612345 -15.887481
3.6081722 8.784595 -0.6344828 22.993916 -1.432655 -17.847479
3.1293173 8.612206 -0.4764607 22.188915 -3.3226552 -18.582481
2.8563697 8.590658 -0.4644893 17.043915 0.9473451 -16.44748
3.4549387 8.736709 -0.531529 10.428915 4.3423448 -9.727479
3.8236568 8.909097 -0.5794145 2.833915 4.2373447 -2.16748
3.2466366 9.002473 -0.5506832 -3.711085 -0.312655 -1.36248
3.2298768 9.07909 -0.105348095 -11.376084 -3.077655 -3.49748
3.6392977 9.131764 0.409421 -21.106083 -0.97765505 -1.60748
3.3567734 9.119793 0.7829279 -25.026087 -2.027655 -0.76748
2.9425638 9.091062 0.9816527 -21.806086 -6.227655 -4.4074802
3.0862203 9.105427 1.175589 -16.836084 -8.047655 -6.33248
3.3328304 9.251478 1.4269878 -13.546084 -7.977655 -3.63748
3.4190245 9.347249 1.4868447 -10.571086 -5.772655 -0.87248
3.4429672 9.342461 1.2809371 -5.1460853 -0.697655 -0.17248
3.6656346 9.490906 0.7853221 2.763915 0.91234505 -0.66248
3.8212626 9.495694 0.4740664 9.238915 -1.082655 -1.57248
3.407053 9.371192 0.6273 9.378915 -1.292655 -2.55248
3.2083282 9.256267 0.88109314 5.0039153 1.5423449 -5.52748
3.3855045 9.273026 0.8044763 0.83891505 4.552345 -6.99748
3.7135203 9.397529 0.7972935 -0.21108499 4.447345 -5.8424797
3.3687446 9.354432 0.7805336 -0.176085 4.2023454 -6.12248
2.8180614 9.148524 0.9816527 -2.066085 5.987345 -12.6674795
2.5834224 9.07909 1.1995317 -3.5360851 7.107345 -11.197479
2.6025767 8.9498 1.3623424 -2.3810852 7.8423448 -6.0174804
2.6983478 9.004868 1.3312168 1.8889148 6.6873446 -1.60748
3.2250881 9.182044 0.9337672 6.858915 6.477345 1.99752
3.3639562 9.313729 0.5147691 9.798915 6.442345 2.2775202
3.11974 9.373586 0.339987 9.868915 4.3423448 -1.18748
3.0742488 9.380769 0.34716985 6.3689156 2.802345 -3.3574803
3.0191805 9.402317 0.46927786 1.293915 4.097345 -3.1824799
3.1125572 9.387952 0.58420306 -2.276085 5.392345 -2.55248
3.1819913 9.368797 0.68715686 -2.976085 3.152345 -2.06248
3.1436827 9.253872 0.7901107 -2.346085 -0.207655 -2.37748
3.093403 9.227535 0.8786988 -1.961085 1.332345 -2.8324802
3.1053743 9.191621 0.8044763 0.208915 4.447345 -3.1124802
3.1053743 9.170073 0.49800915 4.7939153 2.767345 -4.02248
2.988055 9.1628895 0.42139238 7.488915 0.177345 -5.66748
2.80609 9.189227 0.57462597 5.213915 3.292345 -6.68248
2.6839821 9.150918 0.7326481 2.728915 6.8623447 -6.12248
2.9665065 9.182044 0.70870537 3.988915 6.6173453 -3.8474798
3.014392 9.282603 0.4189981 8.083916 3.012345 -1.39748
2.885101 9.335278 0.2777359 11.653914 -0.9426551 -1.64248
2.8587642 9.301758 0.33759275 10.568915 -1.1526549 -1.60748
2.9162266 9.311335 0.43815228 6.4389153 0.7023451 0.10752001
3.1436827 9.385557 0.6296943 2.2039149 1.017345 1.6125201
3.1867797 9.366403 0.71588814 -0.666085 0.66734505 2.20752
2.9114382 9.37598 0.80687064 -1.401085 0.7023451 0.91252
2.7869358 9.268238 0.66800267 0.068915 0.80734503 -1.39748
2.8276386 9.244295 0.6201172 2.658915 -0.067655 -1.29248
3.031152 9.3592205 0.51716334 3.8139153 -1.2226549 0.17752
3.0694604 9.37598 0.600963 3.358915 -0.137655 1.50752
3.0981915 9.395134 0.4644893 2.448915 1.367345 1.4725201
2.885101 9.39274 0.24421602 3.5339148 0.9473451 0.66752
2.770176 9.361614 0.31125572 4.758915 -1.7126551 -1.01248
2.8611584 9.268238 0.5123748 2.273915 -1.3276551 -0.9774801
2.8300328 9.246689 0.48843205 -1.051085 0.842345 0.94752
3.0981915 9.361614 0.3519584 -0.841085 1.017345 2.0675201
3.0862203 9.371192 0.30167863 0.9789151 -2.972655 1.54252
2.954535 9.3280945 0.59378016 -0.87608504 -1.3626549 0.45752
2.8156672 9.28021 0.59378016 -0.52608496 0.247345 0.42252
3.057489 9.344854 0.52674043 1.8539151 -0.97765505 1.6125201
3.222694 9.385557 0.46927786 3.008915 -2.377655 2.34752
