-1.6017698 9.692024 -0.54828894 6.421135 14.538546 -5.451985
-1.838803 9.483723 -0.7829279 3.586135 8.588546 -4.3669853
-1.8555629 9.624985 0.09337672 -5.478865 -0.721455 -2.616985
-1.5706443 9.627379 0.2657645 -11.743866 -6.0764546 -0.376985
-1.4269878 9.720756 0.19633053 -9.783865 -7.686455 1.058015
-1.333611 9.754275 -0.035914123 -5.548865 -8.1764555 0.428015
-1.4102279 9.792584 0.11492519 -4.498865 -10.731455 -0.936985
-1.4844503 9.732727 0.19154198 -6.563865 -11.781455 -2.301985
-1.4916332 9.646533 0.4285752 -8.278866 -10.696454 -2.896985
-1.359948 9.694419 0.50040346 -9.398865 -8.036455 -2.791985
-1.498816 9.759064 0.5889916 -9.048865 -6.916455 -3.596985
-1.7166951 9.8548355 0.54350036 -7.788865 -8.806455 -6.186985
-1.89866 9.909904 0.6440599 -6.283865 -12.096456 -8.426985
-1.9800652 10.015251 1.089395 -7.0538654 -19.131456 -9.756985
-1.6352897 9.897932 2.3224466 -10.833866 -30.506456 -10.351985
-1.6831752 10.089474 2.6744049 -15.8038645 -30.051456 -11.191985
-1.2186859 10.017646 3.0239692 -14.858865 -9.681455 -12.241985
-0.69673395 10.027223 4.932206 -13.353865 -7.546456 -14.061986
-1.3455825 9.6585045 6.201172 -17.343864 -29.701456 -20.781986
-2.317658 9.57231 6.0431495 -15.698865 -40.901455 -32.821983
-2.4804688 9.368797 6.483696 -5.373865 -24.661455 -36.006985
-2.004008 9.098245 6.55313 2.8511348 -1.3864549 -26.556986
-1.211503 9.076695 5.8851275 16.956137 10.793546 -16.896984
-0.5147691 9.318518 4.331243 39.566135 12.333545 -12.941985
-0.6560313 9.2490835 3.2825508 59.901134 16.603544 -14.726986
-1.0582695 8.770228 2.0854135 69.211136 27.733545 -22.636986
-2.5092 8.775017 0.76137936 61.65113 50.833546 -28.516985
-2.3535721 8.327288 0.60335726 51.116135 56.818546 -23.931984
-2.126116 8.075889 0.38308397 41.246136 66.51354 -14.096986
-1.7430321 7.80773 -0.062251143 39.566135 73.758545 -4.681985
-1.5706443 7.7694216 -0.66800267 42.891136 78.72855 -0.62198496
-1.6831752 7.7957587 -1.6161355 46.881134 81.91355 0.81301504
-1.5083932 7.695199 -1.9585168 46.56613 81.52855 1.933015
-1.4485363 7.6640735 -2.1907616 44.606136 80.26855 2.843015
-1.0822122 7.431829 -2.2625897 44.18614 78.09855 2.668015
-1.1947432 7.4845033 -2.351178 44.676136 77.258545 0.56801504
-0.9696813 7.273807 -2.667222 47.931137 77.36355 1.3730149
-1.0151725 6.9481854 -3.1987512 54.791134 79.953545 3.053015
-1.1133378 6.7638264 -3.8643596 62.66613 82.15855 3.4030151
-0.8332076 6.8356547 -3.7829542 66.586136 78.133545 5.538015
-0.44772938 6.656084 -3.929005 67.42614 77.74855 11.418015
-0.11492519 6.447782 -4.8340406 71.976135 82.82354 15.583015
0.021548472 6.3280683 -5.5283804 80.51614 81.31854 17.018015
0.40463245 6.445388 -5.5978146 82.616135 77.328545 18.593016
1.0032011 6.071881 -6.349617 80.86614 77.29354 21.603014
1.2138973 5.813299 -7.14691 80.90114 81.843544 24.473015
1.2785428 5.7366824 -7.7957587 77.19114 90.27854 25.943016
1.8220432 5.6935854 -7.8915296 67.461136 95.70355 26.818014
1.5754328 5.6552773 -7.8699813 55.876137 98.71354 27.483015
1.1468576 5.523592 -7.1349387 46.076138 101.86354 26.468014
1.063058 5.4517636 -7.7119594 41.876137 107.63854 29.443016
2.169213 5.3009243 -8.329682 52.026134 106.203545 38.788017
3.641692 5.339233 -9.3831625 66.72614 91.43354 48.308014
2.8180614 5.741471 -9.435837 73.30614 75.438545 50.653015
2.1907616 5.7366824 -9.402317 65.74614 76.80354 43.268017
3.0383348 5.643306 -9.941029 60.951134 76.978546 39.908012
3.668029 5.846819 -11.018453 65.74614 57.028545 46.103016
3.6656346 6.095824 -12.273052 65.53613 46.493546 51.213017
3.799714 6.1532865 -12.962604 56.506138 49.958546 51.213017
4.192375 6.0503325 -12.541211 43.066135 38.548542 47.398014
4.2139235 5.899493 -12.625011 27.071135 17.373545 42.638016
4.022382 5.849213 -12.907536 13.001135 6.243545 40.363018
4.661653 5.339233 -13.455825 1.031135 5.368545 40.713017
4.599402 5.2434616 -12.294601 -8.908865 -6.601455 41.063015
4.0750556 5.176422 -10.91071 -27.073864 -24.171455 35.218018
4.1397014 5.322473 -10.518049 -53.533867 -43.421455 30.388014
4.6496816 5.3009243 -11.066339 -51.608864 -56.196453 37.108013
4.802915 5.446975 -10.956202 -56.963867 -70.19646 37.70302
4.6760187 5.7654138 -8.9976845 -77.508865 -78.421455 34.02801
4.8579836 5.90907 -7.805336 -95.18386 -82.37645 34.203014
4.9609375 5.9282246 -7.1828246 -100.118866 -86.01646 35.848015
4.9776974 6.1915946 -6.2251143 -101.02887 -91.23146 35.63802
5.212336 6.5794673 -5.2650104 -102.953865 -100.40145 33.993015
5.0399485 6.7566433 -4.6760187 -102.533875 -105.72146 30.668015
4.625739 6.6249585 -4.4030714 -98.33386 -105.616455 25.103016
4.2187123 6.893117 -4.048719 -93.88886 -109.74645 19.258015
3.8643596 7.127756 -3.7350688 -91.96387 -116.15145 14.2530155
4.170827 6.7039695 -4.350397 -92.24387 -112.79146 13.518015
4.07745 6.359194 -4.3791285 -100.57387 -98.44146 15.548014
3.014392 6.567496 -3.189174 -116.04386 -89.866455 12.748015
2.578634 7.0008597 -1.3288225 -130.63887 -89.06146 7.8480153
3.3160706 7.058322 -1.2138973 -132.45886 -90.951454 9.388016
3.2202997 7.2426815 -1.8842943 -120.13888 -91.89646 13.273015
2.4110348 7.3863378 -1.4317763 -110.05886 -93.26146 8.863015
1.7909175 7.946598 -0.37590113 -107.81886 -103.65646 -0.831985
2.3128695 8.133351 -0.3040729 -104.66886 -118.11146 -6.011985
2.8994668 8.118986 -0.92658436 -99.48887 -124.656456 -2.9319851
2.6001825 7.8963184 -0.5770202 -104.07387 -118.601456 -0.831985
2.011191 7.623371 1.1923488 -121.783875 -108.906456 -5.906985
0.9888355 7.6688623 3.0359404 -140.33388 -106.701454 -14.306985
0.8667275 7.515629 3.407053 -145.16386 -112.44146 -18.051985
1.089395 7.333664 3.6536634 -138.79387 -109.50146 -14.866986
1.1037607 7.1109962 4.7526355 -132.91386 -95.67646 -6.641985
1.036721 7.0271964 4.7693954 -123.81387 -87.73146 -3.7719848
0.8356019 7.0774765 4.529968 -107.53887 -91.44145 -9.336986
1.4676905 6.938608 4.819675 -94.90387 -95.64146 -13.2919855
1.462902 6.761432 5.5307746 -91.99886 -97.91646 -8.741984
0.9481328 6.411868 6.2251143 -90.843864 -100.296455 -8.776985
1.3144568 6.4765134 6.098218 -83.983864 -103.51646 -14.726986
1.4245936 6.893117 5.61218 -69.633865 -105.406456 -12.2069845
0.98404694 7.108602 5.0806513 -54.443867 -109.71146 -4.191985
1.3814965 6.5459476 5.681614 -50.768864 -109.85146 0.63801503
2.0351336 6.751855 6.466936 -63.788864 -98.09146 9.108015
2.8611584 7.091842 7.8316727 -77.15887 -87.906456 22.233015
2.5906053 7.3025384 10.1541195 -80.13387 -89.65645 30.703014
2.6959534 7.326481 10.810151 -79.538864 -87.94145 33.748016
3.9984388 7.8532214 9.751882 -29.348866 -67.53645 41.973015
3.9194279 8.676852 9.134158 -7.298865 -57.666454 46.383015
3.5842295 8.861211 9.454991 -3.483865 -39.326458 45.858017
4.017593 8.691217 9.754275 -3.903865 -16.226456 51.458015
5.1788163 8.961771 9.787795 6.071135 0.85354507 59.158016
5.2314906 9.270632 9.215564 26.126137 13.068545 59.683018
4.8915033 9.268238 8.0375805 51.536133 24.548546 51.878014
4.8220696 9.220352 6.6273527 75.26613 32.668545 44.003017
5.008823 9.60583 5.61218 89.89613 41.208546 41.93802
5.499649 9.715967 4.601796 94.656136 53.353546 44.703014
5.715134 9.323306 4.1564612 94.586136 64.27355 45.33302
5.4134555 9.536397 3.7135203 93.29114 73.37354 43.583015
5.4350038 9.811738 2.9138324 95.18114 83.13854 41.973015
5.320079 9.653716 1.8172545 101.09614 90.45354 40.398014
5.454158 9.019233 1.6927522 104.31613 89.92854 35.113014
5.3512044 8.820508 1.4652961 101.44614 88.31855 31.683018
5.516409 9.119793 0.5554718 98.226135 92.44854 32.628014
5.8420305 8.640938 -0.30886146 100.50113 100.04354 34.413017
6.1293435 7.8915296 -0.5554718 105.40113 94.72355 29.268017
5.4302154 7.82449 0.035914123 102.18113 78.90355 22.338017
5.7558365 8.28898 -0.06464542 90.561134 80.89855 24.508017
7.448589 8.509253 -2.4014575 88.531136 107.14855 38.158016
7.4461946 7.5467544 -4.350397 101.44614 114.18354 42.498013
5.3081074 7.1325445 -4.3671575 104.52614 98.188545 25.873016
3.1412885 8.995291 -2.8348215 80.726135 87.44354 11.033015
5.130931 9.830893 -4.2905407 49.926136 99.27355 24.858015
6.56989 9.641745 -6.821289 52.446133 105.88854 47.888012
5.681614 9.07909 -7.7837873 68.12614 83.453545 43.688015
3.1125572 9.668081 -5.2147307 54.161137 57.203545 19.328014
3.2897336 10.297776 -3.5339496 17.341135 51.603546 5.853015
4.7167215 10.257073 -4.3791285 -0.578865 54.018547 14.638016
4.252232 10.24989 -4.8388295 18.111134 37.358543 17.298016
3.4094474 10.199611 -3.9577363 36.416138 12.928545 0.74301505
3.2274826 9.917087 -3.0957973 32.321136 0.468545 -13.256985
3.5411325 9.873989 -2.1644244 18.776134 -7.2314553 -10.036985
4.192375 9.766247 -1.5059988 3.411135 -9.9264555 0.778015
4.929812 9.395134 -0.600963 -9.713865 -10.346455 10.298016
5.334444 9.076695 0.55307746 -20.248865 -13.426455 14.743014
5.384724 8.995291 1.0534809 -24.553865 -9.471455 6.693015
5.183605 8.796566 1.1803775 -16.468864 -5.4464545 0.98801506
4.8148866 8.645726 1.1061549 -8.383865 -2.401455 -3.561985
4.659259 8.46855 0.9888355 -2.8888652 0.398545 -6.431985
4.477294 8.482916 0.818842 0.926135 1.693545 -7.971985
4.3216662 8.466156 0.6488485 3.586135 3.233545 -7.796985
4.3791285 8.545167 0.34477556 4.461135 4.808545 -5.836985
4.529968 8.583475 0.2370332 5.2661347 5.508545 -3.4219851
4.62095 8.628966 -0.10774237 4.6011353 6.558545 -2.616985
4.3073006 8.801354 -0.18196489 3.9011352 6.103545 -3.911985
4.12773 8.779806 -0.20590763 2.081135 5.8585453 -4.9269853
4.3001175 8.784595 -0.2370332 -0.543865 6.173545 -1.881985
4.470111 8.772623 -0.28731298 -1.9438651 4.248545 0.778015
4.4820824 8.851634 -0.28252444 -2.853865 1.973545 0.84801507
4.268992 8.827691 -0.24182175 -4.078865 2.043545 -0.061985
4.2043467 8.839663 -0.2944958 -4.848865 2.463545 -0.236985
4.3073006 8.93304 -0.28731298 -5.933865 1.448545 1.618015
4.635316 8.889942 -0.045491222 -9.293865 0.67854506 4.383015
4.6496816 8.751075 0.016759925 -12.093865 0.713545 5.853015
4.6137676 8.727132 -0.045491222 -11.918865 0.083545 3.543015
4.697567 8.73192 0.29928434 -12.233865 -0.721455 1.1630149
4.680807 8.5882635 0.723071 -12.478866 -2.751455 -0.971985
4.400677 8.48531 0.7996878 -9.748865 -2.016455 -3.6319852
4.3432145 8.497281 0.25379312 -2.503865 -0.476455 -5.276985
4.3671575 8.526012 -0.04070267 4.566135 -1.491455 -4.436985
4.4916596 8.561927 -0.021548472 4.6711354 -1.3864549 -2.1269848
4.5443335 8.573898 0.20111908 -0.26386502 -0.12645501 0.56801504
4.522785 8.607418 0.36392978 -3.553865 -0.791455 1.0930151
4.5970078 8.612206 0.3902668 -3.798865 -0.861455 0.74301505
4.410254 8.693612 0.27055305 -2.258865 -0.546455 0.253015
4.348003 8.703189 0.22027329 0.121135004 -2.331455 -0.726985
4.309695 8.729526 0.2657645 0.64613503 -2.051455 -0.586985
4.4820824 8.7534685 0.27294734 -0.71886504 -0.12645501 1.233015
4.558699 8.873182 0.2777359 -1.803865 0.048545 2.633015
4.7789726 8.9498 0.21787901 -2.7488651 -0.196455 3.7530153
4.7550297 8.868394 0.47885495 -5.163865 -1.141455 5.0130153
4.635316 8.772623 0.7302538 -8.803865 -1.0014551 4.418015
4.599402 8.734315 0.8739103 -10.308866 0.29354498 2.4930153
4.640105 8.736709 0.69194543 -7.718865 0.713545 1.058015
4.601796 8.758257 0.42378664 2.256135 0.74854505 -0.831985
4.5898247 8.767835 0.23942748 3.621135 2.113545 -1.4969851
4.5946136 8.681641 0.12210801 2.746135 1.413545 -1.7069851
4.5419393 8.60263 0.2657645 0.121135004 2.288545 -1.7069851
4.494054 8.482916 0.35435268 -1.488865 2.743545 -1.3219849
4.460534 8.4230585 0.28731298 -0.368865 1.798545 -1.216985
4.2618093 8.475733 0.27055305 1.2761351 0.363545 -1.6369851
4.4222255 8.473338 0.2370332 1.836135 0.363545 -0.48198506
4.685596 8.526012 0.12450229 2.081135 0.258545 1.688015
4.565882 8.56911 0.08858817 1.731135 -0.161455 1.268015
4.4294086 8.669669 0.15562786 0.226135 -0.651455 0.288015
