0.94 9.79 2.98 44.69071 -2.291831 2.291831
0.65999997 10.349999 0.22999999 16.615776 5.7295775 -3.4377468
0.35999998 10.46 0.97999996 -34.950428 -15.469859 -16.042818
-0.65999997 10.16 5.29 -64.17127 -19.480566 -17.188732
0.24 9.7699995 8.599999 -30.366762 25.7831 -1.1459155
0.77 9.82 7.72 -8.594366 39.53409 -6.3025355
0.63 9.82 7.3599997 -6.8754935 44.69071 -18.334648
-0.35999998 9.84 7.8399997 -10.886198 54.43099 -23.49127
0.55 8.88 7.68 -10.886198 62.4524 -22.91831
0.79999995 8.17 7.39 -14.323945 75.630424 -24.637184
0.39999998 7.6699996 7.24 -17.188732 95.68395 -17.188732
1.1899999 7.08 7.0899997 -3.4377468 101.98649 -13.750987
1.35 6.66 6.2799997 4.0107045 110.58085 -11.459155
1.3399999 6.87 4.95 -4.0107045 127.76959 -4.0107045
1.8299999 6.67 3.6499999 -26.929016 147.25015 1.1459155
1.4599999 6.31 5.2999997 -24.637184 138.08282 18.334648
2.23 7.0099998 4.43 7.448451 127.76959 24.064226
2.8999999 6.72 2.3999999 22.345354 126.05072 37.815212
3.51 6.79 1.36 17.188732 136.36395 55.00395
4.62 6.7799997 0.48999998 4.583662 131.20734 57.29578
4.5299997 7.24 0.14999999 -11.459155 119.74818 55.576904
4.72 7.06 0.32999998 -25.210142 132.35324 54.43099
4.18 6.49 1.3399999 -13.178029 125.47776 61.879436
5.02 6.31 1.24 -2.8647888 129.48846 62.4524
4.77 6.99 0.91999996 -8.021409 136.9369 57.868736
4.5099998 6.72 1.38 6.8754935 124.9048 71.04677
4.65 6.8999996 1.75 41.25296 108.289024 78.49522
6.8999996 8.07 -3.59 57.29578 102.55944 83.07887
6.48 8.23 -3.6599998 22.345354 115.16451 68.75493
4.18 9.05 -0.28 18.334648 111.72677 61.879436
5.66 9.33 -1.37 64.74423 81.36001 73.91155
8.24 9.33 -6.14 91.67324 68.75493 79.641136
6.8199997 10.03 -7.7599998 60.160564 72.19268 63.598316
5.24 11.12 -5.24 69.900856 40.107044 65.317184
6.0099998 11.349999 -6.15 87.089584 18.334648 69.32789
8.559999 11.5 -9.09 71.61973 8.594366 67.03606
9.599999 10.809999 -10.71 36.09634 3.4377468 45.263664
7.48 11.0199995 -8.179999 17.761692 -10.31324 31.51268
6.8199997 9.91 -5.5499997 20.62648 -41.825916 38.38817
8.25 9.96 -6.6299996 20.62648 -45.83662 40.107044
8.65 10.04 -6.68 13.178029 -60.733524 25.7831
7.74 10.12 -5.8599997 7.448451 -76.77634 13.750987
7.8399997 9.889999 -5.58 -3.4377468 -84.79775 13.750987
8.58 9.48 -5.47 -20.053522 -90.52733 13.750987
8.349999 8.849999 -3.79 -33.231552 -109.43494 4.0107045
7.44 8.84 -2.1599998 -26.929016 -120.32113 2.8647888
6.99 8.86 -1.67 -20.62648 -128.9155 9.167324
7.6 8.97 -1.92 -14.896902 -141.52058 10.886198
7.66 9.03 -2.18 -16.615776 -147.25015 7.448451
7.52 9.059999 -1.99 -41.825916 -151.8338 13.178029
8.139999 8.74 0.63 -49.84733 -144.95831 8.594366
7.39 8.84 1.89 -33.231552 -150.11493 4.583662
7.22 8.88 0.099999994 -8.021409 -159.85522 4.583662
7.7599998 8.75 -1.39 -19.480566 -158.13635 5.15662
6.95 8.33 0.22 -49.84733 -148.39606 0.0
5.99 8.11 2.31 -35.523384 -152.97972 2.291831
6.5099998 7.89 1.39 -18.334648 -150.6879 1.7188734
6.0699997 7.66 -0.049999997 -34.377464 -140.94762 -0.57295775
5.25 7.21 0.61 -55.576904 -144.38536 0.0
4.5099998 6.71 2.78 -52.139156 -145.53128 3.4377468
4.56 6.5299997 3.58 -33.231552 -140.37466 5.15662
4.25 5.7999997 2.2 -33.80451 -121.46705 2.8647888
3.08 5.45 3.4499998 -46.98254 -114.59156 1.7188734
2.6399999 5.0699997 4.62 -41.25296 -114.59156 6.8754935
2.53 4.83 4.21 -25.210142 -105.997185 11.459155
1.66 4.66 3.84 -24.637184 -92.24621 14.323945
1.52 4.5099998 4.2 -35.523384 -84.79775 25.210142
2.02 4.93 5.0099998 -42.398876 -61.879436 42.971836
2.47 5.08 5.02 -37.242256 -39.53409 46.40958
2.32 5.18 5.0099998 -28.07493 -33.231552 52.139156
2.09 5.97 5.14 -21.772396 -34.377464 58.441692
2.47 7.02 5.14 -17.761692 -30.366762 67.60902
4.46 8.0199995 4.38 -17.188732 -7.448451 67.03606
4.15 8.49 4.43 -28.64789 2.291831 62.4524
3.77 9.48 4.8199997 -40.680004 10.31324 64.74423
5.19 9.969999 5.3599997 -45.263664 16.042818 64.17127
5.5699997 9.66 5.85 -46.98254 20.62648 50.993244
3.8 9.75 6.5499997 -48.701412 30.939718 42.971836
4.52 9.94 7.1299996 -33.231552 43.544792 59.58761
6.29 9.889999 7.04 -15.469859 66.463104 50.993244
5.58 9.87 6.75 -3.4377468 76.77634 39.53409
4.9 9.79 6.44 7.448451 76.203384 44.11775
6.02 9.8 6.08 25.210142 82.50592 49.27437
7.69 9.58 5.0099998 38.961132 93.39212 45.83662
8.2699995 9.65 2.74 22.91831 100.26762 33.80451
8.03 9.26 3.55 5.7295775 92.81916 32.658592
7.68 8.889999 5.35 6.3025355 92.81916 37.242256
9.11 8.95 5.7599998 31.51268 99.1217 45.83662
10.48 9.04 3.72 63.598316 116.883385 40.680004
10.53 8.75 1.4599999 64.74423 118.60226 23.49127
9.969999 8.45 0.72999996 43.544792 114.59156 18.334648
9.28 8.33 1.5 28.64789 114.59156 17.761692
9.2 7.8799996 2.23 34.377464 114.59156 17.761692
9.3 7.69 1.63 46.98254 115.73747 15.469859
9.389999 7.3199997 0.59999996 46.40958 107.143105 10.31324
8.08 7.87 0.66999996 45.263664 99.69466 13.750987
8.55 7.7599998 0.24 55.576904 91.67324 15.469859
8.7 7.58 -0.41 63.598316 89.38142 10.886198
8.679999 7.2799997 -0.78 59.58761 83.65183 6.8754935
7.6099997 7.33 -0.11 46.40958 77.349304 5.15662
7.6099997 7.71 0.45 42.971836 71.04677 12.032113
8.92 7.19 -0.78999996 56.14986 64.17127 5.7295775
8.179999 6.6099997 -1.61 51.5662 61.879436 -5.15662
6.96 6.29 -1.1999999 40.107044 46.40958 -2.8647888
6.3999996 6.6299996 -0.53999996 33.80451 38.961132 0.57295775
6.8799996 6.5699997 -0.7 34.950428 37.815212 1.1459155
6.73 6.2599998 -1.05 21.199438 38.961132 -1.1459155
6.5899997 6.6 0.17 14.896902 25.7831 2.291831
6.6299996 6.5699997 0.48999998 24.064226 20.053522 0.57295775
6.25 6.5299997 -0.14 32.085636 20.62648 -1.7188734
6.17 6.7599998 -0.35999998 23.49127 17.188732 0.0
6.3399997 6.96 0.11 4.0107045 15.469859 4.0107045
6.16 6.95 0.93 -6.8754935 16.615776 2.8647888
5.7799997 6.92 1.5699999 -1.1459155 16.042818 4.583662
6.29 7.1 1.6899999 4.0107045 11.459155 5.7295775
6.27 7.17 1.61 7.448451 14.323945 3.4377468
5.98 7.27 1.41 9.740283 13.178029 4.583662
6.2599998 7.31 0.89 7.448451 9.167324 3.4377468
5.13 6.8599997 2.06 -1.1459155 6.3025355 2.8647888
4.94 6.74 2.76 3.4377468 5.7295775 10.886198
5.73 7.17 2.1299999 19.480566 5.15662 18.334648
6.56 7.91 0.97999996 29.793804 5.15662 18.334648
6.79 8.23 0.37 24.064226 -2.291831 11.459155
6.35 7.98 0.95 -4.0107045 -9.740283 0.0
5.81 7.49 2.31 -15.469859 -7.448451 1.1459155
5.45 7.2 3.29 -15.469859 -1.1459155 5.7295775
5.8599997 7.29 3.37 -4.583662 2.291831 7.448451
6.18 7.2799997 2.6799998 5.15662 0.0 3.4377468
6.06 7.3399997 2.22 9.167324 -7.448451 0.57295775
5.67 7.49 1.7099999 4.0107045 -5.15662 -2.8647888
5.6099997 7.3399997 1.8299999 -7.448451 -4.0107045 -1.1459155
5.71 7.24 2.52 -16.615776 -5.7295775 1.1459155
5.79 7.3599997 3.1599998 -15.469859 -6.3025355 2.291831
5.87 7.52 3.4499998 -8.021409 -5.15662 2.8647888
5.91 7.4199996 2.98 2.291831 -1.7188734 -0.57295775
5.85 7.4199996 2.4199998 8.021409 -1.7188734 -0.57295775
6.06 7.44 2.0 3.4377468 -5.15662 -1.7188734
6.0099998 7.5099998 2.19 -0.57295775 -4.0107045 -4.0107045
6.0099998 7.43 2.44 -2.8647888 -2.291831 -5.15662
5.77 7.1299996 2.74 -4.583662 -0.57295775 -4.0107045
5.41 6.87 3.51 0.0 6.3025355 1.1459155
5.81 7.0899997 3.1299999 12.605071 5.15662 3.4377468
6.0299997 7.06 1.93 23.49127 5.15662 0.57295775
5.7 7.17 1.4699999 19.480566 0.57295775 0.0
5.68 7.3999996 1.6899999 7.448451 -2.291831 1.7188734
5.95 7.45 2.03 -0.57295775 -1.7188734 2.8647888
6.04 7.3199997 2.44 -4.583662 -2.8647888 -0.57295775
5.75 7.14 2.77 -3.4377468 0.0 0.0
5.62 7.29 2.83 -3.4377468 1.7188734 1.1459155
5.73 7.4199996 2.77 -2.291831 1.1459155 2.8647888
6.0699997 7.41 2.6 -1.1459155 0.0 0.0
6.0099998 7.3599997 2.45 0.0 -0.57295775 -2.8647888
5.65 7.37 2.6 0.0 0.0 -2.291831
5.74 7.3999996 2.3899999 0.0 2.291831 -1.1459155
5.67 7.31 2.24 -3.4377468 3.4377468 -0.57295775
5.8599997 7.3799996 2.6799998 -6.3025355 0.0 0.0
5.7599998 7.37 2.86 -1.7188734 1.1459155 -1.1459155
5.72 7.3599997 2.53 6.3025355 1.7188734 0.57295775
5.97 7.37 2.1499999 5.15662 2.291831 -0.57295775
5.83 7.39 1.92 0.0 1.1459155 -0.57295775
5.8599997 7.5 2.31 -3.4377468 -0.57295775 -1.1459155
5.91 7.4199996 2.6299999 0.0 1.7188734 -1.1459155
5.75 7.24 2.61 3.4377468 2.8647888 -1.1459155
5.9 7.35 2.61 4.583662 0.0 0.57295775
6.0099998 7.3599997 2.79 6.3025355 0.0 -1.1459155
5.77 7.24 2.6799998 8.594366 2.291831 -2.8647888
5.5299997 7.0099998 2.11 7.448451 5.7295775 -1.7188734
5.5 7.3599997 2.11 -1.1459155 9.167324 1.7188734
6.48 7.5099998 2.1699998 -9.167324 2.8647888 1.1459155
6.12 7.56 2.3899999 -5.7295775 1.7188734 -4.583662
5.31 7.33 2.3899999 -4.0107045 0.57295775 -4.583662
5.4 7.48 2.74 -6.3025355 0.57295775 0.0
5.96 7.46 2.8 -7.448451 5.15662 -0.57295775
6.0 7.35 2.87 -3.4377468 4.0107045 -2.8647888
5.33 7.22 2.69 4.0107045 1.1459155 -2.8647888
5.8399997 7.41 2.37 5.7295775 0.0 0.57295775
6.0499997 7.43 2.31 5.15662 0.0 -1.1459155
5.5 7.35 2.27 3.4377468 1.7188734 -2.291831
5.6299996 7.3399997 2.44 -1.1459155 0.0 0.0
5.71 7.3999996 2.74 -2.8647888 0.57295775 0.0
6.04 7.3799996 2.54 2.8647888 0.57295775 -2.291831
5.77 7.29 2.26 2.8647888 -0.57295775 -4.0107045
5.67 7.3399997 2.3799999 -1.7188734 0.0 -2.8647888
5.65 7.2999997 2.3899999 -6.8754935 3.4377468 -1.1459155
5.77 7.31 2.47 -10.31324 1.7188734 0.0
5.41 7.25 3.28 0.0 -0.57295775 -1.7188734
5.65 7.33 2.77 9.740283 -1.1459155 -1.1459155
5.72 7.33 2.23 9.167324 1.1459155 -1.7188734
5.45 7.2 2.22 0.0 2.8647888 0.0
5.58 7.2999997 2.82 -6.3025355 -1.1459155 1.1459155
5.71 7.4199996 3.11 -1.7188734 -1.7188734 0.0
5.58 7.37 2.9099998 4.583662 0.0 -1.7188734
5.56 7.27 2.77 1.7188734 0.57295775 0.0
5.7799997 7.3199997 2.8 -0.57295775 2.291831 1.1459155
