-1.6927522 9.742304 -0.7972935 -1.8004351 2.66987 -4.959185
-1.9896424 9.818921 -0.51716334 -5.335435 6.83487 -8.739185
-1.786129 9.821315 -0.4285752 -7.540435 4.52487 -9.159185
-1.6927522 9.780613 -0.52674043 -6.5604353 -5.03013 -7.794185
-1.8675344 9.933846 -0.25858167 -6.1054354 -9.02013 -7.1641855
-1.7573977 9.785401 0.16520496 -8.555435 -6.1501303 -7.689185
-1.8914771 9.75667 0.22745611 -8.450435 -4.4001303 -4.609185
-1.8723229 9.725544 0.30646718 -5.090435 -3.3501298 -2.404185
-1.8795058 9.646533 0.23942748 -2.2554352 -3.0001302 -0.409185
-1.7885233 9.60583 0.21309046 0.89456505 -4.4001303 0.67581505
-1.7454263 9.517242 0.0 3.799565 -8.81013 0.255815
-1.8220432 9.371192 0.035914123 3.8345652 -11.85513 -1.564185
-1.8555629 9.210775 0.22985038 0.334565 -7.20013 -2.3341851
-2.0949905 9.25866 -0.07901107 -2.325435 1.02487 -2.789185
-2.423006 9.301758 -0.19633053 -3.7604349 7.9548693 -4.889185
-2.6001825 9.225141 0.057462595 -6.910435 6.93987 -7.0591855
-2.19555 9.299363 0.8044763 -10.935435 -5.10013 -5.729185
-2.2697725 9.2490835 1.5586729 -16.605434 -12.90513 -4.889185
-2.3942747 9.093455 2.5929997 -23.395435 -6.8151298 -5.799185
-2.1644244 8.810931 3.859571 -29.240437 1.47987 -5.799185
-2.2170985 8.41827 4.5275736 -32.075436 6.3098702 -4.994185
-2.8300328 8.269825 4.740664 -32.180435 17.99987 -4.119185
-2.6744049 8.334471 5.1021996 -31.410435 37.77487 0.045815002
-1.89866 8.111803 5.8875217 -32.390438 52.334873 8.060815
-1.4437478 7.9609637 6.1077952 -27.210436 61.60987 12.260816
-1.2593886 7.6066113 5.157268 -8.310434 63.53487 9.075815
-1.4485363 7.336058 3.8763309 17.099566 58.004868 3.7208152
-1.4533248 7.1157846 2.3296294 37.399567 53.69987 0.255815
-2.2075214 7.7478733 1.2953026 45.589565 54.15487 1.3408151
-1.934574 7.7718163 1.063058 43.769566 56.814873 6.380815
-0.66321415 7.822096 1.0558752 37.259567 63.254868 15.1308155
0.79250497 8.147717 0.19154198 33.269566 69.134865 25.910814
0.55307746 8.05434 -0.8332076 35.99957 81.31487 33.260815
-0.052674048 8.183631 -0.8547561 37.609566 98.91987 30.215818
0.43096948 7.9920893 -0.9241901 37.924564 103.08487 22.935814
0.9624985 7.8891354 -2.0614705 45.974564 88.769875 23.040815
1.2402344 8.169266 -3.4645157 58.469566 78.549866 27.625814
0.5794145 8.018426 -3.737463 60.044563 88.69987 33.295815
0.18196489 7.726325 -3.0096035 47.689568 106.82987 33.890816
1.0965779 7.946598 -3.0215747 37.364567 103.78487 31.965818
3.179597 7.8388557 -4.860378 40.47957 87.68487 43.410816
2.719896 8.176449 -5.2841644 48.249565 86.284874 59.965816
1.6544439 7.901107 -4.5539107 44.714565 103.504875 57.410812
1.9273912 7.989695 -3.7661943 34.949566 82.39987 37.460815
2.9689007 7.8173075 -5.276982 54.304565 72.56487 47.085815
3.9409764 7.6042166 -8.128563 73.904564 79.59987 56.290817
3.15326 8.734315 -9.431048 71.20957 89.60987 53.875816
1.9106313 9.067119 -8.633755 51.784565 88.13987 44.915817
3.1508656 9.349643 -9.222747 45.869568 67.13987 48.555817
5.9210415 9.182044 -12.141368 60.779564 37.179867 64.69082
6.7566433 9.055147 -13.367236 61.54957 22.79487 66.79082
5.8851275 8.870789 -13.300197 35.334568 15.024871 51.635815
4.5539107 8.875577 -11.909122 -1.310435 5.01487 33.33082
4.1349125 8.906702 -10.99451 -29.170437 -9.30013 21.675814
5.116565 8.521224 -9.407105 -44.430435 -34.15013 19.470816
6.3137026 8.449396 -8.906702 -51.850433 -60.82013 22.550816
6.361588 8.502069 -9.052753 -55.73543 -78.35513 21.255816
4.9992456 8.784595 -7.699988 -68.12544 -81.26013 12.540814
4.529968 8.61939 -5.542746 -85.27544 -86.51013 -1.809185
5.6744313 8.253065 -5.66246 -84.78544 -109.54013 -8.074185
4.9154463 8.27222 -7.7933645 -68.82544 -142.02014 -12.239185
3.407053 8.559532 -6.646507 -77.99543 -141.70514 -18.924185
3.9242165 8.011244 -3.0646718 -130.74043 -120.04012 -16.544188
5.2410674 7.151699 -0.062251143 -175.26042 -113.07513 -11.154185
4.5850363 7.024802 1.4533248 -175.19043 -129.70013 -17.139187
2.7773588 7.455772 1.1205206 -145.79044 -155.14514 -34.884182
1.8771114 7.3169036 1.838803 -121.18544 -163.82512 -47.974186
3.3136764 6.708758 3.624932 -121.01044 -155.46013 -43.389183
3.668029 6.7877693 4.338426 -123.07543 -146.88513 -30.264183
2.5403256 6.979311 4.6233444 -106.06544 -150.91014 -29.249186
1.4293821 6.7829804 4.685596 -80.37544 -164.10513 -40.729187
1.5467016 6.8165 4.6999617 -62.84043 -169.14513 -42.409187
2.291321 7.2714124 4.170827 -50.310436 -160.57014 -26.239185
2.0758362 7.534783 3.1245286 -33.860435 -153.43013 -7.444185
1.7502149 7.223527 3.3926873 -24.620436 -155.28513 -5.484185
2.2314641 6.689604 4.62095 -38.44544 -146.88513 -8.844186
2.2985039 6.8787518 5.5116205 -64.66043 -120.18013 0.710815
2.0447106 6.7446723 6.6273527 -79.88544 -92.810135 13.030815
2.1620302 6.021601 8.063917 -86.08044 -80.52514 13.450815
1.786129 6.3280683 9.282603 -87.86543 -78.18014 7.220815
0.9122187 7.6688623 9.534002 -75.68543 -74.19013 7.150815
1.8100717 7.640131 9.538791 -26.475435 -77.620125 23.110815
2.9856608 8.047157 9.63935 -15.940435 -68.87013 35.920815
3.4956412 8.724737 8.818114 -6.0354347 -44.82513 45.51082
2.8683412 9.452597 8.339259 1.664565 -25.71513 45.650814
2.0087965 9.07909 8.887548 -1.5554351 -8.04013 39.805817
1.9633054 9.110215 9.352037 -6.175435 12.88987 39.140816
3.8236568 9.507666 8.691217 2.609565 24.89487 48.240818
5.2937417 9.450203 6.6967864 22.734566 27.23987 54.085815
4.850801 9.059936 5.8611846 39.219566 29.82987 45.020817
2.8994668 9.395134 5.7366824 43.244568 39.76987 29.935814
2.5475085 9.850046 5.6385174 45.799564 57.05987 24.300816
3.4333901 9.510059 4.0343533 61.234566 66.96487 29.900816
3.7733772 9.174861 2.6504622 79.50456 57.30487 30.180813
3.6033835 10.415095 2.3200524 77.194565 55.694874 27.205814
3.816474 10.968173 1.786129 61.829563 85.199875 33.505817
4.187587 10.7479 1.1564348 60.184566 102.27987 39.385815
3.8021083 9.972155 0.42139238 66.69457 83.62487 29.515812
2.7342618 10.1541195 -0.1699935 65.18957 66.47487 14.395816
3.1365 11.360834 0.888276 44.329567 75.25987 14.570815
5.0160055 11.207601 0.04070267 29.629566 99.199875 29.165815
5.899493 10.721562 -1.1947432 39.149567 88.55987 32.770813
3.3902931 9.981731 -2.52596 51.364567 46.559868 20.100815
1.6999351 10.759871 -0.66800267 41.109562 34.62487 -5.6941853
2.291321 10.666494 -0.16041641 8.839565 85.30487 -1.3191851
4.2378664 10.202005 -1.0774237 5.514565 94.54487 14.745816
3.8523881 10.027223 -3.222694 31.449566 32.314873 18.980814
3.050306 9.75667 -3.0455174 49.194565 -22.11013 7.3608155
2.19555 9.648928 -1.063058 24.694565 -6.53513 1.480815
2.6791935 9.474146 0.19393626 -9.605435 42.98987 9.145816
4.3958883 9.397529 0.06943397 -14.260435 60.769867 21.150814
3.5962007 9.261055 -0.68715686 5.9345646 40.189873 26.750814
2.8635526 9.63935 -0.9816527 30.574566 16.529871 14.675816
3.5315554 9.766247 -1.3288225 38.764565 18.454868 7.185815
3.9409764 9.771035 -1.6688095 38.099567 23.59987 11.875815
3.5578923 9.754275 -1.3791022 36.664566 14.04487 10.125815
3.213117 9.850046 -0.74701375 28.054565 6.97487 1.410815
2.7582045 9.876384 -0.3519584 4.639565 9.38987 -5.834185
2.8156672 9.699207 -0.30886146 2.399565 6.48487 -4.1541853
2.935381 9.438231 -0.117319465 0.299565 1.2698699 -2.019185
2.892284 9.332883 0.38068968 -4.2504354 1.0598699 -0.9341849
3.1436827 9.301758 0.6057515 -6.4554353 3.1598701 0.710815
3.2562137 9.2419 0.7110996 -4.1454353 0.07987 1.305815
3.15326 9.172467 0.75180227 -1.380435 -2.58013 -0.164185
3.0694604 9.229929 0.7877164 -0.54043496 -1.00513 -1.074185
2.9760835 9.222747 0.7805336 -0.050435 -0.13013001 -1.1791852
2.9377751 9.239507 0.7206767 0.964565 -0.13013001 -1.039185
3.1173458 9.2419 0.7206767 1.384565 0.00987 0.640815
3.179597 9.25866 0.7541966 0.964565 0.32487 1.935815
3.1484714 9.366403 0.7805336 1.419565 0.95487005 1.445815
3.1700199 9.330489 0.51955765 2.9595652 0.39487 0.710815
3.15326 9.26345 0.57223165 3.5545652 0.63987 0.67581505
3.179597 9.308941 0.5865973 2.1545649 1.5148702 0.81581503
3.3328304 9.289786 0.5027977 1.944565 1.4448701 1.025815
3.3663504 9.356826 0.56744313 1.944565 0.25487 0.465815
3.1676257 9.296969 0.6201172 1.629565 0.84986997 -0.9341849
2.978478 9.273026 0.4932206 2.224565 1.02487 -2.159185
3.1843855 9.347249 0.32562137 3.4495652 0.28987 -1.669185
3.3615618 9.27542 0.31365 2.994565 0.21987 0.290815
3.0455174 9.25866 0.52913475 0.9295651 0.53486997 -0.094185
2.8108785 9.2490835 0.5913859 -0.33043504 0.81487006 -2.404185
3.0335462 9.2490835 0.54828894 -0.015435 0.46486998 -2.229185
3.3160706 9.213169 0.48124924 0.754565 0.25487 0.92081493
3.205934 9.215564 0.52913475 0.964565 0.28987 2.320815
3.0215747 9.225141 0.6177229 0.579565 1.02487 0.325815
3.1412885 9.294575 0.5698374 0.544565 1.0598699 -1.144185
3.0383348 9.251478 0.49800915 1.419565 -0.16513 -0.409185
2.9617178 9.246689 0.5650489 2.0145652 0.114870004 0.395815
3.2825508 9.354432 0.46927786 1.9095651 1.6198701 0.850815
3.3998702 9.299363 0.3998439 2.469565 0.46486998 2.250815
3.205934 9.411894 0.43815228 2.889565 -1.7051301 1.8308151
3.040729 9.337671 0.4740664 1.944565 -0.41013 -0.619185
3.0957973 9.287392 0.49800915 0.9295651 0.39487 -1.599185
3.2274826 9.244295 0.59378016 0.36956498 0.60487 -0.164185
3.0910087 9.26345 0.52674043 0.754565 1.40987 0.36081502
3.059883 9.229929 0.3328042 3.344565 -0.44513002 -1.004185
2.9904492 9.203592 0.24900457 3.799565 -0.79513 -0.54918504
2.9689007 9.220352 0.3615355 1.594565 1.0948701 1.095815
3.1125572 9.270632 0.3519584 0.089565 1.89987 2.845815
3.1843855 9.361614 0.36392978 -0.12043501 0.32487 3.6158152
3.2083282 9.335278 0.50758624 -1.1354351 0.18486999 3.195815
3.2274826 9.316123 0.54350036 -1.415435 0.53486997 3.510815
3.2610023 9.320911 0.42378664 0.124565 -0.93513006 2.950815
3.3687446 9.287392 0.3615355 1.1395651 -1.6001301 2.215815
3.3663504 9.2490835 0.47885495 0.089565 -0.83013 1.095815
3.0790374 9.213169 0.50758624 -0.785435 0.07987 -0.68918496
3.0263634 9.203592 0.44294083 0.334565 -1.07513 -1.7391851
3.258608 9.2419 0.37111259 1.069565 -2.16013 -0.304185
3.5483153 9.294575 0.43336374 -0.26043501 -1.14513 1.7958149
3.205934 9.232324 0.56744313 -2.325435 0.35987 1.3408151
2.9042554 9.198804 0.6703969 -2.920435 1.75987 -1.459185
