-1.541913 9.531608 0.6895511 6.508915 -16.832655 -8.36248
-1.5826156 9.58907 1.2091088 -7.3860846 -23.167656 -4.79248
-1.647261 9.584282 0.94573855 -11.446085 -16.027655 -1.25748
-1.5969813 9.751882 0.5770202 -5.741085 -10.392655 -0.34748
-1.4365649 9.720756 0.3974496 2.378915 -11.932654 -0.69748
-1.4485363 9.651321 0.18435916 6.753915 -14.697654 -1.50248
-1.489239 9.58907 0.17478207 7.103915 -17.707655 -3.46248
-1.5634614 9.519637 0.26337022 4.023915 -17.042656 -6.33248
-1.6065584 9.457385 0.3998439 -1.121085 -11.057655 -9.202479
-1.5203645 9.344854 0.7685622 -6.091085 -8.292655 -11.44248
-1.5275474 9.340066 0.9960183 -10.956085 -9.902655 -11.58248
-1.7645805 9.5244255 1.1779832 -15.996086 -11.722654 -10.84748
-2.1141446 9.5244255 1.4269878 -20.126085 -8.502655 -10.49748
-2.1668186 9.510059 2.011191 -22.716085 -2.972655 -12.49248
-2.0758362 9.244295 2.7941186 -25.761086 -1.7126551 -15.257482
-2.4852571 9.110215 4.2235007 -30.521086 -6.962655 -15.39748
-2.82285 8.942616 4.9441776 -36.891083 -11.407655 -15.67748
-2.6600394 8.803748 5.3799353 -37.976086 -8.852655 -17.42748
-2.2937152 8.789383 5.7295 -29.541088 -1.572655 -17.32248
-2.2697725 8.650515 5.6935854 -16.311085 3.6773448 -14.592481
-2.7510219 8.5882635 5.521198 -2.766085 4.832345 -13.717481
-2.439766 8.389539 5.1357193 9.378915 6.7923446 -16.79748
-2.176396 8.099832 4.745453 19.178915 10.432344 -17.32248
-2.2147043 7.980118 4.4749 25.478914 18.272346 -12.14248
-1.9728824 7.728719 4.008016 28.033915 33.322346 -7.03248
-2.0902019 7.8268843 3.1939626 35.138916 60.62235 -1.8174801
-2.2601955 7.8101244 2.2841382 43.223915 64.54234 1.9625201
-1.9130256 8.169266 0.845179 50.538918 72.38235 10.60752
-1.1444633 8.253065 -0.65842557 57.468918 79.662346 22.68252
-0.8739103 8.578687 -1.4269878 59.533916 82.357346 30.172518
-0.38068968 8.490098 -1.6616267 50.818916 86.90735 30.102522
-0.16041641 8.178843 -1.5443072 37.798916 94.78235 28.877522
-0.34477556 8.035186 -1.8531687 29.153915 100.66235 23.942522
-0.4860378 7.9585695 -1.6161355 27.788916 102.48235 15.85752
-0.4956149 7.8364615 -0.9074302 26.178915 99.192345 9.94252
-0.531529 7.47732 -0.9912298 23.973917 97.02235 8.787519
-0.28252444 7.4030976 -1.9417568 32.548916 98.63235 10.81752
0.45970076 7.5898514 -2.9641123 50.713917 96.88235 15.227519
0.71588814 7.4868975 -3.7829542 77.628914 79.17234 23.802519
0.35435268 7.091842 -4.173221 79.308914 75.42735 18.307522
0.5411061 7.082265 -4.7789726 80.39391 75.11235 18.34252
1.0654523 7.3192983 -5.889916 82.35392 73.78235 28.422522
1.175589 7.379155 -6.0335727 77.06892 79.872345 35.31752
1.4269878 7.391126 -5.7654138 65.763916 90.72235 36.157524
2.2506182 7.3408465 -6.304126 64.013916 97.02235 37.59252
2.9569294 7.1325445 -8.339259 73.14892 100.59234 41.05752
2.126116 7.2211328 -9.495694 75.56391 105.982346 40.32252
0.7996878 6.902694 -8.262642 58.798912 96.81235 30.80252
0.90024734 6.859597 -6.0000525 39.303913 75.88234 29.997519
1.7957062 6.596227 -6.6010156 46.373913 55.722347 43.402523
2.8252442 6.6010156 -9.189227 70.17392 46.552345 59.39752
3.3687446 6.3759537 -10.4294615 78.57391 47.007343 67.657524
3.1388943 6.6848154 -8.674458 57.398914 39.69235 65.66252
3.6081722 6.969734 -7.391126 33.738914 31.572344 63.84252
4.4844766 6.7207294 -9.893144 42.208916 20.477346 68.95252
4.278569 6.6010156 -11.423085 64.88892 3.187345 68.74252
3.6536634 6.3927135 -10.925076 62.19392 -15.012655 58.942524
3.162837 6.4765134 -9.8237095 39.793915 -27.717655 49.84252
3.675212 6.4956675 -10.288198 25.898914 -35.417656 51.83752
4.3408203 6.4501762 -11.45421 25.373915 -41.577656 62.932514
4.9633317 6.404685 -11.992923 20.298914 -43.537655 70.877525
5.296136 6.114978 -11.490125 -0.071085 -45.14765 71.297516
5.0495257 6.2346916 -9.653716 -31.081087 -52.532654 64.05251
5.032766 6.316097 -8.693612 -57.961082 -57.922653 55.58252
5.3488097 6.4789076 -8.648121 -68.21609 -65.06266 52.467518
5.6457 6.402291 -8.648121 -67.90109 -75.59766 50.01752
5.073468 6.6345353 -8.123775 -68.35609 -91.767654 40.952522
4.3695517 6.8332605 -7.901107 -72.90609 -110.49266 28.28252
4.410254 6.8356547 -7.4701376 -80.746086 -123.792656 22.262522
4.563488 6.902694 -6.610593 -93.97609 -125.612656 25.23752
4.644893 7.022408 -5.9042816 -108.32608 -121.517654 28.21252
4.6305275 7.046351 -4.6305275 -119.38608 -119.87266 27.51252
4.4413795 6.998465 -3.5794408 -126.49109 -127.57266 23.17252
4.364763 7.118179 -3.2921278 -127.36609 -137.26765 18.27252
4.2139235 7.2522583 -3.0694604 -124.95109 -140.31264 15.43752
4.0151987 7.2426815 -1.5131817 -126.8061 -136.39267 13.40752
3.4621215 7.1756415 -0.4740664 -135.0311 -133.76765 9.34752
3.110163 7.170853 -0.33519846 -131.28609 -137.96767 1.15752
3.5698638 7.257047 -0.44772938 -127.471085 -133.48766 5.04252
4.0319586 7.273807 0.59378016 -132.8961 -128.69266 5.4975204
3.6177492 7.3192983 2.4780743 -135.34608 -129.91766 -4.6174803
2.4876516 7.211556 2.8443985 -119.91109 -140.24265 -19.947481
2.2123098 7.3049326 1.9633054 -94.92109 -151.33765 -22.95748
3.2538195 7.371972 2.1069617 -82.916084 -151.33765 -11.05748
3.7925313 7.4366174 3.5147953 -83.96609 -148.85266 -4.68748
3.3304362 7.336058 3.7159145 -76.511086 -152.80766 -15.432481
2.6720107 7.4605603 2.578634 -62.651093 -155.74765 -25.40748
3.4884584 7.683228 2.6887705 -59.361084 -144.89766 -22.64248
3.9170337 7.8340673 4.434197 -70.98109 -127.29266 -17.91748
2.9641123 7.659285 5.6337285 -76.16108 -116.40765 -27.19248
0.8284191 7.6688623 4.8364353 -62.861088 -115.42766 -41.43748
0.7302538 7.3600006 4.697567 -50.646084 -111.43766 -38.67248
1.8555629 7.144516 6.1461034 -57.576084 -92.01266 -15.95748
2.083019 7.415069 7.5323887 -63.561085 -69.15766 3.53752
0.5123748 8.114198 6.9074826 -47.216087 -64.74766 7.5275197
-0.49800915 8.116591 6.263423 -22.716085 -77.97765 4.20252
0.86193895 8.2387 7.788576 -22.646084 -78.01266 16.732521
2.3200524 8.669669 9.11261 -40.076088 -49.697655 47.252518
2.5714512 9.692024 9.775824 -42.596085 -15.327655 68.67252
2.4373717 10.10384 8.839663 -19.951084 -3.077655 70.737526
2.597788 10.360027 7.9609637 10.568915 -2.482655 66.92252
3.4716985 10.872402 6.742278 32.093914 10.957345 70.00252
4.352792 11.209994 5.497255 44.483917 27.232346 76.827515
4.4270144 11.042396 4.932206 48.963917 44.627346 75.74252
4.1947694 10.8700075 4.470111 47.353916 60.027344 68.63752
4.3240604 11.102252 3.694366 46.128914 68.04234 63.352516
4.2809634 11.075915 2.5570855 49.628918 74.552345 60.132523
3.737463 10.606637 1.637684 55.403915 80.18734 53.62252
4.0894213 10.460587 1.8579572 52.14892 78.332344 46.72752
4.37434 10.855642 2.2554069 36.643913 75.21734 46.51752
4.3168774 10.999298 1.4868447 25.478914 85.54235 47.672516
3.8763309 10.745505 -0.016759925 34.858917 93.942345 40.77752
3.7590115 10.78142 -0.56744313 49.313915 80.50234 32.972523
3.7326744 10.881979 -0.0670397 47.843918 65.66235 32.02752
3.529161 10.436644 -0.18675344 34.64892 79.31235 33.53252
3.5794408 10.211582 -0.69194543 39.793915 79.31235 27.547522
3.912245 10.551569 -1.1037607 41.228912 68.74234 25.27252
3.6919718 10.913105 -1.6712039 36.678913 68.77734 22.822521
3.4956412 10.884374 -1.6855695 31.043917 70.35235 18.937521
3.581835 10.63058 -1.5347302 26.038916 64.22734 16.13752
3.9361877 10.530021 -1.2402344 19.248915 61.84735 17.712519
4.1516724 10.422278 -0.8739103 14.173915 68.18235 18.902521
4.2570205 10.362421 -0.6105401 16.378916 69.93235 15.61252
3.8787253 10.060742 -0.9337672 26.178915 58.872345 8.99752
3.6871831 9.70639 -1.3743137 34.578915 45.467342 2.73252
3.562681 9.457385 -0.94095 29.958914 42.737347 1.9275199
3.6991546 9.296969 -0.083799616 19.318914 49.352345 4.41252
3.6464806 9.184438 -0.2466103 19.913916 51.662346 4.79752
3.8452053 9.093455 -0.9624985 31.183918 41.582344 3.6775198
3.849994 8.990502 -1.3192455 37.028915 31.362343 2.5225198
3.4836698 9.071907 -1.0462981 31.778917 30.977346 0.35252
3.2801564 9.081485 -1.2809371 26.703915 33.007347 -1.85248
3.5602865 9.009656 -1.4940275 25.058914 25.202345 -1.18748
3.493247 9.040782 -1.1181264 17.848915 21.037344 0.9825199
3.553104 9.182044 -0.5411061 7.033915 24.677345 2.03252
4.0918155 9.421472 -0.65124273 2.973915 27.792345 3.50252
4.2737803 9.517242 -1.1516461 7.838915 22.752346 3.25752
3.9242165 9.510059 -0.87630457 9.588916 15.822345 0.17752
3.371139 9.344854 -0.37829542 3.1839151 15.787345 -3.9524798
3.0742488 9.289786 -0.29928434 -1.7160851 14.3523445 -6.19248
3.258608 9.273026 0.047885496 -3.571085 10.257345 -5.00248
3.3735332 9.205987 0.31604427 -5.986085 10.292345 -2.09748
3.1484714 9.208381 0.5602603 -6.0210853 9.242346 -1.4674801
3.1173458 9.160496 0.7302538 -3.7460847 5.462345 -2.5174801
3.2179053 9.203592 0.888276 -0.631085 3.292345 -2.76248
3.3591676 9.268238 0.7134939 2.9039152 3.7473452 -1.9924802
3.1700199 9.2419 0.3902668 7.908915 2.662345 -1.8174801
3.179597 9.203592 0.3040729 11.8639145 0.772345 -2.8324802
3.4860642 9.232324 0.2561874 11.338915 0.42234498 -2.55248
3.4142358 9.196409 0.28252444 8.293915 1.297345 -0.62748003
3.1436827 9.141341 0.31604427 5.0739155 0.842345 -2.9024801
3.3160706 9.124581 0.25379312 4.5489154 -2.2026548 -2.23748
3.4094474 9.134158 0.33759275 2.2039149 -2.1326551 -1.22248
3.1173458 9.06233 0.52913475 1.048915 -1.3976551 -1.95748
3.0527003 9.071907 0.5506832 1.608915 -1.852655 -1.5374801
3.3950818 9.203592 0.44772938 3.043915 -1.502655 0.70251995
3.4238129 9.26345 0.18196489 4.6889153 -2.062655 1.71752
3.529161 9.3280945 0.15083931 4.4789147 -2.3076549 0.56252
3.3352249 9.352037 0.20111908 1.8889148 -2.237655 -0.90748006
3.15326 9.332883 0.49800915 -1.5760851 -1.467655 -1.9224801
3.275368 9.308941 0.56744313 -3.5360851 0.002345 -0.80248
3.4573328 9.356826 0.4836435 -2.3810852 -0.382655 0.35252
3.2562137 9.289786 0.4764607 -0.24608499 -1.572655 -0.76748
3.1484714 9.296969 0.45251793 0.628915 -1.8176551 -1.78248
3.0191805 9.189227 0.5650489 0.698915 -0.907655 -1.18748
3.318465 9.232324 0.5554718 1.0139151 1.8923451 0.70251995
3.5938065 9.227535 0.2849187 3.8139153 2.5223448 2.97752
3.5387383 9.237112 0.13168511 7.173915 0.632345 2.10252
3.2801564 9.287392 0.062251143 7.663915 1.157345 -0.66248
3.3519847 9.304152 0.11492519 5.318915 2.662345 -1.64248
3.5219781 9.299363 0.31365 1.7489151 4.027345 -0.45248002
3.3950818 9.27542 0.36392978 -0.316085 3.6773448 -0.59248
3.1436827 9.294575 0.1987248 0.698915 1.822345 -2.27248
3.2681851 9.253872 0.18675344 2.2039149 -0.277655 -2.8674798
3.3232534 9.26345 0.34956414 0.698915 -1.432655 -1.50248
3.2298768 9.265843 0.5554718 -1.506085 -0.627655 -1.15248
3.179597 9.270632 0.5698374 -1.6810851 1.332345 -1.8174801
3.2825508 9.27542 0.2944958 1.258915 1.297345 -1.64248
3.232271 9.277815 0.19633053 4.6889153 -0.487655 -1.64248
3.0862203 9.261055 0.26337022 4.6889153 0.212345 -2.30748
2.9234095 9.184438 0.30646718 2.938915 1.612345 -2.37748
2.9832664 9.047964 0.31604427 2.553915 2.557345 -1.74748
3.0886145 9.009656 0.3615355 3.4989152 2.487345 -0.20748
3.0981915 9.122187 0.18675344 5.1789155 2.1723452 0.87752
3.2490308 9.189227 0.18196489 7.5589156 0.737345 0.91252
3.4453614 9.244295 0.11253092 8.713914 0.037345003 1.71752
3.5483153 9.347249 -0.090982445 8.678916 0.42234498 2.2775202
3.4884584 9.42626 -0.12689656 7.978915 -0.34765503 1.4725201
3.2801564 9.342461 -0.08140534 5.703915 -0.697655 -0.34748
3.3088877 9.306546 0.13168511 -1.121085 1.262345 -1.4324801
3.2633965 9.273026 0.20590763 -2.4860852 0.632345 -1.08248
3.1963568 9.203592 0.25379312 -2.276085 0.772345 -1.18748
