-0.68715686 9.692024 -0.31843856 -0.06293 -26.284302 -13.149045
-0.94573855 9.778218 -0.19393626 -2.4079301 -23.3093 -12.764045
-1.0941836 9.699207 -0.37829542 -4.4729304 -15.889301 -11.224046
-0.8236305 9.646533 -0.2370332 -5.10293 -7.9442997 -9.824044
-1.1468576 9.871595 -0.3519584 -3.5979302 -5.3543 -7.864045
-0.82123625 9.720756 -0.34716985 -2.75793 -8.5743 -4.5390453
-0.7134939 9.804555 -0.2466103 -2.1279302 -9.8343 -2.5090451
-0.7541966 9.715967 -0.28013015 -3.10793 -6.8943005 -1.9840449
-0.9816527 9.749487 -0.2944958 -4.2629304 -6.5793 -1.5290451
-1.1923488 9.711179 -0.21309046 -4.3679304 -6.9293003 -3.174045
-1.3264283 9.629773 -0.16041641 -4.08793 -9.0293 -5.869045
-1.403045 9.620196 -0.019154198 -4.8579297 -10.1493 -7.549045
-1.4748733 9.569917 0.028731298 -5.3129296 -11.8993 -7.584046
-1.2713599 9.450203 0.50040346 -4.64793 -18.2343 -7.339045
-1.4054393 9.122187 0.98404694 -3.98293 -33.3893 -6.219045
-2.2530127 9.165284 1.2043202 -11.43793 -41.5093 -9.124045
-2.1021733 9.347249 1.2593886 -12.20793 -22.8193 -13.324045
-1.0917894 9.196409 1.0654523 -8.112929 -13.7193 -12.554045
-0.8284191 8.980925 1.934574 -5.17293 -34.929302 -6.674045
-1.9585168 8.784595 4.168432 -16.19793 -58.554302 -7.3740454
-2.7510219 8.772623 5.849213 -37.54793 -56.4543 -16.649046
-2.0782306 8.650515 6.735095 -48.25793 -40.7393 -21.304047
-0.44772938 8.403905 5.748654 -34.88793 -38.1143 -15.564044
-0.0071828244 7.850827 4.948966 -7.41293 -50.7493 -8.704044
-0.7781393 7.3169036 5.2147307 8.51207 -49.699303 -11.259045
-1.4557191 6.5651016 5.7893567 1.6520699 -20.264301 -22.844044
-1.0391153 6.2275085 5.4493694 -12.55793 19.1107 -30.754044
0.22266756 6.2322974 3.6823947 -16.33793 48.650703 -25.574045
3.2993107 5.827665 1.6305012 -5.97793 63.7357 -6.464045
2.4445546 5.6241517 0.083799616 4.73207 72.8007 19.820955
-1.5131817 5.444581 2.073442 1.3720701 80.080696 23.215954
-4.9968514 6.2275085 6.301731 -28.90293 109.4807 -6.709045
-2.6265194 5.7965393 6.6345353 -75.59293 153.0907 -23.019043
1.2234744 6.0239954 4.070267 -87.21293 177.5907 4.245955
3.3424077 5.995264 0.7709565 -42.06293 174.61569 63.04595
2.291321 7.2953553 1.0151725 21.32207 159.32071 99.79596
1.4700848 6.962551 1.2857256 60.627068 135.2057 91.81595
2.7677817 6.7063637 -1.5826156 73.40207 115.6407 65.81096
4.276175 7.1301503 -5.29853 91.74207 119.5607 60.875954
4.2115293 7.6185822 -7.467743 126.462074 124.0757 77.39595
2.2745612 8.25546 -7.0080423 149.87708 111.2657 86.49596
2.5020173 8.980925 -8.097438 138.36208 111.8257 78.165955
4.9274178 10.254679 -12.651348 115.087074 125.300705 68.99596
6.134132 11.418297 -16.403177 111.167076 121.2757 76.66096
3.6656346 12.407132 -13.625818 113.757065 112.1407 94.790955
3.502824 12.517269 -11.092675 32.487072 79.3457 56.535954
5.8156934 12.546 -14.372831 9.59707 53.7957 41.800957
7.474926 11.933065 -16.783867 36.72207 21.1057 50.375957
7.8268843 11.473365 -17.51412 49.812073 -6.5793 49.185955
6.543553 11.087887 -15.332936 25.662071 -30.4493 35.150955
5.5954204 10.711986 -12.713599 -21.902931 -44.7293 16.775955
5.899493 10.242707 -10.00328 -66.982925 -51.7293 5.505955
6.8883286 9.799767 -8.18842 -96.102936 -60.9693 4.735955
6.938608 9.668081 -7.472532 -97.43293 -100.4843 -3.9090452
6.119766 9.811738 -6.3998966 -89.31293 -127.5043 -18.539045
5.626546 9.134158 -4.8986864 -84.412926 -155.7843 -33.169044
5.0830455 9.296969 -4.4054656 -78.672935 -177.6593 -41.04405
5.1261425 9.1940155 -5.2865586 -73.66793 -183.3643 -38.17404
6.160469 8.212362 -3.2442424 -88.50793 -183.0493 -32.749046
5.9856873 7.491686 -0.43096948 -115.63293 -182.24431 -36.774044
5.260222 6.9840994 0.8332076 -117.59293 -186.8993 -47.694046
3.9457648 6.526793 0.2681588 -95.15793 -198.72931 -55.254047
2.9856608 5.9665327 0.5219519 -85.11293 -200.1293 -53.574047
3.1436827 5.4900723 1.8172545 -97.782936 -188.9993 -43.109047
3.2633965 5.3966956 3.5866237 -109.96293 -176.9593 -28.619045
2.8084843 5.296136 3.9673133 -106.18293 -176.2243 -23.754045
2.6791935 4.764607 4.4653225 -93.89793 -180.94931 -23.404047
2.8108785 4.6568646 4.989669 -84.30793 -180.3543 -16.649046
2.7725701 4.948966 4.7717896 -72.19793 -174.8593 -7.024045
2.8108785 4.745453 4.3432145 -59.212933 -171.11432 -2.159045
2.9066496 4.417437 4.9944572 -58.51293 -170.44931 -1.6340451
2.7246847 4.5970078 5.8683677 -69.922935 -165.2693 4.2809553
2.954535 4.7334814 6.5124273 -78.28793 -155.11931 15.865954
3.991256 4.314483 7.7167478 -82.522934 -151.65431 32.805954
5.2051535 3.8212626 8.875577 -87.702934 -155.0843 47.540955
5.305713 3.8547823 10.230737 -89.52293 -147.55931 51.845955
5.2410674 4.1756153 12.069539 -85.49793 -132.8243 50.690956
5.073468 4.285752 13.539624 -76.467926 -112.66431 55.520958
4.532362 4.767001 13.731166 -59.842926 -78.679306 60.70096
5.279376 5.1189594 12.670503 -29.252928 -38.7093 68.96096
6.471725 4.867561 12.275447 3.15707 -8.3643 84.080956
6.9577627 5.0136113 11.305766 27.48207 12.0407 90.940956
6.5651016 5.6959796 9.79019 53.83707 25.585701 85.62096
6.158075 6.0838523 8.387145 82.01207 32.7607 75.12096
6.4573593 6.057515 6.4932733 104.30707 38.990704 63.500957
6.6010156 6.5603127 4.455745 119.14708 47.635704 56.535954
6.2514515 7.6688623 3.5770466 123.13707 57.5057 52.055954
5.8947043 8.684034 3.2466366 113.54707 69.440704 47.120956
6.4789076 9.646533 2.011191 101.85707 86.8007 47.120956
7.046351 10.247497 0.5602603 99.72208 99.0507 54.050953
7.144516 10.972961 -0.28970724 102.417076 95.235695 56.570957
7.3480296 10.616215 -0.026337024 73.89207 87.8507 44.250957
6.5842557 10.810151 0.37590113 54.64207 93.6957 37.705956
6.2155375 11.473365 0.43815228 46.277073 96.6007 37.320953
7.0319853 11.327314 0.16281068 48.55207 96.1107 40.155956
7.206767 10.498895 -0.24421602 56.532074 89.5307 34.41596
6.998465 9.4932995 -0.52913475 63.882076 78.1557 21.150955
5.4733124 9.794978 -0.090982445 61.32707 71.7157 12.400955
5.7127395 10.206794 0.12689656 54.11707 81.480705 15.165956
6.9840994 10.046377 -0.97446984 60.48707 93.0307 23.670954
6.524399 10.0368 -2.317658 75.257065 85.4357 18.315956
5.195576 10.688043 -2.997632 82.39707 70.770706 0.990955
4.810098 10.733534 -3.4094474 79.56207 65.2407 -9.614044
4.556305 10.151725 -3.7733772 73.89207 61.285694 -14.059046
3.9146392 9.814133 -3.8571768 66.96207 49.770702 -20.219046
3.2825508 9.593859 -3.5219781 57.05707 35.6307 -23.929045
3.4956412 9.431048 -3.1269228 43.26707 22.960701 -19.134047
3.9984388 9.294575 -2.4852571 28.567072 14.945701 -8.634046
4.2402606 9.024022 -1.9728824 17.402071 9.6607 0.220955
4.7765784 8.882759 -1.4174107 10.857071 2.3807 4.420955
5.0375543 8.842057 -1.1205206 6.93707 -4.4442997 6.5559554
4.922629 8.901914 -0.5650489 4.62707 -8.1543 6.695955
4.8986864 8.784595 -0.083799616 1.72207 -7.3843 5.330955
5.1692395 8.877971 0.090982445 0.74207 -5.0743 4.630955
5.0423427 8.9976845 0.12450229 1.72207 -3.0443 4.035955
4.503631 8.92825 0.15083931 3.19207 -0.8743 0.535955
4.122941 8.961771 0.047885496 5.4320703 2.2407 -3.979045
3.8284454 9.050359 -0.2370332 8.65207 0.28070003 -4.8890452
3.9146392 9.007262 -0.28970724 9.31707 -4.3392997 -2.0540452
4.4126487 9.024022 -0.16759923 4.87207 -5.8443 3.2659547
4.8986864 8.968953 0.023942748 -1.35793 -6.8943005 8.095955
4.946572 8.8085375 0.35674694 -5.5579305 -9.659301 8.165955
4.5898247 8.751075 0.8044763 -8.532929 -9.0993 3.4059548
4.517997 8.681641 0.7685622 -9.23293 -4.0593 -2.019045
4.45814 8.700794 0.5865973 -5.45293 -2.4143 -3.8040452
4.4222255 8.624178 0.54828894 -0.86793 -3.6043003 -4.294045
4.5251794 8.590658 0.63208854 0.28707004 -2.8693 -4.154045
4.5084195 8.688824 0.4860378 -0.37793002 -0.2093 -2.9990451
4.5491223 8.791777 0.23224466 0.21707 0.28070003 -2.859045
4.563488 8.758257 0.30167863 1.2320701 -0.034300003 -2.824045
4.352792 8.882759 0.4956149 -5.5229297 6.0207 -2.754045
4.3671575 8.818114 0.3902668 -5.87293 8.3657 -2.2990448
4.1564612 8.729526 0.37111259 -4.5779305 8.1907 -2.369045
4.04393 8.669669 0.46927786 -3.94793 7.4907002 -1.459045
4.477294 8.674458 0.37350687 -2.75793 6.4757 1.2709551
4.5850363 8.722343 0.1987248 0.28707004 2.4157 1.6559551
4.582642 8.74868 -0.011971374 2.56207 -1.0493 -1.109045
4.436591 8.722343 0.0023942748 1.68707 -2.0293002 -3.349045
4.1756153 8.691217 0.11971374 -1.2179301 -0.8043 -4.714045
4.146884 8.667274 0.28731298 -3.4929302 0.5957 -4.154045
4.209135 8.729526 0.29689008 -3.5979302 -0.9443 -1.669045
4.410254 8.8085375 0.2466103 -2.47793 -3.3243 0.46595502
4.455745 8.91149 0.31365 -2.44293 -3.3943 1.060955
4.5060253 8.858817 0.35435268 -2.93293 -2.4843001 0.745955
4.4294086 8.880365 0.4932206 -3.00293 -3.5693002 -0.23404503
4.6233444 8.937828 0.3974496 -2.5479302 -3.2193 -1.0740451
4.515602 8.966559 0.3998439 -2.33793 -1.6793001 -2.2290452
4.0582957 8.897125 0.69673395 -3.35293 0.5957 -5.239045
3.7350688 8.937828 0.7829279 -3.4229298 2.1357 -8.249044
3.9050622 8.940222 0.47885495 0.18207 1.3306999 -6.674045
4.2546263 8.961771 0.29210153 3.40207 -1.8193 -2.194045
4.786155 8.964165 0.28970724 2.21207 -1.4343001 1.5159551
4.731087 8.79896 0.33759275 -1.25293 0.7007 2.425955
4.3408203 8.79896 0.6081458 -4.61293 -1.5743 -1.0740451
4.288146 8.664881 0.7350424 -6.22293 -1.0843 -2.6490452
4.3168774 8.640938 0.73743665 -6.78293 7.0000003E-4 -0.86404496
4.4246197 8.61939 0.73743665 -5.5229297 0.4907 1.1659551
4.4318027 8.638543 0.7206767 -3.52793 1.4357 1.760955
4.278569 8.705584 0.6249057 -1.07793 1.7857001 0.57095504
4.288146 8.652909 0.3040729 2.35207 0.84070003 -1.5640451
