0.90999997 10.809999 1.03 2.291831 4.583662 -5.7295775
0.32 11.05 1.56 -14.896902 -2.8647888 -6.8754935
0.38 10.74 3.12 -22.91831 -4.583662 -8.021409
0.42999998 10.67 4.27 -30.939718 -5.7295775 -9.167324
0.099999994 10.57 5.47 -29.220846 -11.459155 -12.605071
0.39 10.679999 4.46 0.57295775 -2.291831 -9.740283
0.26 10.58 3.56 19.480566 5.15662 -16.042818
0.01 10.24 4.0899997 5.15662 6.8754935 -17.761692
-0.45999998 10.099999 4.72 -7.448451 13.750987 -18.334648
-0.29999998 9.51 4.92 -9.740283 19.480566 -13.750987
-0.21 9.04 5.77 -14.323945 33.231552 -11.459155
-0.21 8.69 6.5099998 -10.886198 38.38817 -8.594366
0.049999997 8.349999 5.5 10.886198 45.263664 -5.7295775
-0.17 8.57 4.79 26.929016 66.463104 -4.0107045
-0.19 8.559999 4.83 23.49127 79.06818 1.7188734
0.04 8.4 4.81 24.637184 77.922264 1.7188734
0.65 8.33 3.57 33.80451 79.641136 1.1459155
0.52 8.429999 2.76 31.51268 90.52733 -1.1459155
0.16 8.22 3.09 12.605071 103.70536 0.0
0.52 7.97 3.59 -0.57295775 107.716064 7.448451
0.77 7.7599998 3.58 -1.7188734 108.289024 9.167324
0.62 7.7799997 3.29 10.31324 108.86198 10.886198
1.14 7.81 2.59 16.042818 108.289024 13.750987
1.5799999 7.91 1.62 22.91831 110.58085 18.907606
1.49 7.89 1.66 18.907606 115.73747 22.345354
1.88 7.87 1.77 11.459155 115.16451 25.210142
2.3899999 8.099999 1.12 12.032113 112.87268 27.501974
2.19 8.099999 0.51 15.469859 118.60226 28.07493
2.02 8.0199995 0.52 8.021409 123.75887 28.07493
2.27 8.309999 0.26999998 -1.1459155 123.75887 32.658592
2.6299999 8.23 0.02 -12.605071 128.9155 37.242256
2.03 7.8999996 0.71999997 -30.939718 133.49916 39.53409
1.93 7.66 1.18 -36.669296 130.63437 41.25296
2.36 7.8799996 1.3199999 -28.07493 122.04 48.128452
2.6399999 7.7599998 1.16 -18.907606 116.883385 52.712116
2.6 7.98 1.4399999 -16.042818 116.883385 57.29578
2.69 8.33 1.4399999 -10.886198 111.15381 63.02536
3.57 8.389999 0.51 1.1459155 104.27831 68.18198
4.0 8.61 -0.62 7.448451 102.55944 68.75493
3.97 8.25 -0.72999996 9.167324 103.1324 67.03606
2.87 7.89 0.17999999 -5.7295775 103.1324 64.17127
3.3899999 8.54 0.77 -21.199438 99.69466 63.598316
5.47 8.58 -0.74 -14.323945 91.67324 78.49522
4.97 8.42 -1.87 2.8647888 84.79775 77.349304
3.83 8.38 -1.01 -6.8754935 84.79775 65.317184
4.56 8.809999 0.47 -18.334648 74.48451 68.75493
5.94 8.82 -1.35 1.1459155 60.160564 79.641136
6.15 8.559999 -2.23 17.188732 60.733524 73.33859
4.73 9.71 -1.76 6.8754935 65.890144 60.160564
5.6299996 9.849999 -1.4499999 -1.7188734 35.523384 68.75493
6.04 10.21 -1.3199999 0.0 33.231552 67.60902
6.24 10.29 -2.31 11.459155 30.366762 63.02536
6.12 10.559999 -3.1699998 17.188732 24.064226 56.72282
6.33 10.639999 -3.59 6.3025355 14.896902 52.712116
6.3799996 10.62 -2.1399999 -9.740283 8.021409 49.84733
6.2999997 10.74 -2.08 -5.15662 -0.57295775 47.555496
7.24 10.84 -3.23 1.7188734 -6.8754935 46.40958
7.19 10.639999 -3.51 5.15662 -22.91831 40.680004
6.56 10.849999 -2.35 -12.605071 -28.64789 29.793804
7.0 10.62 -1.74 -22.345354 -37.815212 27.501974
7.72 10.11 -2.3999999 -18.334648 -44.11775 25.7831
7.4199996 9.63 -2.6799998 -20.62648 -53.858032 18.334648
6.74 9.48 -0.39 -46.98254 -56.72282 9.167324
7.31 9.37 -0.07 -46.40958 -64.17127 10.31324
7.85 8.96 -0.7 -33.80451 -78.49522 7.448451
6.81 8.889999 -0.64 -41.25296 -79.06818 -1.1459155
7.31 8.7699995 0.17 -49.84733 -84.22479 0.0
8.09 8.67 0.51 -46.40958 -96.829865 -0.57295775
8.03 8.46 0.41 -42.971836 -101.41353 -3.4377468
7.79 8.429999 0.65 -46.40958 -104.27831 -9.740283
7.7799997 8.429999 1.5 -53.285076 -103.1324 -12.605071
7.97 8.05 1.8 -52.712116 -105.997185 -13.750987
7.6099997 7.8799996 2.01 -46.98254 -110.0079 -16.615776
7.62 8.38 2.62 -41.825916 -116.883385 -19.480566
8.05 8.51 2.71 -42.398876 -120.89409 -19.480566
7.6499996 8.65 2.5 -47.555496 -113.44564 -22.91831
7.31 8.139999 2.47 -56.72282 -97.402824 -29.793804
7.14 7.43 2.3 -62.4524 -88.80846 -34.950428
7.0099998 7.41 2.1499999 -59.58761 -91.10028 -36.669296
6.54 7.44 1.79 -51.5662 -100.26762 -38.961132
6.5299997 7.2599998 2.32 -57.868736 -99.69466 -37.242256
6.3799996 6.8799996 2.3799999 -60.733524 -94.53803 -36.09634
6.3799996 6.8799996 2.3799999 -59.014652 -91.10028 -35.523384
6.2999997 7.0 2.31 -52.712116 -94.53803 -28.64789
6.06 6.8599997 2.6 -53.285076 -97.97578 -28.64789
5.8399997 6.35 3.4299998 -57.29578 -97.402824 -30.366762
5.68 5.95 3.6699998 -56.72282 -95.68395 -30.366762
5.17 5.83 3.8899999 -42.971836 -92.24621 -24.637184
5.3199997 6.15 3.4499998 -36.09634 -90.52733 -12.032113
5.41 6.22 3.55 -34.950428 -88.80846 -8.021409
5.3199997 5.7 4.1 -34.377464 -86.516624 -8.021409
4.36 5.5899997 4.38 -37.815212 -85.37071 -7.448451
3.8899999 5.69 4.79 -43.544792 -77.349304 -0.57295775
4.0499997 5.5699997 5.35 -46.40958 -67.60902 9.167324
4.3399997 5.5 5.2599998 -40.107044 -64.17127 13.750987
4.11 5.74 5.48 -34.377464 -61.30648 17.761692
3.9099998 5.92 5.8799996 -36.669296 -51.5662 22.91831
4.13 6.0499997 5.7 -36.09634 -40.107044 28.64789
4.49 5.8599997 5.18 -31.51268 -32.658592 30.939718
4.72 5.64 4.7999997 -30.366762 -30.366762 30.939718
4.68 5.54 5.18 -34.950428 -25.210142 34.377464
4.37 5.5499997 5.5499997 -37.815212 -16.042818 37.815212
4.58 5.68 5.37 -29.220846 -4.0107045 44.11775
5.16 5.97 5.1 -16.042818 -3.4377468 47.555496
5.7599998 5.83 4.7 -11.459155 -5.7295775 49.84733
5.18 5.74 5.17 -10.31324 -6.8754935 53.285076
5.47 5.99 5.91 -15.469859 1.1459155 56.14986
5.9 6.33 6.5699997 -9.740283 11.459155 57.868736
7.02 6.62 5.77 10.31324 13.178029 57.868736
7.31 6.41 5.2799997 23.49127 13.750987 65.317184
6.8199997 6.39 5.74 12.605071 24.064226 66.463104
7.27 6.3199997 6.2999997 5.7295775 39.53409 67.60902
8.05 6.3399997 6.42 14.896902 45.263664 72.19268
8.7 6.5 6.6299996 30.939718 44.11775 72.76564
9.42 6.3599997 6.41 43.544792 43.544792 73.33859
8.96 6.2799997 6.27 49.27437 61.30648 72.19268
8.84 6.93 5.73 59.58761 79.641136 75.630424
10.13 7.0099998 3.54 80.78705 85.94367 76.77634
10.7 6.91 2.44 82.50592 80.78705 68.75493
10.349999 6.72 3.01 59.58761 69.32789 50.993244
10.03 6.29 4.42 40.107044 69.900856 40.107044
9.83 5.71 4.5 37.242256 78.49522 34.950428
9.41 5.0099998 4.2799997 39.53409 84.79775 35.523384
8.929999 5.18 3.72 54.43099 96.829865 42.398876
9.389999 5.29 2.6799998 61.879436 95.68395 44.69071
9.88 5.13 1.37 76.203384 87.662544 47.555496
9.44 4.92 0.63 77.349304 79.641136 40.680004
9.179999 4.96 1.37 59.58761 76.77634 34.950428
9.26 4.91 2.24 40.680004 77.922264 35.523384
9.42 4.68 2.3899999 37.815212 76.203384 35.523384
9.21 4.85 2.4299998 45.263664 71.04677 34.377464
9.2 4.8399997 2.2 56.72282 63.598316 32.085636
9.09 4.87 1.8299999 66.463104 57.868736 29.220846
9.099999 4.8599997 1.6999999 67.60902 55.576904 26.929016
8.97 4.8599997 1.9 66.463104 56.72282 26.356058
8.62 5.27 1.9499999 68.18198 58.441692 25.210142
8.95 5.5 1.5799999 73.33859 50.420284 24.637184
9.17 5.66 1.06 72.76564 35.523384 16.615776
9.04 5.7 0.52 66.463104 29.793804 9.167324
8.7 5.49 0.16 58.441692 29.793804 5.7295775
8.12 5.14 0.78 34.950428 34.950428 1.1459155
7.89 5.0899997 1.74 18.334648 38.961132 1.1459155
8.13 5.0699997 1.92 16.615776 32.085636 2.8647888
7.6099997 4.85 1.53 24.064226 21.772396 -1.7188734
7.04 4.7999997 1.56 26.356058 16.615776 -4.0107045
7.3599997 5.0299997 1.73 19.480566 14.896902 2.291831
7.49 5.02 2.1599998 11.459155 14.323945 3.4377468
7.16 5.0099998 2.76 6.3025355 9.740283 -0.57295775
6.98 5.1099997 2.98 7.448451 4.0107045 -1.7188734
7.04 5.12 2.83 9.167324 3.4377468 -0.57295775
7.19 4.98 2.59 6.8754935 4.583662 1.7188734
7.18 5.06 3.23 0.57295775 5.7295775 2.8647888
7.0699997 5.35 3.86 0.0 5.7295775 2.8647888
7.04 5.47 3.37 7.448451 0.57295775 1.7188734
7.0699997 5.42 3.02 9.167324 -1.7188734 2.291831
7.1 5.54 3.21 2.291831 -1.7188734 2.8647888
7.17 5.6299996 3.57 -3.4377468 0.0 2.8647888
7.04 5.62 3.6899998 -4.583662 2.8647888 2.8647888
6.96 5.6 3.9299998 -4.583662 3.4377468 2.291831
7.0 5.8199997 3.9199998 -0.57295775 2.291831 3.4377468
7.29 5.85 3.3899999 4.583662 0.0 4.0107045
7.0499997 5.75 3.49 3.4377468 -1.1459155 0.0
7.0299997 5.77 3.54 0.0 -0.57295775 0.0
7.12 5.75 3.6 -4.0107045 0.0 1.1459155
7.0699997 5.67 3.6599998 -5.15662 0.0 0.0
6.97 5.56 3.9599998 -2.291831 -2.8647888 -2.291831
6.99 5.7 3.76 1.7188734 -4.0107045 -1.7188734
7.04 5.75 3.7099998 2.291831 -2.8647888 -1.1459155
7.08 5.5299997 3.6899998 0.57295775 -2.291831 -0.57295775
6.8799996 5.56 3.54 0.0 -3.4377468 -2.291831
6.8599997 5.67 3.55 0.0 -3.4377468 -2.291831
6.97 5.66 3.9599998 -5.7295775 -1.1459155 -1.1459155
6.89 5.5899997 4.0899997 -6.8754935 -1.1459155 -2.291831
6.85 5.5099998 4.0899997 -6.3025355 -1.7188734 -2.8647888
6.8399997 5.49 3.8899999 -1.7188734 -1.7188734 -2.291831
6.95 5.62 3.6499999 0.0 -2.8647888 -1.7188734
6.81 5.47 4.0099998 -1.7188734 -1.1459155 -2.291831
6.72 5.46 4.0499997 -3.4377468 -1.1459155 -1.7188734
6.71 5.45 4.0499997 -2.291831 -0.57295775 0.0
6.56 5.5099998 3.83 0.0 0.57295775 1.1459155
6.5299997 5.58 3.55 0.0 1.7188734 3.4377468
6.85 5.72 3.1499999 -4.0107045 6.3025355 6.3025355
7.3599997 5.75 3.29 -13.178029 14.323945 8.021409
7.3999996 5.6 4.2799997 -20.053522 11.459155 3.4377468
6.97 5.38 4.47 -8.594366 1.7188734 -2.8647888
6.72 5.31 3.8 5.15662 -4.583662 -2.8647888
6.8199997 5.4 3.61 4.583662 -4.583662 0.0
7.0099998 5.58 4.0299997 1.1459155 -2.8647888 0.57295775
7.06 5.65 4.2799997 -3.4377468 -2.8647888 0.0
6.89 5.5499997 4.2599998 -2.8647888 -3.4377468 -0.57295775
6.83 5.44 4.2 -0.57295775 -4.583662 -1.7188734
6.98 5.52 4.2599998 -0.57295775 -5.7295775 -0.57295775
6.85 5.5899997 4.2599998 -0.57295775 -2.8647888 -0.57295775
6.83 5.5899997 4.42 -2.291831 -0.57295775 -0.57295775
6.91 5.68 4.42 -0.57295775 -1.1459155 -1.1459155
7.0899997 5.7599998 4.13 2.8647888 -1.7188734 -1.1459155
7.02 5.65 3.4499998 4.0107045 -1.7188734 -2.8647888
6.74 5.45 3.98 -4.0107045 2.291831 -4.0107045
6.71 5.54 4.66 -9.740283 3.4377468 -3.4377468
6.98 5.73 4.35 -2.291831 0.0 -1.7188734
6.89 5.72 3.62 5.7295775 -2.291831 -2.291831
6.93 5.6 3.75 1.1459155 -1.1459155 -4.0107045
6.7799997 5.5499997 4.3199997 -4.583662 2.8647888 -3.4377468
6.73 5.44 4.29 -1.7188734 3.4377468 -2.8647888
6.71 5.39 3.82 5.15662 1.1459155 -2.8647888
6.75 5.27 3.6699998 5.15662 2.291831 -1.7188734
6.79 5.19 3.6999998 2.291831 6.3025355 -0.57295775
6.73 5.2599998 3.74 1.1459155 7.448451 0.0
6.73 5.38 3.54 1.7188734 6.3025355 0.57295775
6.69 5.37 3.31 1.1459155 3.4377468 0.57295775
6.74 5.31 3.6599998 -7.448451 0.0 0.0
6.7 5.23 4.45 -12.605071 -1.1459155 0.0
6.64 5.44 4.72 -7.448451 -1.1459155 0.0
6.69 5.52 4.47 1.1459155 -1.7188734 1.7188734
6.8599997 5.6099997 4.08 2.291831 -2.291831 2.291831
7.0 5.5699997 4.2599998 -1.1459155 -1.1459155 1.7188734
6.7999997 5.69 4.22 -2.291831 0.57295775 0.0
6.71 5.7 4.25 -2.8647888 1.7188734 1.1459155
6.93 5.68 4.29 -1.1459155 0.57295775 1.1459155
6.79 5.71 4.18 4.583662 -2.291831 0.0
6.7799997 5.7599998 4.0099998 4.583662 -3.4377468 0.0
7.0299997 5.92 3.97 3.4377468 -3.4377468 0.0
7.1299996 5.83 3.85 -1.1459155 -1.1459155 -2.291831
6.72 5.69 4.17 -4.583662 0.57295775 -4.0107045
6.72 5.5899997 4.42 -6.8754935 1.1459155 -4.583662
6.92 5.56 4.21 -0.57295775 0.0 -3.4377468
6.81 5.6 3.98 2.291831 -0.57295775 -4.0107045
6.8999996 5.67 3.8999999 0.57295775 0.0 -3.4377468
6.92 5.64 3.6899998 -1.7188734 -0.57295775 -2.8647888
6.66 5.54 4.0 -6.8754935 -0.57295775 -4.583662
6.71 5.44 4.36 -8.594366 -0.57295775 -4.583662
6.66 5.5099998 4.48 -4.0107045 -0.57295775 -3.4377468
6.7999997 5.5099998 4.0 2.291831 -2.291831 -2.291831
6.6099997 5.5 3.83 3.4377468 -2.8647888 -3.4377468
6.6499996 5.5099998 3.9099998 0.0 -1.7188734 -1.7188734
6.71 5.58 3.98 -2.291831 -2.8647888 -1.7188734
6.62 5.5099998 4.06 -3.4377468 -4.0107045 -2.8647888
6.69 5.39 4.25 -5.15662 -2.8647888 -2.8647888
6.6 5.41 4.77 -6.3025355 -1.7188734 -2.291831
6.71 5.5499997 4.52 0.0 -2.8647888 -0.57295775
6.74 5.67 3.8799999 4.0107045 -3.4377468 -0.57295775
6.8799996 5.68 3.86 2.8647888 -3.4377468 -1.1459155
6.83 5.7 4.3199997 -4.583662 -2.8647888 -1.7188734
6.79 5.6299996 4.4 -6.8754935 0.0 -1.7188734
6.58 5.62 3.9099998 0.0 0.0 -2.291831
6.6299996 5.65 3.83 0.0 -0.57295775 -2.291831
6.93 5.75 4.12 -1.7188734 -1.1459155 -1.1459155
6.85 5.74 3.99 -2.291831 -2.8647888 -2.291831
6.72 5.69 4.0699997 -1.7188734 -2.8647888 -3.4377468
