-2.535537 9.502876 -1.3671309 4.499565 1.40987 -8.704185
-2.8276386 9.308941 -1.5443072 2.049565 0.91987 -9.089185
-2.5403256 9.402317 -0.74222517 -5.5454354 -4.71513 -3.5241852
-1.9010541 9.560339 -0.4668836 -12.160435 -8.46013 3.545815
-1.4054393 9.62259 -0.4956149 -11.495436 -8.04013 8.445816
-1.6879637 9.636956 -0.7996878 -5.825435 -7.6201296 6.3108153
-1.9656997 9.718362 -0.8356019 -1.415435 -8.04013 0.080815
-1.9824595 9.596253 -0.83081335 -1.9404352 -6.7801304 -3.454185
-2.030345 9.603436 -0.6081458 -5.090435 -5.10013 -3.944185
-2.099779 9.598648 -0.38787252 -9.080435 -2.61513 -3.909185
-2.0327394 9.519637 -0.24182175 -10.830435 -1.04013 -3.8741853
-1.9585168 9.337671 -0.2561874 -9.150435 -2.47513 -3.104185
-2.0399222 9.232324 -0.41181526 -5.790435 -5.10013 -2.544185
-2.5810282 9.165284 -0.35435268 -4.1104345 -4.75013 -3.7341847
-2.997632 9.098245 -0.0047885496 -6.315435 -0.37513 -6.744185
-2.8635526 9.076695 0.11492519 -9.920435 3.2998703 -7.269185
-2.779753 9.150918 -0.076616794 -10.270435 5.64487 -3.384185
-2.063865 9.438231 0.15323359 -6.210435 0.84986997 3.0558152
-1.7526091 9.514848 0.60335726 -13.070436 -2.58013 3.0558152
-1.9537282 9.371192 1.620924 -24.760435 6.34487 -2.3341851
-2.49244 9.067119 2.5834224 -30.955435 21.91987 -7.6191854
-2.2841382 8.877971 3.0527003 -27.490437 26.18987 -8.599185
-1.9058428 8.645726 3.4142358 -21.365435 19.50487 -9.229185
-2.6265194 8.717555 3.6895776 -17.585436 13.69487 -15.284185
-2.9736893 8.506859 3.9768906 -15.940435 19.959871 -20.674185
-2.9808722 8.226728 4.1253357 -14.995436 32.384872 -17.489185
-2.4589202 7.74069 3.8739367 -11.670435 46.244873 -11.259185
-2.5858169 7.6281595 3.5243726 -5.335435 55.72987 -8.424186
-2.9401696 7.7239304 3.2202997 2.644565 58.42487 -7.8991857
-2.4206119 7.59464 2.5762396 10.659566 62.37987 -2.544185
-1.8316202 7.283384 1.7813405 17.414564 69.65987 6.975815
-2.0662591 7.47732 1.0175668 20.319565 78.93487 14.710815
-1.6688095 7.9753294 1.2617828 18.464565 90.41487 21.220816
-1.036721 7.6640735 0.5554718 19.724566 93.59988 30.530815
-0.5123748 7.6736507 0.24421602 26.794565 89.189865 37.635815
0.43815228 7.7933645 -0.79250497 31.414564 91.114876 44.180817
0.531529 7.982512 -0.9529214 32.884563 99.44487 51.880817
0.49800915 7.7670274 -1.1420691 33.724564 109.10487 50.095814
0.9122187 7.9513865 -2.3248408 38.449566 114.98487 43.83082
1.7717633 8.38475 -3.2035396 44.364563 117.29487 49.570816
1.8842943 8.341654 -3.8452053 45.414562 119.67487 59.160816
1.036721 7.9777236 -3.4573328 40.969566 119.88487 52.860813
0.95531565 8.05434 -3.232271 37.224564 108.78987 40.925816
2.0973847 8.305739 -4.2139235 40.584564 100.28487 44.705814
2.7773588 8.248277 -5.803722 48.319565 101.85987 59.580814
2.597788 8.039975 -6.2107487 47.864567 109.03487 64.34082
2.6456738 8.209969 -5.032766 34.739567 103.04987 57.375816
3.4190245 8.945011 -4.6233444 20.354565 86.77487 55.695816
4.1564612 9.196409 -6.3304625 21.369566 81.13988 66.51082
4.4988422 8.935433 -7.937021 33.51457 83.729866 75.85581
4.7981267 9.646533 -7.4605603 34.809563 77.989876 70.18582
6.1461034 9.90272 -7.59464 24.869564 58.809875 61.015816
7.881953 10.05356 -9.742304 19.654564 40.67987 64.65582
6.6177754 9.960183 -10.819728 20.879564 38.964874 64.23581
4.8555894 9.742304 -8.576292 7.9995646 40.25987 40.785816
5.33205 9.80695 -7.1995845 -20.140434 24.78987 10.755815
7.2714124 9.562734 -8.382356 -29.695436 -4.0501304 8.095816
7.273807 9.007262 -9.761458 -17.655434 -26.03013 20.695814
6.193989 8.344048 -9.670476 -13.350435 -28.515131 17.020817
5.008823 8.351231 -7.5299945 -28.715437 -32.610134 -1.704185
4.8292522 8.427847 -6.4190507 -70.015434 -72.23013 -21.584185
5.4685235 8.262642 -6.447782 -74.49544 -85.46014 -18.329185
5.480495 8.004061 -6.438205 -81.74044 -88.36513 -16.719187
4.450957 8.097438 -4.642499 -101.55044 -88.68013 -25.189184
4.09421 7.9513865 -1.8723229 -119.610435 -99.14513 -34.98919
4.4749 7.7502675 -0.9194015 -113.835434 -118.85014 -36.914185
4.163644 8.293768 -0.6177229 -93.39543 -141.60013 -39.399185
3.2514253 8.078283 -0.10055954 -77.57544 -161.93513 -48.709187
2.360755 7.726325 0.6105401 -73.27043 -171.07013 -58.404182
2.8874955 7.613794 0.20351335 -72.710434 -168.44513 -54.204185
2.7151077 8.190814 0.043096945 -75.720436 -159.17014 -41.079185
2.2434354 7.7574506 1.7166951 -93.67544 -146.29013 -36.774185
1.9417568 7.726325 3.1963568 -115.900444 -133.09512 -38.244186
2.013585 7.745479 3.545921 -122.900444 -121.75513 -37.264187
1.4844503 7.616188 3.294522 -118.21044 -112.09513 -37.089188
1.1109436 7.1109962 4.09421 -118.77043 -101.87513 -43.074184
1.2665714 6.7446723 5.3009243 -124.58044 -99.35513 -49.689186
1.403045 6.5411587 5.7989335 -121.115425 -106.32013 -50.284184
0.9241901 6.577073 6.7997403 -111.000435 -115.17513 -48.814186
0.53871185 6.3998966 7.972935 -101.93544 -120.21514 -48.009186
0.25858167 6.3137026 7.814913 -86.570435 -120.98514 -45.734184
0.52674043 6.1054006 7.395915 -62.490433 -119.23513 -39.364185
0.5770202 6.141315 7.937021 -44.535435 -124.62514 -30.124187
0.69673395 5.7582307 9.464568 -39.810436 -130.12013 -22.284185
0.21069619 6.1724405 10.31693 -37.60544 -121.51013 -13.219186
0.29210153 6.4693303 10.108628 -23.360435 -99.84512 -0.9341849
1.0989721 6.9098773 9.478934 -2.1154351 -79.965126 13.520816
1.7717633 7.1756415 8.636149 17.974566 -63.480125 29.445816
2.413429 7.6544967 7.4438004 36.384563 -46.08513 44.110817
2.8803127 7.6640735 6.2275085 49.96457 -32.120132 52.685814
2.7917244 7.680834 5.3727527 56.369564 -24.31513 52.720814
2.3200524 8.028004 4.723904 55.039566 -15.215129 48.660816
2.0159793 8.308133 4.6329217 46.53457 -1.35513 47.505814
2.063865 8.597841 4.925023 32.63957 11.03487 51.56582
2.0590763 9.035994 5.2075477 19.269566 17.61487 55.520817
2.892284 9.495694 4.364763 15.559566 22.93487 58.810818
4.0343533 9.627379 3.5147953 22.629566 27.764872 66.265816
4.271386 9.838076 3.6488748 29.454565 24.824871 70.60582
3.7350688 10.489318 4.7622128 10.064566 30.35487 55.415813
4.2594147 10.99451 4.8723493 10.309566 47.04987 56.360817
5.2674046 10.982538 3.4860642 27.564564 48.834873 58.250816
5.4230323 10.465375 2.5762396 38.589565 38.50987 48.485817
4.563488 10.510866 3.2035396 29.769564 35.74487 35.220814
4.166038 10.503684 3.7159145 16.329565 51.73987 31.685814
4.802915 10.410307 3.5147953 15.699566 65.879875 37.040817
5.1596622 9.792584 3.4357843 24.589565 64.409874 38.300816
4.781367 9.620196 3.4190245 34.669567 56.60487 29.760815
4.2642035 10.271439 3.0455174 42.824566 57.339867 23.075817
4.4485626 10.271439 1.5227587 54.654568 69.589874 25.840815
5.7390766 9.438231 0.4668836 65.36457 73.68487 26.820816
4.8148866 9.016839 0.22745611 64.209564 65.35487 18.525816
3.6369035 9.665688 0.84039044 51.854565 57.05987 6.5558147
3.6560576 9.98652 0.5818088 39.744568 63.77987 5.540815
4.12773 9.699207 -0.8786988 44.329567 67.034874 11.840816
4.496448 9.110215 -1.4485363 50.489567 50.51487 12.715816
3.5650752 9.4142885 -1.1061549 40.549564 35.884872 9.390815
3.1987512 9.962578 0.16281068 20.214567 35.77987 7.5358152
3.8212626 9.957788 -0.19393626 9.994565 45.05487 12.330814
4.09421 9.852441 -0.9984126 18.954565 40.43487 16.355816
4.005622 10.005674 -1.3838909 28.719566 26.81987 14.885815
3.9409764 10.00328 -1.0032011 26.234566 21.324871 12.155815
4.0726614 9.852441 -0.52674043 17.029566 22.199871 10.5458145
3.955342 9.720756 -0.32562137 12.199565 19.99487 9.215815
4.0535073 9.560339 -0.06464542 12.199565 14.49987 7.2908144
4.106181 9.330489 0.2370332 12.024565 10.96487 5.1558146
3.8092911 9.462174 0.31365 12.269565 6.65987 3.125815
3.9768906 9.507666 0.24421602 12.549565 5.22487 1.095815
4.1013927 9.316123 0.22745611 12.654566 6.44987 1.5508151
3.7877429 9.208381 0.39266106 11.604566 1.9698701 0.92081493
3.510007 9.126976 0.6656084 8.034565 -1.32013 -2.019185
3.3352249 9.038387 1.1037607 2.469565 -1.04013 -3.489185
3.3088877 8.978531 1.4413534 -2.325435 -0.86513 -2.9291852
3.634509 9.040782 1.4533248 -2.920435 -2.54513 -0.864185
4.0032277 9.081485 1.2785428 -0.47043505 -4.2951303 1.935815
4.04393 9.09585 1.2043202 2.574565 -5.76513 3.195815
3.8308396 9.100638 1.3647367 2.329565 -5.6251297 -2.964185
3.677606 9.088667 1.2665714 1.594565 -4.5051303 -4.644185
3.6536634 9.0288105 1.0678465 0.614565 -3.80513 -4.1541853
3.5650752 8.971348 1.2522057 -3.305435 -2.23013 -3.0341852
3.5267668 8.961771 1.5921928 -7.050435 -1.14513 -2.194185
3.79732 8.956982 1.6161355 -6.980435 -1.2151301 -1.1091851
3.8116856 8.91149 1.5347302 -4.180435 -2.33513 -0.724185
3.5914123 8.889942 1.489239 -1.8704349 -2.61513 -2.544185
3.6081722 8.935433 1.5179702 -0.99543506 -1.67013 -2.789185
3.8236568 8.945011 1.5538844 -1.1354351 0.114870004 -0.864185
3.8284454 8.92825 1.446142 -0.365435 2.03987 -0.199185
3.7614057 8.89952 1.2665714 1.664565 1.75987 -1.424185
3.7111259 8.861211 1.2809371 2.294565 1.9348701 -1.809185
3.7518287 8.930645 1.1300977 1.7345649 3.19487 -1.004185
3.512401 8.93304 0.9217958 1.874565 3.6848705 -0.68918496
3.3998702 8.935433 0.9601042 1.699565 3.12487 -1.529185
3.3639562 8.964165 1.1085492 0.194565 1.2348701 -1.6341851
3.799714 9.131764 1.2809371 -1.520435 0.114870004 -0.374185
3.9098508 9.165284 1.2665714 -2.010435 0.39487 0.850815
3.684789 9.170073 1.2689656 -0.71543497 -0.30513 -0.9341849
3.2897336 9.136553 1.3551595 0.36956498 -0.48013002 -3.594185
3.258608 9.081485 1.4150164 1.1395651 -0.30513 -4.294185
3.6033835 9.100638 1.2498114 1.9795649 -0.48013002 -1.8791851
3.921822 9.119793 1.0989721 2.9595652 -2.44013 0.81581503
3.8236568 9.040782 1.3814965 2.224565 -4.36513 0.36081502
3.6225379 8.976136 1.8819 -0.54043496 -3.4201303 -2.124185
3.5602865 9.055147 1.6688095 -0.295435 -2.40513 -3.6291852
3.7087317 9.064724 1.1253091 5.654565 -2.58013 -3.419185
3.6464806 9.124581 0.72785956 10.869566 -3.14013 -2.299185
3.4573328 9.103033 0.76137936 9.714565 -1.28513 -2.8591847
3.3495905 9.06233 0.93616146 4.219565 1.0598699 -3.489185
3.2705793 8.990502 1.0822122 -0.925435 1.82987 -2.964185
3.4309957 8.988108 1.0870007 -3.025435 1.2698699 -1.7741851
3.6081722 9.026416 1.1348863 -2.815435 -0.23513001 -0.409185
3.6632404 9.057542 1.2546 -2.1154351 -2.6851301 0.15081501
3.4549387 9.076695 1.2905141 -2.360435 -2.93013 -0.304185
3.529161 9.09585 1.2258687 -1.170435 -1.8101301 -1.214185
3.7829542 9.115005 1.1708003 0.859565 -1.95013 -0.54918504
3.6895776 9.1628895 1.1253091 2.294565 -1.95013 0.045815002
3.5578923 9.208381 1.228263 1.664565 -1.04013 -1.599185
3.510007 9.208381 1.3120626 1.2095649 -0.16513 -2.194185
3.6584518 9.237112 1.2258687 2.0145652 -0.060130004 -1.844185
3.7302802 9.1940155 1.0439038 3.4495652 -1.11013 -2.019185
3.5219781 9.167678 1.0798179 2.9595652 -1.00513 -3.909185
3.4142358 9.105427 1.2210802 0.82456505 0.42987 -4.994185
