-1.7741576 9.483723 -0.531529 3.2938151 -13.518261 -14.963096
-1.9872481 9.569917 -0.24421602 3.258815 -16.143261 -12.513095
-1.9680939 9.62259 -0.13168511 -3.951185 -14.60326 -7.193095
-1.5706443 9.783007 -0.09337672 -5.141185 -11.94326 -2.608095
-1.4413534 9.699207 -0.17957062 -5.071185 -10.753261 -1.0680951
-1.472479 9.7135725 -0.17717634 -5.0011854 -12.08326 -2.9930952
-1.6831752 9.701602 -0.098165266 -6.646185 -12.818259 -5.933095
-1.7095122 9.648928 0.03351985 -9.376184 -13.518261 -7.263095
-1.7310607 9.598648 0.2753416 -12.526185 -12.993261 -8.138095
-1.733455 9.488511 0.53392327 -15.186185 -10.753261 -9.048095
-1.9178141 9.517242 0.77574503 -17.286184 -8.47826 -9.888096
-2.126116 9.395134 1.0750294 -18.231186 -6.02826 -11.148095
-2.176396 9.344854 1.403045 -17.881184 -5.0132604 -11.813095
-2.0782306 9.308941 1.6065584 -17.146185 -3.19326 -11.358096
-1.9226027 9.500483 1.7645805 -15.711185 -1.05826 -12.3730955
-1.7143008 9.57231 2.4684973 -15.851186 -2.49326 -15.488096
-2.152453 9.536397 3.0455174 -17.986185 -3.89326 -21.753096
-2.710319 9.553157 3.493247 -18.056185 -1.30326 -29.138096
-2.8779182 9.270632 4.163644 -17.671186 2.4417398 -31.308094
-2.9521408 9.115005 4.702356 -17.776186 5.83674 -30.223099
-3.45015 8.995291 5.0567083 -15.956186 11.506741 -30.398098
-3.3615618 8.703189 4.9633317 -10.811186 18.12174 -29.208096
-2.978478 8.281796 4.80531 -4.616185 24.21174 -23.223095
-3.093403 8.090255 4.702356 -0.906185 31.35174 -17.378096
-3.3926873 8.0375805 4.520391 0.38881502 43.00674 -14.193095
-3.2681851 7.92505 3.8811195 2.453815 55.18674 -9.888096
-2.928198 7.755056 2.9114382 9.383815 59.246742 -2.9580948
-3.0096035 7.755056 1.9369683 17.153814 59.56174 2.3269053
-3.0455174 7.886741 1.1971374 20.583815 61.13674 5.546905
-2.770176 7.82449 1.2569942 17.958817 64.18175 10.656905
-2.762993 7.905895 0.7685622 11.238815 75.976746 17.341906
-2.317658 7.9968777 -0.009577099 12.568815 86.44174 24.516907
-1.5203645 8.243488 0.031125572 20.023815 83.64174 32.181908
-1.132492 8.344048 -0.33759275 23.313814 76.01174 36.836906
-1.1037607 8.379962 -0.967287 26.288816 76.991745 37.221905
-0.5794145 8.370385 -1.6520497 30.803816 87.52673 38.061905
0.19154198 8.114198 -2.3583608 34.89882 90.43175 40.091908
0.090982445 8.22194 -2.5115943 36.64882 82.94174 40.861908
-0.21548474 8.2578535 -2.8683412 33.428814 82.24174 38.131905
0.37111259 7.666468 -3.057489 30.033813 77.656746 31.936907
0.36632404 7.4414062 -3.1963568 27.618816 73.45674 32.04191
0.28013015 7.7861814 -3.4980354 25.133814 79.091736 34.386906
0.083799616 8.042369 -3.6201434 26.078815 78.53174 36.066906
0.2370332 7.980118 -3.5962007 27.408817 71.91674 36.661907
0.7805336 8.135746 -3.8978794 27.303814 75.52174 44.011906
1.4054393 8.676852 -4.925023 25.693815 93.23174 57.976906
2.056682 8.904308 -5.480495 20.933817 113.77674 70.92691
3.5985951 8.691217 -6.0311785 16.908815 116.15674 78.7669
4.170827 8.9976845 -6.8332605 20.618814 97.01174 77.01691
3.8380225 9.481328 -6.7662206 25.378815 76.991745 66.9719
3.6464806 9.960183 -7.6066113 27.548815 66.38674 59.586906
4.242655 10.166091 -8.473338 33.078815 51.96674 57.38191
5.116565 10.015251 -9.06233 37.558815 30.931742 54.476906
6.028784 9.663293 -9.26345 39.938816 -0.18326001 46.601906
5.255433 10.216371 -8.779806 32.973812 -20.938261 34.876907
4.4485626 9.926663 -8.801354 20.093815 -28.00826 22.171906
4.580248 9.282603 -9.881172 12.323815 -35.883263 14.891906
5.652883 9.04557 -9.560339 2.838815 -50.023262 12.896905
5.418244 8.858817 -7.8963184 -24.741186 -57.86326 12.931906
4.522785 8.846846 -5.827665 -58.166183 -53.48826 5.6869054
4.5084195 8.030397 -4.9441776 -76.08618 -57.75826 -6.108095
4.503631 8.006455 -4.846012 -74.30118 -76.273254 -12.058095
3.8045027 8.470944 -4.992063 -66.77619 -96.08326 -15.488096
3.0981915 8.537984 -4.051113 -67.68619 -103.74827 -19.268095
3.5339496 8.217151 -3.1652312 -79.86618 -101.22826 -20.773094
4.0463243 8.047157 -1.9944309 -89.84119 -105.77827 -17.658094
3.5171897 8.492493 -0.2777359 -91.731186 -122.718254 -20.003096
2.7725701 8.636149 0.66800267 -90.50619 -140.67326 -29.103094
2.2194927 8.593052 0.723071 -88.511185 -146.13327 -36.348095
2.3416007 8.348836 0.84039044 -83.261185 -137.83826 -34.353096
2.4852571 8.554744 1.7478206 -80.07619 -131.81825 -28.298096
2.3344178 8.660092 2.6600394 -78.04619 -145.53825 -28.683096
2.0662591 8.494887 2.4445546 -71.25619 -150.82327 -34.248096
2.152453 8.169266 2.423006 -70.24119 -147.67325 -34.423096
1.7406378 7.905895 3.258608 -79.58619 -136.57825 -33.058094
0.6177229 7.7119594 4.6544704 -90.78619 -127.37326 -35.298096
0.16041641 7.518023 5.5307746 -94.91619 -122.40326 -35.263096
0.6943397 7.3001437 5.7606254 -89.386185 -118.58826 -26.373095
1.4748733 6.732701 5.8683677 -79.41119 -114.00326 -16.993093
1.6520497 6.3711653 6.445388 -72.02619 -113.16326 -18.638096
0.9984126 6.4166565 6.5794673 -62.401188 -118.79827 -26.723097
0.409421 6.5052447 6.184412 -52.706184 -118.55326 -30.678095
1.1085492 5.7606254 6.454965 -50.046185 -107.948265 -25.778095
1.8771114 5.401484 7.515629 -55.401188 -97.83327 -17.798098
1.6161355 5.7725964 7.680834 -53.476185 -90.97327 -14.228095
0.531529 5.4326096 8.241094 -43.256184 -88.69826 -19.583096
-0.89067024 5.219519 9.294575 -40.946186 -90.76326 -31.483095
-0.5123748 6.122161 9.7135725 -40.631184 -82.50326 -25.918095
0.16041641 6.751855 10.549175 -32.931187 -62.763256 -2.608095
-0.5889916 7.2546525 11.612233 -21.906185 -56.88326 3.271905
-0.035914123 8.073495 10.601849 -4.091185 -55.273262 -0.823095
1.5347302 8.91149 8.480521 21.353817 -46.76826 12.546905
2.0542877 9.505271 7.151699 35.388817 -34.65826 32.566906
1.9058428 9.3592205 8.959376 20.408815 -20.518261 33.126907
1.8627458 9.445415 9.361614 -8.536185 1.3217402 26.021906
1.8866886 9.818921 8.12138 -15.956186 23.33674 27.491905
1.3000913 9.495694 7.6353426 -5.7361856 31.036737 28.856903
0.94573855 9.387952 8.351231 -4.616185 30.581741 22.136904
1.6688095 9.759064 8.12138 -10.461185 38.98174 21.016905
2.2194927 10.173274 6.466936 -3.7761848 50.42674 31.936907
2.0686533 10.115811 5.4852834 12.848815 53.82174 36.696907
2.1117504 10.331296 5.506832 19.743814 53.68174 30.536905
2.3535721 10.173274 4.1971636 15.7888155 59.771736 27.911905
2.3966691 9.933846 2.597788 19.533815 65.79174 29.241905
1.8244374 10.077502 2.6959534 24.608814 60.996746 30.08191
1.3838909 9.984126 4.0966043 8.963816 61.451736 27.421906
1.9489397 9.423865 4.2905407 -11.791185 73.35174 25.986906
2.0351336 9.148524 3.5985951 -10.601185 75.731735 30.676907
1.036721 9.747093 3.6871831 7.178815 63.026745 31.271906
0.45012367 9.742304 4.2402606 19.498814 61.55674 22.101904
0.9816527 9.682447 4.0582957 29.753817 68.83674 28.926907
2.0279508 9.4932995 2.5858169 54.32382 57.77674 36.521908
2.1740015 9.696813 1.5107874 70.49382 43.95174 35.156906
1.7909175 9.754275 1.6688095 63.528812 47.76674 28.681904
1.5203645 9.797373 1.3647367 52.328815 60.40174 27.071905
2.1332989 9.785401 0.6273 52.188812 56.37674 30.851906
2.4277947 9.749487 0.31125572 49.353817 43.98674 32.111904
1.9920366 9.926663 0.33519846 37.66382 43.07674 27.561905
1.8747171 10.029617 -0.26097596 28.038816 48.29174 24.166904
1.8555629 9.742304 0.21309046 18.518814 44.93174 23.921906
2.3990633 9.869201 1.2857256 4.343815 45.211742 24.026905
2.8563697 10.101445 0.9026416 0.458815 47.41674 22.766905
2.0878077 10.130177 -0.1340794 13.793816 41.676743 13.771905
0.8930645 10.084685 0.05506832 25.378815 26.13674 1.5219051
0.49082634 10.115811 0.13647367 25.133814 15.74174 -2.118095
1.0798179 10.36721 -0.600963 20.268816 17.28174 6.036905
1.776552 10.398335 -0.60335726 14.598816 21.79674 16.676905
1.4772675 10.314536 0.4668836 5.0088153 18.19174 19.126907
1.0702409 10.0439825 1.1061549 -2.4461849 10.49174 17.656906
1.9656997 9.857229 1.4221992 -3.2511852 5.69674 20.631905
2.8827069 10.063137 1.4605076 -3.356185 2.7917402 26.686905
2.8611584 10.13736 1.9680939 -3.5311852 0.41174 25.146906
2.1500587 9.845258 2.6863763 -2.9361851 -2.42326 15.416904
1.5203645 9.75667 2.6025767 2.138815 -0.81326 7.2269053
2.0375278 9.8787775 1.7693691 13.513815 1.8817402 5.861905
2.7079248 9.917087 1.0534809 23.768816 -0.32326 9.851905
2.176396 9.859624 1.3264283 25.098816 -5.25826 8.381905
1.6233183 9.835681 1.5921928 18.098814 -4.3132596 0.61190504
1.7454263 9.735122 1.7023294 11.2038145 -0.67326003 -2.153095
1.7023294 9.672871 1.8866886 7.633816 -0.32326 1.101905
1.9968252 9.75667 1.7909175 6.4088154 -0.88326 3.691905
2.638491 9.775824 1.4772675 7.668815 -2.07326 5.126905
2.5499027 9.845258 1.8100717 7.598815 -3.64826 5.0919046
2.0087965 9.771035 2.4876516 3.8188152 -3.33326 0.401905
1.9704882 9.72315 2.2099156 2.138815 -0.95326006 -4.918095
2.2769554 9.672871 1.3958622 7.4938154 -1.65326 -5.5130954
2.1380875 9.634562 1.3623424 12.253816 -3.85826 -3.378095
1.6328955 9.565128 1.9273912 8.298815 -1.96826 -5.5830946
1.4844503 9.529214 2.004008 0.948815 -1.68826 -9.328095
1.5562786 9.529214 1.8172545 4.2738156 -2.03826 -7.9630947
1.7382435 9.466963 1.4916332 6.5488153 -0.81326 -6.1430945
1.7262721 9.450203 1.446142 6.5488153 -1.40826 -6.353095
1.6496553 9.421472 1.647261 4.308815 -2.84326 -6.8780947
1.5083932 9.313729 1.6927522 2.2438152 -2.24826 -5.758095
1.4700848 9.2419 1.7933118 1.683815 -1.33826 -3.518095
1.8890828 9.306546 1.776552 2.103815 -0.46326 -0.75309503
2.0925963 9.373586 1.7095122 3.7838151 -1.40826 0.29690498
1.7981004 9.356826 1.5036045 5.323815 -0.81326 -2.013095
1.4652961 9.325701 1.4437478 6.338815 -0.67326003 -4.813095
1.4700848 9.3280945 1.4365649 5.148815 -1.89826 -4.323095
1.5778271 9.3592205 1.525153 2.5938148 -1.51326 -1.523095
1.7406378 9.416683 1.5730386 0.423815 0.37674 0.71690506
1.6688095 9.471751 1.7454263 0.318815 -0.77826 0.68190503
1.6783867 9.474146 1.8651401 1.4038149 -1.0932599 -0.158095
1.7382435 9.577099 1.6831752 3.643815 -1.37326 0.26190498
1.7550035 9.629773 1.525153 6.443815 -1.12826 0.856905
1.6568382 9.613013 1.5586729 7.178815 0.30674002 0.54190505
1.6855695 9.665688 1.4796618 7.1088147 0.69174004 -0.543095
1.8292259 9.737515 1.3000913 8.053816 -0.07826 -0.47309503
1.7358493 9.785401 1.2881198 8.683815 -0.67326003 -0.33309498
1.6281068 9.780613 1.2953026 8.473815 -1.30326 -1.698095
1.7023294 9.735122 1.1540405 8.228815 -1.6182599 -2.1880949
2.004008 9.677659 1.0917894 7.598815 -2.14326 -1.348095
2.083019 9.569917 1.350371 5.428815 -2.80826 -0.47309503
1.7238779 9.42626 1.7406378 1.683815 -3.2632601 -1.8380951
1.4054393 9.294575 1.6592325 0.003815 -3.50826 -4.918095
1.5490957 9.311335 1.6257126 1.053815 -3.89326 -5.828095
1.6568382 9.282603 1.4365649 1.8588151 -3.08826 -3.448095
1.4916332 9.4095 1.4964218 2.173815 -2.17826 -1.383095
1.4772675 9.454991 1.3838909 2.2438152 -0.11326 -1.418095
