-1.5730386 9.682447 -0.2753416 0.76912504 -9.27332 -2.293865
-1.5395187 9.543579 0.23942748 -5.075875 -10.42832 -2.538865
-1.6448668 9.44302 0.21069619 -13.615874 -6.75332 -4.2188654
-2.1237218 9.352037 -0.062251143 -16.100876 -2.13332 -7.9288645
-2.4469488 9.09585 0.24421602 -15.610875 0.17668 -13.528866
-2.4062462 8.858817 0.8786988 -18.550877 0.21168001 -18.918865
-3.0766432 8.983319 0.9529214 -25.760874 -0.27831998 -21.893864
-2.2769554 8.861211 0.6440599 -30.590878 -2.51832 -24.588865
-2.248224 8.978531 1.0750294 -32.830875 -7.698321 -25.918865
-3.162837 8.667274 2.727079 -45.710876 -12.77332 -28.018866
-4.556305 7.5036573 5.935407 -75.49588 -19.17832 -37.29387
-5.7175283 6.708758 8.894731 -111.93088 -25.793322 -54.96887
-5.279376 5.7223167 10.755082 -135.24089 -38.67332 -70.54387
-5.1213536 5.564295 11.719975 -136.25587 -43.573322 -70.788864
-3.9505534 5.834848 12.009683 -115.60587 -33.00332 -55.59886
-2.3846977 5.9832926 11.435057 -80.92087 -14.80332 -35.018864
-1.0391153 5.99287 9.591465 -39.900875 -2.79832 -13.913865
-0.4932206 6.404685 6.9721284 6.159125 10.74668 3.6561348
0.05027977 7.1109962 4.268992 50.084126 30.556683 16.011135
0.531529 7.640131 1.664021 88.479126 42.841682 23.116135
0.90982443 7.3600006 -0.13647367 113.71413 51.94168 27.806135
2.0878077 7.0607166 -1.2474172 121.06412 64.576675 28.961136
1.4078336 7.3169036 -1.2929084 115.56912 82.741684 32.916138
1.3647367 6.8236833 -1.8316202 103.10913 98.07168 37.326138
1.3982565 6.3113084 -3.1460772 94.25413 114.24168 33.126137
1.5059988 5.602603 -4.7693954 119.13913 124.426674 21.996134
1.1372806 5.05192 -5.482889 136.63913 124.81168 19.511133
0.2849187 4.580248 -5.305713 146.54413 126.03669 17.866135
0.35435268 4.400677 -5.851608 151.68912 115.29168 11.601135
1.0462981 3.7661943 -8.020821 182.24413 111.75668 26.896135
1.7119064 3.0790374 -9.924269 191.86913 127.71668 34.596134
1.7573977 2.9832664 -10.3193245 188.33412 129.08168 34.31614
1.8052832 2.6432793 -11.32492 186.61913 124.881676 35.751137
1.620924 2.169213 -13.47019 192.56912 128.31169 40.476135
1.8340145 2.1285102 -15.672923 193.86412 121.31168 46.496136
1.9896424 2.3942747 -16.956255 185.04413 91.31668 52.061134
1.9489397 2.6145482 -18.476618 169.29413 55.44168 54.511135
2.1596358 2.997632 -19.91079 144.79413 38.64168 59.34114
2.667222 3.1365 -20.245987 108.219124 27.791681 65.81613
3.232271 3.5483153 -19.242786 62.299126 8.92668 70.78614
3.4333901 3.7015488 -18.56042 14.594125 -12.49332 74.91613
3.7111259 4.0104103 -17.131037 -31.325876 -17.88332 76.491135
3.8188684 4.2139235 -15.275474 -72.13587 -25.373322 73.656136
4.616162 4.496448 -13.491738 -92.750885 -49.52332 65.43114
4.5275736 4.867561 -13.372025 -95.725876 -86.76333 54.126133
4.333637 4.8723493 -13.084712 -100.31087 -117.52832 44.676136
4.6544704 4.6305275 -10.956202 -129.43086 -122.56832 42.751133
3.9840732 4.826858 -8.262642 -169.61087 -116.44332 41.421135
2.9425638 5.0399485 -5.4565525 -193.27087 -118.96333 31.726137
2.3296294 5.358387 -4.450957 -188.09088 -135.09833 20.176134
2.6073654 5.190788 -5.4733124 -162.89088 -159.63332 15.696135
3.1077688 4.7933383 -5.3919067 -142.24088 -172.89833 20.351135
2.49244 4.582642 -3.0455174 -150.60588 -175.20833 21.506136
1.8076775 4.5443335 -1.4557191 -172.16588 -181.08832 15.241136
1.6496553 4.7143273 -0.600963 -182.00089 -182.13832 12.231135
2.2841382 5.0231886 -0.4932206 -179.65588 -175.48833 15.906136
2.7725701 5.2913475 0.5865973 -175.10588 -163.69333 19.651136
2.1596358 5.133325 3.0048149 -179.55087 -159.10832 20.281136
1.9680939 4.7262983 4.4413795 -183.6809 -167.33333 9.431134
2.8180614 4.7071443 4.8986864 -174.61588 -180.35332 -2.258865
2.4493432 4.8148866 5.707951 -156.80089 -179.61832 -2.118865
1.9130256 5.114171 6.751855 -140.73589 -179.30333 8.626135
2.5044115 5.0231886 7.3743663 -129.95587 -179.93333 16.851135
3.0096035 5.090228 8.05434 -125.020874 -180.59833 17.971136
2.988055 5.2290964 10.506078 -120.820885 -171.98831 24.131136
2.1404817 5.4086666 12.392766 -119.17587 -155.74832 26.721136
1.951334 5.724711 12.902747 -109.655876 -144.30331 24.061136
3.3424077 6.134132 12.680079 -79.20588 -138.70331 28.716133
3.8523881 6.610593 13.2618885 -12.600875 -106.57332 60.251133
3.275368 7.14691 13.369631 10.429125 -81.47832 61.68614
3.2346652 7.685622 11.794198 39.304127 -60.758324 59.201138
4.1516724 8.152506 10.5946665 57.749126 -35.10332 67.74114
5.0926223 8.564321 10.139753 58.519127 -4.79332 80.69114
4.948966 9.043176 9.670476 58.309128 19.881681 83.94614
4.3863115 9.373586 8.839663 62.719128 36.22668 77.29613
4.7119327 10.08708 7.735902 64.15412 49.77168 71.241135
5.949773 10.510866 7.022408 60.374126 73.95668 74.21613
5.95935 10.628186 6.876357 53.82913 99.821686 73.02614
5.6504884 10.707197 5.794145 55.124123 108.116684 66.72614
5.3488097 10.865219 4.443774 61.844124 116.41168 61.301132
4.850801 10.800573 3.7949257 61.56413 125.616684 58.571133
5.4733124 10.4845295 3.3591676 58.694122 138.14668 60.04114
5.176422 10.68086 2.1907616 60.12912 144.16669 60.111137
4.7693954 10.709591 1.515576 65.90413 139.16168 58.92113
4.6305275 10.618608 0.9601042 67.72413 138.32167 57.416134
4.7167215 10.4294615 0.5243462 67.619125 136.22168 58.15114
6.1101894 10.790997 -0.21309046 71.92413 131.32167 60.181137
7.2426815 11.023241 -1.3120626 80.18413 130.34169 57.171135
6.7279124 10.242707 -2.2601955 88.23412 127.64669 46.041134
5.200365 10.130177 -2.1309047 87.46413 114.48668 28.191135
5.2267017 10.118205 -2.0806248 74.19913 93.27668 17.516134
5.4254265 10.151725 -3.2633965 65.62412 91.036674 19.791136
5.2290964 9.763853 -4.225895 67.79413 92.33168 19.371136
4.6712303 9.481328 -4.4246197 68.24913 81.20168 10.201135
4.122941 9.58907 -3.3783216 52.044125 58.171684 -0.92886496
4.051113 9.512454 -3.0814316 29.224125 46.306683 -5.0238647
4.11097 9.316123 -3.172414 20.474125 46.096684 -1.9788648
4.2474437 9.335278 -2.6025767 19.844126 35.42168 -1.348865
4.2378664 9.29218 -1.8819 14.594125 19.28668 -4.358865
3.8452053 9.14613 -1.158829 7.069125 12.67168 -6.283865
3.493247 9.071907 -1.0702409 5.844125 11.72668 -7.6138644
3.6656346 9.035994 -1.0798179 12.109125 4.41168 -7.823865
3.6800003 9.057542 -0.84039044 15.819126 -1.57332 -5.513865
3.5267668 9.110215 -0.5363176 13.019125 -2.48332 -2.4338648
3.45015 9.1940155 -0.2753416 7.3841243 -2.16832 -0.64886504
3.5483153 9.26345 -0.057462595 4.9341254 -3.9883199 -0.543865
3.5243726 9.208381 -0.11253092 5.074125 -4.6533203 -0.403865
3.2729738 9.138947 -0.10774237 4.8641253 -6.78832 -1.9788648
3.275368 9.110215 0.15083931 0.804125 -8.85332 -3.3438652
3.1652312 9.069513 0.45251793 -3.5708752 -8.71332 -2.503865
3.0000262 8.976136 0.52913475 -4.830875 -5.66832 -2.083865
2.8803127 8.976136 0.5458947 -3.080875 -4.9683204 -1.9438651
3.1580484 9.076695 0.61293435 -2.1708748 -8.013321 -0.683865
3.2202997 9.155706 0.72546524 -2.660875 -9.343321 0.856135
3.0215747 9.107821 0.6368771 -1.7858751 -8.18832 0.961135
3.0263634 9.11261 0.76137936 -0.525875 -7.4883204 1.3811351
3.179597 9.191621 1.1516461 -2.310875 -8.50332 1.9761351
3.502824 9.3592205 0.8978531 -1.6108749 -10.67332 2.501135
3.5746522 9.395134 0.25379312 4.374125 -11.68832 2.361135
3.4453614 9.340066 0.38547826 6.0541253 -10.533319 0.47113502
3.2466366 9.232324 0.87630457 -1.715875 -6.64832 -1.0688651
3.3591676 9.239507 0.9026416 -8.680875 -0.52332 0.611135
3.519584 9.196409 0.7829279 -8.785875 4.16668 3.3761349
3.7063375 9.1628895 0.7781393 -4.970875 2.31168 3.3061352
3.5243726 9.26345 0.9601042 -2.5208752 -3.25332 0.506135
3.3160706 9.256267 0.69912827 -1.330875 -3.8133202 -2.818865
3.1963568 9.177256 0.4740664 1.0841249 0.94668 -2.573865
3.2274826 9.09585 0.5219519 1.854125 3.01168 -0.92886496
3.4333901 9.153313 0.65124273 0.139125 1.7866801 0.15613501
3.5746522 9.1628895 0.6440599 -1.7858751 1.6466801 1.066135
3.3926873 9.160496 0.4764607 -0.630875 2.20668 0.576135
3.2442424 9.198804 0.4644893 1.854125 0.98168004 -0.788865
3.344802 9.268238 0.40463245 2.2741249 1.26168 -1.033865
3.3902931 9.330489 0.22506183 1.294125 1.5066801 0.051135
3.3304362 9.27542 0.18914771 0.45412502 1.89168 0.436135
3.2107224 9.126976 0.43815228 -0.59587497 1.75168 0.47113502
3.4788814 9.210775 0.69673395 -2.730875 0.0016800001 0.191135
3.5243726 9.229929 0.7589851 -4.270875 -1.08332 0.926135
3.5578923 9.225141 0.5818088 -2.8008752 -1.18832 0.051135
3.4166303 9.177256 0.49800915 0.76912504 -2.51832 -0.998865
3.3232534 9.153313 0.6392714 2.484125 -3.53332 -1.6638651
3.2562137 9.081485 0.82123625 0.52412504 -2.06332 -1.0688651
3.4429672 9.074302 0.7015225 -1.5408751 0.73668 -0.193865
3.519584 9.1628895 0.38068968 5.214125 -0.55832 0.506135
3.3160706 9.210775 0.24421602 5.739125 -1.6783199 -0.823865
3.2562137 9.213169 0.4166038 2.134125 -0.41832 -1.558865
3.3663504 9.148524 0.48843205 -1.120875 1.1916801 -0.088865004
3.3064935 9.115005 0.600963 -2.1008751 0.52668 0.436135
3.4118416 9.160496 0.6153286 -1.295875 -1.11832 0.401135
3.5267668 9.26345 0.6105401 -0.49087498 -0.97832 0.36613497
3.3232534 9.237112 0.47167215 0.734125 -0.9433201 -0.9638651
3.2083282 9.186832 0.37111259 1.9591252 -1.36332 -1.593865
3.2202997 9.148524 0.5243462 0.76912504 -0.73332 -0.158865
3.4238129 9.198804 0.57223165 -1.260875 0.63168 1.066135
3.4716985 9.277815 0.44533512 -0.87587494 0.35167998 1.801135
3.3902931 9.268238 0.5506832 -0.49087498 -0.59332 0.71613497
3.3064935 9.153313 0.6368771 -1.295875 -0.24331999 0.15613501
3.4549387 9.210775 0.61293435 -0.91087496 0.35167998 0.751135
3.4357843 9.220352 0.4740664 0.034125004 -0.48832 1.4161351
3.4525442 9.253872 0.53392327 -0.035875 -0.34832 0.611135
3.3064935 9.179649 0.69673395 -2.065875 1.54168 0.191135
3.3567734 9.143736 0.65363705 -2.905875 1.6466801 -0.508865
3.2633965 9.131764 0.4644893 -0.91087496 0.52668 -0.053865
3.3256476 9.12937 0.45251793 0.52412504 -0.38332 0.331135
3.397476 9.201198 0.53392327 -1.120875 -0.24331999 0.891135
3.4453614 9.14613 0.6153286 -3.395875 1.22668 1.556135
3.4046588 9.100638 0.75180227 -4.270875 1.15668 1.031135
