-0.42999998 9.84 -0.71999997 25.210142 -21.199438 -9.740283
-1.8 9.74 -0.34 1.7188734 -33.231552 -8.594366
-1.89 9.54 0.91999996 -16.615776 -46.98254 0.0
-1.42 9.7699995 1.7099999 -26.929016 -47.555496 6.8754935
-0.79999995 10.13 2.73 -29.793804 -25.7831 5.7295775
-0.69 10.48 3.48 -18.907606 -20.62648 -2.8647888
-0.63 10.78 3.8 -13.750987 -27.501974 -8.021409
-0.84 11.05 4.74 -22.91831 -37.815212 -13.178029
-1.37 10.99 6.2599998 -36.669296 -43.544792 -13.750987
-1.42 10.63 7.12 -45.263664 -24.637184 -9.167324
0.01 10.4 8.389999 -44.11775 12.605071 -5.7295775
0.39999998 9.67 8.23 -38.961132 34.377464 -15.469859
-0.22 9.12 8.19 -28.07493 53.858032 -22.91831
-0.45 8.57 7.8999996 -9.167324 76.203384 -21.772396
-0.35999998 8.309999 6.93 9.167324 96.829865 -16.042818
-0.41 8.19 5.73 20.053522 114.59156 -9.740283
0.11 8.13 4.75 26.356058 123.75887 -2.291831
0.78999996 8.29 3.9399998 32.658592 123.75887 -5.15662
1.0 8.15 2.85 35.523384 125.47776 -8.594366
0.78 8.15 2.07 30.939718 127.76959 -9.740283
0.65999997 7.96 1.26 20.053522 135.21803 -7.448451
0.29 7.87 0.55 4.583662 143.23946 -2.291831
0.12 8.25 0.45999998 -6.8754935 124.9048 6.8754935
1.43 8.62 0.19999999 0.0 118.029305 8.594366
1.8 8.349999 -0.94 2.8647888 119.17522 3.4377468
1.52 7.64 -1.36 -10.31324 122.04 2.291831
0.5 7.0699997 0.25 -32.085636 114.59156 5.15662
-0.099999994 6.83 1.81 -32.658592 104.85127 14.896902
0.77 6.7 1.8 -13.178029 100.26762 28.64789
1.76 6.3999996 0.88 4.583662 109.43494 31.51268
1.9 6.27 0.65 1.7188734 111.72677 33.231552
1.03 6.54 0.81 1.1459155 115.16451 36.669296
1.26 6.52 1.17 8.021409 103.70536 41.825916
1.8299999 6.39 0.21 9.167324 111.72677 40.680004
2.07 6.3999996 -0.68 -10.886198 116.31043 45.83662
1.29 7.04 1.4699999 -24.064226 110.0079 64.17127
2.6299999 7.5499997 1.0699999 2.291831 108.289024 75.057465
3.73 8.16 -0.81 23.49127 107.143105 75.057465
3.74 9.11 -1.79 31.51268 96.829865 72.76564
4.8199997 9.48 -2.37 43.544792 83.07887 71.61973
5.1 9.53 -3.81 52.139156 75.630424 68.18198
3.9299998 9.87 -4.6 40.680004 77.349304 69.32789
4.0899997 10.45 -4.5 43.544792 53.858032 78.49522
6.06 10.28 -5.08 50.420284 37.242256 73.91155
6.12 9.889999 -5.21 44.69071 29.220846 66.463104
4.97 9.67 -3.8999999 42.971836 13.750987 77.922264
4.39 9.61 -2.07 69.900856 5.15662 99.69466
8.41 10.21 -5.0899997 135.79099 -20.053522 109.43494
8.91 10.09 -7.6099997 142.09354 -36.669296 87.089584
7.4199996 10.26 -8.65 120.32113 -36.669296 69.900856
7.52 10.32 -9.15 86.516624 -37.815212 73.91155
8.599999 10.03 -9.42 43.544792 -44.11775 72.19268
8.32 9.36 -7.95 0.0 -51.5662 56.14986
7.47 9.05 -5.7599998 -25.7831 -63.598316 40.680004
7.44 8.91 -4.45 -21.772396 -79.641136 41.825916
8.059999 8.54 -4.5099998 -16.042818 -90.52733 37.242256
7.47 7.95 -5.04 -21.199438 -93.39212 27.501974
6.48 7.74 -4.5 -36.09634 -100.84057 28.07493
6.42 7.5699997 -3.6299999 -49.27437 -107.716064 34.377464
6.7599998 7.43 -1.87 -52.139156 -111.15381 31.51268
6.74 7.5699997 -1.5699999 -46.40958 -116.31043 26.929016
6.49 7.54 -1.9699999 -41.825916 -117.456345 22.91831
5.72 7.46 -1.88 -46.40958 -117.456345 17.761692
5.47 7.72 -1.5999999 -52.712116 -118.60226 22.345354
6.08 7.75 -1.18 -61.30648 -124.33183 25.7831
5.8799996 7.66 -0.96 -69.900856 -121.46705 17.761692
5.13 7.8199997 -0.42999998 -65.317184 -126.05072 16.615776
5.06 7.97 -0.53999996 -60.160564 -130.63437 14.323945
5.68 7.87 -0.88 -66.463104 -128.9155 7.448451
5.23 7.58 -0.5 -78.49522 -128.34254 0.57295775
3.87 7.19 0.22 -84.22479 -124.9048 1.7188734
3.5 6.7799997 0.48999998 -73.91155 -112.29972 11.459155
3.75 6.5699997 0.02 -76.77634 -114.0186 10.31324
2.86 6.3799996 0.64 -90.52733 -113.44564 4.0107045
2.4299998 6.2 2.05 -99.69466 -117.456345 9.740283
3.02 6.1099997 2.5 -94.53803 -118.60226 20.62648
3.6499999 5.8799996 1.6899999 -93.96508 -105.997185 27.501974
3.0 5.6299996 1.9 -124.33183 -90.52733 24.064226
2.1399999 5.29 3.9299998 -130.06142 -92.81916 32.658592
2.11 5.1 5.6 -108.289024 -92.24621 44.69071
2.81 5.37 5.41 -83.65183 -81.36001 50.420284
3.57 5.79 4.49 -83.65183 -76.77634 52.712116
3.61 5.91 4.88 -91.67324 -75.630424 55.00395
3.75 6.0899997 5.5899997 -87.662544 -59.014652 63.598316
3.22 5.5299997 5.69 -92.24621 -49.27437 69.32789
3.6599998 5.81 7.3399997 -95.11099 -49.84733 82.50592
5.5299997 6.5499997 7.83 -81.36001 -41.825916 89.38142
5.8399997 6.93 7.8599997 -73.33859 -19.480566 80.21409
4.2799997 7.2999997 9.15 -73.91155 -3.4377468 74.48451
5.2 7.2799997 10.059999 -53.285076 10.31324 83.65183
6.83 7.35 9.61 -40.680004 28.07493 75.630424
6.3199997 7.2799997 9.46 -32.085636 41.825916 71.04677
5.79 7.2799997 9.639999 -17.188732 50.993244 77.349304
7.2799997 7.5299997 10.01 0.0 68.18198 77.349304
8.47 8.01 8.83 10.886198 93.96508 67.60902
7.7599998 8.309999 6.8999996 -1.1459155 95.11099 60.733524
8.179999 8.72 7.58 -3.4377468 99.1217 60.733524
9.179999 9.07 7.0699997 5.7295775 113.44564 57.29578
10.28 8.67 5.65 13.178029 126.62367 46.40958
9.559999 8.2699995 4.52 5.15662 123.18592 34.950428
8.45 8.25 4.65 -12.032113 113.44564 34.950428
8.62 8.11 5.98 -14.896902 116.883385 42.398876
9.23 8.03 6.06 -4.583662 111.15381 40.107044
9.48 7.44 5.5099998 3.4377468 105.42423 37.242256
9.4 7.33 5.2 8.021409 103.70536 34.377464
8.91 7.41 4.61 6.8754935 104.85127 30.366762
8.17 7.22 4.22 5.7295775 101.41353 30.939718
7.66 6.5899997 5.3599997 22.91831 95.11099 37.815212
7.6299996 6.69 5.23 52.139156 89.38142 45.263664
8.42 6.77 4.12 80.78705 77.349304 49.84733
8.76 6.7599998 2.75 93.96508 64.17127 46.98254
8.67 6.95 2.19 87.089584 53.285076 42.398876
8.48 7.5099998 1.87 68.75493 53.285076 34.377464
8.309999 6.99 1.8199999 33.231552 53.285076 15.469859
7.1099997 6.33 2.55 17.761692 54.43099 9.167324
6.6299996 6.29 3.6 15.469859 50.993244 8.021409
6.87 5.92 3.8799999 22.91831 42.398876 4.583662
6.2599998 5.43 3.6499999 29.220846 30.939718 4.0107045
5.71 5.54 3.6399999 28.64789 23.49127 6.8754935
6.02 5.6299996 3.6999998 17.188732 20.62648 4.583662
5.7799997 5.52 4.27 12.032113 20.62648 1.7188734
5.5899997 5.68 4.54 13.750987 17.761692 2.291831
5.5299997 5.54 4.4 16.615776 15.469859 1.7188734
5.39 5.47 4.15 17.761692 10.886198 2.8647888
5.46 5.56 4.08 14.323945 6.8754935 3.4377468
5.52 5.64 4.19 5.7295775 5.7295775 3.4377468
5.48 5.6299996 4.3399997 4.0107045 2.291831 3.4377468
5.27 5.6299996 4.75 5.15662 -3.4377468 4.0107045
5.3599997 5.98 5.23 5.7295775 -5.15662 3.4377468
5.35 6.0899997 5.21 3.4377468 -3.4377468 1.1459155
5.25 5.92 5.27 0.0 0.57295775 0.0
4.97 6.14 6.06 3.4377468 -1.1459155 2.291831
4.95 6.0499997 5.7999997 8.021409 -3.4377468 1.7188734
4.83 6.0899997 5.6099997 8.594366 -4.0107045 2.8647888
4.97 6.18 5.73 5.7295775 -0.57295775 3.4377468
5.13 6.22 5.7 4.583662 1.1459155 1.7188734
4.96 6.0099998 5.46 4.0107045 0.57295775 1.1459155
4.7999997 5.96 5.6 4.0107045 -6.8754935 1.7188734
4.7 6.22 5.81 2.291831 -7.448451 2.291831
4.7799997 6.3799996 5.89 -1.1459155 -3.4377468 2.8647888
5.13 6.24 6.17 -2.291831 2.8647888 1.7188734
5.0899997 6.2 6.5 1.7188734 5.15662 1.1459155
5.0099998 6.15 6.23 8.021409 4.0107045 0.0
5.02 5.98 5.14 9.167324 1.1459155 0.0
5.02 6.0299997 5.14 5.7295775 0.0 0.57295775
5.08 6.21 5.24 0.0 0.0 0.0
5.0699997 6.12 5.5499997 -4.583662 0.57295775 -0.57295775
4.9 6.0099998 5.9 -4.583662 2.8647888 -1.1459155
4.79 6.04 6.16 1.7188734 0.57295775 0.0
5.1 6.1 5.71 9.740283 0.57295775 0.57295775
5.0499997 5.98 5.18 8.021409 0.0 0.0
4.8599997 5.97 5.16 2.8647888 -1.7188734 0.57295775
5.0099998 6.14 5.5699997 -0.57295775 -0.57295775 0.57295775
5.06 6.27 5.9 -1.7188734 2.8647888 0.0
5.02 6.0499997 5.85 1.1459155 2.8647888 0.0
4.73 5.92 5.91 9.167324 -1.1459155 2.8647888
5.08 6.3199997 5.65 10.886198 -1.7188734 4.583662
5.17 6.41 5.37 6.8754935 -1.7188734 1.7188734
5.0899997 6.39 5.5699997 0.0 0.57295775 -1.1459155
5.0699997 6.2799997 6.0099998 -3.4377468 4.583662 -2.291831
4.7 6.02 5.77 0.0 4.0107045 -2.8647888
4.71 5.92 5.6099997 4.0107045 0.0 0.57295775
4.88 6.08 5.5299997 4.583662 0.0 2.291831
5.29 6.3799996 5.5699997 3.4377468 1.7188734 0.0
5.17 6.39 5.54 1.7188734 1.1459155 -1.7188734
5.04 6.24 5.74 2.8647888 0.0 -1.7188734
4.88 6.17 5.95 5.7295775 0.0 -1.1459155
4.97 6.2799997 5.52 5.15662 1.1459155 -0.57295775
5.06 6.29 5.46 2.8647888 1.7188734 -1.7188734
5.02 6.2999997 5.2799997 0.0 2.8647888 -2.8647888
4.95 6.16 5.48 -1.7188734 2.8647888 -3.4377468
4.79 6.04 5.58 0.0 0.0 -4.0107045
4.89 5.97 5.5299997 1.1459155 -0.57295775 -2.291831
4.74 6.04 5.56 0.57295775 0.0 -1.1459155
4.7599998 6.0899997 5.6099997 0.57295775 -0.57295775 0.0
4.71 5.95 5.41 -0.57295775 0.0 2.291831
4.81 5.95 5.35 -5.15662 0.57295775 3.4377468
5.04 5.99 5.37 -8.021409 0.57295775 2.291831
5.15 5.89 5.65 -7.448451 1.7188734 0.0
4.81 6.04 5.8599997 -0.57295775 0.0 -0.57295775
4.79 6.1 5.52 0.0 -1.1459155 0.0
4.85 6.06 5.7599998 -1.7188734 -0.57295775 0.0
