-2.6241252 9.239507 -1.3144568 -13.910435 -5.73013 -14.6191845
-2.020768 9.411894 -0.40223816 -24.550436 -4.12013 -10.629186
-1.7621863 9.593859 -0.20351335 -28.505436 -5.4851303 -5.449185
-1.7621863 9.488511 -0.5913859 -21.575436 -7.97013 -3.7341847
-2.1716073 9.481328 -0.86193895 -9.045435 -13.780129 -6.149185
-2.49244 9.581888 -0.67279124 -2.6754348 -17.665133 -9.824184
-2.4158232 9.510059 -0.31125572 -5.230435 -14.830131 -11.084185
-2.1069617 9.399923 -0.22745611 -8.100434 -11.43513 -5.1691847
-1.9010541 9.323306 -0.30167863 -6.1404347 -10.28013 -3.384185
-1.7957062 9.035994 -0.21069619 -5.090435 -9.12513 -4.889185
-2.0925963 9.050359 -0.22745611 -5.370435 -7.4101295 -7.479185
-2.4014575 9.064724 -0.08619389 -7.750435 -6.25513 -10.2441845
-2.3152637 9.047964 0.35435268 -14.8204365 -3.4551299 -10.839186
-2.6025767 9.1628895 1.2593886 -25.670437 -0.095130004 -10.594185
-2.6504622 8.885154 2.9641123 -39.250435 5.22487 -13.184185
-2.657645 8.921068 3.9888618 -46.040436 5.71487 -16.509186
-2.8348215 8.79896 4.5706706 -45.480434 6.90487 -19.799185
-2.892284 8.518829 5.8420305 -50.800438 19.329868 -21.094185
-2.9689007 8.128563 7.47732 -56.645435 39.87487 -20.219185
-2.7246847 7.843644 7.8795586 -46.845436 56.254868 -16.929186
-2.1237218 7.5515428 7.101419 -19.790436 65.634865 -10.979185
-1.7669748 7.369578 5.5355635 13.249565 70.35987 -6.499185
-1.7621863 7.3647895 3.3639562 40.549564 72.17987 -5.2391853
-1.5323359 7.4701376 1.6688095 56.754566 72.004875 -3.5241852
-1.2665714 7.1588817 0.15802214 58.609566 78.02487 2.7758152
-0.9385557 6.9912825 -0.6249057 47.969566 92.689865 11.140816
-0.8978531 7.067899 -1.185166 34.389565 101.75487 17.090815
-0.08858817 6.9721284 -2.083019 25.604567 101.299866 21.850817
0.14365649 7.3384523 -3.605778 23.784567 80.40487 27.100815
-1.3671309 7.022408 -2.988055 16.364565 65.84487 22.235815
-3.0431232 7.56112 -0.7015225 -7.8904343 79.24987 10.650814
-2.1285102 8.375174 0.021548472 -20.490435 91.464874 17.020817
0.17478207 8.219545 -2.1668186 1.594565 83.48487 43.76082
1.611347 8.169266 -5.4733124 42.299564 76.62487 69.48582
1.1779832 8.557138 -6.325674 67.81457 80.61487 70.640816
0.67279124 9.1940155 -5.446975 62.21457 84.60487 55.485813
1.2689656 9.591465 -6.926637 48.459568 82.60987 47.365818
2.743839 10.029617 -10.381576 52.869564 87.57987 55.415813
3.510007 9.373586 -11.427874 57.524563 98.56987 66.615814
1.8938714 9.627379 -8.705584 35.89456 95.83987 57.79582
1.5586729 10.106234 -7.407886 0.22956501 80.85987 30.215818
2.7079248 9.519637 -9.775824 -6.945435 61.924873 20.940815
2.52596 8.940222 -11.391959 21.964565 47.08487 28.570814
0.76616794 8.777411 -9.991309 -3.305435 42.28987 17.335814
1.0774237 9.601042 -7.6521025 -31.375437 27.41487 16.950815
2.5834224 9.792584 -7.6353426 -32.705437 8.12987 33.785812
3.5076127 9.677659 -9.562734 -16.920435 -4.4001303 39.840813
3.5698638 9.541185 -9.912297 -15.310434 -22.915129 29.865818
2.935381 9.565128 -8.554744 -33.125435 -47.20513 12.015815
2.3751206 9.687236 -6.979311 -56.645435 -63.86513 1.7958149
2.7342618 9.569917 -6.8069234 -69.210434 -70.270134 4.525815
2.988055 9.172467 -6.4142623 -77.15543 -76.11513 8.095816
3.0527003 8.43503 -4.6472874 -91.085434 -86.65013 3.4758153
2.9665065 8.207574 -3.0191805 -105.50543 -99.740135 -3.384185
2.423006 8.379962 -0.845179 -113.835434 -110.69514 -7.864185
2.3990633 8.169266 0.33519846 -111.14044 -115.59513 -11.294185
3.0957973 7.8891354 0.22266756 -93.25543 -124.62514 -11.539186
3.5554981 7.778999 0.30886146 -70.36543 -142.23012 -13.114185
2.4541316 7.5587254 0.86193895 -56.61044 -158.68013 -22.389187
1.6568382 7.434223 1.3791022 -54.265438 -162.81012 -32.749187
1.6281068 7.434223 1.7430321 -57.380432 -153.50014 -29.774187
1.8890828 7.2785954 2.5618742 -57.48543 -145.31013 -17.384184
2.1213274 7.075082 3.275368 -54.860435 -147.90013 -12.799186
2.1285102 6.768615 3.3855045 -51.465435 -148.00513 -14.304185
1.4317763 7.4845033 3.3998702 -47.160435 -138.80013 -14.584186
1.3695252 6.962551 4.1253357 -46.425438 -124.94013 -13.289185
1.7023294 6.7255177 5.973716 -52.410435 -117.31013 -14.934185
1.9728824 6.529187 7.003254 -54.440437 -117.170135 -19.449186
1.2641771 6.8452315 7.929838 -44.32544 -119.72513 -25.294188
0.65842557 6.8476257 8.777411 -30.220434 -115.94512 -30.509184
1.3168511 7.1493044 8.6984005 -19.160437 -108.66513 -30.754183
1.9321798 7.8388557 8.676852 -13.350435 -100.895134 -21.374184
1.4293821 8.865999 10.130177 -17.130434 -90.745125 -10.349185
1.2881198 9.531608 11.523644 -29.450438 -75.27512 -2.8241851
2.3870919 9.893144 10.78142 -32.845432 -53.50513 9.950814
3.4573328 10.106234 8.480521 -15.205436 -34.43013 26.085814
2.439766 10.271439 6.715941 10.274566 -19.59013 31.440815
1.3360053 9.96976 6.5986214 21.579565 -11.820129 21.360815
1.0941836 9.510059 6.5220046 14.474565 -4.85513 9.670815
1.8866886 9.577099 5.6002088 4.3595653 10.50987 11.035815
2.5522969 9.672871 4.625739 12.094565 27.69487 26.050814
2.1093562 9.680053 4.0295644 16.469564 30.669872 20.940815
0.8092649 9.613013 4.3767343 14.929565 35.42987 13.730816
1.3048798 9.646533 4.417437 13.704565 46.03487 18.420815
2.4254005 10.398335 3.694366 19.899565 55.27487 30.040817
2.9401696 10.635368 2.5499027 32.954563 60.38487 33.400818
2.5044115 10.271439 2.2745612 40.689564 58.42487 24.195816
1.8004947 10.381576 2.5570855 39.009563 58.10987 16.285814
1.9848539 11.346468 1.7502149 38.834564 72.98487 19.645815
3.040729 11.47097 0.014365649 51.259567 89.434875 25.105816
3.3424077 11.121407 -1.7406378 65.18957 84.56987 19.575813
1.9561225 11.008876 -2.2099156 60.60457 58.739864 7.7458143
1.0008069 11.099858 -1.2809371 32.079563 56.95487 4.315815
1.2498114 11.025636 -0.4189981 1.9795649 79.07487 14.430815
2.1285102 10.309748 -0.57462597 -4.8104353 83.20487 25.630814
1.9800652 10.321719 -0.62251145 4.254565 62.449867 28.325815
1.333611 11.10704 -0.22266756 8.839565 50.51487 26.645817
1.541913 11.2914 -2.3392065 15.489565 64.72488 27.975815
1.9656997 11.164503 -4.1971636 33.409565 67.76987 28.850815
1.4437478 10.78142 -3.7853484 35.369564 46.90987 25.000816
-0.38547826 11.1142235 -1.9992194 11.324566 41.02987 20.625814
-0.14365649 10.989721 -1.8148603 -9.080435 54.15487 21.150814
1.8148603 10.860431 -1.951334 -8.765435 52.22987 30.670815
2.719896 10.774237 -0.81644773 -2.7804348 27.16987 37.040817
2.2793496 11.351257 0.409421 -2.7104352 12.67987 28.535816
2.3487835 11.360834 -0.052674048 2.294565 18.83987 15.515815
2.3248408 10.934653 -2.1500587 22.279564 22.33987 6.625815
1.9992194 10.659311 -2.351178 40.059566 10.40487 -2.089185
1.7741576 10.273833 -0.8834874 31.694565 1.1298699 -8.389185
1.6041641 9.912297 0.4189981 7.299565 2.42487 -8.914185
1.8771114 9.835681 0.56265455 -7.400435 5.01487 -6.394185
2.1811843 9.749487 0.09577099 -5.720435 1.89987 -4.259185
2.0806248 9.512454 0.5411061 0.544565 -6.53513 -4.469185
1.812466 9.306546 1.3288225 -1.450435 -6.99013 -5.8691854
1.4437478 9.277815 1.201926 -6.3854356 -1.9851301 -6.604185
1.8220432 9.306546 0.38787252 -2.395435 1.1298699 -6.7091846
2.169213 9.289786 0.19393626 5.1295652 -2.05513 -3.6641853
1.5299416 9.2419 0.7637737 5.4445653 -5.5201297 -1.914185
1.3671309 9.296969 1.1037607 -0.575435 -3.84013 -3.594185
1.8555629 9.371192 0.7805336 -1.275435 1.79487 2.950815
1.8579572 9.301758 0.30886146 2.609565 -0.27012998 5.2608147
1.201926 9.234718 0.30646718 -0.015435 1.54987 4.6658154
1.7573977 9.37598 0.6177229 -7.3304358 7.2898703 9.495815
2.5115943 9.6585045 0.66800267 -11.040435 8.82987 15.830814
2.135693 9.708784 0.89067024 -8.800436 2.1098702 11.945815
1.7214836 9.641745 1.1660118 -6.525435 -2.23013 5.1558146
1.9800652 9.670476 1.3575538 -4.425435 -0.86513 4.280815
2.205127 9.80695 1.1157321 0.264565 -0.44513002 5.330815
2.142876 9.929058 0.76137936 6.389565 -0.83013 3.090815
2.2314641 9.945818 0.56744313 8.699565 -0.86513 0.570815
2.22907 9.80695 0.52913475 7.299565 -0.37513 -0.96918505
1.8316202 9.732727 0.7733508 4.639565 0.28987 -3.489185
1.5874043 9.60583 0.9289786 2.1545649 1.47987 -5.099185
2.0662591 9.629773 0.45730647 2.364565 2.56487 -2.8241851
2.0399222 9.608225 0.20351335 5.2345653 1.2348701 -0.619185
1.8364087 9.562734 0.45012367 3.904565 -0.51513004 -1.459185
1.8076775 9.45978 0.8332076 -1.380435 0.18486999 -1.1091851
2.126116 9.452597 0.8667275 -4.180435 2.49487 0.605815
2.0949905 9.526819 0.57223165 -1.695435 1.0948701 0.92081493
1.9633054 9.545974 0.679974 1.7345649 -4.01513 -1.2491851
2.2027328 9.536397 0.87151605 -0.015435 -2.26513 -1.1791852
2.0087965 9.574705 0.7398309 -2.1154351 1.19987 0.115815
1.8340145 9.483723 0.6656084 -0.47043505 1.3048701 -1.354185
1.7837347 9.423865 0.8140534 0.859565 -0.095130004 -2.054185
1.924997 9.519637 0.6608198 0.82456505 -0.62013006 -1.214185
2.1285102 9.593859 0.6392714 1.384565 -1.11013 0.15081501
2.0710478 9.500483 0.84039044 0.264565 -1.7401301 0.81581503
1.812466 9.545974 0.93616146 -1.7304349 -0.30513 0.465815
2.0159793 9.687236 0.45251793 -0.750435 0.60487 -0.094185
2.126116 9.684841 0.45491222 1.629565 -1.46013 1.130815
1.8220432 9.58907 0.9289786 -0.12043501 -3.4551299 1.515815
1.9393626 9.694419 1.0510867 -4.1454353 -0.97012997 0.15081501
2.2003386 9.778218 0.68236834 -3.865435 2.1098702 0.465815
2.004008 9.708784 0.60335726 0.789565 0.91987 1.130815
1.7573977 9.663293 0.6153286 3.2745652 0.46486998 -1.1791852
1.908237 9.648928 0.33519846 2.994565 2.0048702 -2.754185
2.1476645 9.677659 0.15083931 3.5545652 1.68987 -1.704185
1.9537282 9.627379 0.37590113 -0.890435 -0.97012997 -1.704185
1.7741576 9.512454 0.7015225 -4.3554354 -0.93513006 -2.754185
1.776552 9.428655 0.9385557 -5.160435 -0.30513 -1.214185
