-1.8579572 9.620196 0.505192 -9.135875 -10.49832 -7.4388647
-1.9297855 9.471751 1.1468576 -16.800875 -10.56832 -7.0538654
-1.934574 9.340066 1.6089526 -23.380875 -6.61332 -4.533865
-1.951334 9.454991 1.7885233 -23.310875 -3.0433202 -0.683865
-1.7119064 9.407105 1.9537282 -17.780874 -1.6783199 3.2011352
-1.5490957 9.296969 2.099779 -8.995875 -7.45332 4.531135
-1.525153 9.237112 2.4445546 -6.3708754 -13.85832 -0.753865
-1.5443072 9.179649 3.5219781 -13.265875 -23.06332 -6.283865
-1.802889 8.973742 4.6664414 -24.430874 -22.853321 -11.8488655
-3.469304 8.43503 5.8755503 -27.965876 -6.0883203 -19.758867
-4.0726614 8.219545 6.5483418 -21.665876 4.09668 -25.008863
-2.7294734 8.032792 7.240287 -10.605875 1.75168 -19.933867
-1.9034485 8.123775 7.067899 3.6741252 -4.3383203 -11.743866
-2.0782306 8.166871 6.9122715 16.904125 3.2216802 -11.288865
-1.6616267 7.9681463 6.8260775 20.894125 28.00168 -12.268866
-1.4341706 8.020821 5.899493 25.444126 48.511677 -7.4388647
-1.036721 7.8795586 4.9992456 37.589127 53.341682 -0.823865
-0.69912827 8.140534 3.7254915 49.559124 57.64668 8.031136
0.53392327 8.217151 2.3032923 56.769127 69.826675 18.636135
1.0941836 7.9513865 1.3647367 59.254124 80.606674 27.806135
1.9920366 8.324894 0.0071828244 61.004128 87.851685 37.08114
2.1668186 8.133351 -1.8172545 63.27913 87.92168 28.541136
1.7190893 7.8292785 -1.3360053 57.189125 96.461685 16.781134
1.0965779 7.9322324 -1.359948 48.334126 98.07168 4.881135
1.4102279 7.6257653 -3.1077688 53.82913 105.03668 -2.083865
2.3751206 7.269018 -3.962525 66.46413 104.86168 1.101135
1.9752767 7.003254 -6.421445 70.27913 89.04169 0.751135
-0.21309046 7.3001437 -3.512401 60.584126 85.15668 -6.8438654
-0.37111259 6.6848154 -3.2825508 37.344128 95.656685 -12.338864
-0.06943397 6.3376455 -3.859571 45.359127 99.296684 -1.8388652
1.2881198 5.7965393 -6.1030064 72.69413 101.116684 16.991135
2.3583608 5.5307746 -7.972935 94.91913 103.91669 36.24114
1.7071179 5.741471 -7.1229677 98.87412 115.11668 50.416138
1.6520497 5.0614967 -6.6704497 86.16913 121.87168 51.501137
2.8970726 5.0423427 -7.5754857 89.914116 109.97168 50.766136
4.225895 4.946572 -10.079897 107.134125 96.53168 59.97113
3.100586 5.0207944 -10.709591 119.83913 96.49668 64.94114
2.2961094 4.8915033 -9.512454 115.60412 93.31168 52.131138
1.8723229 5.497255 -10.896344 104.719124 69.72168 36.661137
3.9601305 5.439792 -14.449449 113.57413 53.026684 42.12114
5.39909 5.7965393 -16.340925 126.139114 45.67668 63.191143
5.341627 6.2275085 -16.338531 112.384125 40.076683 72.781136
5.1213536 6.646507 -15.131817 71.50412 35.701683 61.266136
5.358387 7.048745 -14.980977 0.489125 -8.748321 42.786137
5.439792 6.873963 -15.838128 -25.165874 -11.51332 42.646137
5.89231 6.9912825 -14.322552 -57.155876 -22.678322 33.616135
6.6225643 7.3049326 -12.950632 -83.51088 -63.908325 18.601135
6.0503325 7.2091613 -12.991335 -96.075874 -98.38332 3.131135
5.05192 6.4573593 -11.729552 -116.655876 -105.838326 -8.313865
4.565882 6.2346916 -8.885154 -151.02588 -112.76832 -14.508865
4.235472 6.531582 -6.3711653 -165.20088 -138.52832 -21.543865
4.2642035 6.325674 -6.7015753 -146.30087 -173.94832 -29.103867
3.7326744 5.9378014 -6.567496 -128.62587 -203.24332 -34.143864
3.1077688 5.6409116 -4.2642035 -139.33589 -214.02332 -34.738865
2.5283542 5.774991 -1.2162915 -160.09087 -215.73831 -29.838867
2.3559663 5.5714774 -0.409421 -159.35587 -220.18332 -25.008863
2.779753 5.7821736 -0.5123748 -141.68088 -222.31833 -15.033864
3.2729738 5.810905 0.8978531 -126.52588 -225.36333 -0.508865
2.6073654 5.8779445 2.0949905 -121.13588 -228.51332 0.926135
1.8603516 6.167652 1.7813405 -110.25088 -226.48332 -7.718865
2.8108785 6.366377 0.9816527 -87.74587 -222.98332 -3.728865
3.5076127 6.229903 2.308081 -80.60587 -218.64333 12.371135
4.276175 5.968927 4.0199876 -94.43088 -213.32332 21.471134
3.3998702 6.2514515 5.154874 -101.95587 -195.43832 16.501137
2.9138324 6.366377 5.6576715 -92.68087 -182.34831 8.486135
3.4309957 6.2538457 7.063111 -77.00088 -187.45833 12.056135
3.8380225 6.261029 8.660092 -69.020874 -191.79832 21.681135
3.545921 6.646507 9.088667 -60.655876 -176.60832 25.566133
4.0918155 6.8907228 9.869201 -48.020874 -152.28333 27.456135
3.684789 6.941003 10.865219 -37.170876 -137.89832 36.031136
2.9617178 7.3600006 10.877191 -23.520874 -124.178314 38.656136
3.6464806 8.0375805 10.278622 -3.115875 -101.393326 45.131134
5.0495257 8.777411 9.510059 13.719126 -76.92832 63.261135
5.106988 9.3831625 9.11261 22.259125 -49.52332 76.00114
5.1596622 9.941029 8.595447 26.844126 -21.52332 75.93113
4.680807 10.237919 8.509253 31.849127 2.6266801 72.32613
4.6281333 10.4845295 8.001666 33.459126 23.41668 68.05614
5.1237483 10.779025 6.6010156 37.799126 46.72668 65.781136
5.097411 10.862824 5.7175283 47.214123 70.59668 66.72614
4.5419393 10.812545 5.4254265 51.064125 87.29168 62.596134
4.398283 11.102252 4.199558 55.754128 106.68168 51.816135
4.8915033 11.27464 2.423006 61.389126 117.146675 56.541138
5.0160055 11.068732 1.647261 58.16912 128.17168 54.58114
4.7358756 11.066339 1.6017698 45.989124 120.75168 47.721134
4.846012 11.528433 0.88588166 40.144127 112.73668 45.621136
5.1189594 11.43745 0.27294734 42.244125 115.43167 45.656136
4.9633317 11.154926 -0.06943397 41.579124 114.06668 39.181137
4.965726 10.68086 -0.07422252 38.044125 101.851685 30.991133
5.0806513 10.616215 0.11253092 32.934124 93.34668 26.161137
5.3368387 10.522838 0.45012367 30.414125 93.55668 22.451134
5.03516 10.352844 -0.56265455 38.254128 93.87168 15.696135
5.0662856 10.175668 -1.3192455 50.749126 93.241684 8.801135
4.68799 10.130177 -1.2067145 50.994125 91.63168 3.9711347
3.902668 10.166091 -0.7829279 44.659126 90.09168 0.821135
4.149278 10.216371 -1.7550035 47.039124 90.406685 -0.508865
4.1971636 9.993703 -2.5307484 57.119125 89.04169 -0.22886501
3.3567734 9.783007 -2.7725701 60.12912 83.23168 -3.518865
2.7055306 9.914692 -2.456526 53.164127 68.601685 -5.513865
2.667222 9.818921 -2.248224 47.319122 61.776676 -2.7488651
3.46691 9.5794935 -2.7893302 52.359123 56.001682 1.486135
3.79732 9.4095 -4.1373067 66.25413 42.52668 2.3961349
3.6464806 9.519637 -4.3432145 71.469124 31.32668 -4.043865
3.11974 9.419077 -3.15326 51.939125 29.85668 -9.923865
3.067066 9.39274 -2.185973 22.224127 33.111683 -11.253865
3.040729 9.332883 -2.063865 6.579125 34.05668 -9.258865
3.1365 9.450203 -1.9920366 6.894125 26.77668 -6.8438654
2.8707354 9.37598 -1.9417568 9.204124 16.80168 -6.143865
2.779753 9.28021 -1.7214836 7.6641254 9.17168 -7.2288647
2.7390504 9.316123 -0.7948992 0.244125 3.43168 -7.263865
2.7917244 9.325701 -0.5219519 -10.535875 2.80168 -5.828865
3.1029801 9.256267 -0.5913859 -13.930875 2.20668 -3.518865
3.0335462 9.2419 -0.2944958 -11.760875 -1.32832 -2.153865
2.865947 9.28021 0.07422252 -12.005876 -4.9683204 -3.1338649
3.0024207 9.301758 0.17238778 -14.175875 -4.9683204 -3.623865
2.7869358 9.196409 0.11971374 -12.670875 -1.04832 -2.083865
2.6289136 9.237112 -0.102953814 -7.175875 0.84168 -1.8388652
2.6289136 9.220352 -0.16759923 -1.0158751 -0.90832007 -1.733865
2.4469488 9.131764 0.15323359 -3.115875 -0.03332 0.261135
2.5834224 9.189227 0.17717634 -2.1708748 -0.17332 2.3261352
3.1748085 9.352037 -0.28731298 2.344125 -2.09832 5.2661347
3.232271 9.4142885 -0.57462597 3.394125 -3.18332 4.6011353
2.9952378 9.385557 -0.30167863 -0.735875 -2.97332 1.5911349
2.743839 9.25866 0.105348095 -5.215875 -3.25332 -0.47386503
2.545114 9.184438 0.3519584 -6.860875 -2.4483202 -0.193865
2.667222 9.172467 0.36871833 -5.705875 0.63168 2.186135
3.0790374 9.294575 0.16281068 -1.7858751 0.98168004 5.196135
3.1772027 9.404712 0.071828246 2.414125 -2.16832 4.986135
3.050306 9.433443 0.20351335 2.799125 -3.8133202 2.4311352
2.8587642 9.3831625 0.22985038 2.099125 -2.97332 0.47113502
2.9497466 9.342461 -0.16520496 3.324125 -0.9433201 1.066135
3.1580484 9.4142885 -0.10055954 2.659125 0.14168 2.4311352
3.2538195 9.4142885 0.22506183 -1.680875 0.35167998 2.6761348
3.0694604 9.416683 0.2370332 -3.430875 -0.62832004 1.311135
2.7725701 9.354432 -0.08858817 0.174125 -3.0433202 -1.2788651
2.8491871 9.227535 -0.17717634 3.219125 -2.79832 -1.6638651
3.0527003 9.289786 0.12689656 -0.070875 -1.7133201 -0.193865
3.2466366 9.387952 0.016759925 -3.640875 -2.41332 0.15613501
2.971295 9.342461 -0.090982445 -2.8008752 -0.48832 -0.403865
2.6145482 9.342461 0.31604427 -2.660875 2.83668 -2.7138648
2.691165 9.356826 0.24421602 -3.9208753 0.45668 -3.483865
3.014392 9.380769 0.0 -1.295875 -2.41332 -0.193865
3.2993107 9.387952 -0.2849187 1.2591251 -1.3983201 3.061135
2.9808722 9.296969 0.07901107 0.629125 -1.2583201 2.9211352
2.667222 9.232324 0.42139238 -3.7808752 -1.7133201 -0.71886504
2.8827069 9.366403 0.24182175 -5.320875 -3.0083199 -1.803865
3.1676257 9.397529 0.009577099 -1.9608749 -3.2183201 1.066135
3.3424077 9.390346 0.021548472 1.0841249 -2.8683202 2.886135
2.7414446 9.371192 0.2466103 -0.140875 -2.90332 1.101135
2.5379312 9.330489 0.15083931 -1.9258752 -3.49832 -3.0288649
2.8898897 9.26345 0.0023942748 -1.6458751 0.56168 1.871135
3.0886145 9.251478 0.24421602 -3.7458751 0.17668 3.6561348
3.110163 9.296969 0.4644893 -4.7608747 -1.6783199 2.151135
3.0215747 9.340066 0.28731298 -2.8008752 -1.2583201 0.64613503
3.1029801 9.289786 0.014365649 0.52412504 -1.2933201 -0.018864999
3.1245286 9.251478 0.13168511 -0.210875 -1.5033201 -0.29886502
2.9234095 9.213169 0.4668836 -3.710875 0.52668 -0.858865
2.9593236 9.253872 0.5506832 -4.165875 2.55668 -0.64886504
3.067066 9.284998 0.24421602 0.55912507 2.6616802 0.71613497
3.0383348 9.37598 -0.023942748 5.249125 1.1916801 0.926135
