-1.3575538 9.694419 -1.0223553 -0.005005 -1.147545 -3.8134253
-1.525153 9.584282 -0.9624985 -1.0200051 -3.7725449 -3.603425
-1.6616267 9.62259 -0.8643332 -2.210005 -3.9125454 -3.8134253
-1.525153 9.586677 -0.82602483 -2.105005 -2.162545 -2.518425
-1.4940275 9.545974 -1.0079896 -0.075004995 -2.407545 -0.838425
-1.5275474 9.61062 -1.0415095 2.374995 -3.7375453 -0.803425
-1.498816 9.670476 -0.9074302 2.3399951 -2.8275452 -0.838425
-1.1923488 9.615408 -0.94095 1.709995 -2.127545 -0.068425
-1.3048798 9.627379 -0.9816527 2.654995 -2.407545 0.036575
-1.4940275 9.682447 -1.1253091 3.669995 -1.9875451 -2.028425
-1.4748733 9.641745 -1.0941836 3.8449953 -1.147545 -3.1134253
-1.4605076 9.593859 -1.1061549 3.1799953 -1.8825451 -3.0434248
-1.5874043 9.596253 -1.0726352 2.7949948 -2.267545 -2.8684251
-1.6927522 9.63935 -1.1253091 2.7599952 -2.162545 -2.903425
-1.594587 9.543579 -1.0965779 2.969995 -2.127545 -2.098425
-1.376708 9.541185 -1.0391153 3.0399952 -2.547545 -0.453425
-1.4126221 9.490906 -1.211503 3.5999951 -3.072545 0.45657498
-1.3910737 9.349643 -1.2402344 4.8949947 -3.387545 -0.978425
-1.4533248 9.069513 -1.3431882 4.9999948 -3.4925451 -3.603425
-1.7382435 8.549955 -1.4126221 4.264995 -5.242545 -7.313425
-1.6688095 8.0926485 -1.2354459 2.829995 -6.642545 -12.178426
-2.0351336 7.101419 -0.8379962 0.309995 -6.8175454 -16.623425
-2.3942747 6.1030064 -0.53871185 -0.110005 -11.7175455 -24.498425
-2.9832664 5.6002088 -1.0750294 9.234996 -27.537544 -43.013424
-3.849994 5.461341 -1.6616267 7.2399955 -23.722546 -44.518425
-3.4908526 5.027977 -1.1923488 -6.3750052 -12.347545 -35.278427
-2.343995 4.8220696 -0.9026416 -21.320005 -6.1875453 -22.888426
-1.3000913 4.850801 -0.70870537 -32.065002 -4.3325453 -18.688425
-2.0854135 4.889109 -0.4189981 -39.765007 7.8124547 -26.073423
-3.0718546 4.8747435 -0.2777359 -40.815002 26.502455 -36.888424
-3.7614057 5.0207944 -0.39505535 -33.955006 28.567455 -36.013424
-3.6081722 5.5140147 -0.7709565 -22.860004 14.637456 -22.398426
-3.2873392 5.7558365 -0.9577099 -14.285006 0.147455 -7.768425
-2.8443985 5.707951 -0.5770202 -14.880004 -9.442544 2.7665749
-2.595394 6.5028505 -0.37590113 -20.725006 -6.852545 13.861575
-2.6887705 7.266624 -0.50758624 -22.965006 1.302455 28.316574
-2.2123098 7.3671837 -0.21309046 -22.580004 5.1874547 38.466576
-1.8795058 7.56112 0.0670397 -20.585005 -11.262546 40.671577
-1.23784 8.020821 0.41181526 -16.735004 -30.862545 47.181576
-0.7805336 9.04557 0.6488485 -13.585006 -32.64754 62.26657
-0.57462597 8.801354 1.0223553 -9.000006 -25.717546 65.69658
-0.15802214 9.136553 1.4748733 -2.245005 -32.542545 58.031574
1.7262721 10.060742 1.2426286 8.184996 -37.372547 62.091576
2.7486274 10.458193 -0.41420954 24.669994 -36.217545 69.441574
2.310475 10.046377 -0.9960183 36.429996 -39.192543 59.781578
1.1372806 9.926663 -0.15083931 27.714994 -39.71755 40.531574
0.81165916 10.958596 1.1899546 5.279995 -28.832544 32.901577
2.2673783 11.176475 0.7446195 -7.8800044 -10.737545 42.701572
2.238647 11.150138 0.05027977 -0.005005 -11.857545 48.406574
1.908237 10.992116 0.47885495 10.844995 -20.572546 38.291576
1.8771114 11.423085 0.6344828 12.489995 -19.207544 31.571577
1.6879637 11.44224 -0.35914123 15.989995 -14.062545 30.62658
1.2689656 11.236332 -0.5865973 21.379995 -16.547544 28.596577
1.6616267 11.526039 0.9720756 16.199995 -25.682545 27.021574
2.047105 12.012076 1.8531687 2.304995 -25.262545 28.281574
1.9896424 12.263475 0.86193895 6.014995 -10.562545 28.596577
1.8747171 11.928277 -0.40223816 29.919996 0.39245498 32.096577
1.0534809 12.021654 -2.439766 52.949993 -2.687545 34.476574
0.098165266 12.706416 -3.215511 60.230003 -18.157543 33.39157
0.7637737 13.27386 -1.7909175 38.704994 -19.137547 37.731575
1.9202085 13.304985 -2.0614705 -11.030005 4.5574546 58.101578
1.1516461 12.921901 -3.4573328 -9.630006 -11.577545 52.781574
0.34477556 12.701628 -2.3463893 -29.055004 -13.012546 46.481575
0.8284191 12.857256 -0.47167215 -53.730003 -2.057545 49.876575
1.8196489 13.118232 -0.62251145 -50.125008 -1.357545 53.271576
1.5203645 13.113443 -1.5874043 -29.230007 -10.597545 45.851574
1.3934679 13.020066 -1.4676905 -20.585005 -17.702545 33.881573
2.0518935 12.866833 -0.6057515 -26.535006 -15.602546 28.631577
2.0686533 12.704022 0.045491222 -31.820007 -10.947545 24.221575
1.7047237 12.275447 -0.07422252 -29.160007 -5.697545 15.926574
1.6712039 11.791803 -0.38787252 -21.425005 -3.8075452 9.171576
2.013585 11.389565 -0.64166564 -15.545005 -8.882545 6.021575
1.9010541 10.982538 -0.50998056 -16.980005 -11.927545 3.4315753
1.5371244 10.6641 0.7206767 -26.115005 -6.572545 -0.41842502
1.7717633 10.532414 1.2091088 -31.330006 1.512455 -2.5884252
1.9417568 10.30017 0.9505271 -22.300005 6.692455 -2.9734251
1.9369683 10.000886 0.505192 -6.7950053 5.2574553 -5.2834253
1.8723229 9.938635 0.35914123 2.4799953 3.787455 -7.4884257
1.9297855 9.8548355 0.31604427 4.544995 5.467455 -7.978425
2.1380875 9.737515 0.32562137 3.7399952 5.922455 -6.963425
1.8795058 9.586677 0.023942748 4.439995 4.802455 -7.033425
1.5993756 9.490906 -0.2561874 5.384995 3.9974554 -8.573425
1.8172545 9.3280945 -0.03351985 1.8499951 2.317455 -7.383425
1.673598 9.244295 0.31125572 -4.2750053 0.32245502 -5.1784253
1.9178141 9.428655 0.33519846 -7.355005 0.217455 -4.583425
2.1045675 9.636956 -0.105348095 -5.0800047 0.53245497 -2.903425
2.047105 9.648928 -0.06943397 -1.4400051 -2.477545 -3.0084252
1.9896424 9.632168 0.3040729 -3.960005 -2.6175451 -4.408425
1.8483802 9.416683 0.6201172 -9.175005 -2.477545 -4.828425
2.169213 9.454991 0.9074302 -11.660005 -3.8075452 -4.198425
2.1045675 9.536397 0.80687064 -11.205006 -1.8125451 -2.553425
1.8555629 9.500483 0.53392327 -5.850005 -1.777545 -3.3934252
1.7837347 9.349643 0.61293435 -0.635005 -2.442545 -5.2834253
1.7238779 9.253872 0.92658436 -0.355005 -1.147545 -4.338425
1.6065584 9.308941 0.9385557 -1.4400051 2.037455 -2.6234248
1.611347 9.390346 0.5818088 1.4299951 4.3824553 -1.4334251
1.7669748 9.445415 0.2466103 6.819995 4.872455 -0.628425
2.0542877 9.617802 0.24421602 9.199995 4.5574546 1.016575
2.1907616 9.737515 0.2944958 3.564995 3.8924553 3.186575
1.9680939 9.8237095 0.409421 1.639995 2.597455 0.84157497
1.838803 9.715967 0.5147691 0.309995 2.947455 -0.698425
1.9010541 9.613013 0.52674043 0.13499501 3.297455 -0.13842501
2.1811843 9.792584 0.29928434 1.359995 3.157455 0.38657498
1.8531687 9.720756 0.27294734 1.6749951 2.107455 -1.4334251
1.5514901 9.541185 0.55786604 -0.60000503 2.842455 -3.463425
1.7071179 9.438231 0.53392327 -0.53000504 3.122455 -1.6084249
2.1452703 9.653716 0.0670397 2.654995 1.1624551 1.016575
1.9417568 9.747093 -0.009577099 2.899995 0.042455003 0.596575
1.6496553 9.627379 0.35435268 -0.88000506 0.182455 -1.748425
1.7430321 9.500483 0.4189981 -3.085005 0.672455 -1.258425
2.0183737 9.644139 0.30886146 -1.7550049 0.567455 0.66657495
2.0159793 9.687236 0.2681588 -0.53000504 -0.55254495 0.736575
1.8411974 9.567522 0.5506832 -1.685005 -0.202545 -0.733425
1.7406378 9.557945 0.6464542 -2.315005 0.39245498 -1.7834251
1.6855695 9.536397 0.4668836 0.064995 0.46245497 -1.153425
2.2027328 9.754275 0.30167863 2.4449952 0.672455 0.561575
2.0758362 9.842864 0.21309046 2.269995 0.147455 1.226575
1.6137413 9.70639 0.3328042 0.48499504 0.217455 -1.6084249
1.8364087 9.620196 0.39266106 -1.8250049 1.0574551 -2.343425
2.1093562 9.672871 0.17717634 -2.1400049 -0.412545 0.001575
1.8842943 9.603436 0.19154198 -1.650005 -2.407545 -0.24342498
1.5754328 9.481328 0.5889916 -4.1700053 -1.1125451 -2.5884252
1.7310607 9.447808 0.8547561 -7.2150044 -0.272545 -2.413425
