-2.78 7.5299997 0.37 48.701412 -34.950428 -11.459155
-3.3799999 7.62 -1.28 30.939718 -36.669296 -12.032113
-3.21 7.58 -0.47 20.053522 -30.366762 -19.480566
-3.26 7.6699996 0.29999998 25.210142 -23.49127 -25.7831
-2.87 7.72 0.35999998 35.523384 -25.210142 -35.523384
-2.81 7.3199997 -0.19999999 42.971836 -16.042818 -47.555496
-3.9399998 7.8199997 -0.35999998 46.40958 -21.772396 -36.669296
-4.22 7.85 -0.51 40.107044 -21.199438 -21.772396
-3.4199998 7.94 -0.76 26.929016 -8.594366 -19.480566
-2.84 7.87 -1.01 13.750987 4.583662 -17.761692
-3.52 7.64 -1.28 1.7188734 12.032113 -9.167324
-3.59 8.01 -0.69 -2.8647888 10.886198 -11.459155
-2.75 8.0199995 0.25 10.31324 14.323945 -28.07493
-2.79 7.18 -0.06 14.896902 17.188732 -21.199438
-4.21 6.99 -0.69 6.8754935 22.345354 -2.8647888
-4.91 7.68 0.01 14.896902 4.0107045 17.761692
-4.13 8.2699995 0.28 35.523384 -20.053522 24.064226
-3.06 8.49 -1.11 30.366762 -20.053522 18.907606
-2.9199998 8.92 -1.5999999 -10.886198 1.1459155 24.064226
-2.72 9.22 -0.65999997 -21.199438 10.31324 30.366762
-2.35 9.51 0.37 -21.772396 17.188732 32.085636
-2.53 9.38 0.45999998 -14.323945 4.0107045 33.231552
-1.8 9.57 0.74 1.7188734 -1.7188734 26.356058
-2.06 9.42 0.61 16.615776 1.7188734 24.637184
-2.24 9.639999 0.28 22.91831 0.0 30.366762
-1.9699999 9.15 -1.56 8.594366 -0.57295775 33.231552
-2.25 9.08 -1.13 -5.15662 -0.57295775 32.658592
-2.62 9.4 -0.22999999 -4.583662 -1.1459155 36.09634
-1.49 10.0199995 0.22999999 5.7295775 -2.291831 38.38817
-0.74 9.88 -0.62 6.3025355 7.448451 30.366762
-1.12 9.33 -1.17 -6.3025355 9.740283 25.210142
-2.07 9.179999 -0.45999998 0.0 4.583662 32.085636
-1.9699999 9.3 -0.07 6.8754935 3.4377468 33.231552
-1.48 9.01 -0.89 3.4377468 2.8647888 32.085636
-0.84999996 9.22 -1.4 -8.594366 8.594366 33.80451
-0.98999995 9.179999 -1.43 -16.615776 10.886198 36.669296
-1.02 9.58 -0.26999998 -5.15662 2.291831 28.07493
-0.07 9.11 -0.84999996 -6.3025355 5.7295775 21.199438
-0.84 9.099999 -0.84999996 -12.032113 6.8754935 21.199438
-0.90999997 9.469999 -0.06 -10.31324 12.032113 21.772396
-0.45 9.809999 -0.11 -4.583662 6.3025355 20.62648
0.25 9.83 -0.62 -4.0107045 2.291831 14.896902
-0.35999998 9.71 -0.7 -16.615776 14.323945 12.605071
-0.84999996 9.599999 -0.21 -18.334648 14.323945 18.907606
-0.049999997 9.53 0.34 -12.032113 14.896902 22.345354
0.42999998 9.349999 0.48999998 -1.7188734 12.605071 24.064226
0.48999998 9.54 0.76 16.042818 1.7188734 25.7831
0.29 10.03 0.57 29.793804 -4.583662 25.210142
-0.71999997 9.78 -2.18 -0.57295775 -11.459155 32.085636
-0.21 9.92 -1.52 -26.356058 -6.8754935 37.815212
0.14999999 9.94 -0.69 -36.669296 -3.4377468 40.680004
0.44 10.25 -0.14999999 -36.09634 -6.8754935 38.961132
0.69 10.26 0.04 -33.80451 -6.3025355 31.51268
0.37 10.15 0.03 -36.669296 -4.0107045 32.658592
0.98999995 10.0199995 0.63 -28.64789 -6.3025355 29.793804
0.82 10.139999 1.3299999 -14.323945 -4.0107045 27.501974
0.81 10.3 0.84999996 -10.886198 -1.1459155 28.07493
0.71 10.13 0.16 -17.188732 1.7188734 27.501974
1.28 10.219999 0.37 -18.334648 6.3025355 21.772396
1.41 10.349999 0.71 -12.605071 6.3025355 17.188732
0.74 10.21 1.0699999 1.7188734 0.0 16.042818
1.4499999 10.389999 0.94 8.021409 -0.57295775 15.469859
2.27 10.09 0.59999996 8.021409 0.57295775 8.021409
1.25 9.7 0.78999996 7.448451 0.0 8.594366
0.94 10.139999 1.3299999 13.750987 -5.15662 14.323945
1.5899999 10.34 1.4399999 21.199438 -6.8754935 16.615776
2.27 10.32 1.6899999 33.231552 -4.0107045 10.886198
2.05 10.24 1.3199999 37.815212 -2.8647888 7.448451
1.4399999 10.13 0.11 34.950428 -7.448451 6.3025355
1.16 9.929999 -0.42 26.929016 -12.605071 8.594366
1.22 9.63 -0.69 17.188732 -17.188732 13.178029
1.3 9.67 -0.42 9.740283 -14.323945 16.042818
1.6999999 9.7699995 -0.24 0.0 -2.291831 13.750987
2.34 9.65 -0.19999999 -4.583662 5.15662 9.740283
1.77 9.22 -0.19 -8.594366 8.021409 8.594366
0.97999996 9.08 -0.07 -6.8754935 9.167324 12.605071
1.0699999 9.01 -0.17 -2.291831 1.7188734 20.053522
1.9 9.15 -0.06 2.291831 -1.1459155 22.345354
1.92 9.3 -0.37 2.291831 -10.31324 22.345354
2.3899999 9.41 -0.63 -2.291831 -12.605071 17.761692
2.4199998 9.469999 -0.24 -3.4377468 -6.3025355 14.896902
1.67 9.71 0.32 0.0 -5.7295775 16.042818
2.1599998 10.04 0.26 1.7188734 -5.15662 13.750987
2.54 10.07 0.02 -3.4377468 1.1459155 12.032113
1.87 10.32 0.56 0.0 12.605071 12.605071
2.1599998 10.84 -0.04 3.4377468 8.021409 9.740283
2.36 10.62 -0.57 2.8647888 4.583662 9.167324
2.1499999 10.059999 -0.32 0.0 1.7188734 13.178029
2.03 9.78 0.099999994 0.0 2.8647888 19.480566
2.1699998 9.99 0.79999995 10.31324 11.459155 21.199438
2.4199998 10.139999 0.83 17.188732 10.31324 18.334648
2.45 10.24 0.04 16.042818 3.4377468 17.188732
2.49 10.34 -0.72999996 5.7295775 -2.291831 14.323945
2.78 10.389999 -0.85999995 -5.15662 -9.167324 9.740283
2.47 9.86 -0.75 -14.896902 -12.605071 11.459155
2.18 9.5 -0.01 -13.750987 -3.4377468 13.750987
2.46 9.809999 0.83 -6.8754935 1.1459155 17.188732
2.74 9.84 0.0 -8.594366 0.0 16.042818
2.76 9.82 0.03 -8.594366 -2.291831 13.750987
2.5 9.84 0.35 -5.7295775 -5.15662 13.750987
2.55 9.8 0.26999998 -4.0107045 -1.1459155 14.323945
2.58 9.84 0.28 -5.15662 5.15662 14.323945
2.8799999 10.01 -0.07 -9.167324 4.583662 11.459155
3.1599998 10.13 -0.22 -11.459155 0.57295775 7.448451
2.85 9.929999 0.099999994 -7.448451 -1.1459155 6.3025355
2.4299998 9.78 0.44 -2.8647888 0.57295775 9.740283
2.76 9.96 0.32 -2.8647888 4.0107045 9.740283
2.8999999 10.07 0.049999997 -3.4377468 4.0107045 6.3025355
2.9199998 10.2699995 0.85999995 2.8647888 0.57295775 4.0107045
2.83 10.36 0.45 8.594366 -1.1459155 0.0
2.96 10.29 0.14999999 6.3025355 -4.583662 -4.583662
2.77 9.86 0.35999998 3.4377468 -1.7188734 -6.8754935
2.6399999 9.74 0.75 3.4377468 0.57295775 -4.0107045
2.96 9.7 0.52 2.8647888 1.1459155 -5.15662
3.26 9.74 0.13 0.57295775 -1.1459155 -8.021409
3.03 9.4 0.14 0.57295775 -5.15662 -8.021409
2.78 9.22 0.37 0.57295775 -3.4377468 -7.448451
2.74 9.05 0.14999999 -2.291831 0.0 -6.3025355
2.86 8.9 0.17 -2.8647888 -0.57295775 -5.15662
3.06 8.8 0.68 4.0107045 -1.1459155 -3.4377468
2.8799999 8.83 0.41 5.7295775 -0.57295775 -2.291831
2.9399998 8.96 0.26999998 5.15662 0.0 -1.7188734
2.95 9.15 0.32 5.15662 0.0 -0.57295775
3.1299999 9.12 0.13 4.0107045 -1.1459155 -2.291831
2.8999999 9.0199995 0.02 1.1459155 -1.7188734 -2.8647888
2.71 9.0199995 0.42999998 2.291831 -1.7188734 -0.57295775
2.82 9.04 0.75 4.0107045 2.8647888 0.57295775
2.85 9.179999 0.35 1.1459155 3.4377468 0.0
2.98 9.2 0.16 0.0 3.4377468 -1.1459155
2.79 9.17 0.32999998 2.291831 1.7188734 0.0
2.9399998 9.3 0.28 3.4377468 0.57295775 -1.7188734
2.9199998 9.15 0.03 2.8647888 0.57295775 -1.1459155
2.7 8.87 0.52 4.583662 2.8647888 0.57295775
2.9199998 9.059999 0.38 6.8754935 5.7295775 1.1459155
2.8899999 9.179999 -0.089999996 6.3025355 1.7188734 1.1459155
2.83 9.2 -0.14999999 4.0107045 -2.291831 1.7188734
2.78 9.22 0.12 0.57295775 -1.7188734 2.8647888
2.87 9.309999 0.22999999 -2.291831 1.1459155 1.1459155
3.06 9.389999 0.53 1.1459155 3.4377468 0.0
2.81 9.26 0.42999998 4.0107045 1.7188734 0.57295775
2.82 9.179999 0.13 2.8647888 1.7188734 1.7188734
2.75 9.16 -0.19999999 -1.7188734 0.57295775 2.291831
2.69 9.15 0.03 -2.291831 0.0 3.4377468
2.8999999 9.33 0.51 1.1459155 0.57295775 0.57295775
2.9299998 9.41 0.45999998 2.8647888 1.1459155 -0.57295775
2.8899999 9.29 0.85999995 6.8754935 2.8647888 0.0
2.9099998 9.25 0.84 11.459155 7.448451 0.0
2.75 9.07 0.26999998 8.021409 12.605071 0.57295775
3.0 9.12 0.19999999 4.0107045 14.323945 0.57295775
3.1999998 9.38 -0.099999994 0.0 9.740283 -1.7188734
2.9299998 9.26 -0.12 0.0 4.0107045 -1.7188734
2.79 9.13 -0.04 -1.1459155 -0.57295775 -0.57295775
2.81 9.0 -0.049999997 -2.8647888 -1.7188734 0.0
2.8 9.17 0.76 -0.57295775 2.8647888 0.0
