-0.5 9.74 1.17 -17.188732 5.7295775 1.1459155
0.16 10.309999 1.05 -6.8754935 11.459155 1.1459155
-0.95 10.0 0.26999998 3.4377468 2.291831 -7.448451
-1.0 9.94 -0.41 11.459155 0.0 -8.021409
-0.79999995 9.87 -1.0699999 8.594366 0.57295775 -8.021409
-1.06 9.76 -1.13 6.8754935 1.7188734 -12.605071
-1.67 9.83 -0.53 0.57295775 -1.7188734 -13.178029
-1.3299999 9.389999 -0.55 -2.291831 -3.4377468 -6.8754935
-1.06 9.23 -0.7 0.57295775 0.0 -3.4377468
-1.1899999 9.389999 -0.48999998 1.7188734 2.291831 -2.8647888
-1.1899999 9.389999 -0.48999998 0.0 -1.1459155 -2.8647888
-1.4599999 9.389999 -0.57 0.0 -5.7295775 -5.7295775
-1.64 9.179999 -1.1999999 3.4377468 -4.0107045 -4.583662
-1.39 8.94 -1.23 -5.15662 -3.4377468 1.7188734
-1.4399999 9.09 -0.53999996 -10.31324 -1.1459155 1.7188734
-1.0 9.0 -0.099999994 -16.615776 0.57295775 1.7188734
-0.59 8.78 0.26 -11.459155 -1.1459155 -2.291831
-0.98999995 8.84 0.32999998 -9.167324 -4.0107045 -7.448451
-1.42 8.76 0.29999998 -5.7295775 -6.8754935 -12.032113
-1.23 8.46 0.01 -1.1459155 -7.448451 -13.178029
-1.2099999 8.41 -0.71999997 2.291831 -8.021409 -13.750987
-1.67 8.639999 -0.03 -1.7188734 -18.907606 -15.469859
-1.77 8.91 -1.01 4.583662 -22.345354 -10.886198
-1.55 8.929999 -1.3 3.4377468 -12.605071 -4.0107045
-1.11 8.72 -0.39999998 -8.594366 -10.886198 -1.7188734
-1.8 8.98 0.89 -10.886198 -12.605071 -3.4377468
-1.78 9.389999 0.98999995 -6.3025355 -20.053522 0.0
-0.9 10.04 -1.9399999 11.459155 -15.469859 8.021409
-0.72999996 9.889999 -0.96 4.0107045 -8.021409 7.448451
-0.48999998 10.0199995 0.76 -16.615776 -9.167324 7.448451
-0.65 10.13 0.83 -12.605071 -12.032113 5.7295775
-0.98999995 10.2 -1.01 6.3025355 -12.605071 1.1459155
-0.85999995 10.01 -0.91999996 14.896902 -12.605071 2.8647888
-0.65 10.309999 0.35999998 1.7188734 -14.896902 4.0107045
-0.42 10.389999 -0.76 2.291831 -17.188732 4.583662
-0.84999996 10.42 -1.38 9.740283 -9.740283 2.8647888
-0.84999996 10.33 -0.77 0.57295775 -8.594366 2.8647888
-0.78999996 10.33 -0.17 -5.15662 -10.31324 5.15662
-0.71 10.179999 0.06 -5.7295775 -12.032113 7.448451
-0.42 10.12 -0.19999999 2.291831 -8.021409 9.740283
-0.34 10.17 -0.39 2.291831 -10.886198 8.594366
-0.63 10.349999 0.17999999 0.57295775 -10.886198 6.8754935
-0.14999999 10.309999 -0.53999996 4.0107045 -10.31324 8.594366
-0.45 9.74 -0.07 6.3025355 -5.7295775 9.167324
-0.91999996 9.99 0.19 4.0107045 -8.594366 5.15662
-0.72999996 10.09 -0.56 10.31324 -10.886198 6.8754935
-0.25 9.98 -1.24 10.31324 -5.7295775 10.886198
-0.66999996 10.16 -1.06 8.021409 -4.0107045 10.31324
-0.71999997 10.139999 -0.12 -1.7188734 -2.291831 9.167324
-0.26 9.84 -0.22 -3.4377468 -4.583662 16.042818
0.0 9.78 -0.37 1.1459155 -1.7188734 16.615776
0.39 9.58 -0.87 1.1459155 -3.4377468 16.042818
-0.42 9.42 -0.69 -0.57295775 -5.15662 9.740283
-0.78999996 9.88 -0.52 -1.7188734 -4.0107045 9.740283
-0.17 9.96 -0.68 -1.7188734 -6.3025355 18.907606
0.34 9.99 -0.59999996 -2.291831 -5.15662 21.772396
0.45 9.8 -0.69 -5.15662 -2.291831 19.480566
-0.02 10.059999 -0.19 -5.15662 -0.57295775 16.042818
-0.29 10.0199995 -0.28 -4.583662 -0.57295775 15.469859
0.28 9.929999 -0.47 0.0 0.57295775 17.761692
0.63 9.73 -0.62 0.0 0.57295775 20.053522
0.71999997 9.86 -0.52 0.0 -2.291831 17.761692
0.16 9.969999 -0.42 0.0 -2.8647888 17.188732
0.32999998 9.83 -0.32999998 -1.1459155 -2.291831 14.896902
0.72999996 9.92 -0.14 -2.291831 -2.291831 18.907606
0.90999997 10.04 -0.53999996 0.57295775 -0.57295775 20.053522
0.98999995 10.05 -1.39 4.583662 -3.4377468 16.615776
0.85999995 9.929999 -0.21 -2.291831 -4.583662 14.896902
0.51 10.09 -0.29999998 -6.3025355 -4.583662 14.323945
1.04 10.26 -1.73 3.4377468 -2.291831 16.042818
1.13 10.07 -0.88 -1.1459155 -1.7188734 16.615776
1.8 8.389999 2.3799999 -13.178029 0.0 17.188732
0.83 9.26 -0.42999998 5.7295775 -8.594366 13.178029
0.07 9.87 -1.8199999 18.907606 0.0 15.469859
1.13 10.37 -1.31 4.0107045 5.7295775 29.793804
2.1299999 9.75 -0.19999999 -5.15662 1.1459155 35.523384
2.22 9.5199995 -0.21 -4.583662 0.0 34.377464
1.52 9.21 -0.22999999 3.4377468 -0.57295775 28.64789
1.15 9.99 -0.06 0.57295775 -1.1459155 26.929016
2.37 9.87 -1.5 5.7295775 4.583662 32.085636
2.37 9.87 -1.64 9.167324 2.291831 30.366762
1.8299999 9.62 -1.37 4.583662 2.8647888 28.64789
2.4199998 10.19 -0.26 -3.4377468 1.7188734 30.366762
2.8999999 10.07 -0.48999998 0.57295775 1.1459155 34.377464
2.57 9.71 -0.42 2.291831 4.0107045 32.085636
2.54 9.57 -0.39 2.8647888 7.448451 28.64789
2.78 9.57 -1.49 6.3025355 4.583662 29.793804
2.9299998 9.86 -1.7099999 2.291831 1.7188734 29.793804
2.81 9.389999 -1.15 -6.3025355 1.1459155 29.793804
2.56 9.429999 0.089999996 -9.740283 1.1459155 30.366762
3.4399998 9.59 0.13 7.448451 6.3025355 31.51268
3.3799999 10.41 -2.4199998 14.896902 1.1459155 30.366762
2.85 10.36 -3.32 5.15662 -0.57295775 24.064226
3.02 10.03 -1.0699999 -20.62648 -9.740283 25.210142
3.24 10.21 0.34 -22.91831 -9.740283 26.929016
3.73 10.36 0.22999999 -9.740283 -10.886198 28.64789
3.53 10.28 -0.17 2.291831 -9.167324 24.637184
3.53 10.28 -0.17 8.021409 1.7188734 22.345354
3.84 10.24 -1.53 6.8754935 1.7188734 23.49127
3.07 10.46 -0.53 6.3025355 5.15662 18.907606
3.07 10.46 -0.53 2.8647888 7.448451 18.907606
4.0699997 10.599999 -1.79 3.4377468 6.8754935 22.91831
4.23 10.26 -2.09 2.8647888 1.7188734 22.91831
3.6599998 10.19 -0.17999999 -12.032113 1.1459155 16.042818
4.1 10.0199995 -0.07 -8.594366 2.291831 14.896902
4.47 9.83 -0.58 2.291831 -0.57295775 14.896902
3.49 9.679999 -1.16 5.15662 2.8647888 9.740283
3.59 9.78 -1.11 1.7188734 4.0107045 9.740283
4.19 9.88 -1.1899999 1.7188734 4.0107045 9.740283
3.8899999 9.91 -0.91999996 0.0 0.0 14.323945
3.84 9.87 -0.64 0.0 -0.57295775 8.021409
4.08 9.92 -1.2099999 -0.57295775 0.0 8.021409
4.2999997 10.07 -1.55 1.7188734 0.57295775 8.594366
3.85 9.94 -0.77 0.0 0.0 8.021409
4.11 9.79 -0.29999998 -3.4377468 0.0 4.583662
4.5 9.91 -1.4599999 2.8647888 1.7188734 5.7295775
3.8899999 9.41 -1.13 5.15662 0.57295775 3.4377468
3.8 9.309999 -0.74 2.291831 0.0 1.1459155
4.24 9.38 -0.89 -2.291831 0.57295775 0.0
4.36 9.42 -1.4 0.0 1.1459155 1.1459155
4.0899997 9.429999 -1.03 -1.1459155 0.57295775 -0.57295775
3.9599998 9.389999 -0.59999996 -4.583662 0.57295775 -1.1459155
4.47 9.13 -1.4599999 -4.583662 0.57295775 -1.1459155
4.47 9.13 -1.51 0.57295775 0.57295775 0.0
3.9599998 9.09 -1.15 -4.0107045 0.57295775 -3.4377468
3.77 9.0 -0.79999995 -5.7295775 0.57295775 -3.4377468
4.35 9.099999 -1.37 -2.291831 0.57295775 -0.57295775
4.2999997 9.04 -1.11 -1.1459155 0.0 0.0
3.78 8.95 -0.66999996 -5.15662 -0.57295775 -3.4377468
3.9499998 9.12 -0.75 -1.7188734 2.291831 -0.57295775
4.38 9.349999 -1.4499999 2.8647888 3.4377468 0.57295775
4.37 9.16 -1.43 1.1459155 2.291831 -0.57295775
3.81 8.929999 -1.18 -2.8647888 0.0 -4.583662
4.02 9.0199995 -1.27 -4.0107045 0.0 -2.291831
4.13 9.09 -1.02 -4.583662 -0.57295775 -1.1459155
4.21 9.09 -0.83 -4.0107045 1.1459155 -0.57295775
4.21 9.179999 -1.03 -3.4377468 1.7188734 -1.1459155
4.14 9.34 -1.37 -1.7188734 1.7188734 -1.7188734
4.0499997 9.059999 -0.95 -2.291831 0.0 -2.291831
3.84 8.95 -0.95 -1.7188734 0.0 -2.291831
4.17 9.05 -1.35 -1.1459155 1.7188734 -1.7188734
4.17 9.09 -1.27 -1.1459155 0.0 -0.57295775
3.98 9.01 -0.97999996 -1.7188734 0.0 -0.57295775
4.11 9.08 -0.81 -3.4377468 0.57295775 -1.7188734
4.27 9.11 -1.1899999 -2.8647888 1.1459155 -1.1459155
4.11 8.92 -1.1899999 0.0 0.57295775 -1.7188734
3.9299998 8.88 -1.1999999 0.0 0.0 -2.8647888
4.0099998 8.889999 -1.37 0.0 0.57295775 -2.8647888
4.15 9.07 -1.42 -2.291831 0.0 0.0
4.27 9.08 -1.31 -5.7295775 -1.1459155 -0.57295775
3.99 9.17 -1.02 -9.167324 -2.291831 -2.291831
3.83 9.139999 -1.3299999 -8.594366 -1.1459155 -2.8647888
3.87 9.42 -0.96999997 -9.167324 0.0 -2.291831
4.29 9.38 -0.59999996 -11.459155 0.57295775 0.0
4.04 9.429999 -0.76 -6.3025355 0.0 -1.7188734
