-1.1516461 9.6896305 -1.3695252 10.779125 -11.58332 -2.8888652
-0.6153286 9.591465 -0.60335726 1.539125 -12.458321 -3.9388652
-0.31604427 9.711179 -0.749408 -4.7608747 -14.13832 -0.053865
-0.7805336 9.996098 -1.2091088 -2.1008751 -10.323319 0.821135
-0.87151605 9.905115 -1.201926 1.9241251 -5.8433204 -3.623865
-0.76137936 9.512454 -0.8930645 1.434125 -5.66832 -7.648865
-0.9768641 9.2490835 -1.089395 -0.420875 -9.02832 -8.873864
-1.4054393 8.834874 -1.3360053 0.314125 -8.57332 -11.183866
-1.7214836 8.358414 -1.0582695 -0.805875 -5.5283203 -14.298865
-1.7645805 7.8125186 -0.7781393 -7.175875 -3.8833199 -16.363867
-1.7741576 7.108602 -0.6249057 -11.970875 -3.46332 -18.078865
-2.1979442 6.4932733 -0.48843205 -5.8458753 -6.15832 -23.223866
-2.4086404 5.686403 -0.6751855 4.654125 -10.848319 -30.468866
-2.578634 5.095017 -0.7685622 15.504125 -19.77332 -39.358864
-2.7390504 4.7526355 -0.9337672 24.954124 -32.61832 -48.598866
-2.7773588 4.72151 -0.85954463 28.489126 -40.70332 -56.613865
-2.803696 4.5347567 -0.90982443 23.204124 -32.16332 -63.75387
-1.9393626 4.3240604 -0.8547561 15.399126 -23.41332 -63.403866
-1.6520497 4.182798 -0.7781393 6.544125 -21.803322 -66.62386
-2.5068057 4.5539107 -0.75180227 -0.665875 -18.268322 -76.66887
-3.694366 4.6712303 -0.53392327 -8.260876 -3.1133199 -82.58386
-2.9736893 4.7502413 -0.6153286 -15.155875 12.88168 -73.76387
-2.3056867 5.1093826 -0.8379962 -18.340876 8.71668 -55.913864
-2.978478 5.8180876 -0.82602483 -19.845875 -5.31832 -45.938866
-3.0742488 6.2921543 -0.031125572 -24.430874 -13.43832 -38.09886
-2.1332989 6.7135468 0.58420306 -30.100876 -12.35332 -20.108866
-1.4700848 7.4629545 0.29928434 -21.840876 -10.28832 -1.173865
-2.3320236 7.953781 -0.44772938 -3.605875 -15.25832 4.846135
-2.47568 8.631361 -0.14126222 4.8991246 -16.34332 8.416135
-1.1923488 9.330489 0.3519584 -0.455875 -10.28832 22.521135
-1.5490957 9.751882 -0.45730647 1.1891251 -15.78332 32.321136
-1.6568382 10.178062 -1.2186859 7.559126 -19.878319 33.826138
-1.3360053 10.28341 -0.4166038 -3.080875 -14.34832 41.911137
-0.9433443 10.458193 0.9194015 -22.365875 -10.21832 48.596138
-0.80687064 11.178869 0.9601042 -26.425875 -15.608319 52.726135
-0.8667275 11.547587 -0.52674043 -11.095876 -21.03332 55.036133
-0.24900457 11.382382 -0.7446195 1.3291249 -20.61332 56.506138
0.016759925 11.006481 0.40463245 -5.705875 -22.64332 61.756138
-1.1229149 11.619415 1.5802214 -18.795876 -23.308321 64.41614
-1.0055954 11.76786 0.57223165 -13.720875 -25.23332 64.766136
0.2944958 11.933065 -0.33519846 5.9491253 -29.573318 72.39613
0.68715686 12.040808 0.1987248 12.144125 -21.13832 84.40114
-0.4932206 12.51248 1.5802214 2.134125 -9.133321 83.491135
-0.08619389 13.367236 0.35914123 -3.220875 -14.03332 74.32114
0.87630457 13.403151 -1.1133378 11.759125 -20.22832 77.33114
-0.0047885496 13.594692 -0.84996754 22.399126 -14.313319 78.62613
-0.14605077 13.8006 -0.7446195 12.529125 -14.13832 70.016136
-0.14126222 14.439872 -0.8667275 -0.805875 -18.33832 65.81613
0.35435268 14.8516865 -0.2466103 -18.095877 -16.23832 65.711136
0.6440599 15.028863 0.5770202 -24.290874 -15.643321 59.166138
0.29689008 15.167731 1.0486923 -18.445875 -13.963321 48.35114
0.20111908 14.844503 0.5554718 -5.145875 -9.65832 38.411133
0.33759275 14.418323 -0.09337672 6.159125 -6.54332 33.896137
1.6688095 13.47019 -0.28731298 9.484125 -1.08332 28.331135
1.1516461 13.072741 -0.06464542 7.314125 -0.31332 19.476135
0.47885495 12.112637 0.15802214 5.669125 -0.66332 9.991135
0.888276 11.607444 0.29210153 5.809125 1.1916801 6.911135
1.3024855 11.459 0.0670397 9.729126 2.9416802 6.911135
1.3814965 11.22436 -0.31125572 13.649125 2.38168 4.006135
1.1444633 10.668888 -0.14844504 11.199125 0.84168 -1.348865
1.0510867 10.257073 0.17238778 3.7091248 -0.34832 -5.863865
1.2761484 9.976943 0.28970724 -2.2758749 0.28168002 -6.8438654
1.594587 9.670476 0.5650489 -6.0558753 2.2416801 -5.968865
1.0151725 9.37598 0.7134939 -7.3858747 2.7666802 -7.0538654
0.84039044 9.27542 0.45491222 -5.110875 3.15168 -8.663864
1.4389591 9.256267 0.30167863 -3.185875 4.76168 -4.2188654
1.5203645 9.234718 0.4932206 -3.815875 5.81168 0.611135
1.4605076 9.404712 0.33519846 -1.8558749 5.35668 0.331135
1.1803775 9.438231 -0.22506183 4.8291254 4.9016795 -1.4188651
1.3838909 9.490906 -0.3902668 8.294125 4.97168 -1.523865
1.733455 9.651321 -0.29210153 5.5291247 5.4966803 0.36613497
1.1420691 9.680053 -0.24900457 2.554125 2.90668 -0.33386502
1.0726352 9.627379 -0.1699935 1.469125 1.1916801 -3.518865
1.3743137 9.696813 -0.17957062 0.174125 1.5066801 -2.818865
1.333611 9.641745 -0.13168511 -0.805875 0.98168004 -1.103865
1.2641771 9.5794935 0.10055954 -1.470875 -0.34832 -1.803865
1.4557191 9.663293 0.08858817 -2.2058752 -0.76831996 -2.4338648
1.3407938 9.692024 -0.2657645 -1.050875 -0.27831998 -2.188865
1.0606637 9.45978 -0.20351335 0.594125 -0.76831996 -3.3438652
0.68715686 9.232324 0.50040346 -1.6108749 -2.06332 -4.3238654
1.0798179 9.687236 0.86912173 -5.9508753 -2.51832 -2.643865
1.6496553 10.067925 0.3328042 -3.5708752 1.4016801 2.8511348
1.4437478 10.130177 -0.45970076 7.699125 3.9566798 5.1611347
1.0774237 9.90272 -0.6943397 16.554125 3.6416802 1.4161351
0.9601042 9.675264 -0.43096948 13.824125 4.30668 -2.503865
1.1708003 9.627379 -0.15083931 4.9341254 5.6016803 -2.013865
1.3120626 9.656111 -0.17717634 -0.105875 5.11168 -0.22886501
1.0175668 9.6896305 -0.3615355 3.8491254 0.45668 -1.873865
0.9696813 9.651321 -0.5147691 3.8141248 0.31667998 -2.083865
1.3168511 9.63935 -0.43815228 1.014125 -1.18832 -0.193865
1.132492 9.675264 -0.22985038 -1.9608749 -2.79832 -0.508865
0.9313729 9.675264 -0.05985687 -3.9558752 -2.30832 -1.4188651
1.2258687 9.749487 -0.12210801 -3.640875 -2.48332 -0.018864999
1.3838909 9.747093 -0.25139886 -2.4858751 -3.3583202 1.2761351
1.0223553 9.703996 -0.32083282 -3.080875 -4.89832 0.086135
0.90024734 9.603436 -0.11253092 -7.420875 -5.10832 -0.368865
1.1061549 9.651321 0.27294734 -12.320875 -3.56832 2.3261352
1.6496553 9.677659 0.3974496 -12.110876 -2.51832 4.846135
1.324034 9.668081 0.2657645 -5.7408752 -4.12832 2.6761348
0.99362403 9.675264 0.083799616 -0.735875 -4.19832 -1.558865
1.3383996 9.680053 -0.031125572 -0.38587502 -1.57332 -0.788865
1.185166 9.701602 0.19633053 -1.8908751 -1.60832 0.611135
1.0510867 9.699207 0.33759275 -2.5558748 -2.58832 -1.348865
1.3814965 9.780613 0.17957062 -0.91087496 -3.0083199 -1.453865
1.297697 9.818921 0.117319465 0.874125 -2.83332 -0.753865
1.0223553 9.766247 0.26097596 -0.560875 -0.83831996 -1.908865
1.1612233 9.660899 0.34956414 -2.2058752 0.66668004 -2.398865
1.3719195 9.749487 0.17238778 -1.400875 -0.03332 -1.243865
1.2330515 9.763853 0.08858817 -0.105875 0.42168 -0.578865
0.7972935 9.718362 0.18196489 -0.105875 0.35167998 -1.733865
0.9696813 9.644139 0.38547826 -1.750875 1.01668 -2.188865
1.4605076 9.735122 0.45251793 -3.7458751 4.6216803 1.3811351
