-2.2 9.76 -0.96 28.64789 -10.886198 -17.188732
-2.6499999 9.86 -0.83 30.366762 -10.31324 -15.469859
-2.12 9.429999 0.0 10.31324 -30.939718 -9.167324
-1.31 9.45 0.08 2.291831 -38.38817 -2.8647888
-1.3 9.17 0.16 6.3025355 -22.91831 -2.8647888
-1.9 9.16 -0.04 17.761692 -7.448451 -10.31324
-2.21 9.05 -0.35 28.64789 -8.021409 -18.334648
-2.49 9.05 -0.84 33.231552 -16.042818 -18.334648
-2.37 8.95 -1.24 29.220846 -19.480566 -13.178029
-2.3999999 8.809999 -1.24 21.199438 -14.896902 -9.167324
-2.07 8.59 -1.3399999 16.042818 -11.459155 -5.15662
-2.2 8.13 -1.6999999 14.896902 -9.740283 -5.7295775
-2.57 7.7999997 -1.8199999 10.886198 -8.021409 -10.31324
-2.8899999 7.6099997 -1.3 2.291831 -8.021409 -8.021409
-2.58 7.41 -1.26 0.0 -11.459155 -3.4377468
-2.19 6.97 -1.15 0.0 -14.323945 0.0
-2.19 6.97 -1.15 0.0 -14.323945 0.0
-2.7 6.27 -0.34 5.7295775 -12.605071 0.0
-2.07 6.24 -0.37 18.334648 -21.199438 9.167324
-1.61 6.2 -1.4499999 32.658592 -34.950428 9.740283
0.04 5.5 -3.3 29.220846 -39.53409 10.31324
-2.31 5.5299997 -1.0699999 -6.8754935 -6.3025355 -12.032113
-2.51 7.02 -0.049999997 -16.615776 4.0107045 -14.323945
-0.22999999 6.5 -0.58 -12.032113 -13.750987 33.80451
-0.57 6.7999997 -0.16 -11.459155 -13.750987 33.231552
-0.79999995 7.17 0.32 -12.605071 -6.3025355 28.07493
-0.32 7.99 -0.53999996 -2.8647888 1.7188734 29.793804
-0.26999998 8.36 -0.07 2.291831 4.583662 37.815212
0.45999998 8.78 0.35999998 -0.57295775 -1.7188734 46.98254
0.12 9.36 -0.01 -1.1459155 -0.57295775 46.98254
0.42 9.62 -1.29 6.8754935 2.8647888 43.544792
0.58 9.92 -2.37 9.167324 6.8754935 40.680004
-0.91999996 9.92 0.03 -25.210142 12.605071 44.69071
-0.19 10.21 1.28 -40.107044 5.15662 44.69071
1.18 11.07 -0.39 -22.91831 -9.740283 63.598316
1.63 11.719999 -1.76 -1.7188734 -12.032113 65.317184
1.3199999 11.7 -0.53 -18.334648 -9.740283 53.858032
1.27 11.809999 1.25 -41.825916 -18.907606 53.858032
2.34 11.92 1.55 -36.09634 -22.345354 57.29578
3.1799998 11.889999 0.90999997 -20.053522 -24.064226 58.441692
3.34 11.65 1.81 -23.49127 -21.772396 53.285076
2.6499999 10.95 1.88 -21.772396 -16.042818 37.242256
3.4499998 10.679999 0.96999997 -5.7295775 -17.188732 33.80451
2.77 9.74 -0.13 5.7295775 -20.62648 32.658592
1.16 9.84 -0.53 2.291831 -13.750987 21.199438
1.7099999 9.99 -0.17999999 -6.3025355 -13.178029 22.345354
2.51 10.07 0.06 -24.637184 -10.31324 38.961132
3.1699998 9.76 0.71999997 -36.669296 -10.31324 52.712116
2.35 9.809999 1.86 -40.680004 -5.7295775 45.263664
2.03 10.25 1.75 -30.366762 -3.4377468 37.815212
2.1499999 10.69 0.37 -11.459155 -9.167324 45.83662
2.1699998 10.67 0.42999998 -10.31324 -5.7295775 60.733524
2.6399999 10.46 0.65999997 -20.62648 -2.291831 72.19268
2.86 10.679999 0.95 -28.64789 -2.8647888 87.089584
3.23 10.349999 1.35 -28.64789 -2.8647888 87.089584
2.46 10.849999 2.1399999 -14.323945 -1.1459155 86.516624
4.73 11.309999 0.98999995 13.178029 0.0 91.67324
5.35 12.16 0.02 17.761692 0.0 91.10028
4.99 12.25 -0.14999999 4.583662 -9.740283 66.463104
4.5099998 12.49 0.52 -0.57295775 -10.31324 60.160564
4.92 12.32 0.78 -11.459155 -8.594366 58.441692
5.4 12.17 1.2099999 -16.615776 -5.7295775 44.69071
5.38 12.08 2.08 -16.615776 -4.0107045 38.38817
5.35 11.88 2.1699998 -8.594366 1.1459155 27.501974
5.43 11.41 1.15 9.740283 0.0 18.907606
5.2 10.809999 0.02 18.907606 -0.57295775 11.459155
5.1099997 10.53 0.53999996 7.448451 0.0 2.291831
4.99 10.32 1.1999999 0.0 5.15662 -5.15662
5.22 9.73 0.97999996 1.7188734 2.8647888 -4.583662
5.04 9.17 0.44 4.0107045 -1.1459155 -5.7295775
4.62 8.76 0.57 -3.4377468 -3.4377468 -7.448451
4.85 8.639999 1.27 -15.469859 0.0 -6.8754935
4.87 8.57 1.0799999 -13.178029 4.583662 -6.3025355
4.7599998 8.51 0.84 -8.021409 -2.291831 -9.167324
4.17 8.559999 0.95 -6.8754935 -6.3025355 -12.032113
4.14 8.57 1.04 -8.021409 -1.1459155 -8.021409
4.61 8.61 1.0 -9.167324 2.291831 -4.583662
4.85 8.78 1.7099999 -10.31324 9.167324 -2.291831
4.81 8.78 1.4499999 -5.15662 4.0107045 -4.583662
4.72 8.8 0.68 9.167324 -5.7295775 -7.448451
4.48 8.84 0.11 15.469859 -5.7295775 -8.021409
4.44 8.83 0.12 8.594366 -0.57295775 -6.8754935
4.33 8.69 0.71 0.0 5.15662 -3.4377468
4.41 8.63 0.78999996 -0.57295775 3.4377468 -0.57295775
4.5499997 8.559999 0.37 6.8754935 -6.3025355 0.0
4.54 8.51 -0.45 10.886198 -13.750987 0.0
4.62 8.61 -0.29 2.291831 -12.605071 1.1459155
4.71 8.63 0.32 -6.3025355 -2.8647888 1.7188734
4.79 8.71 1.26 -7.448451 -0.57295775 1.7188734
4.89 8.78 1.29 -4.0107045 -4.0107045 1.7188734
4.79 8.84 0.9 7.448451 -8.021409 -1.7188734
4.89 8.889999 0.41 13.750987 -8.021409 -0.57295775
4.92 8.889999 0.32 9.740283 -8.021409 -1.1459155
4.83 8.809999 0.82 0.0 -4.0107045 -2.8647888
4.74 8.75 1.06 -2.291831 -1.1459155 -4.0107045
4.6 8.66 0.95 0.57295775 -2.8647888 -4.583662
4.45 8.599999 0.84 2.291831 -4.0107045 -4.0107045
4.71 8.73 0.93 1.1459155 -2.8647888 -2.291831
4.67 8.809999 0.85999995 1.7188734 0.0 -3.4377468
4.65 8.76 0.48999998 1.7188734 -2.8647888 -3.4377468
4.81 8.69 0.45999998 -1.7188734 -2.8647888 -2.291831
4.45 8.66 0.61 -6.8754935 -3.4377468 -4.0107045
4.17 8.69 0.95 -9.167324 -1.1459155 -4.0107045
4.36 8.76 0.94 -4.583662 -2.291831 -1.7188734
4.92 8.94 0.71999997 0.57295775 -2.8647888 0.0
4.69 9.01 0.37 2.8647888 -3.4377468 -2.291831
4.65 9.01 0.32 0.57295775 -2.291831 -3.4377468
4.7599998 8.91 0.29999998 -3.4377468 -2.291831 -3.4377468
4.8199997 8.87 0.74 -6.8754935 -0.57295775 -4.583662
4.58 8.74 0.75 -6.3025355 0.0 -5.7295775
4.5499997 8.58 0.69 -1.1459155 -2.8647888 -6.3025355
4.62 8.54 0.84999996 -0.57295775 -1.7188734 -4.583662
4.68 8.69 0.98999995 -1.1459155 -0.57295775 -4.0107045
4.36 8.599999 0.56 3.4377468 0.0 -5.7295775
4.37 8.51 0.39 4.0107045 -1.7188734 -5.15662
4.39 8.54 0.66999996 -0.57295775 -1.1459155 -2.8647888
4.5 8.67 1.15 -5.15662 0.57295775 -0.57295775
4.52 8.69 1.1899999 -4.0107045 1.7188734 -0.57295775
4.65 8.76 0.89 0.0 0.0 -0.57295775
4.64 8.74 0.48999998 3.4377468 0.0 -0.57295775
4.41 8.639999 0.59999996 0.57295775 -0.57295775 -1.7188734
4.45 8.61 0.95 -2.291831 2.8647888 0.0
4.5299997 8.72 0.90999997 -1.1459155 2.8647888 0.57295775
4.61 8.79 0.64 2.8647888 2.291831 1.1459155
4.56 8.8 0.29999998 6.3025355 -0.57295775 0.0
4.45 8.86 0.16 5.15662 -0.57295775 0.0
4.46 8.82 0.77 -5.15662 2.291831 1.1459155
4.5499997 8.849999 0.69 -4.0107045 2.291831 1.1459155
4.5699997 8.87 0.53 -1.1459155 1.1459155 1.7188734
4.36 8.849999 0.32999998 1.7188734 -1.7188734 0.0
4.41 8.82 0.74 -1.1459155 1.1459155 1.1459155
4.7599998 8.889999 0.57 0.0 2.8647888 2.8647888
4.61 8.97 0.22 2.8647888 2.291831 2.291831
4.39 8.809999 -0.19999999 4.0107045 0.57295775 0.0
4.37 8.7699995 -0.12 2.291831 -1.7188734 0.0
4.42 8.83 0.91999996 -8.021409 -2.291831 0.57295775
