-2.8799999 8.309999 0.9 18.334648 3.4377468 4.583662
-3.6799998 8.349999 -0.04 11.459155 -8.021409 12.032113
-3.28 8.42 0.04 6.3025355 -12.605071 17.188732
-2.25 8.23 -0.049999997 -1.7188734 -5.15662 9.740283
-2.2 8.15 -0.099999994 -5.7295775 0.0 5.7295775
-2.8799999 8.33 -0.11 -9.740283 -5.15662 6.8754935
-2.83 8.26 0.19999999 -12.032113 -4.0107045 8.021409
-2.83 8.16 0.69 -10.31324 -2.8647888 10.886198
-2.99 8.29 1.03 -5.15662 -6.3025355 13.750987
-2.72 8.309999 1.16 2.8647888 -6.3025355 14.896902
-2.26 8.29 0.59 5.15662 -4.0107045 13.750987
-2.3999999 8.08 0.13 2.291831 -2.8647888 14.323945
-2.25 7.72 -0.049999997 -4.0107045 -8.021409 14.323945
-1.76 6.99 0.55 -5.7295775 -15.469859 11.459155
-2.4199998 6.62 0.90999997 -2.8647888 -14.323945 10.886198
-3.3799999 6.7 0.45 -6.8754935 -16.615776 26.929016
-3.03 7.25 0.06 -13.178029 -25.210142 33.80451
-2.35 7.8399997 1.0699999 -9.167324 -26.356058 38.961132
-1.55 8.16 2.19 2.291831 -24.064226 39.53409
-0.57 8.26 2.19 16.615776 -16.042818 33.80451
-1.09 8.98 2.08 29.793804 -14.323945 36.669296
-1.11 9.349999 1.4499999 33.231552 -10.886198 34.377464
-0.77 9.36 -0.02 26.929016 -6.3025355 31.51268
-1.41 9.69 0.66999996 25.210142 -9.740283 37.242256
-0.19999999 9.929999 0.47 28.07493 -8.021409 37.242256
1.1 9.92 -0.91999996 20.053522 -0.57295775 26.356058
0.42999998 10.09 -1.43 5.7295775 2.291831 15.469859
-1.15 10.49 -0.69 -4.0107045 -7.448451 24.637184
-1.49 10.55 0.41 0.0 -9.167324 34.377464
-0.39 10.11 0.34 -0.57295775 -6.3025355 32.658592
-0.12 9.9 0.089999996 -1.1459155 -2.8647888 32.658592
-0.79999995 10.5199995 0.82 4.0107045 -5.15662 37.815212
-0.02 10.469999 1.68 18.907606 -3.4377468 40.107044
0.41 10.23 1.3299999 29.220846 -4.0107045 39.53409
0.63 9.59 -0.19 23.49127 0.57295775 37.815212
0.89 9.49 -0.48 15.469859 5.7295775 34.377464
1.28 9.44 -0.96 5.15662 2.8647888 28.64789
1.78 9.21 -0.84999996 -4.583662 0.0 21.199438
0.93 9.28 -0.24 -6.3025355 -1.1459155 18.907606
0.52 9.5199995 -0.29 -13.750987 -2.8647888 22.345354
1.4599999 9.24 -0.099999994 -17.761692 -4.583662 17.188732
2.22 8.91 0.31 -16.042818 -11.459155 8.594366
2.6599998 8.72 0.47 -10.31324 -18.907606 -1.1459155
1.81 8.82 0.41 -5.7295775 -16.615776 -1.1459155
-0.17 9.34 0.66999996 -2.8647888 -8.594366 14.896902
-0.78 9.45 1.0699999 5.7295775 -5.15662 46.98254
1.09 9.62 0.37 12.605071 -5.15662 53.858032
2.54 9.83 -0.62 9.167324 -2.291831 47.555496
2.1599998 10.19 -0.22 4.0107045 2.291831 38.961132
1.5899999 10.37 0.22 5.7295775 5.7295775 35.523384
1.78 10.12 -0.7 1.1459155 3.4377468 34.950428
2.04 10.05 -0.71 -6.3025355 -1.1459155 33.231552
2.03 10.099999 -0.17999999 -7.448451 -3.4377468 32.658592
2.56 10.05 0.14999999 -5.7295775 -0.57295775 26.929016
2.02 10.01 0.47 -1.7188734 -0.57295775 28.07493
1.75 10.12 1.17 7.448451 0.57295775 30.366762
2.31 9.99 1.04 14.896902 5.7295775 28.64789
2.54 9.51 -0.79999995 8.594366 0.57295775 26.929016
1.9799999 9.45 -0.26999998 4.583662 1.1459155 29.793804
1.73 9.98 -0.14 2.291831 1.1459155 37.242256
3.07 9.67 -0.25 -0.57295775 1.7188734 38.961132
3.75 9.17 0.34 1.7188734 2.8647888 32.658592
3.28 8.96 0.32 6.3025355 0.0 30.939718
2.82 9.0199995 -0.41 -1.1459155 0.57295775 34.950428
2.23 9.44 -0.51 -7.448451 -0.57295775 41.825916
2.74 9.55 0.65 -1.1459155 1.1459155 44.11775
3.61 9.22 1.3199999 11.459155 6.3025355 40.680004
3.9499998 9.179999 0.25 11.459155 5.15662 34.377464
4.2799997 9.33 -1.3399999 -3.4377468 -2.291831 32.085636
3.09 9.54 0.64 -1.1459155 -2.8647888 38.38817
3.84 9.16 0.84 6.3025355 -1.1459155 38.961132
4.35 9.29 0.01 7.448451 2.291831 34.950428
4.42 9.4 0.0 6.3025355 2.291831 32.085636
4.16 9.45 0.21 9.740283 -0.57295775 34.377464
4.48 9.059999 -0.24 6.3025355 -2.291831 32.085636
4.89 8.82 -0.07 5.15662 0.0 26.929016
4.48 9.08 0.24 7.448451 1.1459155 27.501974
4.2 9.37 -0.14 6.3025355 0.57295775 29.793804
4.6 9.41 -0.34 4.0107045 3.4377468 28.07493
4.7 9.26 0.0 5.7295775 5.15662 27.501974
4.47 9.26 0.14999999 4.583662 3.4377468 29.220846
4.77 9.16 -0.63 0.0 2.8647888 28.07493
5.1 9.33 -0.51 -5.15662 0.0 25.7831
5.39 9.5 -0.11 -7.448451 0.57295775 21.772396
5.27 9.55 0.37 -4.0107045 2.8647888 17.188732
5.0099998 9.48 0.32999998 -1.1459155 2.8647888 16.042818
5.0 9.349999 0.38 2.291831 4.0107045 14.896902
5.1 9.429999 0.29999998 4.583662 2.8647888 12.605071
5.3199997 9.36 0.17999999 6.3025355 2.291831 10.31324
5.2999997 9.309999 0.07 6.3025355 1.1459155 8.021409
5.2999997 9.33 -0.26999998 2.291831 2.291831 5.15662
5.39 9.19 -0.51 -1.7188734 3.4377468 2.291831
5.0099998 8.88 -0.089999996 0.0 1.1459155 3.4377468
5.47 8.87 0.14999999 2.8647888 0.57295775 1.7188734
5.54 8.55 0.089999996 3.4377468 0.57295775 -1.1459155
5.38 8.37 0.29 5.15662 1.7188734 -2.8647888
5.23 8.29 0.0 6.3025355 2.291831 -2.291831
5.33 8.07 -0.32999998 4.583662 1.1459155 -2.291831
5.21 7.72 -0.31 2.291831 1.1459155 -1.1459155
5.08 7.8399997 -0.14999999 0.57295775 1.1459155 0.0
5.3399997 7.91 0.13 2.291831 2.291831 -0.57295775
5.45 7.8199997 0.19999999 5.15662 2.291831 -2.291831
5.21 7.75 0.0 5.15662 2.291831 -1.1459155
4.92 7.91 -0.42 1.1459155 1.1459155 0.57295775
4.89 7.95 -0.29999998 1.1459155 1.1459155 4.0107045
5.22 7.9199996 0.19 4.0107045 2.291831 4.583662
5.39 8.07 -0.48 2.291831 1.7188734 4.0107045
5.5 8.21 -0.84999996 -3.4377468 -2.291831 4.0107045
5.46 8.139999 -0.42999998 -8.021409 -4.583662 2.291831
5.21 8.059999 0.13 -9.167324 -2.291831 3.4377468
5.17 8.04 0.56 -2.8647888 0.0 5.15662
5.39 8.25 0.41 -1.1459155 0.0 3.4377468
5.73 8.44 0.089999996 -2.291831 1.1459155 -0.57295775
5.66 8.33 0.35999998 0.0 1.1459155 -2.8647888
5.16 8.13 0.61 5.7295775 1.1459155 -1.7188734
5.02 8.11 0.26 6.8754935 2.8647888 -0.57295775
5.13 8.2699995 -0.35 0.0 0.57295775 0.0
5.35 7.96 -0.02 -1.7188734 0.57295775 -0.57295775
5.15 7.8999996 0.53999996 1.1459155 1.1459155 0.0
5.39 7.91 0.51 5.15662 2.291831 0.57295775
5.64 7.93 0.17 8.021409 1.7188734 -0.57295775
5.5699997 7.87 -0.12 6.8754935 1.1459155 -2.291831
5.27 7.81 -0.22 2.8647888 1.7188734 -1.1459155
5.1 7.85 -0.14999999 0.0 2.291831 -0.57295775
5.2599998 7.83 -0.12 0.0 2.291831 -0.57295775
5.3399997 7.85 0.08 0.57295775 2.8647888 -0.57295775
5.25 7.96 0.08 1.1459155 2.291831 0.0
5.25 7.91 0.01 1.7188734 2.291831 0.57295775
5.37 7.98 0.07 1.7188734 2.291831 0.57295775
5.46 8.09 0.089999996 1.1459155 3.4377468 0.0
5.3399997 8.12 0.14 1.1459155 2.8647888 -0.57295775
5.2799997 8.08 0.34 4.0107045 1.1459155 0.0
5.3599997 8.139999 0.34 6.3025355 0.57295775 0.0
