-5.31 7.49 -0.26 -0.57295775 -1.7188734 8.594366
-5.37 7.5699997 -0.38 -1.7188734 -6.8754935 12.605071
-5.08 7.9199996 -0.69 -5.7295775 -9.740283 13.178029
-4.56 7.7 -0.24 -4.583662 -3.4377468 10.31324
-4.88 7.6 0.21 0.0 -0.57295775 10.31324
-5.1099997 7.66 0.53999996 6.3025355 0.57295775 13.178029
-4.74 8.05 -0.31 6.3025355 -0.57295775 16.042818
-4.17 8.0199995 -0.5 4.583662 0.0 12.605071
-4.58 7.71 -1.03 0.0 1.1459155 9.740283
-5.13 7.7999997 -0.48999998 -5.15662 0.0 13.178029
-4.8199997 7.69 0.14 -2.8647888 1.1459155 17.188732
-4.7999997 7.71 0.0 0.57295775 2.8647888 20.053522
-4.73 7.75 -0.48999998 -1.7188734 0.57295775 25.210142
-4.38 7.98 -0.24 -1.7188734 -0.57295775 24.637184
-3.81 8.139999 -0.089999996 -2.8647888 2.291831 21.199438
-4.24 8.3 -0.29999998 -5.7295775 4.0107045 24.064226
-4.83 8.59 0.11 -2.291831 1.7188734 29.793804
-4.15 8.599999 0.11 0.0 2.8647888 30.366762
-4.04 8.88 -0.63 -4.0107045 0.0 32.658592
-3.1799998 9.059999 -0.48999998 -6.3025355 -2.291831 29.793804
-2.79 8.84 -0.32999998 -8.594366 -0.57295775 22.345354
-3.87 9.07 0.44 -7.448451 2.291831 21.772396
-3.81 9.389999 0.5 -1.7188734 1.1459155 24.637184
-2.99 9.16 -0.26 -0.57295775 0.0 22.91831
-3.4499998 8.87 -0.07 -1.7188734 0.57295775 24.064226
-3.79 9.07 0.14999999 0.0 -0.57295775 27.501974
-3.09 8.86 0.11 2.291831 1.1459155 26.356058
-3.27 9.0 0.38 5.15662 2.8647888 28.07493
-3.1999998 9.099999 0.0 4.583662 0.57295775 28.64789
-2.76 9.03 -0.45999998 1.1459155 1.1459155 28.64789
-2.8 9.24 -0.19 -1.1459155 0.0 30.939718
-2.05 9.059999 -0.14999999 -2.291831 0.0 27.501974
-2.76 8.92 0.19 -0.57295775 1.1459155 26.356058
-2.95 8.929999 0.45999998 2.291831 -1.1459155 31.51268
-1.9699999 9.11 0.14 5.15662 0.0 29.220846
-2.11 9.38 -0.56 0.0 2.291831 25.7831
-2.48 9.38 -0.14 -2.8647888 1.1459155 28.07493
-2.12 9.16 0.13 0.0 0.0 28.07493
-1.8399999 9.0199995 -0.14 -2.291831 0.0 28.07493
-2.4199998 9.38 -0.06 -4.0107045 0.0 30.939718
-2.1599998 9.62 0.64 1.1459155 0.0 31.51268
-1.3199999 9.5 0.45999998 4.583662 1.1459155 28.07493
-1.38 9.7699995 -0.13 1.1459155 0.57295775 24.637184
-1.43 9.54 0.12 0.57295775 0.0 22.91831
-1.65 9.28 0.63 7.448451 0.0 24.064226
-1.9399999 9.37 0.07 9.740283 0.57295775 29.220846
-1.3399999 9.4 -0.26 6.3025355 0.0 30.939718
-1.39 9.53 0.07 5.7295775 0.57295775 31.51268
-1.1899999 9.599999 0.04 6.8754935 -0.57295775 32.658592
-0.59999996 9.78 -0.69 -0.57295775 0.0 30.366762
-0.64 9.53 -0.62 -5.15662 1.1459155 30.939718
-1.06 9.75 0.35999998 -2.8647888 0.57295775 33.80451
-0.52 9.849999 0.41 -1.1459155 3.4377468 32.658592
-0.26 9.86 -0.06 -6.3025355 4.583662 32.658592
0.0 9.67 -0.47 -10.31324 5.7295775 29.793804
-0.17 9.66 -0.16 -12.605071 1.7188734 28.64789
-0.099999994 9.71 0.59999996 -11.459155 1.1459155 29.220846
-0.049999997 9.88 0.97999996 -5.7295775 5.7295775 28.64789
-0.14999999 10.2 0.48999998 -1.7188734 5.7295775 29.793804
0.34 10.37 0.14 -2.291831 4.0107045 26.356058
0.69 10.4 0.29999998 0.0 3.4377468 22.91831
0.62 10.37 0.34 1.7188734 2.8647888 20.053522
0.44 10.219999 0.53 4.583662 3.4377468 18.334648
0.24 10.3 0.52 5.15662 2.291831 18.907606
0.52 10.19 0.13 4.0107045 4.0107045 17.188732
0.59 9.87 -0.14999999 1.7188734 5.7295775 19.480566
0.16 9.5199995 -0.14999999 0.0 5.15662 24.637184
0.75 9.21 -0.29 -4.0107045 5.7295775 25.210142
0.78 9.16 0.14 -2.291831 3.4377468 23.49127
0.74 9.139999 0.52 1.1459155 1.1459155 26.356058
1.17 9.179999 0.48999998 5.15662 2.8647888 25.210142
1.22 9.07 -0.22 1.1459155 2.8647888 23.49127
0.91999996 9.13 -0.14 -0.57295775 2.291831 25.210142
1.05 9.29 0.16 0.0 0.57295775 25.7831
1.51 9.28 0.19999999 -0.57295775 1.7188734 24.637184
1.4599999 9.2699995 -0.08 -2.291831 2.291831 25.210142
1.24 9.25 0.22 0.0 -1.1459155 27.501974
1.25 9.62 0.65 4.583662 0.0 28.07493
1.8199999 9.44 0.16 3.4377468 0.57295775 25.7831
1.4499999 9.28 0.21 2.291831 1.7188734 26.929016
1.66 9.55 0.11 1.1459155 0.0 29.220846
2.1299999 9.67 -0.31 -2.291831 0.57295775 27.501974
2.1299999 9.67 -0.22999999 -8.021409 0.0 25.7831
1.9499999 9.57 0.89 -0.57295775 0.0 27.501974
2.1499999 9.62 1.18 6.3025355 -1.1459155 26.929016
2.59 9.62 0.41 4.0107045 0.0 23.49127
2.29 9.62 0.049999997 0.0 0.0 24.637184
2.19 9.4 0.57 4.583662 0.0 27.501974
2.36 9.41 0.32999998 4.583662 -1.7188734 28.64789
2.81 9.38 -0.32999998 -4.0107045 -1.7188734 26.356058
2.79 9.05 0.95 -2.8647888 0.0 26.929016
2.8899999 8.679999 1.12 2.8647888 1.1459155 29.793804
3.4499998 8.45 0.53999996 6.3025355 0.57295775 30.366762
3.77 8.09 -0.099999994 2.8647888 0.0 28.07493
4.0499997 7.68 -0.29999998 -0.57295775 -2.291831 23.49127
4.0499997 7.52 -0.53999996 -10.31324 -3.4377468 17.761692
3.4199998 7.06 -0.19 -11.459155 -3.4377468 22.345354
2.69 7.3599997 0.71 -5.15662 -4.0107045 33.231552
3.1899998 7.8399997 0.65 -1.1459155 -4.583662 37.815212
3.97 8.2699995 0.17 -2.291831 -4.0107045 37.242256
4.19 8.53 0.089999996 -3.4377468 -4.0107045 36.09634
3.58 8.62 0.59 1.7188734 -1.1459155 47.555496
3.98 9.07 0.56 4.0107045 0.0 52.712116
4.79 9.55 0.52 4.0107045 0.0 49.84733
4.96 9.75 0.32 2.8647888 -0.57295775 45.83662
4.67 9.82 0.38 0.0 0.0 42.971836
5.1 9.49 0.71999997 -0.57295775 0.0 40.107044
5.2599998 9.04 0.84999996 3.4377468 1.1459155 34.377464
4.83 9.34 0.44 1.1459155 0.0 33.80451
5.15 9.53 0.0 -2.291831 0.0 32.085636
5.29 9.38 0.5 -0.57295775 0.57295775 30.366762
5.2999997 9.0 1.13 5.7295775 0.0 30.939718
5.29 9.01 0.69 6.8754935 0.0 29.793804
5.52 9.08 0.22999999 3.4377468 1.7188734 26.356058
5.67 8.4 0.089999996 2.8647888 0.57295775 25.7831
5.43 8.32 -0.17999999 -1.1459155 -0.57295775 26.356058
5.66 8.51 0.26 -5.15662 -0.57295775 25.7831
5.89 8.57 0.77 -2.291831 0.0 22.91831
5.65 8.78 0.59 0.57295775 0.0 21.772396
5.8799996 8.61 0.25 -1.1459155 0.0 19.480566
5.9 8.33 0.65 0.57295775 1.7188734 18.907606
5.5699997 8.51 0.61 1.7188734 0.57295775 20.053522
5.96 8.58 0.37 1.1459155 2.291831 18.907606
6.15 8.42 0.48 1.7188734 1.1459155 16.042818
6.19 8.08 0.58 4.0107045 0.57295775 14.323945
5.94 8.37 0.35 1.1459155 -0.57295775 12.605071
6.54 8.67 0.65999997 -1.1459155 1.1459155 4.583662
6.0099998 8.139999 1.0 2.8647888 2.8647888 2.8647888
5.77 8.11 0.61 7.448451 0.57295775 4.583662
6.06 8.24 -0.06 5.15662 0.0 3.4377468
6.0899997 8.22 0.06 0.57295775 0.0 2.291831
5.81 7.97 0.45 1.1459155 0.57295775 4.0107045
5.8799996 7.89 0.57 4.583662 0.0 4.0107045
6.29 7.91 0.57 5.7295775 1.1459155 1.7188734
6.23 7.77 0.34 4.583662 2.291831 1.1459155
5.7799997 7.6299996 0.16 2.8647888 1.1459155 2.8647888
5.96 7.69 0.0 0.57295775 0.0 2.8647888
6.22 7.77 0.28 0.57295775 0.0 1.7188734
6.23 7.81 0.48999998 4.0107045 0.57295775 0.57295775
6.29 7.79 0.16 2.291831 1.1459155 -1.7188734
6.14 7.79 0.29999998 0.57295775 1.7188734 -2.8647888
5.81 7.68 0.29999998 0.57295775 0.57295775 -1.1459155
6.0 7.77 0.28 0.57295775 0.0 0.0
6.43 7.8399997 0.37 -0.57295775 1.7188734 -4.583662
6.2 7.7 0.76 1.7188734 2.8647888 -5.15662
5.79 7.5699997 0.82 5.7295775 1.7188734 -2.291831
5.89 7.5099998 0.24 2.8647888 1.7188734 -1.7188734
6.04 7.5 0.0 -0.57295775 2.291831 -1.7188734
6.0 7.43 0.32999998 0.0 2.291831 -1.1459155
5.92 7.45 0.74 4.0107045 -0.57295775 -0.57295775
6.45 7.5099998 0.42999998 4.0107045 1.1459155 -4.0107045
5.7999997 7.2599998 0.56 5.15662 2.8647888 -3.4377468
5.67 7.1499996 0.45999998 8.021409 1.1459155 0.0
6.0 7.49 -0.02 5.7295775 0.57295775 0.0
6.23 7.69 -0.17999999 1.1459155 0.0 -1.7188734
6.08 7.44 0.19 0.0 1.1459155 -2.291831
5.65 7.3999996 0.66999996 3.4377468 0.57295775 0.0
5.97 7.35 0.57 5.15662 0.0 -0.57295775
6.1 7.5 0.01 2.291831 0.0 -1.1459155
5.99 7.5499997 0.11 1.7188734 0.0 -1.1459155
5.75 7.5899997 0.41 3.4377468 0.0 0.0
6.0099998 7.7 0.53 5.15662 0.0 -1.7188734
5.7999997 7.62 0.08 3.4377468 -0.57295775 -1.7188734
5.75 7.5499997 0.089999996 1.7188734 -1.1459155 -0.57295775
5.98 7.64 0.26 0.0 0.57295775 -1.1459155
5.98 7.73 0.44 1.1459155 0.0 -1.7188734
5.9 7.56 0.37 3.4377468 -1.1459155 -1.1459155
5.8799996 7.58 0.26999998 2.291831 -0.57295775 -1.7188734
5.96 7.6099997 0.34 2.291831 0.57295775 -1.7188734
5.8399997 7.6299996 0.42999998 3.4377468 0.0 -0.57295775
5.87 7.6299996 0.25 2.8647888 0.0 -0.57295775
6.06 7.56 0.13 1.7188734 0.0 -2.291831
5.93 7.6499996 0.22 0.57295775 -0.57295775 -2.8647888
5.98 7.64 0.099999994 0.0 0.57295775 -5.7295775
5.92 7.9199996 0.79999995 4.0107045 1.1459155 -6.3025355
5.83 7.85 0.37 6.3025355 0.57295775 -6.8754935
5.41 7.87 -0.24 4.0107045 0.0 -4.0107045
5.5499997 7.87 -0.5 -1.7188734 -1.1459155 -1.1459155
5.93 7.7999997 0.03 -5.15662 -1.7188734 -1.7188734
5.7999997 7.73 0.65999997 -2.291831 0.57295775 -2.8647888
5.71 7.77 1.09 2.8647888 0.57295775 -2.291831
5.75 7.7999997 0.71 4.583662 0.57295775 -2.291831
5.9 7.62 0.42999998 4.583662 0.57295775 -3.4377468
5.7 7.3999996 0.37 4.0107045 0.57295775 -2.291831
5.49 7.44 0.14 1.7188734 0.0 0.0
