-1.4652961 9.42626 -1.9034485 2.089185 0.26131 -5.48149
-1.5012103 9.371192 -1.5347302 -5.0858154 -1.4186901 -4.43149
-1.403045 9.4142885 -1.5179702 -6.4508147 -2.1886902 -1.3864901
-1.2689656 9.488511 -1.4198049 -4.2458153 -3.06369 0.85350996
-1.036721 9.615408 -1.3144568 -2.3558152 -6.56369 2.07851
-0.84278476 9.694419 -1.1660118 -1.690815 -8.62869 2.28851
-0.77574503 9.63935 -1.2067145 -1.375815 -6.5286903 0.99351
-1.0558752 9.584282 -1.2833313 0.54918504 -4.3586903 -1.9464899
-1.3312168 9.596253 -1.4868447 2.369185 -3.9036906 -4.18649
-1.3431882 9.591465 -1.5634614 3.0341852 -3.41369 -4.3264904
-1.3743137 9.5794935 -1.4485363 2.089185 -5.40869 -2.8914902
-1.3144568 9.562734 -1.4126221 2.124185 -10.23869 -1.63149
-0.95531565 9.510059 -1.3838909 2.684185 -13.4936905 -0.16149001
-0.9505271 9.366403 -1.3575538 1.7741851 -12.75869 0.04851
-0.7709565 9.124581 -1.2522057 -0.36081502 -9.538691 -3.1364899
-0.91700727 8.41827 -1.4174107 -0.9558151 -8.663691 -8.841491
-1.1731946 7.4366174 -1.4844503 0.514185 -11.88369 -17.94149
-1.8292259 6.91706 -1.6712039 1.3191851 -11.67369 -27.741491
-2.813273 6.682421 -1.4700848 1.2491851 -7.4736905 -37.26149
-3.1173458 6.402291 -1.1516461 2.9291852 -6.56369 -42.931488
-2.3224466 6.2251143 -1.1708003 9.579185 -17.763689 -42.021492
-1.6328955 5.8156934 -2.1069617 19.344185 -36.698692 -38.626488
-2.0255566 5.8180876 -2.3799093 21.864185 -45.34369 -40.83149
-2.7366562 5.784568 -1.4365649 5.344185 -27.45869 -45.62649
-2.8443985 5.6600657 -1.1803775 -17.650816 4.77631 -48.776493
-2.2194927 5.7965393 -1.7933118 -23.880816 15.31131 -46.991493
-1.8938714 5.61218 -2.0375278 -17.475817 2.95631 -41.251488
-2.719896 5.418244 -1.1947432 -19.505816 -4.2536902 -37.47149
-4.04393 5.360781 -0.81165916 -28.150814 1.66131 -40.97149
-3.4860642 5.8611846 -0.6943397 -27.345816 -3.76369 -42.091488
-2.1285102 6.134132 -1.9058428 -11.525815 -26.898691 -10.48649
-2.3056867 6.057515 -1.9680939 -20.625814 -22.52369 -1.3514899
-2.892284 6.284971 -0.16520496 -43.795815 -11.32369 -2.08649
-2.413429 7.379155 1.8364087 -52.020813 -6.00369 9.638511
-1.4820561 7.640131 0.11253092 -24.545816 -11.18369 27.34851
-1.4269878 8.114198 -0.9601042 6.8841853 -24.763689 31.96851
-1.6496553 8.803748 0.11013664 11.889186 -28.01869 32.52851
-1.1947432 9.591465 0.7110996 10.489184 -26.33869 35.85351
-0.56265455 9.708784 -1.0151725 23.474186 -22.698689 41.80351
-0.36871833 9.941029 -1.8842943 31.279182 -22.803692 48.17351
-0.6656084 10.185245 -0.43096948 17.664186 -24.65869 50.86851
-1.8579572 10.324113 0.7709565 -0.36081502 -24.203691 48.45351
-0.7350424 10.64734 -0.16041641 0.26918498 -25.813688 53.178513
1.0534809 10.541992 -1.6424725 11.924185 -30.118689 68.508514
0.5123748 10.213976 -0.35914123 4.469185 -35.018692 71.13351
-1.3838909 10.685649 2.2554069 -17.790815 -35.683693 65.04351
-0.2944958 11.533222 1.0941836 -17.090815 -31.79869 66.828514
1.4006507 12.146156 -1.2785428 12.8691845 -28.683691 81.388504
2.238647 11.743917 -2.1189332 28.199186 -23.18869 88.45851
-0.17717634 11.9713745 0.7302538 7.969185 -18.11369 81.283516
-0.6296943 12.797399 2.1907616 -17.825815 -28.47369 70.88851
2.0255566 13.941862 0.29210153 -12.5058155 -30.398693 77.25851
3.9098508 13.975382 -1.8196489 17.699184 -22.24369 87.72351
0.14365649 14.183684 -1.2881198 26.624186 -14.193689 70.78351
-2.8204558 14.308187 0.81644773 2.754185 -13.94869 44.358513
1.0008069 14.885206 0.53871185 -24.335815 -9.18869 46.70351
2.4445546 15.117451 -0.2753416 -19.260817 7.54131 71.0985
1.7238779 14.406351 -1.089395 5.204185 11.0063095 64.483505
-0.0670397 13.716801 -1.637684 17.874186 -5.1286902 36.51851
0.22745611 13.312168 -1.6089526 14.269186 -16.468689 20.733511
2.3392065 13.194848 -1.2162915 -1.7958149 -12.75869 24.583511
2.0878077 13.046404 -0.6440599 -17.615816 -10.34369 29.55351
0.90982443 12.189253 0.26337022 -25.980816 -17.063688 17.33851
1.2689656 11.3656225 0.6368771 -32.28081 -16.748692 2.9185102
2.1907616 10.867614 0.12450229 -32.035812 -9.7836895 3.47851
1.403045 10.604243 0.2657645 -22.445814 -5.3736897 5.08851
1.1899546 10.328901 0.57223165 -15.200815 -2.5036902 -2.78649
1.6089526 10.180456 -0.21548474 -10.860814 0.12131 -7.5114903
1.7406378 9.957788 -0.505192 -3.125815 1.20631 -5.37649
1.7166951 9.727939 -0.28731298 -3.8608153 4.63631 -7.12649
1.403045 9.545974 -0.08858817 -6.415815 2.18631 -9.436489
1.637684 9.347249 -0.15083931 -6.3458147 2.04631 -8.73649
1.6544439 9.277815 -0.18914771 -6.5558147 1.73131 -7.0564904
1.4700848 8.995291 0.18675344 -7.8858156 0.19131 -6.53149
1.3623424 8.897125 0.38068968 -8.375814 0.61131006 -4.57149
1.9178141 9.227535 0.28731298 -3.510815 0.61131006 -1.66649
1.7166951 9.538791 -0.06464542 2.649185 -2.0836902 -1.49149
1.3623424 9.450203 -0.17238778 4.049185 0.016309999 -4.53649
1.4796618 9.42626 -0.22506183 2.649185 1.06631 -3.83649
1.6161355 9.682447 -0.3615355 1.144185 -1.3136901 -1.9464899
1.5586729 9.754275 -0.37590113 -2.915815 -3.44869 -1.3864901
1.5754328 9.663293 0.08140534 -10.230815 -2.5386899 -0.96649003
1.4198049 9.620196 0.51716334 -15.725816 -2.7836902 -0.68649006
1.5059988 9.718362 0.48843205 -13.555816 -4.70869 -1.3514899
1.5969813 9.794978 0.45012367 -8.375814 -5.54869 -1.73649
1.3407938 9.651321 0.600963 -6.065815 -4.84869 -1.91149
1.1420691 9.584282 0.7637737 -5.330815 -2.74869 -1.91149
1.498816 9.718362 0.56265455 -2.845815 0.12131 -0.47649
1.8723229 10.024829 -0.052674048 1.809185 2.50131 1.5185101
1.5538844 9.943423 -0.20111908 4.329185 2.36131 0.36351
1.0965779 9.675264 0.12210801 1.459185 -0.15869 -3.10149
1.5443072 9.670476 0.1987248 -3.370815 -0.61369 -3.83649
1.8004947 9.785401 0.06943397 -5.0508146 -0.053689998 -1.2114899
1.4341706 9.617802 0.5243462 -5.435815 -0.57869 -1.8064901
1.350371 9.478934 1.1133378 -7.675815 -1.62869 -4.74649
1.4269878 9.498088 0.9696813 -5.785815 -0.22869 -4.46649
1.5562786 9.62259 0.48843205 2.054185 1.87131 -2.5414898
1.359948 9.694419 -0.32562137 9.229185 3.23631 -1.70149
1.1875603 9.715967 -0.026337024 11.294185 2.04631 -2.4714901
1.4652961 9.692024 0.46927786 3.6291852 1.24131 -1.63149
1.7573977 9.72315 0.21309046 -3.7908146 3.41131 0.88851
1.1875603 9.644139 -0.11253092 -1.620815 2.2213101 1.13351
1.132492 9.498088 0.22985038 1.6341851 -0.61369 -2.50649
1.446142 9.61062 0.58420306 -2.670815 0.26131 -1.3864901
1.5538844 9.725544 0.42139238 -5.960815 1.73131 1.9735099
1.6400782 9.828498 -0.035914123 -2.005815 1.38131 2.28851
1.3719195 9.754275 -0.0670397 2.509185 0.61131006 1.13351
1.036721 9.651321 0.40463245 1.424185 -0.61369 -0.75649
1.472479 9.701602 0.5123748 -5.330815 0.71631 1.7285101
1.786129 9.864412 0.30167863 -1.7958149 0.64631 3.12851
1.6281068 9.888355 0.13647367 1.669185 -1.10369 0.39851
1.1277034 9.715967 0.17478207 1.914185 -1.7686901 -2.64649
1.5562786 9.730332 0.27055305 -0.36081502 -0.75369 -1.59649
1.6855695 9.945818 0.18914771 -1.620815 -0.40369 0.29351002
1.3312168 9.842864 0.2370332 -1.480815 -1.97869 -2.15649
