-1.2330515 9.967366 -2.1332989 17.68641 1.07989 -14.843219
-1.5083932 9.72315 -1.5754328 0.15141001 6.50489 -15.15822
-1.6041641 9.7135725 -0.9505271 -13.673591 11.474891 -16.278221
-1.7382435 9.569917 -0.8044763 -15.003592 11.334889 -15.823221
-2.1740015 9.399923 -0.73743665 -8.42359 8.6748905 -14.21322
-2.3799093 9.469357 -0.9481328 -0.33859 5.48989 -9.83822
-2.2194927 9.438231 -1.1995317 5.96141 1.14989 -3.74822
-1.7550035 9.4932995 -1.1540405 6.69641 -3.0501099 1.64178
-1.6017698 9.591465 -0.7972935 2.42641 -4.03011 4.5117803
-1.5658557 9.569917 -0.5818088 0.04641 -3.6451101 3.3917801
-1.5299416 9.512454 -0.83081335 2.67141 -3.5751102 1.7117801
-1.8244374 9.510059 -1.0702409 5.3664103 -1.68511 0.17177999
-1.9896424 9.488511 -0.9792584 5.1914105 2.19989 -1.47322
-1.8962656 9.457385 -0.93616146 4.8064103 1.2898899 -1.1582199
-1.9154198 9.505271 -1.2761484 6.80141 -3.99511 -0.98322004
-1.9202085 9.91948 -1.3862851 7.8164096 -6.34011 -3.74822
-1.673598 9.873989 -1.2689656 5.6464105 -5.32511 -4.6582203
-1.6089526 9.929058 -1.0079896 2.53141 -10.260111 -5.60322
-1.7933118 9.895537 -0.9026416 0.92141 -13.27011 -9.03322
-2.4158232 10.072714 -0.818842 1.13141 -14.32011 -11.588221
-2.1189332 10.07032 -0.64166564 3.7914102 -15.09011 -11.44822
-1.6305012 9.768641 -0.9529214 7.8164096 -19.78011 -8.1232195
-1.5634614 9.749487 -0.93616146 12.61141 -23.03511 -7.10822
-2.020768 9.543579 -0.96489275 13.69641 -20.86511 -11.658219
-2.604971 9.531608 -0.9074302 12.33141 -14.32011 -17.99322
-2.4708917 8.490098 -1.3671309 12.61141 -7.0051103 -22.05322
-2.667222 7.553937 -1.4748733 14.18641 -6.09511 -25.16822
-2.3056867 7.14691 -1.1660118 12.85641 -14.88011 -27.47822
-2.4684973 5.6935854 -1.1612233 9.006411 -19.85011 -24.608221
-2.1309047 5.2578273 -0.95531565 6.17141 -20.37511 -19.56822
-3.162837 5.176422 -0.30167863 6.06641 -7.1101103 -25.51822
-4.8938975 4.6113734 -0.32801566 12.33141 -0.25011 -37.138218
-4.333637 3.799714 -1.3479767 25.80641 -16.45511 -37.068222
-2.9569294 3.5650752 -2.3990633 34.906414 -15.755111 -17.60822
-2.343995 4.285752 -1.8435916 30.25141 21.86989 4.89678
-2.4469488 4.513208 -1.647261 17.336412 46.05489 9.23678
-2.80609 4.3264546 -2.2530127 11.17641 -4.13511 -10.2932205
-2.727079 4.3240604 -2.1117504 -6.81359 4.33489 -3.85322
-2.2003386 4.2618093 -1.0415095 -27.98859 21.83489 7.8367805
-2.17879 4.865166 -0.19633053 -31.52359 13.08489 11.61678
-2.4804688 5.521198 -1.6783867 -15.84359 -8.335111 9.306781
-1.6233183 5.506832 -2.1380875 -13.533589 -10.64511 16.65678
-0.55307746 5.607392 -0.38547826 -32.398594 -6.51511 31.566782
-0.8978531 6.2346916 2.0949905 -35.93359 -20.86511 32.44178
-1.2330515 6.936214 0.7637737 -3.69859 -49.35511 27.36678
0.38308397 7.781393 -2.760599 30.566412 -56.42511 35.87178
1.5730386 7.90829 -1.8866886 6.62641 -27.935112 58.20178
-0.3998439 8.535589 2.875524 -50.528587 1.1148901 62.261784
-1.5778271 9.131764 4.314483 -59.06859 -8.09011 46.021782
0.36392978 10.891556 -0.4644893 -1.4585901 -40.25511 54.17678
4.348003 11.669696 -2.935381 41.136414 -34.060112 88.79179
4.225895 11.478153 -1.0486923 12.43641 1.77989 110.17678
-1.2426286 11.585896 1.620924 -31.628588 3.8448899 82.001785
-1.1109436 11.832506 0.58420306 -31.838593 -19.85011 53.54678
3.284945 13.549201 -2.3344178 -9.578589 -29.93011 77.451775
5.8420305 13.508498 -2.4182177 -7.12859 -12.955111 105.52178
1.8819 12.79261 1.3000913 -42.723587 -8.720109 93.55178
-1.1947432 11.715187 3.1604428 -70.86359 -33.955112 52.32178
1.2593886 12.787822 1.2354459 -51.29859 -44.31511 48.05178
4.3216662 13.609058 -1.6855695 -5.97359 -36.020107 81.37178
4.869955 13.52047 -2.5283542 27.87141 -25.100111 95.12678
1.2043202 13.000913 -0.600963 22.726412 -43.30011 76.12178
0.6057515 12.696839 -0.32083282 -3.9085903 -59.68011 44.271782
1.56825 12.893169 -2.5810282 -11.60859 -46.59011 46.65178
3.3495905 12.79261 -2.8515813 -5.34359 -33.080112 64.71178
3.4333901 12.85965 -0.38308397 -27.91859 -43.16011 72.20178
1.0558752 13.489345 2.4445546 -70.89858 -51.560112 64.71178
1.9010541 14.5524025 2.2793496 -85.63359 -46.450108 49.97678
4.192375 14.8828125 0.46927786 -55.463593 -32.48511 50.60678
4.120547 14.617047 -1.175589 -14.16359 -20.44511 56.486782
2.5044115 14.11425 -0.11013664 0.92141 -18.69511 41.92678
2.770176 13.43667 0.91700727 -14.58359 -17.50511 18.406778
2.063865 12.457412 1.0319325 -31.733591 -11.83511 9.796781
2.3846977 11.643358 0.8547561 -27.77859 -6.93511 2.30678
2.9162266 11.34168 0.84039044 -15.98359 -2.49011 -1.92822
2.813273 11.219572 1.0534809 -15.10859 -1.47511 -8.78822
1.6328955 10.5803 0.9313729 -9.43859 -0.04011 -17.923222
1.6951466 9.993703 1.0151725 -3.1385899 1.00989 -19.32322
2.8443985 9.749487 0.79250497 -1.5985901 -2.80511 -13.33822
3.6129606 9.787795 1.1085492 -5.44859 -7.39011 -11.658219
2.8515813 9.466963 1.4581133 -12.37859 -8.790111 -18.063221
1.8531687 8.89952 1.8555629 -15.24859 -3.4001102 -24.713219
1.7071179 8.463761 1.9058428 -12.238591 1.88489 -21.52822
2.4541316 8.530801 1.7406378 -5.44859 8.42989 -12.60322
2.7869358 8.700794 1.0343267 5.50641 11.7548895 -6.93322
2.1332989 8.901914 0.25139886 17.44141 7.27489 -9.66322
1.9154198 9.093455 -0.15562786 20.346409 3.35489 -11.588221
2.3775148 9.213169 -0.13168511 12.716411 2.1648898 -7.2832203
2.6983478 9.282603 0.46209505 -0.09359 1.46489 -2.10322
2.727079 9.131764 0.83081335 -9.43859 -2.00011 -2.4532201
2.1668186 9.349643 1.1157321 -11.36359 -6.34011 -5.46322
2.1117504 9.124581 1.1157321 -8.52859 -5.32511 -6.33822
2.2745612 9.071907 0.9864412 -6.07859 -3.4001102 -2.27822
2.8994668 9.205987 1.0654523 -4.22359 -0.60011 1.74678
2.5475085 9.373586 0.8643332 -1.94859 -0.49511 1.88678
2.2961094 9.373586 0.7039168 2.81141 -0.84511006 -2.10322
2.4613144 9.402317 0.6440599 5.78641 1.9198902 -2.17322
1.9968252 9.344854 0.5961744 5.99641 3.70489 -0.59822
1.9585168 9.335278 0.7589851 3.96641 1.53489 -1.0182201
2.865947 9.517242 0.8547561 -0.37359 0.79989004 1.50178
2.9234095 9.708784 0.90503585 -2.99859 1.39489 4.86178
2.17879 9.529214 1.2258687 -2.7885902 -0.00511 -0.14321999
1.6041641 9.380769 1.2330515 -2.5085902 -1.9651101 -5.63822
2.6025767 9.514848 0.98404694 -0.19859001 1.21989 -2.9432201
2.7558103 9.58907 0.7733508 2.77641 6.04989 4.5117803
2.2601955 9.550762 0.45970076 5.82141 4.9998903 4.12678
2.0782306 9.663293 0.18914771 8.096411 2.09489 -1.75322
2.1141446 9.562734 0.22266756 6.8714104 0.23989001 -3.2582202
2.1572416 9.366403 0.7972935 1.06141 -0.74011004 -1.0182201
2.6935592 9.45978 1.1037607 -6.3235903 -0.32011002 1.2567801
2.5522969 9.665688 0.91461295 -7.9685903 -1.86011 2.65678
2.343995 9.632168 0.7948992 -3.55859 -4.76511 0.13678001
2.1644244 9.387952 1.1444633 -0.58359 -4.73011 -2.76822
2.3727264 9.332883 1.1157321 -3.17359 1.1148901 0.17177999
2.779753 9.440625 0.9481328 -1.0385901 1.60489 2.4467802
2.5139885 9.447808 0.7110996 3.1264102 -0.28511 -0.42322
2.2242813 9.349643 0.5818088 7.25641 -2.10511 -3.22322
2.1189332 9.368797 0.32083282 6.62641 -3.0501099 -2.31322
2.6720107 9.474146 0.45730647 -0.09359 -3.33011 1.36178
3.0167863 9.457385 0.86912173 -9.05359 -4.4501104 2.58678
2.3248408 9.28021 1.2737542 -11.32859 -6.37511 -2.69822
1.8579572 9.105427 1.3096683 -7.4085903 -6.72511 -6.40822
1.9992194 9.14613 0.86912173 -2.7185898 -4.13511 -1.9982201
2.535537 9.361614 1.1300977 -3.1385899 1.77989 4.58178
3.0646718 9.653716 1.3791022 -5.62359 3.38989 6.85678
2.4014575 9.830893 1.063058 -0.26859 1.18489 2.1317801
2.0447106 9.830893 0.36871833 7.2914095 0.13489 -3.57322
2.1045675 9.624985 0.31604427 8.131411 0.09989 -2.59322
2.2434354 9.526819 0.73743665 0.39641002 -0.075109996 -0.28322
2.3894863 9.510059 1.2474172 -7.19859 0.44989 1.53678
2.4110348 9.565128 1.2091088 -7.12859 0.06489 1.4667801
2.3559663 9.522031 0.88588166 -0.26859 -1.37011 0.13678001
2.5020173 9.471751 0.8140534 5.3664103 -1.82511 -0.10822
2.4780743 9.466963 0.9601042 4.52641 0.55489004 0.90677994
2.439766 9.569917 0.84039044 2.8814101 3.03989 0.48678002
2.5810282 9.577099 0.409421 5.68141 1.32489 -0.66822004
2.516383 9.584282 0.07901107 8.796411 -1.7901101 -1.54322
