-0.44 9.75 0.79999995 3.4377468 8.594366 -5.7295775
-0.59 9.28 -0.48 14.323945 4.583662 -9.740283
-2.29 9.059999 -0.95 0.57295775 -3.4377468 -16.615776
-2.6499999 8.45 0.65 -10.886198 -17.188732 -6.3025355
-2.01 8.23 1.8399999 -4.583662 -22.91831 3.4377468
-0.85999995 8.12 1.0699999 6.8754935 -14.896902 5.7295775
-0.77 7.91 0.29 6.3025355 2.291831 -2.291831
-1.61 6.7799997 0.53 4.0107045 5.7295775 -10.886198
-1.39 5.7999997 0.13 7.448451 2.291831 -9.740283
-1.78 5.0099998 0.17999999 5.7295775 -0.57295775 -12.605071
-2.48 4.19 0.47 3.4377468 -1.7188734 -16.042818
-2.86 3.51 0.96 2.8647888 1.7188734 -14.323945
-2.87 3.27 -0.04 11.459155 -0.57295775 -6.8754935
-1.4599999 2.81 0.0 0.57295775 8.021409 -1.1459155
-2.4299998 2.2 1.04 5.15662 8.594366 1.7188734
-2.74 2.53 0.79999995 15.469859 -17.188732 26.929016
-1.52 3.52 1.26 3.4377468 -17.761692 44.11775
0.24 3.87 2.08 0.0 8.021409 34.377464
-0.89 5.68 3.83 5.15662 4.0107045 41.825916
1.3399999 7.72 4.58 23.49127 6.3025355 73.91155
3.61 7.99 1.66 52.139156 25.210142 91.67324
1.3199999 7.83 -0.81 50.993244 47.555496 84.79775
0.9 9.15 1.13 16.615776 44.11775 80.78705
3.76 10.57 1.53 4.583662 32.085636 91.67324
5.31 10.87 -0.83 12.032113 39.53409 87.662544
4.08 10.92 -0.9 -14.896902 46.40958 68.75493
4.88 11.639999 0.94 -33.231552 38.961132 62.4524
4.04 11.259999 -0.14 -35.523384 37.242256 49.84733
1.5 9.929999 -0.29 -56.72282 42.971836 41.25296
5.22 11.65 1.55 -55.576904 16.615776 77.922264
6.37 11.469999 0.19999999 -45.83662 -0.57295775 82.50592
3.36 11.139999 1.9 -59.58761 10.31324 53.858032
2.3999999 11.07 4.08 -65.317184 9.740283 45.83662
4.52 11.389999 3.21 -40.680004 -5.15662 68.18198
5.49 10.75 0.97999996 -21.772396 -9.740283 81.36001
3.82 9.99 0.96999997 -43.544792 -10.31324 72.76564
3.4499998 9.87 2.6599998 -54.43099 -24.637184 88.80846
5.19 10.36 3.98 -45.83662 -29.220846 100.26762
6.68 10.469999 4.0 -25.7831 -13.750987 95.11099
6.1099997 10.24 2.86 -8.594366 -14.896902 84.79775
6.22 10.07 1.1899999 -9.740283 -19.480566 83.65183
4.93 9.98 2.6299999 -24.637184 -13.750987 76.203384
5.2999997 10.219999 4.23 -22.345354 -12.605071 75.057465
6.85 10.9 2.97 6.8754935 -11.459155 84.22479
7.9199996 11.38 0.45 29.220846 -14.896902 83.65183
6.66 11.13 0.56 13.750987 -16.042818 68.75493
5.31 11.3 2.6699998 -18.334648 -7.448451 46.98254
6.25 11.37 3.6 -10.886198 -6.8754935 52.712116
7.1099997 11.38 3.51 2.8647888 -6.3025355 47.555496
6.77 10.9 3.1999998 6.3025355 4.583662 34.950428
5.91 10.84 3.49 6.3025355 23.49127 26.356058
7.2 10.889999 2.76 21.199438 24.064226 25.7831
6.74 10.32 0.96999997 51.5662 15.469859 13.750987
6.02 9.78 0.26 42.971836 10.31324 4.583662
6.18 9.5 1.15 19.480566 6.8754935 -2.291831
6.3799996 9.059999 2.02 4.0107045 7.448451 -6.3025355
6.47 8.48 2.1599998 2.291831 4.583662 -11.459155
6.97 7.95 2.11 5.7295775 -1.7188734 -17.188732
6.17 7.45 2.24 5.15662 -0.57295775 -24.637184
5.65 7.02 2.32 4.0107045 1.7188734 -23.49127
5.72 6.6 2.18 1.7188734 5.15662 -19.480566
5.25 6.1 2.4199998 -2.291831 2.8647888 -16.042818
5.35 5.91 3.05 -5.7295775 7.448451 -8.594366
6.18 6.68 2.4199998 7.448451 14.896902 -4.583662
5.45 6.43 1.67 16.615776 6.3025355 -8.021409
5.7599998 6.6 1.9399999 12.605071 -1.7188734 -6.8754935
6.14 6.8599997 2.23 5.7295775 0.0 -4.583662
5.7799997 6.89 1.6999999 2.8647888 5.15662 -8.021409
5.65 6.8399997 1.4499999 -0.57295775 3.4377468 -7.448451
5.52 6.97 1.88 -8.594366 -5.15662 -5.15662
5.85 7.22 2.58 -5.7295775 -9.740283 -1.7188734
6.0 7.24 2.47 3.4377468 -8.594366 -0.57295775
5.98 7.2799997 1.75 5.7295775 -3.4377468 0.0
5.79 7.3599997 2.01 0.57295775 0.0 0.0
5.69 7.45 1.91 4.583662 1.1459155 1.1459155
5.8199997 7.46 1.4 6.3025355 -0.57295775 4.0107045
5.68 7.45 1.8199999 0.0 0.57295775 4.583662
5.91 7.3999996 2.36 -2.291831 0.0 5.15662
5.97 7.41 2.52 2.8647888 0.57295775 6.3025355
5.8199997 7.3599997 2.3 11.459155 0.57295775 7.448451
5.8799996 7.46 1.7099999 17.761692 1.7188734 9.167324
6.67 7.77 1.38 9.740283 1.1459155 6.8754935
6.7 7.72 1.5999999 2.291831 0.0 -1.1459155
6.0 7.3999996 1.86 1.1459155 -2.8647888 -5.15662
5.66 7.04 1.99 2.291831 -4.0107045 -2.8647888
5.7999997 6.99 2.36 3.4377468 -2.8647888 2.8647888
6.2599998 7.19 2.2 8.021409 -1.1459155 4.0107045
5.92 7.2799997 1.52 12.605071 0.57295775 2.291831
5.7999997 7.29 1.17 10.31324 0.0 0.0
6.1099997 7.41 1.86 -1.1459155 -0.57295775 1.1459155
6.0299997 7.39 2.45 -6.8754935 0.57295775 -0.57295775
5.83 7.25 2.3799999 0.0 0.0 0.0
5.91 7.27 2.4199998 3.4377468 -0.57295775 1.7188734
6.06 7.2999997 2.44 6.8754935 0.57295775 2.8647888
5.89 7.21 1.6999999 6.3025355 2.8647888 1.7188734
6.14 7.3199997 1.62 -0.57295775 6.3025355 0.57295775
5.96 7.43 1.73 -5.15662 2.8647888 -1.1459155
5.8799996 7.43 2.1 -8.021409 -1.7188734 -2.291831
5.79 7.3799996 2.45 -9.167324 -1.1459155 -2.8647888
5.5699997 7.25 2.69 -8.021409 1.7188734 -3.4377468
5.85 7.2999997 2.49 -2.291831 3.4377468 -1.1459155
6.1 7.3599997 2.22 4.0107045 4.0107045 0.0
6.0099998 7.3799996 1.8199999 9.167324 4.583662 -1.1459155
5.93 7.3599997 1.49 6.8754935 3.4377468 -1.7188734
5.96 7.2999997 1.5899999 2.8647888 1.1459155 -1.7188734
5.83 7.24 1.73 0.57295775 0.57295775 -0.57295775
5.87 7.25 1.78 -0.57295775 0.0 0.0
6.0699997 7.37 2.23 -3.4377468 2.8647888 0.57295775
5.96 7.3199997 2.26 -0.57295775 2.291831 0.57295775
