-1.9599999 9.82 0.35999998 5.7295775 7.448451 -8.021409
-2.47 9.349999 -1.8499999 16.042818 4.0107045 -11.459155
-1.78 9.179999 -1.93 31.51268 -7.448451 -8.594366
-1.24 9.16 -1.3399999 29.220846 -8.594366 -4.0107045
-1.38 8.91 -1.39 15.469859 -12.032113 -1.7188734
-1.51 8.76 -1.36 6.8754935 -13.750987 -6.8754935
-2.09 8.44 -0.76 -0.57295775 -4.0107045 -12.032113
-2.6799998 8.7 -0.45999998 -11.459155 -1.1459155 -13.750987
-1.91 8.8 -0.78 -9.740283 -5.7295775 -8.594366
-0.97999996 8.94 -1.24 -4.583662 -2.8647888 2.8647888
-1.41 9.21 -1.22 -4.0107045 -3.4377468 -1.1459155
-2.01 9.09 -0.04 -9.740283 -6.3025355 -2.8647888
-1.88 9.12 0.22 -10.886198 -4.583662 -1.7188734
-1.51 9.139999 -0.03 -1.7188734 -7.448451 1.1459155
-1.23 9.09 -0.47 1.7188734 -9.167324 0.57295775
-1.2099999 9.179999 -0.44 -4.0107045 -11.459155 -1.7188734
-1.6999999 9.54 -0.13 -5.7295775 -12.032113 -5.15662
-1.4399999 9.29 -0.53999996 -2.8647888 -9.740283 -1.7188734
-1.29 9.26 -0.78999996 -2.291831 -9.740283 -1.7188734
-1.37 9.24 -0.7 -6.3025355 -10.31324 -4.0107045
-1.5699999 9.51 -0.099999994 -10.886198 -13.750987 -4.583662
-2.23 9.599999 -0.5 -9.167324 -14.896902 -4.0107045
-1.68 9.58 -0.78 -9.167324 -12.032113 3.4377468
-0.84999996 9.95 0.48999998 -16.615776 -14.323945 10.31324
-0.77 10.059999 0.55 -19.480566 -15.469859 10.31324
-1.22 9.849999 -0.17 -9.167324 -20.62648 5.7295775
-1.62 9.91 0.02 -3.4377468 -13.178029 3.4377468
-1.12 10.28 0.5 -5.7295775 -15.469859 6.3025355
-0.62 10.03 0.06 0.57295775 -18.907606 9.167324
-1.05 9.719999 0.28 4.0107045 -16.042818 5.15662
-1.62 10.219999 0.53 2.8647888 -16.042818 2.291831
-1.35 10.34 -0.17999999 2.8647888 -16.042818 2.291831
-0.98999995 10.0199995 -0.75 5.15662 -11.459155 11.459155
-0.76 9.8 -0.88 0.0 -11.459155 10.886198
-1.13 10.04 0.089999996 -7.448451 -16.042818 9.167324
-1.56 10.099999 0.37 -7.448451 -16.042818 9.167324
-1.0799999 9.95 -0.08 -10.886198 -14.323945 9.167324
-1.0 10.2 0.47 -5.15662 -6.8754935 17.188732
-0.42999998 10.3 0.63 -1.7188734 -9.740283 20.053522
-0.24 10.17 -0.19999999 3.4377468 -8.021409 16.042818
-0.5 9.889999 -0.34 2.8647888 -6.3025355 14.323945
-1.13 9.96 0.34 0.0 -8.021409 10.886198
-1.26 9.83 0.53999996 -1.1459155 -6.3025355 13.750987
-0.53999996 9.929999 -0.55 4.0107045 -1.1459155 21.772396
0.04 10.25 -0.28 2.8647888 0.0 25.7831
0.22999999 9.88 0.22999999 -1.7188734 -1.7188734 24.637184
-0.03 9.429999 0.06 0.0 -1.7188734 20.053522
-0.17 9.429999 -0.22 2.8647888 -1.1459155 17.188732
-0.35 10.219999 0.78999996 1.7188734 1.1459155 20.62648
0.57 10.11 0.21 6.3025355 0.0 22.91831
0.29999998 10.12 -0.47 13.750987 0.0 18.334648
0.12 10.139999 -0.42 13.750987 0.0 18.334648
0.28 10.25 -0.25 12.032113 -0.57295775 17.188732
0.32999998 10.09 -0.59 6.3025355 0.0 17.761692
0.34 9.809999 -0.76 9.167324 1.7188734 16.615776
0.32 9.79 -0.83 3.4377468 -0.57295775 16.042818
0.35999998 10.41 -0.53999996 0.0 0.0 16.042818
0.35999998 9.94 -0.84 -0.57295775 2.8647888 17.761692
0.57 9.94 -0.42999998 -2.291831 2.8647888 18.907606
0.53 9.889999 -0.22999999 -5.15662 -0.57295775 20.62648
0.71 10.05 -0.35999998 -4.0107045 -2.291831 20.053522
0.87 10.19 -0.63 1.7188734 -2.291831 17.761692
1.25 9.99 0.26999998 -2.8647888 -1.7188734 17.188732
1.03 9.92 0.22 -2.291831 0.0 15.469859
0.53999996 10.179999 -1.18 8.021409 1.7188734 9.740283
0.25 10.25 -1.38 13.178029 1.1459155 9.740283
1.35 9.61 -0.39 10.886198 1.7188734 12.032113
1.35 9.61 -0.39 -2.8647888 -5.7295775 16.615776
1.1999999 9.62 -0.89 0.0 -5.7295775 16.042818
0.52 9.7699995 -0.68 -2.8647888 -5.15662 17.188732
0.87 9.809999 -0.72999996 -2.8647888 -2.291831 18.907606
1.6999999 10.0 -0.59 -4.583662 -1.1459155 25.7831
1.41 10.219999 0.5 -7.448451 -2.8647888 24.637184
1.8499999 10.01 -0.02 -2.291831 -1.7188734 24.064226
2.1499999 10.15 -0.94 5.7295775 0.0 24.064226
1.91 9.929999 -1.11 6.8754935 1.1459155 22.345354
1.73 9.87 -0.71 -1.7188734 0.57295775 17.188732
1.73 9.87 -0.71 -2.291831 0.0 18.907606
1.9799999 9.73 -0.42999998 -1.7188734 -1.7188734 21.199438
1.9699999 10.12 -1.05 -4.0107045 0.0 23.49127
1.9699999 10.12 -1.05 -2.8647888 -2.291831 21.199438
2.1599998 9.67 -0.32 -7.448451 -1.1459155 19.480566
2.3 9.29 -0.02 -5.15662 0.0 22.345354
1.8299999 9.57 -0.84 -5.15662 0.0 22.345354
2.24 9.349999 -1.02 6.3025355 0.0 22.91831
2.8899999 9.25 -0.87 1.1459155 1.7188734 30.366762
2.9299998 9.36 -1.03 -2.291831 2.8647888 32.085636
2.6599998 9.29 -0.85999995 -5.15662 1.7188734 29.220846
3.01 9.38 -0.7 -10.31324 1.7188734 28.07493
3.1699998 9.54 -0.38 -10.31324 0.57295775 32.658592
3.08 10.05 -0.26 -12.032113 1.1459155 32.658592
3.61 10.07 -0.45999998 -9.740283 -1.1459155 33.80451
3.6699998 10.059999 0.099999994 -12.605071 3.4377468 29.793804
3.87 9.889999 0.13 -12.032113 4.0107045 28.07493
3.32 9.719999 0.64 -9.167324 2.8647888 22.91831
3.6799998 9.25 -0.089999996 -1.7188734 0.0 24.637184
3.06 9.41 -0.16 0.0 0.57295775 22.91831
3.59 9.389999 -0.01 -6.3025355 0.57295775 26.929016
3.76 9.639999 -0.58 -1.1459155 1.7188734 29.793804
4.08 9.83 -1.28 0.0 0.0 29.220846
3.83 9.82 0.19 -12.605071 -2.291831 25.7831
4.49 9.86 0.26999998 -10.31324 -1.7188734 26.929016
4.47 9.75 -0.64 0.0 -1.1459155 26.356058
3.61 9.78 -0.53 2.8647888 -1.7188734 18.907606
3.99 9.87 -0.17 1.1459155 0.0 21.199438
4.95 10.07 -0.83 6.3025355 0.57295775 25.7831
4.87 9.809999 -0.96 8.021409 0.0 22.345354
3.97 9.4 -0.11 0.57295775 -1.7188734 15.469859
4.23 9.639999 -0.29999998 0.0 -0.57295775 14.896902
4.9 9.75 -1.4699999 11.459155 1.7188734 21.772396
4.21 9.46 -1.0799999 4.583662 0.0 17.188732
4.0699997 9.559999 -0.47 -3.4377468 -1.7188734 16.042818
4.89 9.92 -0.71 -4.583662 -3.4377468 18.334648
4.66 10.03 -0.31 -5.15662 -4.583662 17.188732
4.44 9.62 -0.19 -4.583662 -2.8647888 10.886198
4.52 9.599999 -0.11 -3.4377468 -2.291831 10.31324
4.92 9.849999 -0.52 0.0 -2.291831 10.886198
4.89 9.82 -0.32999998 0.0 -2.291831 9.740283
4.5699997 9.33 -0.47 -1.1459155 -1.7188734 6.3025355
4.48 9.22 -0.48999998 -0.57295775 -0.57295775 4.583662
4.88 9.559999 -0.48 -2.291831 -1.1459155 6.8754935
5.12 9.57 -0.39999998 -2.291831 -1.1459155 7.448451
4.47 8.9 -0.31 -2.8647888 -1.1459155 4.0107045
4.45 8.84 -0.45999998 -2.8647888 0.0 1.1459155
4.95 9.32 -0.74 -2.8647888 1.1459155 2.8647888
4.99 9.349999 -0.42 -4.0107045 0.0 2.8647888
4.8199997 8.99 0.17999999 -8.594366 0.0 -1.7188734
4.54 8.73 -0.28 -4.0107045 -1.1459155 -3.4377468
4.29 8.87 -0.88 -1.7188734 -0.57295775 -3.4377468
5.02 8.53 -0.19999999 -4.0107045 1.1459155 0.57295775
5.14 8.5 -0.38 -2.291831 1.7188734 2.291831
4.81 8.9 -0.56 -2.8647888 2.8647888 -0.57295775
4.69 9.0 -0.45 -2.8647888 2.8647888 -0.57295775
4.69 8.72 -0.5 -3.4377468 1.7188734 -0.57295775
4.5899997 8.74 -0.48 -2.8647888 1.1459155 0.0
4.83 8.92 -0.48999998 -2.291831 1.1459155 0.57295775
4.89 9.07 -0.5 -1.7188734 0.0 0.57295775
4.67 8.94 -0.39 -2.291831 0.0 -1.7188734
4.64 9.03 -0.59 -2.291831 0.0 -1.7188734
4.66 8.86 -0.35999998 -3.4377468 0.57295775 -1.7188734
4.83 8.809999 -0.48 -2.8647888 0.57295775 -1.1459155
4.64 8.88 -0.38 -2.291831 0.0 -1.7188734
4.5099998 8.7699995 -0.32999998 -4.0107045 0.57295775 -2.291831
4.91 8.82 -0.57 -2.8647888 0.57295775 -1.1459155
4.65 9.03 -0.65 -1.1459155 0.0 -2.8647888
4.56 8.96 -0.44 -4.583662 0.0 -2.8647888
4.74 8.62 -0.02 -6.8754935 -0.57295775 -2.291831
4.6 8.73 -0.51 -1.7188734 0.0 -2.291831
4.64 8.86 -0.64 -0.57295775 0.0 -1.7188734
4.68 8.639999 0.03 -3.4377468 0.0 -1.7188734
4.5499997 8.679999 -0.089999996 -1.1459155 1.1459155 -4.583662
4.62 8.79 -0.78 0.57295775 1.1459155 -3.4377468
4.6 8.91 -0.45 -0.57295775 1.7188734 -2.8647888
4.7599998 8.84 -0.37 -4.0107045 3.4377468 -2.8647888
5.02 8.7699995 -0.91999996 -2.8647888 3.4377468 -2.291831
4.62 8.7699995 -0.39 -3.4377468 1.7188734 -2.8647888
