-3.22 8.09 -1.26 9.740283 -9.167324 4.583662
-3.48 8.41 -1.15 0.57295775 -12.605071 8.594366
-3.3899999 8.34 -0.74 -3.4377468 -11.459155 10.886198
-2.9299998 8.29 -0.19999999 -1.1459155 -3.4377468 9.740283
-2.6 8.47 -0.32 -1.7188734 -4.0107045 5.7295775
-2.5 8.71 -0.22 -1.1459155 -3.4377468 2.291831
-2.71 8.94 -0.099999994 0.0 -2.291831 1.7188734
-3.26 8.82 -0.17 1.1459155 -4.583662 6.3025355
-2.8999999 8.48 -0.24 0.57295775 -4.0107045 7.448451
-3.06 8.57 -0.14999999 4.583662 -4.0107045 13.750987
-2.57 8.809999 0.0 8.594366 -6.8754935 14.896902
-2.06 9.03 -0.85999995 4.0107045 -6.8754935 10.31324
-2.51 9.0199995 -0.53999996 -2.8647888 -4.583662 9.740283
-2.5 8.84 0.34 0.0 -4.583662 9.740283
-2.83 8.88 0.19 5.15662 -4.583662 11.459155
-3.1299999 9.309999 -0.39 2.291831 -2.291831 20.053522
-2.1699998 9.349999 -0.31 1.1459155 0.0 16.615776
-1.29 9.349999 -0.74 -4.583662 1.1459155 8.021409
-1.9 9.59 -0.98999995 -11.459155 1.1459155 5.7295775
-2.3899999 9.78 0.099999994 -8.594366 0.57295775 6.3025355
-1.8199999 9.34 0.51 -1.7188734 -2.8647888 2.8647888
-1.9699999 9.23 0.31 1.7188734 -4.583662 5.15662
-2.35 9.679999 -0.049999997 0.0 -5.15662 7.448451
-2.05 9.54 -0.08 0.0 -6.3025355 7.448451
-2.01 9.15 -0.21 0.0 -7.448451 6.8754935
-2.4299998 9.2699995 0.25 1.1459155 -6.3025355 8.021409
-3.05 9.41 -0.01 0.0 -4.583662 15.469859
-2.35 9.45 -0.17 -3.4377468 -4.0107045 19.480566
-1.14 9.41 -0.28 -2.8647888 -5.15662 13.750987
-1.52 9.48 0.06 -1.7188734 -5.7295775 11.459155
-2.04 9.46 0.53999996 2.291831 -4.583662 13.178029
-1.92 9.09 0.5 4.583662 -2.8647888 14.896902
-1.56 8.72 -0.049999997 4.0107045 -3.4377468 14.896902
-1.79 8.71 -0.049999997 0.57295775 -1.1459155 18.907606
-1.5 8.57 0.17999999 0.0 0.0 20.053522
-1.64 8.84 0.5 5.7295775 -3.4377468 23.49127
-1.53 8.7699995 0.31 9.167324 -4.0107045 26.929016
-1.61 9.04 0.17 12.032113 -0.57295775 30.366762
-1.31 9.54 -0.42999998 9.740283 -1.1459155 32.658592
-0.45999998 9.98 -0.78999996 1.7188734 -4.0107045 26.356058
-0.12 10.01 -0.39 0.57295775 -2.291831 20.053522
-0.77 10.3 -0.08 -0.57295775 -3.4377468 20.053522
-0.83 10.25 -0.81 -8.021409 -4.0107045 18.334648
-0.65 10.13 -0.45999998 -8.594366 -4.583662 18.334648
-1.53 10.2699995 0.74 -1.1459155 -6.3025355 24.064226
0.19 10.5199995 0.02 0.0 -2.8647888 17.761692
-0.11 10.16 0.9 5.15662 -1.1459155 10.886198
-1.05 10.2 1.29 18.907606 0.57295775 14.323945
-0.24 9.99 -0.53999996 17.761692 1.7188734 13.178029
-0.65 9.889999 -0.65999997 11.459155 1.7188734 10.31324
-1.37 9.929999 -0.39 8.021409 1.1459155 15.469859
-0.51 9.86 -0.55 2.291831 0.57295775 17.188732
-0.14999999 9.86 -0.59999996 -1.7188734 0.0 14.323945
-0.31 9.98 -0.53999996 -4.583662 1.1459155 14.323945
-0.87 9.98 0.03 -0.57295775 0.57295775 17.188732
-0.39 9.69 0.16 0.57295775 2.291831 18.334648
-0.26999998 9.55 -0.7 -5.7295775 2.291831 18.907606
-0.07 9.41 0.26 -8.594366 0.0 24.064226
0.35 9.15 0.87 0.0 1.1459155 21.772396
0.57 9.179999 0.11 1.7188734 1.1459155 19.480566
0.08 9.2 0.12 1.1459155 2.8647888 19.480566
-0.42 9.28 0.08 1.7188734 3.4377468 25.210142
0.19 9.58 -0.7 -1.7188734 1.1459155 28.07493
0.64 9.91 -0.95 -12.032113 -1.7188734 24.637184
0.63 9.99 0.16 -10.31324 -1.7188734 22.91831
0.87 9.87 0.57 -5.15662 0.57295775 20.62648
0.68 9.86 0.89 1.7188734 3.4377468 20.053522
0.48 10.08 1.03 8.021409 4.0107045 20.62648
1.18 10.349999 0.089999996 6.3025355 5.7295775 16.042818
-0.06 9.63 -0.59999996 -1.7188734 10.31324 20.053522
0.47 9.58 -0.71999997 -6.3025355 12.605071 25.210142
1.36 9.76 -0.71999997 -12.032113 10.31324 20.62648
1.06 9.94 -0.12 -14.323945 4.583662 20.053522
1.15 10.179999 0.78 -8.594366 2.8647888 20.053522
1.23 10.15 0.93 0.0 4.583662 19.480566
1.4 10.099999 0.19 3.4377468 2.8647888 16.042818
1.48 9.95 -0.19999999 -2.8647888 2.291831 13.750987
1.1999999 9.929999 -0.35999998 -8.021409 -1.1459155 15.469859
1.5699999 9.75 -0.03 -10.31324 -2.291831 14.896902
1.79 9.679999 0.59 -6.3025355 -2.291831 13.178029
1.9599999 9.429999 1.3299999 2.291831 0.0 11.459155
1.3 9.309999 0.69 11.459155 1.1459155 13.750987
1.67 9.41 0.19 10.886198 1.7188734 16.615776
2.2 9.3 -0.16 8.021409 3.4377468 14.896902
1.8399999 9.26 -0.25 6.8754935 2.291831 14.896902
1.62 9.54 -0.089999996 4.583662 0.57295775 18.334648
2.27 9.46 0.29 5.7295775 0.57295775 17.188732
2.31 9.5199995 0.21 9.167324 -1.1459155 14.896902
2.08 9.34 -0.17 8.594366 -1.7188734 17.188732
1.4399999 9.41 0.02 9.740283 -1.1459155 22.345354
1.9399999 9.559999 -0.34 6.8754935 -0.57295775 22.345354
2.47 9.9 -0.32 6.3025355 -1.1459155 19.480566
2.44 9.889999 -0.03 5.7295775 -1.1459155 16.615776
2.35 9.33 -0.19999999 4.583662 -1.1459155 17.188732
2.29 9.53 -0.26999998 3.4377468 -1.1459155 17.761692
2.56 9.61 0.049999997 2.291831 -0.57295775 16.615776
2.83 9.349999 0.0 2.8647888 -1.1459155 14.323945
2.6499999 9.2 -0.089999996 2.291831 -1.7188734 13.750987
2.33 9.28 0.35999998 7.448451 -1.1459155 17.188732
2.72 9.57 0.28 8.594366 0.0 15.469859
2.9299998 9.48 -0.37 5.7295775 0.0 14.323945
2.6799998 9.349999 -0.19 5.15662 0.0 14.323945
2.37 9.58 -0.08 6.3025355 -2.291831 16.042818
2.7 9.65 -0.11 5.7295775 -1.1459155 16.042818
2.83 9.67 -0.29999998 3.4377468 -0.57295775 13.750987
2.9199998 9.59 0.26 6.8754935 0.0 13.178029
2.95 9.58 0.5 13.178029 0.57295775 13.750987
3.23 9.25 0.24 18.907606 1.1459155 12.605071
3.1399999 8.96 -0.82 15.469859 -2.291831 12.605071
2.87 8.83 -1.01 8.021409 -5.7295775 13.750987
3.29 8.95 -0.41 6.3025355 -2.291831 14.896902
3.31 9.04 0.01 8.021409 1.7188734 16.042818
3.1499999 8.88 0.01 11.459155 5.15662 17.761692
3.49 8.69 0.17999999 16.042818 5.15662 17.188732
3.37 8.95 -1.03 8.594366 -1.1459155 17.188732
3.73 9.71 -1.9399999 -3.4377468 -6.8754935 13.750987
3.47 9.53 -1.06 -7.448451 -4.583662 14.323945
3.34 9.559999 0.089999996 -4.583662 -1.7188734 14.323945
3.3 10.04 -0.04 -1.1459155 0.57295775 13.178029
3.37 10.36 -0.17999999 0.0 1.7188734 12.032113
3.5 10.09 -0.04 3.4377468 2.8647888 8.594366
3.3999999 9.7 -0.16 6.8754935 5.7295775 6.8754935
3.29 9.469999 -0.62 5.15662 4.0107045 7.448451
3.4499998 9.51 -1.4399999 -2.8647888 0.57295775 7.448451
3.34 9.73 -1.2099999 -7.448451 0.0 6.8754935
3.83 9.639999 -0.17999999 -3.4377468 0.57295775 3.4377468
3.87 9.4 0.06 0.57295775 0.57295775 2.8647888
3.54 8.96 0.0 3.4377468 2.291831 4.583662
3.52 9.08 -0.24 3.4377468 1.7188734 3.4377468
3.6899998 8.88 -0.42 3.4377468 0.0 4.0107045
3.6699998 8.679999 -0.57 1.7188734 0.0 5.15662
3.83 8.75 -0.53 -1.1459155 0.0 5.7295775
4.13 8.82 0.24 1.7188734 -0.57295775 4.583662
3.9199998 8.91 0.24 8.594366 0.0 3.4377468
3.72 8.79 -0.69 4.583662 0.0 4.583662
3.6499999 8.86 -0.90999997 1.7188734 -2.291831 4.583662
3.82 9.099999 -0.42999998 1.7188734 -4.0107045 2.8647888
3.84 9.24 -0.37 1.7188734 -1.7188734 1.1459155
3.6299999 9.22 -0.26999998 2.291831 -1.7188734 1.1459155
3.9499998 9.179999 -0.34 1.7188734 0.0 -0.57295775
3.72 9.0 -0.78 -2.291831 -4.0107045 0.57295775
3.73 9.0199995 -0.48999998 -4.0107045 -3.4377468 1.1459155
4.1 9.05 0.089999996 -1.7188734 -1.7188734 0.0
3.9099998 8.849999 -0.04 0.57295775 2.291831 -2.291831
3.6299999 8.78 -0.61 0.0 1.1459155 -1.1459155
3.72 8.54 -0.37 -0.57295775 -1.1459155 0.57295775
3.86 8.61 -0.31 0.0 -1.1459155 1.7188734
4.15 8.74 -0.26 1.7188734 0.57295775 -0.57295775
4.1 8.78 -0.39 1.1459155 0.57295775 -1.7188734
3.62 8.57 -0.76 -1.1459155 0.57295775 0.0
3.62 8.63 -0.63 -0.57295775 0.0 1.1459155
3.8 8.75 -0.26999998 1.1459155 0.0 1.7188734
3.9399998 8.65 -0.16 3.4377468 0.57295775 1.1459155
3.9299998 8.849999 -0.28 4.0107045 1.7188734 0.57295775
3.9099998 8.88 -0.21 6.3025355 1.1459155 0.0
3.76 8.83 -0.94 3.4377468 0.0 0.0
3.6699998 8.82 -0.78999996 -1.1459155 -0.57295775 1.1459155
3.9399998 9.04 0.049999997 1.1459155 1.1459155 0.57295775
4.0099998 9.07 -0.04 4.583662 2.291831 -1.7188734
3.87 8.88 -0.22999999 5.15662 2.291831 -1.1459155
3.6399999 8.72 -0.29999998 5.15662 1.7188734 0.0
3.7099998 8.74 -0.69 1.1459155 2.291831 0.57295775
3.8999999 8.92 -0.55 0.0 2.291831 0.0
4.17 8.87 -0.16 2.291831 4.0107045 -2.291831
3.8799999 8.98 0.39999998 9.167324 6.3025355 -1.1459155
3.77 8.79 -0.84999996 5.7295775 3.4377468 0.0
