-1.7526091 9.656111 -1.4245936 0.690515 0.26526502 0.080885
-1.6305012 9.663293 -1.3743137 -0.989485 -2.324735 0.57088506
-1.5921928 9.711179 -1.3910737 -1.4094851 -3.899735 -1.1791149
-1.7166951 9.711179 -1.3647367 -1.304485 -5.299735 -4.6091156
-1.7573977 9.632168 -1.3216397 -1.9694848 -5.614735 -6.674115
-1.8627458 9.574705 -1.2617828 -3.3694851 -3.1997352 -6.8141146
-1.9824595 9.577099 -1.1803775 -4.3144855 -0.50473505 -6.394115
-1.8962656 9.502876 -1.158829 -3.6494849 -0.57473505 -5.099115
-1.9728824 9.529214 -1.2593886 -1.269485 -1.764735 -4.4341154
-1.9848539 9.464568 -1.3312168 0.655515 -2.324735 -4.049115
-2.0806248 9.483723 -1.3120626 0.515515 -2.324735 -3.384115
-2.0447106 9.486116 -1.1779832 -0.35948503 -1.694735 -2.334115
-1.8938714 9.385557 -1.158829 -0.39448503 -2.0097349 -0.654115
-1.9417568 9.256267 -1.2809371 0.795515 -1.764735 0.255885
-2.1404817 9.115005 -1.3024855 1.600515 0.020265002 -0.724115
-2.099779 8.707977 -1.2857256 1.845515 1.8402649 -2.124115
-2.0159793 8.243488 -1.3264283 2.650515 -0.049735 -2.544115
-2.2266755 7.8963184 -1.6185298 4.8205147 -3.654735 -5.2391148
-2.6097596 7.2378926 -1.664021 6.360515 -1.799735 -10.804115
-2.9305923 6.447782 -1.489239 4.610515 3.170265 -17.769115
-3.3998702 5.7821736 -1.8914771 3.3505151 9.715265 -23.824116
-3.7398572 5.394301 -2.2601955 3.805515 16.330265 -28.584116
-4.0032277 4.680807 -2.2937152 0.760515 12.585265 -33.904118
-4.065479 4.312089 -1.9369683 -6.3094854 0.72026503 -40.869114
-3.9840732 3.991256 -1.5083932 -15.0594845 -5.509735 -46.329117
-5.047131 3.8811195 -0.89545876 -22.829485 -7.329735 -47.589115
-4.9369946 4.5275736 -0.5123748 -27.029486 -11.739735 -42.234116
-3.7614057 3.8212626 -0.18196489 -27.624485 -5.929735 -27.394115
-3.0383348 3.3902931 0.36632404 -25.944485 -4.529735 -7.969115
-2.8635526 3.2777622 0.45251793 -15.164485 -3.1997352 -1.739115
-1.4820561 3.921822 -0.10055954 7.3405147 -2.709735 -1.8091149
0.15562786 4.3216662 -1.1708003 30.720514 -16.534735 1.340885
-0.043096945 4.067873 -0.9960183 40.625515 -34.314735 -3.944115
-0.46927786 3.859571 -0.37829542 31.665516 -37.149734 -25.714117
-0.2681588 4.6736245 -0.17238778 13.745515 -18.144735 -44.964115
-0.7541966 6.466936 -0.22506183 -1.4794849 1.245265 -47.099117
-2.4517374 7.944204 0.17957062 -3.8594847 2.295265 -47.274117
-2.9114382 8.887548 -0.03351985 0.13051501 -14.819735 -51.054115
-2.19555 9.469357 -0.57462597 5.170515 -46.319733 -12.064116
-2.3846977 9.828498 -0.5027977 -2.739485 -52.094738 11.070886
-2.779753 10.477346 -1.0702409 -14.324485 -45.514736 32.280884
-1.063058 10.850853 -1.7071179 -34.099487 -41.034737 64.375885
1.2258687 11.978557 0.87630457 -72.284485 -39.284733 91.60589
1.9465454 12.486143 4.2378664 -95.20948 -21.644735 93.67089
2.2458298 11.607444 3.972102 -69.06449 -5.264735 81.84088
-0.043096945 11.526039 0.85236186 -13.7294855 -20.384735 73.82588
-2.3655436 13.589904 -0.30886146 9.0205145 -46.52974 73.47588
-0.69673395 14.028056 2.9736893 -16.669485 -39.669735 87.58089
-1.1803775 13.352871 3.7781656 -23.249485 -12.544735 96.47089
-2.3272352 13.1206255 1.0295382 22.565514 -2.2197351 92.165886
-1.6616267 14.499728 -1.7717633 67.82051 -2.324735 99.165886
0.2681588 16.17572 -3.5076127 77.79551 10.205265 118.695885
2.9377751 15.162942 -4.0750556 63.130516 19.480267 128.8109
0.38547826 14.138193 -3.3352249 35.340515 -3.899735 116.24589
-2.7821474 14.090307 -0.90982443 0.060514994 -25.179737 89.92589
-0.24900457 15.299416 -0.4189981 -25.664486 -8.134735 83.625885
1.3982565 15.572363 -1.8244374 -12.8544855 2.470265 97.17089
1.7573977 14.887601 -2.073442 12.485515 -13.139734 92.79588
2.5379312 14.700848 -0.92658436 10.245515 -27.699736 72.320885
2.0351336 14.193261 -0.74222517 -1.6544851 -19.474735 56.990887
0.7685622 13.604269 -0.5123748 -2.214485 -11.284736 40.295887
1.3551595 12.895564 -0.8140534 3.5605152 -5.824735 22.865885
2.1332989 12.56276 -0.9601042 10.000515 -6.944735 17.370886
2.4708917 12.234744 -0.92658436 11.050515 -9.639735 14.535886
1.7286664 11.57153 -0.50998056 5.100515 -9.464736 7.605885
1.4940275 10.984933 -0.32083282 -2.179485 -5.3697352 -1.9141148
1.6496553 10.61382 -0.6943397 -5.399485 -2.709735 -7.199115
1.9561225 10.415095 -0.8547561 -4.979485 -2.954735 -8.319115
1.6448668 10.046377 -0.5411061 -8.199485 -2.9897351 -9.474115
1.1492519 9.72315 -0.11253092 -13.869485 -4.7047353 -14.339115
1.5443072 9.512454 -0.14844504 -17.579485 -5.334735 -17.349115
1.6592325 9.407105 -0.076616794 -18.524487 -4.074735 -14.234115
1.4413534 9.232324 0.05985687 -17.404486 -1.659735 -12.169115
1.5395187 9.25866 0.27294734 -15.304485 -1.694735 -12.799115
1.7143008 9.526819 0.05027977 -9.109485 1.140265 -8.739115
1.6185298 9.581888 -0.29928434 -3.824485 1.5602651 -7.8291144
1.324034 9.411894 -0.2944958 -2.039485 -1.1347351 -8.459115
1.1636176 9.380769 -0.10774237 -4.4894853 -2.289735 -7.3041153
1.4413534 9.431048 -0.026337024 -6.624485 -1.9747351 -3.6641152
1.3814965 9.435837 0.11253092 -5.749485 -2.779735 -1.3541151
0.9888355 9.462174 0.028731298 -0.989485 -0.9597351 -3.139115
1.2785428 9.569917 -0.6296943 6.570515 -1.764735 -2.4041152
1.3671309 9.61062 -0.6368771 8.040515 -6.559735 0.220885
1.2043202 9.624985 0.102953814 0.41051498 -4.564735 0.64088506
1.2881198 9.778218 0.16041641 -3.544485 1.490265 1.235885
1.7957062 9.864412 -0.54350036 2.335515 0.825265 3.580885
1.664021 9.79019 -0.7781393 6.710515 -5.194735 3.195885
1.2617828 9.720756 -0.44772938 0.270515 -6.559735 0.64088506
1.7382435 9.727939 0.15323359 -11.034486 -2.674735 1.375885
1.7071179 9.727939 0.22506183 -15.724485 -1.554735 3.545885
1.6831752 9.6585045 0.4189981 -11.699485 -4.214735 1.340885
1.3360053 9.648928 0.45251793 -7.464485 -6.349735 -1.529115
1.5993756 9.725544 0.31125572 -4.349485 -3.7597353 -2.264115
1.8196489 9.754275 0.12689656 -1.9694848 -1.9047351 -0.024115
1.3934679 9.70639 0.15083931 -0.814485 -0.71473503 -0.864115
1.23784 9.703996 -0.14605077 0.23551501 0.93026507 -3.6991153
1.4964218 9.648928 -0.32801566 1.530515 -0.329735 -3.2791152
1.6161355 9.565128 0.06464542 -0.569485 -2.289735 -1.1441151
1.472479 9.72315 0.20351335 -4.804485 -1.939735 -1.004115
1.3048798 9.708784 0.06943397 -4.909485 -1.4147351 -2.334115
1.2713599 9.608225 0.117319465 -2.459485 -3.3047352 -2.6491148
1.350371 9.694419 0.3304099 -2.8794851 -2.9897351 -1.704115
1.3479767 9.711179 0.5554718 -4.209485 -3.1997352 -0.54911506
1.4509305 9.809344 0.6105401 -3.789485 -3.059735 -0.094115
1.620924 9.941029 0.19393626 -1.234485 -0.994735 0.115885004
1.498816 9.941029 0.057462595 2.615515 0.055265002 0.325885
1.5754328 9.905115 0.052674048 3.910515 0.96526504 -1.3191149
1.4174107 9.850046 -0.16281068 3.000515 2.680265 -2.229115
1.2546 9.72315 -0.14605077 2.685515 3.030265 -2.9291148
1.4557191 9.620196 -0.014365649 1.355515 2.1902652 -3.734115
1.5897985 9.766247 -0.10774237 -1.514485 1.9452649 -2.6841152
1.4844503 9.636956 -0.34477556 -2.459485 1.980265 -2.159115
1.2210802 9.435837 -0.15323359 -1.724485 0.23026499 -2.544115
1.541913 9.42626 0.23224466 -5.6794853 -1.484735 -2.6841152
1.4868447 9.486116 0.2777359 -3.9644847 -1.589735 -1.3541151
1.350371 9.490906 0.0670397 0.41051498 -0.67973506 -1.2841151
1.5083932 9.534002 -0.026337024 2.4405153 0.125265 -0.44411498
1.5227587 9.57231 -0.021548472 2.9655151 0.405265 -0.16411501
1.2737542 9.641745 -0.17238778 3.5605152 -0.50473505 -1.1091149
