-1.4868447 9.522031 -0.38547826 12.458916 -6.717655 2.90752
-1.6065584 9.732727 -0.6392714 15.083915 -10.497655 4.2725196
-1.5059988 9.711179 -0.6464542 11.513915 -7.767655 5.1125197
-1.1516461 9.826104 -0.5027977 4.3389153 -3.8126547 6.82752
-1.1229149 9.759064 -0.30167863 -0.911085 -4.7926555 6.2675204
-1.1468576 9.804555 -0.2657645 -2.416085 -6.402655 2.03252
-1.3527653 9.663293 -0.26097596 -1.7860851 -5.667655 -2.37748
-1.5754328 9.668081 -0.44772938 -0.316085 -5.282655 -5.77248
-1.6544439 9.591465 -0.31365 -0.036085 -4.022655 -6.99748
-1.7717633 9.663293 -0.15802214 -2.871085 -0.697655 -6.0524797
-1.5969813 9.6896305 -0.14126222 -3.9560847 0.772345 -4.54748
-1.4221992 9.593859 -0.26337022 -2.3810852 -0.522655 -3.04248
-1.5850099 9.601042 -0.37350687 0.138915 -3.252655 -3.5324802
-1.802889 9.653716 -0.3902668 1.083915 -4.302655 -5.73748
-1.8459859 9.814133 -0.28970724 0.068915 -3.2876549 -6.57748
-1.5778271 9.974549 -0.30646718 -0.52608496 -3.7776551 -5.38748
-1.3886794 9.926663 -0.45251793 0.55891496 -6.122655 -4.33748
-1.3671309 10.146936 -0.44294083 2.308915 -10.497655 -5.2474804
-1.3623424 10.357633 -0.3328042 1.993915 -11.792655 -7.76748
-1.4245936 10.64734 -0.28252444 0.313915 -11.127655 -11.407479
-1.403045 10.855642 -0.4189981 -0.771085 -10.917655 -15.187481
-1.1875603 11.087887 -0.5794145 -1.296085 -10.007655 -16.79748
-1.1636176 11.056761 -0.57223165 -2.276085 -10.847655 -17.95248
-1.2306572 10.843671 -0.39505535 -5.881085 -13.822655 -20.05248
-1.3838909 10.439038 -0.0071828244 -13.266086 -13.052655 -24.14748
-1.8172545 9.912297 0.2849187 -28.071085 -7.6976547 -35.137478
-2.6552508 9.337671 0.66321415 -28.876087 -10.042656 -40.80748
-3.2969165 8.45179 0.67279124 -23.486086 -15.677656 -41.577484
-3.512401 7.735902 0.52913475 -14.491085 -26.002655 -39.40748
-3.9457648 6.9505796 0.59378016 -9.066085 -29.432655 -36.88748
-4.3264546 6.3280683 0.81165916 -6.756085 -22.957655 -31.81248
-4.2187123 5.5355635 0.6105401 -2.4860852 -15.537654 -23.02748
-3.9888618 4.860378 0.42618093 2.868915 -15.537654 -15.22248
-3.9601305 4.0199876 0.3615355 5.5289154 -14.5226555 -11.267481
-4.2594147 3.1436827 0.2657645 5.843915 -6.367655 -13.89248
-4.3863115 2.6337023 0.3974496 7.383915 -0.9426551 -20.75248
-4.8124924 2.4900458 0.028731298 14.103915 -5.1776547 -24.77748
-4.7933383 2.4493432 -0.37111259 21.593914 -10.427655 -20.78748
-4.192375 2.6001825 -0.39505535 17.953915 -12.177655 -8.11748
-3.3950818 3.0335462 0.0670397 4.9689155 -5.9826555 7.9825196
-2.4972286 3.205934 0.5243462 -6.371085 0.9473451 21.492521
-1.2426286 3.6823947 0.94573855 -9.521086 -0.59265506 29.997519
-0.6895511 4.7885494 1.786129 -3.116085 -5.7026553 31.81752
-0.5889916 5.1357193 0.967287 17.568914 -11.932654 24.81752
-0.5554718 5.681614 -1.1995317 46.478916 -16.412655 15.89252
-0.27294734 6.3711653 -1.4102279 52.848915 -13.122656 19.392519
0.29689008 7.082265 0.16520496 30.693918 -10.112655 28.00252
0.5794145 8.322499 0.49082634 13.858915 -14.592655 33.25252
0.23224466 9.277815 -2.2314641 23.168915 -13.227655 37.06752
0.47885495 9.304152 -2.6863763 29.188915 -1.9926552 46.97252
1.5706443 10.0200405 -0.047885496 1.153915 1.9273449 57.96252
2.7869358 11.1142235 0.73743665 -26.741085 0.91234505 62.54752
2.3727264 11.289005 -0.49800915 -16.521086 -8.082655 61.217518
1.472479 10.302565 -0.90982443 9.483915 -19.527655 51.97752
1.2905141 10.477346 1.4126221 13.753915 -18.407656 45.85252
2.4373717 11.892363 1.6568382 5.8089156 -9.132654 42.667522
3.4908526 13.362448 -0.38547826 21.803915 -4.862655 45.18752
0.7350424 12.464595 -2.5618742 59.113914 -3.077655 38.012524
-1.3024855 12.16531 -1.0534809 79.238914 -1.1876551 14.772519
0.7541966 13.910737 -1.3288225 59.70892 8.647345 8.89252
0.7901107 15.244348 -3.615355 40.073914 22.367344 36.087524
-0.13886794 14.533248 -4.4629283 43.223915 10.467345 49.87752
-1.3886794 13.211608 -3.5243726 38.358917 -2.342655 41.68752
-2.7558103 13.443853 -0.84039044 -25.166084 11.482345 50.36752
-1.3431882 14.339312 -0.54828894 -29.786083 19.777344 68.60252
0.74701375 15.186885 -2.2027328 -2.976085 9.347345 80.85252
0.2466103 14.492545 -3.8763309 19.843914 -8.572656 71.40253
-1.0127783 13.9466505 -2.6169424 6.6489153 -11.372655 53.79752
-1.1205206 13.949045 -1.3647367 -17.536085 3.3273451 48.72252
0.38068968 14.142982 -1.9704882 -18.831085 2.487345 54.077522
0.531529 13.707223 -2.257801 -9.8010845 -9.832656 50.542522
0.18196489 13.051192 -0.9289786 -15.191085 -12.177655 38.012524
0.531529 12.730359 0.51955765 -25.166084 -5.912655 29.437521
0.99362403 12.739936 0.37111259 -18.131086 3.362345 24.88752
0.9026416 12.502903 -0.9792584 4.1989145 6.022345 16.62752
1.2402344 11.925883 -1.9178141 17.568914 5.4273453 7.4925203
1.2929084 11.351257 -1.4054393 7.8039145 4.937345 1.6125201
1.0510867 10.767054 -0.22506183 -10.361085 7.877345 -4.54748
0.7589851 10.331296 0.13647367 -16.136086 12.007344 -8.60748
1.3407938 10.357633 -0.69673395 -3.7460847 7.8423448 -9.622479
1.4652961 10.158908 -1.6855695 12.318915 -2.237655 -9.3774805
1.158829 9.680053 -1.4078336 12.388915 -5.737655 -12.24748
1.1372806 9.390346 -0.6153286 -3.116085 -0.172655 -12.597481
1.3575538 9.366403 -0.3902668 -13.931086 3.887345 -9.587481
1.3072741 9.435837 -0.82123625 -9.976085 -0.24265501 -8.11748
1.3216397 9.428655 -0.90503585 -2.276085 -4.477655 -9.02748
1.2737542 9.366403 -0.7015225 -2.1010852 -4.6526546 -8.432481
1.3431882 9.385557 -0.46209505 -6.091085 -1.8876551 -6.68248
1.2258687 9.474146 -0.600963 -6.721085 0.31734502 -5.3524804
1.201926 9.591465 -0.8739103 -2.591085 -0.34765503 -5.10748
1.333611 9.732727 -1.175589 0.173915 -0.97765505 -4.4074802
1.3000913 9.581888 -1.0606637 -1.0860851 -0.837655 -2.9024801
1.0750294 9.404712 -0.6153286 -5.006085 -1.957655 -3.3574803
1.036721 9.474146 -0.41181526 -8.751085 -0.172655 -4.44248
1.2641771 9.632168 -0.6392714 -7.6310854 0.45734504 -3.46248
1.3623424 9.751882 -1.0941836 -2.4860852 -0.697655 -1.95748
0.87630457 9.562734 -0.9864412 1.643915 -1.432655 -1.9924802
1.0079896 9.431048 -0.6201172 -0.001085 -2.237655 -3.63748
1.5347302 9.646533 -0.56744313 -4.936085 -0.417655 -1.57248
1.1803775 9.761458 -0.85954463 -5.216085 0.877345 1.64752
0.9122187 9.651321 -0.8571504 -0.421085 -0.97765505 -0.62748003
1.1827718 9.646533 -0.71828246 1.258915 -1.607655 -3.32248
1.2881198 9.727939 -0.7781393 -2.4510849 0.177345 0.9825199
1.089395 9.79019 -0.7901107 -0.87608504 -0.24265501 -0.90748006
1.0008069 9.646533 -0.7781393 -0.421085 0.107345 -2.5874798
1.0917894 9.648928 -0.73743665 -0.701085 0.31734502 -1.8174801
1.0846065 9.694419 -0.81644773 0.24391499 -1.3626549 -1.01248
1.0989721 9.651321 -0.7853221 -0.141085 -2.342655 -0.62748003
1.0271438 9.61062 -0.54350036 -2.311085 -0.66265506 -0.48747998
1.1229149 9.60583 -0.49800915 -2.6610851 0.31734502 0.66752
1.2354459 9.636956 -0.64166564 -0.141085 -0.87265503 1.9275199
1.0965779 9.708784 -0.7302538 1.993915 -1.677655 1.2625201
1.0319325 9.747093 -0.69912827 1.678915 -0.66265506 -0.10248
1.0846065 9.668081 -0.7877164 0.418915 0.562345 0.21252
1.0726352 9.653716 -0.85954463 0.383915 -0.032655 0.84252
1.0391153 9.663293 -0.7853221 -0.316085 -1.607655 0.45752
1.1612233 9.617802 -0.5243462 -2.416085 -1.642655 0.66752
1.0223553 9.670476 -0.6105401 -2.3810852 -1.0126549 0.77252
1.1516461 9.682447 -0.82602483 0.523915 -1.082655 1.08752
1.2546 9.754275 -0.75180227 1.643915 -3.007655 1.8575201
1.185166 9.759064 -0.5506832 -0.21108499 -3.3226552 1.3675201
0.91700727 9.632168 -0.6153286 -1.016085 -2.622655 0.45752
1.1133378 9.598648 -0.64166564 -0.49108505 -0.522655 0.87752
1.2881198 9.8237095 -0.6392714 -0.49108505 0.387345 2.73252
1.2474172 9.905115 -0.65363705 0.55891496 -1.3276551 2.10252
0.9864412 9.804555 -0.7972935 2.343915 -2.9026551 -0.31248
