0.22 10.219999 2.28 9.740283 -46.40958 -7.448451
-0.78999996 9.87 1.4599999 17.761692 -40.107044 -13.178029
-1.9 9.7699995 0.45999998 16.615776 -34.377464 -9.740283
-1.88 9.65 0.61 6.8754935 -40.107044 -0.57295775
-1.1899999 9.61 1.3 1.7188734 -40.680004 2.8647888
-0.93 9.15 1.35 2.8647888 -32.085636 0.0
-1.4 8.63 0.74 9.740283 -16.615776 -9.740283
-2.11 7.68 0.31 13.178029 -14.323945 -14.323945
-2.54 6.67 -0.049999997 17.188732 -26.356058 -16.042818
-2.6399999 5.49 -0.01 21.772396 -36.09634 -14.323945
-2.6499999 4.44 -0.01 21.772396 -38.38817 -12.605071
-3.1699998 3.0 -0.19 24.637184 -37.815212 -5.7295775
-2.1399999 1.86 -2.21 33.80451 -46.98254 5.15662
-0.84999996 0.089999996 -1.86 9.167324 -21.772396 -9.167324
-1.8399999 -0.78999996 -0.93 18.907606 -19.480566 -18.907606
-2.8999999 -0.95 -1.6999999 44.11775 -35.523384 -16.042818
-0.42999998 -1.3399999 -2.7 31.51268 -55.00395 16.615776
2.1499999 -1.13 -0.35999998 -34.950428 -40.680004 61.30648
1.93 -0.31 1.41 -59.58761 -29.793804 46.98254
2.08 0.87 1.9399999 -58.441692 -29.220846 45.83662
3.55 1.73 2.31 -54.43099 -36.09634 68.75493
5.18 3.04 3.26 -60.160564 -36.669296 97.402824
6.6099997 4.06 4.35 -68.75493 -28.64789 116.31043
6.25 5.0099998 4.68 -63.02536 -2.8647888 123.18592
6.77 6.3999996 4.0899997 -52.139156 -2.8647888 140.94762
8.32 8.0199995 3.8899999 -48.128452 -13.178029 158.7093
9.42 9.8 3.76 -44.11775 -21.199438 166.15775
9.74 10.719999 3.6999998 -40.680004 -23.49127 162.72002
10.55 13.54 2.87 -30.366762 -36.669296 154.69861
10.28 14.88 2.98 -29.793804 -42.398876 148.96902
8.95 15.37 3.85 -29.793804 -42.971836 140.37466
8.86 16.42 3.49 -18.907606 -50.420284 134.64508
10.309999 18.41 2.61 -5.7295775 -59.58761 133.49916
11.45 19.9 4.5899997 -22.91831 -68.75493 122.04
9.62 18.699999 6.37 -44.69071 -29.220846 65.890144
6.8999996 17.42 6.6299996 -29.220846 -8.021409 47.555496
6.3199997 16.529999 5.3599997 -1.1459155 -12.032113 51.5662
7.45 15.61 3.1299999 13.750987 -22.91831 48.701412
7.0299997 14.839999 2.12 0.0 -27.501974 33.80451
5.62 13.139999 3.6799998 -21.772396 -23.49127 24.637184
5.46 12.53 5.99 -34.950428 -5.7295775 18.334648
6.6 12.63 4.43 -1.1459155 0.0 23.49127
7.37 11.48 1.62 37.815212 0.0 22.91831
6.5499997 10.099999 -0.28 38.961132 -10.886198 5.7295775
5.9 8.92 0.48 5.15662 -18.334648 -5.15662
5.45 8.0199995 2.37 -44.11775 -18.907606 -15.469859
5.5499997 7.21 3.62 -46.98254 -13.750987 -16.615776
5.72 6.77 3.85 -33.231552 -6.3025355 -16.615776
6.22 6.45 3.78 -18.907606 -2.291831 -16.042818
6.31 6.12 3.35 -4.0107045 2.8647888 -16.615776
6.21 6.24 1.1999999 6.3025355 4.583662 -13.178029
6.62 6.5899997 1.29 -3.4377468 10.31324 -5.7295775
6.6099997 6.45 1.74 -10.31324 4.583662 -4.583662
6.41 6.24 1.63 -10.31324 -1.1459155 -5.15662
6.56 6.2999997 1.76 -9.740283 -1.1459155 -2.8647888
6.54 6.35 2.06 -9.740283 2.291831 0.0
6.69 6.49 2.35 -6.8754935 4.583662 3.4377468
6.8199997 6.8199997 1.9799999 3.4377468 -2.291831 2.8647888
6.8399997 6.8799996 1.5 3.4377468 -2.8647888 -0.57295775
6.15 6.6 1.25 -5.7295775 -0.57295775 -4.583662
5.98 6.66 2.07 -14.896902 0.57295775 -1.1459155
6.21 6.81 2.6399999 -10.31324 -2.291831 1.1459155
6.3799996 6.96 1.79 1.7188734 -5.7295775 2.291831
6.16 6.93 1.68 0.57295775 -6.8754935 1.7188734
6.08 7.0099998 2.27 -6.3025355 -7.448451 2.291831
6.1 7.1299996 2.4299998 -8.594366 -8.021409 5.15662
6.3199997 7.27 1.99 -5.15662 -6.8754935 6.8754935
6.56 7.19 1.62 -5.7295775 -7.448451 6.3025355
6.5899997 7.17 2.01 -18.334648 -4.583662 2.291831
6.3799996 7.23 2.51 -22.345354 -5.15662 0.0
6.27 7.08 3.08 -19.480566 -8.021409 -0.57295775
6.3399997 7.08 3.26 -10.886198 -6.8754935 -0.57295775
6.3199997 6.93 2.83 -3.4377468 -5.7295775 -1.1459155
6.29 6.67 2.34 -1.7188734 -4.0107045 -2.291831
6.14 6.67 2.47 -4.583662 -2.8647888 -2.291831
6.22 6.7799997 3.0 -8.594366 -2.8647888 -0.57295775
6.2599998 6.7599998 2.95 -4.583662 -2.8647888 0.0
6.31 6.7599998 2.6299999 1.1459155 -1.7188734 0.0
6.43 6.75 2.58 3.4377468 0.0 0.57295775
6.3799996 6.94 2.3999999 3.4377468 1.7188734 0.57295775
6.37 6.96 2.23 2.291831 -0.57295775 0.0
6.3799996 6.85 2.44 0.0 -2.291831 -0.57295775
6.29 6.73 2.52 0.0 0.0 -0.57295775
6.25 6.74 2.56 0.0 2.291831 0.57295775
6.58 6.8599997 2.1399999 2.291831 2.8647888 1.1459155
6.35 6.7999997 1.9499999 3.4377468 1.1459155 -0.57295775
6.25 6.7 2.27 0.0 0.0 -1.1459155
6.29 6.72 2.58 -2.291831 -2.291831 0.57295775
6.37 6.79 2.5 -0.57295775 0.0 1.7188734
6.56 6.97 2.48 1.1459155 0.0 2.291831
6.43 6.95 2.24 2.8647888 0.0 0.0
6.24 6.8199997 2.27 0.0 -0.57295775 -0.57295775
6.2799997 6.77 2.33 -2.8647888 0.57295775 0.0
6.35 6.73 2.4199998 -5.7295775 0.57295775 0.0
6.3199997 6.72 2.57 -7.448451 1.1459155 0.0
6.45 6.79 2.78 -6.3025355 1.7188734 0.57295775
6.43 6.8199997 2.84 -2.8647888 2.291831 1.1459155
6.43 6.83 2.58 0.57295775 3.4377468 1.1459155
6.37 6.8599997 2.3899999 4.0107045 1.7188734 0.57295775
6.39 6.8999996 2.1699998 4.0107045 0.57295775 0.0
6.46 6.8999996 2.2 0.57295775 1.1459155 0.57295775
6.37 6.8399997 2.49 -2.291831 0.0 0.0
6.43 6.8199997 2.7 -0.57295775 -0.57295775 0.0
6.3599997 6.85 2.53 1.1459155 0.0 0.0
6.45 6.97 2.3 0.57295775 0.0 -0.57295775
6.47 7.1 2.1499999 -3.4377468 0.0 -2.291831
6.43 6.85 2.47 -9.167324 0.0 -4.583662
6.1 6.6499996 2.74 -11.459155 0.0 -7.448451
6.0899997 6.5299997 3.1299999 -10.886198 0.0 -6.3025355
6.0499997 6.5 3.31 -6.8754935 0.57295775 -2.8647888
6.27 6.64 3.27 0.0 1.1459155 0.0
6.3399997 6.68 2.6399999 8.594366 0.0 0.57295775
6.2 6.74 2.06 7.448451 -0.57295775 0.0
6.22 6.75 2.23 -2.8647888 0.0 1.1459155
6.31 6.7999997 2.9199998 -7.448451 1.1459155 1.1459155
6.23 6.8199997 3.1299999 -2.291831 0.0 0.57295775
6.23 6.77 2.97 4.583662 -0.57295775 1.1459155
6.3199997 6.85 2.3 8.021409 0.57295775 2.291831
6.35 6.99 2.45 3.4377468 1.7188734 1.7188734
6.37 6.92 2.56 0.57295775 0.57295775 0.57295775
6.21 6.85 2.56 0.57295775 0.57295775 0.57295775
6.43 6.83 2.6 1.1459155 0.0 0.57295775
