-1.1899546 9.761458 -0.21548474 -5.9160852 -2.1326551 -6.5074797
-1.5562786 9.596253 -0.16041641 -6.161085 -0.452655 -10.91748
-1.9824595 9.522031 -0.11492519 -5.0410852 1.752345 -12.0024805
-1.9968252 9.483723 -0.16281068 -3.116085 1.822345 -9.76248
-1.951334 9.534002 -0.20590763 -0.421085 1.297345 -5.49248
-1.7454263 9.684841 -0.29210153 2.168915 2.032345 -1.4324801
-1.5371244 9.72315 -0.2466103 2.588915 1.122345 0.84252
-1.5347302 9.744699 -0.20111908 1.9239151 0.91234505 0.87752
-1.6041641 9.75667 -0.19154198 1.818915 1.367345 -0.17248
-1.5993756 9.725544 -0.18196489 2.2039149 0.737345 -0.52248
-1.6424725 9.703996 -0.2466103 3.043915 -0.907655 -0.83747995
-1.6185298 9.699207 -0.22745611 3.7089152 -1.8176551 -0.9774801
-1.5586729 9.735122 -0.27055305 3.5339148 -2.2026548 -0.69748
-1.6233183 9.665688 -0.17717634 2.658915 -1.782655 -0.59248
-1.786129 9.665688 -0.14126222 2.553915 -1.432655 -1.39748
-1.7071179 9.77343 -0.35914123 5.0739155 -2.237655 -1.18748
-1.4772675 9.897932 -0.5913859 8.923915 -4.232655 -0.03248
-1.3216397 10.000886 -0.66800267 9.763915 -5.492655 0.87752
-1.3455825 9.962578 -0.6201172 6.613915 -4.197655 -0.27748
-1.4485363 9.921875 -0.5411061 2.658915 -2.447655 -3.32248
-1.4676905 9.955395 -0.4764607 -0.666085 -0.837655 -6.22748
-1.525153 9.775824 -0.45012367 -2.416085 -1.3976551 -8.222481
-1.4126221 9.545974 -0.3974496 -2.731085 -3.252655 -11.407479
-1.7693691 9.158101 -0.3974496 -3.466085 -3.007655 -14.52248
-1.8579572 8.674458 -0.3974496 -4.446085 -1.782655 -18.827482
-1.934574 8.207574 -0.28970724 -4.306085 -0.767655 -24.637482
-2.4708917 7.0774765 -0.2849187 -3.5360851 -1.957655 -32.687477
-2.8779182 6.3208857 -0.3974496 -1.7860851 -2.622655 -41.40248
-3.1963568 5.6792197 -0.58420306 0.90891504 -5.9826555 -46.12748
-4.539545 4.925023 -0.43815228 0.94391495 -12.282655 -49.03248
-4.3216662 4.434197 -0.749408 -3.9210854 -18.337654 -53.09248
-4.4222255 3.7159145 -0.7996878 -9.696085 -7.4876556 -47.00248
-4.8938975 3.8452053 -0.45012367 -18.306086 2.6273448 -34.08748
-4.865166 4.295329 0.17717634 -16.626085 -5.1426554 -24.98748
-4.14449 4.743058 0.08858817 -8.401086 -16.237654 -9.16748
-3.2514253 4.8723493 -0.2657645 0.48891497 -20.402655 8.157519
-3.0335462 5.2650104 -0.35435268 3.2539148 -9.167655 15.92752
-2.3248408 5.403878 -0.16041641 3.7439148 0.7023451 17.64252
-1.7430321 6.100612 0.071828246 11.618915 -11.582655 17.95752
-1.446142 6.411868 -0.29210153 25.968916 -29.047657 12.56752
-1.6855695 6.261029 -0.84278476 35.103916 -29.957657 3.1175199
-1.7119064 6.454965 -1.0846065 29.608915 -13.927654 -1.36248
-1.0965779 7.1756415 -1.2258687 19.353916 -4.232655 2.69752
-0.4860378 7.4366174 -0.6344828 9.693915 -8.572656 6.37252
-0.7015225 7.8101244 -0.2777359 5.773915 -21.067656 5.1125197
-1.324034 8.664881 -0.45730647 9.903915 -27.192656 4.62252
-0.2681588 9.107821 -0.07901107 8.678916 -27.192656 10.01252
0.9696813 9.677659 -0.019154198 4.163915 -28.347654 16.06752
0.56265455 10.192428 -0.531529 3.1839151 -19.142654 10.81752
-1.2450229 9.955395 -0.7948992 -3.326085 2.942345 -1.5374801
-2.3559663 9.098245 1.3958622 -21.456087 7.7723455 -1.5374801
-1.5467016 8.779806 2.7677817 -36.401085 -10.042656 16.83752
-1.4269878 9.802161 1.6568382 -18.516087 -17.917656 36.087524
-0.011971374 11.856449 -0.6608198 19.773914 -9.202656 49.14252
1.158829 11.911517 -1.7717633 41.333916 -0.9426551 61.49752
-0.72546524 11.516461 -1.3000913 39.268917 -7.6276555 60.272526
-3.5890179 12.416709 -0.46209505 29.818916 -17.672655 52.537518
-1.7693691 14.037633 -1.8076775 25.513916 -15.852655 53.65752
1.1253091 14.585922 -3.2562137 27.298916 -18.442657 77.562515
0.42139238 13.52047 -2.403852 18.618916 -23.587656 93.627525
-1.5921928 12.962604 0.44533512 -8.576085 -27.437654 81.83253
-0.9122187 13.472585 -0.5219519 -28.701086 -31.077654 71.647514
-0.80687064 14.020873 -1.4964218 -20.056084 -28.347654 82.00752
-0.57223165 13.633 0.24900457 -15.821085 -17.567656 86.31252
0.44533512 13.680886 0.9241901 -27.861084 -8.222654 82.81252
0.72785956 14.346495 -0.7637737 -22.261086 -9.412656 83.40752
0.7302538 14.746339 -1.5658557 3.358915 -11.162655 76.68752
1.2043202 13.968199 -0.75180227 11.723915 -15.082656 65.31252
0.6153286 13.5611725 1.1612233 -4.306085 -22.222654 59.01252
0.6273 13.747926 0.37350687 -17.396086 -24.567654 49.35252
1.2929084 13.762292 -0.85954463 7.173915 -4.757655 31.64252
1.6568382 13.388784 -0.41420954 -0.071085 5.777345 22.01752
1.5802214 12.706416 0.51716334 -10.606085 9.172345 9.73252
1.4748733 12.24911 0.6249057 -10.501084 5.007345 -2.20248
1.4605076 11.729552 0.098165266 -1.856085 4.3423448 -9.90248
1.3312168 10.91071 -0.011971374 1.8539151 5.5323453 -15.887481
1.1420691 10.225947 0.45012367 -3.116085 10.117345 -20.50748
0.9026416 9.821315 0.24182175 -2.766085 11.097344 -21.17248
1.2210802 9.828498 -0.6464542 5.598915 10.222344 -19.63248
1.3072741 9.787795 -0.9385557 6.158915 9.837345 -17.98748
1.1013664 9.385557 -0.3328042 -2.241085 8.472345 -18.617481
0.87151605 8.980925 0.10774237 -10.641085 6.652345 -18.65248
0.67279124 9.0838785 0.24900457 -11.411085 6.512345 -15.432481
1.1085492 9.306546 0.339987 -8.751085 6.7223454 -10.14748
1.2330515 9.371192 0.038308397 -1.8210851 1.332345 -6.68248
0.9888355 9.411894 -0.031125572 4.0939145 -2.657655 -8.0824795
0.56265455 9.545974 -0.057462595 3.5689151 -0.907655 -9.09748
0.9505271 9.677659 -0.09577099 1.713915 1.227345 -8.2924795
1.1899546 9.620196 -0.2561874 1.643915 0.002345 -5.17748
1.0343267 9.466963 -0.15562786 1.0139151 -2.9026551 -4.79248
0.5243462 9.431048 0.14844504 -2.346085 -3.8126547 -5.9124804
0.69194543 9.411894 0.27055305 -5.076085 -2.027655 -5.7024803
1.0917894 9.5244255 0.12929083 -4.236085 -0.80265504 -2.55248
0.7134939 9.567522 0.045491222 -0.701085 -1.8176551 -0.80248
0.5243462 9.624985 0.15802214 1.538915 -2.097655 -2.5174801
0.7901107 9.775824 0.016759925 2.343915 -0.34765503 -3.1124802
0.5411061 9.735122 -0.15083931 4.863915 0.45734504 -2.30748
0.4740664 9.742304 0.16041641 6.613915 -0.312655 -2.8674798
0.6895511 10.000886 0.32801566 5.388915 1.017345 -2.16748
0.9960183 10.075109 -0.50998056 9.728915 2.5923452 -2.0274801
0.77574503 9.859624 -0.8547561 19.633915 0.492345 -3.8474798
0.52674043 9.584282 -0.29928434 19.563915 -1.747655 -6.6124797
0.42378664 9.598648 0.20590763 8.328916 -1.082655 -6.22748
0.6249057 9.842864 -0.33759275 2.028915 -1.047655 -4.09248
0.9505271 9.962578 -0.75180227 6.298915 -2.4126549 -1.08248
0.2753416 9.787795 -0.36632404 6.823915 -3.5326552 0.17752
0.5411061 9.792584 -0.03351985 -0.351085 -3.077655 -2.79748
0.97446984 9.811738 -0.03351985 -6.406085 -1.117655 -2.37748
0.60335726 9.768641 -0.0047885496 -6.5810847 -0.102655 0.10752001
0.6153286 9.73991 -0.06943397 -1.191085 -0.522655 -4.93248
0.6751855 9.660899 -0.13886794 0.033915002 1.332345 -4.30248
0.72546524 9.665688 -0.20111908 0.34891498 2.102345 -3.42748
0.7853221 9.699207 -0.19393626 0.068915 2.837345 -3.07748
0.6296943 9.660899 -0.2083019 -0.421085 3.5373452 -3.60248
0.5770202 9.562734 -0.32083282 0.033915002 4.3423448 -4.09248
0.5650489 9.646533 -0.4070267 0.103915006 4.4823456 -3.14748
0.35435268 9.651321 -0.48124924 -0.631085 4.727345 -2.8674798
0.57223165 9.680053 -0.3328042 -2.8010852 5.147345 -2.13248
0.6943397 9.73991 -0.37590113 -3.606085 3.8523455 0.17752
0.34477556 9.699207 -0.44772938 -1.8910851 1.437345 -0.41748002
0.3974496 9.567522 -0.52913475 -0.806085 -0.87265503 -0.80248
0.6105401 9.675264 -0.2370332 -2.5210853 -1.1876551 1.19252
0.6296943 9.897932 -0.12689656 -4.481085 0.282345 2.31252
0.68236834 9.962578 -0.44772938 -1.7860851 -0.452655 1.3675201
0.5219519 9.850046 -0.38547826 0.103915006 -1.677655 0.03752
