-1.1348863 9.964972 -0.5027977 -2.031085 -11.617655 4.7275195
-1.7190893 9.665688 -0.86193895 9.903915 -6.612655 -5.10748
-2.011191 9.498088 -0.49800915 15.818916 -3.427655 -15.187481
-1.934574 9.387952 0.009577099 10.778915 -5.632655 -18.05748
-1.8268317 9.37598 0.3423813 -1.506085 -7.1376553 -15.642481
-1.8507744 9.574705 0.44054657 -11.726085 -5.317655 -9.8324795
-1.594587 9.58907 0.2657645 -15.051085 -1.9226549 -4.54748
-1.5993756 9.567522 -0.076616794 -10.676085 -0.032655 -1.78248
-1.812466 9.648928 -0.22506183 -2.241085 -3.987655 -0.59248
-1.7310607 9.641745 -0.14605077 5.0039153 -9.762655 -1.36248
-1.5754328 9.5483675 -0.0071828244 6.158915 -9.062655 -1.60748
-1.5275474 9.569917 0.1340794 2.588915 -5.877655 -0.20748
-1.5874043 9.598648 0.14126222 -2.906085 -3.8826551 0.38752002
-1.786129 9.703996 0.105348095 -2.1010852 -1.607655 -0.62748003
-1.8100717 9.783007 0.021548472 0.698915 0.35234502 -1.9224801
-1.6664152 9.802161 -0.12929083 3.7439148 0.14234501 -1.22248
-1.5443072 9.897932 -0.15802214 6.263915 -2.832655 -0.59248
-1.4293821 9.926663 -0.17957062 7.033915 -5.2476554 -0.03248
-1.5059988 10.08708 -0.076616794 6.298915 -5.317655 0.49252003
-1.3934679 10.166091 -0.12210801 6.263915 -6.857655 -1.22248
-1.3958622 10.24989 -0.35674694 8.223915 -9.622656 -3.2524803
-1.3958622 10.360027 -0.49800915 10.043915 -12.247655 -4.96748
-1.2689656 10.343267 -0.32562137 8.748915 -11.582655 -6.6124797
-1.359948 10.292988 -0.12689656 4.163915 -8.222654 -7.45248
-1.6065584 10.252285 0.016759925 -1.436085 -5.072655 -9.16748
-1.6712039 10.091868 0.083799616 -3.8860853 -2.972655 -11.477481
-1.6448668 9.797373 -0.043096945 -3.291085 -2.937655 -12.842481
-1.7550035 9.332883 -0.21548474 1.993915 -5.9476547 -13.12248
-1.8364087 8.497281 -0.13168511 3.428915 -7.6276555 -13.92748
-1.9369683 6.981705 0.07422252 5.213915 -5.9476547 -14.592481
-3.1915684 5.837242 -0.18675344 13.123915 -2.832655 -16.34248
-4.4677167 5.499649 -0.99362403 24.288914 3.117345 -19.70248
-4.5970078 5.200365 -1.7621863 30.273916 8.752344 -16.307482
-3.7518287 4.4629283 -1.6879637 23.623915 -0.697655 -6.43748
-3.2705793 3.9409764 -1.1492519 2.763915 -13.612655 1.0175201
-3.110163 3.6488748 -0.6153286 -22.751085 -5.772655 2.8725202
-3.3687446 3.8763309 0.0 -41.161087 15.437345 0.84252
-3.929005 4.12773 0.38068968 -45.536087 25.692347 -4.4074802
-2.5115943 4.4054656 0.5123748 -35.526085 12.287346 -8.46748
-2.0902019 4.6233444 0.36632404 -21.176085 -6.122655 1.2275201
-2.2841382 5.150085 0.6153286 -6.861085 -13.717654 5.77752
-1.7286664 5.6002088 0.22506183 7.663915 -14.872657 1.3675201
-0.69194543 6.237086 -0.45491222 22.363914 -18.512655 2.83752
-1.089395 6.6800265 -1.0343267 30.798914 -17.287655 5.39252
-1.3431882 6.941003 -0.7877164 32.548916 -16.447655 -1.08248
-1.4126221 7.434223 -0.69912827 32.373917 -20.227655 -7.1724796
-2.0614705 7.8292785 -2.2769554 36.713913 -25.512655 -1.8874801
-1.4844503 8.396722 -3.0167863 46.373913 -26.702656 5.6025205
-0.48843205 9.059936 -1.462902 4.5839148 -15.257656 25.30752
-0.46209505 9.000079 -0.009577099 -16.591084 -15.467655 24.92252
-0.07422252 8.889942 0.55786604 -11.936085 -15.117654 24.082521
0.35674694 9.07909 -0.7877164 9.553915 -17.637653 22.40252
0.45730647 8.995291 -1.3168511 18.338917 -19.142654 21.947521
-0.44772938 8.947405 0.22985038 6.158915 -21.137657 26.00752
-0.11253092 9.299363 0.8834874 0.208915 -16.377655 31.04752
0.57223165 9.77343 -0.23942748 12.7389145 -10.847655 40.84752
1.3719195 10.039194 -1.664021 27.473915 -13.437655 47.042522
1.8100717 10.027223 -1.0175668 22.783915 -16.622656 50.787518
0.27055305 10.697619 -0.27294734 10.638915 -13.857656 46.44752
0.55307746 11.911517 -0.69912827 10.428915 -3.8826551 47.357525
1.7310607 12.560366 -1.8890828 19.108915 -5.4226556 57.402523
2.020768 12.510086 -1.4006507 19.773914 -14.487656 58.032524
0.98404694 12.469383 -0.4668836 8.503915 -10.847655 48.792522
0.6464542 12.835708 -1.1109436 4.9689155 6.6873446 42.98252
0.5985687 13.5611725 -2.2506182 12.598915 9.802345 50.68252
0.5458947 14.102279 -1.3671309 11.898915 -1.1526549 56.21252
0.50758624 14.3321295 -0.4644893 -3.326085 -3.567655 52.747524
1.6688095 14.631413 -0.845179 -9.836085 7.387346 53.237522
2.0279508 14.8516865 -2.2123098 -1.7860851 6.757345 55.897522
0.13168511 14.67451 -2.0806248 2.833915 -8.117655 49.35252
0.08140534 14.401563 -1.4844503 -12.671085 -10.217655 37.522522
1.5275474 14.140587 -1.2881198 -31.956085 -5.5976553 37.557518
1.2546 13.565961 -0.53871185 -42.631084 -6.682655 39.972523
0.3998439 13.084712 0.52913475 -49.316086 -11.232655 29.15752
1.6233183 12.598674 0.8236305 -50.786087 -7.6626554 18.09752
1.23784 12.237139 0.28013015 -40.706085 -8.362656 18.797522
0.3519584 11.913912 0.5889916 -25.026087 -16.027655 12.81252
1.0343267 11.619415 0.83081335 -19.426085 -11.932654 5.5675197
2.0159793 11.415902 0.5027977 -15.961085 -4.0926547 8.19252
1.0917894 11.217177 -0.12450229 -5.741085 -2.447655 8.01752
0.5219519 10.862824 -0.052674048 4.618915 -2.377655 0.24752
1.2402344 10.644946 0.102953814 5.6339154 0.072345 -3.42748
1.611347 10.688043 -0.4860378 5.0389147 1.367345 0.70251995
0.9792584 10.5395975 -1.0486923 9.973914 -1.292655 3.57252
0.68715686 10.221159 -1.0008069 11.478915 -6.682655 0.31752
0.9577099 9.974549 -0.117319465 2.028915 -8.152656 0.45752
1.5634614 9.917087 0.5363176 -17.571085 -3.8826551 6.6525197
1.9585168 9.984126 0.18435916 -10.816084 -1.537655 7.35252
1.6544439 10.000886 -0.19154198 -1.191085 -4.757655 3.2225199
1.637684 9.761458 -0.076616794 1.538915 -8.152656 0.17752
2.0159793 9.802161 0.16041641 -1.506085 -7.067655 0.45752
2.0902019 9.838076 0.3998439 -3.046085 -5.807655 -0.52248
1.8292259 9.735122 0.29210153 -0.45608503 -3.4626548 -3.74248
1.9297855 9.567522 0.011971374 3.2889152 -3.252655 -5.66748
1.6281068 9.47654 0.20590763 2.588915 -3.182655 -6.78748
1.1444633 9.380769 0.4956149 0.068915 -1.3276551 -8.11748
1.7478206 9.390346 0.2849187 0.48891497 1.8573451 -4.4074802
2.0087965 9.505271 -0.035914123 3.988915 2.102345 0.17752
1.4676905 9.557945 -0.05985687 6.158915 0.842345 -1.71248
1.4341706 9.380769 -0.0023942748 5.0739155 1.787345 -4.65248
1.5514901 9.354432 -0.17238778 4.058915 3.887345 -3.46248
1.637684 9.4095 -0.19633053 5.1439147 3.362345 -2.37748
1.5107874 9.335278 -0.12450229 5.1789155 2.032345 -2.5874798
1.5299416 9.304152 -0.06943397 4.5839148 1.297345 -3.1824799
1.6568382 9.3831625 -0.1699935 3.883915 2.3123453 -2.27248
1.2210802 9.361614 -0.12689656 3.883915 3.3273451 -2.13248
1.2881198 9.364009 -0.22745611 4.7939153 3.992345 -3.04248
1.812466 9.4095 -0.43336374 5.388915 3.712345 0.00252
1.6352897 9.577099 -0.50758624 4.0939145 3.257345 2.62752
1.2809371 9.591465 -0.50998056 2.2039149 1.787345 -0.10248
1.4126221 9.488511 -0.41181526 0.34891498 0.107345 -1.9224801
1.3072741 9.464568 -0.04070267 -2.066085 -0.382655 0.45752
1.3000913 9.613013 0.05506832 -3.816085 0.7023451 1.6825202
1.5443072 9.833286 -0.32801566 -1.366085 1.8923451 2.24252
1.6017698 9.9889145 -0.6943397 4.408915 0.247345 2.90752
1.2138973 9.941029 -0.723071 6.4389153 -1.047655 2.13752
1.2258687 9.914692 -0.34477556 2.973915 -1.537655 0.38752002
1.838803 10.022434 -0.16041641 -2.976085 -0.452655 1.33252
1.3862851 9.953 -0.39505535 -4.481085 0.212345 2.8025198
1.036721 9.814133 -0.31604427 0.068915 -2.167655 -1.18748
1.4748733 9.747093 -0.043096945 1.1889149 -2.447655 -3.2524803
1.7813405 9.804555 0.09577099 -1.1560851 -0.452655 0.17752
1.4221992 9.90272 -0.2083019 -1.296085 1.612345 2.31252
1.23784 9.783007 -0.4764607 3.6739151 2.2773452 -0.45248002
1.7454263 9.747093 -0.50758624 7.383915 1.367345 -2.09748
1.733455 9.759064 -0.4932206 3.078915 0.80734503 0.31752
1.2210802 9.624985 -0.46209505 1.153915 -1.677655 -2.23748
1.1731946 9.586677 -0.10055954 -2.766085 -1.7126551 -1.9224801
1.5467016 9.591465 0.1699935 -4.971085 0.7023451 1.4025201
1.5658557 9.670476 -0.14126222 -0.45608503 -0.627655 1.7525201
1.6065584 9.696813 -0.43096948 4.758915 -0.627655 0.03752
1.5107874 9.761458 -0.51716334 4.268915 1.752345 -0.55748
1.3623424 9.730332 -0.43336374 1.3639151 1.6823449 -1.4674801
1.3551595 9.672871 -0.28731298 -0.87608504 2.067345 -1.60748
