-1.1013664 9.744699 -1.489239 7.2791257 -1.6433201 1.871135
-1.1013664 9.703996 -1.3192455 4.3041253 -0.27831998 -0.858865
-1.1684061 9.680053 -1.0798179 -2.5558748 -0.59332 -2.153865
-1.2689656 9.692024 -0.94573855 -5.600875 -2.13332 -3.168865
-1.2306572 9.675264 -0.92658436 -2.975875 -4.5483203 -2.4338648
-1.2593886 9.591465 -1.0079896 -0.945875 -6.12332 -2.083865
-1.3360053 9.531608 -1.0774237 -0.770875 -4.79332 -2.153865
-1.4652961 9.385557 -1.0678465 -1.190875 -3.8833199 -2.223865
-1.515576 9.105427 -1.0151725 -1.0858752 -5.4933195 -2.7138648
-1.6305012 8.631361 -0.9122187 -0.735875 -7.3483205 -3.2388651
-1.664021 8.1549 -0.81644773 -0.035875 -8.92332 -4.6738653
-1.7143008 7.415069 -0.5889916 1.434125 -11.338321 -6.878865
-1.7741576 6.5363703 -0.6440599 6.2291255 -11.75832 -11.218864
-2.516383 6.079064 -0.76616794 12.774125 -11.548321 -18.673864
-3.067066 5.913859 -0.76616794 17.009125 -9.76332 -26.198866
-2.5187771 5.564295 -0.59378016 17.674126 -11.163321 -25.883863
-1.8675344 5.547535 -0.75659084 16.939125 -14.41832 -23.503866
-1.4485363 5.236279 -1.3120626 14.454124 -11.02332 -27.808867
-2.1093562 5.2243075 -1.4389591 6.649125 1.4716799 -38.588863
-1.838803 5.106988 -1.158829 -3.255875 15.751679 -50.943863
-1.3623424 4.6472874 -1.3288225 -9.730876 13.86168 -60.253864
-1.7430321 4.5443335 -1.6855695 -16.310875 5.46168 -69.38887
-2.1811843 4.575459 -1.8411974 -30.695873 14.07168 -72.50387
-2.0614705 4.5443335 -1.4868447 -52.185875 32.306683 -65.43386
-2.1021733 4.6041903 -0.03351985 -72.240875 36.82168 -57.278866
-2.2434354 5.5379577 0.011971374 -81.44588 21.35168 -51.293865
-2.308081 5.9976583 -0.2370332 -78.99588 12.49668 -43.103867
-2.8587642 6.919454 2.0494993 -82.84588 12.98668 -30.923866
-3.0455174 8.336864 3.5914123 -85.61088 6.4416804 -15.873865
-2.3870919 9.229929 2.588211 -61.145874 -21.90832 3.2711349
-1.7741576 9.433443 1.1372806 -15.295876 -46.19832 22.346136
-2.4493432 9.6896305 1.1420691 13.124125 -39.303318 36.101135
-1.786129 10.376787 1.2043202 18.794127 -30.413319 41.491135
-0.08858817 11.066339 -0.35674694 23.239124 -29.53832 45.096138
-1.0271438 10.453403 -1.1300977 28.594126 -28.20832 50.171135
-3.318465 9.797373 0.6392714 15.7491255 -22.15332 41.491135
-1.8866886 9.562734 2.4541316 -15.470876 -23.13332 31.236135
0.26097596 9.907509 2.343995 -32.025875 -23.623322 48.31613
1.0462981 10.202005 2.0423164 -16.380875 -20.683321 72.641136
-0.21787901 11.104647 1.8890828 6.404125 -15.468319 76.38614
0.22745611 11.595473 1.2522057 20.824125 -17.708319 72.781136
1.9752767 12.234744 0.23224466 28.979126 -10.813321 79.67614
1.2354459 12.498115 0.18196489 23.694124 0.87668 92.55613
0.63208854 12.56276 0.5985687 10.289125 -8.88832 82.58114
1.3743137 12.747119 0.023942748 0.41912502 -5.7733197 89.546135
1.0127783 12.75909 -0.045491222 -5.775875 -0.31332 93.256134
0.44294083 12.912324 0.72546524 -15.050875 -2.7633202 85.45113
1.0127783 13.81736 1.0917894 -17.885876 -5.4933195 84.71614
1.1181264 14.789435 0.50758624 -7.000875 -5.94832 81.28613
0.46209505 14.832533 -0.65363705 8.154125 -5.5983195 68.37114
0.7972935 14.696059 -0.7446195 13.754125 -5.80832 55.771137
0.5913859 14.739156 -1.4317763 7.804125 -7.76832 48.596138
1.0271438 14.669722 -1.5299416 -2.7658749 -15.468319 41.35113
1.6616267 14.107067 -0.46927786 -21.700874 -22.04832 35.15614
1.7430321 13.245129 0.70631105 -39.270878 -23.44832 25.146135
1.2091088 12.42868 1.1300977 -42.630875 -22.78332 14.506135
1.2426286 12.244322 1.8795058 -37.940876 -19.283321 5.861135
1.620924 11.997711 1.4078336 -26.775875 -12.318319 4.566135
1.5610672 10.846065 0.7039168 -6.335875 -4.3383203 3.3411353
1.6305012 10.257073 0.16281068 9.309125 -7.66332 -2.258865
1.1708003 10.297776 0.3615355 8.504125 -15.71332 -4.078865
1.664021 10.115811 1.4509305 -6.4408746 -11.198319 -2.6788652
1.8004947 9.838076 1.9872481 -17.045876 -4.68832 1.3811351
1.7238779 9.876384 1.6352897 -9.275875 -3.6033201 0.016135
1.8459859 9.8548355 1.3168511 4.4441247 -0.59332 -2.013865
1.7358493 9.976943 0.97446984 12.179125 3.43168 -1.4188651
1.8340145 9.943423 0.6656084 15.049125 8.78668 -0.788865
1.6089526 9.75667 0.17478207 16.274126 11.02668 -0.788865
1.1444633 9.574705 0.038308397 15.854126 9.626679 -1.873865
1.7454263 9.656111 0.531529 9.659125 7.66668 -0.508865
2.264984 9.601042 0.4740664 2.309125 6.54668 4.2161355
2.2937152 9.749487 0.30886146 0.52412504 5.46168 4.811135
2.083019 9.696813 0.28013015 3.2541249 5.1816797 1.836135
1.759792 9.646533 0.4932206 4.164125 2.83668 -1.4188651
1.8100717 9.608225 0.6201172 2.134125 -0.24331999 -3.9388652
1.9992194 9.715967 0.31843856 0.489125 0.91168 -3.0638652
1.8196489 9.70639 0.44772938 0.874125 3.08168 -1.173865
1.7933118 9.675264 0.7326481 -0.280875 1.12168 -1.593865
1.8411974 9.632168 0.5770202 -1.6108749 -2.6933198 -2.7138648
1.9369683 9.562734 0.5219519 0.174125 -2.3433201 -2.048865
1.8244374 9.57231 0.50998056 0.76912504 -1.8183202 -1.8388652
1.9034485 9.668081 0.6344828 -1.505875 -1.7833201 -2.013865
1.9010541 9.672871 0.6895511 -2.2758749 -1.53832 -2.503865
1.89866 9.541185 0.76616794 -2.1708748 -1.08332 -3.2388651
1.6855695 9.404712 0.84278476 -0.840875 -1.18832 -4.043865
1.6951466 9.364009 0.6608198 1.749125 -1.11832 -3.518865
1.8819 9.411894 0.6105401 3.2891252 -0.87332 -1.243865
2.1500587 9.627379 0.5770202 3.1841252 -0.27831998 -0.018864999
1.8771114 9.696813 0.4932206 3.499125 0.07168 -1.208865
1.6185298 9.591465 0.4764607 2.799125 0.03668 -3.623865
1.6783867 9.545974 0.5027977 1.0841249 -0.17332 -2.923865
1.5706443 9.500483 0.4644893 0.034125004 0.70168 -0.92886496
1.9010541 9.519637 0.5961744 -0.17587501 -0.31332 0.296135
1.786129 9.584282 0.46927786 0.664125 -2.7283201 0.64613503
1.6400782 9.591465 0.69912827 1.294125 -2.97332 -1.3138651
1.7454263 9.5483675 0.65363705 -0.140875 -2.20332 -1.0688651
1.8268317 9.495694 0.75659084 -0.770875 -0.97832 0.64613503
1.8938714 9.488511 0.8571504 -1.120875 -0.41832 0.856135
1.647261 9.478934 0.81644773 0.174125 -1.7133201 0.016135
1.5443072 9.495694 0.5243462 2.414125 -2.06332 -0.753865
1.7933118 9.481328 0.4740664 2.1691248 -0.17332 1.3811351
1.9680939 9.565128 0.65124273 -1.5408751 0.94668 3.831135
1.7837347 9.562734 0.86912173 -5.040875 0.24668002 2.886135
1.7669748 9.586677 0.80687064 -6.090875 0.91168 1.311135
1.9752767 9.818921 0.57223165 -5.145875 1.4716799 1.2761351
1.7358493 9.768641 0.76616794 -4.865875 -0.31332 0.961135
1.5634614 9.596253 1.0055954 -7.210875 -1.11832 -0.92886496
1.7166951 9.519637 1.1468576 -8.645875 -0.62832004 -1.453865
2.0902019 9.651321 0.9433443 -6.755875 0.80667996 0.47113502
1.8890828 9.701602 0.7877164 -2.4508748 1.82168 1.9761351
