-0.66999996 9.429999 0.96999997 13.178029 2.291831 -2.8647888
-1.38 9.55 -0.11 20.053522 2.291831 -8.021409
-1.6999999 9.21 -0.76 16.042818 -5.15662 -8.594366
-1.78 9.11 -1.35 14.323945 -3.4377468 -5.7295775
-1.74 9.07 -1.53 12.605071 -0.57295775 -4.583662
-1.48 8.98 -0.44 -8.594366 1.1459155 -1.1459155
-1.15 8.95 -0.38 -13.750987 -1.1459155 -1.1459155
-1.26 8.96 -0.45 -12.605071 -5.15662 -2.8647888
-1.4599999 8.46 -0.45999998 -13.178029 -2.291831 -8.021409
-1.86 8.32 -0.35999998 -14.323945 0.0 -8.594366
-1.81 9.13 0.21 -16.615776 -4.583662 -6.3025355
-1.49 9.4 0.099999994 -16.042818 -6.3025355 -2.291831
-0.69 9.05 0.01 -16.615776 -4.583662 -1.7188734
-1.17 9.17 0.35999998 -10.886198 -6.3025355 -3.4377468
-2.1699998 9.679999 0.79999995 -5.15662 -8.021409 -10.886198
-1.67 9.61 0.41 -1.1459155 -9.167324 -8.594366
-1.04 9.719999 0.03 1.1459155 -11.459155 -3.4377468
-0.84999996 10.0199995 0.47 4.583662 -12.605071 2.8647888
-0.96 10.04 -1.02 6.8754935 -14.323945 0.0
-0.96 10.04 -1.02 9.167324 -10.31324 -2.8647888
-1.7199999 9.8 0.45999998 -4.583662 -6.8754935 -4.0107045
-1.7199999 9.8 0.45999998 -6.3025355 -8.021409 -3.4377468
-1.73 9.94 0.88 -6.3025355 -8.021409 -3.4377468
-1.0 9.92 0.32 8.021409 -9.740283 0.0
-0.93 10.01 -0.84 16.042818 -9.167324 -1.7188734
-1.5699999 10.04 -0.96 17.188732 -6.3025355 -12.032113
-1.7099999 9.7699995 -0.53999996 12.032113 -4.0107045 -9.167324
-1.3299999 9.639999 0.0 0.0 -5.7295775 -6.8754935
-0.82 9.719999 -0.42999998 2.291831 -8.594366 -2.8647888
-1.62 9.5 -1.2099999 5.7295775 -12.032113 -11.459155
-1.9599999 9.67 -1.04 -2.291831 -4.583662 -9.167324
-1.92 9.67 0.29 -9.167324 -4.583662 -5.7295775
-1.92 9.67 0.29 -15.469859 -6.3025355 0.0
-1.31 9.49 -0.41 -10.31324 -8.021409 4.0107045
-1.99 10.05 0.08 -2.291831 -6.8754935 4.583662
-1.6899999 9.55 0.62 -1.1459155 -8.594366 3.4377468
-0.53999996 9.71 -0.48999998 1.1459155 -7.448451 5.7295775
-0.53999996 9.71 -0.48999998 5.15662 -6.3025355 11.459155
-1.67 9.87 -0.76 2.8647888 -10.31324 9.740283
-1.03 9.2699995 1.0699999 -3.4377468 -2.291831 10.886198
-0.75 9.48 1.27 0.0 -8.594366 12.605071
-0.42999998 9.55 0.03 12.605071 -8.021409 12.605071
-0.42999998 9.55 0.03 32.658592 -12.032113 9.740283
-0.79999995 10.389999 -0.76 40.107044 -8.594366 0.0
0.08 10.599999 -2.61 36.09634 2.291831 1.7188734
0.01 10.16 -2.7 12.605071 6.3025355 -5.7295775
-1.17 9.76 -1.31 0.0 5.15662 -11.459155
-1.75 9.57 0.12 -22.91831 13.178029 -20.053522
-1.89 9.73 -0.65999997 -20.62648 12.605071 -16.042818
-1.8299999 9.7699995 -0.78999996 -16.615776 10.886198 -8.021409
-1.4499999 9.929999 0.16 -24.064226 6.8754935 -1.1459155
-0.71999997 9.86 -0.17999999 -23.49127 5.7295775 1.1459155
-0.71999997 9.86 -0.17999999 -12.605071 4.583662 5.15662
-0.98999995 9.84 0.099999994 -4.0107045 -1.1459155 2.8647888
-1.7099999 9.95 0.14 1.7188734 -2.291831 -0.57295775
-1.51 9.88 -0.19 6.8754935 0.0 1.7188734
-0.87 10.25 -0.58 6.8754935 0.0 1.7188734
-0.42 10.28 -1.0 10.31324 -3.4377468 9.167324
-0.96999997 10.139999 -1.4 5.7295775 -3.4377468 5.7295775
-1.35 10.0 -1.02 -1.1459155 -4.0107045 2.291831
-0.87 10.42 -0.63 -5.7295775 -4.0107045 9.740283
-0.81 10.36 -1.15 -5.7295775 -4.0107045 9.740283
-0.77 10.0199995 -1.36 0.0 1.7188734 12.032113
-0.66999996 10.309999 -0.25 -11.459155 0.57295775 10.886198
-0.74 10.41 0.22 -13.178029 0.0 9.167324
-0.5 10.559999 -0.56 -1.1459155 0.57295775 6.3025355
-0.5 10.559999 -0.56 2.291831 0.0 5.7295775
-0.98999995 10.13 -0.9 2.291831 0.0 2.291831
-0.94 10.38 0.08 -4.0107045 -2.8647888 3.4377468
-0.58 10.389999 0.14 -1.1459155 -2.8647888 8.594366
-0.08 10.12 -1.35 2.8647888 -2.8647888 9.740283
-0.85999995 10.24 -0.77 12.032113 -2.291831 9.167324
-1.01 10.13 -0.75 6.8754935 -2.8647888 4.583662
-0.94 10.0 -0.88 3.4377468 -3.4377468 9.167324
-0.17 10.0199995 -1.31 1.7188734 -2.8647888 16.042818
-0.41 10.13 -0.66999996 0.0 -2.8647888 15.469859
-0.19 10.03 -0.29 -5.7295775 -1.7188734 13.178029
-0.08 9.92 -0.21 -5.7295775 -1.7188734 14.323945
-0.34 10.2 -0.26999998 2.291831 0.0 11.459155
0.32 10.24 -0.71 5.15662 2.291831 12.032113
0.42 9.9 -1.26 8.021409 3.4377468 9.740283
-0.83 9.82 -0.13 8.021409 3.4377468 9.740283
-0.7 10.059999 0.25 0.0 2.291831 9.167324
-0.14999999 10.08 -0.07 5.15662 6.8754935 12.605071
0.08 10.11 -0.59999996 10.31324 5.7295775 13.178029
0.17999999 9.9 -1.03 9.740283 4.583662 12.032113
0.17999999 9.9 -1.03 5.7295775 2.291831 13.750987
0.089999996 9.9 -0.68 -0.57295775 0.57295775 12.032113
0.12 10.04 -0.56 -1.7188734 0.0 11.459155
-0.089999996 10.12 -0.96 -1.1459155 2.8647888 10.31324
0.65 9.9 -0.66999996 -6.8754935 1.7188734 14.896902
0.68 10.179999 -0.01 -10.31324 0.0 14.323945
0.42999998 9.849999 -0.48999998 -8.594366 1.1459155 12.032113
0.0 9.5199995 -0.76 -2.291831 4.0107045 6.8754935
0.48 9.7 -0.63 -5.15662 4.583662 10.31324
0.32 10.08 -0.61 -5.15662 1.1459155 11.459155
0.32 9.96 -0.93 -4.0107045 1.1459155 12.032113
0.7 9.69 -0.5 -2.8647888 0.57295775 14.896902
0.65999997 9.849999 0.06 -4.583662 0.0 17.188732
0.62 10.16 -0.53999996 0.0 -1.1459155 16.615776
1.1899999 9.73 -0.96 9.740283 2.291831 17.761692
1.06 9.95 -0.96999997 10.886198 4.0107045 20.053522
1.5799999 10.34 -0.96 10.886198 8.021409 17.761692
1.5799999 10.34 -0.96 9.740283 6.3025355 18.907606
1.13 9.889999 0.06 8.021409 3.4377468 17.188732
0.76 10.38 -1.5699999 9.167324 2.8647888 16.042818
0.29 11.38 -2.99 25.7831 6.8754935 12.605071
0.71 11.46 -2.83 12.032113 4.583662 16.042818
0.94 10.969999 -1.8299999 -9.167324 -1.1459155 21.199438
0.95 11.08 -0.38 -24.064226 -1.1459155 21.199438
0.95 11.08 -0.38 -23.49127 -3.4377468 19.480566
1.4499999 11.179999 -0.53 -17.761692 -1.1459155 19.480566
1.54 10.95 -0.56 -9.167324 2.8647888 13.750987
1.0699999 10.76 -0.88 -6.3025355 2.291831 12.032113
1.05 10.91 -0.7 -4.0107045 2.291831 12.032113
1.64 10.849999 -1.39 -1.1459155 2.8647888 12.605071
1.38 10.679999 -1.5999999 0.57295775 2.291831 11.459155
1.05 10.929999 -1.1 -7.448451 0.0 7.448451
1.55 11.0199995 -1.06 -8.594366 0.0 7.448451
1.81 10.75 -0.93 -7.448451 -0.57295775 6.8754935
1.17 10.62 -0.87 -6.3025355 -2.8647888 0.57295775
1.12 10.59 -0.97999996 -5.15662 -2.8647888 0.0
1.8199999 10.53 -0.94 -4.583662 -1.1459155 5.15662
1.7099999 10.54 -0.22999999 -4.583662 -1.1459155 4.583662
1.77 10.58 -0.56 0.57295775 -1.1459155 0.0
1.55 10.219999 -1.28 5.15662 -2.8647888 -2.8647888
1.22 10.08 -0.82 1.1459155 -1.7188734 -4.0107045
1.68 10.44 -1.15 -1.1459155 0.0 -2.291831
2.04 10.25 -1.53 0.57295775 2.8647888 0.0
1.4399999 9.94 -0.90999997 -2.8647888 0.57295775 -3.4377468
1.4599999 9.8 -0.65999997 -8.021409 -1.1459155 -4.583662
1.43 9.86 -0.76 -6.8754935 -2.291831 -2.8647888
1.5799999 10.01 -0.48 -5.7295775 -0.57295775 -1.7188734
1.79 9.96 -0.55 -5.15662 0.57295775 -0.57295775
1.4399999 9.889999 -1.01 -1.7188734 0.57295775 -2.8647888
1.51 9.849999 -1.03 -1.7188734 0.57295775 -2.8647888
1.55 9.889999 -0.52 -5.7295775 0.57295775 -1.1459155
1.75 10.0199995 -0.93 -6.3025355 1.7188734 -0.57295775
1.68 10.15 -1.27 -5.15662 -1.7188734 -0.57295775
1.5799999 9.88 -0.51 -8.594366 -2.8647888 -2.8647888
1.26 9.69 -0.19999999 -8.594366 -1.1459155 -4.583662
1.81 9.87 -1.14 -5.15662 0.0 -4.0107045
1.55 9.9 -1.0799999 0.0 -0.57295775 -2.291831
1.0799999 9.86 -0.51 -1.7188734 -1.1459155 -4.0107045
1.89 10.05 -0.9 -4.0107045 -1.7188734 -4.0107045
1.64 10.05 -0.84 -1.7188734 -0.57295775 -0.57295775
1.15 9.88 -0.82 -1.7188734 0.0 -2.8647888
1.52 9.929999 -0.82 -1.1459155 -0.57295775 -4.0107045
1.38 9.94 -0.66999996 -1.7188734 -1.7188734 -2.8647888
1.26 9.84 -0.66999996 -1.7188734 -0.57295775 -3.4377468
1.3199999 9.86 -0.84999996 -0.57295775 -1.1459155 -3.4377468
1.5899999 9.849999 -0.85999995 0.0 0.0 -1.1459155
1.4499999 9.96 -0.90999997 -1.1459155 0.0 -1.1459155
1.39 9.78 -0.65999997 -3.4377468 -1.1459155 -3.4377468
1.23 9.62 -0.38 -4.583662 -1.7188734 -4.0107045
1.3 9.84 -0.84 -4.0107045 -1.7188734 -3.4377468
1.4599999 9.86 -1.14 -0.57295775 -0.57295775 -1.1459155
1.39 9.94 -0.74 -1.7188734 -1.1459155 0.0
1.2099999 10.0 -0.39 -4.0107045 -2.291831 0.0
1.56 10.219999 -0.81 -0.57295775 -1.1459155 0.0
