-1.2665714 9.6896305 -1.0750294 0.199185 4.91631 1.06351
-1.5083932 9.514848 -1.1540405 9.894186 5.58131 -6.46149
-1.6592325 9.627379 -0.967287 9.159185 -4.81369 -5.79649
-1.5778271 9.531608 -0.8356019 1.809185 -4.6386895 -4.2214904
-1.5658557 9.474146 -0.5985687 -4.5608153 0.61131006 -3.20649
-1.7166951 9.603436 -0.6488485 -6.7658153 1.3463101 -0.79149
-1.525153 9.759064 -0.7398309 -4.385815 -0.64869 0.71351004
-1.1564348 9.730332 -0.6488485 1.284185 -3.6936903 2.70851
-1.0223553 9.651321 -0.74701375 5.274185 -10.34369 5.85851
-1.2641771 9.684841 -0.9289786 7.3041844 -13.10869 6.03351
-1.3791022 9.6896305 -1.0175668 8.214186 -8.83869 3.3385103
-1.2162915 9.567522 -0.9984126 6.989185 -3.16869 2.00851
-1.3671309 9.42626 -1.1037607 5.2391853 -0.89369 2.9185102
-1.7238779 9.42626 -1.1013664 5.6241846 -4.28869 1.6935099
-1.6424725 9.395134 -1.036721 7.2341847 -8.103691 -1.9464899
-1.3886794 9.268238 -1.0941836 6.7091846 -9.258689 -2.71649
-1.1205206 9.229929 -1.1995317 5.0291853 -8.13869 0.39851
-0.99362403 8.923462 -0.9816527 4.294185 -5.1286902 2.5685098
-1.3982565 8.399116 -1.2785428 4.259185 -6.5286903 0.01351
-2.0542877 8.164477 -1.498816 4.994185 -12.65369 -8.07149
-2.0590763 7.745479 -1.23784 5.939185 -10.728689 -17.41649
-1.8340145 7.211556 -0.58420306 1.669185 -3.37869 -21.51149
-1.498816 6.732701 -0.52674043 -6.135815 -2.95869 -22.526491
-1.9944309 6.5459476 -0.7326481 -9.950814 -7.578691 -26.516489
-2.5762396 6.193989 -0.3615355 -7.080815 -11.218691 -34.07649
-2.6935592 5.7582307 -0.023942748 -4.875815 -11.56869 -44.26149
-2.0949905 5.7199225 -0.15802214 -7.7458143 -6.80869 -52.451492
-2.5762396 5.777385 -0.42139238 -9.950814 -5.09369 -55.636486
-3.387899 5.7438655 -0.42139238 -6.275815 -8.13869 -52.87149
-3.6177492 5.930619 -0.62251145 0.12918499 -13.66869 -51.15649
-3.1149516 5.9856873 -0.7110996 4.959185 -9.013691 -53.74649
-2.4684973 5.8252707 -0.8356019 8.4941845 0.50631005 -53.221493
-2.2625897 5.648094 -1.4581133 12.064185 -13.983689 -26.446491
-3.1963568 6.0862465 -1.690358 13.009186 -14.89369 -19.51649
-3.275368 6.507639 -1.0702409 4.399185 -4.56869 -22.77149
-2.9329867 6.3759537 -0.1340794 -17.335814 -0.40369 -16.54149
-1.977671 6.368771 0.45491222 -44.635815 -10.62369 20.76851
-1.2785428 7.0870533 0.117319465 -36.410812 -15.48869 28.118511
-1.6137413 7.944204 -0.17238778 -28.010817 -10.938689 27.41851
-1.5490957 8.008849 0.3232271 -28.990812 -3.37869 27.41851
-1.8627458 7.944204 0.56265455 -30.460817 -9.08369 28.258509
-1.9417568 8.703189 0.31125572 -23.950817 -13.73869 30.183512
-0.7685622 9.323306 -0.27294734 -14.395816 -11.7436905 39.56351
-0.6943397 9.27542 1.2929084 -16.110815 -18.708689 48.278507
-1.7454263 9.26345 2.343995 -25.280815 -30.15369 44.533512
-1.7693691 10.424672 2.1069617 -20.135817 -29.663689 39.808506
1.541913 11.250697 0.0670397 2.2641852 -10.06369 55.66351
1.0989721 11.238726 -0.23942748 24.594187 -3.13369 67.63351
-1.4293821 10.8700075 1.2186859 23.439184 -16.22369 49.748512
-1.1444633 11.435057 1.2881198 13.079185 -28.57869 39.143513
2.2769554 12.158128 -0.54350036 17.804184 -22.10369 65.04351
2.9425638 12.012076 -1.1875603 27.709187 -11.918691 89.578514
0.7206767 11.516461 1.0965779 18.644184 -17.13369 76.41851
1.1133378 11.681666 2.238647 -3.160815 -50.38369 57.27351
2.4708917 13.498921 1.089395 -2.075815 -85.31369 57.86851
0.7709565 14.612259 -1.1300977 26.554186 -79.78368 58.21851
-0.72546524 14.497334 -1.7286664 49.19919 -41.073692 52.54851
-1.4700848 14.863658 0.18196489 32.154186 -21.29869 49.748512
-0.4860378 15.658557 -0.083799616 -4.490815 -25.28869 51.078506
0.13168511 15.783059 -1.7693691 -11.070814 -10.37869 52.373512
-0.48843205 14.949852 -2.9593236 7.2341847 21.36631 49.60851
-1.7789462 14.025661 -2.0423164 12.974185 23.92131 36.868507
-1.4437478 13.47019 -1.0965779 -7.9558144 -3.16869 22.58851
0.53871185 13.2307625 -1.0032011 -30.810816 -17.97369 22.86851
0.9289786 12.732754 -0.85954463 -35.115814 -12.75869 31.44351
-0.4166038 12.146156 0.41420954 -29.760815 -13.423691 25.91351
-0.76137936 11.7750435 1.0606637 -30.320814 -25.00869 9.14851
0.89545876 11.65533 0.32562137 -29.725817 -26.93369 4.4935102
1.4820561 11.159715 0.27294734 -16.810816 -8.80369 13.383511
1.1827718 10.4294615 0.28013015 3.944185 2.18631 1.9035101
1.010384 9.8237095 0.2681588 8.144184 -4.3586903 -6.67149
0.9313729 9.344854 0.22027329 9.824184 -3.7986903 -8.316489
1.1636176 9.213169 0.34477556 7.654185 -5.05869 -7.12649
1.1253091 9.217958 0.2944958 4.084185 -6.21369 -4.2564898
1.228263 9.373586 0.42378664 -0.990815 -3.27369 -3.24149
1.4054393 9.488511 0.3974496 -4.2458153 2.57131 -3.41649
1.2306572 9.450203 -0.023942748 -0.15081501 6.80631 -4.29149
0.87630457 9.428655 -0.31125572 5.1341853 6.42131 -5.90149
0.91700727 9.627379 -0.14126222 3.419185 3.0963101 -5.69149
1.1348863 9.77343 -0.21787901 -2.600815 0.61131006 -2.96149
1.185166 9.799767 -0.2466103 -5.365815 0.47131 -1.91149
0.8739103 9.660899 0.0670397 -6.835815 -2.1536899 -2.61149
0.80208206 9.648928 0.57462597 -8.690815 -6.77369 -4.08149
0.94573855 9.641745 0.6249057 -8.515815 -7.1936903 -2.1914902
1.2450229 9.859624 0.4285752 -4.175815 -3.9036906 0.85350996
1.1229149 9.914692 0.057462595 0.96918505 -2.1536899 1.16851
0.85954463 9.859624 0.50998056 1.144185 -3.97369 -1.4564899
0.74701375 9.768641 0.6368771 -3.0558152 -4.9886904 -2.68149
0.845179 9.768641 0.038308397 -1.130815 -1.06869 -1.5614899
0.8284191 9.663293 0.021548472 3.174185 1.80131 0.29351002
0.7589851 9.668081 0.4070267 0.374185 -1.69869 0.04851
0.69912827 9.857229 -0.0670397 -3.440815 -3.6236904 -1.31649
0.92658436 9.842864 0.15802214 -4.2458153 2.9913101 0.57351
1.5323359 9.749487 0.9313729 -10.370815 9.71131 4.14351
1.0391153 9.636956 1.1923488 -15.235814 6.17631 2.4285097
0.5961744 9.677659 0.6105401 -8.865815 1.5563099 -5.44649
0.96489275 9.79019 0.25139886 0.724185 3.76131 -5.2364902
1.3910737 10.060742 0.43815228 2.754185 7.3663096 2.74351
1.1253091 10.022434 0.49800915 -1.060815 4.88131 2.46351
0.76137936 9.938635 0.4166038 -1.7958149 0.85631 -2.5764902
0.76137936 9.828498 0.42378664 0.759185 1.2763101 -5.0264897
0.7972935 9.75667 0.37829542 1.914185 1.5563099 -3.48649
0.9337672 9.742304 0.28970724 1.844185 0.92631006 -2.15649
0.7829279 9.749487 0.34477556 1.459185 0.57631004 -1.52649
0.8930645 9.845258 0.4285752 -0.18581499 0.26131 -1.3514899
0.9720756 9.794978 0.37590113 -2.285815 0.61131006 -0.82649
0.845179 9.632168 0.25858167 -2.215815 3.2013102 -0.37149
0.8284191 9.615408 0.24900457 -0.9558151 4.1113105 -1.59649
0.9960183 9.648928 0.37829542 -1.305815 -0.36869 -0.47649
0.85954463 9.601042 0.47167215 -2.565815 0.15631 0.43351
0.90503585 9.577099 0.5147691 -1.620815 0.82131004 0.36351
1.1372806 9.701602 0.4189981 0.794185 0.016309999 0.99351
1.0917894 9.766247 0.2753416 2.8591847 -0.71869 0.81851
0.8834874 9.751882 0.31365 2.089185 -0.71869 -0.37149
1.0439038 9.766247 0.29928434 0.199185 0.82131004 -0.40649
0.8092649 9.718362 0.34477556 -0.88581496 0.71631 -0.09149
0.7877164 9.835681 0.4070267 -1.690815 -0.50869 -1.0714899
0.97446984 9.905115 0.16041641 -1.2008151 -0.33369002 -0.02149
0.5818088 9.821315 0.0670397 0.23418501 -1.8036901 -0.61649007
