-1.4868447 9.538791 -0.8978531 5.524995 -15.462544 -18.933426
-1.4389591 9.57231 -0.30646718 1.149995 -4.192545 -18.758425
-1.3144568 9.5244255 0.083799616 -7.5300055 0.742455 -13.963426
-1.4078336 9.57231 -0.11253092 -11.275005 0.182455 -8.643425
-1.5562786 9.557945 -0.44054657 -7.2850046 0.427455 -5.528425
-1.6017698 9.474146 -0.44533512 0.204995 -0.132545 -4.408425
-1.3551595 9.469357 -0.38547826 3.914995 -2.897545 -2.903425
-1.2522057 9.498088 -0.45251793 2.829995 -3.8075452 0.66657495
-0.9816527 9.545974 -0.22745611 1.744995 -3.4925451 3.851575
-0.94573855 9.466963 -0.28252444 1.639995 -4.857545 4.5165753
-1.0343267 9.356826 -0.53871185 2.374995 -8.217545 2.906575
-1.23784 9.150918 -0.6656084 5.454995 -10.492545 -0.663425
-1.3048798 8.882759 -0.70631105 7.4499955 -8.182545 -3.7434247
-1.5514901 8.612206 -0.6847626 5.9799953 -5.7675447 -5.983425
-1.8459859 8.573898 -0.531529 3.529995 -6.502545 -7.8034253
-1.7957062 8.265037 -0.3974496 2.549995 -9.477545 -9.4134245
-1.5706443 7.8963184 -0.26097596 3.529995 -10.072545 -9.4134245
-1.489239 7.225921 -0.23942748 7.3099947 -10.737545 -7.453425
-1.4389591 6.179623 -0.28013015 14.239995 -13.327545 -6.928425
-1.4676905 5.504438 -0.43336374 24.564995 -22.147545 -10.008426
-2.1548474 5.1620564 -0.7541966 36.499996 -38.597546 -16.238424
-3.050306 4.889109 -0.8978531 45.459995 -53.192547 -24.393425
-2.370332 4.529968 -1.2665714 47.209995 -54.557545 -31.078426
-1.9800652 4.9561486 -1.3407938 42.449997 -39.157547 -32.233425
-1.7143008 5.480495 -0.47885495 31.494993 -25.227547 -22.713425
-1.333611 5.5188036 0.47885495 -6.340005 -9.372545 -1.573425
-1.5586729 5.607392 0.09577099 -17.575005 5.537455 0.701575
-1.6233183 6.5196104 -0.9074302 -8.615005 6.937455 -7.313425
-1.2641771 6.9936767 -0.90024734 5.734995 2.7374551 -7.2084255
-1.0415095 6.902694 -0.37590113 8.709995 -2.792545 3.221575
-0.7805336 7.4222517 -0.6751855 3.7399952 -11.402546 5.741575
-0.81165916 8.217151 -0.77574503 1.499995 -13.572545 3.7465749
-0.49082634 8.344048 -0.58420306 -0.98500496 -4.822545 7.456575
-0.5506832 8.458973 -0.45730647 -1.300005 -17.457544 4.8665752
-1.333611 9.189227 -0.91700727 1.604995 -25.262545 3.1165752
-1.4772675 9.838076 -1.4269878 0.869995 -14.097546 9.941575
-0.3615355 9.914692 -0.87630457 -10.330006 -3.562545 23.521574
0.4644893 10.281016 -0.81644773 -20.620007 -6.782545 36.261578
-0.45012367 10.769448 -1.3407938 -21.495005 -19.032543 36.821575
-0.5363176 11.214784 -1.0678465 -26.570005 -19.557547 29.751574
0.5027977 11.490125 -0.3974496 -39.940006 -8.042545 36.156574
0.8092649 11.731947 0.13886794 -43.510006 -9.827545 42.456577
0.81644773 12.050385 -0.28013015 -31.190004 -22.112545 35.456573
-0.057462595 11.947432 -0.6464542 -17.085007 -32.087547 23.486576
-0.723071 12.186859 0.14605077 -17.995005 -31.072546 14.911575
-0.3423813 12.783033 1.23784 -28.390003 -17.387545 19.251575
0.052674048 12.840496 0.11492519 -19.955006 -16.372545 25.936577
-0.40463245 12.658531 -1.2617828 4.1249948 -27.677546 25.971575
-0.5027977 12.138973 -1.5443072 9.549995 -31.352545 27.231575
-0.18196489 12.057568 -0.6177229 -7.5300055 -36.147545 33.811573
-0.7398309 12.124608 1.2833313 -33.465004 -44.547546 40.146576
-0.63208854 12.2706585 1.7095122 -48.480007 -33.907547 41.651577
0.23224466 12.296995 1.3264283 -38.120003 -23.092545 46.201576
0.35435268 12.3807955 0.34477556 -14.250005 -20.852543 49.946575
-0.035914123 12.440652 -0.2083019 5.909995 -22.462545 46.586575
-0.052674048 12.364035 -0.045491222 11.054995 -21.587545 41.756577
0.23224466 12.548394 0.48124924 3.7049947 -16.827545 40.461575
0.71588814 12.77585 0.30646718 -4.625005 -6.2575455 42.351574
0.9337672 12.648953 0.19633053 -2.350005 0.357455 40.951572
0.5650489 12.416709 -0.090982445 4.369995 -1.7075449 33.566574
0.47167215 12.153339 -0.6656084 10.039995 -5.6625447 23.906576
0.5123748 11.9713745 -0.7972935 12.804995 -7.4475446 17.291574
0.66800267 11.722369 -0.17478207 -2.9450052 -5.137545 12.076575
1.359948 11.686456 0.38308397 -10.750005 -3.142545 11.096575
0.9912298 11.485336 0.25379312 -7.915005 -5.137545 5.5665746
0.7015225 11.11183 0.22266756 -4.625005 -5.4175453 -0.803425
0.7972935 10.601849 0.43575802 -5.815005 -3.4925451 -2.518425
0.62251145 10.3743925 0.53871185 -6.6900053 -0.867545 -3.3934252
1.0055954 10.269045 0.4764607 -4.1700053 0.602455 -3.8134253
0.65842557 10.022434 0.16759923 -1.125005 -0.412545 -4.9684253
0.54350036 9.766247 0.5147691 -2.875005 -0.202545 -6.5084248
1.1995317 9.761458 0.8379962 -6.9000053 1.2324549 -3.9184253
0.6177229 9.759064 0.6751855 -5.150005 -0.867545 -3.8134253
0.7637737 9.80695 0.64166564 -1.860005 0.112454996 -5.633425
1.2330515 9.783007 0.54828894 -1.160005 1.197455 -3.183425
0.9074302 9.737515 0.6368771 -1.720005 -0.447545 -2.938425
0.80687064 9.675264 0.69912827 -2.770005 -0.132545 -5.0734253
0.967287 9.694419 0.7972935 -3.5750048 -0.55254495 -4.303425
1.0127783 9.725544 0.8140534 -3.5050051 0.672455 -2.833425
0.8571504 9.828498 0.53392327 -1.6150049 2.492455 -2.8684251
1.0654523 9.881172 0.409421 0.694995 2.5274549 -3.2534251
0.73743665 9.771035 0.679974 -0.77500504 2.3524551 -3.4284253
0.90503585 9.8548355 0.8140534 -3.2250051 2.4574552 -4.8634253
1.0151725 9.914692 0.4956149 -2.420005 3.577455 -3.953425
0.65363705 9.7135725 0.37829542 1.359995 2.7024548 -4.828425
0.6057515 9.536397 0.5363176 1.324995 2.4574552 -5.9134254
1.211503 9.60583 0.56744313 -1.300005 4.137455 -3.7434247
0.70631105 9.634562 0.27294734 -0.32000497 3.437455 -1.573425
0.531529 9.562734 0.39505535 2.374995 1.1624551 -3.8834252
0.80687064 9.5483675 0.47885495 1.569995 1.512455 -3.8134253
0.92658436 9.6896305 0.409421 0.099995 2.212455 -0.873425
0.8284191 9.668081 0.55307746 0.239995 1.6174551 -0.348425
0.8930645 9.608225 0.76616794 -0.425005 1.092455 -1.118425
0.8739103 9.613013 0.61293435 -0.110005 1.8274552 -1.153425
0.95531565 9.608225 0.5865973 3.354995 2.492455 -1.013425
0.9505271 9.581888 0.67757976 5.664995 3.4724553 0.421575
0.90024734 9.682447 0.57223165 5.594995 5.502455 1.401575
0.79250497 9.804555 0.14605077 6.9949946 6.7274556 0.771575
0.8475733 9.912297 0.016759925 9.129995 5.3974547 0.316575
0.8140534 9.818921 0.37829542 -1.4400051 5.1874547 0.596575
0.6081458 9.766247 0.46927786 -3.8200052 3.647455 -1.118425
0.6464542 9.780613 0.2657645 -2.6300051 1.932455 -1.1884251
0.53392327 9.696813 0.32801566 -2.490005 -0.202545 -0.76842505
0.54828894 9.727939 0.35435268 -3.6100051 0.217455 -0.803425
0.5243462 9.696813 0.1987248 -3.540005 -0.90254503 0.316575
0.60335726 9.665688 0.16281068 -5.325005 -1.252545 2.031575
0.75180227 9.663293 0.24900457 -9.000006 -1.0775449 4.2015753
0.6703969 9.696813 0.2561874 -12.185005 -0.412545 5.6015754
1.158829 9.80695 0.43575802 -13.935005 -0.657545 6.5465755
1.2426286 9.957788 0.68715686 -13.865005 -2.022545 5.8115754
0.76616794 9.917087 0.8834874 -11.065005 -2.232545 1.8215752
0.8739103 9.785401 0.7206767 -6.760005 -1.9175451 -0.24342498
0.9984126 9.77343 0.81644773 -4.555005 -1.7075449 1.401575
1.0462981 9.845258 0.9601042 -4.590005 -0.622545 1.4715749
0.9289786 9.905115 0.9385557 -3.155005 -0.062544994 0.38657498
0.84996754 9.873989 0.89545876 -1.090005 0.147455 -0.908425
0.84996754 9.761458 0.81644773 0.48499504 1.2324549 -1.153425
0.8140534 9.761458 0.69912827 1.8499951 2.0724552 -0.733425
0.88588166 9.754275 0.6488485 2.7599952 2.2824552 -0.838425
0.8236305 9.833286 0.5770202 2.584995 2.2824552 -0.978425
0.75659084 9.754275 0.4860378 2.199995 1.4774551 -1.5384251
