-2.25 9.67 0.04 10.886198 -1.7188734 0.0
-2.1299999 9.62 -0.83 10.886198 -16.042818 0.57295775
-2.1299999 9.62 -0.83 10.886198 -16.042818 0.57295775
-2.86 9.469999 0.32 -4.0107045 -5.15662 -4.0107045
-2.23 9.349999 0.90999997 -9.167324 -4.583662 -2.291831
-2.12 9.3 0.7 -2.8647888 -6.3025355 -2.291831
-2.19 9.2 0.39999998 5.15662 -3.4377468 -5.7295775
-2.3 9.12 0.39 6.8754935 -4.583662 -10.31324
-2.3999999 9.11 -0.17 8.021409 -3.4377468 -10.31324
-2.73 8.809999 -1.16 3.4377468 0.57295775 -11.459155
-3.32 9.15 0.22 -13.178029 2.8647888 -10.31324
-3.11 8.889999 0.29 -17.188732 1.7188734 -9.167324
-3.29 8.88 0.59999996 -14.896902 5.15662 -5.15662
-3.6899998 9.0199995 0.53999996 -6.8754935 12.032113 -2.8647888
-3.35 9.099999 0.19 3.4377468 9.740283 4.0107045
-2.74 9.15 -1.16 17.188732 2.8647888 8.594366
-2.6 9.17 -1.74 21.772396 -1.7188734 9.740283
-2.83 9.41 -1.68 14.323945 0.0 8.021409
-3.09 9.429999 -0.45999998 -1.7188734 3.4377468 6.8754935
-2.4299998 9.139999 -0.56 -5.7295775 1.1459155 15.469859
-2.45 9.22 -0.53 -5.15662 6.3025355 17.188732
-2.29 9.12 -0.57 -5.7295775 6.8754935 17.188732
-2.57 9.28 0.0 -8.594366 3.4377468 17.188732
-2.53 9.28 -0.19 -6.8754935 1.7188734 18.334648
-2.02 9.41 0.14 -5.15662 1.7188734 25.210142
-1.73 9.41 -0.049999997 -4.0107045 1.1459155 26.356058
-1.7099999 9.469999 -0.32999998 -0.57295775 1.1459155 26.356058
-1.8 9.4 -0.29999998 -1.1459155 -1.7188734 23.49127
-1.9699999 9.4 0.26 -6.3025355 5.15662 21.772396
-1.8 9.25 0.03 -4.583662 4.583662 23.49127
-1.8399999 9.36 -0.48999998 1.7188734 -4.0107045 25.7831
-1.88 9.59 -0.35999998 0.57295775 -5.15662 27.501974
-1.11 9.57 -0.22999999 -1.1459155 -6.8754935 32.658592
-0.87 9.719999 -0.04 -2.8647888 -5.15662 32.658592
-1.2099999 10.0 -0.21 -2.8647888 -4.583662 30.939718
-0.84 9.82 -0.13 -6.3025355 -4.583662 34.950428
0.01 9.62 0.64 -9.740283 -5.15662 37.815212
0.01 9.62 0.64 -9.740283 -5.15662 37.815212
-0.51 10.07 0.52 -0.57295775 -3.4377468 33.80451
0.44 10.059999 0.91999996 2.291831 -6.3025355 32.085636
0.44 10.059999 0.91999996 2.291831 -6.3025355 32.085636
-0.14999999 10.21 0.35999998 8.594366 -4.583662 27.501974
-0.21 10.19 0.11 10.31324 -4.583662 28.64789
0.29 10.08 -0.26999998 1.1459155 0.57295775 34.950428
0.22999999 9.98 0.53 -2.8647888 2.8647888 35.523384
0.78999996 10.28 0.42 10.886198 -8.021409 36.09634
0.78999996 10.28 0.42 10.886198 -8.021409 36.09634
1.92 10.5199995 0.19999999 18.907606 -9.740283 33.80451
1.14 10.7699995 -0.51 20.62648 -9.167324 23.49127
0.75 10.719999 -0.87 20.62648 -5.15662 18.907606
0.95 10.309999 -0.9 10.31324 2.291831 17.188732
1.1999999 9.75 -0.55 1.1459155 0.0 18.334648
0.78999996 9.809999 -0.02 -1.1459155 -5.7295775 14.323945
0.29999998 10.15 -0.47 3.4377468 -8.594366 14.896902
0.88 9.88 -0.35 3.4377468 -5.15662 18.907606
1.5699999 9.889999 0.53 0.0 -5.15662 22.91831
1.22 9.99 0.26999998 7.448451 -6.8754935 18.334648
1.2099999 9.91 -0.38 14.896902 -6.3025355 17.761692
1.42 9.809999 -0.17 12.032113 -7.448451 17.761692
1.1 9.84 -0.37 11.459155 -4.583662 16.615776
1.35 9.88 -1.35 16.042818 0.0 17.761692
1.18 9.79 -1.13 6.8754935 4.0107045 16.042818
1.25 9.65 -0.83 1.7188734 2.291831 14.896902
1.11 9.559999 -1.27 0.0 -3.4377468 16.615776
0.88 9.51 -0.7 -9.167324 -0.57295775 20.053522
1.24 9.389999 0.41 -22.345354 5.7295775 26.356058
1.64 9.179999 0.71 -19.480566 2.291831 33.231552
2.11 9.389999 0.25 -6.8754935 -0.57295775 33.231552
1.93 9.679999 -0.19 0.57295775 -4.583662 28.07493
2.1599998 9.389999 0.32 -7.448451 1.7188734 22.91831
1.8199999 9.49 0.53999996 -9.167324 6.8754935 21.772396
1.81 9.5199995 0.22 -5.15662 8.021409 22.91831
2.44 9.63 -0.25 1.1459155 2.291831 25.210142
3.03 9.8 0.049999997 1.1459155 0.0 24.064226
2.98 9.79 0.13 4.0107045 -3.4377468 16.615776
2.22 9.7 -1.15 8.021409 -3.4377468 9.740283
1.49 9.82 -0.55 -1.1459155 5.15662 8.021409
1.5699999 9.9 -0.08 -8.021409 6.3025355 11.459155
2.35 9.8 -0.66999996 -9.167324 4.583662 21.772396
2.44 9.32 -0.51 -9.167324 10.31324 26.929016
2.53 9.37 0.48 -16.042818 13.178029 29.793804
2.59 9.679999 0.87 -13.750987 18.334648 28.07493
3.33 10.059999 -0.07 0.0 10.31324 28.07493
3.6899998 10.219999 -0.53999996 1.7188734 1.1459155 23.49127
3.46 10.16 -0.32 -4.583662 3.4377468 18.334648
3.37 10.16 0.21 -12.032113 2.8647888 16.042818
3.12 10.05 0.65999997 -8.021409 1.1459155 16.042818
3.56 9.889999 0.29999998 1.7188734 -2.291831 18.334648
3.5 9.99 -0.24 6.3025355 -0.57295775 17.188732
3.46 10.059999 -0.22 0.57295775 4.0107045 16.042818
4.0699997 9.78 -0.29999998 -5.15662 2.291831 16.042818
3.6299999 9.33 0.28 -8.021409 0.0 9.167324
3.01 9.33 0.53999996 -7.448451 0.0 6.3025355
3.0 9.599999 -0.35 0.0 -2.291831 9.167324
3.9599998 9.429999 -0.17999999 -2.291831 0.0 12.605071
3.6599998 9.49 0.48999998 -10.31324 2.8647888 12.032113
3.47 9.42 0.34 -8.594366 1.1459155 8.021409
3.4399998 9.179999 0.38 -4.0107045 -5.15662 6.8754935
3.27 9.099999 0.76 -2.8647888 -5.15662 7.448451
3.47 9.08 0.78999996 2.291831 -0.57295775 11.459155
3.58 8.98 0.53999996 5.7295775 -2.291831 13.750987
3.6 9.11 -0.22999999 14.323945 -2.8647888 16.042818
3.76 9.139999 -0.34 14.896902 -3.4377468 16.042818
4.38 9.4 -0.5 8.021409 -8.021409 15.469859
4.29 9.41 -0.64 0.0 -5.15662 11.459155
3.6799998 9.24 0.28 -8.021409 0.0 9.167324
3.72 8.91 0.65 -7.448451 -1.1459155 10.31324
3.72 8.91 0.65 -2.8647888 -3.4377468 12.605071
4.2799997 9.429999 0.34 5.15662 -9.740283 16.615776
4.93 9.45 0.0 3.4377468 -6.3025355 18.334648
5.23 9.2699995 -0.29 3.4377468 -3.4377468 16.615776
3.8 8.86 0.31 -1.7188734 -5.15662 1.7188734
3.09 9.12 0.44 0.0 -6.8754935 2.8647888
3.4499998 9.179999 0.39999998 1.7188734 -1.7188734 12.032113
4.66 9.26 -0.42999998 0.57295775 -1.7188734 16.042818
4.7999997 9.16 -0.7 0.0 -2.8647888 11.459155
4.2 9.25 -0.51 -2.291831 0.57295775 8.021409
3.82 9.179999 -0.14999999 -9.740283 0.57295775 7.448451
4.68 8.87 -0.32 -8.021409 0.0 10.31324
4.99 8.74 -0.26 -4.583662 1.7188734 5.15662
4.44 9.23 -0.39999998 -6.8754935 -4.583662 1.1459155
4.46 9.55 0.22 -15.469859 -2.291831 0.0
4.5699997 9.4 1.42 -18.907606 -0.57295775 -2.291831
4.42 9.22 1.14 -12.605071 0.0 -2.8647888
4.22 8.99 0.53 10.886198 0.57295775 -1.7188734
4.2599998 8.96 -0.65999997 13.178029 -2.291831 3.4377468
3.79 9.21 -0.47 0.0 -1.1459155 7.448451
4.45 9.139999 0.14 -5.7295775 -2.291831 11.459155
5.04 9.04 -0.16 -4.583662 -6.3025355 13.178029
4.5899997 9.34 0.0 -4.0107045 0.0 8.594366
4.61 9.01 0.06 -6.8754935 -2.8647888 5.7295775
4.19 9.13 0.41 -10.886198 -0.57295775 5.15662
4.27 8.809999 2.04 -9.167324 -1.1459155 10.886198
4.83 8.75 1.09 11.459155 -5.15662 14.323945
5.1 8.92 -0.21 26.929016 -1.7188734 14.323945
4.89 9.139999 -0.58 26.929016 0.57295775 11.459155
4.5299997 8.75 -0.79999995 18.907606 2.291831 8.594366
4.23 8.49 -0.52 7.448451 2.291831 9.740283
4.2599998 8.5 -0.31 2.291831 1.1459155 11.459155
4.42 8.849999 -0.19999999 -1.1459155 -2.8647888 17.188732
5.3599997 8.809999 -0.12 -8.021409 0.0 21.772396
5.43 8.4 -0.04 -13.750987 -1.1459155 18.907606
5.42 8.13 0.34 -13.750987 -1.1459155 18.907606
4.61 7.87 1.22 -17.761692 -1.1459155 14.896902
4.27 7.96 1.36 -12.032113 -1.7188734 9.740283
4.95 8.33 0.51 1.7188734 0.57295775 13.750987
6.39 8.51 -0.41 10.31324 1.7188734 18.334648
5.89 8.679999 -1.3399999 10.886198 1.1459155 14.323945
5.0099998 8.67 -0.85999995 0.57295775 0.57295775 4.0107045
4.22 8.58 0.25 -14.896902 0.0 0.0
4.17 8.69 0.87 -18.907606 -1.7188734 5.7295775
4.21 8.5 1.17 -15.469859 -0.57295775 13.750987
5.71 8.67 0.32999998 -7.448451 -1.1459155 24.064226
5.83 8.65 0.44 -6.3025355 -1.1459155 24.064226
5.5499997 8.48 0.7 -2.8647888 0.0 20.053522
5.48 8.46 0.5 0.0 -1.1459155 17.188732
5.48 8.36 0.14999999 5.7295775 -0.57295775 19.480566
5.52 8.28 0.13 6.8754935 -2.8647888 22.91831
6.0099998 8.24 -0.35999998 5.7295775 -2.291831 24.637184
6.18 8.33 -0.26999998 -1.7188734 -3.4377468 22.91831
5.92 8.26 0.21 -8.594366 -1.7188734 19.480566
5.68 8.3 0.17 -9.740283 0.0 18.907606
5.7 8.34 0.03 -6.8754935 -4.0107045 17.761692
5.47 8.5199995 -0.02 -8.594366 -4.583662 16.042818
5.6099997 8.86 -0.34 -9.740283 -2.8647888 14.896902
6.44 9.139999 -0.17 -12.605071 -3.4377468 17.188732
6.8399997 9.099999 0.14999999 -14.323945 -10.31324 15.469859
6.15 8.98 1.0699999 -16.042818 -9.167324 5.15662
5.66 8.809999 1.52 -9.167324 -5.7295775 0.0
5.69 8.58 0.72999996 3.4377468 -4.583662 1.1459155
6.0899997 8.71 0.12 10.31324 -4.583662 4.583662
6.22 8.679999 -0.22 9.167324 -5.15662 2.291831
6.0 8.72 0.22 2.291831 -4.583662 0.0
6.2 8.57 -0.17999999 1.1459155 -4.583662 0.0
5.8599997 8.26 0.61 -4.0107045 -3.4377468 -1.7188734
5.7799997 8.3 0.7 -5.15662 -4.583662 -2.291831
6.06 8.23 0.41 -1.7188734 -2.291831 -0.57295775
6.2599998 8.22 0.41 -0.57295775 -1.1459155 -1.1459155
5.8599997 8.059999 0.049999997 2.8647888 -4.0107045 -6.3025355
5.77 8.11 0.17999999 0.0 -2.8647888 -5.7295775
5.8799996 8.12 0.06 -2.291831 -1.7188734 -4.583662
5.7799997 7.99 0.39999998 -3.4377468 -2.291831 -4.583662
5.98 8.08 0.61 -4.0107045 -3.4377468 -4.0107045
6.2 8.179999 0.45999998 -0.57295775 -4.583662 -2.8647888
5.8399997 8.07 0.0 -0.57295775 -1.1459155 -4.583662
5.75 7.98 0.47 -4.583662 0.0 -5.15662
5.73 7.85 1.0 -7.448451 0.0 -4.583662
5.7799997 7.89 0.19999999 1.7188734 -2.8647888 -2.8647888
5.8199997 7.8999996 0.0 1.7188734 -2.291831 -1.7188734
5.81 7.7999997 0.62 -0.57295775 -0.57295775 -1.1459155
5.9 7.85 0.71999997 -4.583662 0.57295775 -0.57295775
5.73 7.93 0.16 0.57295775 1.1459155 -0.57295775
6.15 7.8599997 0.16 2.291831 -0.57295775 0.57295775
6.25 7.94 0.19999999 0.0 -4.0107045 1.7188734
5.44 7.98 0.98999995 -4.0107045 0.0 -1.1459155
5.39 8.05 1.0699999 -2.8647888 1.7188734 -2.8647888
5.98 8.0 0.48999998 2.291831 0.57295775 -0.57295775
5.96 8.07 0.25 7.448451 1.1459155 -1.7188734
5.7799997 8.04 -0.42 6.3025355 1.1459155 -3.4377468
6.02 8.21 0.049999997 -0.57295775 1.1459155 -3.4377468
6.02 8.179999 0.26 -6.8754935 0.0 -4.0107045
5.75 8.139999 0.53999996 -6.3025355 0.0 -4.583662
5.7999997 8.05 0.71 -2.291831 -1.7188734 -3.4377468
5.77 8.0 0.64 2.8647888 -1.1459155 -4.0107045
5.52 8.11 0.099999994 6.8754935 1.1459155 -4.0107045
5.65 8.11 -0.17 1.1459155 1.1459155 -2.291831
5.83 8.05 0.049999997 -6.8754935 0.0 -1.1459155
5.54 8.07 0.45999998 -9.740283 0.0 -1.1459155
5.71 8.01 0.75 -10.886198 0.0 0.0
5.89 7.93 1.25 -8.594366 1.7188734 0.57295775
5.7599998 7.91 0.94 3.4377468 1.7188734 -1.7188734
5.67 8.13 0.41 6.8754935 1.7188734 -2.291831
5.67 8.25 0.0 8.021409 1.1459155 -2.291831
5.6099997 8.13 -0.03 5.7295775 0.0 -1.7188734
5.83 8.2 -0.099999994 3.4377468 -2.291831 0.0
5.99 8.2 -0.099999994 2.291831 -1.7188734 0.0
