-2.6499999 7.66 -1.9799999 0.0 -17.761692 -7.448451
-3.33 7.2599998 -1.5699999 -8.594366 -22.345354 -5.15662
-3.59 7.1299996 -0.35999998 -5.7295775 -23.49127 0.0
-3.1899998 7.0899997 0.089999996 5.15662 -26.929016 2.291831
-2.79 7.22 -0.59999996 10.31324 -28.64789 1.1459155
-2.97 7.3399997 -0.9 9.740283 -26.356058 0.0
-2.86 7.71 -0.77 2.291831 -27.501974 0.57295775
-2.07 7.94 -1.24 -9.740283 -25.210142 -6.3025355
-2.47 7.5499997 -0.95 -13.178029 -22.91831 -3.4377468
-4.16 7.21 -0.07 -4.583662 -30.939718 18.334648
-4.72 7.0099998 0.55 7.448451 -50.993244 33.80451
-2.49 7.23 -0.44 5.15662 -65.890144 8.021409
0.17999999 7.73 -0.25 33.231552 -55.00395 -4.0107045
-1.5699999 8.44 -1.64 24.637184 -48.128452 -28.64789
-2.99 8.3 -1.62 0.57295775 -51.5662 -16.615776
-2.69 8.19 -0.62 -13.750987 -43.544792 -9.167324
-3.1999998 8.349999 1.04 -9.740283 -36.669296 -1.7188734
-2.6499999 9.19 1.4699999 12.032113 -32.658592 9.740283
-2.05 9.309999 0.42 25.7831 -17.761692 13.750987
-1.8299999 9.44 -1.79 -3.4377468 -14.323945 7.448451
-3.3 8.69 -1.3299999 -9.167324 -4.0107045 24.064226
-2.98 9.65 0.53 0.0 7.448451 35.523384
-2.0 9.67 -0.06 -2.291831 21.772396 37.815212
-2.4099998 9.469999 -1.23 -8.594366 5.7295775 37.242256
-1.1999999 10.03 -0.51 8.021409 -6.3025355 33.80451
-1.7199999 9.63 -2.19 -9.740283 -4.583662 31.51268
-2.32 9.59 -0.96 -24.064226 1.7188734 37.242256
-1.55 9.94 0.42 -18.334648 7.448451 41.825916
-1.16 10.2699995 0.0 -10.886198 8.021409 38.961132
-1.29 10.03 -0.39 -10.31324 6.8754935 39.53409
-0.98999995 10.25 0.35 2.291831 1.7188734 34.377464
-0.71 10.4 0.13 6.3025355 1.7188734 28.07493
-0.57 10.309999 -0.96999997 -1.7188734 4.0107045 22.91831
-0.98999995 10.12 -1.4399999 -12.605071 1.7188734 24.637184
-1.09 10.2699995 -0.89 -19.480566 0.0 28.07493
-0.24 10.12 -0.39999998 -20.053522 1.7188734 25.210142
-1.29 8.83 1.25 -0.57295775 10.31324 27.501974
-0.78 9.389999 0.59999996 16.615776 6.3025355 31.51268
0.61 9.95 -1.42 14.323945 2.291831 18.907606
-0.5 9.599999 -1.7099999 -6.3025355 -9.740283 18.907606
-1.01 9.57 0.16 -15.469859 -12.032113 25.7831
-0.63 10.0 1.2099999 -8.021409 -4.583662 30.366762
0.64 10.46 0.65999997 2.8647888 3.4377468 18.907606
0.47 10.46 -0.099999994 3.4377468 1.1459155 14.896902
-0.12 10.25 -0.14999999 6.3025355 1.1459155 16.042818
-0.32999998 10.28 0.04 9.167324 2.291831 16.042818
0.26 10.62 -0.31 7.448451 3.4377468 13.750987
0.53 10.46 -1.0699999 -2.8647888 5.15662 8.594366
-0.11 10.05 -0.14999999 -8.021409 2.8647888 8.594366
0.17 10.08 0.31 0.0 4.583662 6.8754935
0.69 9.94 0.099999994 8.021409 6.8754935 4.583662
0.55 9.32 0.37 15.469859 13.178029 2.291831
-0.22999999 8.78 1.65 37.815212 17.188732 6.3025355
-0.76 9.17 0.41 60.160564 10.886198 16.042818
0.39999998 10.04 -3.1 22.345354 -6.3025355 14.323945
1.11 10.26 -4.38 -12.605071 -6.3025355 8.594366
0.58 9.7699995 -2.51 -24.637184 -15.469859 8.021409
-0.06 9.51 -0.44 -15.469859 -24.064226 12.032113
-0.06 9.929999 0.53 -8.594366 -13.750987 14.896902
0.29999998 10.09 0.35 -2.8647888 -10.31324 14.323945
1.04 10.29 -0.77 1.7188734 -8.594366 6.8754935
0.88 9.92 -1.2099999 -3.4377468 -6.3025355 -1.1459155
0.0 9.74 -1.0699999 -11.459155 -10.886198 -0.57295775
0.63 9.94 -0.26999998 -13.178029 -7.448451 -2.291831
0.22999999 10.29 -0.06 -9.740283 -8.021409 5.15662
-0.01 9.76 -0.48 -10.886198 -12.032113 17.188732
0.11 9.83 -0.01 -4.0107045 -11.459155 18.907606
0.42999998 10.469999 0.5 5.7295775 -6.3025355 21.199438
0.53999996 10.5 0.14999999 5.7295775 -3.4377468 26.356058
1.04 9.91 -0.71999997 -2.291831 -6.8754935 23.49127
0.48 9.53 -0.63 -2.8647888 -10.886198 25.210142
0.41 9.59 0.099999994 4.0107045 -4.0107045 25.7831
0.48999998 9.88 0.24 4.0107045 -5.15662 31.51268
1.53 10.059999 -0.85999995 -2.8647888 -8.021409 28.64789
1.1999999 9.809999 0.38 1.7188734 -9.740283 28.64789
1.06 9.69 0.31 7.448451 -10.886198 30.939718
1.09 9.969999 -0.04 1.7188734 -4.583662 33.231552
1.49 10.37 0.35 0.0 0.57295775 33.231552
2.08 10.84 -0.02 -0.57295775 -5.15662 25.7831
2.2 10.67 -0.57 -5.7295775 -6.3025355 19.480566
1.16 10.13 -0.04 -4.0107045 -5.7295775 20.62648
0.63 9.86 0.53 0.0 1.1459155 22.91831
0.96 10.429999 0.41 1.7188734 4.583662 25.210142
1.1899999 10.66 -0.01 0.57295775 5.15662 22.345354
1.63 11.15 -0.28 -2.291831 -3.4377468 12.032113
1.26 10.76 0.03 -5.7295775 -1.1459155 9.167324
1.04 10.55 0.9 0.0 4.583662 11.459155
1.39 10.83 0.29 4.0107045 9.167324 11.459155
2.01 11.07 -0.53999996 -1.1459155 7.448451 5.7295775
1.81 10.74 -0.19 -2.291831 4.0107045 0.0
1.62 10.4 0.22 4.0107045 3.4377468 -0.57295775
1.75 10.3 0.0 2.291831 4.0107045 -0.57295775
1.78 9.95 -0.53999996 -4.0107045 5.15662 -0.57295775
1.9699999 9.7699995 -0.25 -3.4377468 6.3025355 -1.7188734
1.8499999 9.66 0.099999994 1.7188734 4.0107045 -1.1459155
1.8499999 9.639999 -0.04 2.8647888 1.1459155 -1.7188734
1.92 9.37 -0.24 0.57295775 5.7295775 0.0
1.41 9.37 0.42 6.8754935 16.042818 3.4377468
1.89 9.62 -0.21 9.740283 22.345354 7.448451
2.79 9.9 -0.68 7.448451 12.032113 2.291831
2.1699998 9.66 -0.22 9.740283 2.8647888 -1.7188734
1.74 9.559999 -0.26999998 9.740283 0.0 2.291831
1.9699999 9.62 -0.83 0.57295775 0.57295775 4.0107045
2.3799999 9.61 -0.57 -4.583662 1.1459155 0.0
2.24 9.639999 0.39 4.583662 -0.57295775 -2.291831
2.1399999 9.55 0.48 9.740283 -1.1459155 -4.0107045
2.26 9.46 -0.22 6.8754935 -1.1459155 -4.583662
2.09 9.24 -0.41 2.291831 0.0 -3.4377468
2.03 9.12 -0.089999996 1.1459155 2.291831 -1.7188734
2.3999999 9.34 -0.59 -2.291831 -2.8647888 -2.8647888
2.25 9.059999 -0.26999998 -4.0107045 -4.0107045 -4.0107045
1.9 9.08 0.34 0.57295775 -2.291831 -1.1459155
2.1 9.3 -0.04 4.0107045 -1.7188734 -0.57295775
2.26 9.349999 -0.65 -1.1459155 -1.7188734 -1.7188734
2.11 9.2 0.049999997 -2.8647888 0.0 -1.1459155
2.12 9.32 0.26999998 4.0107045 1.7188734 -1.1459155
2.06 9.32 -0.24 3.4377468 0.57295775 -0.57295775
2.0 9.099999 -0.21 4.583662 2.291831 0.57295775
1.8 9.21 0.049999997 6.8754935 1.1459155 2.8647888
1.9399999 9.58 -0.56 0.57295775 0.57295775 2.8647888
2.06 9.76 -0.94 -8.021409 0.0 2.291831
2.03 9.73 0.48 -3.4377468 0.0 2.291831
2.1499999 9.83 0.44 2.8647888 0.0 0.0
2.1599998 9.7 -0.16 1.1459155 1.1459155 -1.7188734
2.06 9.559999 -0.11 0.0 3.4377468 -2.8647888
1.9599999 9.57 0.12 4.0107045 2.8647888 -3.4377468
1.9599999 9.54 -0.19 5.7295775 1.7188734 -4.0107045
1.99 9.389999 -0.59 0.0 1.7188734 -2.291831
1.9599999 9.3 -0.34 0.57295775 1.7188734 -1.7188734
2.12 9.41 0.0 2.8647888 1.7188734 -2.291831
2.03 9.36 -0.17999999 2.8647888 2.291831 -2.291831
2.1 9.38 -0.32 2.291831 1.1459155 -2.291831
1.99 9.309999 -0.22999999 2.8647888 0.0 -2.291831
2.01 9.29 -0.51 0.57295775 -0.57295775 -1.7188734
1.9799999 9.28 -0.089999996 0.57295775 0.0 -1.1459155
2.03 9.36 0.11 4.0107045 0.0 -0.57295775
2.12 9.45 -0.26999998 3.4377468 0.0 -1.1459155
2.1299999 9.389999 -0.48 0.57295775 0.0 -2.291831
1.92 9.25 -0.08 0.57295775 0.0 -1.1459155
1.89 9.36 0.01 5.15662 -1.1459155 -0.57295775
2.01 9.46 -0.42999998 2.8647888 -0.57295775 -1.1459155
2.02 9.41 -0.37 0.57295775 1.7188734 -0.57295775
1.92 9.33 -0.14 0.0 4.0107045 0.0
1.9499999 9.4 -0.25 -0.57295775 1.7188734 -0.57295775
2.09 9.28 -0.45999998 -1.7188734 -2.291831 0.0
1.9599999 9.17 0.089999996 0.57295775 -2.8647888 3.4377468
2.09 9.349999 -0.52 -2.8647888 -1.7188734 3.4377468
1.9799999 9.41 -0.29 -8.594366 -2.8647888 2.8647888
1.86 9.429999 0.71999997 -1.7188734 -1.1459155 2.291831
2.03 9.62 0.61 6.3025355 0.57295775 1.7188734
