-1.637684 9.672871 -1.2905141 1.459185 -7.8586903 -7.89649
-2.0447106 9.538791 -0.9194015 -3.090815 -2.5386899 -8.91149
-2.0614705 9.466963 -0.87151605 -6.415815 3.0963101 -7.44149
-1.8866886 9.433443 -0.79250497 -5.0858154 4.00631 -2.43649
-1.637684 9.61062 -0.9529214 -1.9708152 1.41631 2.8835099
-1.3575538 9.727939 -1.158829 2.194185 -0.96369 5.99851
-1.3192455 9.720756 -1.211503 5.0291853 -3.7986903 6.10351
-1.4245936 9.538791 -1.1708003 4.609185 -5.79369 3.02351
-1.5586729 9.435837 -1.1229149 1.844185 -4.3586903 -0.54649
-1.733455 9.253872 -1.1420691 -0.850815 -0.57869 -1.8764901
-1.9154198 9.225141 -1.0008069 -2.215815 1.52131 -2.4014897
-1.9680939 9.26345 -0.8786988 -2.6358151 0.15631 -1.91149
-1.924997 9.347249 -0.84039044 -0.92081493 -2.1186898 -0.23149
-1.6448668 9.213169 -1.1013664 3.384185 -4.53369 2.18351
-1.4150164 8.961771 -1.4916332 9.894186 -6.66869 4.6335096
-1.525153 8.679246 -1.6137413 13.114185 -6.0736904 1.83351
-1.8148603 7.965752 -1.4198049 7.654185 -2.5036902 -4.39649
-2.099779 7.309721 -1.2306572 3.6291852 2.15131 -11.326489
-1.9656997 6.55313 -1.2953026 3.0341852 5.58131 -18.85149
-2.3559663 5.691191 -1.5083932 1.809185 5.82631 -31.31149
-3.3424077 5.375147 -1.1181264 -1.025815 7.01631 -49.686493
-2.6791935 5.1045938 -0.6751855 0.304185 5.54631 -58.99649
-2.9210153 4.764607 -0.86912173 9.369185 -6.6336904 -58.611492
-3.328042 4.62095 -1.611347 16.404184 -8.208691 -57.246494
-3.6728175 4.886715 -2.0351336 8.354184 15.941312 -46.01149
-4.120547 5.133325 -2.056682 -6.2058153 51.85131 -34.951492
-2.9425638 5.3679643 -1.7693691 -10.160815 46.39131 -27.84649
-1.4054393 5.626546 -1.5203645 -3.4058151 -3.72869 -17.276491
-1.3360053 6.1269493 -1.3455825 2.684185 -37.25869 -13.77649
-1.9992194 6.25624 -1.690358 3.2091851 -24.203691 -22.59649
-2.0806248 6.421445 -2.370332 -2.565815 2.25631 -33.691494
-1.7502149 6.5220046 -2.116539 -21.605816 7.856311 -32.746487
-2.0447106 6.524399 -1.0750294 -50.270813 -3.83369 -23.92649
-3.215511 6.737489 1.403045 -77.92082 -4.07869 -19.34149
-2.6767993 7.6975937 2.5331428 -82.36582 4.07631 -19.061491
-1.4245936 7.970541 1.2881198 -50.410816 3.2013102 -8.10649
-0.91461295 8.13814 0.03351985 -4.735815 -21.54369 6.90851
-1.6281068 8.526012 0.38308397 19.659187 -37.92369 9.008511
-2.1069617 9.014444 0.0670397 18.924185 -26.47869 0.46851
-2.291321 9.512454 -0.7134939 16.964184 -5.5836897 6.2435102
-1.7813405 9.474146 -0.5602603 18.924185 -2.60869 24.75851
-2.152453 9.471751 0.31365 13.569186 -14.50869 34.418507
-2.3344178 9.835681 -0.30646718 5.904185 -19.023691 34.66351
-1.1899546 10.326508 -1.5730386 7.5841846 -22.90869 48.978508
-1.0271438 10.072714 -1.1923488 -1.060815 -25.56869 70.04851
-0.23463893 9.90272 1.4293821 -31.125818 -23.22369 83.03351
0.44533512 10.783813 2.9377751 -59.12582 -27.52869 93.21851
0.47885495 11.617022 1.7430321 -51.355816 -34.493687 97.76851
0.3902668 12.23235 0.818842 -15.830814 -34.38869 101.09351
1.2881198 13.587509 1.2522057 7.1641855 -31.06369 104.97851
2.0925963 15.026468 0.23224466 9.544186 -25.35869 105.25851
1.7885233 16.089527 -1.4700848 15.984184 -11.60369 108.19852
-0.54350036 15.646585 -1.0702409 23.299185 -0.018690001 101.51351
-1.3096683 15.299416 -0.4860378 12.414186 -5.68869 84.2235
-0.04070267 15.761511 -1.4557191 2.4391851 -20.52869 73.72351
0.28731298 15.464621 -2.1883671 5.6591854 -35.333687 69.41851
0.25139886 14.636202 -1.1229149 -12.155815 -44.78369 59.373516
1.2929084 14.001719 0.6153286 -34.870815 -37.01369 56.60851
1.7837347 14.281849 1.1708003 -35.95582 -28.40369 50.86851
1.4820561 14.135798 0.24421602 -19.435816 -20.63369 37.63851
1.2306572 13.1206255 0.028731298 -10.685815 -14.22869 25.10851
1.5203645 12.368824 0.7637737 -17.055815 -5.05869 18.528511
1.5203645 12.150945 1.1468576 -19.750814 1.20631 13.48851
1.1995317 11.669696 1.0678465 -11.490815 1.66131 4.35351
1.2234744 10.810151 0.37350687 1.564185 4.00631 -1.77149
1.2737542 10.424672 -0.31365 10.664186 7.856311 -2.92649
1.3862851 10.285805 -0.42139238 12.029185 7.2613096 -3.90649
1.3407938 10.173274 -0.12210801 6.9541855 5.61631 -7.02149
1.4413534 9.964972 -0.34477556 3.804185 5.26631 -8.63149
1.175589 9.512454 -0.3304099 3.5241852 4.63631 -8.94649
1.5658557 9.39274 -0.0023942748 0.864185 4.7063103 -8.386491
1.8172545 9.490906 -0.031125572 -1.165815 3.83131 -5.44649
1.3695252 9.253872 -0.1340794 1.494185 2.0813103 -5.20149
1.1396748 8.882759 -0.045491222 4.434185 0.40131 -6.4264903
1.3264283 8.940222 -0.11971374 4.749185 -0.50869 -2.78649
1.5802214 9.215564 -0.3040729 5.0291853 -0.89369 3.3385103
1.786129 9.308941 -0.2657645 4.644185 -2.1186898 6.80351
1.8962656 9.454991 0.019154198 1.8791851 -5.3386903 7.1185102
1.5850099 9.433443 0.21787901 -1.480815 -8.103691 5.50851
1.515576 9.6585045 0.32801566 -3.090815 -7.96369 2.74351
1.9297855 9.818921 0.035914123 -4.210815 -7.4736905 3.0935102
2.221887 9.747093 0.12929083 -4.7708154 -6.10869 5.19351
1.6496553 9.591465 0.31604427 -6.660815 -6.28369 3.3385103
1.3096683 9.555551 0.53392327 -8.305815 -8.313691 -1.10649
1.5036045 9.677659 0.4740664 -8.970816 -8.418691 -2.8214898
1.9944309 9.809344 0.38068968 -8.165814 -6.91369 1.13351
1.8148603 9.895537 0.28970724 -6.695815 -5.30369 3.44351
1.3407938 9.859624 0.4644893 -5.8558154 -3.97369 1.37851
0.9792584 9.708784 0.505192 -6.800815 -3.06369 -1.73649
1.3288225 9.718362 0.3974496 -7.255815 -1.8736901 -1.28149
1.6855695 9.75667 0.3998439 -5.0508146 1.3463101 5.08851
1.5850099 9.732727 0.7110996 -3.8608153 0.15631 3.1635098
1.8220432 9.761458 0.6608198 -0.465815 -0.61369 1.13351
1.8220432 9.794978 0.3998439 3.2791848 -0.053689998 0.25851002
1.5897985 9.668081 0.5147691 3.174185 1.48631 -1.66649
1.6712039 9.60583 0.61293435 1.354185 2.92131 -1.8064901
1.8052832 9.615408 0.505192 2.054185 3.34131 -0.86149
1.7885233 9.6585045 0.32083282 4.469185 3.4813101 -1.2114899
1.6831752 9.725544 0.19154198 5.064185 2.88631 -2.33149
1.6927522 9.644139 0.34956414 3.2091851 2.43131 -2.92649
1.6807809 9.596253 0.43575802 -0.010815 3.65631 -2.43649
1.7669748 9.708784 0.2681588 0.304185 4.18131 -2.78649
1.4413534 9.708784 0.0 3.384185 2.50131 -4.08149
1.3216397 9.584282 0.20111908 3.2441852 0.43631 -4.43149
1.4652961 9.466963 0.5027977 -1.3408151 0.78631 -0.9314901
1.89866 9.581888 0.56744313 -3.7558153 2.04631 2.70851
1.9752767 9.63935 0.27294734 -0.430815 2.25631 3.75851
1.4221992 9.529214 0.1699935 4.434185 0.61131006 0.53850996
1.2210802 9.483723 0.0 6.569185 0.50631005 -2.08649
1.6951466 9.660899 -0.12689656 5.5541854 1.80131 0.53850996
1.9824595 9.703996 -0.05506832 1.6341851 3.44631 4.45851
1.9106313 9.687236 0.16520496 -2.7758152 4.00631 4.4235096
1.5467016 9.629773 0.30646718 -4.420815 2.43131 1.02851
1.376708 9.58907 0.2083019 -2.985815 0.19131 -1.91149
1.5059988 9.5794935 0.25379312 -1.410815 -0.71869 -1.5614899
1.7813405 9.522031 0.34477556 -2.495815 -0.15869 1.09851
1.6352897 9.608225 0.49800915 -3.7908146 0.22631 2.21851
1.5610672 9.629773 0.28252444 -2.915815 1.52131 0.81851
1.525153 9.629773 0.105348095 0.409185 1.83631 0.04851
1.7214836 9.617802 0.07901107 1.669185 0.19131 0.15351
