-0.95 9.92 0.68 0.57295775 0.57295775 -5.7295775
-0.76 9.74 0.26 13.750987 -6.8754935 -0.57295775
-0.049999997 9.61 -0.84 17.761692 -6.3025355 2.291831
-0.13 9.599999 -0.76 12.032113 -4.583662 0.0
-0.42 9.61 -0.57 4.0107045 -5.15662 -6.8754935
-0.77 9.15 -0.42999998 0.57295775 -2.291831 -10.31324
-0.96 9.099999 0.07 -1.7188734 0.0 -9.740283
-0.9 9.3 -0.06 -2.291831 -2.8647888 -9.740283
-0.9 9.3 -0.51 1.1459155 -8.021409 -8.594366
-0.9 9.07 -0.88 0.0 0.0 -8.594366
-1.0 9.12 -0.53999996 0.0 0.0 -7.448451
-1.14 9.16 -0.41 -6.8754935 0.0 -6.3025355
-1.12 9.24 0.01 -9.167324 -1.1459155 -5.7295775
-0.64 9.22 0.0 -5.15662 -3.4377468 -1.1459155
-0.51 9.13 -0.44 0.0 -2.8647888 -0.57295775
-1.2099999 9.2699995 -0.79999995 0.0 -4.583662 -4.0107045
-1.0699999 9.24 -0.52 -4.583662 -4.0107045 -5.7295775
-0.45 8.97 -0.26999998 -16.615776 -1.7188734 0.0
-0.48 8.95 -0.39999998 -14.323945 -5.15662 -3.4377468
-1.35 9.16 0.59 -14.323945 -8.594366 -6.3025355
-1.5799999 9.309999 0.61 -14.323945 -9.167324 -6.8754935
-1.3399999 9.41 0.31 -6.8754935 -8.021409 -2.8647888
-0.04 9.61 -0.42999998 0.0 -12.605071 4.583662
-0.38 9.7699995 -0.52 -0.57295775 -14.896902 -0.57295775
-1.17 9.75 -0.35 -1.7188734 -9.740283 -3.4377468
-0.61 9.63 -0.06 -3.4377468 -9.740283 -1.7188734
-0.58 9.9 0.049999997 -5.7295775 -13.178029 1.1459155
-0.69 9.86 -0.17 -5.7295775 -13.750987 1.7188734
-0.22999999 10.13 -0.65999997 -0.57295775 -10.886198 0.57295775
-0.089999996 10.16 0.089999996 -6.3025355 -12.032113 -1.1459155
-1.06 10.36 0.06 -9.740283 -14.323945 -1.7188734
-1.16 10.19 -0.52 -3.4377468 -14.323945 -6.3025355
-0.48999998 9.96 -1.05 9.740283 -6.8754935 0.0
-0.21 10.099999 -0.39999998 -2.8647888 -9.167324 2.8647888
-0.96 10.219999 0.74 -7.448451 -13.178029 0.0
-0.62 9.969999 0.45999998 -5.7295775 -12.605071 -1.1459155
-0.61 10.2 -0.63 3.4377468 -10.886198 -1.1459155
-0.19999999 10.01 -0.58 6.3025355 -9.167324 4.0107045
-0.68 9.99 0.07 0.0 -9.167324 2.291831
-0.53999996 9.71 -0.39 0.0 -9.167324 2.291831
-0.06 9.34 -0.47 6.8754935 -9.167324 4.583662
-0.44 9.67 0.69 0.57295775 -9.740283 5.7295775
-0.29999998 9.559999 0.16 5.7295775 -9.740283 4.583662
-0.28 9.51 -0.45 14.896902 -8.594366 3.4377468
-0.17 9.07 -1.17 13.178029 -6.8754935 4.583662
-1.18 9.429999 -0.39 4.0107045 -5.15662 4.0107045
-0.51 9.559999 -0.14 0.0 -5.7295775 7.448451
-0.51 9.559999 -0.14 1.7188734 -8.021409 16.042818
0.7 9.44 -1.02 5.7295775 -5.7295775 20.62648
0.57 9.23 -0.5 0.0 -2.8647888 16.615776
-0.26999998 9.22 0.38 -6.3025355 0.0 11.459155
-0.32 9.4 0.32999998 -4.583662 1.7188734 12.032113
0.099999994 9.65 -0.96 4.0107045 -1.1459155 15.469859
0.31 9.98 -1.48 4.583662 2.291831 20.053522
0.24 10.059999 -0.19999999 -6.8754935 0.0 15.469859
0.56 9.71 0.0 -17.188732 -1.1459155 16.615776
0.56 9.71 0.0 -6.8754935 0.0 18.334648
0.68 10.469999 -0.76 1.1459155 4.0107045 16.615776
1.0 10.36 -1.05 2.8647888 5.7295775 15.469859
1.39 10.01 -1.15 -1.7188734 0.57295775 10.31324
-0.65999997 10.33 0.62 -4.583662 0.0 6.8754935
-0.65999997 10.33 0.62 -9.167324 2.291831 4.0107045
0.71999997 9.889999 -0.52 0.57295775 4.0107045 17.761692
1.11 10.07 -0.26999998 2.291831 7.448451 22.345354
1.24 10.3 -0.26999998 5.15662 6.3025355 18.907606
0.84999996 10.19 -0.02 11.459155 1.7188734 14.896902
0.82 9.79 -0.61 18.334648 4.0107045 13.178029
1.1 9.71 -1.0 24.637184 7.448451 17.761692
0.7 10.15 -2.1499999 26.929016 5.7295775 21.199438
1.11 10.49 -2.73 17.761692 3.4377468 24.064226
2.23 9.94 -0.94 6.3025355 0.0 27.501974
1.6899999 9.9 0.22999999 -14.323945 -3.4377468 28.64789
1.23 10.2699995 0.32 -12.605071 4.0107045 20.053522
1.64 10.4 0.24 0.0 3.4377468 21.199438
1.8199999 10.01 -0.52 9.167324 5.7295775 24.064226
1.9499999 9.92 -1.78 12.032113 7.448451 23.49127
1.86 9.929999 -1.13 6.3025355 8.594366 26.356058
1.78 9.5 0.74 -9.740283 11.459155 31.51268
1.3199999 8.86 1.29 1.1459155 19.480566 33.231552
2.4099998 8.97 -1.27 16.615776 21.772396 35.523384
3.1499999 10.15 -3.75 33.231552 18.907606 41.825916
2.4299998 10.66 -2.71 -13.750987 10.886198 35.523384
2.57 10.33 -0.03 -31.51268 5.7295775 33.231552
2.73 10.33 0.29999998 -36.09634 1.7188734 30.939718
3.59 11.179999 -0.26999998 -36.09634 1.7188734 30.939718
4.22 10.5199995 1.01 -10.886198 6.3025355 28.07493
2.3899999 11.24 0.14 5.15662 11.459155 7.448451
1.8399999 11.719999 -2.35 13.750987 10.886198 8.021409
2.3 11.45 -0.96999997 -6.8754935 2.8647888 20.053522
2.87 11.42 -0.16 -17.761692 2.8647888 24.064226
3.12 11.38 -0.39 -9.740283 -1.7188734 18.334648
2.6599998 11.389999 -1.05 -5.15662 -2.8647888 12.032113
2.32 11.23 -1.4599999 -2.8647888 -4.0107045 8.021409
2.79 10.82 0.099999994 -13.750987 0.57295775 10.886198
3.23 10.809999 0.22999999 -10.886198 2.291831 11.459155
3.22 11.04 -1.16 5.15662 -1.1459155 5.7295775
2.28 10.8 -1.05 5.7295775 -2.291831 1.1459155
3.0 10.45 -0.53999996 -5.15662 -1.1459155 2.291831
3.1999998 10.4 -0.44 -7.448451 -1.1459155 3.4377468
3.03 10.25 -0.65999997 -3.4377468 -0.57295775 0.0
2.95 9.96 -0.79999995 -2.8647888 -1.1459155 -2.291831
3.03 9.87 -0.78 -5.7295775 -2.291831 -3.4377468
2.8999999 9.92 -0.39 -6.8754935 -3.4377468 -3.4377468
2.85 9.73 0.03 -7.448451 0.0 -4.0107045
3.1999998 9.62 -0.17 -2.8647888 -0.57295775 -2.291831
3.1699998 9.599999 -0.69 -0.57295775 -1.7188734 -3.4377468
2.9299998 9.559999 -0.78 -2.291831 0.0 -5.7295775
2.8 9.44 -0.22999999 -4.0107045 0.0 -5.15662
3.1999998 9.53 -0.59 -4.583662 0.0 -2.8647888
2.9299998 9.54 -0.28 -3.4377468 0.57295775 -3.4377468
2.6699998 9.49 -0.08 -2.291831 1.1459155 -4.583662
3.05 9.58 -0.76 0.57295775 2.291831 -2.291831
3.0 9.67 -0.95 0.0 0.57295775 -2.291831
2.75 9.54 -0.04 -6.3025355 -2.8647888 -4.0107045
2.87 9.51 -0.53 -7.448451 -2.8647888 -2.8647888
2.8 9.38 -0.71999997 -0.57295775 0.0 -2.8647888
2.8 9.54 -0.14999999 -3.4377468 -0.57295775 -1.7188734
2.9299998 9.54 -0.25 -4.0107045 0.0 -1.1459155
3.02 9.59 -0.53 -1.1459155 -1.1459155 -0.57295775
2.74 9.679999 -0.45999998 -1.7188734 -1.1459155 -1.7188734
2.69 9.66 -0.52 -2.291831 -0.57295775 -3.4377468
2.77 9.63 -0.19999999 -2.291831 1.1459155 -4.583662
2.8999999 9.599999 -0.53999996 -4.0107045 2.291831 -2.291831
2.8999999 9.599999 -0.53999996 -1.7188734 2.291831 -2.291831
2.6699998 9.63 -0.85999995 -1.7188734 1.7188734 -4.0107045
2.8 9.74 -0.65999997 -5.15662 0.0 -1.7188734
2.51 9.61 0.04 -6.8754935 0.0 -2.291831
2.72 9.429999 -0.21 -4.0107045 1.1459155 -1.1459155
2.99 9.58 -0.96999997 -0.57295775 1.1459155 -0.57295775
2.58 9.469999 -0.59999996 -1.7188734 0.0 0.0
2.58 9.32 -0.22999999 -6.3025355 0.0 0.57295775
3.07 9.45 -0.59999996 -6.3025355 -0.57295775 1.7188734
3.22 9.78 -0.29 -2.291831 -0.57295775 4.0107045
3.08 9.51 0.42 -2.291831 1.1459155 2.8647888
2.6699998 9.38 -0.25 -0.57295775 0.0 -1.7188734
2.53 9.61 -0.91999996 7.448451 0.0 -4.0107045
2.87 9.54 -0.61 7.448451 0.57295775 -2.8647888
2.8999999 9.45 -0.16 0.0 1.7188734 -0.57295775
2.8999999 9.45 -0.16 -3.4377468 1.7188734 -0.57295775
2.8899999 9.69 -0.45 -1.7188734 -0.57295775 -0.57295775
2.87 9.65 -0.71 0.57295775 -0.57295775 -1.1459155
2.6 9.41 -0.55 -0.57295775 0.0 -1.7188734
2.57 9.41 -0.65 -3.4377468 2.291831 0.0
2.74 9.74 -0.32999998 -5.7295775 2.8647888 3.4377468
3.06 9.86 -0.31 -3.4377468 8.021409 5.7295775
3.11 9.559999 -0.34 -2.291831 8.021409 5.7295775
3.11 9.559999 -0.34 -2.8647888 6.8754935 4.583662
2.59 9.67 -0.56 -0.57295775 1.7188734 1.1459155
2.75 9.61 -0.59999996 2.291831 1.7188734 0.57295775
3.31 9.79 -0.5 0.0 1.7188734 1.1459155
2.6799998 9.679999 -0.39 -1.1459155 0.0 -1.7188734
2.6399999 9.389999 -0.22 -2.291831 -0.57295775 -5.15662
2.74 9.45 -0.42999998 -2.291831 0.0 -4.583662
2.86 9.74 -0.87 0.57295775 0.0 -1.7188734
2.96 9.809999 -0.42 -2.8647888 0.0 -0.57295775
2.8899999 9.63 -0.03 -3.4377468 0.0 -2.291831
2.86 9.69 -0.099999994 -2.291831 0.0 -2.291831
2.82 9.41 -0.78999996 0.57295775 0.0 -2.291831
