-4.0099998 9.059999 -0.14 0.0 -16.615776 5.7295775
-3.1499999 8.849999 -0.24 -0.57295775 -21.199438 8.594366
-3.57 9.03 -0.099999994 4.0107045 -10.31324 2.291831
-3.48 9.0199995 -0.61 6.8754935 -6.3025355 1.7188734
-3.49 9.059999 -0.56 3.4377468 -2.8647888 2.8647888
-3.6299999 9.0199995 -0.38 1.1459155 -2.8647888 1.7188734
-3.6499999 8.809999 -0.11 -1.1459155 -4.0107045 2.291831
-3.6499999 8.45 -0.14999999 0.0 -2.291831 2.291831
-4.0 8.78 -0.14 2.8647888 -1.1459155 1.1459155
-3.79 9.059999 -0.55 8.021409 0.0 4.0107045
-3.4499998 9.059999 -0.84999996 8.021409 0.0 6.3025355
-3.25 8.87 -1.51 2.8647888 2.8647888 7.448451
-3.59 8.57 -0.32999998 -14.323945 10.31324 6.3025355
-3.62 8.46 0.81 -11.459155 1.7188734 5.7295775
-3.79 8.8 -0.099999994 8.594366 -7.448451 4.0107045
-3.79 8.8 -0.099999994 8.594366 -7.448451 4.0107045
-3.36 9.03 -1.04 16.042818 -9.167324 6.8754935
-3.3799999 8.83 -0.45999998 -5.7295775 0.0 9.167324
-3.34 8.48 0.22 -12.605071 0.57295775 11.459155
-3.54 8.4 0.65999997 -10.886198 -1.1459155 11.459155
-2.95 8.7 1.3199999 -0.57295775 -8.594366 11.459155
-2.69 8.91 0.29 20.053522 -18.907606 8.594366
-3.29 9.25 -0.98999995 41.825916 -16.042818 -0.57295775
-4.06 9.87 -1.26 40.680004 -15.469859 -8.021409
-3.4299998 9.57 -1.16 21.199438 -18.334648 0.0
-2.6599998 9.63 -0.42999998 0.57295775 -5.15662 16.042818
-2.56 9.429999 -0.22 -9.740283 3.4377468 20.62648
-2.71 9.48 0.22 -10.886198 4.0107045 16.042818
-2.6599998 9.32 -0.11 -4.583662 -6.3025355 11.459155
-3.33 9.429999 0.03 2.8647888 -10.31324 6.3025355
-3.07 9.57 0.01 5.7295775 -11.459155 6.3025355
-2.62 9.46 -0.53999996 9.740283 -9.167324 16.042818
-2.8999999 9.849999 -0.35 5.7295775 0.0 21.772396
-2.24 9.59 -0.31 5.15662 -2.8647888 24.064226
-2.11 9.49 -0.32999998 7.448451 -9.740283 20.053522
-2.24 9.62 -0.55 9.167324 -10.886198 16.042818
-2.52 9.69 -1.13 10.31324 -6.8754935 13.178029
-2.3799999 9.599999 -0.96999997 0.0 0.0 18.334648
-2.3999999 9.46 -0.02 -19.480566 6.3025355 25.210142
-2.3899999 9.9 0.91999996 -21.772396 10.31324 26.356058
-2.1 10.01 1.0799999 -18.907606 16.042818 32.085636
-1.5799999 9.58 0.59 5.7295775 8.594366 25.210142
-2.1499999 9.96 0.17 20.053522 2.8647888 13.178029
-2.07 9.82 -0.45 26.356058 0.57295775 13.750987
-2.1499999 9.849999 -1.64 24.637184 8.594366 20.053522
-2.22 9.87 -2.1599998 14.323945 10.886198 22.91831
-1.24 9.67 -0.59999996 -18.907606 5.7295775 33.231552
-0.93 9.57 -0.39999998 -17.188732 0.0 26.929016
-1.91 9.639999 -0.7 -10.886198 1.1459155 17.761692
-1.99 9.51 -0.75 -13.178029 2.8647888 21.772396
-1.25 9.37 -0.35 -16.042818 1.7188734 26.356058
-0.79999995 9.29 -0.14999999 -20.62648 0.0 30.939718
-1.37 9.349999 -0.47 -18.334648 -1.1459155 26.356058
-1.52 9.66 0.26999998 -18.907606 -0.57295775 21.772396
-0.66999996 9.74 0.42999998 -16.042818 -7.448451 26.356058
-0.39 9.679999 0.02 -8.594366 -6.3025355 30.366762
-1.06 9.679999 0.01 -6.3025355 1.1459155 26.929016
-0.77 9.809999 0.53 -8.021409 -0.57295775 24.637184
-0.17999999 9.84 0.16 -2.8647888 -9.167324 22.91831
0.07 9.849999 -0.28 0.57295775 -9.167324 21.199438
-0.83 9.67 -0.52 -4.583662 -1.7188734 17.188732
-0.83 9.83 0.56 -16.042818 -1.7188734 21.199438
0.08 9.8 0.78999996 -14.896902 -8.594366 28.07493
0.7 9.969999 0.08 -2.291831 -8.021409 20.62648
0.48 9.98 -0.26999998 -2.291831 -8.021409 20.62648
-0.55 10.17 0.65 -8.021409 -0.57295775 12.605071
0.39 10.309999 0.7 -1.1459155 -9.167324 16.615776
0.61 10.25 -0.12 5.15662 -9.740283 17.761692
0.22999999 10.309999 -0.38 6.3025355 -2.291831 14.323945
0.31 9.92 0.69 -11.459155 -7.448451 9.740283
0.31 9.92 0.69 -11.459155 -7.448451 9.740283
0.089999996 10.05 0.75 -6.3025355 -8.021409 4.0107045
0.65 9.63 0.32999998 2.8647888 -1.7188734 17.188732
0.68 9.639999 0.34 1.1459155 -4.583662 18.907606
0.65 9.66 0.28 -0.57295775 -7.448451 16.615776
0.03 9.679999 0.01 -1.1459155 -4.0107045 15.469859
0.48999998 9.32 -0.089999996 -3.4377468 -2.8647888 22.345354
0.78999996 9.54 0.95 -10.31324 0.0 29.220846
0.52 9.99 1.16 -6.8754935 4.0107045 24.064226
0.84999996 10.33 0.7 2.8647888 2.8647888 27.501974
1.06 10.21 0.29999998 6.8754935 3.4377468 28.07493
0.72999996 10.45 0.0 2.8647888 4.0107045 23.49127
0.58 10.37 0.59999996 -4.583662 -1.1459155 28.07493
1.3199999 10.59 0.84999996 -2.8647888 -0.57295775 31.51268
2.4099998 10.86 -0.22 8.594366 -5.15662 25.210142
1.78 10.9 -0.66999996 6.3025355 -1.7188734 17.188732
0.90999997 10.99 0.22 -13.178029 -2.291831 7.448451
1.54 10.34 0.93 -27.501974 -10.31324 16.615776
1.48 10.099999 1.55 -25.210142 -10.31324 18.907606
1.78 10.37 1.0699999 -5.15662 -9.167324 10.31324
1.79 10.41 1.05 -1.7188734 -6.8754935 8.594366
1.64 10.37 0.77 0.57295775 -6.3025355 4.583662
1.38 10.09 0.48 2.291831 -1.7188734 5.15662
1.63 9.83 0.59999996 0.0 -0.57295775 5.7295775
1.93 10.09 0.71999997 -2.8647888 -2.291831 1.7188734
1.75 9.9 0.22 0.57295775 -0.57295775 0.0
1.27 9.75 -0.17 0.57295775 -1.7188734 -0.57295775
1.31 9.5199995 0.39 -7.448451 -4.583662 6.3025355
2.1299999 9.5 0.57 -10.886198 -8.021409 15.469859
2.1699998 9.44 0.47 -8.594366 -6.8754935 13.178029
1.81 9.389999 0.42 -6.3025355 -1.7188734 5.7295775
1.8499999 9.719999 0.89 -6.8754935 -0.57295775 8.594366
1.53 9.92 1.11 -6.8754935 -1.1459155 10.31324
1.39 9.88 1.42 -8.021409 1.7188734 14.323945
2.02 9.65 1.31 -3.4377468 0.0 24.064226
2.57 10.05 0.95 3.4377468 -2.8647888 25.7831
2.26 10.15 0.64 6.8754935 -0.57295775 22.345354
2.37 9.67 0.78999996 1.1459155 1.7188734 22.345354
3.26 8.889999 -0.22 -1.1459155 0.0 22.91831
2.03 9.45 0.59 -12.605071 1.7188734 8.594366
1.3299999 9.84 1.48 -22.345354 7.448451 -3.4377468
2.62 9.2699995 1.02 -8.021409 -0.57295775 14.896902
2.3899999 9.42 0.63 3.4377468 -2.291831 18.907606
2.51 9.57 1.02 2.8647888 -3.4377468 14.323945
2.6599998 9.92 1.4 3.4377468 -5.15662 13.178029
2.58 9.599999 0.65999997 17.188732 -3.4377468 8.021409
2.4099998 9.599999 0.42 19.480566 -2.8647888 4.583662
1.9 9.4 0.089999996 10.31324 -9.740283 2.291831
1.5799999 9.54 0.0 4.583662 -7.448451 4.583662
1.53 9.679999 -0.049999997 -5.15662 -5.15662 11.459155
2.96 10.099999 0.39999998 -13.750987 0.0 16.042818
4.14 10.08 0.78 -21.199438 0.57295775 9.167324
1.4399999 10.24 1.68 -22.91831 -0.57295775 -16.042818
1.37 10.219999 1.74 -17.188732 -6.3025355 -21.199438
2.46 10.28 1.63 -6.8754935 -9.167324 0.0
3.27 10.34 1.15 -0.57295775 -6.8754935 8.594366
2.73 9.87 1.11 -3.4377468 -8.594366 2.291831
2.4299998 10.05 1.4599999 -3.4377468 -9.167324 -4.0107045
2.69 10.45 1.01 4.0107045 -8.594366 -3.4377468
2.8999999 10.21 0.45 5.7295775 -1.7188734 2.291831
2.21 9.599999 0.26999998 3.4377468 -1.1459155 3.4377468
2.1699998 9.82 1.3299999 -10.31324 -10.31324 1.1459155
2.53 10.219999 1.42 -7.448451 -13.750987 2.8647888
3.09 10.01 0.55 4.0107045 -16.615776 9.740283
2.58 9.87 0.88 2.8647888 -8.594366 7.448451
2.44 9.61 1.5799999 -5.7295775 -6.3025355 6.3025355
2.79 9.5 1.17 -0.57295775 -9.740283 8.021409
2.4099998 9.929999 0.22999999 13.750987 -9.167324 5.7295775
2.1699998 9.76 0.07 12.605071 -4.583662 6.3025355
2.6499999 10.03 1.14 -5.15662 -5.15662 14.896902
2.8899999 10.38 1.41 -10.31324 -2.8647888 20.053522
2.8799999 10.54 1.05 -2.291831 -1.1459155 18.334648
2.9099998 10.309999 0.75 2.291831 -3.4377468 14.896902
2.71 10.54 0.94 2.291831 -0.57295775 12.032113
2.96 10.679999 0.71 0.0 0.57295775 10.886198
3.11 10.599999 0.55 -2.291831 0.57295775 9.740283
2.6599998 10.33 0.77 -7.448451 2.291831 6.8754935
2.57 10.09 1.1899999 -12.032113 2.8647888 10.31324
2.7 9.96 1.3299999 -11.459155 4.0107045 13.750987
3.46 10.37 1.41 1.7188734 7.448451 17.761692
3.75 10.559999 0.96 6.8754935 6.8754935 16.615776
3.1299999 10.29 -0.049999997 9.740283 5.15662 5.15662
2.9399998 9.969999 0.72999996 -13.750987 4.0107045 -2.291831
3.1599998 9.44 1.13 -16.615776 2.8647888 -0.57295775
3.08 9.49 1.22 -13.750987 2.291831 -2.291831
3.23 9.28 0.96999997 -4.0107045 2.8647888 -3.4377468
3.1799998 9.36 0.95 1.1459155 -1.7188734 -3.4377468
3.03 9.28 0.63 2.8647888 0.0 -5.7295775
3.36 9.22 0.76 1.1459155 0.0 -4.0107045
3.1 9.26 1.04 0.0 0.57295775 -4.583662
3.12 9.139999 0.59999996 3.4377468 -1.1459155 -7.448451
2.84 9.11 0.69 2.8647888 -1.1459155 -5.7295775
2.9099998 9.08 1.24 -5.7295775 -1.1459155 0.0
3.23 9.0199995 1.3299999 -4.583662 -1.7188734 2.291831
3.1399999 9.139999 0.65 1.7188734 -0.57295775 -0.57295775
2.98 9.08 0.53999996 -0.57295775 -3.4377468 -4.583662
2.86 8.86 1.06 -5.15662 -4.583662 -4.0107045
2.95 9.0199995 1.86 -12.032113 -4.0107045 1.1459155
3.12 9.2699995 1.91 -6.8754935 -0.57295775 6.8754935
3.3799999 9.29 1.3199999 1.7188734 -1.7188734 6.3025355
3.04 9.42 1.03 7.448451 0.0 0.0
3.08 9.5199995 0.78 6.3025355 0.0 0.0
3.1499999 9.59 0.64 2.291831 0.0 0.57295775
3.02 9.5199995 1.31 -5.7295775 1.1459155 1.7188734
3.28 9.469999 1.43 -6.8754935 0.0 3.4377468
3.25 9.58 1.48 -2.8647888 -1.1459155 0.57295775
3.0 9.38 1.01 4.583662 0.57295775 -1.7188734
3.02 9.469999 0.65999997 5.15662 1.1459155 -1.7188734
3.1499999 9.5 0.87 1.7188734 1.7188734 -0.57295775
3.12 9.389999 1.04 -0.57295775 5.15662 0.0
3.11 9.53 1.02 1.1459155 3.4377468 -2.291831
3.02 9.41 0.79999995 3.4377468 -1.1459155 -2.8647888
2.8899999 9.46 0.79999995 2.291831 0.0 -0.57295775
3.1399999 9.429999 0.65999997 -0.57295775 1.7188734 1.7188734
3.08 9.17 1.23 -6.8754935 0.57295775 1.1459155
2.96 9.21 1.29 -6.3025355 0.57295775 0.0
2.96 9.55 0.71 2.291831 -0.57295775 0.57295775
3.0 9.639999 0.72999996 2.291831 -1.7188734 1.1459155
3.07 9.69 1.39 -5.15662 -1.7188734 4.583662
3.31 9.66 1.5 -9.167324 -1.1459155 5.7295775
3.1399999 9.65 1.4499999 -5.7295775 0.0 4.0107045
3.03 9.63 1.31 0.0 2.291831 -0.57295775
3.1399999 9.71 0.98999995 5.7295775 0.0 -3.4377468
2.98 9.8 0.75 4.583662 1.1459155 -5.15662
3.06 9.49 1.06 -1.7188734 1.7188734 -4.0107045
3.03 9.389999 1.37 -5.7295775 1.7188734 -3.4377468
3.1299999 9.37 1.53 -5.15662 3.4377468 -4.0107045
3.1899998 9.37 1.0 4.0107045 3.4377468 -4.583662
3.0 9.349999 0.63 5.15662 0.57295775 -7.448451
3.0 9.16 1.27 -5.7295775 -0.57295775 -5.15662
