-3.1499999 8.33 -0.59999996 3.4377468 -4.0107045 0.57295775
-3.51 8.24 -0.74 -1.7188734 -11.459155 6.8754935
-3.1999998 8.33 -0.42 -5.7295775 -13.178029 8.594366
-2.9399998 8.51 -0.26999998 -7.448451 -13.178029 7.448451
-2.61 8.82 0.28 -3.4377468 -13.178029 4.583662
-2.3899999 8.73 0.35 1.1459155 -9.167324 0.0
-2.8 8.65 0.35 3.4377468 -4.583662 0.0
-3.4299998 8.65 0.44 6.3025355 -5.15662 4.583662
-3.3 8.74 0.14999999 8.021409 -4.0107045 9.740283
-2.86 9.05 -0.11 5.15662 -3.4377468 12.032113
-2.3 9.059999 -0.19999999 2.291831 -5.15662 10.886198
-2.28 8.889999 0.02 2.291831 -2.291831 9.167324
-2.87 8.929999 0.26 4.0107045 -3.4377468 12.605071
-2.79 9.11 0.35 4.583662 -4.0107045 14.896902
-1.9399999 9.07 -0.29 -0.57295775 -1.1459155 9.167324
-1.4499999 9.54 -0.75 -7.448451 0.0 3.4377468
-1.8499999 9.91 -0.12 -7.448451 -4.583662 0.57295775
-2.32 9.4 0.66999996 -2.8647888 -6.8754935 -2.291831
-3.0 9.389999 1.3399999 5.7295775 -6.8754935 0.0
-3.37 9.38 1.53 20.053522 -3.4377468 8.594366
-2.8899999 9.2699995 0.29999998 26.356058 -6.3025355 14.896902
-2.09 9.5199995 -0.82 18.334648 -8.021409 13.178029
-1.86 9.429999 -0.85999995 8.594366 -6.3025355 9.740283
-1.9799999 9.4 -0.42 1.1459155 -4.583662 6.8754935
-2.01 9.34 -0.11 0.0 -1.7188734 6.3025355
-2.31 9.23 0.01 0.0 -6.3025355 9.167324
-2.22 9.15 0.089999996 0.57295775 -7.448451 10.31324
-1.87 9.13 0.26 4.0107045 -5.7295775 9.167324
-1.79 9.139999 0.08 5.7295775 -4.0107045 8.021409
-2.1 9.11 -0.07 1.7188734 -2.291831 7.448451
-2.3 9.139999 0.77 10.886198 -4.0107045 11.459155
-1.99 9.2 0.5 20.053522 -4.0107045 13.750987
-1.81 9.179999 -0.44 19.480566 -2.291831 12.605071
-2.02 9.51 -0.71999997 13.750987 -4.583662 13.750987
-1.4499999 9.49 -0.62 10.31324 -6.3025355 13.178029
-1.4 9.41 -0.42999998 10.31324 -0.57295775 8.594366
-1.8299999 9.32 -0.39 9.740283 1.1459155 10.31324
-1.9499999 9.309999 -0.34 8.021409 1.1459155 11.459155
-1.5799999 9.24 -0.76 5.7295775 -1.1459155 9.740283
-1.5999999 9.29 -0.78 3.4377468 -1.7188734 9.740283
-1.8499999 9.41 -0.55 0.57295775 -0.57295775 14.323945
-1.52 9.09 -0.82 -2.291831 -1.1459155 14.323945
-1.3399999 9.309999 -0.88 -6.3025355 -5.7295775 12.605071
-1.68 9.73 -0.19999999 -6.3025355 -5.15662 13.750987
-1.37 9.69 -0.12 -3.4377468 -6.8754935 16.042818
-0.74 9.65 -0.45 -5.15662 -4.583662 12.605071
-0.87 9.45 -0.39 -1.7188734 -4.0107045 7.448451
-1.4599999 9.7 -0.01 1.1459155 -4.583662 10.31324
-1.26 9.54 -0.41 -0.57295775 -4.0107045 10.886198
-1.06 9.59 -0.63 -4.0107045 -1.1459155 9.740283
-1.01 9.79 -0.45999998 -4.583662 0.0 7.448451
-0.77 9.969999 -0.22 -2.8647888 0.0 3.4377468
-0.68 10.07 -0.32999998 -2.291831 0.0 -2.8647888
-1.56 10.41 -0.55 1.1459155 0.0 -1.1459155
-2.19 10.24 -0.77 -2.291831 -5.15662 7.448451
-1.66 10.0199995 -0.16 -5.15662 -6.3025355 13.750987
-1.0799999 9.86 0.32999998 -2.291831 -2.8647888 14.323945
-1.0699999 10.01 0.5 4.0107045 -2.291831 14.896902
-0.74 10.28 -0.04 5.7295775 -2.291831 12.032113
-0.53999996 10.19 -0.72999996 0.0 -2.291831 9.167324
-0.61 9.809999 -0.72999996 -4.0107045 -1.7188734 8.594366
-1.25 9.7699995 0.08 -1.1459155 -0.57295775 12.032113
-1.16 9.62 0.64 3.4377468 1.1459155 14.323945
-0.56 9.679999 0.25 4.583662 3.4377468 11.459155
-0.44 9.69 -0.53 0.0 0.0 9.740283
-0.79999995 9.349999 0.17 0.0 -1.7188734 10.886198
-0.63 9.17 -0.14 -2.291831 -1.7188734 10.31324
-1.01 9.17 -0.11 -8.021409 0.57295775 12.032113
-1.13 9.36 0.83 -4.583662 0.57295775 16.615776
-0.42999998 9.4 0.53 0.0 0.0 17.761692
0.04 9.5 0.0 -2.8647888 0.0 12.605071
-0.35 9.48 0.13 -2.8647888 1.1459155 13.750987
-0.91999996 9.599999 0.51 -0.57295775 2.8647888 17.761692
-0.39999998 9.66 0.28 -1.1459155 3.4377468 17.188732
-0.07 9.679999 -0.049999997 -3.4377468 2.8647888 15.469859
0.0 9.889999 -0.03 -4.0107045 2.291831 13.750987
-0.17999999 9.94 0.42999998 0.0 1.7188734 13.178029
0.03 9.8 0.14999999 1.7188734 1.7188734 10.886198
-0.21 9.66 -0.14 0.0 1.7188734 10.886198
-0.48 9.62 -0.04 -2.291831 3.4377468 13.178029
-0.22 9.74 0.19999999 -2.8647888 4.583662 15.469859
0.39 9.889999 0.24 -1.1459155 3.4377468 13.750987
0.21 9.7699995 0.07 0.0 1.7188734 10.886198
-0.29999998 9.73 0.04 -0.57295775 1.1459155 14.896902
-0.049999997 9.7 0.0 -1.7188734 3.4377468 15.469859
0.28 9.61 0.22999999 0.0 4.0107045 14.896902
0.13 9.57 0.19 1.7188734 2.8647888 15.469859
0.47 9.7699995 -0.07 -0.57295775 2.291831 13.178029
0.78999996 9.969999 -0.22 -3.4377468 5.15662 7.448451
-0.13 9.9 0.14 -2.8647888 5.15662 5.7295775
-0.29999998 9.96 0.58 0.0 3.4377468 9.740283
0.39999998 9.95 0.34 1.7188734 1.7188734 11.459155
0.22999999 9.82 0.22 0.57295775 3.4377468 10.31324
0.08 9.679999 0.26999998 0.57295775 4.0107045 11.459155
0.12 9.71 0.34 2.8647888 3.4377468 14.323945
0.31 9.719999 0.13 3.4377468 2.291831 17.188732
0.28 9.69 -0.049999997 1.1459155 2.291831 18.334648
0.56 9.37 0.0 1.7188734 3.4377468 18.907606
1.15 9.28 0.53 4.583662 6.3025355 16.042818
1.16 9.389999 -0.34 0.0 2.8647888 15.469859
1.13 9.32 0.07 -0.57295775 4.0107045 14.323945
0.74 9.24 0.35 3.4377468 2.8647888 20.053522
1.48 9.61 0.02 2.291831 1.7188734 19.480566
1.5899999 9.57 0.19 0.57295775 1.7188734 16.042818
1.15 9.45 0.22999999 1.7188734 4.0107045 16.042818
1.1999999 9.389999 0.37 2.291831 5.7295775 17.761692
1.48 9.469999 0.31 4.583662 5.15662 17.761692
1.54 9.67 0.08 3.4377468 4.0107045 17.188732
1.23 9.599999 0.11 2.8647888 4.583662 17.761692
1.31 9.66 0.0 1.1459155 4.0107045 18.334648
1.52 9.71 -0.07 -0.57295775 1.7188734 17.761692
1.8299999 9.719999 -0.14 -2.291831 0.0 16.042818
1.65 9.719999 -0.12 -4.0107045 0.57295775 16.042818
1.92 9.8 0.29 -2.8647888 -1.7188734 16.615776
1.78 9.75 0.35 -1.1459155 -0.57295775 15.469859
1.54 9.679999 0.44 0.0 0.0 18.334648
2.11 9.67 0.63 3.4377468 0.0 18.907606
2.22 9.679999 0.53999996 6.8754935 1.1459155 16.615776
1.8499999 9.74 0.19999999 8.021409 2.291831 16.615776
1.8199999 9.7 -0.22 3.4377468 1.1459155 18.907606
2.27 9.74 -0.25 1.1459155 -1.7188734 17.188732
2.44 9.73 -0.01 0.0 -1.1459155 15.469859
2.1299999 9.88 0.22 0.0 0.0 16.615776
2.28 9.83 0.28 1.1459155 0.57295775 15.469859
2.3799999 9.96 0.22999999 1.1459155 0.0 14.323945
2.74 9.91 0.32999998 3.4377468 -0.57295775 10.886198
2.3999999 9.7699995 0.04 3.4377468 0.0 9.740283
1.9799999 9.719999 0.24 2.8647888 0.57295775 12.605071
2.57 9.86 0.29999998 2.8647888 1.1459155 13.178029
3.0 9.86 0.19999999 2.291831 2.291831 9.167324
2.58 9.7 0.24 2.8647888 1.7188734 6.8754935
2.29 9.62 0.08 1.7188734 0.0 9.167324
2.74 9.73 0.099999994 0.57295775 0.0 7.448451
2.97 9.65 0.32 1.1459155 1.1459155 5.7295775
2.61 9.46 0.38 2.291831 1.7188734 6.8754935
2.54 9.389999 0.25 1.7188734 3.4377468 8.594366
2.61 9.389999 0.12 0.57295775 5.15662 10.31324
3.22 9.75 0.32999998 1.1459155 3.4377468 7.448451
3.07 9.719999 0.39 4.583662 2.8647888 5.7295775
2.9299998 9.42 0.049999997 4.0107045 1.7188734 5.7295775
2.86 9.41 0.14 2.8647888 2.8647888 6.8754935
3.23 9.469999 0.28 3.4377468 3.4377468 5.7295775
3.1399999 9.63 0.03 2.8647888 2.291831 2.8647888
3.02 9.54 -0.16 -1.1459155 0.0 1.1459155
3.02 9.49 0.06 -1.7188734 0.0 0.57295775
2.86 9.3 0.53 0.57295775 1.1459155 1.7188734
2.54 9.33 0.42999998 2.291831 1.1459155 4.0107045
2.81 9.51 0.14999999 1.7188734 0.0 3.4377468
3.26 9.559999 0.17999999 2.291831 0.0 0.57295775
2.69 9.349999 0.19999999 3.4377468 1.1459155 0.57295775
2.96 9.389999 0.13 2.291831 1.1459155 0.57295775
3.1299999 9.34 0.07 1.7188734 1.1459155 -0.57295775
2.8999999 9.25 -0.049999997 0.0 1.1459155 -1.7188734
2.6599998 9.24 0.0 -1.1459155 0.57295775 0.0
2.8899999 9.2699995 0.38 0.57295775 0.0 1.1459155
3.1599998 9.28 0.48 4.583662 0.57295775 -1.1459155
3.04 9.349999 0.14 2.291831 2.291831 -2.291831
2.8999999 9.29 -0.06 1.1459155 1.1459155 -1.1459155
2.76 9.139999 0.17999999 2.291831 0.0 0.0
2.84 9.17 0.0 0.0 0.0 0.0
2.97 9.22 0.08 0.0 0.0 0.0
2.73 8.98 0.57 5.15662 1.1459155 2.291831
3.29 9.429999 -0.11 2.291831 0.0 0.0
3.27 9.44 -0.03 0.0 0.0 -2.8647888
2.8 9.11 0.26 1.7188734 -0.57295775 -2.8647888
2.53 9.139999 0.13 2.291831 0.0 -0.57295775
3.0 9.41 0.16 1.7188734 1.1459155 -0.57295775
3.08 9.32 0.29 5.7295775 1.1459155 -1.7188734
2.87 9.13 -0.14 3.4377468 0.0 -0.57295775
2.78 9.22 -0.65 -1.7188734 0.57295775 0.0
2.9099998 9.24 -0.19 -2.291831 1.7188734 0.0
2.81 9.19 0.14999999 -0.57295775 2.291831 0.57295775
2.99 9.309999 0.0 -0.57295775 0.57295775 0.57295775
3.22 9.37 -0.01 -2.8647888 0.0 0.0
2.6499999 9.21 0.45999998 -1.7188734 -0.57295775 1.1459155
2.96 9.37 0.58 0.57295775 0.57295775 1.1459155
3.1699998 9.41 0.38 2.291831 0.57295775 -0.57295775
3.01 9.2699995 0.11 1.1459155 0.57295775 -1.7188734
2.74 9.12 0.28 0.0 0.0 -1.1459155
2.73 9.08 0.26999998 1.1459155 0.0 0.0
