-3.52 9.15 -0.72999996 8.594366 -6.8754935 2.8647888
-3.62 9.24 -1.06 8.594366 -14.323945 4.583662
-3.56 9.07 -1.1999999 5.7295775 -14.323945 1.7188734
-3.5 8.86 -1.15 3.4377468 -15.469859 1.1459155
-3.6499999 8.84 -0.69 -2.8647888 -13.750987 3.4377468
-3.78 9.03 -0.21 -2.8647888 -6.3025355 7.448451
-3.78 9.03 -0.21 -2.8647888 -6.3025355 7.448451
-3.1799998 9.059999 -0.26999998 1.1459155 -10.31324 12.032113
-3.31 8.82 -0.88 2.291831 -8.021409 5.7295775
-3.75 8.97 -0.74 0.57295775 -2.291831 4.0107045
-3.6399999 9.33 -0.12 -4.583662 0.0 13.178029
-3.6399999 9.33 -0.12 -4.583662 0.0 13.178029
-2.9299998 9.07 -0.72999996 1.7188734 0.0 13.178029
-2.84 9.01 -0.74 0.57295775 0.0 10.31324
-3.12 8.95 -0.68 -1.7188734 0.0 3.4377468
-3.7099998 9.0199995 -0.39 -2.291831 -6.3025355 2.8647888
-3.06 9.33 0.0 -1.1459155 -10.31324 10.886198
-3.06 9.33 0.0 -1.1459155 -10.31324 10.886198
-2.71 9.5 0.0 -2.8647888 -9.167324 17.761692
-2.74 9.23 0.22 -5.7295775 -3.4377468 16.042818
-2.74 9.23 0.22 -5.7295775 -3.4377468 16.042818
-2.99 9.2699995 0.14 -4.583662 -4.0107045 13.750987
-2.6499999 9.349999 -0.21 1.1459155 -4.583662 14.896902
-2.72 9.09 -0.72999996 3.4377468 -4.583662 12.605071
-3.01 9.33 -0.45999998 -1.7188734 -1.1459155 14.896902
-2.8899999 9.33 -0.32 -5.7295775 -1.1459155 19.480566
-2.57 9.17 -0.39 -4.583662 -0.57295775 25.7831
-2.08 9.349999 -0.29999998 -5.7295775 0.57295775 24.064226
-2.07 9.36 -0.44 -6.8754935 0.57295775 22.345354
-2.4199998 9.34 -0.28 -6.8754935 2.8647888 18.907606
-2.27 9.11 -0.04 -4.583662 -4.0107045 22.91831
-1.92 9.01 0.14999999 -2.8647888 -7.448451 22.91831
-1.93 9.01 -0.26 2.291831 -12.605071 19.480566
-2.03 9.09 -0.14999999 1.7188734 -10.31324 19.480566
-2.26 9.09 -0.14 2.291831 -9.167324 19.480566
-1.75 9.36 -0.25 2.291831 -13.178029 25.210142
-1.53 9.5199995 -0.53999996 0.57295775 -9.167324 30.366762
-1.62 9.67 -0.38 0.0 -5.15662 30.939718
-1.53 9.71 -0.22 -0.57295775 -6.8754935 26.929016
-1.04 9.67 -0.44 1.7188734 -16.042818 25.7831
-1.49 9.69 -1.1 -1.1459155 -10.886198 24.064226
-1.48 9.809999 -0.25 -15.469859 -5.7295775 32.658592
-1.14 9.83 0.24 -22.345354 -6.8754935 36.09634
-0.44 10.0199995 0.7 -22.91831 -9.167324 38.961132
-0.51 10.07 0.39 -12.032113 -6.8754935 35.523384
-0.53 9.98 0.41 -4.583662 -5.15662 32.085636
-0.049999997 9.969999 0.48 1.1459155 -13.178029 29.220846
-0.39999998 9.929999 0.08 6.3025355 -12.032113 25.210142
-0.59 9.889999 0.16 6.8754935 -9.167324 25.210142
-0.45 9.99 0.24 6.8754935 -8.021409 26.356058
-0.04 9.94 -0.13 6.8754935 -9.740283 27.501974
0.19 9.8 -0.38 2.8647888 -4.0107045 32.085636
-0.06 9.719999 -0.12 0.0 -3.4377468 32.085636
0.03 9.7699995 0.56 -5.7295775 -4.583662 28.64789
0.65 9.69 0.39999998 -5.7295775 -8.021409 29.220846
0.19999999 9.78 0.31 -2.8647888 -4.0107045 28.07493
0.32 9.9 0.7 -2.8647888 0.57295775 27.501974
0.94 10.07 0.68 0.0 -8.594366 32.085636
1.17 10.24 0.02 9.167324 -10.31324 31.51268
0.85999995 10.53 -0.32 12.605071 -4.0107045 29.220846
1.29 10.719999 -0.35 7.448451 -1.1459155 28.64789
1.49 10.41 -0.39999998 -0.57295775 -3.4377468 27.501974
1.22 10.09 -0.16 -9.167324 -2.291831 24.064226
1.01 9.87 0.02 -12.605071 -1.7188734 23.49127
0.84 9.66 0.42 -12.605071 -1.7188734 22.91831
1.23 9.83 0.74 -10.31324 -3.4377468 24.637184
1.51 10.11 0.17999999 -1.7188734 -11.459155 23.49127
1.53 10.309999 -0.12 4.0107045 -10.886198 21.199438
1.67 10.23 -0.08 4.0107045 -9.167324 21.772396
1.76 10.12 0.08 -1.1459155 -9.167324 22.91831
1.65 9.94 0.14 -7.448451 -6.8754935 21.772396
1.7199999 9.78 0.38 -7.448451 -10.31324 20.053522
1.91 9.849999 0.51 -2.291831 -10.31324 20.053522
1.92 9.94 0.42 0.57295775 -9.167324 19.480566
1.62 10.0 0.099999994 8.021409 -6.3025355 20.053522
2.05 10.0199995 -0.08 6.8754935 -10.886198 24.637184
2.55 9.99 -0.17999999 1.7188734 -12.605071 19.480566
1.9799999 9.96 0.0 -6.8754935 -3.4377468 18.907606
2.12 9.849999 0.24 -9.167324 -2.291831 22.345354
2.35 9.7 0.39999998 -9.740283 -4.583662 24.637184
2.5 9.48 0.45999998 -4.583662 -9.167324 21.199438
2.19 9.7 0.13 2.8647888 -12.032113 13.178029
2.51 9.84 -0.32 6.3025355 -6.8754935 17.761692
2.59 9.75 -0.45 4.0107045 -4.583662 21.199438
2.6299999 9.639999 -0.48 -3.4377468 0.0 27.501974
2.6 9.559999 -0.16 -13.178029 0.0 25.7831
2.75 9.639999 0.51 -18.907606 -2.8647888 24.064226
2.95 9.59 0.17999999 -4.0107045 -1.7188734 29.793804
2.95 9.59 0.17999999 -4.0107045 -1.7188734 29.793804
3.1299999 10.059999 0.14999999 6.8754935 -2.8647888 25.7831
3.74 10.19 -0.35 12.605071 -21.199438 19.480566
3.73 10.19 -0.48999998 12.032113 -18.907606 17.188732
3.1299999 10.15 -0.19999999 1.7188734 -9.740283 13.178029
3.08 10.219999 0.11 -5.15662 -5.7295775 13.750987
3.84 9.86 0.71999997 -12.605071 -2.8647888 23.49127
4.04 9.599999 0.82 -6.3025355 -4.583662 22.91831
3.9199998 9.24 0.45999998 1.1459155 -6.8754935 14.323945
2.82 9.17 -0.11 -0.57295775 -5.15662 5.7295775
2.82 9.17 -0.11 -0.57295775 -5.15662 5.7295775
2.76 9.059999 0.14 -9.740283 4.583662 10.886198
3.52 8.74 0.68 -13.178029 -1.1459155 18.334648
3.87 8.72 0.45999998 -7.448451 -10.886198 17.188732
3.31 8.67 1.02 0.0 -9.167324 12.605071
3.4499998 8.809999 0.95 9.167324 -10.31324 13.178029
3.9499998 9.309999 -0.81 28.07493 -9.740283 16.615776
3.8799999 9.46 -0.97999996 28.07493 -7.448451 16.042818
4.17 9.57 -1.0799999 16.042818 -1.1459155 16.042818
4.24 9.15 -0.84 -1.1459155 -4.0107045 18.334648
4.0899997 9.17 0.17 -15.469859 -7.448451 17.188732
4.17 9.24 -0.14 -13.750987 -8.021409 17.761692
4.25 9.13 -0.14999999 -9.740283 -8.021409 18.334648
4.21 9.09 0.42999998 -8.594366 -6.8754935 18.907606
4.48 9.09 0.53999996 -1.1459155 -8.594366 18.907606
4.85 9.15 0.21 12.032113 -8.021409 19.480566
5.1099997 9.12 -1.01 17.188732 -5.7295775 18.907606
4.98 8.69 -1.63 12.032113 -0.57295775 14.896902
4.19 8.48 -0.90999997 -11.459155 1.1459155 9.167324
3.87 8.98 0.26 -33.231552 5.7295775 5.15662
4.56 9.05 0.59 -39.53409 14.896902 10.31324
4.89 9.04 0.59999996 -30.939718 18.907606 13.178029
5.12 8.929999 0.48 -28.07493 10.886198 12.032113
4.93 8.51 0.74 -25.210142 -4.583662 2.291831
4.24 8.75 1.36 -21.199438 -5.15662 -6.3025355
4.5299997 8.26 0.59 -7.448451 -4.0107045 -2.8647888
4.5099998 8.42 0.28 -2.8647888 0.0 -2.8647888
3.82 8.849999 1.09 -10.31324 0.0 -6.3025355
4.43 9.12 1.3399999 -8.594366 -7.448451 2.291831
5.29 8.98 0.22999999 3.4377468 -10.886198 2.8647888
4.46 9.07 -0.19 6.3025355 -2.8647888 -5.7295775
4.25 8.7 0.48999998 -6.8754935 -5.15662 -3.4377468
4.36 8.66 1.5799999 -12.605071 -10.886198 -1.1459155
4.35 9.389999 1.3 1.1459155 -12.032113 -5.7295775
4.58 9.24 0.26999998 10.886198 -10.31324 -5.7295775
4.0 9.29 0.81 0.57295775 -8.594366 1.1459155
4.49 9.16 1.27 -1.7188734 -9.740283 8.021409
4.73 9.49 0.34 5.7295775 -9.740283 9.167324
5.22 9.41 -0.59999996 12.605071 -3.4377468 2.291831
4.7 9.13 0.26999998 -1.7188734 -2.8647888 -4.0107045
4.14 9.54 1.76 -18.907606 -8.594366 -13.750987
4.14 9.71 1.43 -7.448451 -8.021409 -12.032113
4.36 9.349999 0.17999999 12.032113 -2.291831 -0.57295775
4.31 9.139999 0.25 9.740283 -1.7188734 1.7188734
4.21 8.9 0.75 4.0107045 -3.4377468 3.4377468
4.27 8.96 0.63 10.31324 -4.583662 3.4377468
4.39 8.7699995 0.13 17.761692 -3.4377468 5.7295775
4.43 9.08 0.24 16.042818 1.7188734 8.594366
4.39 9.51 0.01 13.178029 4.583662 9.167324
4.5499997 9.4 -0.64 12.605071 9.740283 5.7295775
4.24 9.17 -0.75 13.750987 8.021409 6.3025355
4.66 8.98 0.0 -1.1459155 -4.0107045 8.594366
4.66 8.98 0.0 -5.7295775 -8.594366 10.31324
4.71 9.469999 0.01 -8.594366 -8.594366 5.7295775
4.93 9.429999 0.22 -14.896902 -6.3025355 4.0107045
4.92 9.04 1.16 -18.907606 -6.3025355 1.7188734
4.64 9.11 1.25 -7.448451 -8.021409 -2.8647888
4.5099998 9.24 0.32999998 10.31324 -7.448451 -6.8754935
4.73 9.46 -0.17 6.3025355 -4.583662 -4.583662
4.45 9.21 -0.04 -0.57295775 -4.0107045 -3.4377468
4.42 9.16 0.7 -9.740283 -2.8647888 1.1459155
4.7999997 9.2 0.25 -6.8754935 -4.0107045 1.7188734
4.5699997 9.3 -0.099999994 0.0 -4.0107045 -3.4377468
4.66 9.28 -0.089999996 -2.8647888 -6.8754935 -2.8647888
4.16 9.09 0.94 -9.740283 -9.740283 -2.8647888
4.5099998 9.01 0.89 -6.3025355 -8.594366 0.57295775
4.8599997 9.099999 0.11 0.0 -6.8754935 5.15662
4.54 8.92 0.56 -8.594366 -2.8647888 3.4377468
4.46 9.01 0.7 -8.594366 -2.8647888 2.291831
4.2599998 9.2 0.64 -6.8754935 -8.021409 -2.291831
4.3199997 9.15 0.51 -7.448451 -6.3025355 0.57295775
4.62 9.099999 0.44 -14.323945 -5.7295775 5.7295775
4.44 8.87 1.0 -22.345354 -1.7188734 7.448451
4.29 8.83 1.17 -20.053522 -0.57295775 6.8754935
4.49 8.97 0.41 -5.15662 0.0 7.448451
4.65 9.3 0.049999997 2.291831 -2.291831 5.7295775
5.02 9.809999 0.03 -0.57295775 -5.15662 5.7295775
4.92 9.49 0.12 -12.605071 -5.7295775 5.15662
4.7599998 9.179999 1.09 -24.064226 -1.7188734 2.291831
5.04 8.62 1.1899999 -17.188732 -2.291831 -0.57295775
4.73 8.66 1.23 -1.1459155 0.0 -6.3025355
4.63 8.809999 0.85999995 10.886198 0.0 -6.3025355
4.52 8.91 0.21 17.188732 1.1459155 -3.4377468
4.6 8.91 0.07 15.469859 2.291831 -2.8647888
4.7799997 8.74 0.11 7.448451 1.1459155 -1.7188734
4.83 8.639999 0.32 1.1459155 1.7188734 -0.57295775
4.49 8.679999 0.61 0.0 0.0 -5.7295775
4.73 8.5 0.41 3.4377468 -1.1459155 -6.3025355
4.44 8.599999 0.14999999 6.3025355 -4.0107045 -3.4377468
4.2999997 8.7 0.66999996 -0.57295775 -0.57295775 -1.7188734
5.12 8.69 0.79999995 -8.021409 2.8647888 6.3025355
4.56 8.66 0.7 -1.7188734 9.167324 1.1459155
4.45 8.42 0.28 5.7295775 9.167324 -2.291831
4.43 8.55 0.25 8.594366 8.021409 -1.1459155
4.6 8.849999 0.14 5.15662 0.0 0.57295775
4.72 8.88 -0.06 3.4377468 -0.57295775 1.1459155
4.79 8.84 -0.11 -4.583662 -1.1459155 1.1459155
4.65 8.53 1.5 -18.334648 0.57295775 1.7188734
4.65 8.53 1.5 -13.750987 2.8647888 0.0
4.52 8.55 1.1 -6.3025355 2.8647888 -0.57295775
4.62 8.51 0.29999998 10.31324 3.4377468 -1.1459155
4.5699997 8.96 0.17999999 12.605071 1.7188734 -2.8647888
4.62 9.0199995 0.14999999 5.15662 0.57295775 0.57295775
4.77 8.96 0.29 -4.583662 0.57295775 2.8647888
4.67 8.76 0.77 -10.886198 -0.57295775 0.0
4.5299997 8.66 1.2099999 -5.7295775 -1.7188734 -2.291831
4.7599998 8.79 0.35999998 9.740283 0.0 -0.57295775
4.69 8.96 0.25 9.167324 0.57295775 -1.1459155
4.45 8.929999 0.42 2.291831 2.8647888 0.57295775
4.64 8.96 0.55 -0.57295775 1.1459155 2.291831
4.7799997 9.0199995 0.45999998 1.7188734 0.0 -0.57295775
4.46 8.99 0.35999998 3.4377468 0.0 -3.4377468
4.4 8.75 0.48999998 0.57295775 -0.57295775 -1.1459155
4.5899997 8.92 0.82 -0.57295775 0.0 1.1459155
4.8599997 9.139999 0.7 2.8647888 0.57295775 0.0
4.54 9.05 0.35 5.15662 0.57295775 -1.1459155
4.5 8.99 0.37 5.15662 2.8647888 -4.583662
4.79 8.88 0.35999998 1.7188734 0.0 -2.8647888
4.65 8.76 0.45999998 1.1459155 0.57295775 -1.7188734
4.66 8.65 0.66999996 0.0 4.0107045 -1.1459155
4.81 8.7 0.55 1.1459155 2.291831 -1.7188734
4.8399997 8.639999 0.42999998 4.0107045 2.291831 -4.583662
4.44 8.55 0.39 5.15662 2.8647888 -8.594366
4.46 8.69 0.19999999 9.167324 8.021409 -9.167324
4.48 8.849999 0.21 7.448451 9.167324 -4.0107045
4.69 8.94 0.63 -1.7188734 7.448451 1.7188734
4.68 8.72 0.72999996 -5.7295775 1.7188734 2.8647888
4.46 8.679999 0.55 1.7188734 -4.0107045 -6.3025355
4.44 8.7699995 0.06 4.0107045 -4.583662 -8.594366
4.39 8.53 0.26 0.0 -2.291831 -4.583662
4.33 8.51 0.59 -5.15662 -0.57295775 -2.291831
4.75 8.66 0.82 -1.1459155 0.0 2.291831
4.87 8.72 0.39 4.583662 -0.57295775 1.1459155
4.68 8.8 -0.03 8.594366 -0.57295775 -1.7188734
4.0899997 8.71 -0.32 6.3025355 0.0 -6.3025355
4.39 8.679999 0.71 -9.740283 -1.7188734 0.0
4.48 8.74 0.82 -8.594366 -1.7188734 1.1459155
4.39 8.79 0.48 0.0 -1.7188734 0.0
4.31 8.83 0.66999996 0.0 -1.7188734 0.0
4.63 8.889999 0.59999996 3.4377468 0.0 0.57295775
4.5499997 9.08 0.55 3.4377468 0.0 0.57295775
4.42 8.95 0.07 0.57295775 0.0 0.0
4.2599998 8.83 0.62 -5.15662 0.0 0.0
4.63 8.889999 0.93 -2.291831 -1.1459155 2.8647888
4.67 9.03 0.52 5.15662 -0.57295775 0.0
4.72 8.92 0.31 5.15662 1.1459155 -2.291831
4.65 8.79 0.29999998 -1.1459155 3.4377468 -2.8647888
4.15 8.94 0.96 -2.8647888 4.0107045 -2.8647888
