-0.39999998 10.01 0.68 -0.57295775 6.3025355 10.31324
-0.84999996 9.84 -0.16 10.31324 -1.1459155 7.448451
-0.75 9.51 -0.53 12.032113 -2.8647888 2.291831
-1.02 9.76 0.089999996 5.7295775 -2.291831 0.0
-0.71 9.73 -0.099999994 1.7188734 -2.8647888 0.0
-0.66999996 9.63 -0.12 1.1459155 -2.8647888 0.0
-0.98999995 9.55 0.0 0.0 -0.57295775 -1.1459155
-1.0699999 9.32 -0.35 0.57295775 -1.1459155 -1.7188734
-1.3199999 9.48 0.08 0.0 -2.291831 0.0
-0.96 9.28 -0.24 0.57295775 -2.8647888 4.0107045
-0.78999996 9.26 -0.74 0.57295775 -2.8647888 4.0107045
-0.96 9.36 -0.41 2.291831 -2.291831 5.15662
-0.57 9.29 0.01 -5.15662 0.0 6.3025355
-0.62 9.01 0.51 -7.448451 -1.7188734 3.4377468
-1.1 8.66 0.17999999 -4.0107045 -1.7188734 0.57295775
-1.29 8.87 0.02 4.0107045 -5.7295775 0.0
-0.94 9.349999 -0.03 3.4377468 -6.3025355 0.0
-0.63 9.32 -0.75 5.7295775 -4.583662 4.583662
-0.53999996 9.07 -0.59 0.57295775 -5.7295775 5.7295775
-0.69 9.23 0.45 -6.8754935 -9.167324 4.583662
-0.91999996 9.46 0.63 -3.4377468 -9.740283 5.15662
0.25 9.46 -0.55 7.448451 -10.886198 10.886198
-0.099999994 9.61 -0.62 4.583662 -8.594366 6.3025355
-0.48999998 9.54 0.19999999 4.583662 -8.594366 6.3025355
-0.24 9.389999 0.53999996 -0.57295775 -13.178029 5.7295775
-0.71 9.79 -0.37 9.740283 -12.032113 9.167324
-0.5 9.58 -1.0799999 6.3025355 -6.8754935 14.896902
0.7 9.98 0.03 0.0 -6.8754935 16.615776
0.59 10.03 0.29999998 -7.448451 -9.740283 13.178029
-0.14 9.69 0.29999998 -5.7295775 -9.167324 9.167324
0.08 9.73 -0.26999998 0.57295775 -7.448451 8.021409
0.47 9.639999 -0.45999998 3.4377468 -8.021409 12.605071
0.84 9.65 0.099999994 -1.1459155 -4.583662 13.178029
0.16 9.94 -0.16 -2.8647888 -4.583662 10.886198
0.16 9.83 -0.26999998 1.7188734 -4.583662 8.021409
0.53 9.5 -0.39999998 0.0 -6.8754935 10.886198
0.39 10.0199995 0.52 -1.7188734 -8.021409 12.032113
-0.02 10.16 -0.28 -1.7188734 -8.594366 10.886198
0.089999996 10.11 -0.81 10.886198 -5.7295775 13.750987
0.78 9.5199995 -1.1 8.594366 -2.8647888 21.199438
0.59999996 9.599999 -0.42 0.0 -2.291831 21.772396
0.55 9.889999 0.089999996 -2.8647888 -4.0107045 21.199438
0.84999996 9.58 -0.11 0.57295775 -5.15662 24.064226
1.42 9.16 -0.45 9.740283 -1.7188734 30.939718
1.14 9.139999 -0.90999997 12.605071 -0.57295775 32.658592
0.83 9.67 -0.51 9.740283 -1.7188734 30.366762
1.53 9.48 -0.45 9.740283 -1.7188734 30.366762
2.1599998 9.2 -0.81 8.021409 -4.583662 35.523384
1.9699999 8.95 -1.0799999 7.448451 -8.021409 31.51268
1.26 9.86 -0.69 4.583662 -9.740283 29.793804
1.6999999 9.99 -0.76 0.0 -5.15662 33.231552
2.82 9.66 -1.38 0.57295775 -6.8754935 36.09634
2.4299998 9.09 -0.97999996 -0.57295775 -10.31324 36.669296
1.89 9.11 -0.26999998 -14.896902 -6.3025355 27.501974
2.74 8.66 -0.65999997 -15.469859 -6.8754935 28.07493
3.35 8.45 -1.18 -8.594366 -11.459155 33.231552
2.1299999 9.099999 -0.19999999 -16.615776 -14.896902 21.772396
1.3 9.69 1.29 -18.334648 -17.188732 21.199438
1.88 9.559999 -0.04 -4.583662 -17.761692 30.939718
3.62 9.41 -1.99 9.740283 -14.896902 46.40958
3.76 9.3 -1.77 2.291831 -14.896902 48.701412
3.62 9.59 -0.42999998 -12.032113 -10.31324 38.961132
3.61 9.41 -0.57 -15.469859 -9.740283 36.669296
3.75 9.29 -1.12 -11.459155 1.7188734 37.242256
4.21 9.15 -0.61 -13.178029 1.7188734 38.961132
4.0099998 9.309999 0.02 -20.053522 -6.8754935 36.669296
3.25 9.83 1.51 -20.62648 -10.886198 34.950428
4.23 9.4 -0.44 -14.896902 -8.594366 37.242256
4.17 9.48 -1.01 5.15662 0.0 41.25296
4.99 9.36 -1.3399999 0.0 -0.57295775 40.680004
3.8899999 9.61 0.75 -8.594366 -8.021409 38.961132
3.9199998 9.3 0.83 -10.31324 -4.0107045 35.523384
4.74 8.889999 -1.06 -3.4377468 -2.291831 38.961132
5.2999997 9.37 -0.98999995 4.0107045 -2.8647888 44.69071
5.64 9.33 0.37 -2.291831 -5.15662 42.398876
5.27 8.98 -0.38 0.0 -5.15662 39.53409
5.27 8.98 -0.38 6.8754935 -4.0107045 37.242256
5.45 8.66 -1.5899999 18.334648 -1.1459155 35.523384
5.35 8.97 -2.03 12.605071 -3.4377468 37.242256
5.69 9.94 -2.04 5.15662 -6.8754935 37.242256
5.81 10.139999 -1.05 -5.15662 -8.594366 34.950428
6.0899997 9.5199995 1.77 -17.188732 -4.0107045 29.793804
6.0499997 9.99 1.92 -17.188732 0.57295775 27.501974
5.97 10.5 -2.21 33.231552 6.3025355 19.480566
5.8399997 9.79 -4.16 42.398876 6.8754935 17.188732
4.97 9.9 -1.9 3.4377468 3.4377468 12.605071
5.3399997 10.17 0.48999998 -22.91831 -1.1459155 17.188732
6.5899997 9.71 0.03 -22.91831 -3.4377468 20.62648
6.18 9.7 -0.01 -9.167324 -3.4377468 17.761692
5.5 9.86 -0.77 0.0 2.8647888 9.167324
5.81 9.49 -1.18 0.0 2.291831 9.167324
5.8199997 9.51 -0.79999995 -6.3025355 2.291831 9.167324
5.72 9.5199995 0.38 -14.896902 1.7188734 6.8754935
5.5899997 9.16 0.049999997 -14.896902 1.1459155 6.3025355
5.54 9.2 -0.17 -5.7295775 1.1459155 5.7295775
5.8199997 9.469999 -0.62 1.1459155 6.3025355 4.583662
5.98 9.23 -0.44 2.291831 4.0107045 4.0107045
6.06 8.79 -0.51 1.1459155 5.7295775 2.8647888
5.56 8.69 -0.96999997 1.1459155 5.15662 -1.1459155
5.47 8.72 -1.31 -0.57295775 3.4377468 -1.1459155
6.02 8.429999 -0.62 -8.021409 2.291831 1.1459155
5.7799997 8.15 0.07 -10.31324 3.4377468 -0.57295775
5.6099997 8.07 -0.44 -2.8647888 5.15662 -1.7188734
5.66 8.309999 -1.18 1.1459155 8.594366 -2.291831
6.0299997 8.57 -0.94 -2.291831 6.8754935 -2.8647888
5.7 8.25 -0.13 -4.0107045 3.4377468 -5.15662
5.2999997 8.24 -0.32999998 -2.291831 2.8647888 -6.3025355
5.7799997 8.4 -1.28 2.291831 5.7295775 -3.4377468
5.73 8.46 -1.05 0.57295775 5.15662 -1.7188734
5.6 8.4 -0.84999996 -4.0107045 4.583662 -2.8647888
5.5899997 8.37 -1.02 -5.15662 2.291831 -2.8647888
5.7599998 8.36 -0.57 -8.021409 1.7188734 -2.8647888
5.5899997 8.25 -0.42999998 -8.594366 0.0 -2.8647888
5.47 8.4 -0.57 -5.7295775 0.0 -4.0107045
5.7 8.44 -0.53 -5.15662 0.0 -2.8647888
5.5699997 8.36 -0.37 -4.583662 0.0 -2.8647888
5.7999997 8.28 -0.47 -2.291831 1.1459155 -2.291831
5.49 8.36 -0.74 -2.291831 1.1459155 -2.291831
5.39 8.34 -0.5 -2.8647888 0.0 -5.15662
5.45 8.25 -0.26999998 -4.583662 0.0 -4.0107045
5.7 8.01 -0.37 -4.0107045 0.57295775 -3.4377468
5.5 8.349999 -0.9 0.57295775 0.57295775 -4.583662
5.41 8.0 -0.56 0.57295775 0.57295775 -4.583662
5.3399997 7.89 -0.5 -5.7295775 0.57295775 -4.0107045
5.5 7.89 -0.41 -7.448451 0.57295775 -2.8647888
5.6099997 8.44 -0.14 -6.8754935 0.0 -1.7188734
5.7 7.97 -0.44 -4.0107045 2.291831 -2.291831
5.19 8.23 -1.01 -1.7188734 1.1459155 -2.8647888
5.21 8.37 -0.74 -1.1459155 0.57295775 -4.583662
5.43 8.21 -0.37 -9.167324 0.57295775 -1.1459155
5.6 8.12 -0.04 -10.31324 1.7188734 0.0
5.56 8.22 -0.69 -2.8647888 -1.1459155 -1.7188734
5.43 8.07 -0.14999999 -2.8647888 -0.57295775 -2.8647888
5.5699997 7.94 -0.32999998 -4.0107045 1.1459155 -0.57295775
5.5099998 8.13 -0.65999997 0.0 1.1459155 -0.57295775
5.35 8.46 -0.75 -2.291831 0.0 -1.1459155
5.43 8.23 -0.04 -5.15662 0.0 -0.57295775
5.5 8.2699995 -0.35 -6.3025355 0.0 0.0
5.54 8.38 -0.77 -1.7188734 -1.1459155 0.57295775
5.5899997 8.2699995 -0.56 -2.291831 -0.57295775 0.57295775
5.31 8.139999 0.25 -3.4377468 1.7188734 -1.7188734
5.33 8.48 -0.79999995 1.1459155 1.1459155 -1.7188734
5.48 8.599999 -1.06 0.0 0.0 0.0
5.5099998 8.04 -0.21 0.0 0.0 0.0
5.5099998 8.04 -0.21 -6.8754935 -1.1459155 0.0
5.66 8.34 -0.17 -4.0107045 -0.57295775 0.0
5.46 8.26 -0.37 0.0 0.57295775 0.0
5.45 8.26 -0.53999996 -0.57295775 0.0 -1.1459155
5.5 8.179999 -0.48999998 -0.57295775 -1.1459155 -0.57295775
5.4 8.28 -0.22999999 -4.0107045 -0.57295775 0.0
5.39 8.36 -0.19999999 -5.15662 1.1459155 0.0
5.7599998 8.51 -0.26 -3.4377468 0.0 0.57295775
