-2.83 8.21 -1.04 10.31324 6.3025355 -13.178029
-3.6999998 8.01 -2.12 2.291831 -0.57295775 -6.8754935
-4.11 7.7599998 -1.4499999 -4.583662 -17.761692 4.583662
-3.62 7.72 -0.32 0.0 -19.480566 12.605071
-2.87 8.2699995 -0.42999998 1.7188734 -13.178029 10.31324
-2.21 8.4 -0.93 -2.8647888 -11.459155 4.0107045
-2.45 8.45 -0.48999998 -0.57295775 -14.323945 1.7188734
-2.6599998 8.37 0.29999998 7.448451 -15.469859 2.291831
-2.69 8.309999 0.0 9.740283 -14.323945 3.4377468
-2.6599998 8.13 -0.53999996 6.8754935 -12.032113 4.0107045
-2.7 8.09 -0.9 3.4377468 -14.323945 5.7295775
-2.9299998 8.08 -0.69 2.291831 -20.053522 9.167324
-2.84 7.79 -1.11 -7.448451 -17.188732 13.750987
-3.23 7.31 -0.78 -17.761692 -17.188732 21.199438
-3.22 7.2599998 -0.65999997 -28.07493 -19.480566 24.064226
-2.6 7.08 0.68 -24.637184 -38.961132 10.31324
-3.4099998 7.16 1.4499999 20.053522 -50.420284 34.377464
-0.89 8.7 0.34 6.3025355 -4.0107045 17.761692
-0.68 8.349999 -1.0 -9.740283 -6.8754935 -4.0107045
-1.18 8.29 0.51 11.459155 -32.085636 -32.658592
-1.4399999 9.04 1.62 32.658592 -34.377464 -25.210142
-1.9699999 9.01 1.3299999 44.69071 -30.939718 -15.469859
-1.7199999 8.7 -0.39 37.242256 -32.658592 -8.021409
-3.29 8.41 -0.48999998 30.939718 -34.950428 14.896902
-2.57 9.12 -0.65999997 20.053522 -21.199438 36.669296
-2.1299999 9.28 -2.19 -10.886198 -4.583662 40.680004
-1.8399999 9.179999 -2.24 -48.701412 10.886198 38.38817
-0.96 9.11 -0.25 -52.139156 10.31324 31.51268
-0.55 9.84 0.5 -36.09634 5.15662 16.042818
-1.09 9.71 0.32999998 -19.480566 -2.8647888 18.334648
-1.8499999 9.28 0.79999995 -4.583662 -2.8647888 24.064226
-1.7099999 9.62 1.3399999 5.7295775 2.8647888 29.793804
-1.0799999 9.67 -0.04 -5.15662 5.7295775 29.793804
-1.22 9.46 -0.61 -15.469859 6.8754935 30.939718
-1.3 9.82 0.53999996 -12.605071 3.4377468 32.658592
-0.39 10.33 -0.29 -16.615776 1.7188734 25.7831
-0.53999996 10.16 -0.03 -22.345354 0.0 21.772396
-0.87 9.91 0.85999995 -21.772396 0.0 22.91831
-1.3 10.0199995 1.76 -12.032113 4.583662 29.220846
-0.53999996 10.29 1.88 6.8754935 4.583662 30.939718
0.07 10.59 0.59999996 14.323945 5.7295775 21.772396
-0.51 10.36 -0.66999996 -5.15662 6.8754935 20.053522
-1.0 10.12 -0.24 -7.448451 3.4377468 24.637184
-0.65 10.15 0.53999996 0.0 3.4377468 22.345354
-0.04 10.21 0.58 4.583662 0.57295775 17.761692
0.21 10.66 0.35 2.291831 0.0 12.032113
0.29999998 10.66 0.29 -1.1459155 1.1459155 8.021409
-0.81 9.95 1.04 2.291831 4.583662 12.605071
-0.19999999 9.92 0.52 4.583662 1.7188734 13.178029
0.04 9.9 0.39999998 8.594366 0.57295775 10.31324
-0.32999998 9.75 0.04 9.740283 -5.7295775 10.31324
-0.68 9.74 0.0 7.448451 -9.740283 16.042818
-0.34 10.01 -0.48 -5.7295775 -13.178029 20.62648
0.32 10.07 0.04 -18.334648 -3.4377468 18.907606
0.26 9.7699995 0.82 -14.323945 0.0 17.761692
0.16 9.54 1.05 -4.0107045 -0.57295775 18.907606
0.04 9.42 1.03 6.3025355 -5.15662 21.772396
0.14 9.58 0.71999997 7.448451 -6.3025355 23.49127
0.59999996 9.76 0.26999998 1.1459155 1.7188734 21.199438
0.66999996 9.91 0.01 -7.448451 5.15662 19.480566
0.5 9.639999 0.11 -7.448451 0.57295775 18.907606
0.77 9.74 0.03 -6.8754935 -5.15662 19.480566
1.36 9.63 -0.13 -7.448451 -6.8754935 13.178029
1.13 9.75 0.5 -7.448451 1.1459155 9.167324
0.48999998 9.55 0.48999998 -8.594366 5.15662 6.8754935
0.65999997 9.41 0.75 -10.886198 8.021409 -4.583662
1.12 9.7 0.75 -11.459155 4.583662 -8.021409
0.39 9.96 0.96999997 -6.3025355 5.15662 1.1459155
-0.17 9.7699995 1.62 5.7295775 4.583662 5.7295775
0.84 10.49 0.9 9.740283 -1.1459155 0.57295775
1.15 10.719999 0.25 4.0107045 -5.7295775 2.291831
-0.049999997 9.96 1.0799999 0.0 -4.583662 16.615776
0.79999995 10.26 1.17 0.57295775 4.0107045 18.334648
0.81 10.5199995 0.45999998 -1.1459155 5.15662 24.064226
0.65 10.32 0.61 -4.0107045 -6.3025355 27.501974
1.1 10.559999 0.74 -4.0107045 -18.334648 22.345354
1.4399999 10.79 1.02 -6.3025355 -13.750987 18.907606
0.77 10.34 1.24 -8.021409 -8.021409 22.91831
0.61 10.059999 1.8399999 0.57295775 -6.3025355 24.637184
1.37 10.7 2.05 9.740283 -6.3025355 18.907606
1.4699999 11.0199995 1.42 9.740283 -7.448451 15.469859
1.1 10.84 0.79999995 2.291831 -8.594366 14.323945
1.17 10.679999 0.98999995 -1.1459155 -2.291831 13.178029
1.5 10.389999 1.5999999 2.291831 -0.57295775 9.740283
1.54 10.24 1.79 10.886198 1.7188734 8.594366
1.65 10.07 1.12 15.469859 4.0107045 6.3025355
1.14 9.719999 0.42999998 13.750987 6.3025355 8.021409
1.4699999 9.809999 0.17 12.605071 1.7188734 9.167324
1.41 9.679999 0.26 10.31324 -2.291831 6.8754935
1.15 9.9 0.45 5.7295775 -4.0107045 8.594366
1.16 10.01 0.32999998 1.1459155 -4.0107045 9.740283
1.22 10.13 0.48 -0.57295775 -1.7188734 10.886198
1.35 10.2699995 0.93 1.7188734 0.57295775 9.167324
1.5699999 10.48 1.28 9.167324 0.57295775 5.15662
1.8399999 10.7699995 0.84 9.740283 -3.4377468 0.0
0.97999996 10.65 0.44 0.0 -2.8647888 -2.8647888
1.13 9.92 0.97999996 0.0 0.57295775 0.0
1.43 9.95 0.78 1.1459155 2.8647888 1.1459155
1.67 10.0 0.13 -0.57295775 -0.57295775 0.0
1.61 9.849999 0.22 -2.291831 -2.8647888 -2.8647888
1.1999999 9.51 0.66999996 -1.1459155 -2.291831 -0.57295775
1.28 9.46 0.64 0.57295775 0.0 1.7188734
1.76 9.59 0.39999998 0.57295775 1.1459155 0.57295775
1.92 9.59 0.37 1.1459155 1.7188734 0.0
1.7199999 9.54 0.68 1.7188734 -0.57295775 0.57295775
1.73 9.599999 0.62 0.57295775 -1.7188734 0.0
1.42 9.559999 0.65 0.0 -1.7188734 1.1459155
1.39 9.59 1.0799999 4.583662 0.0 1.1459155
2.0 9.75 0.58 5.15662 0.57295775 -1.7188734
1.65 9.46 0.42999998 3.4377468 0.0 -2.291831
1.54 9.4 0.69 3.4377468 0.0 0.0
1.7199999 9.599999 0.84 4.0107045 1.7188734 -1.1459155
1.51 9.51 0.26 0.57295775 1.1459155 -0.57295775
1.74 9.59 0.42999998 0.0 0.0 -1.7188734
1.8199999 9.55 0.78999996 4.0107045 -0.57295775 -3.4377468
1.6999999 9.62 0.59999996 3.4377468 -0.57295775 -2.8647888
1.3199999 9.36 0.56 2.8647888 1.7188734 0.0
1.54 9.55 1.01 5.7295775 4.0107045 0.0
1.78 9.679999 0.64 5.15662 2.291831 -1.7188734
1.7199999 9.639999 0.17 0.0 0.57295775 -1.1459155
1.4699999 9.46 0.64 0.0 0.0 0.0
1.75 9.59 0.48999998 1.1459155 1.1459155 -0.57295775
1.63 9.48 0.55 2.291831 0.57295775 -2.291831
1.48 9.42 0.82 6.3025355 2.8647888 -2.291831
1.41 9.5199995 0.56 6.3025355 3.4377468 0.0
1.42 9.66 0.089999996 1.7188734 2.291831 0.0
1.55 9.67 0.06 -0.57295775 -1.1459155 -0.57295775
1.78 9.71 0.64 1.1459155 0.0 -2.8647888
1.61 9.599999 0.89 3.4377468 1.1459155 -1.7188734
1.4699999 9.5 0.88 6.3025355 2.291831 -1.1459155
1.65 9.59 0.81 8.021409 2.8647888 -1.7188734
1.6999999 9.719999 0.58 6.3025355 0.0 -2.8647888
1.56 9.599999 0.58 0.57295775 -0.57295775 -1.7188734
1.62 9.66 1.1899999 1.7188734 1.1459155 -2.8647888
1.51 9.51 1.12 4.583662 3.4377468 -3.4377468
1.36 9.28 0.89 7.448451 5.15662 -2.291831
1.48 9.389999 0.7 9.740283 5.15662 -1.1459155
1.5 9.46 0.11 8.021409 2.8647888 -0.57295775
1.53 9.429999 -0.42 -6.3025355 0.0 0.0
1.48 9.26 0.14 -5.15662 0.57295775 0.0
1.37 9.34 1.02 1.7188734 0.57295775 0.57295775
1.61 9.469999 0.71 2.8647888 1.7188734 0.0
1.75 9.63 0.29999998 0.57295775 1.7188734 -1.1459155
1.35 9.44 0.39 0.57295775 1.7188734 0.57295775
1.6999999 9.66 0.35999998 0.57295775 3.4377468 0.0
