-4.5899997 8.639999 -0.52 1.1459155 -9.740283 -0.57295775
-4.38 8.639999 -0.34 1.7188734 -3.4377468 3.4377468
-4.17 8.82 -0.16 0.57295775 -2.291831 5.15662
-4.18 8.91 -0.39 1.1459155 -0.57295775 3.4377468
-4.41 9.11 -0.089999996 3.4377468 5.15662 2.291831
-3.77 8.82 -0.37 8.594366 4.583662 2.291831
-4.23 8.66 -0.79999995 11.459155 4.0107045 -1.1459155
-4.56 8.88 -1.6899999 13.750987 0.0 2.8647888
-4.56 8.88 -1.6899999 13.750987 0.0 2.8647888
-4.0299997 8.62 -1.4499999 1.7188734 0.57295775 10.886198
-3.6299999 7.71 -1.22 -9.740283 6.3025355 12.032113
-4.54 8.16 -0.64 -13.178029 4.583662 8.021409
-4.31 8.099999 -0.55 -13.178029 -3.4377468 13.178029
-4.13 7.98 -0.32999998 -13.750987 -2.8647888 16.042818
-4.11 8.099999 -0.13 -15.469859 -1.1459155 18.907606
-3.6699998 8.55 0.19999999 -7.448451 -1.7188734 30.366762
-3.1999998 8.5 -0.11 -2.8647888 -1.7188734 32.085636
-2.57 8.57 -1.1899999 2.8647888 -5.15662 29.220846
-2.76 8.58 -1.41 1.1459155 -6.3025355 25.7831
-4.2 8.72 0.04 -17.761692 -1.7188734 17.188732
-3.9299998 8.83 0.35999998 -19.480566 -3.4377468 20.053522
-3.4299998 9.09 0.90999997 -12.032113 -4.583662 36.09634
-3.04 9.32 0.83 -8.021409 -5.15662 39.53409
-2.0 9.599999 0.06 1.1459155 -5.15662 43.544792
-1.99 9.62 -0.22 2.291831 -0.57295775 37.815212
-2.01 9.5199995 -0.01 -1.7188734 0.57295775 36.09634
-2.52 9.66 1.11 -11.459155 2.291831 33.231552
-2.3899999 9.92 1.18 -4.0107045 0.0 30.939718
-2.0 9.86 0.65999997 5.15662 -0.57295775 32.085636
-1.62 9.969999 -0.48 17.761692 -0.57295775 33.80451
-1.88 10.11 -0.58 15.469859 -5.7295775 30.939718
-1.9799999 10.09 -0.22999999 12.605071 -5.7295775 28.64789
-1.31 10.11 -0.03 6.3025355 -1.7188734 30.366762
-1.1999999 9.929999 -0.19999999 5.15662 0.57295775 27.501974
-1.43 9.889999 -0.19 4.0107045 1.1459155 25.210142
-1.39 9.559999 -0.37 2.291831 0.57295775 22.91831
-1.42 9.54 -0.049999997 -0.57295775 4.0107045 21.772396
-1.38 9.5 0.02 0.57295775 4.0107045 21.199438
-1.5999999 9.54 -0.68 9.167324 -1.1459155 22.345354
-1.5999999 9.54 -0.68 6.8754935 -1.7188734 22.91831
-1.5799999 9.82 -0.88 1.7188734 0.0 26.929016
-1.17 9.429999 -0.88 -1.7188734 8.021409 34.950428
-0.96 9.349999 -0.71 -6.3025355 2.8647888 34.950428
-0.74 9.389999 -0.53 -8.594366 0.0 37.815212
-0.7 9.79 -0.44 -8.594366 0.0 38.38817
-0.24 9.95 -0.13 -6.3025355 -1.7188734 38.961132
0.22 10.32 -0.13 -1.7188734 -1.1459155 40.107044
0.95 10.05 -0.37 -0.57295775 -4.583662 37.815212
0.45999998 9.849999 -0.45 -3.4377468 0.0 29.793804
-0.37 10.12 0.34 -4.583662 0.57295775 24.637184
-0.11 10.11 0.72999996 -0.57295775 -2.8647888 28.64789
0.31 10.32 -0.14 10.31324 -1.7188734 33.80451
0.96 10.29 -1.37 12.605071 0.0 35.523384
1.37 10.3 -1.18 3.4377468 2.291831 36.669296
0.71999997 10.25 -0.099999994 -14.323945 7.448451 29.793804
0.34 10.059999 0.45999998 -23.49127 14.323945 24.064226
0.61 10.07 0.72999996 -18.907606 10.886198 24.637184
1.05 10.24 0.29999998 -9.167324 1.1459155 26.929016
1.18 10.679999 0.7 -6.8754935 -3.4377468 27.501974
1.3199999 10.65 1.01 -4.583662 -5.15662 26.929016
1.3 10.58 0.14 4.0107045 -3.4377468 26.929016
1.67 10.61 -0.44 4.0107045 -2.8647888 29.793804
1.63 10.59 0.7 -1.7188734 -1.7188734 26.929016
1.5 10.49 1.09 -2.8647888 -1.1459155 19.480566
1.14 10.309999 0.71 9.740283 -0.57295775 17.761692
1.74 10.469999 -0.71999997 14.323945 -1.7188734 22.345354
2.08 10.5199995 -0.45999998 2.8647888 -1.1459155 25.7831
2.02 10.5 0.0 -7.448451 2.8647888 20.053522
1.92 10.25 0.56 -8.594366 1.1459155 18.334648
1.73 9.69 0.65999997 -4.0107045 -0.57295775 13.750987
1.29 9.15 1.0699999 4.0107045 -1.1459155 9.740283
1.01 9.21 0.88 8.594366 -0.57295775 9.740283
1.26 9.25 0.39 22.345354 0.0 16.042818
1.79 9.83 -0.85999995 28.64789 -1.7188734 26.356058
2.8899999 10.469999 -1.8199999 23.49127 -2.291831 26.929016
2.84 10.559999 -1.81 10.886198 0.0 19.480566
1.65 10.29 -0.7 -3.4377468 1.7188734 11.459155
1.54 10.12 -0.14 -14.323945 0.0 9.740283
1.76 9.86 0.14 -13.178029 -4.0107045 13.750987
2.29 9.59 0.47 -8.021409 -4.0107045 17.761692
2.44 9.54 0.28 -1.7188734 -2.291831 18.907606
2.11 9.87 0.29 2.291831 0.0 17.188732
2.83 9.69 -0.06 5.15662 0.0 17.188732
2.6 9.639999 -0.089999996 6.8754935 0.0 11.459155
2.12 9.65 -0.79999995 10.31324 -3.4377468 8.021409
2.1599998 9.639999 -0.38 3.4377468 -1.7188734 10.886198
2.5 9.58 -0.42 -2.291831 1.1459155 17.188732
3.1699998 9.61 -0.65 -2.8647888 2.8647888 17.188732
2.53 9.55 -0.28 -4.583662 0.57295775 11.459155
2.22 9.62 -0.29 -4.0107045 -1.7188734 6.8754935
2.56 9.65 -0.34 -2.8647888 -0.57295775 10.31324
3.08 9.44 -0.01 -4.0107045 0.0 13.750987
3.03 9.37 0.01 -2.291831 -1.1459155 12.032113
2.75 9.469999 -0.39999998 0.57295775 -4.0107045 9.740283
2.8999999 9.51 -0.25 0.0 -8.021409 9.740283
2.73 9.639999 -0.62 -0.57295775 -7.448451 11.459155
2.79 9.639999 0.07 -4.0107045 -1.1459155 12.032113
2.98 9.599999 0.45 -4.0107045 -2.291831 16.042818
3.1399999 9.75 0.11 3.4377468 -2.291831 16.615776
3.26 9.719999 -0.39 10.886198 -5.15662 14.896902
3.06 9.76 -0.63 11.459155 -5.15662 13.750987
3.01 9.79 -0.48999998 7.448451 -3.4377468 12.605071
2.9299998 9.41 -0.53 2.8647888 -4.0107045 13.178029
2.6299999 9.48 -0.71 0.57295775 -0.57295775 16.042818
3.56 9.719999 -0.03 -1.7188734 0.57295775 18.907606
3.33 9.79 -0.06 -1.7188734 1.1459155 20.053522
3.4299998 9.84 -0.5 5.15662 -4.0107045 17.188732
3.72 9.92 -0.96999997 3.4377468 -4.583662 16.615776
3.72 9.79 -0.049999997 -6.3025355 -0.57295775 15.469859
3.51 9.73 0.29 -10.886198 0.0 10.886198
3.3999999 9.63 -0.37 -1.7188734 0.0 10.886198
3.83 9.57 -0.66999996 1.7188734 -2.291831 14.896902
3.8999999 9.5199995 -0.62 -1.1459155 -2.291831 12.605071
3.7099998 9.599999 0.01 -4.583662 -0.57295775 8.021409
3.6599998 9.55 0.0 -0.57295775 -1.7188734 7.448451
3.9399998 9.32 -0.41 2.8647888 -2.8647888 6.8754935
3.61 8.99 0.01 0.0 0.0 4.0107045
3.22 8.87 0.14999999 0.57295775 -0.57295775 6.3025355
3.47 8.889999 -0.37 2.291831 0.0 8.594366
3.83 8.87 -0.71 2.8647888 2.8647888 11.459155
4.0 9.059999 -0.89 1.7188734 0.57295775 11.459155
3.83 9.28 -0.74 -1.1459155 -1.1459155 8.021409
4.0 9.179999 -0.83 -5.7295775 -4.583662 6.8754935
3.31 8.84 0.03 -12.605071 -1.7188734 4.583662
2.8899999 8.889999 0.37 -14.323945 0.0 8.021409
3.9299998 9.0199995 -0.35 -6.8754935 -1.7188734 18.907606
4.3399997 9.32 -0.57 -5.15662 -1.1459155 21.772396
4.29 9.21 -0.06 -9.167324 -0.57295775 16.615776
3.82 9.19 0.65 -11.459155 -1.1459155 13.750987
3.6499999 9.12 0.85999995 -6.8754935 0.0 15.469859
3.9399998 9.099999 0.78999996 -1.7188734 0.57295775 17.188732
5.72 9.42 -0.78999996 15.469859 0.57295775 22.91831
4.7999997 9.32 -0.79999995 8.594366 2.291831 10.31324
4.7999997 9.32 -0.79999995 8.594366 2.291831 10.31324
4.0499997 9.309999 -0.29 0.0 4.0107045 1.7188734
4.2599998 9.179999 0.17 -2.291831 0.0 4.0107045
4.2999997 9.29 0.08 -4.0107045 1.7188734 6.3025355
4.4 9.15 -0.19999999 -2.291831 4.0107045 5.15662
4.65 9.0 -0.42 -0.57295775 2.291831 5.7295775
4.41 8.99 0.25 -2.8647888 2.291831 3.4377468
4.5 9.139999 -0.08 1.1459155 -0.57295775 3.4377468
4.24 9.22 -0.21 3.4377468 -0.57295775 2.8647888
4.16 9.26 -0.34 5.15662 0.0 2.8647888
4.81 8.57 -0.31 3.4377468 0.0 5.7295775
4.66 8.9 -0.25 2.8647888 0.0 4.583662
4.46 8.88 -0.52 0.0 -1.7188734 5.7295775
4.5099998 8.639999 -0.17 -1.7188734 -0.57295775 7.448451
4.8599997 8.429999 -0.01 -2.8647888 0.57295775 9.740283
4.73 8.429999 0.25 -2.8647888 0.57295775 9.740283
4.75 8.59 -0.34 4.0107045 -1.1459155 6.8754935
4.64 8.67 -0.64 6.3025355 -2.8647888 6.8754935
4.94 8.28 -0.63 0.57295775 -3.4377468 9.740283
4.81 8.429999 0.01 -6.8754935 2.8647888 13.178029
4.69 8.44 0.19 -5.15662 4.0107045 13.750987
5.08 8.42 -0.79999995 1.7188734 2.291831 15.469859
5.08 8.42 -0.79999995 4.0107045 1.7188734 14.896902
5.14 8.29 -0.78 0.57295775 1.7188734 12.605071
4.35 8.32 -0.04 -4.583662 4.583662 10.31324
4.39 8.3 -0.39999998 -4.583662 2.8647888 16.042818
4.98 8.63 -0.44 -5.7295775 -1.1459155 22.91831
5.66 8.639999 0.02 -8.594366 -2.8647888 23.49127
5.5299997 8.84 -0.08 -7.448451 -1.7188734 20.053522
5.5 8.86 0.07 -8.021409 -4.0107045 15.469859
5.46 8.82 0.35999998 -6.3025355 -6.3025355 13.178029
5.5699997 8.71 0.25 -1.1459155 -6.3025355 9.740283
5.27 8.91 0.11 0.57295775 -4.583662 8.594366
5.54 8.809999 0.14999999 0.57295775 -4.583662 8.594366
5.39 9.0199995 0.26 -1.7188734 -2.8647888 11.459155
5.81 8.79 -0.049999997 -1.7188734 -2.8647888 12.605071
5.2599998 8.91 0.11 -0.57295775 0.0 10.886198
5.5899997 8.69 0.07 -0.57295775 -1.7188734 10.886198
5.72 9.099999 -0.07 1.7188734 -5.7295775 11.459155
5.62 9.17 -0.17999999 0.57295775 -2.8647888 9.167324
5.67 9.389999 0.07 -2.8647888 1.7188734 10.31324
6.08 9.23 0.11 -2.8647888 1.1459155 9.167324
6.0499997 9.11 0.049999997 0.0 0.0 2.291831
5.3599997 8.75 -0.19999999 1.1459155 -2.291831 -3.4377468
5.02 8.79 0.01 -0.57295775 0.0 -3.4377468
5.22 8.79 0.0 -2.8647888 0.57295775 0.57295775
5.71 8.639999 0.089999996 -1.1459155 0.57295775 2.291831
5.64 8.559999 -0.14999999 0.57295775 -1.7188734 0.0
5.3599997 8.51 0.11 -1.7188734 -1.1459155 -2.291831
5.39 8.41 0.42999998 -4.0107045 1.1459155 -2.291831
5.52 8.2 0.42 -2.8647888 1.1459155 -1.1459155
5.62 8.32 0.25 3.4377468 1.7188734 -1.7188734
5.77 8.37 -0.32999998 5.15662 1.1459155 -2.291831
5.47 8.12 -0.32999998 5.7295775 0.0 -4.583662
5.17 8.01 -0.06 -0.57295775 2.8647888 -4.583662
5.17 8.01 -0.06 -0.57295775 2.8647888 -4.583662
5.5 8.08 -0.17999999 -1.1459155 2.8647888 -1.1459155
5.2799997 8.13 -0.08 -1.1459155 1.7188734 -0.57295775
5.2599998 8.139999 -0.01 -1.1459155 0.57295775 -0.57295775
5.69 8.309999 -0.17999999 0.0 0.0 1.1459155
5.46 8.32 -0.11 -1.1459155 1.1459155 0.0
5.37 8.23 0.03 -2.291831 1.1459155 -2.291831
5.19 8.15 0.16 -1.1459155 1.1459155 -1.1459155
5.58 8.09 -0.02 0.0 0.57295775 0.57295775
5.6099997 8.179999 -0.28 2.291831 0.0 1.1459155
5.5499997 8.349999 -0.44 -1.1459155 0.57295775 0.0
5.5099998 8.33 -0.02 -6.3025355 0.0 0.0
5.25 8.15 0.53999996 -8.021409 0.0 -0.57295775
5.2 8.15 0.44 -3.4377468 0.0 -0.57295775
5.7999997 8.22 0.13 1.7188734 0.57295775 1.7188734
5.9 8.48 -0.08 4.583662 1.7188734 0.57295775
5.4 8.45 -0.24 4.0107045 1.7188734 -3.4377468
5.15 8.38 -0.29999998 2.291831 0.0 -4.0107045
5.0699997 8.26 -0.049999997 -0.57295775 0.57295775 -1.7188734
5.2999997 8.17 0.02 -0.57295775 0.0 0.0
5.47 8.28 0.04 0.0 0.0 1.7188734
5.79 8.429999 -0.03 0.0 -1.1459155 2.291831
5.4 8.44 0.12 -1.1459155 -1.1459155 0.0
5.37 8.41 0.08 0.0 0.0 -1.1459155
5.45 8.32 -0.14 2.291831 0.0 0.0
5.5699997 8.349999 -0.28 1.7188734 -0.57295775 0.57295775
5.5299997 8.309999 -0.29 -1.7188734 -1.1459155 0.0
5.38 8.24 -0.01 -5.7295775 0.0 0.0
5.46 8.16 0.41 -6.3025355 0.0 0.0
5.5499997 8.22 0.31 -2.291831 -1.1459155 1.1459155
5.37 8.22 0.06 1.7188734 -1.7188734 0.0
5.42 8.25 -0.17 2.8647888 -1.7188734 -0.57295775
5.6 8.36 0.0 0.0 -1.7188734 0.0
5.6299996 8.42 0.14999999 -2.291831 0.57295775 0.0
5.5699997 8.32 0.19 -1.7188734 0.0 -0.57295775
5.22 8.24 0.51 -1.7188734 0.0 -1.7188734
5.2999997 8.19 0.28 0.57295775 -1.1459155 0.0
