-2.4493432 9.37598 -0.73743665 4.380565 20.488792 1.244215
-1.7502149 9.620196 -0.36392978 2.5605652 12.01879 8.559216
-1.6855695 9.646533 -0.44533512 3.365565 1.76379 9.154215
-1.8459859 9.593859 -0.85954463 8.615565 -5.79621 4.0092154
-2.1069617 9.557945 -0.9720756 8.965566 -5.7612104 0.12421499
-2.169213 9.431048 -0.59378016 2.805565 -1.7362101 -1.1707851
-1.9393626 9.447808 -0.29928434 -3.4244351 0.71379 1.104215
-1.8268317 9.615408 -0.42618093 -3.529435 3.19879 4.429215
-1.594587 9.787795 -0.65842557 1.5105649 5.3337903 6.214215
-1.620924 9.646533 -0.8092649 5.465565 1.41379 4.324215
-1.838803 9.569917 -0.64166564 5.815565 -4.5712104 -0.43578503
-1.8890828 9.560339 -0.52913475 3.050565 -5.44621 -2.115785
-1.9417568 9.627379 -0.5363176 0.950565 -2.15621 -1.065785
-1.9561225 9.6585045 -0.5650489 1.125565 1.65879 -0.680785
-1.8507744 9.512454 -0.68236834 3.225565 0.08379 -0.960785
-1.8292259 9.438231 -0.91461295 6.0955653 -5.2012105 -1.590785
-2.0231621 9.514848 -0.9194015 6.970565 -7.02121 -1.730785
-1.8699286 9.27542 -0.70870537 4.380565 -3.8362103 -1.345785
-1.9656997 9.019233 -0.51716334 1.4055651 -1.80621 -0.82078505
-2.0949905 8.415876 -0.43096948 0.880565 -2.47121 -2.535785
-2.439766 7.51084 -0.7709565 3.505565 -2.85621 -6.490785
-2.439766 6.5411587 -0.7853221 8.300565 -3.7312102 -10.830786
-2.0782306 5.0423427 -0.25379312 11.555565 -6.3562098 -14.6107855
-2.5068057 4.149278 -0.83081335 12.780565 -12.551209 -22.520784
-3.3208592 3.991256 -1.6352897 16.595566 -17.661211 -37.85079
-4.1157584 3.8116856 -1.2546 7.285565 -12.93621 -56.295784
-3.215511 3.684789 -0.5123748 -1.954435 -13.63621 -46.215786
-2.8156672 4.1085753 -0.5865973 -6.504435 -16.68121 -34.980785
-2.4086404 4.7741838 -0.9074302 -10.214436 -7.58121 -24.830786
-1.56825 4.817281 -0.5123748 -17.844437 2.67379 -16.885784
-1.7813405 5.114171 0.076616794 -23.094435 2.39379 -17.830784
-2.4637089 5.786962 -0.46927786 -17.599436 -0.65121 -20.035786
-2.0231621 5.916253 -1.333611 -13.434435 2.88379 -13.595785
-1.4676905 5.95935 -0.9337672 -27.819435 11.248791 -1.310785
-2.2530127 6.4621477 0.51716334 -44.199436 11.73879 4.7792153
-2.8635526 7.0128307 1.5874043 -45.214436 4.66879 1.874215
-2.6839821 7.3408465 0.57462597 -26.979435 -4.67621 7.999215
-1.3048798 7.3432407 -0.818842 -8.569434 -7.89621 26.899214
-0.14365649 7.5395713 -0.36392978 -12.104436 -6.6712103 47.899216
-1.185166 7.728719 1.4820561 -27.749435 -9.54121 47.199215
-2.310475 8.336864 1.4916332 -27.784433 -14.5112095 36.209217
-0.531529 8.825297 -0.21069619 -6.9944353 -16.01621 48.074215
0.7709565 9.215564 -0.043096945 5.4305654 -22.876211 68.33921
0.967287 9.227535 1.3814965 -0.5544351 -33.761208 66.72921
0.7853221 9.993703 1.3647367 -1.8494351 -42.79121 54.969215
1.9944309 10.728745 0.11492519 10.645564 -44.85621 58.60921
2.3032923 10.757477 0.16281068 14.670565 -35.02121 69.45921
1.4868447 10.683254 3.2610023 -2.164435 -29.106209 62.739216
1.5802214 11.480548 3.545921 -12.699435 -34.67121 58.119213
2.2362528 12.510086 1.23784 9.770565 -31.206213 63.544212
2.2937152 12.557971 -0.7996878 41.200565 -19.58621 68.969215
0.94573855 12.857256 0.6464542 48.06057 -30.646208 67.77921
-0.50758624 13.685675 2.0518935 31.050562 -41.181213 60.569218
0.023942748 15.117451 -0.4740664 25.100565 -18.78121 67.81422
1.8699286 15.380821 -3.3567734 47.010563 -4.74621 90.49422
3.2993107 15.282656 -2.8731298 54.325565 -15.771211 108.93922
1.8220432 15.663345 0.38787252 17.960566 -21.126211 107.74922
1.1372806 15.960236 1.3671309 -22.709436 -7.05621 91.47422
2.1404817 15.591517 -1.1875603 -22.219435 14.25879 77.054214
2.9425638 15.165337 -4.355186 15.195566 14.74879 72.29421
2.5810282 14.885206 -3.1843855 37.87557 -9.33121 65.399216
2.0399222 14.480574 -0.6703969 7.775565 -16.75121 48.739216
1.3455825 13.805388 -0.63208854 -30.304436 -1.49121 32.499214
1.4341706 13.118232 -0.71828246 -32.894436 0.60879004 18.919216
1.8076775 12.569942 -0.6105401 -15.429435 -0.51120996 6.5292153
2.185973 12.045596 -0.7972935 -13.609435 3.5487902 2.3992152
1.9824595 11.770255 -0.7350424 -13.294435 4.21379 -3.9707851
1.6999351 11.411114 -0.41181526 -14.204435 4.2487903 -9.640785
1.812466 10.982538 -0.28252444 -14.869434 4.77379 -11.320785
2.1931558 10.903527 -0.43096948 -15.289434 5.40379 -9.605785
2.2170985 10.439038 -0.24421602 -16.199436 -2.0162098 -12.475785
1.6041641 9.818921 0.5698374 -19.839436 -10.20621 -20.175785
1.7645805 9.58907 0.9529214 -21.589436 -11.39621 -22.450787
2.1093562 9.550762 0.888276 -17.844437 -8.59621 -18.390787
2.0327394 9.356826 0.67757976 -12.209435 -1.9812099 -15.975785
2.1117504 9.277815 1.1157321 -9.409435 0.25879 -16.710785
1.8316202 9.282603 1.333611 -5.9444346 0.60879004 -17.410784
1.4389591 9.150918 0.6464542 2.3155649 4.45879 -17.340786
1.472479 9.105427 0.11971374 11.170565 7.43379 -14.925785
1.56825 9.3592205 0.19154198 12.885565 7.57379 -11.9857855
1.5850099 9.529214 0.4740664 10.750565 6.6637897 -10.200785
1.6281068 9.514848 0.13886794 11.100565 4.70379 -9.605785
1.5634614 9.45978 -0.3902668 13.760565 3.65379 -8.660785
1.5443072 9.512454 -0.46209505 12.045566 1.41379 -7.9957857
1.8938714 9.60583 0.021548472 3.330565 -0.89621 -6.490785
2.116539 9.567522 0.47885495 -6.049435 -1.8762101 -4.110785
1.908237 9.222747 0.31843856 -9.094435 -0.82620996 -5.300785
1.7406378 9.148524 0.531529 -8.254436 -0.12620999 -8.170785
1.8723229 9.059936 0.98404694 -9.479435 1.83379 -8.205785
1.4317763 8.959376 0.74701375 -7.624435 4.59879 -6.7007847
1.5634614 9.059936 0.2681588 2.455565 4.84379 -6.8057847
1.8890828 9.273026 -0.42378664 12.710566 3.8637903 -4.390785
1.6065584 9.380769 -0.52913475 15.160564 3.19879 -0.85578495
1.3647367 9.332883 -0.19154198 8.7905655 3.79379 -1.135785
1.6759924 9.486116 -0.102953814 0.355565 5.3337903 -0.260785
1.7478206 9.696813 -0.45251793 -2.304435 3.75879 2.539215
1.6185298 9.648928 -0.39505535 -1.3944349 -0.79121 2.819215
1.3814965 9.586677 0.083799616 -5.069435 -2.5412102 2.0492148
1.8507744 9.799767 0.66321415 -11.929435 -1.49121 2.364215
2.099779 9.897932 0.7541966 -14.379435 0.32879 4.744215
1.6257126 9.909904 0.19393626 1.8605648 1.4837899 1.244215
1.1923488 9.634562 -0.16281068 6.2705655 3.51379 -1.0307851
1.5395187 9.584282 0.16041641 2.000565 4.56379 1.594215
1.8890828 9.778218 0.37111259 -1.114435 4.84379 4.1142154
1.7669748 9.866806 0.035914123 1.755565 4.59879 2.749215
1.5371244 9.771035 -0.19393626 5.360565 2.88379 0.054215003
1.2569942 9.680053 0.10055954 4.660565 -0.23121 -1.695785
1.7166951 9.742304 0.44772938 1.0905651 1.51879 -0.120785
1.8699286 9.804555 0.098165266 1.650565 3.40879 2.5742152
1.4748733 9.864412 -0.12450229 4.695565 1.9737899 0.22921501
1.2713599 9.696813 -0.06464542 3.6105647 0.39878997 -2.080785
1.6927522 9.751882 0.18675344 0.075564995 -0.68621 -0.225785
2.056682 9.8237095 0.16759923 -1.7794349 -0.68621 2.0842152
1.5299416 9.80695 0.11253092 -0.659435 -0.19621 -0.645785
1.3886794 9.6585045 0.21787901 0.42556503 -1.00121 -4.285785
1.3719195 9.529214 0.31125572 -0.589435 -1.21121 -3.585785
1.7095122 9.608225 0.23463893 -1.149435 -0.26621002 -1.2057849
1.9656997 9.696813 0.105348095 -0.589435 0.15379001 0.89421505
1.6089526 9.627379 0.098165266 -0.204435 -0.68621 -0.260785
1.4964218 9.601042 0.339987 -1.744435 -1.14121 -3.025785
1.6855695 9.615408 0.30167863 -4.159435 0.29379 -1.8707852
1.5275474 9.591465 0.36871833 -3.8444352 0.50379 -0.295785
1.4198049 9.586677 0.5123748 -2.724435 -0.16121 -1.3807851
1.6855695 9.6896305 0.31843856 -0.624435 1.5887899 -0.85578495
1.7621863 9.775824 -0.07901107 3.7505648 2.49879 0.649215
