0.56 9.2699995 2.81 4.583662 4.583662 -18.334648
0.16 8.9 2.1699998 7.448451 -4.583662 -15.469859
-2.4199998 8.66 1.13 1.7188734 -23.49127 -1.1459155
-1.89 8.49 1.68 6.8754935 -17.188732 5.7295775
-0.61 8.79 1.56 17.188732 -4.0107045 2.8647888
-0.21 8.65 0.75 21.772396 7.448451 -6.3025355
-1.01 8.53 0.099999994 22.345354 6.8754935 -9.167324
-1.54 8.4 0.0 13.750987 -5.7295775 -6.3025355
-1.61 7.54 0.17 10.31324 -1.1459155 -2.8647888
-1.4399999 6.92 0.79999995 18.334648 -1.7188734 -3.4377468
-1.8 6.7599998 0.96999997 30.939718 -9.740283 0.0
-1.8299999 6.43 -0.08 30.366762 -23.49127 3.4377468
-1.3199999 6.0 -0.85999995 16.042818 -26.929016 5.15662
-2.36 5.69 0.62 16.615776 -24.637184 13.178029
-2.11 5.8399997 0.52 23.49127 -27.501974 25.7831
-0.04 6.23 -0.14999999 21.199438 -33.231552 22.91831
0.87 6.3199997 -0.59 12.605071 -30.366762 14.896902
0.91999996 6.5299997 -0.42 0.0 -13.750987 6.3025355
-0.17 6.81 0.47 -9.740283 -2.291831 9.740283
-0.63 7.23 0.48 -21.199438 -7.448451 21.772396
0.5 6.5899997 -0.049999997 -30.939718 -13.750987 26.356058
0.83 6.71 1.36 -19.480566 -14.896902 27.501974
0.9 7.5299997 2.59 -0.57295775 -14.896902 25.210142
1.29 7.8999996 1.4499999 -5.15662 -8.021409 26.929016
1.66 8.48 0.95 -4.0107045 -12.032113 29.220846
1.23 8.51 0.83 -2.291831 -18.334648 28.07493
1.6999999 8.67 0.83 -10.886198 -25.210142 29.220846
1.87 8.639999 1.3399999 -18.334648 -24.637184 31.51268
1.76 9.09 1.66 -14.896902 -29.793804 30.939718
1.76 9.17 1.31 -8.594366 -45.83662 46.40958
1.0799999 8.76 1.0699999 -9.167324 -43.544792 57.868736
1.5999999 9.059999 1.5999999 -2.8647888 -49.27437 69.32789
3.76 10.08 1.23 -5.15662 -43.544792 64.17127
4.0 10.219999 0.48999998 -17.761692 -34.377464 63.598316
2.31 10.01 1.01 -21.199438 -35.523384 77.922264
5.6 11.21 0.83 -28.64789 -35.523384 72.76564
4.43 10.38 0.98999995 -39.53409 -25.7831 60.160564
3.12 10.42 3.09 -28.64789 -26.356058 69.900856
4.8399997 11.07 2.9099998 -7.448451 -22.91831 77.349304
5.33 11.259999 1.54 -9.740283 -13.178029 71.04677
3.83 10.92 1.8199999 -12.032113 -14.323945 77.349304
4.06 11.13 2.83 4.583662 -10.31324 75.057465
5.16 11.71 3.24 25.7831 -4.583662 70.47381
5.8199997 11.78 1.67 25.7831 -1.7188734 62.4524
4.43 11.7 0.03 8.594366 -4.0107045 62.4524
3.81 12.0199995 0.22 -2.291831 -8.594366 65.317184
6.02 12.679999 0.51 -9.167324 -10.886198 50.420284
5.0699997 12.259999 0.42 -15.469859 -13.750987 36.669296
4.42 11.87 0.87 -21.199438 -17.761692 37.242256
5.45 11.73 1.78 -21.772396 -18.334648 32.085636
5.2999997 11.38 3.3 -4.583662 -17.188732 20.053522
5.21 11.37 3.55 27.501974 -18.334648 12.605071
5.5299997 11.5 1.5999999 38.38817 -16.615776 -2.291831
4.93 11.29 -0.34 16.042818 -25.210142 -4.583662
5.21 10.82 -0.21 1.1459155 -18.334648 -8.594366
4.5 10.139999 0.68 -1.7188734 -12.605071 -6.8754935
4.22 9.71 1.18 0.0 -6.8754935 -1.1459155
4.66 9.45 0.79999995 -9.740283 -7.448451 -2.291831
5.44 8.98 1.52 -6.3025355 -10.886198 -8.021409
5.0499997 8.7699995 1.9 6.3025355 -6.8754935 -12.605071
4.88 8.679999 1.3 14.896902 -1.1459155 -13.750987
4.87 8.53 0.22 8.594366 -1.1459155 -12.032113
4.37 8.0 0.01 -4.0107045 -0.57295775 -12.032113
4.0299997 7.8199997 0.59999996 -9.740283 -5.15662 0.57295775
4.8399997 7.87 1.05 -7.448451 -5.15662 -1.1459155
5.2599998 8.059999 1.4 -3.4377468 -2.291831 -5.15662
4.54 7.85 1.53 1.1459155 -1.1459155 -1.7188734
4.5 7.7799997 1.36 4.0107045 0.0 -1.1459155
4.68 7.95 1.24 7.448451 -4.0107045 0.57295775
4.77 7.87 1.65 12.605071 -9.167324 1.7188734
5.0499997 8.05 1.9399999 24.637184 -9.167324 0.0
4.81 8.17 1.23 32.658592 -1.7188734 -2.8647888
4.66 8.349999 0.0 24.637184 0.0 0.0
4.58 8.3 -0.59999996 6.3025355 1.7188734 1.7188734
4.43 8.389999 -0.29999998 -8.021409 -3.4377468 4.583662
4.92 8.44 0.37 -5.15662 -4.0107045 1.7188734
5.02 8.33 0.79999995 0.0 -3.4377468 1.7188734
4.58 8.26 0.91999996 4.0107045 1.1459155 3.4377468
4.65 8.32 0.5 3.4377468 1.1459155 4.0107045
4.94 8.51 0.17 0.0 0.57295775 2.291831
4.72 8.42 0.26 -2.291831 -2.8647888 0.0
4.44 8.3 0.53999996 0.0 -1.1459155 2.291831
4.7999997 8.5 0.44 0.0 0.57295775 4.583662
5.29 8.76 0.08 -2.8647888 -0.57295775 1.1459155
4.88 8.599999 0.02 -4.0107045 -2.8647888 -2.291831
4.39 8.38 -0.01 -8.021409 -7.448451 0.0
4.5 8.32 0.29999998 -9.740283 -5.7295775 2.291831
4.7599998 8.32 0.9 -5.7295775 -2.8647888 4.583662
4.95 8.24 1.2099999 3.4377468 -2.291831 5.15662
5.08 8.28 1.26 14.323945 -5.7295775 3.4377468
5.04 8.38 0.89 19.480566 -6.8754935 0.0
4.7999997 8.2 -0.37 0.57295775 -3.4377468 0.0
4.73 8.179999 0.31 -10.31324 0.57295775 4.583662
4.8599997 8.21 0.94 -8.021409 0.0 4.0107045
5.1099997 8.13 0.96 0.0 -0.57295775 1.1459155
5.22 8.2 0.68 4.0107045 -2.8647888 0.0
4.88 8.19 0.45999998 2.291831 -1.7188734 0.0
4.65 8.16 0.34 -4.583662 -2.291831 2.291831
5.0699997 8.28 0.59 -4.583662 -1.7188734 0.57295775
5.21 8.23 0.84999996 -2.291831 -1.1459155 -0.57295775
4.89 8.16 0.84999996 -0.57295775 -1.1459155 -0.57295775
4.94 8.179999 0.7 0.0 0.0 -1.7188734
5.02 8.179999 0.63 -1.1459155 1.7188734 -0.57295775
4.88 8.15 0.66999996 -1.1459155 2.291831 -0.57295775
4.8399997 8.099999 0.59 0.57295775 2.291831 0.0
4.88 8.08 0.44 0.57295775 2.8647888 2.8647888
5.0299997 8.25 0.22 -3.4377468 4.583662 4.583662
5.25 8.36 0.02 -10.31324 0.0 2.291831
4.96 8.11 0.22999999 -16.615776 -0.57295775 -3.4377468
4.3399997 7.7999997 1.02 -10.31324 -0.57295775 3.4377468
4.67 7.9199996 1.36 -2.291831 0.0 5.15662
5.25 8.11 1.0799999 1.7188734 0.0 1.7188734
5.14 8.2 0.9 4.583662 -0.57295775 2.291831
4.65 8.22 0.81 2.8647888 -0.57295775 3.4377468
5.12 8.46 0.29 -3.4377468 0.0 1.7188734
5.33 8.48 0.47 -7.448451 0.0 0.57295775
5.06 8.36 0.88 -7.448451 0.0 -1.7188734
4.74 8.21 1.23 -4.0107045 0.0 0.57295775
5.02 8.179999 1.3399999 1.1459155 2.291831 2.291831
5.2 8.38 1.05 6.3025355 0.57295775 -2.291831
5.0699997 8.3 0.39999998 1.1459155 -0.57295775 -2.291831
4.7 8.2699995 0.26999998 -8.021409 0.57295775 1.1459155
4.74 8.26 0.25 -17.188732 4.583662 4.583662
5.08 8.26 0.63 -20.62648 6.3025355 4.583662
