-1.2043202 9.569917 -0.409421 2.0641253 -1.7133201 -7.8588653
-1.7693691 9.641745 -0.72546524 6.124125 1.5766801 -8.523865
-1.7909175 9.672871 -1.2881198 7.5941243 2.10168 -3.483865
-1.2953026 9.675264 -1.1684061 5.179125 -2.02832 2.3261352
-1.0989721 9.627379 -0.967287 -0.035875 -7.5933204 4.986135
-1.1253091 9.598648 -0.75180227 -3.430875 -10.28832 3.411135
-1.2474172 9.464568 -0.68715686 -4.6558747 -9.133321 0.821135
-1.4413534 9.457385 -0.6656084 -3.080875 -6.50832 -0.47386503
-1.2450229 9.158101 -0.67279124 -0.070875 -5.70332 -0.22886501
-1.2330515 9.076695 -0.6751855 2.8691251 -7.83832 -0.123865
-1.228263 8.650515 -0.6296943 5.5991254 -11.51332 -2.4688652
-1.3072741 8.05434 -0.5794145 8.469126 -14.34832 -8.033865
-1.5826156 7.1660647 -0.4932206 11.164125 -15.748322 -14.823865
-1.9944309 6.2083545 -0.7302538 13.614125 -14.873321 -23.643866
-2.6744049 5.375147 -1.2186859 16.344126 -9.27332 -34.248867
-3.502824 4.817281 -1.6233183 16.904125 0.77168 -42.47386
-4.0199876 4.6568646 -1.6161355 15.924125 2.9766798 -46.568867
-3.7494342 4.3839173 -1.5059988 15.7491255 -9.798321 -48.808865
-3.407053 4.45814 -1.5826156 15.5391245 -22.29332 -47.968864
-3.3424077 4.235472 -1.5083932 9.519125 -23.83332 -45.378864
-3.6871831 4.2402606 -0.8930645 -2.2058752 -18.33832 -43.033867
-2.7510219 4.7334814 -0.53392327 -15.890874 -6.99832 -36.383865
-2.6289136 4.8771377 -0.9217958 -21.630877 11.341681 -24.833864
-2.4373717 5.2027593 -1.2186859 -15.855874 12.426681 -21.508865
-1.5299416 5.260222 -1.3838909 -10.640876 -3.7083201 -20.353867
-1.3695252 5.4302154 -0.888276 -16.975876 -15.958321 -15.593864
-2.3942747 6.1556807 0.11492519 -33.250877 -14.83832 -15.838865
-1.9226027 6.8691745 0.7637737 -47.250877 -2.02832 -17.798864
-0.6560313 7.3576064 0.72785956 -47.600876 6.54668 -9.048865
-0.27294734 8.056735 0.4764607 -34.265877 0.17668 3.761135
-1.5850099 8.751075 0.36632404 -16.625875 -13.40332 4.951135
-1.5395187 9.131764 0.6608198 -7.0358753 -14.38332 -2.188865
-1.3910737 9.651321 0.7781393 -6.895875 -5.31832 1.311135
-1.3216397 10.046377 1.5203645 1.434125 -12.28332 20.526136
-1.4102279 10.767054 1.8004947 13.7891245 -16.79832 28.051134
-0.18914771 11.317737 0.8667275 30.064123 -10.813321 36.766136
-0.2370332 11.138166 -1.0678465 40.879128 -9.55332 40.126137
-1.0846065 10.941835 -0.70631105 29.819124 -13.57832 42.716137
-1.4964218 11.013664 1.0774237 5.4241247 -17.32332 47.441135
0.22985038 11.787015 0.11492519 -1.190875 -20.19332 57.521133
1.3671309 12.184464 -0.8140534 2.1691248 -15.25832 67.881134
0.66800267 11.387171 -0.5123748 -10.080875 -13.333321 62.596134
-2.1309047 11.633781 1.7238779 -30.065878 -18.16332 51.011135
-0.46927786 12.134185 1.2833313 -31.990877 -15.993321 56.786133
1.4868447 12.519663 0.12210801 -16.695875 -10.67332 72.46613
0.035914123 12.18207 0.22506183 -7.4558744 -6.4383197 70.99613
-1.211503 12.648953 1.0917894 -7.105875 -5.42332 60.426136
-0.11971374 12.945844 -0.019154198 -1.7858751 -1.32832 62.35114
0.29928434 13.146963 -1.4150164 11.199125 1.22668 69.00113
-0.3974496 13.0966835 -1.5969813 14.524126 -0.31332 67.49613
-1.1133378 12.869227 -0.9313729 7.839125 -5.5283203 64.031136
-0.33759275 12.996123 -1.0726352 3.3591251 -10.60332 66.69113
1.3527653 13.259494 -1.3623424 5.7741256 -8.64332 75.82613
2.2697725 13.407939 -1.2426286 7.769125 4.09668 77.82114
2.1141446 13.83412 -1.1899546 8.749125 2.03168 70.296135
2.1141446 13.953834 -1.4916332 8.854124 -10.35832 56.926136
2.6528566 13.85088 -1.4269878 6.754125 -17.18332 45.93614
2.0878077 13.235551 -0.90503585 0.314125 -14.733321 36.206135
1.5203645 12.787822 -0.70631105 -6.860875 -9.20332 23.956135
1.9393626 12.364035 -0.53392327 -11.970875 -10.848319 17.411135
2.281744 11.822929 0.18675344 -17.115875 -12.84332 15.101137
1.3360053 11.162109 0.39505535 -20.650875 -9.83332 10.726135
1.1779832 10.685649 -0.17478207 -15.715875 -7.13832 2.011135
2.3368123 10.5395975 -0.35914123 -7.665875 -8.71332 0.961135
2.1883671 10.46777 -0.11253092 -7.1408753 -8.88832 4.811135
1.8531687 10.151725 0.17717634 -11.480875 -5.6333203 2.2211351
1.6975409 9.804555 -0.016759925 -13.370875 -3.6733198 -3.0638652
1.802889 9.761458 0.090982445 -12.985875 -3.1133199 -3.3788652
2.1045675 9.747093 0.2753416 -15.435874 -0.45332003 -1.208865
2.1404817 9.725544 0.8786988 -18.550877 1.61168 0.191135
1.7526091 9.663293 0.75180227 -18.585875 2.4166799 -0.543865
1.5802214 9.560339 0.34477556 -2.9408753 1.4366801 -4.638865
1.9130256 9.4932995 0.38068968 0.45412502 0.80667996 -2.643865
1.9633054 9.502876 0.35435268 1.749125 1.22668 -2.223865
1.7262721 9.555551 0.2753416 4.479125 1.05168 -3.7638655
1.8866886 9.648928 0.11971374 6.299125 0.87668 -3.9388652
2.1285102 9.6585045 -0.098165266 6.404125 0.07168 -3.3788652
1.8004947 9.464568 -0.31125572 4.8291254 -1.8183202 -4.533865
1.6137413 9.399923 0.19154198 -0.420875 -2.55332 -5.583865
1.776552 9.454991 0.4070267 -5.495875 -2.62332 -3.658865
1.8004947 9.423865 0.13886794 -6.125875 -1.74832 -1.4188651
2.3463893 9.364009 0.30646718 -7.9808745 0.10668 0.64613503
1.908237 9.335278 0.68715686 -11.235874 -0.9433201 -0.22886501
1.2450229 9.299363 0.6296943 -8.610875 -2.6933198 -5.2338653
1.7789462 9.325701 0.40223816 -4.515875 -1.85332 -3.6938648
1.9585168 9.550762 0.54828894 -3.325875 -2.06332 0.926135
1.6975409 9.646533 0.82123625 -3.395875 -2.06332 0.296135
1.4844503 9.617802 0.749408 -1.400875 -1.6433201 -1.873865
1.647261 9.641745 0.5889916 1.994125 -1.32832 -0.893865
1.9154198 9.797373 0.47167215 3.7441254 -0.38332 1.486135
1.7166951 9.737515 0.47885495 4.2341247 0.84168 1.4511349
1.7645805 9.634562 0.49082634 3.7091248 0.73668 -0.088865004
1.8866886 9.699207 0.23942748 3.919125 0.03668 0.436135
1.9202085 9.761458 0.15802214 4.654125 -0.31332 0.681135
1.7310607 9.675264 0.17717634 3.1841252 -1.01332 -0.47386503
1.7310607 9.608225 0.44054657 0.52412504 -1.88832 -1.6988649
1.838803 9.569917 0.45251793 -1.6108749 -0.76831996 -1.0688651
1.7310607 9.557945 0.3519584 -1.0858752 0.80667996 -0.018864999
1.6951466 9.586677 0.3040729 1.0491251 1.4366801 -0.403865
1.7621863 9.608225 0.23463893 2.904125 0.87668 -0.683865
1.7143008 9.636956 0.21787901 3.7091248 0.63168 -0.193865
1.5107874 9.613013 0.13647367 4.0941253 0.59668005 -0.053865
1.8699286 9.718362 0.2849187 3.7091248 0.03668 0.331135
1.977671 9.850046 0.16281068 2.694125 -0.73332 1.486135
1.7621863 9.735122 0.15323359 2.799125 -1.7133201 0.926135
1.4605076 9.447808 0.38308397 1.294125 -1.53832 -1.033865
1.8483802 9.562734 0.5913859 -1.9608749 0.03668 -1.208865
1.8196489 9.715967 0.36632404 -2.415875 0.31667998 0.611135
1.9058428 9.835681 0.11253092 1.2241249 -1.18832 0.71613497
1.8411974 9.780613 0.052674048 3.324125 -1.36332 -0.26386502
1.620924 9.677659 0.3519584 -3.7808752 3.2916799 -1.033865
