-2.8799999 9.429999 -1.7099999 13.178029 1.1459155 -9.740283
-3.06 9.21 -1.4499999 9.740283 2.291831 -11.459155
-2.37 9.45 -0.21 -8.021409 -10.886198 -4.0107045
-1.73 9.42 -0.74 -1.7188734 -21.199438 -1.1459155
-1.73 9.42 -1.01 5.7295775 -20.62648 -4.583662
-2.44 9.36 -0.56 2.291831 -13.750987 -11.459155
-2.59 9.37 -0.19999999 -3.4377468 -9.740283 -12.605071
-2.71 9.309999 0.03 -3.4377468 -10.886198 -12.032113
-2.75 9.11 -0.37 3.4377468 -12.032113 -11.459155
-2.8999999 9.07 -0.52 5.15662 -10.31324 -9.167324
-2.87 9.32 -1.03 7.448451 -9.167324 -5.7295775
-2.72 9.26 -1.13 2.8647888 -10.31324 -0.57295775
-2.6299999 9.23 -0.76 -4.0107045 -5.15662 0.57295775
-2.76 9.37 -0.14 -6.3025355 0.0 1.1459155
-2.76 9.389999 -0.26 -1.1459155 -1.7188734 2.8647888
-2.76 9.26 -0.85999995 2.8647888 -7.448451 4.0107045
-2.61 9.21 -0.96999997 1.7188734 -9.167324 4.583662
-2.4199998 9.25 -0.59999996 -5.15662 -6.8754935 7.448451
-2.57 9.28 -0.42 -10.31324 -2.291831 5.7295775
-2.69 9.17 -0.31 -13.750987 2.8647888 4.0107045
-3.1799998 8.88 0.089999996 -12.032113 13.178029 7.448451
-2.55 9.08 0.12 5.15662 -7.448451 18.334648
-1.87 8.76 -1.0 12.032113 -12.032113 18.907606
-2.26 9.3 -0.7 14.323945 -10.886198 17.188732
-2.3999999 9.34 -0.61 10.886198 -4.0107045 18.334648
-2.23 9.559999 -0.74 8.021409 -3.4377468 26.356058
-2.18 9.84 -0.45 3.4377468 3.4377468 30.366762
-1.5799999 9.469999 -0.55 4.0107045 0.57295775 31.51268
-1.56 10.07 -0.93 10.31324 -2.8647888 22.91831
-1.4 9.809999 -1.89 11.459155 -9.167324 17.188732
-1.5699999 9.88 -1.56 1.7188734 -6.3025355 16.042818
-1.73 9.74 -0.78 -13.178029 -5.15662 15.469859
-1.78 9.92 -0.48 -13.178029 -4.0107045 14.323945
-1.79 9.98 -0.39 -12.032113 -4.0107045 13.750987
-1.4399999 9.79 -0.089999996 -13.178029 -5.15662 16.042818
-0.84999996 9.98 -0.03 -5.15662 -12.032113 14.896902
-0.90999997 9.849999 -0.94 7.448451 -11.459155 7.448451
-1.1899999 9.73 -1.27 10.31324 -8.594366 5.7295775
-1.36 9.59 -1.25 5.15662 -4.583662 4.583662
-1.87 9.79 -0.51 -8.594366 -4.0107045 5.7295775
-1.38 9.49 -0.08 -18.907606 1.1459155 14.896902
-1.4699999 9.51 0.34 -13.178029 -0.57295775 16.042818
-1.09 9.69 -0.44 2.291831 -8.594366 13.750987
-0.94 9.63 -0.94 9.167324 -13.178029 16.042818
-1.03 9.63 -1.06 7.448451 -14.323945 13.750987
-1.65 9.809999 -0.26 -4.583662 -6.3025355 13.750987
-1.54 9.83 0.58 -12.605071 -0.57295775 26.356058
-1.12 9.95 -0.14999999 0.0 -0.57295775 40.680004
-1.12 9.95 -0.14999999 3.4377468 -1.7188734 44.69071
-0.06 10.26 -0.28 9.740283 -6.8754935 45.263664
0.79999995 10.63 -0.91999996 16.042818 -18.334648 36.09634
0.89 10.61 -1.5699999 17.188732 -19.480566 32.658592
0.08 10.389999 -0.95 6.3025355 -6.3025355 24.064226
-0.049999997 10.179999 -0.31 -12.605071 4.583662 24.064226
0.12 10.15 0.48999998 -20.053522 -5.7295775 22.345354
0.42999998 9.79 -0.089999996 -13.178029 -13.178029 18.334648
-0.22999999 9.87 -0.07 -12.605071 -6.8754935 14.896902
0.06 9.94 0.59999996 -14.896902 1.7188734 16.615776
0.79999995 9.76 0.049999997 -10.31324 -3.4377468 18.334648
0.61 9.679999 -0.14 -7.448451 -5.15662 13.178029
-0.01 9.5199995 0.049999997 -10.31324 -7.448451 7.448451
-0.35999998 9.55 0.63 -16.615776 -9.740283 12.605071
0.17999999 9.57 0.90999997 -14.323945 -10.31324 21.772396
1.0699999 9.59 -0.22999999 -7.448451 -11.459155 19.480566
1.1 9.3 -0.45 -12.032113 -13.178029 2.8647888
0.57 9.389999 0.51 -21.772396 -17.188732 -7.448451
0.19999999 9.57 1.1899999 -21.772396 -17.188732 -8.021409
0.57 9.46 0.68 -12.605071 -8.021409 -1.7188734
0.45 9.34 0.39999998 -1.7188734 0.57295775 2.8647888
-0.12 9.599999 0.78999996 -4.0107045 6.3025355 -3.4377468
0.29999998 9.57 0.39 -2.8647888 -1.1459155 0.0
0.82 9.75 0.32999998 1.1459155 -10.31324 6.3025355
0.35 9.849999 0.17999999 6.3025355 -9.167324 2.8647888
0.17 9.82 -0.099999994 9.740283 -2.8647888 4.583662
0.38 9.62 0.049999997 5.7295775 4.0107045 14.323945
0.53 9.99 1.11 -2.291831 3.4377468 28.07493
0.76 10.13 0.9 0.57295775 0.0 26.356058
1.37 9.83 -0.37 16.042818 2.8647888 18.334648
1.14 9.55 -0.5 15.469859 9.740283 15.469859
0.02 9.849999 -0.14999999 1.1459155 18.334648 14.323945
0.83 10.21 0.08 -9.167324 17.188732 25.7831
2.32 10.28 -0.22 -6.8754935 16.615776 26.356058
2.03 10.08 -0.14999999 -5.15662 5.15662 21.772396
1.6899999 10.37 0.45 -6.3025355 -3.4377468 8.594366
1.5699999 10.76 0.0 6.8754935 -6.8754935 10.886198
2.05 10.63 -0.22 6.8754935 -4.583662 14.896902
1.91 10.809999 -0.66999996 -1.7188734 -2.8647888 12.605071
2.11 10.8 0.96 -29.220846 -1.1459155 4.0107045
1.9399999 10.5 2.09 -33.231552 -9.167324 -6.8754935
1.3299999 10.23 1.4699999 -6.8754935 -9.740283 -15.469859
0.75 9.99 0.65 13.750987 0.0 -4.583662
0.72999996 9.87 0.42 11.459155 0.0 1.7188734
1.5 10.3 0.39 6.8754935 -8.021409 8.594366
3.04 10.24 -0.5 8.594366 -8.594366 1.1459155
2.84 10.46 -0.39 0.0 1.1459155 -25.210142
0.59999996 10.24 0.69 -13.750987 12.605071 -44.11775
-0.26999998 9.5199995 1.4399999 -16.042818 14.323945 -38.38817
-0.089999996 9.25 1.3 0.57295775 1.1459155 -6.3025355
1.0699999 9.179999 0.29 6.3025355 -2.8647888 -1.7188734
1.06 9.57 -0.08 6.3025355 -8.594366 3.4377468
0.78 9.7 -0.07 2.291831 -8.021409 1.1459155
0.87 9.559999 -0.29999998 -1.1459155 -0.57295775 3.4377468
0.78999996 9.4 0.29 -9.740283 4.583662 7.448451
0.71 9.37 0.95 -17.188732 -0.57295775 14.323945
0.57 9.58 0.77 -9.740283 -2.8647888 18.907606
1.75 9.67 0.32999998 -3.4377468 -4.583662 28.07493
2.1699998 9.71 0.26 -4.0107045 -5.15662 25.210142
1.4499999 10.0199995 0.65999997 -5.15662 3.4377468 17.188732
1.1899999 9.58 0.34 -4.583662 -2.291831 18.334648
1.62 9.69 0.5 -2.8647888 -0.57295775 20.62648
2.1 9.87 0.24 -1.7188734 -5.7295775 20.62648
1.9 9.86 0.34 -1.1459155 -4.0107045 14.896902
1.56 9.809999 0.52 -5.15662 0.0 13.750987
1.73 9.79 0.56 -6.3025355 0.0 19.480566
1.65 10.099999 0.78 -4.583662 2.8647888 21.772396
2.4199998 10.12 0.61 0.57295775 1.1459155 27.501974
2.86 10.3 0.099999994 2.8647888 -1.1459155 25.210142
2.7 10.25 0.17999999 6.3025355 -13.750987 10.31324
1.77 10.139999 0.17999999 10.886198 -16.042818 0.0
1.3399999 10.03 -0.16 13.750987 -1.7188734 2.291831
1.9599999 9.71 0.16 -0.57295775 7.448451 17.188732
2.58 9.9 1.7099999 -20.053522 0.57295775 19.480566
2.9299998 9.76 1.5 -9.167324 -15.469859 13.750987
1.9599999 9.98 -0.089999996 23.49127 -16.042818 2.8647888
1.7199999 9.62 -0.63 27.501974 -9.167324 2.8647888
1.73 9.62 0.83 2.8647888 0.0 13.178029
2.6699998 9.91 1.52 -6.3025355 0.0 22.345354
3.6299999 9.5 -0.14 9.167324 -9.740283 19.480566
2.6499999 9.849999 -0.78 16.615776 -7.448451 4.0107045
2.1399999 9.42 0.04 0.57295775 -4.583662 2.291831
2.12 9.22 1.39 -9.740283 -2.291831 20.053522
2.81 9.26 1.15 -4.583662 -6.8754935 27.501974
3.37 9.309999 0.72999996 0.57295775 -9.740283 32.085636
3.4399998 9.38 0.28 4.583662 -6.3025355 29.793804
2.71 9.79 0.53 -3.4377468 4.0107045 21.772396
2.8899999 9.23 0.65 -10.31324 6.3025355 22.91831
2.71 9.179999 1.09 -9.740283 2.291831 26.929016
3.08 9.2 1.2099999 0.0 0.0 29.793804
3.7099998 9.38 0.76 12.032113 1.1459155 30.366762
3.87 9.69 -0.39 17.761692 2.8647888 24.637184
3.3899999 9.309999 -0.38 -1.1459155 3.4377468 22.345354
3.08 9.42 0.75 -6.8754935 4.0107045 26.356058
3.59 9.48 1.23 -5.15662 4.583662 29.793804
4.0499997 9.83 -0.19 3.4377468 3.4377468 29.793804
3.87 10.0199995 -0.11 0.0 3.4377468 26.356058
3.58 10.179999 0.39 -8.594366 4.0107045 24.064226
3.77 10.19 0.68 -6.8754935 1.7188734 26.356058
4.15 10.19 0.44 -3.4377468 0.57295775 26.356058
4.0 10.2699995 1.25 3.4377468 0.57295775 18.907606
3.78 10.46 1.35 8.594366 2.8647888 15.469859
3.8999999 10.25 -0.42 29.220846 4.583662 14.896902
3.9199998 10.16 -0.75 28.07493 6.8754935 15.469859
3.9399998 9.99 -0.52 6.3025355 4.0107045 13.750987
4.08 9.849999 -0.089999996 1.1459155 2.291831 14.896902
4.38 9.8 -0.16 -1.1459155 -1.1459155 16.042818
4.19 9.67 -0.22 -13.750987 -4.583662 12.032113
4.14 9.8 0.5 -29.220846 -1.7188734 11.459155
4.31 9.67 1.4699999 -40.680004 -1.1459155 9.167324
4.2 9.41 2.34 -34.950428 -2.8647888 4.583662
3.77 9.28 2.1599998 -12.605071 0.57295775 1.1459155
3.98 9.36 0.81 9.740283 5.15662 4.0107045
4.23 9.5 0.089999996 14.323945 5.7295775 5.15662
4.4 9.44 -0.01 6.8754935 8.021409 4.0107045
4.22 9.41 0.17 1.1459155 6.3025355 0.0
4.15 9.23 0.68 -1.1459155 4.583662 0.0
4.21 9.22 0.47 -1.7188734 1.7188734 -0.57295775
4.25 9.0 0.03 1.7188734 1.1459155 0.57295775
4.15 9.099999 0.84999996 -1.7188734 1.7188734 0.57295775
4.42 9.17 0.89 -4.0107045 2.8647888 1.7188734
4.54 9.22 0.42999998 4.0107045 1.1459155 1.7188734
4.2799997 9.0199995 0.04 9.740283 0.0 -0.57295775
3.9199998 9.04 0.34 6.8754935 2.291831 -2.8647888
4.21 9.19 0.35 2.8647888 1.7188734 -1.1459155
4.38 9.24 0.17999999 2.291831 1.1459155 0.0
4.48 9.03 0.26 0.0 0.0 0.0
4.22 8.95 0.55 -2.291831 -0.57295775 -4.0107045
4.11 8.94 0.78 -1.1459155 -0.57295775 -2.8647888
4.54 9.04 0.42999998 0.0 0.0 -0.57295775
4.41 8.99 0.63 -2.8647888 0.57295775 -1.7188734
4.0899997 8.95 1.09 0.0 0.0 -2.8647888
4.3399997 9.0199995 0.71 4.0107045 -1.7188734 -2.291831
4.2999997 9.0 0.0 9.740283 0.0 -2.291831
4.14 8.83 -0.04 2.8647888 1.7188734 -4.0107045
4.1 8.73 0.71 -5.7295775 1.7188734 -2.8647888
4.36 8.74 0.91999996 -1.7188734 0.0 0.0
4.31 8.79 0.42 5.7295775 0.57295775 0.0
4.2599998 8.86 0.39999998 6.3025355 1.7188734 0.0
4.2999997 8.94 0.53999996 1.7188734 4.583662 -1.1459155
4.0 8.96 0.26 0.57295775 1.1459155 -2.8647888
4.0499997 8.87 0.22 -1.7188734 0.57295775 -1.1459155
4.2 8.849999 0.78 -5.7295775 0.0 -0.57295775
3.9299998 8.87 1.11 -5.7295775 1.1459155 -1.1459155
4.0899997 9.07 0.65999997 2.291831 0.57295775 0.0
4.35 9.2 0.29999998 0.57295775 2.8647888 0.57295775
4.0499997 9.11 0.71999997 -2.8647888 2.8647888 -2.291831
4.0099998 9.11 0.79999995 -1.7188734 1.7188734 -2.8647888
4.12 9.08 0.22999999 5.7295775 0.57295775 0.0
4.12 9.08 -0.07 5.7295775 0.57295775 0.0
4.2799997 9.12 0.35 1.7188734 1.7188734 0.0
4.27 9.179999 0.63 -2.8647888 0.57295775 0.57295775
4.16 9.15 0.47 -0.57295775 -1.7188734 -0.57295775
4.0 9.05 0.29999998 -1.7188734 -1.7188734 -1.7188734
4.0699997 8.97 1.05 -4.583662 0.0 -1.1459155
4.14 8.94 1.13 -4.0107045 0.57295775 0.0
4.0499997 8.98 0.66999996 4.583662 0.57295775 -1.1459155
4.15 9.04 0.049999997 9.167324 0.0 -0.57295775
4.2999997 8.95 0.19 4.583662 1.1459155 0.0
4.1 8.849999 0.59 0.0 1.1459155 -1.1459155
4.13 8.84 0.38 0.57295775 0.0 0.0
4.0 8.83 0.32999998 2.291831 -1.1459155 0.0
3.8799999 8.889999 0.5 1.7188734 0.0 0.0
4.19 8.95 0.29999998 4.0107045 -0.57295775 1.1459155
