-0.049999997 9.719999 -1.4499999 28.64789 -13.178029 -20.62648
-0.94 9.71 -0.55 18.907606 -16.615776 -22.345354
-0.35 9.559999 -0.34 5.7295775 -30.939718 -10.886198
-0.16 9.5199995 -0.81 8.021409 -28.07493 -10.886198
-0.049999997 9.44 -0.57 10.31324 -18.334648 -12.605071
-0.049999997 9.44 -0.59999996 9.740283 -14.323945 -14.323945
-0.89 9.5199995 -1.4 10.31324 -12.032113 -20.053522
-0.9 9.36 -1.24 8.021409 -9.167324 -17.761692
-0.62 8.84 0.45 -6.8754935 -4.583662 -10.31324
-0.53999996 9.0199995 0.19999999 -0.57295775 -5.15662 -8.594366
-0.59 9.059999 -0.26999998 6.3025355 -7.448451 -9.167324
-0.7 9.19 -0.52 16.042818 -13.178029 -12.605071
-0.90999997 9.309999 -1.11 19.480566 -16.042818 -10.886198
-0.78 9.23 -1.3299999 10.886198 -7.448451 -2.8647888
-0.52 9.23 -0.24 -2.291831 -4.0107045 -3.4377468
-0.38 9.13 0.17 -12.032113 -5.7295775 -2.291831
-0.32999998 9.12 -0.07 -4.583662 -9.167324 -8.021409
-1.05 9.16 -0.34 5.15662 -11.459155 -17.188732
-1.4 9.37 -0.71 9.740283 -14.323945 -12.032113
-0.83 9.559999 -0.66999996 3.4377468 -14.323945 -4.0107045
-0.78999996 9.62 -0.53999996 -5.15662 -8.021409 0.0
-0.57 9.36 -0.14 -10.886198 -1.7188734 1.1459155
-0.45 9.5 0.089999996 -8.594366 0.0 2.291831
-0.48 9.65 -0.07 -5.7295775 -1.1459155 0.0
-0.84 9.61 -0.42999998 5.7295775 -3.4377468 -8.021409
-0.84 9.78 -1.1999999 5.7295775 -3.4377468 -8.021409
-0.84 9.78 -1.1999999 8.021409 -9.740283 -6.3025355
-0.9 9.83 -1.0799999 -5.7295775 -8.021409 0.0
-0.63 9.92 -0.35999998 -16.042818 -6.3025355 8.021409
-0.63 9.849999 -0.12 -17.188732 -5.7295775 9.167324
-0.35 9.95 -0.42999998 -16.615776 -4.583662 10.31324
-0.35 9.95 -0.42999998 -8.594366 -9.167324 11.459155
-0.45999998 9.929999 0.0 -10.31324 -9.167324 8.021409
-0.34 9.99 0.03 -8.594366 -10.31324 6.3025355
-0.45999998 10.139999 -0.39999998 -2.8647888 -9.740283 5.7295775
-0.31 10.09 0.16 -7.448451 -3.4377468 12.605071
-0.06 10.09 0.16 -7.448451 -5.15662 13.178029
-0.02 10.09 -0.14 -1.1459155 -9.167324 12.605071
-0.24 10.08 -0.48 2.291831 -5.7295775 10.886198
-0.19999999 9.98 -0.24 -3.4377468 -2.8647888 13.750987
-0.19 10.0199995 -0.14 -5.7295775 -4.0107045 14.323945
0.06 10.25 -0.17 -2.291831 -5.15662 15.469859
0.26 10.309999 -0.16 -1.7188734 -2.8647888 20.053522
0.42 10.469999 -0.29999998 -1.1459155 -4.583662 19.480566
0.42 10.54 -0.69 -1.7188734 -4.0107045 17.188732
0.58 10.48 -0.47 -6.8754935 -4.0107045 17.188732
0.5 10.44 -0.03 -17.188732 -5.7295775 14.896902
0.29 10.48 0.45999998 -16.615776 -6.3025355 11.459155
0.74 10.45 0.29 -7.448451 -9.167324 11.459155
0.51 10.51 0.06 -2.8647888 -8.021409 8.021409
0.61 10.32 0.19999999 -2.8647888 -8.021409 8.021409
0.72999996 10.51 0.26 -3.4377468 -6.8754935 6.3025355
0.93 10.41 -0.21 -2.291831 -6.3025355 2.8647888
0.83 10.12 0.07 -7.448451 -2.8647888 -4.0107045
0.22 10.0 0.28 -10.31324 -2.8647888 -8.021409
0.68 9.79 0.26999998 -10.31324 -2.8647888 -8.021409
0.52 9.809999 0.26999998 -9.740283 -2.291831 -0.57295775
0.52 9.809999 0.26999998 -5.7295775 0.0 -0.57295775
0.45 9.84 0.32 -0.57295775 -1.1459155 -3.4377468
0.42 9.95 0.29999998 3.4377468 -5.7295775 -4.583662
0.47 10.0 0.14 3.4377468 -5.7295775 -4.583662
0.74 9.929999 -0.13 7.448451 -5.7295775 2.291831
0.48 9.92 -0.14 4.0107045 -2.8647888 2.291831
0.62 9.86 -0.22 0.57295775 -3.4377468 1.7188734
0.38 9.95 0.0 -2.291831 0.0 2.8647888
0.69 9.929999 0.07 -2.8647888 0.0 8.594366
0.62 9.809999 0.16 -5.15662 -3.4377468 10.886198
0.52 9.929999 0.049999997 -1.1459155 -9.167324 8.021409
0.72999996 9.99 -0.17 0.57295775 -8.021409 8.021409
0.97999996 9.83 -0.45999998 -4.0107045 -3.4377468 10.31324
0.53999996 9.58 0.14 -7.448451 -2.8647888 9.167324
0.57 9.83 0.84999996 -10.886198 -4.583662 8.021409
1.0 10.21 0.0 2.291831 -3.4377468 9.740283
1.26 9.809999 -0.28 2.291831 -3.4377468 9.740283
1.68 9.44 0.14 2.8647888 -3.4377468 10.31324
-0.06 10.559999 1.01 -7.448451 0.0 -5.7295775
1.0799999 10.5 -0.049999997 6.3025355 -5.15662 -12.032113
1.16 10.4 -0.81 16.042818 0.0 10.31324
0.78 10.49 -0.39 14.323945 6.3025355 2.291831
1.13 10.2 -0.19 3.4377468 5.7295775 -4.583662
1.05 10.32 -0.02 0.0 -2.291831 5.7295775
1.12 10.309999 -0.91999996 9.167324 -5.15662 -6.8754935
0.28 10.21 -1.0699999 9.167324 -1.1459155 -8.594366
0.17999999 9.63 -0.099999994 2.8647888 4.0107045 -10.31324
0.56 10.05 0.55 -17.188732 1.7188734 -2.8647888
0.84 10.04 0.29 -8.594366 5.15662 -1.7188734
1.26 9.889999 0.089999996 1.7188734 10.31324 0.0
1.1899999 9.719999 -0.08 9.167324 6.3025355 -9.740283
-0.14999999 9.74 -0.75 13.750987 1.7188734 -22.345354
0.29 9.91 -1.02 17.188732 -6.8754935 -22.345354
0.29 9.95 -1.02 8.021409 -4.0107045 -10.886198
0.7 9.61 -0.39999998 -10.886198 1.7188734 7.448451
0.87 9.79 0.0 -12.032113 5.15662 5.7295775
0.88 9.929999 -0.22999999 1.1459155 -2.291831 -0.57295775
0.71999997 10.17 -1.14 8.021409 -3.4377468 -4.0107045
0.68 9.99 -1.15 6.3025355 -3.4377468 -6.8754935
0.25 9.9 -0.52 -5.7295775 0.57295775 -4.583662
0.53 9.929999 -0.17 -15.469859 2.291831 0.57295775
1.09 10.04 0.19 -17.761692 2.8647888 4.0107045
1.04 9.83 -0.42 -7.448451 -2.291831 1.1459155
0.58 9.809999 -0.5 -5.15662 -1.1459155 -3.4377468
0.16 9.73 -0.01 -14.323945 0.57295775 0.0
0.47 10.34 0.55 -13.750987 3.4377468 11.459155
0.87 10.349999 -0.19 -4.0107045 -1.7188734 15.469859
1.14 10.45 -0.24 -3.4377468 -1.7188734 15.469859
1.0799999 10.21 0.22999999 -8.021409 -2.291831 14.323945
0.84999996 9.92 0.42 -7.448451 -6.8754935 9.740283
0.87 9.98 0.14 -1.7188734 -5.15662 10.886198
1.02 10.04 0.07 0.57295775 -4.0107045 12.032113
1.31 10.04 -0.11 4.583662 -2.8647888 12.605071
0.81 10.12 -0.57 4.583662 -2.8647888 12.605071
0.85999995 10.01 -0.29999998 -3.4377468 -2.8647888 8.021409
1.1999999 10.12 -0.22999999 -7.448451 -5.15662 12.032113
1.17 10.13 -0.21 -9.167324 -4.583662 14.323945
0.79999995 10.05 0.22999999 -10.886198 -4.0107045 13.178029
1.38 10.179999 0.14999999 -8.021409 -3.4377468 16.042818
1.38 10.179999 0.14999999 -2.8647888 -1.7188734 17.188732
1.1999999 10.24 -0.57 5.15662 1.7188734 14.896902
1.4699999 10.63 -0.52 1.7188734 -1.7188734 14.896902
1.37 10.7 -0.22 -1.1459155 -1.7188734 15.469859
1.41 10.55 0.29999998 -6.8754935 -2.291831 12.605071
1.61 10.48 0.29999998 -5.7295775 -4.583662 10.31324
1.63 10.59 -0.16 -4.0107045 -4.583662 9.740283
1.41 10.54 0.089999996 -5.15662 -1.1459155 6.8754935
1.55 10.49 0.29 -8.594366 0.0 6.3025355
1.65 10.49 -0.049999997 -4.0107045 2.291831 6.3025355
1.7199999 10.42 -0.19999999 -1.1459155 2.8647888 5.15662
1.4599999 10.48 -0.39 1.7188734 2.8647888 1.7188734
1.7199999 10.48 -0.089999996 -3.4377468 2.291831 2.291831
1.7199999 10.48 -0.14999999 -4.583662 0.0 4.0107045
1.55 10.44 -0.35999998 0.0 -1.7188734 2.291831
1.52 10.45 -0.39 0.0 -2.291831 1.1459155
1.55 10.719999 -0.82 -0.57295775 -1.7188734 2.8647888
