-1.8220432 9.538791 -1.9273912 4.399185 4.91631 -4.99149
-2.030345 9.545974 -1.333611 -1.8658152 7.68131 -3.1364899
-1.9034485 9.543579 -1.0032011 -6.170815 5.3013096 -0.51149005
-1.733455 9.574705 -1.1923488 -2.040815 0.22631 3.05851
-1.7238779 9.586677 -1.6759924 5.099185 -1.8736901 5.0535097
-1.6233183 9.6896305 -1.6233183 7.269185 -3.13369 6.17351
-1.359948 9.701602 -1.5443072 4.679185 -4.07869 6.7685103
-1.2474172 9.711179 -1.4700848 1.7741851 -3.02869 5.75351
-1.3719195 9.682447 -1.5227587 0.23418501 0.33130997 2.1135101
-1.5562786 9.715967 -1.5826156 0.584185 2.15131 -2.26149
-1.6592325 9.648928 -1.620924 0.864185 0.78631 -4.95649
-1.8435916 9.577099 -1.6161355 -1.060815 1.24131 -5.34149
-1.812466 9.553157 -1.4102279 -3.510815 3.3063102 -3.83649
-1.7430321 9.380769 -1.3551595 -3.6858146 1.76631 -1.42149
-1.8268317 9.237112 -1.5059988 -0.780815 -1.20869 -0.37149
-2.0087965 9.09585 -1.6520497 1.844185 -2.1886902 -0.16149001
-1.5490957 8.822903 -1.7909175 1.564185 -1.8386899 -0.26648998
-2.3344178 8.063917 -1.4700848 -0.325815 -1.5586901 -2.08649
-2.1835787 7.860404 -1.2426286 -1.690815 -4.07869 -9.33149
-2.19555 7.1564875 -1.3743137 -0.18581499 -3.34369 -10.626491
-2.0878077 6.9122715 -1.5036045 4.294185 -3.65869 -12.096491
-1.7957062 6.265817 -1.6041641 7.339185 -5.65369 -17.276491
-1.8244374 5.5379577 -1.6592325 3.174185 -5.0236897 -25.01149
-3.2394538 5.7175283 -1.4341706 -7.920815 7.2263103 -34.321487
-3.1580484 5.9018874 -0.8547561 -17.510815 18.46131 -37.08649
-2.2793496 5.355993 -1.1253091 -18.455814 16.186308 -36.14149
-2.2697725 5.2937417 -1.3886794 -13.695815 7.7513103 -34.42649
-2.954535 5.497255 -1.8866886 -13.730816 12.89631 -32.22149
-3.1676257 5.3919067 -1.9178141 -18.805815 31.866312 -30.78649
-2.3416007 5.420638 -1.8795058 -20.660814 38.586315 -31.06649
-1.8411974 5.9210415 -2.116539 -23.600815 4.63631 -16.99649
-2.7366562 6.7734036 -1.647261 -37.70582 8.94131 -11.781489
-2.779753 6.646507 -0.6895511 -53.070816 22.90631 -8.56149
-2.1931558 6.675238 -0.41181526 -54.540817 21.156311 -3.94149
-1.5323359 6.88354 -0.45491222 -44.180817 2.64131 3.2335103
-2.439766 7.59464 -0.16281068 -37.075813 -10.30869 11.94851
-2.988055 7.762239 0.7805336 -37.565815 -9.258689 14.923511
-1.4533248 8.241094 1.6831752 -34.835815 -11.14869 20.62851
-0.009577099 8.425453 1.0127783 -13.240815 -17.238691 34.698513
-0.09577099 8.858817 -0.7206767 19.904184 -30.32869 36.65851
-1.2905141 9.059936 -1.4269878 33.90419 -36.628693 22.69351
-1.2905141 9.1628895 -0.65363705 15.2491865 -30.538687 16.04351
0.3232271 9.330489 0.4189981 -11.070814 -21.89369 27.41851
0.12689656 9.634562 0.9217958 -17.580814 -25.88369 37.28851
-0.89545876 9.560339 1.0558752 -7.920815 -27.668692 30.813507
-0.888276 9.972155 0.5865973 3.139185 -18.638689 30.043509
1.0702409 10.604243 -0.17957062 13.464186 -11.81369 46.28351
1.8675344 10.867614 -0.22266756 22.109186 -17.44869 58.11351
-0.2944958 11.676878 -0.14605077 26.064186 -27.668692 43.34351
-0.50040346 13.091895 -1.1013664 24.909184 -21.92869 26.823511
2.5522969 13.534836 0.89545876 16.229185 -6.8786902 43.483513
3.6081722 12.902747 1.4485363 9.089185 -15.48869 54.75351
-1.8244374 12.735147 -1.1540405 29.774187 -34.00369 23.04351
-3.387899 13.182878 -2.569057 41.954185 -29.838688 1.13351
-1.0558752 12.84289 -0.86193895 7.969185 -9.57369 21.50351
0.2753416 12.141368 1.3072741 -40.715816 -7.78869 54.123512
-0.61293435 12.998518 1.6616267 -51.040813 -23.433691 59.82851
-1.5538844 13.046404 -0.3423813 -26.190817 -24.97369 49.01351
-0.69194543 13.269071 -1.324034 1.214185 -15.593689 43.798508
0.25858167 13.12302 -1.0199611 4.959185 -10.16869 51.56851
-0.08858817 13.283437 0.37111259 -6.275815 -11.63869 54.64851
-2.0949905 13.917919 -1.2210802 -7.395815 -15.103691 41.593513
-0.7637737 13.855668 -3.0096035 12.029185 -13.94869 26.47351
0.5770202 13.340899 -2.588211 19.764185 -20.878689 38.548508
1.0151725 12.9003525 -1.1516461 -6.4858155 -21.82369 45.61851
0.6440599 12.476566 -0.36392978 -40.050816 -21.78869 38.44351
0.5123748 11.593079 1.5586729 -59.335815 -29.278692 28.118511
0.4932206 10.89395 2.7917244 -68.295815 -29.838688 21.53851
0.7398309 10.79818 1.9704882 -59.93082 -19.51369 18.528511
1.4269878 10.913105 0.2561874 1.3191851 -11.11369 17.688509
1.4245936 10.829305 -0.55307746 11.049185 -14.40369 12.15851
0.7972935 10.328901 0.46209505 -1.3408151 -11.953691 4.6685104
0.7996878 9.998491 0.9433443 -11.350816 -1.7686901 3.47851
1.6951466 10.278622 0.43815228 -5.680815 -3.44869 6.48851
1.8268317 10.237919 0.42139238 -1.165815 -8.663691 4.3185105
1.0032011 9.814133 1.4078336 -6.275815 -5.93369 -1.31649
0.7398309 9.581888 0.9960183 -4.070815 -1.34869 -4.43149
1.4198049 9.665688 0.37350687 4.399185 -3.16869 0.57351
1.525153 9.718362 1.1708003 3.6291852 -4.6386895 2.8485098
0.8236305 9.682447 1.1468576 0.584185 1.1363101 -0.82649
1.2450229 9.775824 0.18196489 8.739185 3.9013102 -1.24649
1.5107874 9.749487 -0.42378664 14.899185 -0.15869 1.06351
1.1827718 9.629773 0.28731298 7.3041844 -2.04869 -0.96649003
0.7948992 9.495694 0.84278476 -4.420815 -0.43869004 -2.78649
1.211503 9.462174 0.5961744 -4.4558153 -0.08869 -1.3864901
1.5826156 9.636956 0.52913475 2.684185 -2.5386899 1.4835099
1.3024855 9.648928 0.80687064 6.989185 -3.65869 0.29351002
0.91461295 9.656111 0.4166038 9.299185 -2.0136898 -2.92649
1.4102279 9.857229 -0.25379312 12.344185 0.64631 -1.91149
1.3575538 9.871595 -0.33519846 11.119185 -0.12369 1.37851
1.1013664 9.761458 0.29210153 3.7691853 -1.97869 0.22351
1.2043202 9.708784 0.6057515 -4.315815 -1.48869 -1.24649
1.1109436 9.720756 0.38068968 -5.7158146 -1.3136901 -0.65149003
1.2138973 9.720756 0.45730647 -3.160815 -1.27869 -0.68649006
1.1492519 9.653716 0.5147691 -2.7058148 0.12131 -0.33649
1.010384 9.7135725 0.24421602 -1.515815 0.29630998 0.04851
1.1061549 9.759064 0.24421602 0.409185 0.12131 0.71351004
1.3455825 9.821315 0.31604427 -1.410815 0.96130997 1.9035101
1.3288225 9.816526 0.2777359 -3.7208152 1.2763101 2.21851
0.9912298 9.629773 0.11013664 -2.6358151 -1.24369 0.43351
1.1229149 9.514848 0.5363176 -1.620815 -3.6936903 -1.42149
1.350371 9.574705 0.88588166 -5.925815 -2.5036902 -0.02149
1.2354459 9.818921 0.65124273 -8.410815 0.99631 2.25351
1.3455825 9.828498 0.083799616 4.294185 0.64631 0.71351004
1.2737542 9.668081 0.18435916 4.259185 0.15631 -0.05649
1.201926 9.629773 0.2944958 0.96918505 1.76631 -0.68649006
1.2258687 9.885961 0.090982445 0.094185 1.52131 0.18850999
1.3743137 9.842864 0.21548474 -1.130815 -0.64869 0.46851
1.2546 9.835681 0.505192 -4.490815 -1.5236899 -0.30149
1.1348863 9.8548355 0.08140534 -4.3508153 -1.66369 -1.3864901
1.2593886 9.852441 0.14844504 -6.7658153 -2.04869 -0.86149
1.1899546 9.75667 0.9816527 -13.450815 -1.38369 -1.0014899
1.0965779 9.699207 1.4413534 -13.590815 0.36631 -1.9464899
1.2953026 9.897932 0.37590113 -1.655815 0.19131 -1.66649
1.462902 9.972155 0.026337024 6.7091846 -2.81869 -1.0014899
0.9337672 9.62259 0.8571504 -0.115815 -2.1536899 -2.1914902
0.7015225 9.42626 1.2426286 -6.695815 1.1013099 -3.1714902
1.2665714 9.586677 0.45970076 -1.480815 2.32631 -0.44149
1.5897985 9.957788 -0.09577099 6.3591847 0.43631 2.28851
1.1636176 9.8237095 0.14126222 4.469185 -0.22869 0.32851002
