-2.19 8.11 -0.34 17.761692 -2.8647888 -7.448451
-2.76 7.77 -1.63 8.594366 -13.750987 -6.8754935
-3.75 7.74 -0.59999996 5.7295775 -38.961132 5.7295775
-2.55 7.5 -0.29 4.583662 -40.107044 5.7295775
-2.55 7.85 0.28 9.167324 -24.064226 4.0107045
-2.11 8.29 0.71999997 14.896902 -14.896902 0.0
-2.02 8.94 0.42999998 21.199438 -13.750987 -4.583662
-2.1399999 9.33 0.02 24.064226 -18.907606 -8.021409
-2.06 9.01 -0.9 18.334648 -25.210142 -9.167324
-2.49 9.15 -1.13 2.8647888 -28.07493 -6.8754935
-2.6699998 8.99 -0.13 -2.291831 -21.199438 -2.291831
-2.4299998 8.809999 -0.34 -8.594366 -17.761692 -1.1459155
-1.9 8.58 -0.22999999 -9.740283 -19.480566 -6.3025355
-2.19 8.38 0.79999995 4.583662 -24.064226 -10.31324
-2.03 8.21 -0.049999997 7.448451 -13.750987 -20.053522
-3.6599998 7.5499997 -0.25 10.886198 -23.49127 -0.57295775
-2.9199998 7.6499996 -0.19999999 9.167324 -26.929016 4.0107045
-2.3899999 7.2999997 -0.08 9.740283 -25.7831 8.594366
-2.37 7.41 0.19 14.896902 -28.07493 12.605071
-2.24 7.72 0.35 21.772396 -25.210142 11.459155
-1.61 8.11 -0.08 18.907606 -28.07493 9.167324
-1.3299999 8.5 -0.87 -2.291831 -28.07493 12.605071
-2.53 8.639999 0.77 -6.8754935 -20.62648 21.772396
-1.24 8.929999 0.81 -4.583662 -5.7295775 15.469859
-2.2 8.59 -0.24 -3.4377468 -10.31324 13.750987
-1.86 9.08 -0.07 0.0 -17.188732 25.210142
-0.58 9.74 -0.07 6.3025355 -13.178029 18.907606
-1.5899999 9.67 -0.26999998 6.3025355 -15.469859 15.469859
-2.2 9.53 0.22999999 8.594366 -12.032113 25.7831
-1.4599999 9.69 0.37 9.167324 -1.7188734 28.64789
-1.41 9.63 -0.22999999 4.0107045 2.8647888 26.356058
-1.4 9.57 -0.45 6.8754935 5.15662 20.053522
-0.91999996 10.0199995 0.11 16.042818 0.0 10.31324
-0.14 10.49 -0.16 27.501974 -14.896902 -4.583662
-2.01 9.469999 -0.78 17.761692 -13.750987 6.8754935
-2.02 9.4 -0.61 3.4377468 0.57295775 20.62648
-1.29 9.639999 -0.63 -6.8754935 6.3025355 29.793804
-0.84 9.7699995 -0.35 -10.31324 7.448451 30.366762
-0.51 9.7699995 -0.29 -6.3025355 0.57295775 22.91831
-0.47 9.84 0.53 9.740283 0.57295775 17.188732
-0.71999997 9.67 0.11 7.448451 0.0 28.64789
-1.3199999 9.34 -0.82 -14.323945 9.740283 38.961132
-0.65 9.059999 -1.22 -26.929016 14.323945 34.950428
0.21 9.22 0.26 -11.459155 8.021409 28.07493
1.0699999 9.2 1.3199999 12.032113 -1.1459155 8.021409
0.19999999 9.15 0.26999998 10.886198 -2.291831 16.615776
-1.09 9.2 -1.22 -4.583662 -1.1459155 36.669296
-0.08 9.969999 -0.35 -6.8754935 -7.448451 38.38817
1.17 11.0 0.29 1.1459155 -8.594366 26.356058
0.52 11.09 -0.14999999 5.15662 -6.8754935 12.032113
-1.02 10.42 -0.31 4.583662 2.8647888 13.178029
-0.75 10.96 -0.87 -0.57295775 6.8754935 20.053522
0.34 11.61 -1.14 -4.0107045 1.7188734 9.167324
0.31 11.11 -0.47 9.167324 -4.0107045 1.7188734
0.16 10.91 -0.08 13.750987 -5.15662 6.8754935
-0.95 10.219999 -1.1999999 0.0 -2.291831 16.615776
-1.24 9.929999 -0.78 -2.291831 1.1459155 24.637184
-0.45 10.5199995 -0.22999999 3.4377468 -2.8647888 26.929016
0.48999998 10.79 -2.0 -14.896902 -7.448451 15.469859
-0.25 10.24 -0.71999997 -25.7831 -0.57295775 17.188732
-0.47 9.96 0.65999997 -15.469859 4.0107045 22.91831
0.35 9.96 0.48999998 -4.0107045 6.3025355 25.210142
1.06 10.09 0.02 2.8647888 6.3025355 22.345354
1.11 9.79 -0.79999995 1.7188734 -1.7188734 18.907606
0.19 9.07 -0.19999999 1.7188734 -5.7295775 23.49127
0.22999999 9.08 0.02 5.15662 -2.8647888 28.07493
0.76 9.42 -0.26999998 1.1459155 -1.7188734 31.51268
0.89 9.45 -0.52 -6.8754935 0.57295775 35.523384
1.02 9.49 0.14999999 -4.583662 -1.1459155 36.09634
0.81 9.67 1.09 9.167324 -3.4377468 35.523384
1.42 10.57 -0.59 13.178029 -10.886198 30.939718
1.51 10.82 -1.42 -6.3025355 -13.178029 28.64789
1.49 10.45 -0.45999998 -23.49127 -6.8754935 25.7831
1.48 10.2 1.14 -18.907606 0.57295775 27.501974
2.09 10.33 1.27 -2.8647888 2.291831 24.637184
2.29 10.26 -0.08 2.291831 -2.291831 20.053522
1.79 9.76 -0.89 -11.459155 -4.583662 19.480566
0.94 9.15 -0.07 -10.31324 -0.57295775 26.929016
1.38 9.37 0.38 -2.8647888 -0.57295775 29.220846
2.27 9.889999 -0.08 -0.57295775 -5.15662 24.064226
2.31 9.88 -0.35 -2.8647888 -7.448451 22.91831
1.4599999 9.53 0.049999997 -1.1459155 -4.0107045 26.929016
2.37 10.03 0.51 4.0107045 1.1459155 25.7831
2.6599998 9.96 0.78999996 8.021409 1.7188734 22.345354
2.9099998 9.75 0.78999996 14.323945 1.7188734 17.761692
2.33 9.469999 0.34 15.469859 3.4377468 17.188732
2.08 9.48 -0.25 10.886198 5.15662 20.053522
2.3899999 9.69 -0.68 4.0107045 2.8647888 21.199438
2.6799998 9.719999 -0.66999996 -5.15662 -2.291831 18.907606
2.59 9.66 0.049999997 -4.0107045 -0.57295775 18.907606
2.21 9.41 0.63 2.8647888 1.7188734 20.053522
2.52 9.62 0.39999998 7.448451 2.8647888 20.053522
2.84 9.9 -0.57 2.291831 -0.57295775 18.907606
3.08 9.92 -0.76 -4.583662 0.57295775 16.042818
2.3 9.61 0.0 4.0107045 0.57295775 20.62648
3.05 10.09 -0.29999998 5.7295775 -2.8647888 19.480566
3.37 10.09 -0.95 -2.8647888 -5.15662 16.042818
3.03 9.63 -0.42999998 -11.459155 -3.4377468 14.896902
2.71 9.42 0.64 -8.594366 -0.57295775 16.615776
3.3799999 9.78 0.58 -1.7188734 -2.291831 13.178029
3.82 9.66 0.19999999 -1.7188734 0.0 4.583662
3.78 9.389999 0.04 0.0 5.15662 4.0107045
2.99 8.889999 0.78999996 12.605071 9.167324 7.448451
2.71 9.08 0.71999997 16.615776 5.7295775 13.178029
3.06 9.5 -1.02 1.7188734 -0.57295775 13.750987
3.32 9.66 -1.43 -12.032113 -3.4377468 12.605071
3.25 9.66 0.0 -6.3025355 -6.8754935 8.594366
3.4299998 9.83 0.52 -3.4377468 -3.4377468 5.7295775
3.46 9.62 0.12 -6.3025355 -0.57295775 4.583662
3.1899998 9.32 0.71999997 -4.0107045 2.291831 4.583662
3.05 9.32 0.78999996 2.8647888 2.291831 5.7295775
3.61 9.639999 0.07 6.3025355 0.57295775 3.4377468
3.75 9.67 -0.48999998 1.7188734 -1.1459155 0.0
3.4199998 9.179999 -0.39999998 -8.021409 -0.57295775 1.7188734
3.06 9.04 0.68 -2.291831 0.57295775 4.583662
3.55 9.349999 1.12 5.15662 1.1459155 2.291831
3.84 9.53 0.41 2.8647888 0.0 0.0
3.84 9.349999 -0.24 -4.0107045 -1.1459155 -2.291831
3.55 9.0 -0.03 -6.8754935 -1.7188734 -1.1459155
3.4299998 8.58 0.90999997 -4.0107045 1.7188734 3.4377468
3.61 8.7699995 0.5 -2.291831 0.0 4.583662
3.82 9.03 -0.19999999 -7.448451 -5.7295775 2.8647888
3.75 9.01 0.11 -11.459155 -5.15662 1.1459155
3.62 8.92 0.63 -9.740283 -0.57295775 1.1459155
3.37 8.99 0.93 -1.7188734 4.0107045 1.7188734
3.58 9.13 0.65999997 7.448451 4.0107045 0.0
3.82 9.38 0.22999999 6.8754935 1.1459155 -4.583662
3.72 9.37 -0.14999999 1.1459155 0.57295775 -5.7295775
3.1799998 8.889999 -0.22 -2.291831 1.7188734 -2.291831
3.4299998 8.8 0.29 -0.57295775 3.4377468 -0.57295775
3.6699998 8.88 0.31 2.8647888 1.1459155 -1.7188734
3.6799998 9.01 0.26999998 2.291831 0.0 -2.291831
3.49 8.94 0.39999998 0.57295775 0.57295775 -1.7188734
3.53 8.849999 0.45 0.0 2.291831 -0.57295775
3.6499999 8.849999 0.39999998 1.1459155 1.7188734 -0.57295775
3.61 8.79 -0.099999994 -1.7188734 -2.291831 0.0
3.4499998 8.67 -0.35999998 -9.167324 -8.594366 2.291831
3.62 8.63 -0.39 -20.053522 -8.594366 4.0107045
4.0099998 8.82 0.89 -11.459155 -4.0107045 1.1459155
3.6799998 8.8 1.4 0.0 0.57295775 0.57295775
3.6399999 8.929999 1.51 8.021409 6.3025355 0.0
3.6999998 9.0 1.1999999 13.178029 8.021409 -0.57295775
3.6899998 9.13 0.26999998 12.032113 4.583662 -2.8647888
3.73 9.08 -0.39 4.0107045 0.0 -3.4377468
3.46 8.67 0.22 -6.3025355 0.0 1.1459155
3.6999998 8.91 1.13 -0.57295775 1.1459155 1.1459155
3.61 9.01 1.3399999 9.167324 4.0107045 0.0
3.62 9.13 0.45999998 12.032113 5.15662 0.0
3.73 9.17 -0.14999999 4.0107045 4.583662 -0.57295775
3.7099998 9.03 -0.089999996 -3.4377468 2.291831 -2.291831
3.52 8.8 0.58 -1.1459155 1.1459155 -0.57295775
3.7099998 8.84 0.90999997 3.4377468 1.1459155 -0.57295775
3.77 8.86 0.44 1.7188734 1.7188734 -0.57295775
3.59 8.72 0.24 -0.57295775 4.0107045 0.0
3.55 8.809999 0.45999998 1.1459155 2.8647888 0.0
3.6499999 8.849999 0.45999998 4.0107045 1.7188734 0.0
