-2.0949905 9.747093 -0.42618093 -5.215875 -4.3383203 -12.268866
-2.1069617 9.452597 -0.38068968 -2.380875 -6.75332 -10.588865
-1.9154198 9.25866 -0.39266106 -2.1708748 -5.91332 -6.878865
-1.8938714 9.213169 -0.52913475 -1.6108749 -4.72332 -2.3638651
-1.9704882 9.196409 -0.51955765 0.244125 -4.26832 -0.158865
-2.152453 9.026416 -0.38308397 0.244125 -3.0783203 0.821135
-2.176396 8.873182 -0.37350687 -0.455875 -1.88832 0.611135
-1.9273912 8.4781275 -0.4836435 1.504125 -2.37832 0.611135
-1.8076775 8.08786 -0.6057515 5.669125 -4.93332 0.506135
-2.0231621 7.8388557 -0.6081458 9.274125 -7.76832 -6.178865
-2.5834224 7.7574506 -0.72785956 8.5391245 -5.24832 -9.818865
-2.5618742 7.5252056 -0.8332076 6.9291253 -0.80332 -8.768865
-2.1979442 7.2618356 -0.72546524 5.284125 1.82168 -8.593865
-2.638491 6.9050884 -0.74222517 5.739125 3.8866804 -14.508865
-3.0886145 6.778192 -0.74701375 8.714126 6.68668 -20.073864
-2.6744049 6.6177754 -0.8379962 13.439125 1.26168 -17.833866
-2.0782306 6.3472223 -0.9696813 16.274126 -9.30832 -14.893867
-1.4772675 5.897099 -0.85954463 12.354125 -10.67332 -17.343864
-1.297697 5.375147 -0.8332076 2.379125 2.83668 -21.228865
-1.2330515 5.288953 -0.6488485 -5.635875 13.30168 -26.268866
-1.515576 5.2937417 -0.5243462 -9.450874 11.41168 -30.678864
-1.376708 5.217125 -0.29210153 -12.2508745 8.50668 -31.938866
-1.4269878 5.054314 -0.13168511 -16.170876 9.73168 -29.663866
-1.9058428 5.166845 -0.016759925 -17.640877 12.0066805 -26.688866
-2.2410412 5.4685235 0.052674048 -15.505875 12.53168 -20.773867
-1.9321798 5.767808 -0.29689008 -11.900875 13.476681 -11.743866
-1.0295382 5.767808 -0.65363705 -9.135875 15.226681 -3.0288649
-0.9816527 5.916253 -0.5698374 -11.760875 15.15668 3.586135
-1.3407938 6.6848154 0.2849187 -17.220875 13.896681 7.471135
-1.1540405 7.4270406 0.0047885496 -17.640877 11.27168 11.706136
-1.3743137 7.6281595 -0.72546524 -7.420875 8.89168 14.296136
-1.0127783 7.9489923 -0.5985687 -0.35087502 9.45168 18.601135
-0.47167215 8.889942 0.062251143 -1.505875 6.02168 27.176136
-1.3288225 9.857229 -0.54350036 1.154125 -7.2083206 32.391136
-1.4748733 10.060742 -1.3216397 6.9291253 -6.82332 32.321136
-0.12210801 10.501289 -0.6440599 -0.070875 10.221681 38.79614
0.13168511 11.547587 0.7901107 -17.920876 16.906681 48.946136
-2.0902019 13.269071 1.3551595 -28.840874 9.80168 53.251137
-1.4820561 13.903554 0.81165916 -23.695877 -2.9383202 58.46614
0.44294083 13.98496 0.4285752 -12.075875 -6.61332 75.12613
0.45251793 13.644972 0.16520496 -5.985875 -2.02832 93.01114
0.045491222 13.884399 -0.7206767 -1.225875 3.46668 89.23113
-0.031125572 13.551596 -0.8284191 1.609125 -3.3583202 80.131134
-0.11253092 13.228369 0.33759275 -7.560875 -6.61332 77.05114
0.016759925 13.647367 1.5467016 -29.890879 -3.25332 78.976135
1.0774237 14.099884 1.0702409 -15.925876 0.56168 78.66114
1.3743137 14.463814 -0.7398309 6.264125 0.24668002 70.226135
1.4509305 13.965805 -1.5059988 6.439125 0.10668 58.71114
0.6392714 13.965805 -0.18914771 -13.615874 1.89168 50.136135
1.2402344 13.975382 0.28731298 -26.110874 9.69668 44.641136
2.0159793 14.214809 -0.32801566 -19.145876 10.0466795 40.581135
1.924997 13.518076 -0.85954463 -8.785875 4.34168 29.731134
0.55786604 12.550789 -0.70870537 -7.5258756 0.24668002 16.991135
0.6656084 11.566742 -0.30646718 -13.580875 2.52168 14.086136
1.462902 11.600262 -0.27294734 -14.455875 1.5766801 18.636135
1.6544439 11.772649 -0.16520496 -10.885876 2.31168 19.406136
1.4940275 11.45421 -0.062251143 -7.9108753 2.7666802 14.646135
1.5227587 11.085492 -0.10055954 -4.025875 -1.43332 10.656136
1.6592325 11.126195 -0.29928434 -1.050875 -2.79832 8.906135
1.5658557 11.109435 -0.15562786 -1.435875 -4.12832 6.596135
2.0878077 10.637763 -0.028731298 -5.320875 -4.86332 4.1811347
1.7190893 10.364816 0.12929083 -7.840875 -6.71832 2.3261352
1.5897985 9.931452 0.6081458 -8.715875 -7.4883204 -0.893865
1.8914771 9.842864 0.55786604 -8.260876 -5.0733204 -1.173865
1.9369683 9.962578 -0.021548472 -1.260875 -5.2133203 -0.92886496
1.5275474 9.797373 0.0023942748 3.6041248 -8.04832 -2.398865
1.1037607 9.5483675 0.600963 -3.7808752 -5.7733197 -2.538865
1.8316202 9.519637 0.9720756 -12.320875 -1.11832 0.71613497
2.4684973 9.816526 0.68236834 -9.870875 -1.18832 6.421135
1.9944309 9.794978 0.4285752 -1.400875 -3.6033201 5.721135
1.7023294 9.553157 0.4932206 2.729125 -2.83332 0.226135
2.2027328 9.5244255 0.48843205 1.749125 -0.80332 -0.71886504
1.8842943 9.488511 0.41420954 1.749125 -1.5033201 0.64613503
1.8411974 9.373586 0.52913475 2.484125 -3.7433202 -1.768865
2.0159793 9.344854 0.70870537 0.804125 -3.18332 -2.573865
1.9489397 9.356826 0.845179 -0.770875 -2.51832 -1.208865
1.5131817 9.251478 0.87151605 -0.140875 -2.6933198 -1.628865
1.7119064 9.316123 0.6895511 1.609125 -1.5033201 -2.538865
2.2075214 9.419077 0.531529 4.059125 -0.34832 -0.26386502
1.759792 9.478934 0.37350687 6.2291255 -0.55832 2.1161351
1.4509305 9.526819 0.34956414 6.509125 -1.08332 -0.438865
1.6496553 9.574705 0.41181526 4.3391247 -1.2933201 -1.523865
1.6281068 9.58907 0.3998439 -0.210875 -1.6783199 2.1161351
1.8364087 9.684841 0.5123748 -0.980875 -1.5033201 2.186135
1.8268317 9.80695 0.5865973 -0.770875 -1.9933201 1.066135
1.8004947 9.869201 0.52674043 0.349125 -1.74832 0.36613497
1.7933118 9.802161 0.32562137 1.854125 -1.36332 0.226135
2.073442 9.811738 0.47167215 0.699125 -0.66332 0.47113502
1.8052832 9.744699 0.6273 -0.735875 -0.55832 -1.243865
1.5323359 9.634562 0.5961744 0.804125 -0.73332 -3.3438652
1.6424725 9.557945 0.5698374 2.9741251 -0.13832 -1.6988649
1.9417568 9.613013 0.47167215 5.109125 1.4366801 0.576135
2.0542877 9.692024 0.37350687 7.1391253 1.54168 1.101135
1.690358 9.636956 0.46927786 7.804125 2.03168 -0.893865
1.6544439 9.555551 0.38068968 8.364125 3.11668 -2.118865
1.8795058 9.694419 -0.07422252 10.114124 2.55668 -1.173865
1.8507744 9.754275 -0.102953814 9.274125 2.55668 -0.683865
1.9728824 9.6585045 0.09577099 4.3041253 3.2916799 -1.0688651
1.7262721 9.541185 0.17238778 0.874125 2.4516802 -1.768865
1.5634614 9.543579 0.2561874 0.83912504 0.0016800001 -3.6938648
1.7358493 9.529214 0.2370332 0.83912504 0.17668 -3.0288649
1.8531687 9.471751 0.09577099 1.574125 0.07168 -1.0688651
1.6831752 9.423865 0.28731298 1.819125 -0.87332 -0.71886504
1.8938714 9.555551 0.41420954 0.279125 0.14168 -0.893865
1.8603516 9.596253 0.14605077 0.874125 1.05168 0.15613501
1.7358493 9.522031 0.05027977 2.904125 0.49168003 0.086135
1.4676905 9.445415 0.19154198 2.379125 0.66668004 -0.193865
1.8627458 9.60583 0.3232271 0.349125 0.98168004 -0.018864999
1.8244374 9.72315 0.17717634 0.664125 1.36668 1.9411348
1.6544439 9.711179 0.07901107 3.149125 0.45668 2.081135
1.6712039 9.682447 0.11253092 3.989125 0.07168 1.2761351
1.8603516 9.629773 0.19154198 3.044125 0.21168001 2.186135
1.7741576 9.519637 0.10774237 2.659125 0.28168002 3.516135
1.472479 9.466963 0.14365649 3.9541254 -1.32832 3.516135
1.8699286 9.457385 0.2370332 4.4441247 -1.74832 3.726135
2.1141446 9.534002 0.12450229 4.3391247 -0.59332 6.3511353
1.8579572 9.586677 -0.12450229 6.684125 0.31667998 7.366135
