-1.620924 9.2419 -0.9601042 11.444125 -5.38832 0.051135
-1.6089526 8.980925 -1.4868447 24.709126 -15.29332 0.296135
-1.7550035 8.844451 -1.6089526 22.014126 -11.338321 1.9761351
-2.0590763 8.820508 -1.2905141 10.4991255 0.94668 1.9761351
-1.908237 8.74868 -0.9529214 -1.330875 11.97168 1.101135
-1.4796618 7.8268843 -1.2474172 -6.8258753 18.586681 1.9761351
-1.9944309 7.860404 -1.5083932 -4.375875 17.291681 -1.9788648
-2.8611584 7.632948 -1.2498114 -2.835875 11.23668 -11.078865
-2.8467927 6.859597 -1.0079896 -4.585875 3.92168 -16.923864
-2.6241252 6.4429936 -0.81165916 -5.810875 -1.53832 -15.418865
-2.5906053 5.89231 -0.94095 -5.075875 -1.08332 -11.148866
-2.7151077 5.3081074 -1.1444633 -2.730875 1.2966801 -12.128864
-2.796513 5.238673 -0.97446984 -2.415875 5.1466804 -17.168865
-2.4373717 5.2841644 -0.4836435 -5.110875 9.17168 -21.263865
-1.838803 4.9537544 -0.32801566 -6.965875 7.42168 -24.728865
-1.7310607 4.6113734 -0.40223816 -5.460875 6.37168 -37.46887
-1.7190893 4.948966 -0.21787901 -7.2808747 24.78168 -40.688866
-1.8914771 4.381523 -0.06943397 -5.495875 42.52668 -42.053864
-2.5906053 4.5610933 -0.06943397 5.5291247 33.70668 -46.498867
-2.6097596 4.7526355 -0.7015225 19.319126 12.91668 -41.143867
-1.5467016 4.575459 -1.4485363 25.234125 -3.56832 -29.173866
-1.1109436 4.747847 -1.185166 12.424126 -0.20832 -17.203865
-1.5538844 5.3272614 -0.29210153 -9.170876 16.871681 -4.848865
-1.5658557 6.5603127 0.4189981 -21.735874 27.65168 7.5061355
-1.2593886 7.168459 0.21309046 -19.355875 19.63668 19.406136
-0.23224466 7.5060515 0.28013015 -12.740875 10.29168 31.166132
1.3360053 8.885154 1.0319325 -9.310876 6.37168 43.941135
2.5929997 9.8237095 0.27294734 -2.310875 4.23668 46.706135
0.7829279 10.1541195 -1.3671309 4.164125 0.52668 33.126137
-1.6975409 10.606637 -0.5865973 -9.625875 5.95168 19.196136
-0.845179 10.934653 1.0726352 -36.785877 13.33668 23.851137
0.84039044 11.676878 1.1444633 -44.485874 -2.79832 39.461136
-1.0127783 12.174888 -0.07422252 -27.370874 -25.72332 42.96114
-1.6927522 12.138973 0.31604427 -17.955873 -26.14332 35.15614
-0.47885495 12.395161 1.0223553 -24.150877 -18.058321 40.651134
-0.44533512 12.919507 0.39266106 -21.315874 -24.98832 50.346134
-0.57462597 13.479767 0.39266106 -10.745875 -32.793324 52.376133
-0.4668836 13.913131 0.16041641 -6.895875 -33.52832 53.74114
0.28731298 14.301003 0.505192 -8.365875 -30.763319 57.031136
-0.03351985 14.260301 0.59378016 -10.395875 -27.78832 57.556133
-0.56265455 14.629019 0.11492519 -8.470876 -27.05332 52.131138
-0.035914123 14.82535 -0.6703969 -2.415875 -28.628319 49.506134
0.15802214 14.8516865 -0.55786604 -3.815875 -28.523321 50.311134
-0.49800915 14.633807 0.05027977 -16.345875 -23.37832 50.24114
-0.7805336 14.377621 0.2849187 -29.330875 -15.43332 44.18614
-0.19393626 14.336918 0.69673395 -33.355877 -5.9833198 41.176132
1.7502149 14.324946 0.79250497 -28.140877 2.7666802 43.766136
1.6352897 13.805388 0.45251793 -14.840874 10.29168 42.786137
-0.14365649 13.036826 -0.3328042 -1.260875 7.87668 33.896137
-0.28252444 12.455017 -0.49082634 8.329124 3.8166797 22.206135
1.0941836 12.553183 -0.24900457 7.8741255 2.80168 21.576134
0.59378016 12.414315 0.11013664 3.219125 -1.6783199 25.286135
0.0023942748 11.693638 0.9529214 -2.2058752 -2.30832 18.846136
1.3048798 11.296188 0.6943397 -5.460875 2.38168 12.266135
1.3647367 11.159715 -0.38787252 2.344125 2.6266801 12.931135
0.5363176 10.711986 -0.102953814 15.084125 0.94668 9.081135
0.25379312 9.826104 0.74701375 1.8891249 7.3166795 -2.083865
0.80687064 9.565128 0.6440599 2.309125 10.0466795 2.2211351
1.802889 9.560339 0.102953814 10.324124 8.92668 6.946135
1.2833313 9.399923 -0.36632404 17.009125 3.67668 3.551135
1.0678465 9.100638 -0.32083282 14.769125 1.82168 -0.053865
1.1923488 9.361614 -0.13886794 8.854124 2.20668 2.256135
2.0614705 9.792584 0.052674048 5.914125 4.23668 5.581135
1.6999351 9.680053 0.15802214 7.3841243 -0.83831996 2.2211351
0.51716334 9.634562 0.12210801 9.694125 -4.3383203 -5.548865
0.64166564 9.653716 -0.14365649 8.854124 -2.27332 -4.988865
1.3838909 9.864412 -0.021548472 4.269125 0.87668 1.206135
1.4940275 10.032011 -0.098165266 2.589125 -0.17332 2.2211351
1.0558752 9.862018 0.038308397 2.939125 -1.5033201 -1.873865
1.1372806 9.847652 -0.10774237 2.764125 -0.83831996 -4.043865
1.3000913 9.929058 -0.45012367 3.5341249 -0.13832 -2.573865
1.1779832 9.852441 -0.2466103 1.364125 -1.22332 -2.7138648
1.0510867 9.682447 0.052674048 -3.8858747 0.07168 -3.5888653
0.57462597 9.541185 0.028731298 -5.180875 0.80667996 -4.498865
0.6440599 9.522031 0.08140534 -2.4508748 0.17668 -4.9188647
1.3024855 9.787795 -0.076616794 0.979125 1.85668 -1.6988649
1.1492519 9.917087 -0.39505535 5.7741256 1.71668 1.556135
0.7829279 9.850046 0.035914123 7.699125 -1.22332 -0.543865
1.2138973 9.869201 0.011971374 5.249125 0.84168 -1.103865
1.611347 9.921875 -0.24182175 6.579125 2.6266801 1.7661351
1.1516461 9.833286 -0.3232271 9.6241255 0.38668 0.856135
1.297697 9.759064 -0.14605077 8.889125 1.15668 -2.608865
1.3575538 9.763853 -0.047885496 6.089125 1.9616798 -3.098865
0.9720756 9.541185 -0.16759923 4.3041253 1.82168 -3.3788652
0.87630457 9.311335 -0.117319465 2.9741251 1.9966801 -4.253865
1.0702409 9.215564 0.038308397 1.399125 0.17668 -3.728865
0.88109314 9.337671 -0.09337672 0.804125 -1.7833201 -3.0638652
1.0319325 9.486116 -0.20111908 2.1691248 -2.27332 -3.3438652
0.93616146 9.629773 -0.24900457 2.799125 -2.58832 -2.8888652
0.82602483 9.680053 -0.05506832 0.45412502 -1.6433201 -1.733865
1.0846065 9.715967 0.04070267 -2.870875 0.87668 -0.508865
1.2210802 9.893144 0.083799616 -3.325875 0.84168 1.346135
0.83081335 9.93624 -0.20351335 -0.455875 -1.8183202 1.066135
0.70870537 9.833286 -0.5411061 3.3591251 -1.74832 -1.6638651
0.91700727 9.732727 -0.39505535 0.594125 0.0016800001 -0.053865
1.2665714 9.821315 0.031125572 -3.395875 0.31667998 1.731135
0.9241901 9.948212 -0.011971374 -1.120875 -0.97832 -0.613865
0.679974 9.859624 -0.19633053 2.484125 -2.02832 -2.153865
1.1253091 9.830893 -0.16041641 2.449125 -1.46832 -0.123865
1.4078336 9.996098 -0.16520496 1.2591251 -0.20832 1.136135
1.175589 10.115811 -0.045491222 0.594125 0.56168 -1.8388652
0.74701375 9.900327 0.031125572 0.349125 1.85668 -5.303865
0.723071 9.7135725 -0.09577099 0.83912504 2.27668 -5.443865
0.7805336 9.70639 -0.41420954 1.609125 1.36668 -3.623865
0.5985687 9.641745 -0.46209505 -0.840875 0.17668 -2.608865
0.7805336 9.692024 -0.14126222 -6.9308753 0.98168004 -1.3138651
0.9720756 9.754275 -0.14126222 -10.395875 1.9616798 1.031135
0.8786988 9.692024 -0.5147691 -8.400875 -0.45332003 0.891135
0.8475733 9.684841 -0.28731298 -8.855875 -1.3983201 -0.088865004
0.86193895 9.711179 0.08858817 -13.510875 -0.34832 0.121135004
0.90982443 9.783007 0.31125572 -14.420876 -0.41832 0.47113502
