-1.3934679 9.668081 -0.21548474 4.758915 -12.037655 3.88752
-1.7478206 9.61062 0.0 1.5039151 -13.822655 -0.62748003
-1.776552 9.814133 -0.052674048 -2.836085 -10.322656 -4.05748
-1.3575538 9.80695 -0.30167863 -4.481085 -3.3226552 -3.67248
-1.2857256 9.885961 -0.4189981 -2.731085 2.137345 -0.41748002
-1.4341706 9.859624 -0.4070267 0.068915 1.577345 3.36252
-1.6041641 9.751882 -0.37829542 1.818915 -2.2026548 2.2775202
-1.6328955 9.672871 -0.32083282 1.3989149 -4.862655 -1.64248
-1.6831752 9.720756 -0.15083931 -0.24608499 -4.5476546 -3.49748
-1.611347 9.727939 -0.22266756 -2.031085 -3.3926551 -3.5324802
-1.620924 9.653716 -0.15802214 -1.996085 -3.567655 -2.23748
-1.7119064 9.617802 -0.12929083 -1.611085 -3.1126552 -1.78248
-1.7478206 9.72315 -0.15562786 -1.6810851 0.002345 -2.06248
-1.5921928 9.826104 -0.19633053 -0.421085 2.032345 -1.39748
-1.4533248 9.91948 -0.29210153 2.133915 2.207345 0.31752
-1.3719195 10.0368 -0.38068968 5.318915 0.107345 0.52752
-1.2234744 10.0439825 -0.65363705 8.363915 -3.8126547 -3.8474798
-1.3479767 10.046377 -0.5698374 5.1789155 -2.832655 -7.06748
-1.594587 10.000886 -0.34716985 0.453915 -0.24265501 -10.63748
-1.7526091 9.847652 -0.339987 -1.7510849 1.087345 -12.31748
-1.8196489 9.694419 -0.37829542 -0.94608504 0.52734506 -12.422481
-1.9728824 9.538791 -0.40223816 -0.176085 -0.102655 -11.65248
-1.8483802 9.332883 -0.2466103 -0.631085 0.002345 -9.797481
-1.8411974 9.349643 -0.16041641 1.153915 -0.732655 -6.92748
-1.8172545 9.122187 -0.6201172 7.663915 -2.622655 -4.7224803
-2.1189332 8.636149 -1.4652961 15.538915 -3.567655 -5.00248
-2.5403256 7.9561753 -1.6161355 16.203915 -0.172655 -9.02748
-3.2705793 7.26423 -1.2761484 5.738915 2.907345 -16.06248
-3.9864676 6.8787518 -0.5243462 -9.346086 5.7423453 -20.962479
-4.0199876 6.58665 -0.4070267 -17.781084 11.552345 -16.132483
-3.562681 6.136526 -0.36632404 -17.361084 15.332345 -6.78748
-3.502824 5.66246 -0.55307746 -16.031086 19.427345 -1.78248
-3.4166303 5.540352 -0.71588814 -15.821085 26.462345 -1.74748
-3.3519847 5.5954204 -0.6560313 -16.066086 28.387346 -0.59248
-3.0766432 5.394301 -0.6847626 -17.501085 20.197344 0.77252
-2.648068 5.1979704 -0.67279124 -20.756084 14.072345 1.89252
-2.4948344 5.1261425 0.026337024 -28.351086 13.547345 1.50752
-2.6337023 5.047131 1.0678465 -36.016087 14.982345 -3.67248
-2.3583608 4.678413 1.3791022 -34.791084 13.372345 -9.44748
-2.3775148 4.2977233 1.0223553 -18.656084 9.452346 -13.54248
-2.9066496 4.443774 -0.37829542 11.023915 7.212345 -22.537481
-3.4022646 4.8723493 -0.8379962 36.223915 7.3173447 -30.972479
-2.6767993 4.355186 -0.77574503 38.428917 9.242346 -24.42748
-1.2522057 4.470111 -0.409421 24.218916 11.167345 -3.56748
-0.8379962 4.929812 0.052674048 10.078915 9.697345 16.66252
-0.26097596 5.6744313 -0.30886146 5.983915 11.237346 23.62752
0.6440599 6.65369 -0.8379962 11.898915 12.042345 27.26752
0.5243462 7.2977495 -0.1987248 13.683915 9.837345 38.88752
1.211503 8.073495 0.6296943 4.723915 8.927345 52.43252
2.0662591 9.845258 -0.26097596 25.863916 -1.292655 55.09252
3.1436827 10.858036 -2.3128695 47.598915 -19.422655 55.58252
2.0255566 10.757477 -2.4780743 31.568916 -24.742655 51.80252
1.2210802 10.565935 0.20111908 -8.541085 -5.492655 45.67752
2.4421604 10.92747 0.17478207 -22.821085 2.767345 53.86752
2.9952378 11.787015 -1.1157321 -5.671085 -9.622656 59.537518
1.8411974 12.251504 0.028731298 2.868915 -27.472654 50.647522
1.5969813 12.399949 1.6089526 -3.9560847 -33.73766 39.65752
1.9130256 13.496527 0.6751855 4.9339147 -27.297655 44.20752
2.4637089 13.932285 -1.8340145 27.648914 -18.337654 53.237522
3.8284454 14.844503 -1.647261 29.223913 -17.322657 55.897522
3.0239692 15.785454 -1.1660118 12.073915 -16.202656 44.17252
1.1779832 16.144594 -1.6496553 0.27891502 -4.4426546 19.987518
-0.53871185 14.403957 -2.7893302 -4.0610847 -4.0576553 9.83752
-1.2881198 13.439064 -1.3120626 -21.946085 -21.837654 14.17752
-0.87630457 14.253118 1.0343267 -55.686085 -19.107655 25.65752
-0.505192 14.621837 0.83081335 -63.456085 -4.197655 39.83252
-0.7733508 14.415929 0.58420306 -43.471085 -12.142654 42.45752
-0.2657645 14.44466 1.5874043 -30.171087 -17.882654 39.62252
0.27055305 14.631413 1.2929084 -23.066086 -4.932655 38.08252
0.24421602 14.413534 0.098165266 -4.796085 6.582345 33.25252
0.21787901 13.989748 -0.9026416 14.558915 8.682345 21.45752
-0.21309046 13.079924 -0.75180227 20.228916 8.892345 8.647521
-0.37350687 12.172493 -0.409421 14.068915 10.292345 -0.83747995
0.35914123 11.734341 -0.42378664 10.008915 11.377345 -4.5124803
1.185166 11.583502 -0.9217958 11.023915 10.222344 -2.9374802
0.64166564 11.209994 -0.6177229 10.708915 8.542345 -3.70748
-0.4285752 10.415095 0.057462595 6.403915 6.7923446 -11.86248
-0.15083931 10.108628 0.18914771 3.393915 5.3223453 -16.27248
0.7398309 10.410307 -0.45970076 5.878915 4.3423448 -10.287479
0.6895511 10.460587 -1.0008069 10.673916 4.727345 -3.9524798
0.531529 10.297776 -0.33759275 9.693915 4.797345 -4.86248
0.37111259 10.1206 -0.17238778 2.133915 5.3223453 -9.44748
0.70870537 9.96976 -0.51716334 0.663915 3.887345 -11.51248
0.90982443 9.744699 -0.46209505 3.8139153 -0.9426551 -10.32248
0.74701375 9.699207 -0.045491222 2.413915 -1.3976551 -9.97248
0.59378016 9.567522 -0.19154198 -1.541085 1.332345 -12.387481
0.5865973 9.541185 -0.56744313 3.6039152 -0.80265504 -13.01748
0.6273 9.356826 -0.65842557 2.2039149 -1.0126549 -10.04248
0.49082634 9.29218 -0.4166038 -2.836085 -0.487655 -8.85248
0.50040346 9.203592 -0.21787901 -6.056085 -0.417655 -6.99748
0.5889916 9.380769 -0.18196489 -4.481085 -1.3976551 -5.1424804
0.4860378 9.574705 -0.45251793 -0.141085 -2.692655 -4.12748
0.18196489 9.481328 -0.6943397 2.2039149 -4.1626554 -3.42748
0.26337022 9.37598 -0.37111259 -0.806085 -4.862655 -1.4674801
0.5123748 9.557945 -0.31125572 -4.341085 -2.832655 2.1725202
0.7541966 9.979338 -0.49082634 -3.011085 -1.537655 3.43252
0.52674043 9.996098 -0.6368771 -0.52608496 -2.587655 1.33252
0.4836435 9.761458 -0.23463893 -1.611085 -3.2876549 -1.50248
0.13886794 9.596253 -0.12929083 -2.976085 -1.8876551 -2.27248
0.36871833 9.715967 -0.22985038 -1.296085 -0.24265501 -1.4674801
0.69194543 9.864412 -0.4166038 1.4339151 0.772345 1.1225201
0.4285752 9.869201 -0.29928434 2.973915 -0.627655 0.35252
0.12450229 9.624985 -0.25139886 2.728915 -0.137655 -2.37748
0.21069619 9.522031 -0.3615355 2.728915 1.157345 -1.78248
0.43096948 9.6896305 -0.4668836 3.7089152 0.45734504 1.4725201
0.749408 9.941029 -0.44772938 3.8139153 0.14234501 3.2225199
0.3304099 9.864412 -0.53871185 3.1139147 0.59734505 2.13752
0.3040729 9.747093 -0.5243462 3.148915 -0.312655 -0.87248
0.4189981 9.648928 -0.40463245 1.643915 -1.607655 -0.34748
0.44772938 9.584282 -0.05985687 -1.7160851 -1.572655 1.89252
0.67279124 9.699207 -0.31125572 -2.6260853 -1.3626549 2.7675202
0.74222517 9.9889145 -0.80208206 2.623915 -4.372655 2.7675202
0.5770202 9.909904 -0.7134939 5.948915 -7.3476543 1.08752
0.2849187 9.701602 -0.29689008 1.3639151 -7.067655 -0.66248
0.31604427 9.567522 -0.13647367 -5.356085 -4.1626554 -1.3274801
0.4860378 9.634562 -0.28013015 -6.5460854 -1.502655 0.24752
0.86193895 9.881172 -0.5147691 -3.431085 -1.2226549 2.5575202
0.67279124 9.907509 -0.505192 -1.051085 -1.082655 3.2925203
0.20111908 9.696813 -0.23463893 -1.191085 -0.102655 0.87752
0.4644893 9.725544 -0.2561874 -2.276085 1.087345 -1.57248
0.61293435 9.727939 -0.3974496 -1.6810851 0.91234505 0.91252
0.28970724 9.687236 -0.31365 2.0639153 0.52734506 1.0175201
0.37590113 9.761458 -0.5219519 4.1989145 0.14234501 1.8225201
0.9074302 10.075109 -0.81165916 4.618915 -1.117655 4.34252
0.66800267 10.075109 -0.52913475 0.138915 -2.062655 3.39752
0.15802214 9.871595 -0.16281068 -4.411085 -1.1526549 -1.29248
0.32083282 9.842864 -0.35674694 -2.8010852 -4.0576553 -0.9774801
