-1.5059988 9.45978 -0.84039044 1.2241249 8.75168 2.3261352
-0.94573855 9.567522 -0.56744313 -0.700875 3.7466798 7.9961348
-0.8667275 9.598648 -0.6703969 -1.330875 -3.18332 8.276135
-1.2426286 9.627379 -0.8643332 0.76912504 -5.91332 2.8511348
-1.4676905 9.581888 -0.7877164 0.594125 -3.49832 -2.013865
-1.3719195 9.366403 -0.749408 -2.2408752 0.98168004 -2.503865
-1.4102279 9.44302 -0.80687064 -4.375875 3.08168 -0.788865
-1.2593886 9.340066 -0.9864412 -4.865875 4.20168 0.296135
-1.2857256 9.014444 -0.9577099 -5.565875 3.7466798 0.64613503
-1.5586729 8.727132 -0.8834874 -7.2808747 1.6466801 -1.383865
-2.2027328 8.566715 -0.9194015 -8.610875 1.9616798 -3.903865
-2.2865324 8.490098 -0.7110996 -8.820875 7.8416805 -4.0088654
-1.7573977 8.571504 -0.5770202 -7.3858747 13.231681 0.261135
-1.2426286 8.164477 -0.5458947 -0.49087498 5.46168 4.916135
-1.6448668 7.721536 -0.57462597 12.529125 -13.43832 0.191135
-1.8148603 6.672844 -0.88109314 26.109125 -26.59832 -14.998865
-1.934574 5.521198 -0.84278476 32.619125 -28.76832 -27.108866
-2.116539 4.6065845 -0.5913859 27.544127 -24.533321 -34.528866
-1.9896424 3.9194279 0.014365649 0.45412502 -5.00332 -49.473866
-1.2498114 3.1077688 0.56744313 -9.380876 -3.8483202 -49.753864
-1.3647367 3.265791 -0.5650489 -8.855875 4.30668 -47.583866
-1.7526091 3.7709827 -1.2186859 -7.875875 27.161682 -45.09887
-1.489239 3.8954852 -1.1277034 -14.140875 42.071682 -39.00886
-1.1037607 3.8930907 -0.53392327 -16.590874 19.07668 -35.823864
-1.3838909 4.786155 -0.6560313 -11.935876 -11.548321 -27.318865
-1.4150164 4.96812 -1.2258687 -10.605875 -8.083321 -9.678865
-2.3942747 5.106988 -0.057462595 -24.360876 13.16168 -0.788865
-2.5235655 6.081458 1.7717633 -38.500874 24.39668 -3.973865
-1.6568382 6.976917 1.9537282 -29.785875 12.91668 2.536135
-1.4293821 7.405492 -0.7589851 12.074125 -12.49332 21.716135
0.7972935 8.073495 -1.6951466 40.949127 -4.3383203 35.12113
2.667222 9.93624 -0.18196489 23.344126 3.43168 35.086136
-0.090982445 11.368017 0.7709565 0.139125 8.01668 20.351135
-2.597788 11.253092 0.38308397 1.2241249 23.48668 3.2011352
-3.050306 11.408719 -1.0151725 4.619125 39.44668 11.111135
0.38308397 11.925883 -1.1684061 -2.870875 37.80168 44.501133
1.6424725 11.669696 -1.1612233 -14.945876 14.03668 77.156136
-1.3551595 12.196436 0.052674048 -23.345875 -11.163321 78.031136
-2.865947 12.280235 1.1205206 -33.390877 -12.77332 62.00113
-0.083799616 12.79261 1.9106313 -38.990875 -0.41832 70.71613
1.3383996 13.738349 1.4652961 -27.020876 -2.7633202 98.086136
0.8834874 14.140587 -0.062251143 0.52412504 2.17168 102.461136
0.679974 13.585115 -1.3647367 23.694124 11.97168 89.40613
1.3383996 13.558778 -1.0654523 30.239126 13.12668 78.031136
0.6751855 13.922708 -0.7398309 21.629126 6.47668 72.57114
0.5889916 13.98496 -1.5395187 16.064125 0.63168 61.756138
0.9481328 14.104672 -1.5969813 13.089126 0.49168003 53.251137
1.0008069 13.700041 -1.1396748 1.2241249 0.31667998 51.396133
0.21548474 13.666521 -1.0702409 -11.970875 -5.2833204 45.901134
-0.04070267 13.542018 -1.333611 -18.585875 -8.818319 37.011135
0.62251145 13.044009 -1.6065584 -20.685875 -6.0883203 35.576138
2.169213 12.988941 -1.4605076 -21.455877 -4.16332 40.301136
2.6241252 13.154146 -0.94573855 -24.710875 -4.30332 42.681133
2.0878077 12.924295 -0.22985038 -29.260876 -5.5283203 35.33114
1.5299416 12.498115 -0.32562137 -26.320875 -9.06332 11.881135
1.8196489 11.961797 -0.61293435 -18.795876 -7.3483205 9.326135
2.308081 11.468576 -0.4860378 -16.380875 -9.62332 7.9961348
1.7382435 10.951413 0.105348095 -19.915874 -9.48332 3.9711347
1.2402344 10.5395975 0.9529214 -19.285875 -5.5983195 -0.29886502
1.3862851 10.38397 0.6943397 -5.915875 -3.53332 0.47113502
1.6999351 10.556357 -0.23942748 11.969125 -1.04832 1.9411348
1.1947432 10.850853 -1.010384 19.984125 -0.13832 0.36613497
1.7214836 10.307353 -0.70870537 12.494124 -1.43332 -2.4688652
1.4700848 10.08708 -0.10055954 -0.630875 -1.01332 -2.923865
1.5227587 9.718362 0.117319465 -6.6858754 1.05168 -4.533865
2.2194927 9.6896305 0.031125572 -6.755875 -1.08332 -3.4138649
1.9178141 9.694419 0.098165266 -5.040875 -4.82832 -4.6038647
1.2641771 9.431048 0.45970076 -6.335875 -4.68832 -8.523865
1.7885233 9.342461 0.7039168 -7.630875 -2.4483202 -7.298865
1.9417568 9.44302 0.7446195 -4.7608747 -1.60832 -2.853865
1.7454263 9.656111 0.105348095 1.364125 -0.66332 -3.658865
1.5562786 9.560339 -0.2753416 6.089125 1.4366801 -5.688865
1.4557191 9.416683 -0.07422252 1.9241251 3.9566798 -5.373865
1.5490957 9.452597 0.019154198 -3.8858747 3.32668 -3.518865
1.733455 9.624985 0.062251143 -5.110875 0.94668 -1.523865
1.5562786 9.5794935 0.17957062 -5.005875 -0.97832 -1.453865
1.2498114 9.433443 0.18914771 -4.585875 -2.83332 -3.0288649
1.5778271 9.519637 0.22985038 -3.7458751 -3.8833199 -2.608865
1.4868447 9.577099 0.29210153 -3.5708752 -4.02332 0.331135
1.5969813 9.684841 0.55786604 -3.290875 -4.37332 0.611135
1.5490957 9.744699 0.34716985 -2.0308752 -3.7783198 0.121135004
1.5850099 9.814133 0.22985038 1.0841249 -3.7783198 -0.438865
1.5036045 9.785401 0.31365 1.119125 -2.9383202 -0.29886502
1.5706443 9.747093 0.4932206 -1.295875 -2.13332 -0.578865
1.4557191 9.646533 0.37350687 -1.8558749 -1.88832 -0.92886496
1.3024855 9.5794935 0.09337672 0.314125 -2.09832 -1.0688651
1.9465454 9.792584 0.16520496 1.8891249 -1.7133201 -0.64886504
1.5371244 9.72315 0.32801566 0.034125004 -0.27831998 1.066135
1.4078336 9.668081 0.57462597 -1.8908751 -0.59332 -1.103865
2.0686533 9.984126 -0.0023942748 -1.575875 0.45668 -2.258865
1.8819 10.0200405 -0.15802214 2.1691248 0.80667996 -0.123865
1.132492 9.6896305 0.38308397 2.9741251 -1.32832 -3.448865
1.2737542 9.526819 0.61293435 -2.590875 -2.16832 -8.173865
1.5538844 9.687236 -0.016759925 0.489125 1.71668 -2.293865
1.4341706 9.715967 -0.18914771 2.939125 -0.9433201 -2.153865
1.0678465 9.395134 0.25858167 -2.1008751 -2.20332 -2.643865
1.1612233 9.316123 0.28252444 -4.095875 -1.88832 -0.193865
1.324034 9.347249 -0.07901107 -1.0858752 -1.9933201 4.1811347
2.0854135 9.541185 -0.18196489 -1.680875 -1.04832 7.5061355
2.0949905 9.665688 -0.090982445 -5.075875 -1.01332 7.5061355
1.5754328 9.627379 -0.031125572 -6.160875 -3.46332 2.4311352
1.6544439 9.567522 0.21787901 -7.0708747 -3.8133202 0.436135
1.5036045 9.627379 0.409421 -7.3158755 -4.5833197 0.576135
1.4293821 9.732727 0.25139886 -4.830875 -5.5983195 -0.018864999
1.5634614 9.730332 0.18196489 -2.870875 -5.66832 1.101135
1.786129 9.783007 0.59378016 -5.110875 -4.93332 2.186135
1.673598 9.850046 0.65363705 -5.810875 -4.12832 1.521135
1.376708 9.821315 0.2753416 -1.190875 -5.45832 -1.0688651
