-2.2601955 9.428655 -1.2402344 -3.59359 5.38489 -4.2382197
-2.0494993 9.411894 -0.9696813 -5.55359 6.9248896 -0.77322006
-1.6951466 9.565128 -1.1372806 -5.58859 6.39989 -0.14321999
-2.2841382 9.651321 -1.1037607 -2.6135902 2.1648898 -3.08322
-2.343995 9.44302 -1.2067145 -0.12859002 -2.66511 -7.42322
-2.3655436 9.435837 -1.0486923 0.36141002 -3.2951102 -7.21322
-2.3392065 9.411894 -0.84996754 -1.5635899 -0.46011004 -5.14822
-2.300898 9.500483 -0.83081335 -2.5085902 4.61489 -2.27822
-2.1644244 9.538791 -1.1899546 0.60640997 5.97989 0.38178003
-2.169213 9.567522 -1.2234744 5.0164104 2.26989 1.99178
-2.135693 9.565128 -1.3192455 7.15141 -1.51011 1.9567801
-2.0016139 9.488511 -1.5490957 8.06141 -3.43511 1.4667801
-2.1404817 9.495694 -1.4293821 5.92641 -2.66511 1.0467801
-2.2314641 9.555551 -1.2474172 -0.37359 2.61989 -0.07322
-2.2410412 9.514848 -1.1564348 -5.51859 7.4498906 -0.42322
-2.0925963 9.387952 -1.1684061 -5.76359 6.60989 -1.0182201
-2.3392065 9.1940155 -1.2785428 -2.64859 2.1298902 -2.9432201
-2.5929997 8.8636055 -1.3791022 -0.09359 -2.28011 -5.95322
-2.6145482 8.439818 -1.3934679 0.53641 -2.8751101 -8.82322
-2.8156672 8.004061 -1.3048798 0.18641001 -4.97511 -10.60822
-3.265791 7.580274 -1.2138973 -0.40859 -9.38511 -13.5832205
-3.8356283 7.379155 -1.3527653 3.09141 -15.51011 -19.14822
-4.1780095 6.969734 -1.211503 8.37641 -23.315111 -21.24822
-3.493247 6.244269 -1.3000913 11.17641 -27.550112 -19.67322
-2.7989073 5.9617443 -1.2258687 8.06141 -23.805109 -14.143221
-1.7047237 5.6935854 -1.132492 0.25641 -16.17511 -11.90322
-2.2601955 5.36557 -1.8435916 -9.368589 -7.460109 -18.97322
-3.5052183 5.157268 -2.1332989 -22.21359 6.71489 -31.538221
-3.7398572 4.767001 -1.812466 -36.843586 20.469889 -31.013222
-2.875524 4.7622128 -1.611347 -45.943592 24.73989 -22.78822
-2.691165 5.071074 -1.3264283 -49.26859 11.684891 -11.20322
-4.187587 5.0136113 -0.70870537 -51.47359 0.06489 -8.718221
-4.7167215 5.154874 0.6081458 -49.72359 -3.6801097 -11.69322
-3.7661943 5.442187 0.749408 -34.81359 -12.85011 -4.7632203
-2.6121538 6.2538457 -0.2561874 -9.368589 -28.98511 20.29678
-1.2785428 6.6201696 -0.33759275 4.77141 -37.595108 41.05178
-1.1899546 6.3280683 0.2777359 3.96641 -42.49511 38.60178
-1.620924 6.6704497 0.03351985 5.40141 -48.16511 24.461779
-1.8747171 7.5252056 -0.3328042 11.596411 -49.285107 25.82678
-1.9106313 7.5587254 -0.14605077 8.341411 -46.62511 39.09178
-1.4317763 7.563514 1.1420691 -7.47859 -39.87011 44.691784
0.4166038 8.032792 2.6241252 -22.07359 -32.94011 50.921783
1.5107874 8.444607 1.5874043 -7.72359 -36.40511 62.051785
0.9026416 8.760652 0.047885496 28.43141 -43.40511 61.841774
-1.0391153 9.335278 0.409421 36.831413 -28.775112 46.091778
0.028731298 10.312141 2.4780743 7.11641 1.88489 36.60678
3.7230973 10.13736 1.8819 -9.75359 24.319891 53.26678
3.1245286 10.163696 -0.9696813 19.436409 8.32489 66.35677
0.071828246 10.194822 -1.324034 48.87141 -10.890111 43.746777
-1.9417568 10.111023 0.67279124 28.116411 -1.65011 15.74678
0.35435268 10.515655 2.1835787 -10.87359 18.334892 23.796778
3.502824 10.609032 1.175589 -14.82859 14.41489 57.46678
3.2083282 11.229149 -1.2258687 19.99641 -10.610109 79.83178
-0.34716985 11.868421 -1.3479767 50.37641 -27.935112 71.46678
-0.28013015 12.014471 0.15083931 36.44641 -16.63011 57.81678
1.1492519 12.874016 0.82123625 -0.16359 2.30489 69.50678
4.3240604 13.903554 -1.4437478 -4.01359 2.61989 92.15179
2.7486274 14.830138 -3.9864676 33.47141 -2.35011 98.06678
1.8244374 15.141394 -4.14449 62.451412 -16.280111 80.91678
2.5522969 15.1820965 -2.9928436 42.326412 -22.61511 65.23678
1.9369683 15.938687 -2.0159793 -38.55859 -15.860111 58.551777
1.4245936 16.048824 -1.1827718 -47.86859 -8.125111 45.07678
2.8443985 15.51969 -0.9864412 -42.82859 -13.375111 38.146782
2.3056867 15.320965 -0.8786988 -33.09859 -18.48511 26.77178
1.3838909 14.372831 -0.9768641 -25.258589 -13.6201105 9.796781
1.0439038 13.5611725 -1.2737542 -19.658588 -15.37011 -0.07322
0.75180227 12.967392 -1.1492519 -20.638592 -20.65511 -5.3932204
0.41420954 12.3257265 -0.047885496 -28.23359 -17.05011 -8.78822
0.6249057 11.894757 0.64166564 -30.543592 -6.97011 -7.87822
1.7430321 12.007288 -0.16759923 -17.17359 -0.70511 -1.82322
2.3535721 11.6649065 -1.0726352 0.116409995 -3.96011 -2.97822
1.1947432 11.205206 -0.73743665 1.51641 -10.01511 -13.96822
0.38787252 10.355239 0.19393626 -9.82359 -6.9001102 -21.98322
0.8092649 9.976943 0.5913859 -19.23859 4.19489 -17.95822
2.5475085 9.8237095 0.13168511 -13.743589 9.93489 -8.088221
1.924997 9.601042 0.0023942748 -2.7535899 3.7398896 -9.10322
0.5027977 9.1940155 0.5027977 -1.2485901 -2.24511 -19.63822
0.8978531 9.031204 0.7685622 -6.14859 3.17989 -19.078218
2.004008 9.158101 0.7589851 -6.56859 9.82989 -6.44322
2.432583 9.356826 0.5770202 0.29141 10.42489 0.03178
1.6328955 9.361614 -0.17238778 11.17641 3.8798902 -5.63822
1.0295382 9.251478 -0.28252444 17.79141 -3.33011 -14.143221
1.0079896 9.081485 -0.12689656 12.716411 -4.3451104 -15.15822
1.5730386 9.29218 0.26337022 1.79641 2.1298902 -8.85822
2.1835787 9.4932995 0.37350687 -5.20359 5.80489 -2.59322
1.4557191 9.507666 0.023942748 -2.6135902 1.98989 -3.2932198
0.5865973 9.186832 -0.014365649 4.03641 -3.4001102 -10.43322
0.66800267 9.0838785 0.11492519 2.63641 -1.0901101 -11.27322
1.9968252 9.378374 0.18435916 -2.9635901 2.30489 -3.01322
1.8579572 9.567522 0.11253092 -6.00859 3.42489 4.75678
0.96489275 9.452597 0.29928434 -5.58859 2.6898901 1.0117799
0.85236186 9.366403 0.14844504 -3.8035903 3.07489 -6.26822
1.201926 9.562734 -0.22027329 -1.2135899 2.96989 -3.6082199
1.446142 9.672871 -0.28731298 0.43140998 4.26489 1.99178
1.2210802 9.555551 0.047885496 -1.94859 8.00989 4.68678
1.23784 9.682447 0.11253092 -5.30859 11.0898905 2.83178
1.4820561 9.816526 -0.043096945 -4.0835905 9.79489 2.3417802
1.2929084 9.905115 -0.35435268 0.32641003 5.62989 3.3917801
1.2593886 9.72315 -0.3974496 4.2114096 -1.0201101 2.6917799
1.5562786 9.77343 -0.23942748 1.37641 -2.59511 4.2317805
1.6520497 9.847652 -0.17238778 -2.4035902 -3.61011 4.02178
1.3934679 9.763853 0.30646718 -6.14859 -2.70011 0.94178
1.3886794 9.763853 0.45970076 -6.1135902 -0.70511 -0.91322
1.4820561 9.749487 0.076616794 0.39641002 -2.14011 -1.0182201
1.3886794 9.668081 -0.2657645 4.2464104 -3.54011 -1.6482201
1.2043202 9.62259 0.090982445 -0.26859 0.37989002 -2.87322
1.3910737 9.699207 0.18914771 -5.23859 4.3698897 -1.9982201
1.3838909 9.730332 -0.15802214 -2.6135902 0.02989 -1.47322
1.1420691 9.651321 -0.021548472 -1.3885901 -3.85511 -2.20822
1.2067145 9.565128 0.45491222 -5.30859 -2.8751101 -1.36822
1.489239 9.7135725 0.2083019 -4.9235897 -2.45511 0.62678
1.4509305 9.735122 -0.12929083 0.67641 -3.0851102 1.0467801
1.1923488 9.653716 -0.0670397 1.62141 -3.6801097 -0.84322006
1.2498114 9.703996 0.3902668 -2.7535899 -3.75011 -1.82322
1.1708003 9.680053 0.42139238 -5.23859 -3.96011 -1.12322
1.158829 9.634562 0.2466103 -2.99859 -3.6801097 -0.35322002
1.462902 9.735122 0.37111259 -1.63359 -2.35011 1.60678
1.5227587 9.871595 0.37111259 -1.5285901 -1.82511 2.48178
1.4605076 9.917087 0.23224466 0.50141 -1.7551099 0.62678
1.1540405 9.850046 -0.07901107 3.4764102 -2.0351102 -1.85822
0.9960183 9.720756 -0.014365649 3.1264102 -1.51011 -2.48822
1.2833313 9.660899 0.22745611 -1.2135899 0.06489 -1.0182201
1.611347 9.63935 0.5147691 -4.85359 0.37989002 1.39678
1.3982565 9.670476 0.54350036 -4.9235897 0.90489006 1.92178
0.9385557 9.749487 0.1987248 -0.23359002 0.62489 -0.35322002
1.2450229 9.766247 -0.15083931 5.3664103 1.49989 -1.29822
1.6616267 9.759064 -0.07422252 7.04641 1.56989 1.7817799
