-1.6879637 9.684841 -1.350371 5.5205154 -11.459736 -9.054115
-1.8435916 9.562734 -1.0582695 8.390515 -13.979735 -10.314116
-1.6759924 9.541185 -0.7039168 4.400515 -9.394734 -7.199115
-1.5826156 9.519637 -0.7829279 -2.1444852 -4.144735 -4.6091156
-1.4557191 9.620196 -0.679974 -5.329485 1.700265 -1.3191149
-1.4389591 9.617802 -0.84996754 -3.6494849 4.6752653 1.130885
-1.5131817 9.596253 -1.1971374 0.060514994 1.350265 1.410885
-1.733455 9.615408 -1.1875603 4.8555155 -3.024735 -0.409115
-1.7143008 9.57231 -1.0151725 6.640515 -4.284735 -2.474115
-1.7143008 9.543579 -0.87151605 3.8405151 -2.849735 -4.049115
-1.7166951 9.60583 -0.84278476 0.480515 -1.659735 -3.069115
-1.4533248 9.514848 -0.7972935 -0.009485 -2.9897351 -1.459115
-1.5371244 9.349643 -1.2905141 1.880515 -4.354735 -0.059115
-1.9034485 9.471751 -1.4221992 4.505515 -5.054735 2.075885
-1.7286664 9.567522 -1.1013664 7.5505147 -4.844735 2.250885
-1.5012103 9.675264 -1.1612233 4.6805153 -0.994735 0.71088505
-1.1157321 9.567522 -1.3192455 5.590515 -6.9797354 0.255885
-1.2713599 9.617802 -1.4652961 8.005515 -11.704735 -1.529115
-1.3671309 9.483723 -1.5371244 6.360515 -10.024735 -4.994115
-1.5586729 9.344854 -1.472479 1.9855151 -3.164735 -9.579116
-1.5538844 8.973742 -1.3862851 -2.669485 -0.119735 -13.079115
-1.9752767 8.480521 -1.3791022 -5.049485 -0.50473505 -17.804113
-2.3559663 7.9920893 -1.4102279 -5.5744853 -3.094735 -23.929115
-2.6815877 7.3001437 -1.2210802 -5.9594846 -4.879735 -31.104115
-2.8707354 6.368771 -1.0510867 -6.169485 -8.134735 -35.444115
-3.4573328 5.6504884 -1.3264283 -5.819485 -11.914735 -36.774117
-4.314483 5.5188036 -1.4820561 -2.914485 -16.044735 -44.509117
-4.1947694 5.360781 -1.1181264 -6.729485 -19.929735 -41.46412
-3.7757714 5.1692395 -1.2546 -11.384485 -21.399736 -33.029114
-3.3040993 4.790944 -1.2737542 -17.124487 -12.264735 -27.114117
-2.423006 4.7526355 -0.8140534 -26.539484 -0.22473499 -23.929115
-2.351178 4.4749 -0.3615355 -34.449486 4.815265 -24.419117
-3.4022646 4.400677 0.019154198 -34.169483 0.68526506 -31.384115
-4.4126487 4.9776974 -0.56265455 -23.424484 3.660265 -36.879116
-3.6560576 5.190788 -1.5969813 -6.9044847 3.135265 -29.039116
-2.3727264 4.95136 -2.0710478 -0.35948503 -11.179735 -8.669115
-2.1596358 5.1452966 0.10774237 -14.184485 -23.919735 8.550885
-2.0614705 5.4302154 1.2761484 -29.164484 -29.169733 11.490885
-0.9313729 5.933013 -0.41420954 -17.894485 -33.719734 12.155885
-1.1061549 6.926637 -1.5658557 5.8005147 -42.784737 18.945887
-1.0654523 7.6305537 -0.05506832 7.6205153 -62.839733 23.670885
-0.34477556 7.620977 2.030345 -10.999485 -88.24973 24.965885
0.15802214 8.470944 1.9465454 -19.994486 -100.84974 27.625885
-0.019154198 8.672064 -0.076616794 -4.454485 -95.494736 26.995886
-0.55786604 9.038387 0.7948992 10.560515 -92.34474 23.810884
-0.9529214 9.550762 3.938582 -2.0044851 -85.37974 20.135885
-0.13647367 10.455798 4.4294086 -16.424486 -68.33474 23.985884
2.135693 10.865219 2.0949905 1.880515 -48.209736 36.200886
2.308081 10.683254 -0.11013664 42.270515 -31.339735 49.045887
1.2474172 10.642551 -0.2657645 70.06052 -21.049734 41.310886
-0.65842557 11.217177 -0.7685622 68.90552 -10.164736 26.855885
0.07901107 11.691244 -1.8076775 56.795517 -0.50473505 22.970884
0.6273 11.430268 -1.3671309 39.085518 7.6502643 39.280888
1.2617828 11.5308275 0.20351335 -13.764485 -10.479735 67.35089
1.7047237 11.973768 -0.090982445 -20.414486 -21.189737 72.21589
0.22985038 12.505298 -0.7709565 -23.214485 -18.039736 75.43589
0.3615355 12.543606 1.1205206 -40.609486 -6.8747354 76.97588
1.324034 12.725571 2.9042554 -51.599487 0.93026507 86.95088
2.0518935 12.907536 1.6831752 -31.964487 9.470264 95.45589
1.7981004 13.211608 -0.94573855 -2.949485 6.250265 98.01089
1.9297855 12.79261 -0.011971374 -1.9344851 -4.074735 91.04589
0.9768641 12.799793 1.5059988 -22.514486 -2.814735 88.38589
-1.3216397 13.494133 2.3487835 -26.049486 7.790265 82.680885
-0.4070267 14.466208 1.0415095 -2.0044851 14.475265 81.140884
2.0064023 15.146182 -0.8571504 30.965517 11.990266 89.43588
2.762993 16.020092 -2.7055306 45.80551 2.470265 88.000885
3.1053743 15.756722 -1.9968252 27.115517 -6.734735 75.12089
1.4269878 15.045623 0.21787901 -9.949486 -5.3697352 54.715885
0.7829279 14.073547 1.8603516 -32.104485 -7.539735 29.795887
1.56825 13.388784 1.56825 -28.219484 -5.964735 22.305885
2.1021733 13.10626 1.010384 -11.699485 -5.3697352 22.970884
1.9633054 12.682474 0.6249057 -2.389485 -3.129735 17.930883
1.8795058 12.036019 0.3615355 -0.639485 0.58026505 7.5358853
2.17879 11.478153 0.43096948 -0.919485 1.7352649 -0.024115
1.8795058 10.788602 0.4285752 -2.1444852 1.105265 -5.519115
2.1213274 10.067925 0.72785956 -4.664485 2.470265 -11.294115
2.6983478 9.708784 1.4413534 -8.549485 4.185265 -12.624115
2.2147043 9.565128 1.7071179 -8.864485 4.5002646 -14.164115
2.281744 9.25866 1.2569942 -1.549485 8.000265 -19.869116
2.3559663 9.205987 0.6943397 7.6905146 10.870266 -19.379114
2.595394 9.026416 -0.09337672 14.4805155 13.600265 -17.419115
2.152453 9.04557 -0.44533512 16.615517 11.010265 -17.174114
2.0064023 8.870789 0.22027329 9.615516 8.420265 -17.419115
1.8579572 8.729526 0.6656084 -3.509485 10.065265 -16.264114
1.7214836 8.81572 0.33759275 -7.7094846 9.400266 -13.219115
1.9178141 8.897125 0.16281068 -2.3194852 4.745265 -10.734116
1.9704882 9.043176 0.62251145 0.060514994 2.0852652 -6.674115
1.9034485 9.210775 0.69912827 -2.0744848 3.800265 -4.049115
2.1596358 9.57231 0.062251143 0.095515 4.990265 -3.069115
2.1811843 9.792584 -0.46209505 9.090516 -1.624735 -0.51411504
2.011191 9.675264 0.08140534 0.795515 -1.2747351 -0.584115
2.1309047 9.670476 0.6057515 -6.834485 0.860265 -0.654115
1.9489397 9.725544 0.51716334 -4.979485 -1.2397349 -1.389115
1.8555629 9.711179 0.2681588 -0.639485 -3.514735 -2.2991152
1.9202085 9.620196 0.43336374 -1.514485 -3.339735 -1.3541151
2.1500587 9.668081 0.6488485 -5.049485 -2.534735 0.220885
1.8866886 9.668081 0.80208206 -6.1344852 -2.4997349 -0.47911498
1.9633054 9.624985 0.74222517 -5.049485 -1.9747351 -1.459115
2.047105 9.545974 0.9624985 -5.014485 -0.9597351 -0.96911496
1.8675344 9.488511 1.5323359 -5.3644853 0.37026498 -1.879115
1.9752767 9.512454 1.6448668 -2.774485 4.2202654 -2.6841152
2.1476645 9.629773 1.2402344 5.100515 8.420265 -2.334115
2.1189332 9.885961 0.25858167 15.180515 9.890265 -2.614115
1.9489397 9.929058 -0.14365649 20.255514 7.3352647 -4.294115
2.0159793 9.799767 0.15083931 13.080515 5.0602646 -4.8891153
2.2410412 9.775824 0.6943397 0.760515 5.6902647 -3.6991153
1.9704882 9.694419 0.888276 -4.4894853 4.3602653 -4.504115
1.7837347 9.474146 0.8332076 -2.564485 2.120265 -6.779115
1.9944309 9.447808 0.9026416 -0.289485 1.035265 -5.904115
2.205127 9.471751 0.967287 -0.674485 1.9102652 -3.174115
2.1189332 9.435837 1.063058 -1.234485 2.120265 -2.019115
1.8100717 9.364009 1.0654523 -1.024485 4.185265 -3.419115
1.7789462 9.270632 0.89545876 1.6355151 7.300265 -4.574115
1.8651401 9.3592205 0.43815228 6.885515 6.880265 -3.9791155
1.8579572 9.483723 0.023942748 10.9805155 6.180265 -3.069115
1.7573977 9.598648 -0.062251143 10.665515 6.810265 -3.209115
1.6616267 9.519637 -0.028731298 7.0955153 6.9502654 -3.6641152
1.5131817 9.447808 -0.038308397 3.315515 4.9552646 -3.489115
1.8100717 9.574705 -0.12689656 0.13051501 3.135265 -1.9841151
1.8842943 9.526819 0.15562786 -3.439485 1.350265 0.885885
1.759792 9.447808 0.7853221 -7.534485 -1.2397349 1.340885
1.8866886 9.517242 0.8379962 -9.3544855 -1.029735 0.605885
1.9178141 9.507666 0.7039168 -6.589485 -0.294735 1.5158849
1.6688095 9.541185 0.73743665 -2.039485 0.055265002 1.4458851
1.6975409 9.641745 0.4740664 2.3705149 2.5402648 0.290885
1.7454263 9.72315 0.27294734 7.795515 1.7352649 0.290885
1.7933118 9.778218 0.409421 10.455515 4.185265 0.675885
1.7119064 9.77343 0.21548474 10.770515 4.745265 0.045885
1.7717633 9.761458 0.10055954 11.715515 3.485265 0.010885
1.7047237 9.842864 0.009577099 10.770515 2.1552649 -0.16411501
1.5850099 9.830893 -0.019154198 8.320515 0.790265 -0.54911506
1.6448668 9.715967 0.052674048 4.400515 -1.0997349 0.395885
1.8459859 9.653716 0.45251793 -0.21948501 -0.994735 2.145885
1.8555629 9.737515 0.5147691 -1.094485 -1.204735 1.5858849
1.8842943 9.785401 0.32083282 1.600515 -1.519735 0.430885
1.8914771 9.725544 0.19633053 3.175515 -1.379735 0.115885004
1.7693691 9.696813 0.28970724 2.230515 -1.169735 -0.409115
1.9561225 9.680053 0.4836435 0.23551501 -0.434735 -0.584115
1.7262721 9.672871 0.3615355 -0.079485 -0.22473499 -0.899115
1.7310607 9.672871 0.26337022 1.9855151 -0.364735 -2.159115
1.8651401 9.783007 0.098165266 3.210515 -0.749735 -1.249115
1.8411974 9.797373 0.0071828244 2.160515 -2.0797353 -0.724115
1.8603516 9.696813 0.2466103 -2.179485 -2.0097349 -0.82911503
1.8292259 9.577099 0.62251145 -6.4494853 -1.2397349 -0.96911496
1.8603516 9.457385 0.8739103 -6.589485 -1.624735 -1.389115
1.8100717 9.505271 0.76137936 -2.039485 -1.204735 -2.2991152
1.6161355 9.644139 0.24900457 5.240515 0.89526504 -3.2441149
1.8579572 9.696813 -0.057462595 10.3155155 1.8752651 -2.894115
1.7789462 9.763853 0.021548472 9.300516 2.890265 -1.2841151
1.7837347 9.735122 -0.0071828244 6.080515 3.310265 -1.9141148
1.7957062 9.629773 -0.1340794 4.505515 2.470265 -2.824115
