-2.27 8.61 -0.02 20.053522 -5.7295775 -16.042818
-2.3799999 8.32 -0.48 18.907606 -13.750987 -14.323945
-3.08 8.29 -0.96999997 12.605071 -14.896902 -8.594366
-3.09 8.5199995 -0.7 10.31324 -24.064226 -4.0107045
-2.34 8.53 -0.61 5.15662 -17.761692 -8.021409
-2.73 8.37 -0.58 -0.57295775 -16.042818 -10.31324
-2.8999999 8.41 -0.02 -0.57295775 -16.615776 -8.594366
-2.79 8.22 0.049999997 -1.7188734 -9.740283 -2.8647888
-2.58 8.17 -0.04 0.57295775 -4.0107045 -1.1459155
-2.77 8.179999 -0.29999998 0.0 -5.7295775 -2.291831
-2.54 7.8999996 -0.32999998 -7.448451 -12.605071 -2.8647888
-2.26 7.2799997 -0.19999999 -14.323945 -6.3025355 -4.583662
-2.18 7.16 -0.44 -28.64789 -3.4377468 -7.448451
-3.06 6.81 -0.48999998 -38.961132 -10.886198 -2.291831
-3.46 6.99 0.83 -29.793804 -16.615776 4.0107045
-3.33 7.69 1.99 -10.31324 -23.49127 3.4377468
-1.6899999 8.54 0.01 -1.7188734 -26.356058 -10.31324
-2.57 8.99 0.62 -0.57295775 -21.772396 -11.459155
-3.33 9.349999 0.78 1.7188734 -18.334648 2.291831
-2.7 9.179999 -0.35999998 -6.3025355 -19.480566 13.178029
-2.3 8.69 -0.62 -22.91831 -20.053522 10.886198
-2.9199998 9.29 1.4399999 -19.480566 -20.62648 10.31324
-2.1699998 9.55 2.21 9.167324 -17.188732 7.448451
-1.4 9.58 1.0 12.605071 -1.1459155 7.448451
-1.88 9.13 -0.87 -2.8647888 0.57295775 12.605071
-2.9399998 9.23 -0.29999998 -10.886198 -6.8754935 22.345354
-2.54 9.679999 0.65 -12.032113 -4.0107045 26.356058
-1.49 9.57 0.14 -18.334648 6.8754935 21.199438
-2.28 9.9 2.45 -0.57295775 -1.7188734 24.637184
-1.8499999 10.19 2.09 20.053522 7.448451 30.366762
-1.14 9.98 0.34 18.334648 12.032113 22.91831
-1.74 9.8 0.5 14.323945 4.0107045 18.907606
-1.7099999 10.07 1.26 25.7831 -1.1459155 18.334648
-1.27 10.23 0.45999998 30.939718 4.583662 15.469859
-1.42 9.679999 -0.7 14.323945 0.0 20.053522
-2.07 9.139999 -0.48 10.886198 -5.15662 25.210142
-2.0 9.32 0.96999997 25.210142 -6.3025355 25.210142
-1.04 9.66 1.4699999 38.961132 -0.57295775 18.907606
-0.31 9.73 -0.34 28.64789 0.0 11.459155
-1.23 9.25 -1.3399999 9.167324 -2.291831 16.042818
-1.4499999 9.26 0.13 0.0 -2.8647888 25.210142
-0.53999996 9.429999 -0.12 0.0 -5.7295775 20.053522
-0.97999996 9.09 -0.01 1.1459155 -6.3025355 18.334648
-1.4499999 9.36 0.75 12.605071 -10.886198 24.064226
-0.48 9.969999 0.59 25.210142 -9.167324 24.637184
-0.13 9.929999 -0.98999995 14.323945 -1.1459155 21.199438
-1.28 9.38 -1.02 -9.167324 -7.448451 22.91831
-1.2099999 9.76 0.44 3.4377468 -9.167324 22.91831
-0.04 10.46 0.76 11.459155 -2.8647888 20.053522
0.35 10.429999 -0.21 0.0 -0.57295775 16.042818
-0.35 9.809999 -0.22999999 -4.583662 4.583662 14.323945
-1.02 9.96 0.53999996 -8.021409 19.480566 2.291831
-0.97999996 11.139999 0.01 1.7188734 10.31324 20.053522
0.32 10.809999 -0.65 2.291831 1.7188734 16.042818
0.02 10.11 -0.21 -2.8647888 3.4377468 6.3025355
-0.48999998 10.13 0.88 -1.7188734 5.7295775 8.594366
-0.34 10.46 1.17 8.021409 9.740283 11.459155
0.26999998 10.559999 -0.02 12.605071 6.8754935 6.3025355
-0.06 10.16 -0.57 4.0107045 0.0 -3.4377468
-0.31 9.88 -0.22 1.1459155 -3.4377468 -3.4377468
-0.07 9.88 -0.06 -2.291831 -2.291831 -2.8647888
-0.24 9.66 -0.21 -7.448451 0.0 -2.291831
-0.5 9.389999 -0.12 -8.594366 -4.583662 -1.1459155
-0.45999998 9.65 0.42 -6.8754935 -6.8754935 5.7295775
-0.35 10.05 0.19 -5.15662 -5.15662 14.896902
-0.06 10.15 -0.37 -9.740283 -9.740283 14.896902
-0.14999999 9.86 -0.38 -13.750987 -13.750987 13.750987
-0.5 9.429999 0.35 -12.605071 -10.886198 17.761692
-0.39999998 9.8 0.76 -4.583662 -9.740283 22.91831
0.45999998 10.25 0.48999998 1.1459155 -5.15662 17.761692
0.71999997 10.34 0.02 -2.291831 -7.448451 15.469859
0.28 9.9 0.25 -1.7188734 0.0 11.459155
0.02 9.54 0.59 4.0107045 1.1459155 9.167324
0.07 9.79 0.28 3.4377468 0.0 10.886198
0.66999996 9.809999 -0.29 -5.7295775 0.57295775 13.178029
0.37 9.429999 -0.17 -15.469859 5.15662 27.501974
-0.08 9.26 1.09 -7.448451 5.7295775 36.09634
0.77 9.63 0.55 3.4377468 1.1459155 32.085636
1.13 9.44 0.21 3.4377468 -2.291831 22.345354
0.74 9.11 0.44 -2.291831 -2.8647888 18.907606
0.59999996 9.33 0.55 -6.3025355 1.1459155 24.637184
0.82 9.469999 0.42 -9.740283 1.7188734 30.366762
1.12 9.17 0.53 -10.31324 0.57295775 25.210142
1.28 9.37 0.84999996 -4.0107045 -2.291831 21.772396
1.49 9.639999 0.63 -1.7188734 -6.8754935 21.772396
1.3 9.58 0.71 -1.7188734 -4.583662 23.49127
0.96 9.54 0.79999995 -2.291831 -4.583662 24.064226
1.5 9.88 0.78999996 1.1459155 -2.8647888 18.334648
1.56 10.219999 -0.07 -4.583662 -10.886198 16.615776
1.29 10.469999 0.56 -11.459155 -6.8754935 21.772396
1.4499999 10.69 1.06 -12.605071 0.0 25.210142
1.6899999 10.98 1.18 -9.167324 4.583662 21.199438
1.5699999 10.86 0.65 -8.594366 6.3025355 15.469859
1.4 10.7 0.83 -2.8647888 4.0107045 13.178029
1.51 10.84 0.95 8.021409 5.15662 19.480566
1.53 10.41 0.62 4.0107045 9.740283 23.49127
1.3299999 9.94 0.55 2.291831 12.605071 21.199438
1.86 10.49 1.14 15.469859 9.740283 15.469859
2.37 11.0199995 1.3199999 31.51268 6.3025355 6.8754935
2.25 10.71 0.35 28.64789 2.8647888 0.57295775
1.49 10.0 -0.41 16.615776 0.0 4.583662
1.74 10.03 -0.08 6.8754935 0.0 6.3025355
2.02 10.0199995 0.12 0.0 1.7188734 6.3025355
1.9599999 9.9 0.35999998 0.0 1.1459155 5.15662
1.9 9.86 0.48999998 5.15662 0.57295775 5.7295775
2.1499999 9.94 0.35999998 12.032113 0.0 0.57295775
1.9799999 9.8 0.13 11.459155 0.57295775 0.57295775
2.0 9.63 0.24 9.740283 4.0107045 1.1459155
1.79 9.69 0.06 4.0107045 3.4377468 4.583662
1.8399999 9.9 0.02 -2.291831 1.1459155 5.15662
2.06 9.99 0.32999998 -4.0107045 3.4377468 2.8647888
1.8299999 9.95 0.79999995 1.1459155 3.4377468 0.57295775
1.99 9.83 0.11 1.7188734 1.1459155 0.0
2.11 9.599999 0.14999999 1.1459155 1.1459155 -0.57295775
2.03 9.57 0.38 2.8647888 1.1459155 0.0
2.27 9.66 0.22 4.583662 2.8647888 -2.291831
2.02 9.71 -0.19 2.8647888 1.1459155 -2.291831
2.09 9.46 -0.22999999 -2.8647888 -0.57295775 -1.7188734
1.99 9.23 0.39999998 1.1459155 0.0 0.57295775
2.1399999 9.3 0.53 3.4377468 0.0 0.0
2.28 9.309999 -0.28 -1.7188734 -2.291831 0.57295775
2.34 9.09 -0.19 -4.0107045 -4.583662 2.291831
1.9699999 8.92 0.04 -5.7295775 -5.15662 4.583662
1.9799999 9.17 0.32999998 -6.8754935 -4.583662 6.8754935
2.3999999 9.559999 0.53 -6.8754935 -4.0107045 3.4377468
2.25 9.44 1.0 -1.1459155 -2.291831 2.291831
2.31 9.55 0.94 7.448451 0.0 0.57295775
2.3 9.5199995 0.19999999 7.448451 1.1459155 0.0
2.1699998 9.469999 -0.03 0.57295775 1.7188734 1.1459155
2.04 9.37 0.42999998 0.57295775 1.7188734 2.8647888
2.19 9.59 0.59999996 5.15662 1.7188734 1.1459155
2.34 9.65 0.13 3.4377468 -0.57295775 0.0
2.25 9.58 -0.14999999 0.57295775 -4.583662 0.0
2.1399999 9.45 0.29999998 0.0 -4.0107045 0.57295775
2.03 9.469999 0.62 -1.1459155 -0.57295775 1.7188734
2.12 9.66 0.9 1.7188734 3.4377468 0.0
2.32 9.71 0.63 6.3025355 3.4377468 -2.8647888
2.1499999 9.45 0.21 8.021409 2.291831 -4.0107045
2.07 9.389999 0.19999999 8.594366 0.57295775 -3.4377468
2.1499999 9.28 0.049999997 6.3025355 1.1459155 -2.8647888
2.12 9.309999 -0.29999998 0.0 2.8647888 -1.7188734
2.09 9.29 -0.04 -2.291831 0.57295775 0.0
2.19 9.26 0.45 4.583662 0.0 0.0
2.18 9.21 0.42 8.021409 0.0 0.57295775
2.32 9.099999 0.28 6.8754935 2.291831 2.291831
2.26 8.95 0.39 4.583662 5.15662 4.0107045
2.26 9.01 0.17999999 1.7188734 3.4377468 5.15662
2.35 9.29 0.099999994 3.4377468 0.0 1.7188734
2.1 9.48 0.14 1.1459155 2.8647888 2.8647888
2.3799999 9.66 0.22 -2.291831 1.7188734 1.7188734
2.21 9.49 0.44 -0.57295775 2.8647888 0.0
2.12 9.5199995 0.65999997 5.7295775 0.57295775 0.0
2.3999999 9.62 0.35999998 12.032113 0.0 -1.1459155
2.26 9.55 -0.52 -2.291831 -0.57295775 0.0
2.0 9.28 -0.51 -10.886198 -1.1459155 3.4377468
2.06 9.349999 0.59999996 -1.1459155 0.57295775 2.291831
2.45 9.71 0.88 8.021409 1.1459155 -1.7188734
2.4199998 9.679999 0.099999994 5.15662 0.0 -2.8647888
2.06 9.4 -0.089999996 0.0 0.0 -0.57295775
2.1299999 9.12 0.26 2.291831 1.7188734 0.57295775
2.33 9.36 -0.01 1.1459155 0.0 1.1459155
2.32 9.389999 -0.16 0.0 -2.291831 0.57295775
2.23 9.349999 -0.06 -1.7188734 -5.7295775 0.57295775
2.1299999 9.349999 0.19999999 -2.8647888 -3.4377468 1.1459155
2.25 9.389999 0.71999997 -0.57295775 -0.57295775 1.1459155
2.32 9.46 0.78999996 7.448451 1.7188734 0.0
2.35 9.54 0.25 6.8754935 1.1459155 -0.57295775
2.33 9.53 -0.16 1.1459155 0.0 0.0
2.0 9.45 0.049999997 -1.7188734 -1.7188734 1.1459155
2.12 9.51 0.41 1.1459155 -1.1459155 0.57295775
2.4099998 9.58 0.55 6.3025355 -0.57295775 -1.1459155
2.53 9.59 0.42999998 8.021409 0.0 -2.8647888
2.19 9.179999 0.39 9.167324 2.8647888 -0.57295775
