-1.0343267 9.474146 -1.0582695 -0.280875 -6.40332 -4.1488647
-0.61293435 9.464568 -1.1444633 -2.7658749 -4.82832 2.466135
-0.600963 9.653716 -1.175589 -1.225875 -5.8433204 4.916135
-0.84996754 9.347249 -1.158829 0.10412501 -5.7383204 1.696135
-1.2665714 9.215564 -1.0941836 -0.87587494 -2.83332 -3.658865
-1.611347 8.930645 -1.1660118 -2.590875 2.52168 -7.963865
-1.8220432 8.791777 -1.0941836 -2.695875 6.7916803 -9.783865
-1.8651401 8.650515 -1.1971374 -0.630875 5.2516804 -9.188866
-1.6927522 8.456578 -1.4557191 2.8691251 0.63168 -8.1388645
-1.7526091 8.097438 -1.525153 4.4091253 -2.02832 -7.3688655
-1.8292259 7.6353426 -1.4772675 -2.870875 0.52668 -13.773865
-1.9106313 7.106208 -1.1061549 -8.015875 0.03668 -18.988865
-1.6017698 6.136526 -0.9696813 -12.2508745 -3.6383202 -25.708864
-1.611347 5.2697988 -0.7541966 -17.570875 -8.153319 -36.033867
-1.9992194 4.8388295 -0.49082634 -26.390877 0.21168001 -44.153862
-2.6504622 5.4134555 -0.2944958 -33.390877 20.58168 -47.828865
-2.0806248 5.209942 0.06464542 -36.575874 29.85668 -49.263866
-1.4940275 5.095017 0.14126222 -36.610874 25.621681 -49.893867
-1.9393626 5.4948606 0.12929083 -34.405876 29.996681 -50.033863
-2.753416 5.7534423 -0.22266756 -28.875875 46.971684 -48.458866
-2.6121538 5.8779445 -0.4836435 -18.060875 55.61668 -48.038868
-2.0064023 6.055121 -0.91700727 -8.260876 41.756683 -47.303864
-2.3056867 6.385531 -1.1612233 -3.150875 17.08168 -45.448868
-2.7318676 6.426234 -0.6344828 -8.435875 4.9366803 -41.493866
-2.5187771 7.0343795 1.3383996 -22.330875 9.66168 -31.903864
-2.3487835 7.520417 1.228263 -26.425875 16.31168 -20.283865
-1.9944309 7.9920893 -0.14126222 -9.275875 13.44168 -9.783865
-0.845179 8.061523 -0.9026416 5.844125 9.27668 0.821135
-1.175589 7.7766047 -0.48124924 -0.49087498 5.8816805 6.211135
-2.1045675 8.164477 1.4557191 -19.880875 3.32668 5.791135
-2.6097596 8.672064 1.6951466 -27.020876 3.3616803 8.066135
-2.0878077 8.873182 0.8140534 -11.095876 3.57168 13.456135
-1.3575538 8.868394 0.083799616 9.519125 2.4166799 22.941135
-1.0917894 9.105427 -0.08140534 17.884125 6.5116806 31.271137
-1.9465454 9.378374 -0.09577099 17.604124 7.14168 34.386135
-2.7414446 9.761458 -0.9529214 16.379126 -2.13332 33.546135
-1.324034 11.016058 -1.3671309 10.254126 -5.80832 41.666134
-0.18675344 10.685649 -0.69194543 -10.255876 1.7866801 63.436134
-0.2777359 10.970567 1.6688095 -39.340874 4.8316803 75.546135
-0.38068968 11.942643 1.7047237 -54.810875 -9.62332 73.97114
0.37590113 12.706416 0.9289786 -42.770878 -21.698318 69.52614
-0.057462595 13.1517515 1.0558752 -24.710875 -21.558321 69.03614
-1.7047237 13.455825 2.700742 -22.435875 -11.79332 66.20113
-2.3631492 13.872428 1.5874043 -21.455877 -2.4483202 63.681133
-2.0710478 14.940275 -0.7996878 4.024125 -0.06832 64.66113
-0.5554718 15.366456 -1.7645805 28.244125 -1.92332 68.05614
-0.03351985 15.201251 -1.1037607 21.209126 5.7416797 76.00114
-0.28970724 14.298609 -0.99362403 -0.945875 23.03168 72.39613
-0.93616146 13.848486 -2.0614705 -5.880875 3.8516798 49.821136
-1.1037607 13.623424 -1.211503 -16.065874 -7.5583196 45.026134
-1.0941836 13.182878 0.6392714 -36.085873 -1.1533201 46.356136
0.43096948 13.362448 0.9984126 -36.190876 7.5616803 49.646133
1.5275474 13.527653 -0.14365649 -13.650875 3.6416802 46.006134
0.5698374 13.10626 -0.8978531 1.1891251 -9.51832 32.356133
-0.3328042 12.179676 0.35674694 -6.9308753 -14.24332 18.251135
0.9768641 11.669696 0.9026416 -16.135874 -11.198319 17.901134
1.4844503 11.669696 0.23463893 -7.7358756 -8.99332 19.126135
0.8978531 11.255486 0.2370332 1.6791251 -9.798321 11.041135
0.7541966 10.745505 0.8571504 0.069125 -10.253321 4.3211355
0.8667275 10.407912 0.8643332 -0.210875 -9.48332 2.886135
1.3096683 10.252285 0.6440599 5.074125 -5.5983195 3.586135
1.297697 10.180456 0.5219519 9.274125 -1.6433201 3.761135
1.3288225 10.075109 0.16520496 12.424126 -0.66332 1.836135
1.2593886 9.814133 0.17478207 12.564125 -1.6783199 -0.26386502
1.2785428 9.574705 0.70631105 5.564125 -2.4483202 -1.2788651
1.3264283 9.4932995 0.62251145 -0.35087502 -0.76831996 -0.9638651
1.0654523 9.340066 0.28970724 2.2041252 -1.46832 -0.858865
1.0822122 9.150918 0.7206767 2.134125 -3.2183201 -1.138865
1.1133378 9.299363 0.6344828 -2.2758749 -2.27332 1.346135
1.3144568 9.778218 0.48843205 -0.525875 -1.3983201 4.006135
1.2498114 9.905115 0.67757976 1.994125 -1.1533201 4.461135
1.3192455 9.766247 0.9289786 1.0491251 -1.5033201 2.641135
1.1492519 9.677659 0.31125572 1.364125 1.33168 1.4161351
1.23784 9.751882 0.043096945 6.649125 2.20668 0.541135
1.5299416 9.873989 0.28970724 8.434125 -0.45332003 0.436135
0.9433443 9.5794935 0.49800915 3.149125 -0.17332 0.296135
0.95531565 9.411894 0.4070267 -0.455875 1.7866801 -1.768865
1.3168511 9.569917 0.27055305 1.434125 1.22668 -0.508865
0.9864412 9.62259 0.33759275 4.164125 -1.3983201 1.311135
1.0606637 9.557945 0.38547826 4.059125 -2.27332 0.086135
1.2713599 9.660899 0.32083282 2.764125 -0.24331999 1.101135
1.2330515 9.768641 0.10055954 2.589125 0.94668 3.3761349
1.2641771 9.77343 0.2083019 3.7441254 0.38668 2.746135
1.1372806 9.754275 0.2944958 3.0791252 -1.9583198 1.346135
1.0223553 9.70639 0.39266106 1.014125 -3.8833199 0.296135
1.2665714 9.732727 0.40223816 -2.310875 -0.87332 1.9411348
1.333611 9.845258 0.4860378 -1.8558749 -0.06832 1.871135
1.1731946 9.826104 0.34956414 0.10412501 0.42168 0.506135
1.297697 9.792584 0.22745611 1.6791251 0.45668 0.331135
1.1803775 9.771035 0.14126222 1.434125 0.31667998 0.191135
1.0462981 9.670476 0.30167863 -0.070875 0.14168 -0.26386502
1.2450229 9.737515 0.28252444 -0.49087498 0.0016800001 0.611135
1.4269878 9.840469 0.17957062 1.0491251 -0.59332 1.2761351
1.0989721 9.727939 0.25858167 1.3291249 -0.80332 -0.33386502
0.9816527 9.70639 0.22027329 0.874125 -0.34832 -1.523865
1.2617828 9.701602 0.08619389 0.944125 0.24668002 0.051135
1.3743137 9.73991 0.17238778 0.244125 0.14168 1.3811351
1.2306572 9.665688 0.25139886 -0.91087496 -0.83831996 0.296135
1.1708003 9.598648 0.3902668 -0.945875 -1.6433201 -0.893865
1.2593886 9.550762 0.21787901 0.629125 -1.8183202 -0.438865
1.3120626 9.653716 0.30167863 2.554125 -2.3433201 -0.088865004
1.1540405 9.763853 0.48124924 2.029125 -1.85332 -0.123865
1.2402344 9.780613 0.4189981 1.9591252 -1.2583201 -0.438865
1.1564348 9.75667 0.17957062 3.989125 -1.43332 0.016135
1.3431882 9.799767 0.19633053 4.584125 -0.69832003 0.47113502
1.3048798 9.871595 0.019154198 2.834125 0.0016800001 0.78613496
1.2833313 9.828498 0.11492519 1.784125 -1.92332 -0.64886504
1.1229149 9.72315 0.505192 -1.8558749 -1.9933201 -1.383865
