-1.8 8.83 -1.38 13.178029 -2.8647888 -9.740283
-1.8299999 8.809999 -1.27 10.31324 -18.907606 -10.31324
-0.82 8.599999 -1.5 9.167324 -37.242256 -2.8647888
-0.61 8.59 -1.24 5.7295775 -32.085636 0.0
-0.72999996 8.809999 -1.38 -0.57295775 -13.178029 2.291831
-1.1899999 9.0 -1.0699999 0.0 0.0 -0.57295775
-1.16 8.86 -0.90999997 -4.0107045 -3.4377468 -4.0107045
-0.93 8.679999 -0.83 -8.594366 -16.615776 -6.8754935
-0.72999996 8.599999 -0.74 -4.0107045 -15.469859 -5.15662
-1.15 8.8 -1.8 -1.7188734 -13.178029 -5.15662
-0.93 8.95 -0.84999996 0.0 -12.032113 -5.7295775
-1.0799999 8.19 1.0699999 -10.886198 -4.583662 -10.31324
-2.12 8.53 -0.63 16.042818 -24.637184 -17.761692
-0.96 8.179999 -1.38 18.334648 -29.793804 -8.594366
-0.83 8.49 -0.66999996 3.4377468 -20.62648 -1.1459155
-1.14 8.66 -0.69 3.4377468 -20.62648 -1.1459155
-0.93 8.74 -0.69 8.021409 -29.793804 -1.1459155
-1.06 8.74 -1.29 10.31324 -30.366762 2.291831
-1.1899999 9.05 -1.4599999 7.448451 -24.637184 5.7295775
-0.61 8.99 -0.84999996 -4.583662 -20.053522 12.032113
-0.61 8.99 -0.84999996 -12.605071 -22.345354 14.323945
-0.37 9.599999 -0.26999998 -13.750987 -12.032113 0.0
-1.17 10.67 -0.59999996 1.1459155 -9.167324 -0.57295775
0.19999999 10.179999 -1.18 5.15662 -8.594366 9.740283
1.25 10.679999 -0.95 -9.167324 0.0 32.658592
-0.13 10.76 -1.5699999 -10.886198 10.886198 12.032113
-1.22 10.55 -0.48 -14.896902 17.188732 5.7295775
-1.22 10.55 -0.48 -28.64789 20.053522 -1.1459155
-0.68 10.95 -0.51 -30.366762 1.7188734 6.8754935
-0.5 10.559999 1.0699999 -32.085636 5.15662 21.199438
0.29999998 10.559999 0.19999999 -8.594366 -5.7295775 17.761692
0.29999998 10.16 -0.9 4.0107045 -5.7295775 14.896902
-0.28 9.98 -0.78999996 -4.0107045 0.0 4.583662
-0.14 9.48 0.7 -25.210142 -1.1459155 10.886198
0.28 9.65 0.96999997 -18.334648 -0.57295775 20.053522
-0.57 9.469999 0.44 -8.594366 0.0 24.064226
-0.61 10.19 1.12 3.4377468 0.57295775 23.49127
-0.099999994 11.07 -0.12 26.356058 1.7188734 21.772396
0.22 11.41 -2.6699998 40.107044 -1.1459155 25.7831
0.78 11.059999 -2.5 33.80451 -7.448451 34.950428
0.48999998 11.059999 -0.26999998 -11.459155 -5.7295775 28.64789
0.29 10.9 0.78 -32.658592 -2.291831 16.615776
-0.48 11.24 0.42999998 -19.480566 5.15662 11.459155
-0.11 10.429999 0.02 -5.7295775 2.291831 6.8754935
0.90999997 10.599999 0.07 0.0 9.167324 24.064226
0.90999997 10.599999 0.07 -0.57295775 12.032113 25.7831
-0.07 10.21 -0.58 -7.448451 6.8754935 14.896902
-0.45 10.13 0.32 -17.188732 4.0107045 13.750987
-0.01 10.45 1.02 -17.188732 0.57295775 17.188732
0.58 10.87 -0.90999997 5.7295775 -6.3025355 14.323945
1.01 10.95 -1.5999999 8.594366 -6.8754935 12.032113
0.089999996 10.69 -0.39999998 -13.750987 -4.0107045 2.8647888
0.9 10.24 0.74 -32.085636 -2.291831 -1.1459155
1.4399999 10.26 0.57 -22.91831 -4.583662 2.8647888
0.91999996 9.71 0.31 -12.032113 2.8647888 -1.1459155
0.47 9.59 0.19 -2.8647888 1.1459155 -6.8754935
0.66999996 9.76 -0.01 4.583662 2.291831 -3.4377468
1.41 10.0199995 -1.3199999 6.8754935 4.583662 1.7188734
1.55 9.87 -1.61 8.594366 4.0107045 5.15662
1.56 9.559999 -0.84 -11.459155 -8.594366 1.1459155
0.65999997 9.2 0.049999997 -22.345354 -10.886198 -2.8647888
1.61 9.36 -0.32999998 -17.761692 -4.583662 8.594366
1.15 9.28 0.19999999 -17.188732 -4.583662 9.167324
1.12 8.9 0.34 -14.323945 -6.3025355 7.448451
1.3 9.15 0.13 -2.8647888 -10.31324 14.323945
1.55 9.42 0.19999999 -1.1459155 -5.7295775 16.615776
1.22 10.179999 0.32 6.3025355 -1.1459155 9.167324
1.42 9.28 0.0 6.3025355 -1.1459155 9.167324
2.23 9.53 0.08 13.750987 -7.448451 13.178029
1.1899999 10.84 -1.04 9.167324 -3.4377468 -0.57295775
2.3799999 8.98 0.42999998 -6.3025355 -2.291831 14.896902
0.52 11.28 1.7199999 -16.615776 8.021409 4.0107045
1.76 10.2699995 0.0 5.7295775 0.0 12.032113
2.53 10.57 -0.45999998 10.886198 -6.3025355 28.64789
1.25 11.2699995 -1.29 8.594366 -1.1459155 18.907606
1.5799999 10.849999 0.25 -7.448451 -6.3025355 18.334648
1.76 11.759999 0.07 -14.896902 -1.7188734 19.480566
2.01 11.67 -0.14999999 -10.31324 -8.021409 20.62648
1.3299999 11.29 -0.17 -12.605071 -6.3025355 16.042818
1.73 11.87 -0.089999996 -14.323945 -2.291831 12.032113
2.07 11.4 -0.12 -13.750987 -2.291831 12.032113
1.93 11.29 0.37 -21.199438 -11.459155 16.042818
1.93 11.139999 1.22 -20.62648 -9.167324 10.31324
1.8399999 10.969999 0.65 -0.57295775 -5.7295775 9.167324
1.9499999 10.66 0.08 -0.57295775 -5.7295775 9.167324
1.8199999 10.53 0.47 -6.3025355 0.57295775 10.886198
2.03 10.429999 0.55 -8.594366 -1.7188734 10.31324
2.62 10.41 0.06 -6.3025355 -1.7188734 10.886198
2.4199998 10.059999 -0.29999998 -3.4377468 -5.15662 10.31324
2.26 9.84 0.79999995 -18.334648 -6.8754935 6.3025355
2.1699998 9.76 1.6999999 -20.053522 -5.7295775 6.8754935
2.18 9.96 1.42 -9.167324 -4.0107045 6.8754935
2.62 10.13 0.26999998 0.0 0.0 7.448451
2.3 10.139999 -0.47 17.188732 6.8754935 7.448451
2.23 10.179999 0.19 0.0 2.291831 4.0107045
2.51 10.33 0.42999998 -0.57295775 -0.57295775 2.8647888
2.51 10.28 0.42999998 2.8647888 -2.8647888 1.1459155
2.61 9.91 0.62 -2.8647888 0.0 0.0
2.5 9.969999 0.97999996 -8.594366 6.8754935 -1.1459155
2.32 10.0199995 1.06 -2.291831 4.583662 -4.0107045
2.21 9.94 -0.01 -1.7188734 -0.57295775 -4.0107045
2.1299999 9.75 0.48999998 -5.7295775 -2.291831 -4.0107045
2.0 9.719999 0.79999995 -8.594366 -2.291831 -4.0107045
2.2 9.76 0.58 -4.583662 -1.1459155 -2.291831
2.28 9.67 0.35 -0.57295775 0.0 0.0
2.4099998 9.969999 0.25 0.0 2.8647888 0.0
2.3 9.79 0.03 1.7188734 -0.57295775 -1.7188734
2.12 9.679999 0.099999994 0.0 -2.291831 -3.4377468
2.25 9.599999 0.63 -4.0107045 0.0 -3.4377468
2.25 9.599999 0.63 -5.7295775 2.291831 -1.1459155
2.51 9.78 0.14999999 0.0 3.4377468 0.0
2.3799999 9.71 -0.37 3.4377468 2.291831 -1.1459155
2.23 9.63 0.26 -1.1459155 2.8647888 -1.1459155
2.32 9.63 0.74 -9.167324 6.3025355 0.0
2.71 9.8 0.42999998 -4.0107045 5.15662 1.7188734
2.46 9.7699995 0.22 -1.7188734 3.4377468 -1.1459155
2.31 9.5199995 0.26999998 -1.7188734 4.583662 -4.0107045
2.25 9.49 0.29 -2.291831 5.15662 -2.291831
2.27 9.639999 0.53999996 -2.291831 5.15662 -2.291831
2.48 9.59 0.52 0.0 2.291831 0.0
2.55 9.57 0.17 2.291831 2.8647888 0.0
2.3999999 9.54 -0.26 5.15662 -1.7188734 -1.7188734
2.1699998 9.58 0.34 -3.4377468 -0.57295775 -1.7188734
2.2 9.639999 0.89 -11.459155 2.8647888 -1.7188734
2.45 9.65 0.48 -4.0107045 2.291831 0.0
2.1299999 9.51 0.17999999 -4.0107045 2.291831 0.0
2.2 9.7 0.02 1.7188734 0.0 -1.7188734
2.62 9.73 0.26999998 -1.7188734 -1.7188734 1.7188734
2.3 9.65 0.61 -6.8754935 -1.1459155 0.0
2.3999999 9.63 0.69 -5.15662 -1.1459155 -0.57295775
2.3 9.53 0.35999998 -5.15662 -1.1459155 -0.57295775
2.34 9.48 0.35 -0.57295775 -0.57295775 -0.57295775
2.69 9.63 0.5 -5.15662 4.583662 3.4377468
2.4299998 9.73 0.39999998 -6.8754935 7.448451 3.4377468
2.32 9.71 0.53 -7.448451 8.021409 0.0
2.28 9.57 0.21 -6.8754935 4.583662 -0.57295775
2.24 9.67 0.16 -2.291831 2.291831 0.0
2.31 9.63 0.049999997 -2.8647888 1.1459155 2.291831
2.49 9.74 0.29999998 -4.0107045 1.7188734 2.291831
2.4199998 9.719999 0.35999998 -4.583662 0.0 1.1459155
2.3999999 9.78 0.48 -4.0107045 -1.7188734 0.57295775
2.32 9.7699995 0.44 -2.8647888 -1.1459155 0.0
2.52 9.7699995 0.47 -2.291831 -0.57295775 0.57295775
2.59 9.71 0.28 -4.0107045 0.0 0.57295775
