-0.8739103 9.201198 -0.48124924 -11.560816 -16.328691 -18.88649
-1.4844503 9.26345 -0.74222517 -7.7458143 -5.0236897 -22.59649
-1.4557191 9.09585 -0.7015225 -6.870815 4.6013103 -18.221489
-0.9912298 9.143736 -0.3423813 -9.040815 5.05631 -10.06649
-0.6703969 9.447808 -0.043096945 -9.8808155 -0.54368997 -2.08649
-0.8044763 9.660899 -0.21309046 -6.100815 -6.14369 0.22351
-0.7781393 9.668081 -0.72546524 -0.080815 -4.84869 1.13351
-0.75659084 9.725544 -0.7948992 3.6291852 -1.48869 2.1135101
-0.80208206 9.620196 -0.5913859 2.229185 -1.34869 1.8685101
-0.70631105 9.560339 -0.16281068 -1.7958149 -3.2386901 1.20351
-0.5123748 9.5244255 0.038308397 -4.7708154 -5.54869 1.76351
-0.26097596 9.4932995 0.0071828244 -4.385815 -9.43369 3.12851
-0.3902668 9.11261 -0.021548472 -2.180815 -10.06369 3.72351
-0.74222517 8.76544 0.12210801 -1.095815 -8.103691 0.46851
-0.87151605 8.296163 0.19633053 -0.18581499 -7.8586903 -4.95649
-0.82602483 7.474926 0.019154198 10.139184 -10.693691 -10.80149
-0.8667275 6.6776323 -0.17957062 14.969184 -12.93369 -17.521492
-1.228263 5.7007685 -0.3902668 16.299187 -13.038691 -27.56649
-1.5850099 4.558699 -0.29210153 12.519185 -5.79369 -36.24649
-2.056682 4.005622 0.06464542 7.864185 0.05131 -40.83149
-2.1572416 3.7661943 0.39505535 7.444185 -3.72869 -40.65649
-1.3958622 3.632115 0.11971374 12.309186 -16.99369 -36.17649
-1.0175668 3.5602865 0.13886794 16.369184 -30.398693 -29.70149
-1.5538844 4.3216662 -0.21309046 19.169186 -33.653687 -25.151491
-1.3814965 5.025583 -0.1987248 16.089186 -11.63869 -21.721489
-0.7110996 5.4924664 -0.35435268 12.449185 7.1213098 -13.4964905
-0.0071828244 6.5196104 -1.4293821 15.494186 3.9713101 -8.77149
0.1987248 7.285778 -2.7677817 17.279184 -12.51369 -9.15649
0.13168511 7.7047763 -2.4613144 0.514185 -21.64869 -13.881491
-0.9696813 8.152506 -1.4413534 -31.160816 -22.838692 -21.651491
-1.9034485 8.91628 0.15083931 -56.290817 -28.54369 -24.03149
-1.7166951 9.361614 0.7733508 -61.750813 -44.53869 -10.76649
-1.1300977 9.1628895 0.9122187 -51.005817 -60.288692 6.52351
-0.7829279 9.656111 1.3575538 -39.595814 -60.953693 19.43851
-0.16281068 10.38397 1.2761484 -30.250816 -48.52869 31.338512
-0.052674048 10.819728 1.4317763 -20.345816 -44.32869 41.31351
0.36871833 10.762265 2.1644244 -12.715816 -47.26869 44.07851
1.9585168 11.65533 2.6169424 -5.6458154 -43.733692 45.968513
3.3519847 11.947432 1.4221992 12.764185 -24.48369 50.588512
1.1540405 11.289005 -0.21548474 41.184185 -11.008691 40.89351
-0.51955765 11.229149 -0.42139238 56.794186 -9.50369 16.743511
-1.7358493 12.007288 0.009577099 47.379185 -8.83869 10.82851
-1.8531687 12.622617 -1.5083932 31.209187 -4.6386895 31.12851
-0.3974496 13.1733 -0.87151605 15.844186 -13.038691 61.26351
1.3719195 13.633 0.86912173 -10.720816 -27.00369 88.94851
0.6656084 14.049604 2.0590763 -33.15582 -27.00369 99.62351
0.7541966 14.3871975 1.7238779 -33.750816 -14.683691 92.063515
1.333611 14.80859 0.36392978 -13.870815 -14.193689 84.74851
1.1109436 14.952246 -0.21069619 7.409185 -18.49869 78.86851
1.5490957 14.990555 -0.55786604 11.714185 -13.80869 68.928505
1.8699286 14.9067545 -0.845179 6.849185 -11.918691 60.878506
1.2665714 14.569162 -0.2370332 -1.025815 -15.94369 52.443512
1.5826156 14.145375 0.37111259 -12.960815 -17.34369 39.59851
2.0710478 13.496527 0.51716334 -26.400816 -9.013691 23.04351
2.011191 12.6010685 0.67757976 -24.055815 -10.23869 14.048511
1.7502149 11.746312 1.4269878 -23.460815 -7.6836905 4.6685104
1.3144568 10.802968 1.8795058 -19.190815 -2.4686902 -1.84149
1.6712039 10.204399 1.5538844 -7.2908144 2.71131 -2.01649
2.2769554 10.237919 0.85954463 6.604185 7.2263103 0.25851002
2.0399222 10.082292 0.11492519 17.629185 9.18631 -3.1364899
1.7382435 9.766247 -0.3519584 21.304186 8.24131 -8.666491
1.8699286 9.557945 -0.30646718 16.089186 8.03131 -9.01649
1.6448668 9.311335 -0.32801566 8.284185 7.9963098 -8.386491
1.3934679 9.1628895 0.11492519 1.704185 7.40131 -8.176491
1.7310607 9.174861 0.17238778 -1.2358149 5.09131 -6.14649
1.9704882 9.213169 0.062251143 -0.010815 1.9063098 -3.5914903
1.6328955 9.229929 0.17478207 0.68918496 -0.018690001 -3.5914903
1.515576 9.203592 0.3998439 -0.81581503 -0.053689998 -3.90649
1.6017698 9.2490835 0.3974496 -1.8658152 -0.71869 -1.63149
1.6257126 9.246689 0.29210153 -1.305815 -1.62869 2.46351
2.3056867 9.569917 0.11253092 -1.8308151 -2.1536899 6.87351
2.2530127 9.684841 0.1699935 -4.525815 -2.99369 10.02351
1.7717633 9.732727 0.888276 -9.915816 3.5513098 6.41851
2.0447106 9.543579 0.67757976 -14.850816 11.741309 4.5285096
2.0758362 9.608225 0.4932206 -11.000815 6.4913096 4.38851
1.7885233 9.615408 0.6751855 -6.975815 -1.45369 2.4985101
1.7813405 9.653716 1.0343267 -9.320815 -1.27869 1.4135101
1.7645805 9.641745 1.1205206 -11.350816 0.78631 2.18351
1.9680939 9.730332 1.1516461 -8.305815 -0.61369 2.25351
1.9226027 9.711179 0.97446984 -3.440815 -0.15869 1.83351
1.776552 9.629773 0.69194543 1.914185 0.05131 0.46851
1.924997 9.680053 0.6751855 4.434185 0.22631 -0.54649
1.89866 9.708784 0.6703969 2.684185 2.81631 0.36351
1.6831752 9.617802 0.7398309 0.899185 2.92131 0.85350996
1.8220432 9.608225 0.54350036 0.864185 1.94131 0.36351
1.8723229 9.747093 0.5243462 1.389185 -0.71869 1.93851
2.083019 9.873989 0.80208206 -0.780815 -1.90869 3.40851
1.9633054 9.742304 0.9122187 -5.0158153 -0.78869003 2.8135102
1.8172545 9.699207 1.0032011 -5.785815 0.89131004 -1.14149
1.951334 9.646533 1.0199611 -4.5958147 2.50131 -1.0364901
1.9010541 9.522031 1.0941836 -3.160815 3.0963101 -0.8964901
1.8507744 9.457385 1.0798179 -0.430815 4.07631 -1.42149
1.9824595 9.517242 0.7206767 3.944185 4.04131 -1.3864901
1.8435916 9.591465 0.4285752 6.8141847 2.92131 -1.73649
1.8962656 9.593859 0.409421 5.1341853 2.81631 -1.91149
2.0494993 9.567522 0.5219519 1.039185 2.9913101 -0.86149
1.8819 9.545974 0.7733508 -2.075815 3.02631 -0.9314901
1.6400782 9.502876 0.7948992 -2.3908148 2.71131 -2.1914902
1.6927522 9.452597 0.64166564 -0.430815 1.45131 -2.05149
2.0231621 9.4932995 0.8044763 -0.430815 1.03131 0.43351
2.135693 9.574705 0.7446195 -1.060815 1.48631 2.18351
1.8723229 9.581888 0.68715686 0.619185 0.64631 0.78350997
1.6975409 9.517242 0.6847626 1.284185 1.9063098 -1.0014899
1.9872481 9.526819 0.6105401 1.564185 3.41131 0.39851
1.9585168 9.557945 0.39505535 2.8241851 2.18631 2.1135101
1.9633054 9.672871 0.56744313 2.299185 1.83631 1.4135101
1.8555629 9.660899 0.6296943 -0.15081501 2.92131 0.67851
1.8244374 9.629773 0.505192 0.094185 0.36631 0.01351
1.8579572 9.577099 0.5602603 1.074185 -1.8386899 0.18850999
1.8172545 9.596253 0.68715686 -0.430815 -1.27869 0.99351
1.6879637 9.5483675 0.6608198 -1.760815 -1.4186901 1.7285101
