-1.4198049 9.586677 -0.25858167 -6.1344852 -0.014734999 -3.839115
-1.2641771 9.4932995 -0.3304099 -3.334485 -2.534735 -2.6491148
-0.9217958 9.507666 -0.5602603 0.480515 -6.2797346 0.780885
-1.010384 9.613013 -0.47167215 2.5805151 -9.779736 -0.724115
-1.1995317 9.644139 -0.6273 3.105515 -9.464736 -3.6991153
-1.2809371 9.641745 -0.51716334 1.3905151 -4.389735 -3.734115
-1.4509305 9.550762 -0.43575802 -0.814485 -2.569735 -2.544115
-1.4868447 9.560339 -0.44772938 -0.919485 -3.339735 -0.54911506
-1.0247496 9.672871 -0.45491222 -0.114485 -2.744735 2.355885
-1.0870007 9.871595 -0.48843205 1.075515 -3.1997352 3.1258852
-1.089395 9.866806 -0.5602603 2.9655151 -4.389735 0.675885
-1.1157321 9.914692 -0.54350036 3.9805148 -4.529735 -0.129115
-0.9984126 9.850046 -0.63208854 4.085515 -5.124735 -0.094115
-0.818842 9.79019 -0.70870537 3.7355149 -7.9947357 -0.724115
-1.0798179 9.61062 -0.6703969 0.970515 -6.839735 -2.264115
-1.3288225 9.490906 -0.53392327 -3.2644851 -1.799735 -5.204115
-1.3288225 9.342461 -0.2777359 -6.029485 0.16026501 -7.199115
-1.1636176 8.971348 -0.26097596 -5.609485 -2.814735 -8.634115
-1.5036045 8.657698 -0.36392978 -2.739485 -6.489735 -11.399116
-1.7909175 8.193209 -0.1987248 0.165515 -9.429735 -16.299116
-1.9944309 7.8556156 -0.17238778 1.2855151 -11.074735 -20.184116
-2.1883671 7.3576064 -0.19393626 3.420515 -14.994735 -23.824116
-2.5235655 6.9553685 0.019154198 4.7505155 -19.439734 -27.219114
-2.6360965 6.4597535 0.05985687 2.195515 -18.039736 -30.719118
-2.569057 5.8180876 -0.071828246 -2.984485 -9.219735 -32.364113
-2.5810282 5.260222 0.3328042 -10.929485 3.170265 -31.559114
-2.595394 5.3727527 0.82123625 -17.579485 12.795265 -30.474115
-2.631308 5.5451403 0.6440599 -15.444486 14.930264 -29.564116
-3.040729 5.672037 0.0670397 -4.244485 7.7202654 -28.479115
-2.8013015 5.5714774 -0.723071 6.640515 -0.88973504 -27.709116
-2.631308 5.525986 -0.9313729 8.250515 3.100265 -25.049116
-2.954535 5.7295 -0.67757976 -2.0744848 11.920264 -21.619114
-3.047912 6.057515 0.07901107 -15.584485 12.585265 -16.264114
-2.19555 6.3400397 1.0965779 -25.454487 6.390265 -5.799115
-0.7877164 6.9649453 0.5506832 -24.789486 -2.9897351 7.7458844
-0.4285752 7.3192983 -0.105348095 -6.274485 -14.784735 18.840885
-0.6201172 7.556331 -0.21548474 27.395515 -23.114735 3.7558851
-0.5506832 7.649708 -0.65363705 30.370514 -26.369736 -3.9091148
-1.158829 7.9130783 -1.4413534 30.790516 -31.234735 -10.1041155
-1.3000913 7.9920893 -2.0710478 19.905516 -20.944736 -7.969115
-1.0127783 8.097438 -1.201926 -4.0344853 -10.164736 0.045885
-0.9768641 7.805336 -0.5219519 -24.369484 -14.119735 7.080885
-1.9824595 7.972935 0.11013664 -32.524487 -19.404736 17.475885
-1.9537282 8.521224 0.30646718 -33.679485 -12.439734 31.300886
0.50040346 9.347249 0.679974 -33.959484 -3.094735 54.085888
0.80208206 10.491713 1.4054393 -30.914484 -7.889735 72.110886
-1.0941836 10.824516 1.2474172 -15.689484 -16.884735 64.83089
-0.4644893 11.303371 0.5458947 1.2855151 -16.989735 58.355885
1.6305012 11.954614 -0.7972935 10.700515 -15.169734 73.125885
3.337619 12.392766 -1.5107874 11.610516 -21.469734 84.290886
3.1053743 12.296995 -0.6057515 -4.7694855 -27.104734 80.09088
1.2330515 12.924295 1.472479 -32.524487 -27.034735 61.12089
0.70631105 13.225974 2.7127132 -46.419487 -16.079735 40.89089
2.0447106 13.127809 1.5706443 -31.054483 -7.574735 40.820885
3.8547823 12.292207 -0.27294734 0.200515 -13.279736 45.475883
-0.16759923 12.055174 0.56265455 12.275515 -30.079737 39.175884
-1.6305012 12.340093 3.2298768 -8.199485 -37.289734 21.465885
-0.24421602 12.893169 2.3679378 -21.254484 -4.844735 26.260883
2.7893302 13.712012 -1.8914771 15.775516 15.700266 49.955887
3.3950818 13.343293 -3.469304 56.270515 -1.799735 59.440887
0.031125572 12.771062 -1.1684061 41.255512 -25.424736 51.880882
-1.4796618 12.471778 2.1237218 -9.389485 -9.604735 30.985884
0.31604427 12.804582 1.0750294 -30.144487 17.135265 30.915884
1.9369683 12.735147 -0.93616146 -0.114485 1.5602651 50.025883
1.6017698 12.361641 0.34477556 20.570515 -26.299736 55.275887
0.50998056 12.241927 1.7789462 0.305515 -22.834736 45.75589
0.80687064 12.591491 1.158829 -15.479485 -3.234735 35.255886
2.1237218 12.617828 -0.64166564 -1.0594851 -0.049735 35.395885
2.4469488 12.330515 -0.50998056 14.865514 -5.509735 37.740883
1.2498114 11.839689 0.73743665 6.570515 -8.694736 29.410883
1.1348863 11.332103 0.7733508 -8.724485 -6.8047347 15.235885
1.7981004 11.066339 0.090982445 -8.654485 -3.7247348 9.880885
1.5131817 10.64734 0.16041641 -0.884485 -6.1047354 12.085886
0.9960183 10.443827 1.201926 -2.354485 -7.889735 10.055885
1.5347302 10.508472 1.0750294 -10.229485 -1.589735 4.3858852
2.343995 10.431855 0.5027977 -5.294485 4.780265 4.700885
2.0159793 10.202005 0.083799616 18.400515 1.175265 -0.304115
2.1907616 10.048771 0.41420954 14.655515 2.995265 -3.034115
2.2673783 10.000886 0.7541966 8.950515 5.9352655 -3.454115
2.0016139 9.931452 0.5794145 10.420515 8.805264 -6.674115
2.0423164 9.775824 0.12210801 14.410516 8.560265 -6.9191146
1.951334 9.553157 -0.09337672 13.815515 5.2002654 -6.009115
1.8771114 9.5483675 0.30886146 5.625515 4.885265 -6.149115
2.013585 9.60583 0.31125572 -0.464485 5.865265 -5.729115
1.89866 9.615408 0.0071828244 0.37551498 3.660265 -6.079115
1.7143008 9.431048 -0.11492519 1.2855151 0.72026503 -6.8491154
1.8340145 9.47654 0.13168511 -3.3694851 -0.994735 -5.449115
2.0902019 9.598648 0.38068968 -8.199485 0.195265 -4.014115
2.1572416 9.644139 0.06943397 -6.9044847 1.105265 -3.2791152
1.9202085 9.624985 -0.14605077 -2.494485 -1.379735 -4.469115
1.7573977 9.529214 0.14844504 -3.089485 -3.3747349 -5.554115
1.8747171 9.450203 0.5243462 -7.8844852 -2.289735 -4.224115
2.169213 9.557945 0.49082634 -8.0594845 -0.67973506 -1.9141148
1.8364087 9.584282 0.0670397 -2.459485 -0.784735 -2.334115
1.5562786 9.464568 -0.04070267 1.845515 -2.114735 -4.504115
1.9273912 9.517242 0.12210801 0.060514994 -1.869735 -3.2791152
2.0255566 9.514848 0.29210153 -2.914485 -1.169735 -0.374115
1.6328955 9.514848 0.4932206 -3.194485 -2.044735 -1.459115
1.8292259 9.682447 0.4932206 -0.919485 -1.659735 -2.894115
1.8220432 9.687236 0.23224466 2.825515 0.615265 -1.9841151
1.6400782 9.553157 -0.026337024 7.795515 -0.049735 -2.474115
1.8747171 9.586677 0.0023942748 8.5655155 -1.379735 -2.6491148
2.063865 9.7135725 0.15802214 4.1205153 -0.50473505 -0.44411498
1.8651401 9.694419 0.31843856 0.41051498 0.125265 0.010885
1.9417568 9.665688 0.16520496 0.305515 -0.50473505 -2.0891151
1.8196489 9.57231 0.23463893 1.6355151 -2.324735 -2.509115
1.8316202 9.565128 0.5219519 -0.464485 -2.324735 -2.264115
1.9417568 9.569917 0.4932206 -3.124485 1.0702649 -1.494115
1.7789462 9.526819 0.1699935 -0.184485 1.105265 -1.3541151
1.5586729 9.565128 -0.0071828244 4.8205147 -1.554735 -2.0891151
1.8340145 9.5794935 0.13168511 4.435515 -1.554735 -2.229115
1.8435916 9.584282 0.23463893 0.23551501 0.440265 0.185885
1.6951466 9.545974 0.22266756 -0.884485 0.195265 0.53588504
1.8316202 9.680053 0.071828246 0.655515 -1.4497349 0.255885
1.8459859 9.703996 0.014365649 -0.674485 -1.4147351 0.885885
1.611347 9.569917 0.39505535 -2.774485 -1.764735 -0.234115
1.8507744 9.603436 0.52674043 -3.299485 -0.469735 -0.199115
1.9704882 9.672871 0.25379312 0.41051498 0.755265 1.130885
1.7286664 9.747093 -0.21787901 4.435515 -0.22473499 -0.059115
1.8316202 9.699207 -0.090982445 2.545515 -0.819735 -0.61911505
1.7789462 9.62259 0.2083019 -2.844485 -0.88973504 -0.409115
1.8531687 9.636956 0.2944958 -4.944485 -0.92473507 0.430885
1.9633054 9.725544 0.17957062 -3.789485 -1.869735 2.040885
1.7813405 9.672871 0.3328042 -3.054485 -2.849735 1.060885
1.759792 9.651321 0.38308397 -3.509485 -1.204735 -0.584115
1.8603516 9.668081 0.22745611 -2.214485 0.755265 0.53588504
1.8675344 9.653716 0.12929083 -1.024485 1.000265 1.5158849
