-3.76 8.01 -0.79999995 -5.7295775 -4.0107045 9.740283
-4.0 7.8999996 -0.74 -2.8647888 -8.594366 4.583662
-5.0299997 8.05 -1.04 -5.7295775 -9.167324 10.886198
-4.85 7.7999997 -1.11 -7.448451 -6.3025355 13.178029
-4.41 7.9199996 -0.59 -4.583662 -4.0107045 11.459155
-4.3199997 7.98 -0.62 -4.583662 -5.7295775 10.31324
-4.12 7.93 -0.63 -3.4377468 -3.4377468 8.594366
-4.24 7.74 -0.42999998 -0.57295775 -3.4377468 9.167324
-4.38 7.6299996 -0.76 -1.1459155 -5.15662 12.605071
-4.5 8.08 -0.66999996 -2.291831 -6.8754935 15.469859
-3.98 8.07 -0.76 -5.15662 -6.8754935 15.469859
-3.8799999 8.16 -0.71999997 -6.8754935 -7.448451 14.896902
-3.7099998 8.2699995 -0.39 -6.8754935 -6.3025355 12.605071
-3.9599998 8.29 -0.29999998 -6.8754935 -3.4377468 10.886198
-4.49 8.45 0.02 0.0 -4.0107045 17.761692
-3.9099998 8.49 -0.41 -0.57295775 -6.3025355 17.761692
-3.47 8.599999 -0.88 -5.15662 -6.8754935 17.188732
-3.57 8.57 -0.71 -7.448451 -6.8754935 16.042818
-3.7099998 8.55 -0.26999998 -4.583662 -6.3025355 17.761692
-3.78 8.55 0.17999999 2.8647888 -6.8754935 18.334648
-3.35 8.7 0.21 4.0107045 -1.1459155 17.761692
-4.12 8.42 -0.96999997 -2.8647888 0.57295775 21.199438
-4.04 8.809999 -0.32 -4.583662 -4.0107045 28.07493
-2.95 9.04 -0.089999996 -2.8647888 -5.15662 26.356058
-2.44 9.05 -0.59 -2.291831 -4.0107045 22.345354
-2.86 8.69 -0.96 -8.021409 -2.8647888 18.907606
-3.8799999 8.73 -0.14999999 -8.021409 -4.0107045 28.64789
-3.4099998 9.01 0.39 -5.15662 -1.7188734 29.793804
-2.04 9.2 -0.34 -6.8754935 -1.7188734 23.49127
-2.27 9.21 -0.65999997 -9.167324 -2.8647888 21.772396
-3.1299999 9.28 -0.049999997 -7.448451 -6.3025355 25.210142
-2.98 9.059999 0.19 -5.15662 -5.7295775 29.220846
-2.71 9.17 0.34 -2.291831 -2.8647888 31.51268
-2.35 9.45 -0.35999998 -5.15662 -4.583662 28.64789
-2.44 9.65 -0.32999998 -11.459155 -6.8754935 29.793804
-1.8 9.32 -0.089999996 -15.469859 -6.3025355 29.220846
-2.1 9.22 0.53 -12.032113 -1.7188734 28.07493
-2.31 9.44 0.7 -6.3025355 -2.8647888 30.939718
-1.43 9.429999 0.14999999 -3.4377468 -5.15662 29.793804
-1.51 9.429999 0.16 -5.15662 -5.15662 25.7831
-1.78 9.58 0.59999996 -2.291831 -4.0107045 26.356058
-1.55 9.49 0.56 -1.1459155 -1.7188734 24.637184
-1.61 9.67 0.19 -4.583662 -1.1459155 25.210142
-1.3299999 9.74 0.37 -2.8647888 -4.583662 23.49127
-0.96999997 9.679999 0.28 -1.1459155 -2.291831 21.199438
-2.18 9.74 0.66999996 5.15662 -1.7188734 27.501974
-0.93 9.83 0.25 6.8754935 -1.7188734 29.793804
0.049999997 9.51 -0.02 5.7295775 0.0 21.199438
-1.26 9.389999 -0.01 5.15662 0.0 18.907606
-1.77 9.49 0.35999998 5.15662 -2.8647888 26.929016
-0.68 9.36 0.29 6.8754935 -1.1459155 28.07493
-0.35 9.24 -0.31 3.4377468 0.0 24.637184
-0.81 9.17 -0.37 0.0 -3.4377468 27.501974
-0.52 9.36 0.11 -0.57295775 -4.583662 28.07493
0.34 9.28 -0.21 -2.8647888 -2.8647888 21.772396
0.01 9.25 -0.7 -12.032113 -5.7295775 20.053522
-0.83 9.23 -0.79999995 -21.199438 -10.31324 23.49127
0.06 10.139999 1.99 0.57295775 -8.594366 26.356058
0.59 10.139999 0.81 9.740283 -6.3025355 21.772396
-0.45999998 9.79 0.42 10.31324 -0.57295775 20.62648
-1.28 9.87 1.1899999 16.042818 -1.1459155 30.939718
0.07 9.929999 0.38 21.199438 0.0 36.09634
1.1 9.809999 -1.02 12.605071 0.57295775 31.51268
0.52 9.57 -1.1999999 -3.4377468 -1.7188734 30.366762
-0.02 9.719999 0.76 5.7295775 -6.3025355 34.377464
0.74 10.15 1.29 13.750987 -5.15662 31.51268
1.17 9.98 -0.08 8.021409 -1.7188734 25.210142
0.28 9.65 -0.61 0.57295775 -2.291831 29.220846
-0.01 9.75 0.12 2.8647888 -4.0107045 34.950428
1.5999999 9.84 -0.29 0.0 -2.8647888 27.501974
0.5 9.91 -0.07 -5.15662 -1.1459155 26.356058
0.71 9.83 0.19 -5.7295775 -2.291831 30.366762
1.5799999 9.71 0.25 -4.583662 -2.291831 29.220846
1.37 9.83 0.72999996 0.0 -0.57295775 26.929016
1.42 10.16 0.32999998 1.7188734 -1.1459155 26.356058
1.5699999 9.94 -0.29 -3.4377468 -2.291831 24.064226
1.53 9.9 -0.19999999 -6.8754935 -1.1459155 24.064226
1.4399999 9.969999 0.42999998 -4.0107045 -0.57295775 22.91831
1.8399999 9.91 0.47 0.0 0.0 22.345354
1.6999999 9.8 0.16 0.0 -2.8647888 22.345354
1.92 9.82 -0.31 -4.583662 -1.1459155 20.62648
2.3899999 9.809999 0.56 -2.8647888 -1.1459155 17.188732
2.1499999 9.69 0.48999998 0.57295775 -1.1459155 16.042818
2.08 9.98 0.14999999 0.57295775 -0.57295775 15.469859
2.22 10.21 0.22999999 0.57295775 -1.1459155 14.323945
2.36 10.07 -0.049999997 -0.57295775 0.0 13.178029
2.29 9.65 0.0 -0.57295775 -1.7188734 12.032113
1.54 9.94 0.57 3.4377468 -2.8647888 17.188732
2.1699998 10.2 0.34 1.7188734 -1.1459155 14.896902
2.6499999 10.13 0.08 0.0 0.0 11.459155
2.6499999 9.67 0.12 0.0 0.0 10.31324
1.92 9.42 0.29999998 0.57295775 -1.7188734 15.469859
1.7199999 9.3 0.19 -0.57295775 -2.8647888 20.053522
2.61 9.3 0.19 -2.8647888 -0.57295775 16.615776
2.76 9.2 0.81 0.0 0.0 14.896902
2.6299999 8.92 0.74 4.0107045 0.0 16.042818
2.61 8.5 0.24 4.0107045 2.291831 18.334648
2.4199998 8.34 -0.19 0.57295775 2.291831 21.772396
2.48 8.65 -0.19999999 -5.15662 0.0 26.356058
3.09 9.099999 0.45999998 -4.583662 -0.57295775 26.356058
3.3999999 9.15 0.75 0.0 0.57295775 23.49127
3.1799998 9.04 0.71999997 1.7188734 2.291831 22.91831
3.26 9.12 0.62 2.291831 4.0107045 21.199438
3.25 9.32 0.29 0.0 2.8647888 21.772396
3.21 9.48 -0.29999998 -6.3025355 0.0 21.199438
3.07 9.719999 0.02 -7.448451 -1.7188734 20.62648
3.77 10.19 0.62 -5.7295775 -1.1459155 16.615776
3.6999998 10.07 0.53 -5.15662 -1.1459155 13.178029
3.53 10.04 0.83 -2.8647888 0.0 10.886198
3.26 9.98 0.87 0.57295775 0.57295775 10.31324
3.05 9.86 0.28 0.0 0.57295775 12.605071
3.56 9.92 0.17 -2.291831 -1.1459155 12.605071
3.8799999 9.66 0.53 -0.57295775 -1.1459155 9.740283
4.0099998 9.349999 0.84999996 2.291831 0.0 6.8754935
3.78 9.29 0.75 3.4377468 0.0 5.7295775
3.51 9.29 0.42 1.1459155 1.1459155 6.8754935
3.3 9.17 0.53 2.291831 1.7188734 8.594366
3.52 9.2 0.77 4.583662 1.7188734 8.594366
4.0099998 9.309999 0.14 0.57295775 1.7188734 5.15662
3.58 9.24 0.19999999 -1.7188734 0.57295775 5.15662
3.6399999 9.3 0.59999996 -1.7188734 0.0 5.7295775
3.81 9.22 0.78 0.0 0.57295775 5.15662
3.86 9.059999 0.76 1.7188734 1.1459155 4.583662
3.81 9.23 0.57 2.8647888 1.1459155 4.0107045
3.83 9.2699995 0.32 0.0 2.291831 2.8647888
3.74 9.16 0.19999999 -2.8647888 0.57295775 3.4377468
3.9299998 9.15 0.16 -5.15662 0.0 1.7188734
4.06 9.2699995 0.82 -0.57295775 0.0 0.0
3.76 8.99 1.2099999 4.583662 1.7188734 1.1459155
3.6299999 8.97 0.78999996 4.583662 1.7188734 1.7188734
4.11 9.099999 0.32 0.0 0.57295775 0.0
3.98 8.87 0.83 1.7188734 1.1459155 -0.57295775
3.99 8.7699995 1.17 6.8754935 2.8647888 -1.7188734
3.6999998 8.63 0.7 10.31324 4.0107045 0.0
3.47 8.58 -0.26 5.15662 2.8647888 2.8647888
3.6399999 8.5 -0.29999998 -1.7188734 0.57295775 6.8754935
4.23 8.86 0.07 -6.3025355 -1.1459155 2.8647888
4.0299997 8.95 0.58 -5.7295775 0.0 1.7188734
3.9299998 8.94 1.13 -1.1459155 0.0 1.7188734
4.0899997 9.04 0.97999996 1.1459155 0.57295775 0.0
3.9299998 9.0199995 0.93 4.0107045 0.0 0.0
3.82 9.0 0.79999995 5.7295775 0.57295775 -0.57295775
4.23 9.08 0.65 5.15662 -0.57295775 -4.583662
3.75 8.65 0.39999998 3.4377468 -1.1459155 -4.0107045
3.61 8.7 0.59 2.8647888 0.0 -1.7188734
3.73 8.83 0.62 3.4377468 0.0 0.0
4.0899997 8.82 0.32 3.4377468 0.0 -1.1459155
4.17 8.9 0.14 1.7188734 -0.57295775 -4.0107045
3.97 8.8 0.32 2.8647888 -1.1459155 -3.4377468
3.56 8.74 0.51 3.4377468 -0.57295775 -1.1459155
3.72 8.69 0.37 0.57295775 1.7188734 -0.57295775
3.74 8.83 0.14999999 -2.291831 2.291831 0.0
3.74 8.76 0.44 -1.7188734 1.7188734 0.0
4.25 8.88 0.82 0.0 2.291831 -2.8647888
4.02 8.74 0.88 0.0 1.7188734 -1.1459155
3.6799998 8.91 0.38 -2.291831 0.0 0.0
3.86 8.889999 0.7 -3.4377468 -1.1459155 0.0
