-0.28 9.36 0.69 34.950428 18.334648 -17.761692
-1.4399999 8.849999 -1.37 18.907606 8.594366 -16.042818
-3.03 8.66 -1.5899999 10.886198 -10.31324 -4.0107045
-2.27 8.41 0.17999999 16.042818 -6.3025355 -1.1459155
-1.06 8.09 0.64 19.480566 6.3025355 -6.3025355
-0.48 7.93 -0.14 17.761692 12.032113 -16.042818
-1.36 7.3599997 -0.28 20.053522 9.167324 -14.896902
-1.7199999 6.3799996 0.39 35.523384 -4.0107045 -5.15662
-1.37 6.0299997 0.02 37.242256 -10.886198 -1.1459155
-1.31 5.89 -0.31 24.637184 -7.448451 0.0
-0.79999995 6.29 0.25 8.021409 0.0 -1.7188734
-1.17 6.18 1.22 4.0107045 15.469859 -8.021409
-2.4099998 6.0299997 1.09 6.8754935 3.4377468 9.740283
-2.1599998 5.87 0.64 6.3025355 9.167324 22.91831
-1.02 6.18 0.29999998 1.1459155 21.772396 17.188732
-1.53 6.72 0.19 -2.8647888 44.11775 14.896902
-2.99 6.98 -0.16 -10.31324 47.555496 36.09634
-2.07 6.72 -0.78999996 -24.637184 53.285076 48.701412
0.22 8.15 0.51 -13.178029 37.815212 50.420284
0.0 8.67 0.13 -1.1459155 25.7831 49.27437
0.28 8.62 -1.3299999 -14.896902 23.49127 49.84733
0.78999996 8.26 -1.26 -36.669296 31.51268 48.701412
0.52 8.49 0.32 -35.523384 30.366762 51.5662
0.74 8.57 0.77 -16.042818 7.448451 69.900856
1.8499999 9.04 -0.14 -21.772396 6.3025355 68.75493
2.8899999 8.9 -0.90999997 -34.950428 14.323945 61.879436
1.74 8.76 -0.26 -36.669296 5.15662 72.76564
2.23 8.99 0.74 -23.49127 -10.31324 84.79775
3.8899999 9.719999 1.1899999 -10.31324 -24.637184 77.349304
2.96 9.96 0.69 -1.7188734 -28.64789 85.94367
3.26 10.17 0.9 2.8647888 -13.750987 90.52733
4.21 10.23 -0.42999998 -5.7295775 -0.57295775 85.94367
4.49 10.059999 -0.97999996 -24.637184 -5.7295775 79.06818
3.8799999 10.05 -0.17999999 -37.242256 -14.323945 79.06818
3.9199998 10.32 1.13 -36.669296 -7.448451 83.07887
4.81 10.51 1.4599999 -32.658592 0.57295775 79.641136
4.92 9.849999 0.07 -49.27437 -0.57295775 80.21409
4.7599998 9.83 0.89 -49.84733 0.0 76.203384
5.17 10.599999 3.4399998 -24.637184 -1.1459155 75.057465
6.37 11.03 3.7099998 -4.0107045 -4.0107045 67.03606
6.83 10.42 1.9 -16.615776 9.167324 57.29578
4.9 10.469999 2.4099998 -10.31324 13.750987 63.02536
6.24 10.98 1.9399999 4.583662 0.0 63.02536
7.5899997 10.49 -0.19 -5.15662 -12.032113 47.555496
6.35 10.12 -0.53999996 -33.231552 1.7188734 32.658592
5.41 10.38 1.5 -37.242256 4.583662 36.09634
6.45 10.37 1.9499999 -23.49127 -16.042818 32.658592
6.7799997 9.71 0.76 -34.950428 -12.605071 25.7831
5.8599997 9.309999 1.3399999 -35.523384 -5.15662 26.356058
4.79 9.309999 2.6299999 -17.761692 -13.750987 32.658592
5.5299997 9.53 2.96 -1.1459155 -24.064226 29.793804
6.5099998 9.41 2.1499999 -0.57295775 -22.345354 24.064226
5.64 9.17 1.76 -10.886198 -12.605071 20.62648
5.5699997 8.98 2.12 -10.31324 -12.605071 22.91831
6.23 8.96 2.11 -9.167324 -16.615776 22.91831
7.2799997 9.08 2.11 -10.31324 -13.750987 13.750987
7.27 9.0199995 2.32 -10.31324 -1.7188734 0.0
5.64 8.67 2.6699998 -3.4377468 -2.8647888 1.7188734
5.13 8.26 2.99 2.291831 -2.291831 9.740283
5.71 8.24 2.6799998 4.583662 -2.291831 9.740283
6.69 8.63 2.04 0.57295775 -2.8647888 0.0
7.39 8.559999 1.56 -6.8754935 1.7188734 -11.459155
6.08 8.16 1.43 -14.323945 4.583662 -9.740283
6.06 7.96 1.8399999 -14.323945 0.0 -4.0107045
6.44 7.71 1.64 -18.334648 0.57295775 -8.594366
5.7599998 7.56 2.37 -18.334648 6.3025355 -9.167324
5.49 7.56 3.1299999 -6.8754935 5.7295775 -5.15662
5.8199997 7.47 2.85 5.7295775 1.1459155 -2.291831
6.02 7.49 2.44 9.740283 -1.1459155 -3.4377468
5.8799996 7.49 1.8299999 2.291831 0.57295775 -4.583662
5.91 7.46 1.62 -2.8647888 0.0 -5.7295775
6.2599998 7.37 2.12 -1.1459155 -0.57295775 -8.594366
6.12 7.04 2.48 0.0 -1.1459155 -8.594366
5.69 6.99 2.6 0.0 2.291831 -5.7295775
5.62 6.98 2.6399999 2.291831 2.8647888 -3.4377468
5.75 6.87 2.6599998 5.15662 0.0 -1.1459155
5.65 6.92 2.6499999 7.448451 -0.57295775 0.0
5.71 6.99 2.32 6.3025355 3.4377468 1.1459155
5.77 7.06 1.8399999 2.291831 4.583662 1.7188734
5.99 7.0299997 1.9699999 -1.1459155 6.3025355 0.0
5.73 6.91 2.33 1.7188734 8.021409 0.57295775
5.5499997 6.93 2.3999999 5.7295775 6.8754935 3.4377468
5.7799997 6.92 1.8199999 2.291831 4.0107045 4.0107045
5.92 7.06 1.63 -2.8647888 5.15662 4.0107045
5.87 7.2599998 1.88 -4.0107045 2.291831 4.583662
6.25 7.5 2.24 -1.1459155 -2.8647888 0.0
5.74 7.2799997 2.2 -1.7188734 0.0 -0.57295775
5.73 7.31 2.3899999 -2.291831 4.0107045 1.1459155
6.04 7.3999996 2.37 -1.7188734 5.7295775 0.57295775
6.0299997 7.35 2.45 0.0 2.291831 0.0
5.89 7.3199997 2.6299999 4.583662 0.0 0.0
5.7999997 7.3399997 2.35 6.8754935 0.0 0.0
5.9 7.31 1.9599999 2.291831 1.7188734 0.0
5.89 7.21 1.66 -3.4377468 1.7188734 0.0
5.89 7.24 2.07 -2.291831 0.0 0.0
6.0699997 7.33 2.6299999 2.291831 0.57295775 -1.1459155
5.94 7.41 2.48 0.57295775 0.57295775 -1.1459155
5.93 7.19 2.1299999 -2.8647888 2.291831 -1.7188734
5.83 7.19 2.51 -1.7188734 2.291831 -1.7188734
5.69 7.2 2.3899999 1.1459155 1.7188734 -1.1459155
5.66 7.0499997 1.93 0.0 0.0 -0.57295775
5.7599998 6.94 1.74 -3.4377468 -1.7188734 0.0
5.8599997 7.0 2.08 -5.7295775 -1.1459155 0.57295775
6.0099998 7.3399997 2.69 -1.1459155 -1.7188734 0.57295775
6.04 7.47 2.54 -1.1459155 -4.0107045 0.0
5.9 7.3999996 2.32 -6.3025355 1.1459155 -0.57295775
5.7599998 7.41 2.78 -2.8647888 4.583662 0.0
5.8399997 7.5 3.1499999 6.8754935 0.0 0.0
5.9 7.33 2.1599998 6.8754935 -2.8647888 -0.57295775
