-1.9034485 9.744699 -0.7589851 6.66141 3.8448899 -0.63322
-2.1021733 9.634562 -1.1875603 8.27141 3.07489 -2.31322
-1.9178141 9.70639 -0.89545876 2.9514098 -1.82511 -1.54322
-1.9202085 9.603436 -0.6464542 -3.6635902 -7.1101103 -2.73322
-2.0542877 9.5483675 -0.45970076 -6.9535904 -5.92011 -3.9582198
-2.1572416 9.58907 -0.43815228 -6.56859 -0.84511006 -3.5382202
-2.099779 9.694419 -0.44772938 -4.11859 0.90489006 -2.17322
-1.9704882 9.742304 -0.44294083 -1.17859 -0.63511 -0.21321999
-1.6400782 9.725544 -0.600963 1.51641 -3.7851098 0.13678001
-1.6065584 9.754275 -0.5147691 2.42641 -5.81511 -0.07322
-1.7669748 9.677659 -0.59378016 1.37641 -4.59011 -2.41822
-1.9992194 9.471751 -0.5865973 0.25641 -1.54511 -6.68822
-2.011191 9.229929 -0.57223165 -1.00359 0.76489 -9.24322
-2.2194927 8.976136 -0.7206767 -1.2485901 0.62489 -9.90822
-2.6935592 8.657698 -0.845179 -0.89859 0.62489 -11.48322
-2.80609 8.4230585 -0.6703969 -2.1935902 1.98989 -12.53322
-2.648068 8.116591 -0.50040346 -3.7685902 3.38989 -11.41322
-2.743839 7.7047763 -0.7541966 -2.6135902 3.9148898 -8.99822
-3.0239692 7.637737 -0.9984126 1.9014099 2.05989 -9.66322
-3.213117 7.309721 -1.2713599 5.71641 -2.17511 -12.673221
-3.1915684 6.7734036 -0.9864412 4.4564104 -6.65511 -15.47322
-3.1173458 6.4166565 -0.6608198 -2.64859 -8.790111 -18.13322
-3.0981915 6.301731 -0.5913859 -11.25859 -6.20011 -19.11322
-3.6560576 6.308914 -0.2466103 -19.30859 -3.9251103 -19.42822
-3.756617 6.0527267 0.35914123 -28.33859 2.19989 -20.583221
-3.0000262 5.66246 0.35914123 -31.768589 7.51989 -20.268219
-2.1237218 6.0599093 -0.21309046 -23.893589 2.96989 -13.75822
-2.6935592 5.6840086 -0.33519846 -13.77859 -5.7451105 -11.13322
-2.760599 5.482889 0.071828246 -20.98859 7.20489 -15.47322
-1.5802214 5.0806513 0.019154198 -25.32859 17.49489 -12.463221
-2.2889266 5.949773 0.42618093 -21.51359 21.659891 -6.96822
-3.0814316 6.2490573 0.62251145 -9.368589 17.249891 -10.503221
-2.9377751 6.567496 -0.44772938 12.9614105 -3.50511 -8.61322
-1.4150164 6.864386 -1.8435916 30.63641 -19.50011 9.13178
-1.0032011 7.3480296 -2.1189332 17.72141 -22.825111 23.796778
-1.9058428 7.719142 0.6392714 -20.56859 -16.245111 17.111778
-2.2099156 8.219545 2.6193366 -48.35859 -13.90011 10.286779
-0.9529214 8.382356 1.8962656 -34.778587 -19.85011 22.92178
-0.71588814 8.961771 0.94573855 -1.77359 -27.23511 39.09178
-1.1540405 9.301758 0.8236305 12.5414095 -28.39011 36.78178
-0.818842 9.98652 1.0008069 10.16141 -25.55511 28.731781
-0.45970076 10.843671 0.42618093 9.56641 -18.13511 35.69678
-0.5698374 10.836488 0.29928434 15.13141 -14.705111 41.96178
-1.5850099 10.903527 0.89067024 15.446411 -17.82011 28.34678
-1.2737542 11.578713 0.28970724 13.20641 -19.78011 21.59178
-0.66321415 11.569136 -0.4285752 20.87141 -12.885111 33.00178
-0.34956414 11.087887 -0.21069619 25.841412 -9.52511 40.281776
-0.3519584 10.872402 0.18435916 22.37641 -15.580111 34.12178
-0.65124273 11.221966 0.06464542 18.456411 -19.815111 29.291779
-0.6656084 11.212389 -0.3974496 14.85141 -10.64511 35.76678
-0.1340794 10.975356 0.15562786 10.75641 2.5148902 46.51178
1.324034 11.190841 0.22506183 6.69641 -0.60011 48.01678
1.2761484 11.777438 -0.5818088 12.33141 -12.64011 45.041782
-0.10055954 11.839689 -1.4844503 22.93641 -9.35011 36.29178
-0.39505535 11.511673 -0.7326481 23.70641 -0.60011 26.31678
0.047885496 11.315343 0.098165266 9.63641 -9.420111 23.69178
0.019154198 11.617022 0.13168511 -1.5635899 -22.12511 25.021782
0.55786604 11.894757 0.0047885496 2.67141 -19.080109 26.94678
0.5147691 11.595473 -0.4836435 14.991411 -8.96511 29.746782
-1.0846065 11.791803 -0.8834874 27.241411 -11.27511 23.481781
-0.6273 12.452623 -1.2067145 33.54141 -19.29011 14.94178
0.2681588 12.641771 -2.49244 30.951412 -9.84011 20.68178
0.076616794 12.914719 -3.3926873 29.376411 3.59989 28.80178
-0.49800915 12.648953 -2.6696165 21.01141 -10.96011 28.55678
-1.4940275 12.466989 -0.96489275 -45.873592 -23.45511 24.146782
-0.038308397 12.486143 -0.11492519 -57.773594 -22.545109 31.356781
1.063058 12.313755 -0.17478207 -48.67359 -26.01011 35.41678
0.44054657 11.772649 0.3304099 -40.09859 -29.965109 25.231781
-0.40463245 11.502096 1.3527653 -39.713593 -21.60011 15.536779
-0.38068968 11.514068 1.6185298 -33.97359 -8.96511 15.08178
-0.016759925 11.628993 0.97446984 -16.088589 0.90489006 15.71178
0.18914771 11.820535 -0.057462595 3.75641 6.01489 13.89178
0.679974 11.485336 -0.6296943 12.92641 7.3098903 9.83178
0.047885496 11.425479 -0.4740664 11.77141 5.90989 4.1967797
0.07422252 10.975356 -0.33519846 6.20641 6.18989 0.03178
0.55786604 10.640158 -0.40463245 1.13141 6.01489 1.50178
-0.21548474 10.376787 -0.1987248 -1.3885901 2.1648898 0.17177999
-0.22266756 10.134965 0.41420954 -4.4335904 0.48489 -3.9232202
0.74701375 10.338479 0.28013015 -3.41859 1.77989 -1.12322
1.2450229 10.304958 -0.117319465 4.2114096 2.2348902 2.1317801
0.679974 10.034406 0.0 8.27141 0.16989 -1.0882201
0.5123748 9.703996 0.38547826 4.52641 -0.28511 -4.9382205
0.8236305 9.670476 0.44054657 0.39641002 2.96989 -4.4482203
0.8379962 9.624985 -0.098165266 3.44141 5.38489 -3.43322
0.7302538 9.498088 -0.29689008 8.621409 3.9848902 -4.7632203
0.43575802 9.299363 -0.047885496 7.46641 3.38989 -6.05822
0.61293435 9.445415 -0.026337024 2.9514098 5.31489 -5.56822
0.8930645 9.682447 -0.32083282 2.46141 5.69989 -2.90822
0.91461295 9.593859 -0.63208854 4.77141 3.07489 -1.78822
0.15323359 9.574705 -0.076616794 2.4964101 0.69489 -4.0982203
0.37350687 9.512454 0.26337022 -4.67859 1.39489 -4.97322
0.7637737 9.617802 0.15323359 -7.6185904 2.8298903 -0.77322006
0.7805336 9.703996 -0.17478207 -3.31359 2.8648899 2.2717798
0.3615355 9.730332 -0.29689008 1.34141 3.8798902 0.90677994
0.6296943 9.768641 -0.44054657 2.9514098 4.82489 -1.22822
0.76616794 9.864412 -0.7350424 3.2664099 4.4748898 -0.17822
0.3974496 9.821315 -0.50758624 2.9164102 1.88489 0.20678
0.38068968 9.859624 -0.14126222 -2.5085902 1.25489 -1.43822
0.9505271 9.938635 -0.11492519 -9.19359 1.1148901 -0.17822
0.76616794 9.941029 -0.062251143 -10.558591 -1.44011 2.23678
0.31604427 9.660899 0.339987 -7.9685903 -5.3601103 -4.51822
0.21548474 9.591465 0.4668836 -7.12859 -2.84011 -3.18822
0.6392714 9.656111 0.28013015 -2.85859 0.30989 0.66178
0.68236834 9.744699 0.043096945 2.14641 -0.04011 1.39678
0.5147691 9.783007 -0.0071828244 3.75641 0.79989004 -0.17822
0.37350687 9.75667 -0.12450229 3.8264103 3.17989 -0.10822
0.15083931 9.77343 -0.28252444 5.0514097 4.33489 0.31178
0.2681588 9.816526 -0.28013015 4.73641 3.94989 1.88678
0.749408 9.96976 -0.26337022 1.3064101 5.6648903 5.03678
1.0439038 10.190034 -0.45730647 -1.28359 7.0298896 6.85678
0.5913859 10.247497 -0.6344828 -0.058589995 5.03489 3.14678
0.37829542 9.943423 -0.40463245 -0.37359 -1.37011 -2.03322
0.5219519 9.787795 0.011971374 -6.25359 -4.66011 -1.92822
0.7541966 9.818921 0.30886146 -10.45359 -2.38511 0.69677997
0.43336374 9.787795 0.47885495 -9.43859 -2.49011 0.03178
0.47167215 9.816526 0.5411061 -4.46859 -2.07011 -2.55822
1.0199611 9.996098 0.09337672 2.67141 -1.33511 -2.38322
0.6057515 9.950606 -0.29210153 8.41141 -1.9301101 -2.80322
0.0670397 9.651321 -0.10055954 7.431411 -1.44011 -5.74322
0.2657645 9.584282 0.2657645 0.67641 0.20489 -4.6932197
0.7948992 9.751882 0.28970724 -3.7335896 2.44489 0.52178
1.0510867 9.804555 0.21069619 -3.5235903 4.29989 3.77678
0.34956414 9.601042 0.19393626 -1.0385901 4.8948903 1.15178
0.0047885496 9.45978 0.2083019 1.3064101 4.0898905 -3.71322
0.5698374 9.4932995 0.16759923 2.35641 1.7448901 -3.0482202
1.0989721 9.648928 -0.07901107 2.42641 2.8648899 2.20178
0.62251145 9.665688 -0.15562786 3.7914102 3.9148898 2.51678
0.1699935 9.553157 -0.071828246 5.29641 1.32489 -3.01322
0.2466103 9.419077 -0.0047885496 4.2114096 -0.04011 -4.4482203
0.3902668 9.462174 -0.045491222 2.21641 0.72989005 -0.10822
0.74701375 9.680053 -0.12210801 2.21641 1.9198902 3.6367798
0.81165916 10.039194 -0.38308397 3.6864102 0.86989003 4.68678
0.5554718 10.060742 -0.34716985 5.0514097 -1.61511 2.6917799
0.3304099 9.840469 -0.057462595 2.11141 -1.7901101 0.66178
0.44054657 9.754275 0.090982445 -2.99859 0.51989 0.90677994
0.679974 9.859624 0.016759925 -3.7335896 1.35989 2.55178
