-0.57462597 10.139753 -1.324034 -4.065005 3.227455 0.491575
-0.6847626 10.00328 -0.117319465 -18.380005 5.8524547 -1.013425
-0.9337672 9.895537 0.22745611 -23.700005 6.4474554 -5.983425
-1.2354459 9.744699 0.54350036 -16.455006 5.7474546 -7.1034255
-1.2258687 9.63935 0.17238778 -3.2950048 4.452455 -5.248425
-1.1564348 9.62259 -0.35914123 9.654996 0.182455 -2.728425
-1.0917894 9.670476 -0.6392714 15.009996 -4.367545 -1.853425
-0.9960183 9.598648 -0.6560313 13.084995 -7.762545 -2.4834251
-0.93616146 9.373586 -0.69912827 8.499995 -7.272545 -3.7784252
-1.0079896 9.191621 -0.749408 3.074995 -3.0375452 -4.828425
-1.0606637 8.956982 -0.5243462 -2.210005 -1.567545 -5.8084254
-1.228263 8.923462 -0.4189981 -5.360005 -3.9125454 -8.433425
-1.2737542 8.564321 -0.25139886 -4.800005 -5.4175453 -10.778425
-1.5179702 7.893924 -0.16041641 -2.105005 -6.677545 -10.813425
-1.5586729 7.3384523 -0.14844504 3.669995 -7.062545 -9.133426
-1.3910737 6.196383 0.16520496 10.739995 -7.972545 -10.008426
-1.4317763 4.4246197 -0.36392978 21.624996 -20.782547 -11.198424
-1.6831752 3.512401 -1.0654523 34.679996 -36.252544 -16.098425
-2.6217308 3.1867797 -0.94095 31.039997 -30.687544 -23.798424
-1.9872481 2.9569294 -0.339987 11.089995 -10.457545 -20.263424
-1.0846065 2.719896 -0.5818088 -5.360005 4.347455 -9.623425
-1.4700848 3.1221344 -1.1971374 -8.265005 4.452455 -6.683425
-2.2793496 3.7111259 -0.31125572 -12.640005 3.577455 -13.613425
-1.9728824 4.06069 0.38068968 -24.855005 4.837455 -15.783426
-1.9058428 5.401484 0.6368771 -30.420006 -3.1775448 -4.9684253
-0.9768641 6.6441126 -0.22266756 -24.925005 -12.592545 10.361574
-0.36392978 7.0726876 -0.6392714 -16.665007 -11.402546 22.996576
-0.12689656 7.8915296 0.45491222 -20.025007 -7.552545 27.756577
0.7853221 9.047964 1.1253091 -30.245007 -11.402546 27.861574
0.3902668 9.778218 -0.33759275 -24.295006 -30.827547 30.206577
0.8044763 10.00328 -0.80687064 -5.500005 -41.502544 29.226574
0.7709565 10.055954 1.201926 -13.235005 -29.252546 33.566574
0.11492519 10.577906 2.264984 -38.820004 -25.122545 36.786575
0.2466103 11.133378 1.4365649 -44.385006 -27.047546 35.561573
2.310475 11.557164 0.723071 -26.325005 -20.852543 43.471577
2.7677817 11.856449 1.0271438 -7.4250054 -22.462545 55.966576
1.5323359 12.742331 1.5395187 5.839995 -38.247547 41.616573
1.9321798 13.707223 -0.25379312 16.829996 -30.337545 39.48158
2.2769554 13.81736 -1.6185298 20.609995 -33.732544 43.646576
1.7981004 13.877216 -1.5227587 -0.88000506 -49.237545 34.686577
0.016759925 14.025661 -1.185166 -33.570004 -55.257545 26.286575
0.43815228 13.807783 -0.15323359 -66.08501 -56.587543 28.771574
2.516383 12.687263 3.1077688 -94.295006 -64.39255 42.176575
2.3200524 11.576319 5.5978146 -95.62501 -73.842545 40.216576
1.0822122 11.43745 5.0926223 -58.000008 -63.272545 28.946573
0.7996878 11.643358 2.6624336 -4.310005 -41.957546 26.671574
2.0351336 12.234744 0.82123625 32.054996 -33.662548 30.731575
1.960911 12.275447 1.8316202 30.584997 -32.157543 31.361576
1.0391153 11.990528 3.5578923 9.304996 -22.532545 27.056576
1.5275474 11.712792 2.1404817 11.894995 -9.757545 26.531576
1.403045 11.516461 -0.0670397 42.029995 -7.307545 28.561575
0.9194015 11.016058 -1.4437478 53.439995 -17.282545 24.186575
0.49800915 11.303371 0.8786988 26.559996 -26.802546 22.751575
1.0558752 11.9713745 2.7725701 -12.465005 -23.407545 27.651575
1.664021 12.191648 1.7573977 -16.035006 -9.477545 33.21657
2.2194927 12.155733 -0.7302538 15.464994 -5.137545 27.791574
1.1923488 12.251504 -1.0582695 34.889996 -18.157543 14.456575
0.87630457 11.980951 0.5985687 18.404995 -21.867546 5.1815753
1.5395187 11.4997015 1.2210802 -9.560005 -13.222546 6.021575
2.1500587 11.45421 0.9122187 -17.365005 -2.477545 11.026575
1.9058428 11.195629 0.6344828 -10.505005 2.5274549 8.9615755
1.2306572 10.989721 0.723071 -4.0300055 -0.132545 0.526575
1.0606637 11.049579 0.52674043 -5.0800047 0.252455 -5.353425
1.8819 11.212389 0.9577099 -9.630006 5.2574553 -3.358425
2.19555 10.779025 0.9313729 -11.765005 6.272455 -0.173425
1.7478206 10.403124 0.7015225 -6.060005 3.542455 -6.053425
1.4126221 9.909904 1.0726352 -0.49500498 2.422455 -13.228425
1.8459859 9.498088 1.5131817 -2.770005 5.082455 -13.998425
1.7166951 9.215564 1.403045 -3.8550053 8.652454 -10.008426
2.047105 9.177256 1.1061549 3.9499953 10.927456 -8.328425
2.0375278 9.189227 0.3423813 13.994995 9.247456 -8.013426
1.7526091 9.25866 0.34477556 20.364994 5.0474553 -8.573425
1.5586729 9.019233 0.6440599 16.969994 4.312455 -10.078424
1.8507744 9.012051 0.75659084 8.674995 5.8874555 -8.608425
2.011191 9.397529 0.30646718 6.0849953 2.7024548 -4.233425
1.7238779 9.577099 0.35914123 2.829995 -0.167545 -5.8084254
1.4126221 9.421472 0.9217958 -4.2750053 -0.622545 -6.578425
1.4437478 9.325701 0.9912298 -6.060005 -0.622545 -4.618425
2.2003386 9.531608 0.9505271 -4.1350045 -0.797545 -1.7834251
1.6592325 9.629773 1.0941836 -2.245005 -0.272545 -3.6734252
1.3192455 9.526819 1.211503 -1.300005 2.142455 -7.3484244
1.3527653 9.4095 0.9912298 1.359995 3.577455 -4.828425
1.9680939 9.747093 0.60335726 4.1249948 5.0124545 -0.628425
1.8364087 10.012857 0.43096948 5.524995 4.627455 -1.048425
1.2186859 9.984126 0.41181526 4.964995 1.757455 -5.8084254
1.1540405 9.699207 0.4166038 3.109995 1.1624551 -7.4184246
1.7430321 9.680053 0.45970076 0.37999502 3.297455 -3.7784252
1.7430321 9.641745 0.53392327 -1.9300048 3.7524552 -1.363425
1.3455825 9.536397 0.9624985 -2.0350049 1.687455 -4.128425
1.3719195 9.519637 0.63208854 0.48499504 1.897455 -4.6534247
1.6568382 9.567522 0.37350687 4.7899957 3.577455 -1.7834251
1.8004947 9.538791 0.28970724 5.174995 4.102455 0.106575005
1.6305012 9.505271 0.6177229 1.954995 1.4074551 -0.978425
1.4341706 9.433443 0.97446984 -2.1400049 -0.37754503 -2.6934252
1.4964218 9.536397 0.7015225 -1.965005 0.112454996 -1.678425
1.7573977 9.560339 0.45970076 2.934995 1.372455 0.421575
1.8627458 9.601042 0.45251793 4.9999948 1.2324549 1.436575
1.4150164 9.5244255 0.6656084 1.8499951 0.46245497 0.036575
1.1277034 9.462174 0.9289786 -1.9300048 -0.167545 -2.308425
1.5634614 9.500483 0.67757976 -1.7900051 0.39245498 -1.468425
1.8220432 9.735122 0.3040729 2.374995 0.53245497 2.3115752
1.7214836 9.718362 0.6368771 3.564995 -0.587545 2.906575
1.185166 9.529214 1.0462981 -1.090005 -1.7425451 0.421575
1.3216397 9.522031 0.6201172 -2.210005 -1.9525449 -1.678425
1.8435916 9.749487 0.21548474 2.304995 -0.37754503 0.596575
1.6161355 9.775824 0.35435268 4.194995 0.0074550007 3.186575
1.3862851 9.646533 0.9792584 -0.49500498 -0.587545 1.3665751
1.3958622 9.615408 0.9792584 -5.850005 0.147455 -0.24342498
1.403045 9.653716 0.61293435 -3.8900049 -0.37754503 0.84157497
1.5562786 9.660899 0.5219519 2.4799953 0.252455 2.2065752
1.620924 9.672871 0.5602603 1.184995 -0.202545 2.451575
1.4557191 9.6896305 0.65363705 -0.005005 -0.622545 1.611575
1.5897985 9.703996 0.6560313 -0.32000497 -0.762545 2.031575
1.6688095 9.718362 0.59378016 -0.250005 -0.762545 2.381575
1.733455 9.809344 0.600963 -0.70500505 -0.48254502 1.891575
1.5897985 9.785401 0.69194543 -1.300005 -0.727545 0.281575
1.3120626 9.601042 0.7446195 -1.685005 -0.797545 -1.153425
1.0965779 9.457385 0.6847626 -1.720005 0.357455 -0.348425
1.3791022 9.4142885 0.89545876 -2.805005 2.5274549 3.606575
