-0.57223165 9.888355 -0.8379962 -2.310875 -14.03332 -9.328865
-0.8332076 9.75667 -0.74222517 -6.650875 -11.338321 -11.008865
-0.8786988 9.897932 -0.4070267 -11.130875 -4.23332 -7.4738655
-0.505192 9.941029 -0.3232271 -5.9508753 -1.2583201 -0.158865
-0.2561874 9.8237095 -0.64166564 1.469125 -6.4733205 0.926135
-0.6440599 9.850046 -1.0032011 4.724125 -5.35332 -1.3138651
-0.74701375 9.787795 -0.967287 1.854125 -1.2583201 -2.7838652
-0.5770202 9.840469 -0.8667275 -1.0158751 0.35167998 -0.788865
-0.45970076 9.768641 -0.89545876 0.874125 -0.17332 0.121135004
-0.3519584 9.634562 -1.0055954 5.284125 -4.02332 -2.153865
-0.5363176 9.220352 -1.2210802 7.979125 -8.99332 -6.563865
-0.8834874 8.7822 -1.1899546 5.5991254 -9.51832 -11.218864
-0.8379962 8.365596 -1.0055954 -0.735875 -3.9183202 -13.108866
-0.8834874 7.7526617 -0.9481328 -6.0558753 -0.13832 -16.608866
-1.1684061 7.0128307 -0.9505271 -8.645875 1.01668 -24.063864
-1.5107874 6.342434 -0.76616794 -10.185875 -1.2583201 -35.158863
-2.2530127 5.9282246 -0.7302538 -10.150875 -4.82832 -47.723866
-2.3894863 5.3679643 -0.5770202 -9.660874 -9.23832 -57.978867
-2.3870919 4.73827 -0.22027329 -13.230875 -12.00332 -61.79387
-2.3056867 4.0391417 0.30646718 -18.970877 -16.693321 -60.813866
-2.482863 3.6632404 0.8332076 -22.995874 -8.36332 -66.02887
-2.9904492 3.634509 0.90503585 -18.690876 3.57168 -69.843864
-3.0431232 3.9313993 0.14365649 -4.445875 10.99168 -66.23887
-2.6193366 4.1947694 -0.69194543 10.779125 11.27168 -59.30887
-2.5858169 4.3791285 -0.38308397 13.649125 1.12168 -52.553867
-2.0758362 4.563488 -0.0670397 7.244125 -3.8133202 -44.153862
-1.4054393 5.200365 -1.690358 6.194125 -4.26832 -33.653866
-1.3096683 6.1030064 -2.3416007 7.9091253 -3.6033201 -22.418865
-1.4126221 6.454965 -1.0870007 -8.5408745 -2.7283201 -15.8038645
-2.691165 6.708758 0.6273 -38.885876 -6.5783205 -16.748865
-2.0279508 7.395915 1.3695252 -55.72088 -9.86832 -11.533866
-0.9960183 7.8915296 0.9529214 -47.810875 -6.68332 7.891135
-0.7015225 7.9968777 1.0917894 -25.095875 -13.75332 18.671135
-1.4916332 9.115005 1.1013664 -6.895875 -24.67332 16.851135
-2.638491 9.912297 -0.38787252 6.7191253 -29.08332 14.191135
-1.6496553 10.225947 -0.50758624 12.004125 -29.643322 20.631134
0.25858167 10.441432 1.1612233 -1.9258752 -28.59332 41.631138
-0.94095 11.154926 3.1963568 -23.870876 -29.32832 61.371136
-0.8547561 12.225167 2.954535 -24.640873 -33.248318 60.426136
0.026337024 13.010489 0.3974496 4.4091253 -28.488321 59.236134
1.8819 13.108655 -1.0127783 54.389126 1.33168 80.586136
-2.2554069 13.225974 0.14844504 37.589127 -5.6333203 73.62114
-2.1141446 13.843697 1.2593886 18.234123 -9.133321 70.61114
0.43096948 15.1030855 -0.49082634 18.759127 2.1366801 94.83114
1.1253091 14.80859 -1.934574 22.119125 10.32668 99.13613
-0.9074302 14.964217 0.45251793 2.099125 1.26168 80.656136
-0.7709565 15.076749 1.6161355 -13.055875 -0.90832007 68.616135
0.28970724 15.63222 -0.96489275 4.164125 8.96168 69.91113
0.17957062 14.880418 -2.1979442 16.729124 19.28668 65.01113
-0.8667275 14.226781 -0.35435268 -3.290875 15.08668 52.061134
0.31604427 14.595499 0.12929083 -22.540874 14.28168 46.111137
1.8292259 13.668915 -1.1181264 -14.700875 17.64168 44.571136
0.85954463 11.861238 -1.4964218 -6.405875 10.466681 33.196133
-1.3910737 10.824516 0.90503585 -19.740875 -5.0733204 19.266136
0.33519846 11.492519 2.7342618 -35.70088 -2.9383202 18.356134
0.7733508 12.014471 0.65124273 -13.545876 10.50168 26.686134
0.08619389 11.506885 -1.6951466 28.349125 13.16168 20.561136
0.888276 10.860431 -1.9465454 36.014126 15.08668 17.061134
1.0127783 11.171686 -1.1516461 19.739126 13.79168 18.041136
0.88109314 11.006481 -0.7398309 5.879125 8.29668 13.421135
1.0223553 10.714379 -1.1205206 2.414125 6.5116806 9.151135
1.3575538 10.38397 -1.0415095 3.5691252 1.5766801 8.451136
1.2402344 10.032011 -0.6105401 0.734125 -2.6933198 7.471135
1.1492519 10.099051 -0.28731298 -2.9408753 -4.02332 4.461135
1.7741576 10.122993 -0.51716334 -3.290875 -1.1533201 4.2861347
1.5323359 9.941029 -0.505192 0.069125 0.35167998 5.651135
1.1277034 9.742304 -0.28731298 1.119125 0.77168 2.991135
1.3982565 9.948212 -0.4070267 1.9591252 -0.24331999 1.066135
1.6400782 10.017646 -0.55307746 4.374125 -0.48832 2.6061351
1.7406378 10.07032 -0.95531565 4.6891246 0.73668 3.236135
1.462902 9.869201 -0.8643332 3.7091248 0.38668 1.4511349
1.1779832 9.495694 -0.12689656 -0.945875 -3.49832 -1.768865
1.5347302 9.495694 -0.15083931 -7.1408753 -6.26332 -3.6938648
1.4820561 9.591465 -0.47885495 -7.0708747 -6.12332 -1.173865
1.5586729 9.596253 -0.08619389 -3.3608751 -6.68332 -0.64886504
1.5275474 9.435837 0.11971374 -4.550875 -6.78832 -1.803865
1.359948 9.416683 0.22985038 -5.600875 -6.61332 -1.2788651
1.594587 9.598648 -0.2370332 1.8891249 -4.05832 0.296135
1.7047237 9.701602 -0.38308397 4.1991253 -4.37332 0.891135
1.4126221 9.62259 -0.3304099 0.874125 -4.05832 -0.123865
1.4341706 9.505271 -0.14844504 -3.8858747 -3.7433202 0.331135
1.5490957 9.478934 0.2370332 -7.5258756 -3.9183202 2.256135
1.5036045 9.447808 0.4166038 -6.405875 -4.19832 2.501135
1.7645805 9.699207 0.18675344 -1.505875 -4.16332 2.4311352
1.5012103 9.682447 -0.05506832 2.414125 -2.37832 2.046135
1.2809371 9.627379 -0.021548472 2.414125 -1.1533201 0.191135
1.4916332 9.692024 -0.16520496 1.0841249 -0.76831996 0.99613494
1.5227587 9.730332 -0.08140534 -8.75E-4 -0.66332 2.011135
1.4605076 9.775824 -0.105348095 -1.470875 -1.36332 1.4161351
1.1708003 9.646533 -0.12929083 -1.330875 -1.9583198 0.051135
1.5586729 9.608225 0.10774237 -2.1708748 -2.37832 0.331135
1.5275474 9.768641 0.038308397 -2.4858751 -2.3433201 2.046135
1.4174107 9.811738 -0.22985038 0.244125 -3.2183201 0.78613496
1.4365649 9.6585045 0.0 0.209125 -2.8683202 0.401135
1.4317763 9.672871 0.098165266 -2.0308752 -2.02832 0.78613496
1.4916332 9.809344 -0.07422252 -1.0858752 -1.57332 0.64613503
1.5323359 9.888355 -0.15323359 1.0841249 -1.36332 0.751135
1.541913 9.845258 -0.0023942748 1.1891251 -1.85332 0.611135
1.5395187 9.833286 -0.011971374 -0.24587502 -0.80332 0.226135
1.472479 9.775824 -0.17717634 0.314125 -0.13832 -0.47386503
1.4772675 9.692024 -0.21069619 1.1891251 0.0016800001 -1.103865
1.3982565 9.684841 -0.019154198 -0.140875 -0.27831998 -1.138865
1.489239 9.742304 0.0047885496 -1.8908751 -0.41832 -1.0688651
1.594587 9.70639 -0.13886794 -1.6108749 -0.103319995 -0.753865
1.4772675 9.644139 -0.14605077 -0.035875 -0.59332 -0.788865
1.4102279 9.593859 -0.009577099 0.069125 -1.2933201 -1.6988649
1.541913 9.656111 0.031125572 -0.945875 -1.11832 -2.188865
1.5371244 9.620196 0.038308397 -0.665875 -0.80332 -1.558865
1.515576 9.613013 0.05506832 -0.210875 -0.06832 -1.208865
1.5059988 9.620196 -0.11013664 0.244125 0.87668 -1.383865
1.4796618 9.591465 -0.20111908 2.0641253 0.38668 -1.733865
1.3096683 9.522031 -0.14365649 2.799125 0.31667998 -1.873865
1.4174107 9.584282 -0.15083931 2.099125 -0.41832 -1.4188651
1.4413534 9.692024 -0.21309046 1.294125 0.49168003 -0.053865
1.5706443 9.7135725 -0.18435916 1.2591251 0.31667998 0.78613496
1.5658557 9.73991 -0.15323359 0.244125 -0.41832 0.71613497
1.2881198 9.696813 -0.2561874 0.594125 -0.69832003 -0.64886504
1.4293821 9.6896305 -0.2370332 -8.75E-4 -0.9433201 -0.753865
1.6328955 9.6896305 -0.08858817 -1.6108749 -1.32832 0.36613497
1.4700848 9.730332 -0.014365649 -2.2058752 -1.1533201 -0.158865
1.3048798 9.684841 -0.035914123 -1.575875 -0.69832003 -1.173865
1.4317763 9.63935 -0.05027977 -0.770875 -0.38332 -0.613865
