-5.29 8.599999 0.75 10.31324 -8.021409 9.740283
-4.79 8.04 0.37 6.8754935 -26.356058 7.448451
-5.23 8.51 0.51 14.323945 -14.896902 4.0107045
-5.25 8.51 -0.19 21.199438 -10.31324 1.7188734
-4.98 8.55 -0.59 17.188732 -7.448451 2.291831
-5.02 8.25 0.59999996 2.8647888 -4.0107045 2.291831
-5.12 8.2699995 0.78999996 -0.57295775 -1.1459155 2.291831
-5.0299997 8.07 0.35999998 13.178029 -5.15662 -2.291831
-5.25 8.11 0.57 13.750987 -3.4377468 -2.8647888
-5.18 8.22 0.78 16.042818 -5.15662 -3.4377468
-5.0899997 8.09 -0.04 24.064226 -2.291831 0.0
-5.0299997 8.45 -0.65999997 27.501974 1.1459155 1.1459155
-4.81 8.2699995 -0.87 17.188732 2.291831 5.15662
-4.98 8.179999 -0.66999996 10.31324 4.0107045 6.3025355
-4.96 7.99 0.14999999 -5.15662 -2.291831 8.594366
-5.1099997 7.94 0.26999998 -4.583662 -1.7188734 9.167324
-4.8399997 7.87 0.14999999 -1.7188734 0.0 11.459155
-4.54 7.97 -0.089999996 0.0 2.291831 14.896902
-4.85 7.9199996 0.31 -3.4377468 4.0107045 18.334648
-4.64 7.95 0.19999999 -1.1459155 -0.57295775 17.761692
-4.5299997 7.79 0.01 0.57295775 -2.291831 15.469859
-5.06 7.93 0.049999997 2.291831 2.8647888 14.323945
-5.2599998 8.01 0.17 2.8647888 3.4377468 16.615776
-4.0699997 8.4 0.11 5.15662 -2.291831 33.231552
-3.77 8.72 0.0 6.8754935 -1.1459155 33.231552
-3.9199998 8.79 -0.59 10.31324 0.0 24.064226
-4.31 8.73 -0.34 4.583662 1.1459155 20.62648
-4.6 8.88 -0.08 1.7188734 1.7188734 19.480566
-3.9599998 8.67 -0.19 0.0 -2.291831 28.07493
-3.22 8.48 -0.28 -2.8647888 1.1459155 34.950428
-4.0099998 8.2699995 0.16 -6.3025355 4.0107045 30.939718
-3.73 8.75 0.31 9.740283 -5.15662 24.064226
-3.35 8.87 -0.06 18.334648 -6.3025355 25.7831
-3.9199998 9.45 -0.55 25.210142 -0.57295775 28.64789
-3.76 9.8 -1.0 20.053522 -1.7188734 37.242256
-2.52 10.0199995 -0.38 -1.7188734 -2.291831 41.825916
-1.9599999 10.21 -0.35999998 -5.15662 -2.291831 34.950428
-2.1399999 10.11 -0.29999998 -5.7295775 -2.291831 29.793804
-2.96 10.059999 -0.07 -5.15662 -2.291831 26.356058
-3.09 9.84 -0.04 -2.291831 -2.8647888 22.91831
-2.26 9.82 0.24 -2.8647888 -5.15662 28.64789
-2.3799999 9.719999 0.14 -1.1459155 -4.0107045 27.501974
-2.46 9.87 0.35 0.0 -1.1459155 26.356058
-1.99 9.87 -0.24 4.0107045 -2.8647888 24.637184
-2.1599998 9.69 -0.76 6.3025355 -1.1459155 22.345354
-2.24 9.36 -0.25 -2.291831 0.0 23.49127
-2.58 9.33 1.1 -9.167324 0.0 25.210142
-2.03 9.33 0.56 5.15662 -0.57295775 29.220846
-1.93 9.65 -0.64 24.064226 0.0 30.366762
-1.8199999 9.76 -1.14 26.356058 0.0 32.085636
-1.42 9.99 -0.96999997 8.021409 -0.57295775 31.51268
-1.27 9.98 -0.78 0.0 -2.291831 29.793804
-1.11 9.51 -0.62 -8.594366 -1.7188734 26.929016
-1.5 9.15 -0.03 -12.032113 0.0 25.210142
-2.09 9.16 0.53 -11.459155 0.57295775 24.064226
-1.62 9.349999 0.17 -5.7295775 -1.1459155 25.210142
-0.95 9.639999 -0.68 9.167324 -4.0107045 29.793804
-0.95 10.0199995 -1.11 17.761692 -1.7188734 32.085636
-1.17 10.48 -0.88 10.31324 -3.4377468 28.07493
-0.7 10.349999 -0.63 -0.57295775 -5.7295775 30.366762
-0.48999998 10.28 -0.14 -7.448451 -3.4377468 33.80451
-0.48999998 10.15 -0.17999999 -6.3025355 -1.1459155 33.80451
-0.57 10.29 -0.049999997 -1.1459155 -4.583662 29.793804
0.099999994 10.389999 -0.16 3.4377468 -6.3025355 25.210142
-0.62 10.05 -1.16 8.594366 -7.448451 22.345354
-0.88 10.179999 -0.55 0.57295775 -0.57295775 22.91831
0.049999997 10.45 -0.32999998 -2.8647888 -5.7295775 30.939718
0.52 10.62 -0.59 -0.57295775 -4.583662 32.085636
0.45999998 10.57 -0.53999996 -4.0107045 -0.57295775 24.637184
-0.02 10.33 -0.25 -6.8754935 -1.7188734 21.199438
-0.32999998 10.19 0.22999999 -10.31324 -4.0107045 17.188732
0.14999999 10.179999 0.01 -8.021409 -4.583662 20.053522
0.28 10.0199995 -0.45 -4.0107045 1.1459155 22.345354
0.049999997 9.9 0.12 -10.886198 4.583662 20.62648
0.02 9.679999 0.48 -15.469859 0.57295775 20.053522
0.53 9.63 0.71 -10.31324 -2.291831 20.053522
0.63 9.75 0.38 -2.8647888 -2.291831 19.480566
0.21 9.78 0.34 1.7188734 4.0107045 20.053522
0.32999998 9.92 0.21 6.3025355 0.0 21.772396
0.84 10.19 -0.14 13.750987 -5.7295775 20.053522
0.87 10.8 -0.62 17.188732 -5.15662 13.750987
0.89 10.83 -0.7 12.032113 -4.0107045 13.750987
0.78 10.69 -0.61 0.0 0.57295775 17.188732
0.71 10.29 -0.26 -5.15662 4.0107045 19.480566
1.02 10.05 0.0 -6.3025355 1.1459155 18.334648
1.3 10.09 -0.29999998 0.57295775 -4.0107045 13.178029
1.22 10.25 -0.58 1.7188734 -2.291831 9.167324
0.7 10.13 -0.26999998 -3.4377468 2.291831 5.15662
0.96999997 9.98 0.22999999 -10.886198 3.4377468 8.594366
1.91 9.929999 -0.38 -7.448451 -5.15662 14.896902
1.18 10.46 -0.37 -4.0107045 -6.3025355 3.4377468
1.1 9.99 -0.14999999 -8.021409 -2.291831 -2.291831
0.85999995 9.8 0.56 -12.032113 -0.57295775 0.57295775
1.35 9.809999 0.22 -2.8647888 -5.7295775 8.021409
1.54 9.96 -0.48 5.7295775 -9.740283 11.459155
1.42 9.639999 -1.1 0.0 -6.3025355 12.032113
1.09 9.65 -0.13 -14.896902 -4.583662 9.167324
0.81 9.599999 1.39 -30.366762 0.0 13.750987
1.1899999 9.05 1.1999999 -20.62648 1.7188734 16.615776
1.37 9.51 0.52 2.291831 0.0 13.178029
1.4599999 10.0 -0.51 12.605071 -5.15662 13.178029
1.16 10.2 -0.099999994 6.8754935 -1.7188734 14.323945
1.41 10.09 0.21 -1.7188734 0.0 19.480566
1.8199999 10.16 -0.049999997 1.1459155 1.1459155 21.199438
1.9399999 10.219999 -0.28 3.4377468 2.291831 19.480566
1.4 10.099999 -0.16 9.167324 0.0 11.459155
1.25 10.19 0.32999998 4.0107045 0.57295775 6.3025355
1.25 10.19 0.32999998 9.167324 -3.4377468 13.750987
2.05 10.309999 -1.1999999 14.323945 -4.0107045 19.480566
1.8399999 10.46 -1.12 4.583662 2.291831 19.480566
1.75 10.58 0.22999999 -16.042818 9.167324 20.62648
2.57 10.139999 0.82 -30.366762 1.7188734 30.366762
2.86 9.92 0.81 -25.7831 -2.8647888 26.929016
1.9399999 9.88 0.98999995 -16.042818 -2.8647888 12.032113
1.8499999 9.929999 1.0 -12.605071 0.0 14.323945
2.4099998 9.65 1.27 -6.3025355 10.886198 20.053522
2.57 9.969999 1.14 6.3025355 16.615776 20.053522
2.9399998 9.63 -0.5 15.469859 10.886198 18.334648
2.31 10.11 -0.25 10.886198 -5.15662 -1.1459155
1.7099999 10.01 -0.01 1.7188734 -8.594366 2.291831
1.86 9.7699995 0.07 1.1459155 -4.583662 9.167324
2.84 9.15 -0.22999999 -2.291831 -1.1459155 21.199438
2.75 9.719999 0.22999999 -14.323945 -5.7295775 14.896902
2.9299998 10.059999 0.87 -19.480566 -12.032113 7.448451
2.4299998 9.82 0.35999998 -10.31324 -9.740283 6.3025355
2.23 9.51 0.48 -2.8647888 -2.291831 9.740283
2.4199998 9.59 0.84999996 -4.583662 -2.8647888 12.032113
2.8899999 9.74 0.98999995 -1.7188734 -4.583662 15.469859
3.36 9.71 0.29 8.594366 -7.448451 8.021409
3.1299999 9.84 0.32 8.594366 -7.448451 8.021409
2.59 9.58 0.099999994 8.594366 -5.7295775 -1.1459155
2.18 9.62 0.29999998 4.583662 -2.291831 1.7188734
2.82 9.79 0.47 0.0 -0.57295775 10.31324
3.36 9.59 -0.26999998 -0.57295775 -1.7188734 10.31324
3.06 9.559999 0.0 -4.583662 -1.7188734 3.4377468
2.56 9.71 0.65999997 -8.021409 -6.8754935 -2.8647888
2.8999999 9.65 0.14999999 0.0 -7.448451 0.57295775
2.8999999 9.599999 0.22999999 1.1459155 -5.7295775 0.0
3.06 9.54 0.42 -1.7188734 -3.4377468 1.1459155
2.7 9.55 1.0 -10.31324 0.0 5.7295775
3.11 9.33 0.79999995 -7.448451 -1.1459155 5.7295775
2.29 9.41 -0.08 11.459155 -2.291831 1.1459155
2.29 9.41 -0.08 11.459155 -2.291831 1.1459155
2.34 9.32 -0.48999998 9.167324 2.291831 8.021409
2.21 9.73 0.049999997 -0.57295775 3.4377468 10.31324
3.3999999 9.76 0.089999996 -5.15662 -4.0107045 22.345354
3.8899999 10.13 -0.01 -4.583662 -11.459155 20.62648
3.35 10.219999 0.41 -6.8754935 -7.448451 6.8754935
3.11 9.79 0.17999999 -5.15662 -3.4377468 0.57295775
2.74 9.61 0.41 -6.8754935 -2.8647888 0.57295775
3.1499999 9.42 0.84 -12.032113 -5.7295775 13.178029
3.8899999 9.53 0.96 -12.032113 -9.740283 17.188732
4.2599998 9.76 0.71999997 -8.594366 -8.594366 13.750987
3.9499998 10.2699995 0.26 -1.7188734 -2.291831 0.0
3.25 9.78 -0.08 -2.8647888 2.8647888 -12.032113
2.37 9.599999 0.44 -12.032113 2.291831 -21.772396
2.4199998 9.389999 0.62 -11.459155 -1.1459155 -13.178029
2.77 9.719999 0.34 -8.021409 -0.57295775 -1.1459155
2.95 9.55 0.02 -10.886198 0.57295775 5.7295775
3.49 9.719999 0.69 -19.480566 0.0 5.7295775
3.5 10.23 0.95 -16.042818 -4.0107045 -2.8647888
2.79 10.059999 0.88 -0.57295775 0.0 -7.448451
2.76 9.61 0.17999999 4.583662 -1.7188734 -2.291831
2.6 9.67 0.88 -6.3025355 -1.1459155 2.291831
3.1299999 9.69 1.4399999 -11.459155 -6.3025355 10.31324
3.49 9.929999 0.65 0.57295775 -6.3025355 9.740283
3.02 9.66 0.37 5.15662 0.0 5.15662
2.86 9.82 0.7 2.8647888 0.0 2.8647888
2.98 9.91 0.58 2.8647888 -1.1459155 0.57295775
3.1599998 10.08 0.45999998 2.291831 -2.8647888 3.4377468
3.03 9.9 0.45 0.0 -3.4377468 3.4377468
3.0 9.99 1.25 -7.448451 -3.4377468 3.4377468
3.49 9.79 1.01 -4.583662 -2.8647888 4.583662
3.05 9.84 0.39 6.3025355 1.7188734 -1.7188734
3.09 9.719999 0.39 4.583662 1.7188734 -4.0107045
3.12 9.599999 0.72999996 -4.583662 -2.291831 -4.0107045
3.05 9.57 0.84999996 -5.7295775 -1.7188734 -4.583662
3.0 9.5 0.61 -1.1459155 -2.291831 -5.7295775
2.9299998 9.309999 0.81 0.57295775 -1.1459155 -1.1459155
2.8899999 9.3 1.03 0.0 0.0 1.1459155
3.1699998 10.09 0.98999995 4.0107045 1.1459155 3.4377468
3.4399998 10.25 0.56 7.448451 0.0 3.4377468
3.4299998 10.12 0.04 7.448451 -3.4377468 -1.7188734
3.0 9.42 0.85999995 -9.167324 -6.8754935 -9.167324
3.11 9.179999 1.56 -13.750987 -7.448451 -6.3025355
3.27 9.29 1.52 -11.459155 -2.291831 -2.8647888
3.1999998 9.32 0.89 0.0 4.0107045 -3.4377468
3.1399999 9.309999 0.45999998 4.0107045 5.7295775 -5.15662
2.8899999 9.389999 0.32 6.3025355 5.7295775 -5.7295775
2.8899999 9.2 0.12 5.15662 2.8647888 -5.7295775
2.96 9.21 0.32 -0.57295775 3.4377468 1.1459155
3.4099998 9.24 0.45 -2.8647888 2.291831 2.8647888
3.22 9.4 0.41 -1.7188734 -0.57295775 -0.57295775
3.1599998 9.22 0.26 1.7188734 -1.1459155 -5.7295775
2.81 9.2699995 0.77 0.57295775 -1.1459155 -7.448451
3.05 9.15 0.56 2.291831 0.0 -3.4377468
3.09 9.2699995 0.5 2.291831 0.57295775 2.291831
