-1.8316202 9.337671 -1.2522057 2.28641 -10.400109 -7.0732203
-2.1500587 9.457385 -0.7709565 -6.18359 -1.51011 -5.00822
-1.9824595 9.445415 -0.58420306 -10.698589 5.4548903 -2.31322
-1.7478206 9.541185 -0.65124273 -7.8985896 5.34989 1.0117799
-1.6161355 9.72315 -0.94095 -0.82859004 0.27489 3.7067804
-1.4868447 9.814133 -1.1133378 5.40141 -4.62511 3.95178
-1.4126221 9.835681 -1.1636176 6.73141 -5.81511 2.83178
-1.3838909 9.735122 -1.0223553 3.8264103 -4.3451104 1.50178
-1.5012103 9.703996 -0.88588166 -0.82859004 -1.2301099 0.101780005
-1.6664152 9.660899 -0.8332076 -4.0485897 1.7448901 -2.06822
-1.7310607 9.581888 -0.7781393 -4.67859 2.6548898 -3.78322
-1.8435916 9.555551 -0.90982443 -3.17359 1.00989 -4.2032204
-1.960911 9.565128 -0.8092649 -0.86359 -0.77511007 -3.6082199
-1.8914771 9.474146 -0.79250497 -0.023589998 -1.5801101 -2.41822
-1.8172545 9.543579 -0.9074302 1.7264099 -2.8751101 -0.03822
-1.7478206 9.601042 -1.0462981 4.49141 -3.2251098 2.30678
-1.7262721 9.502876 -1.1109436 5.85641 -3.0851102 3.32178
-1.6520497 9.335278 -1.2043202 6.10141 -5.15011 2.30678
-1.6807809 9.100638 -1.2713599 5.40141 -6.97011 0.87178
-1.7502149 8.705584 -1.3455825 2.53141 -4.69511 -1.22822
-1.8890828 8.231517 -1.3551595 -8.98359 2.72489 -8.298221
-2.4062462 7.802942 -1.333611 -14.933591 1.1148901 -11.69322
-2.1572416 6.969734 -0.90503585 -19.763592 -6.27011 -13.47822
-2.3966691 6.421445 -0.85954463 -23.54359 -11.83511 -18.203218
-2.9832664 5.837242 -0.70870537 -27.323591 -5.2901106 -25.028221
-3.615355 5.4302154 -0.3232271 -32.46859 7.4148903 -27.86322
-3.6991546 5.320079 -0.05985687 -31.173592 14.76489 -24.118221
-3.5219781 5.377541 -0.019154198 -19.86859 5.83989 -17.188221
-3.581835 5.6169686 -0.22266756 -3.83859 -13.55011 -11.868219
-3.5387383 5.8851275 -0.3232271 9.60141 -28.35511 -6.40822
-2.9473522 5.978504 -0.7302538 17.161411 -30.91011 2.23678
-2.0087965 6.349617 -1.664021 19.891409 -23.595108 13.01678
-1.3096683 6.6177754 -1.7382435 12.99641 -17.54011 20.786781
-1.1971374 6.8236833 -1.0558752 -7.19859 -18.03011 20.821781
-1.6855695 7.1947956 0.25379312 -28.33859 -17.99511 13.78678
-1.4485363 7.3576064 1.0127783 -37.263588 -15.545111 10.2517805
-0.24900457 7.3480296 1.2569942 -33.588593 -12.60511 19.66678
0.69194543 7.5826683 1.2617828 -22.038591 -14.21511 29.536777
-0.016759925 7.85801 1.5850099 -5.09859 -20.93511 22.606781
-1.350371 8.075889 1.7047237 20.06641 -36.16011 1.0117799
-1.4102279 8.437425 -0.15083931 53.56141 -53.90511 -9.73322
-0.5363176 8.58587 -2.0973847 76.52141 -54.780113 1.7117801
-0.22506183 9.103033 -1.6616267 63.081406 -40.64011 16.23678
-0.7901107 9.320911 0.70631105 22.586409 -22.75511 19.31678
-1.2091088 9.957788 1.5706443 -1.1435901 -18.41511 15.011781
-0.07901107 10.774237 -0.531529 12.99641 -21.95011 24.88178
1.5634614 11.420691 -2.8707354 43.97141 -20.72511 44.936783
1.7166951 11.11183 -2.8874955 49.08141 -18.17011 46.791782
0.23463893 10.951413 -1.5778271 22.481411 -21.460112 28.03178
-0.83081335 11.104647 -0.82123625 -9.368589 -16.98011 14.45178
-0.5913859 11.159715 -0.531529 -26.97359 -5.88511 18.30178
0.84278476 11.176475 0.083799616 -31.243591 -2.21011 27.261782
0.8140534 11.09507 0.9505271 -28.86359 -8.615109 32.686783
-0.15562786 10.822123 0.5985687 -14.478591 -20.55011 26.70178
-0.16041641 10.726351 -0.37111259 12.85641 -21.42511 15.32678
0.9433443 10.582695 -1.5874043 34.38141 -10.890111 14.52178
1.6544439 10.63058 -1.3264283 40.08641 -2.84011 21.13678
-0.4644893 10.719169 -0.5243462 30.46141 -4.87011 23.23678
-1.462902 10.515655 -0.23463893 19.226408 -8.65011 9.23678
-0.2083019 10.956202 -1.1516461 26.786411 4.96489 25.546782
1.5706443 11.684061 -2.432583 32.10641 10.42489 38.49678
2.0183737 11.904334 -2.2003386 23.181412 2.1648898 32.581783
0.2657645 11.911517 -1.5107874 7.6064105 -4.66011 17.916782
0.34956414 11.394354 -1.4533248 -1.31859 4.4748898 14.801782
0.505192 10.889162 -1.9968252 -3.69859 5.41989 23.06178
0.36392978 10.99451 -1.733455 -6.4635897 0.27489 25.196781
1.0486923 11.327314 -1.2091088 -11.01359 -3.2601101 28.06678
1.3862851 11.147743 -1.3647367 -12.20359 -6.20011 32.61678
0.14365649 11.130983 -1.6257126 -10.31359 -4.48511 27.786781
0.0047885496 11.34168 -1.7573977 -14.898589 5.41989 27.68178
0.37829542 11.913912 -1.0079896 -25.153591 8.04489 35.20678
0.105348095 11.9953165 -0.679974 -30.85859 4.57989 37.026783
0.6464542 12.038414 -0.82602483 -26.79859 6.18989 37.341778
0.51955765 12.014471 -1.3623424 -14.863589 8.56989 39.37178
0.9289786 12.081511 -1.9896424 -0.47858998 5.97989 34.19178
0.82123625 12.280235 -2.5738454 4.3164096 1.98989 29.60678
0.61293435 12.040808 -2.5594797 -5.69359 -2.59511 25.58178
0.80208206 11.700821 -1.6448668 -26.09859 -6.72511 24.006779
0.7015225 11.559559 0.08140534 -44.33359 -8.580111 21.311779
0.38787252 11.382382 0.98404694 -48.60359 -7.88011 13.82178
0.51716334 11.27464 0.24182175 -32.32859 -5.39511 8.50178
0.9194015 11.339286 -0.85954463 -9.26359 -1.89511 6.75178
0.9529214 11.312948 -1.3120626 2.9164102 -0.81011003 4.40678
0.8236305 11.018453 -1.1731946 0.81641 -3.6801097 -0.52822
0.6105401 10.632975 -0.57223165 -9.01859 -7.07511 -3.8182201
0.8834874 10.446221 -0.18435916 -18.92359 -7.2851095 -4.97322
0.9960183 10.204399 0.34956414 -22.80859 -7.7401104 -3.9582198
1.1899546 10.139753 1.1037607 -21.82859 -10.400109 -4.7982197
1.1540405 9.96976 0.9289786 -16.33359 -8.790111 -6.37322
0.75180227 9.981731 0.23463893 -3.9785903 -6.34011 -8.64822
1.1013664 9.974549 -0.22745611 7.3614106 -4.2751102 -10.60822
1.3623424 9.917087 0.043096945 7.9564104 -0.53011 -6.68822
1.3910737 9.866806 0.6560313 1.83141 1.14989 -4.8332205
1.5610672 9.802161 0.7541966 -1.91359 0.41489 -6.44322
0.818842 9.581888 0.08619389 3.3014102 2.1648898 -8.22822
0.37829542 9.37598 -0.55307746 24.12641 5.4548903 -12.078219
1.0678465 9.651321 -0.5411061 17.72141 3.7398896 -5.74322
1.2210802 9.718362 -0.31125572 4.49141 7.34489 -0.73822004
0.61293435 9.818921 -0.062251143 -4.50359 10.704889 -2.41822
0.82123625 9.72315 0.057462595 -6.60359 8.53489 -1.36822
1.3431882 9.763853 0.0 -5.20359 4.96489 1.7117801
1.4389591 9.742304 0.09337672 -3.41859 4.4398904 0.90677994
0.99362403 9.63935 0.05027977 -1.94859 2.19989 -2.69822
0.8140534 9.562734 0.22506183 -0.37359 -0.49511 -4.6582203
1.2402344 9.58907 0.27294734 -0.86359 2.8648899 -1.57822
1.5203645 9.766247 -0.03351985 0.32641003 6.74989 0.87178
1.3288225 9.816526 -0.22027329 3.7214103 6.39989 -1.4032199
0.9505271 9.636956 -0.3519584 6.52141 1.8148899 -5.56822
0.8332076 9.543579 -0.43336374 6.3464103 -0.98511 -6.58322
1.0534809 9.550762 -0.44533512 1.86641 1.49989 -3.2932198
1.2546 9.675264 -0.25858167 -3.9085903 4.3698897 -0.28322
1.2833313 9.670476 0.22985038 -6.4635897 4.78989 0.13678001
0.7829279 9.725544 -0.21787901 -2.1935902 1.8498899 -2.31322
0.9289786 9.684841 -0.5913859 4.49141 1.8148899 -2.59322
1.2426286 9.802161 -0.6249057 4.9114103 3.31989 0.94178
1.2234744 9.976943 -0.64166564 1.7614101 2.3398898 2.3417802
0.8930645 9.845258 -0.6464542 -0.86359 -1.51011 0.55678004
0.6201172 9.644139 -0.45970076 -4.5385904 -3.61011 -1.0182201
0.97446984 9.6585045 -0.32083282 -9.26359 -3.2251098 -0.10822
1.4820561 9.869201 0.035914123 -12.90359 -2.91011 2.83178
1.4748733 9.967366 0.6201172 -15.388591 -4.06511 2.9017801
0.8379962 9.804555 0.4070267 -12.51859 -2.70011 -1.75322
0.9505271 9.821315 -0.13168511 -1.77359 -0.04011 -5.88322
1.4940275 9.943423 -0.409421 7.3614106 -0.60011 -4.6582203
1.0247496 9.818921 -0.016759925 6.4514103 -1.2301099 -2.76822
0.7996878 9.617802 0.22985038 1.02641 1.07989 -5.49822
0.9385557 9.60583 -0.13886794 0.71141 3.52989 -5.81322
1.2043202 9.701602 -0.6153286 6.20641 2.58489 -3.15322
1.0439038 9.684841 -0.36632404 8.02641 1.18489 -1.12322
0.55786604 9.569917 -0.062251143 3.05641 1.77989 -2.34822
0.58420306 9.512454 -0.117319465 -0.79359 2.8648899 -3.8182201
1.1684061 9.79019 -0.43815228 0.9914101 2.8648899 -1.26322
0.8571504 9.98652 -0.59378016 4.63141 1.98989 2.4467802
0.5123748 10.060742 -0.25139886 2.9864101 -4.3101096 -2.73322
0.5698374 9.972155 -0.09577099 -0.51359 -3.0851102 -1.4032199
0.8547561 9.912297 -0.06943397 -2.22859 -0.84511006 1.22178
1.7478206 9.938635 -0.03351985 -3.24359 -0.9501101 2.4117799
1.1540405 9.828498 -0.009577099 -4.15359 -1.68511 -1.85822
