-2.578634 9.481328 -1.3407938 -5.44859 -3.4001102 -10.64322
-2.6552508 9.141341 -0.749408 -10.59359 4.0898905 -11.93822
-2.1309047 9.26345 -0.5698374 -15.318589 9.164889 -7.3532205
-1.5395187 9.447808 -0.72546524 -11.5385895 6.4348903 -0.17822
-1.89866 9.598648 -1.1037607 -1.5635899 -1.33511 2.51678
-2.073442 9.687236 -1.3527653 8.306411 -7.25011 -1.96322
-2.0351336 9.682447 -1.56825 12.33141 -7.6701093 -4.0632195
-1.8866886 9.593859 -1.4341706 10.51141 -4.3101096 -1.57822
-1.8866886 9.57231 -1.132492 4.3514104 -1.44011 0.90677994
-1.8244374 9.586677 -1.1372806 -1.63359 -1.0201101 0.97678
-1.8795058 9.617802 -1.2450229 2.56641 -3.89011 -0.73822004
-2.013585 9.577099 -1.2833313 5.54141 -6.86511 -2.62822
-2.135693 9.416683 -1.4245936 5.54141 -5.1851106 -3.11822
-2.2362528 9.1940155 -1.6017698 4.0014105 -1.51011 -2.41822
-2.2266755 8.947405 -1.7190893 1.7614101 -1.51011 -1.85822
-2.310475 8.727132 -1.4557191 -2.36859 -1.65011 -2.87322
-2.5522969 8.059129 -1.1899546 -6.18359 2.93489 -6.44322
-3.1149516 7.6904106 -1.5347302 -3.20859 3.17989 -11.97322
-3.4309957 7.108602 -1.9441512 3.86141 -3.2251098 -15.018222
-3.2993107 6.1915946 -2.4421604 7.04641 -10.36511 -13.51322
-3.3352249 5.6959796 -2.4469488 3.51141 -13.795111 -12.673221
-3.8212626 5.521198 -2.456526 -6.07859 -11.13511 -14.773221
-4.3695517 5.0495257 -2.0064023 -17.838589 -9.2451105 -17.538221
-4.5084195 4.764607 -1.1875603 -26.51859 -17.785109 -16.31322
-3.7494342 4.494054 -1.4700848 -25.95859 -20.86511 -7.24822
-3.1149516 4.8292522 -2.0375278 -20.04359 -13.83011 5.21178
-2.8635526 5.3512044 -1.6975409 -19.86859 -7.04011 12.84178
-2.4277947 5.3272614 -1.0582695 -26.16859 -11.06511 15.116779
-1.6616267 5.341627 -0.9074302 -28.513592 -25.06511 15.71178
-1.4844503 5.791751 -0.7781393 -25.22359 -31.29511 16.09678
-1.4269878 5.9114647 -0.5411061 -22.38859 -24.680109 14.976781
-0.7781393 5.5906315 -0.05027977 -22.878592 -21.705112 13.75178
-0.9529214 5.906676 0.50040346 -21.233591 -31.85511 14.661779
-1.0032011 6.4358106 0.54828894 -10.83859 -45.330112 13.64678
0.083799616 6.2753944 -0.16041641 5.54141 -56.11011 16.65678
0.0023942748 6.648901 0.21309046 16.07641 -58.490112 26.561779
-0.03351985 7.814913 1.8411974 16.88141 -60.27511 29.64178
2.056682 8.820508 1.8675344 21.18641 -67.45011 28.31178
2.8587642 9.58907 0.14844504 42.39641 -77.25011 35.31178
2.595394 9.474146 -1.7095122 66.47642 -65.21011 38.32178
1.0870007 9.591465 -0.65124273 65.6014 -37.63011 28.17178
0.5123748 10.252285 0.1699935 44.88141 -18.660109 11.16178
2.0614705 10.941835 -1.1300977 33.29641 -13.97011 12.386781
3.476487 10.776631 -2.0447106 37.14641 -14.390111 28.97678
2.578634 10.599455 -0.9217958 33.576412 -8.930109 37.901783
0.68236834 11.360834 -0.31604427 17.336412 -0.35511 27.19178
-0.6656084 12.534029 -2.3918805 17.511412 -9.98011 7.6967797
1.3192455 13.225974 -4.4413795 31.26641 -22.19511 8.571781
4.314483 12.361641 -3.6297207 26.33141 -19.185112 40.491783
1.1468576 12.342486 -0.47167215 -12.06359 -20.34011 57.95678
-2.0159793 12.680079 0.32801566 -60.78359 -30.63011 16.83178
-1.0534809 13.225974 -0.84039044 -49.82859 -18.345112 33.771782
1.5754328 13.111049 -1.5323359 -42.268593 -30.28011 62.401783
-0.38787252 13.360053 0.8667275 -55.77859 -41.340115 61.21179
-1.8579572 13.951439 3.1341057 -63.513588 -25.34511 48.75178
-0.723071 14.6074705 0.7206767 -27.07859 -14.00511 55.96178
-0.54350036 14.85887 -1.5371244 19.366411 -8.895111 57.95678
0.16520496 14.875629 -2.360755 26.36641 -3.54011 54.91178
-0.4764607 15.6777115 -0.36632404 2.53141 -4.3801103 50.53678
-0.29689008 15.445467 -0.4166038 -8.598591 -0.14511001 42.13678
0.24182175 14.727184 -1.4126221 4.3514104 1.39489 37.62178
0.5818088 14.375226 -1.6664152 9.67141 -5.50011 30.27178
0.90982443 14.126222 -0.84996754 -3.7335896 -5.3601103 22.67678
0.88588166 12.82613 -0.25139886 -17.838589 -5.53511 12.98178
0.3902668 11.643358 0.6296943 -20.04359 -10.92511 1.43178
0.62251145 10.972961 1.2617828 -18.32859 -10.54011 -3.99322
1.5059988 10.448615 0.7709565 -8.213591 -5.64011 -4.6932197
1.5395187 10.096657 0.11492519 9.216411 -8.685111 -8.1232195
0.6344828 9.794978 0.33519846 14.921411 -9.66511 -15.61322
0.3328042 9.447808 0.32562137 9.11141 -1.40511 -18.83322
0.95531565 9.387952 -0.09577099 6.20641 4.78989 -13.96822
1.6328955 9.474146 -0.011971374 5.61141 7.4498906 -7.1782207
1.3048798 9.107821 -0.08619389 4.87641 8.46489 -6.26822
0.16520496 9.387952 -1.3264283 12.40141 7.0648904 -12.81322
0.4836435 9.562734 -1.4150164 18.63141 3.49489 -15.648221
1.1923488 9.670476 -0.409421 4.8414097 3.52989 -7.6332207
1.0247496 9.4932995 -0.29689008 -11.15359 6.4348903 -2.41822
0.679974 9.273026 -0.8930645 -9.158589 4.4748898 -5.25322
0.6608198 9.435837 -1.0008069 -1.91359 -3.61011 -7.3532205
0.82123625 9.5794935 -0.0670397 -7.0585904 -6.20011 -4.02822
1.0151725 9.435837 0.54350036 -17.838589 -2.70011 0.48678002
0.8786988 9.306546 -0.083799616 -15.45859 0.16989 1.08178
0.9864412 9.737515 -0.80208206 -0.44359 -0.77511007 -0.17822
1.0582695 9.80695 -0.7685622 7.18641 -1.89511 0.48678002
0.7541966 9.560339 -0.26337022 3.09141 0.20489 1.92178
1.1516461 9.488511 -0.14844504 -3.20859 2.09489 0.97678
1.3407938 9.708784 -0.7350424 -2.7535899 0.93988997 1.92178
0.86193895 9.761458 -0.7972935 0.39641002 -1.26511 4.96678
0.6560313 9.5483675 -0.24182175 -7.6535907 -2.84011 2.4467802
0.5770202 9.567522 0.05506832 -10.488589 -6.62011 3.14678
0.86193895 9.641745 0.22745611 -11.43359 -6.55011 5.4917803
1.297697 9.842864 0.42378664 -11.36359 -2.42011 7.94178
1.2546 9.852441 0.3519584 -5.79859 -0.81011003 5.2817802
0.82123625 9.699207 0.16281068 3.23141 -1.86011 -0.00322
0.99362403 9.761458 -0.07422252 7.18641 1.07989 -1.12322
1.4916332 9.96976 -0.37350687 7.18641 5.20989 2.06178
1.4389591 10.075109 -0.7733508 7.8164096 4.85989 0.97678
0.89545876 9.768641 -0.600963 5.71641 1.2898899 -3.85322
0.55786604 9.522031 -0.3328042 0.18641001 -0.56511 -5.91822
0.75659084 9.545974 -0.3423813 -2.89359 0.79989004 -2.38322
1.1037607 9.694419 -0.4740664 -1.94859 0.20489 1.99178
1.0510867 9.826104 -0.22985038 -0.44359 -1.7551099 1.7817799
0.74701375 9.703996 -0.13647367 -0.16359 -2.52511 -0.24822001
0.9864412 9.75667 -0.17957062 0.46641004 -2.35011 -0.21321999
1.0558752 9.766247 -0.39505535 0.46641004 -0.63511 1.99178
1.0558752 9.718362 -0.3232271 0.85141003 -1.5801101 1.81678
1.0582695 9.668081 0.0071828244 -0.82859004 -4.3101096 0.73178
0.81165916 9.684841 0.009577099 -2.7885902 -4.06511 0.62678
1.1109436 9.828498 -0.38308397 -1.8435899 -1.68511 1.7817799
1.1923488 9.778218 -0.42618093 -0.37359 -1.68511 3.35678
0.7805336 9.687236 0.090982445 -2.7885902 -5.15011 1.2567801
0.68715686 9.732727 0.2466103 -6.74359 -4.03011 -0.66822004
1.2138973 9.852441 -0.0670397 -5.09859 0.13489 1.92178
1.2210802 9.838076 -0.18435916 0.71141 0.30989 4.02178
1.0151725 9.785401 -0.11253092 4.4214096 -1.33511 1.88678
1.1708003 9.888355 -0.38787252 4.63141 -0.35511 0.20678
1.1971374 9.926663 -0.62251145 5.29641 0.23989001 1.0467801
0.7709565 9.838076 -0.4836435 4.8414097 -0.11011 0.52178
1.0439038 9.792584 -0.026337024 1.23641 -0.60011 -0.94822
1.4078336 9.871595 -0.15802214 -1.94859 0.20489 1.36178
