-1.1444633 9.744699 0.44533512 -5.636085 -14.312655 14.807519
-1.6281068 9.536397 0.43336374 -1.4710851 -12.317656 7.35252
-1.9010541 9.660899 0.08858817 0.34891498 -3.077655 -2.5874798
-1.664021 9.624985 -0.0047885496 8.748915 5.7423453 -6.57748
-1.6305012 9.557945 0.028731298 11.8639145 -1.3976551 -3.7774801
-1.7981004 9.474146 -0.32801566 13.438914 -9.202656 -3.2174802
-1.6400782 9.510059 -0.32801566 14.103915 -11.477655 -4.23248
-1.6017698 9.411894 -0.06464542 9.553915 -8.432654 -3.2524803
-2.0183737 9.447808 0.17238778 2.2389152 -5.5276556 -3.42748
-2.1309047 9.555551 0.28013015 -1.051085 -2.482655 -3.7774801
-1.8268317 9.660899 0.16281068 1.9589151 -4.0926547 -0.17248
-1.7406378 9.850046 0.026337024 4.618915 -4.6526546 1.54252
-1.6664152 9.871595 -0.05985687 5.703915 -3.252655 1.4725201
-1.664021 9.909904 -0.021548472 6.403915 -3.742655 0.91252
-1.690358 9.950606 -0.23224466 8.608914 -5.002655 0.03752
-1.5897985 10.005674 -0.26337022 10.463916 -6.1576552 -0.66248
-1.4317763 10.170879 -0.31843856 10.673916 -6.857655 -1.04748
-1.4413534 10.187639 -0.6392714 11.478915 -7.977655 -2.9024801
-1.5083932 10.13736 -0.6895511 9.343915 -5.5276556 -5.2124796
-1.6520497 10.08708 -0.5602603 2.973915 -0.032655 -7.03248
-1.7430321 9.885961 -0.31604427 -2.416085 2.8723452 -8.11748
-1.8890828 9.651321 -0.15802214 -3.9560847 2.837345 -8.46748
-2.1548474 9.440625 -0.19154198 -1.7510849 2.697345 -9.76248
-2.5068057 9.064724 -0.15323359 2.0639153 2.4173448 -11.1274805
-2.5475085 8.28898 -0.1340794 6.0889153 0.91234505 -13.33248
-2.7175019 7.6185822 -0.3998439 10.673916 -0.80265504 -16.34248
-3.057489 7.3671837 -0.7709565 14.593915 -0.66265506 -16.83248
-3.1556542 7.0319853 -0.91700727 13.963916 2.2773452 -14.4174795
-3.110163 6.5579185 -0.88109314 7.2789145 4.902345 -11.337481
-3.1915684 6.244269 -0.8236305 -1.6810851 6.337345 -8.04748
-3.241848 5.9856873 -0.5985687 -10.186085 6.057345 -7.03248
-3.4381785 5.5906315 -0.4166038 -17.956085 5.112345 -7.9424796
-3.7661943 5.272193 -0.23224466 -22.891085 5.252345 -8.39748
-3.4836698 5.1429024 -0.14126222 -24.396086 6.162345 -6.78748
-3.1676257 5.1189594 -0.16041641 -22.296085 5.217345 -3.7774801
-3.2083282 5.217125 -0.14365649 -15.961085 -0.55765504 -2.76248
-2.3296294 5.3368387 -0.50998056 -7.1060853 -9.097655 -0.17248
-1.637684 5.5786605 -0.90024734 -0.666085 -12.737656 6.9675198
-2.0447106 6.246663 -1.1229149 -1.051085 -7.312655 10.39752
-2.0447106 6.4358106 -0.6344828 -9.906085 0.52734506 8.68252
-1.690358 6.426234 0.11253092 -22.121086 -4.4426546 7.03752
-1.0654523 6.691998 0.74701375 -29.261084 -13.787656 7.9475203
-0.3974496 6.9098773 0.60335726 -23.906086 -21.067656 10.152519
0.17478207 6.8667803 0.27055305 -11.166085 -24.952656 9.52252
0.71828246 7.108602 0.38787252 -1.296085 -24.287655 1.89252
-0.54350036 7.204373 1.2953026 9.273914 -20.542654 -24.182482
-1.2522057 7.6257653 1.1803775 24.323915 -11.722654 -28.38248
-0.083799616 8.624178 -0.62251145 44.063915 -6.297655 -18.547482
-0.17957062 9.024022 -1.185166 47.948914 -11.267655 -14.732479
-0.5243462 9.052753 -0.052674048 33.983917 -13.612655 -13.717481
-0.44772938 9.486116 0.42378664 26.913916 -11.722654 -6.0524797
1.1253091 10.640158 -1.2929084 35.278915 -5.632655 5.6725197
-0.0047885496 10.668888 -2.4445546 26.388916 9.242346 8.12252
-2.3320236 10.458193 0.076616794 -10.326085 15.752346 10.39752
-1.3934679 10.23313 -0.19633053 -31.606085 7.3173447 25.23752
0.2561874 10.989721 -1.1013664 -27.371084 -7.382655 51.31252
-0.967287 11.712792 -0.043096945 -30.871086 -10.007655 66.047516
-0.5243462 11.578713 1.0750294 -43.261086 -5.4226556 70.877525
0.05027977 11.772649 1.2593886 -40.041084 -1.047655 81.06252
-1.7981004 12.730359 1.3431882 -19.181086 -0.732655 82.532524
-0.39266106 13.47019 0.26337022 5.318915 -2.727655 77.282524
1.2210802 14.245935 -1.0798179 22.048916 -5.457655 87.712524
0.44772938 14.435082 -0.7398309 17.883917 -4.722655 88.16752
-0.68236834 14.380014 0.5243462 -2.976085 -1.0126549 74.13252
0.50758624 14.368043 0.7110996 -16.836084 1.6473451 65.31252
1.3934679 14.497334 -0.37111259 -11.901085 -5.352655 65.97752
0.5147691 13.994536 0.08619389 -7.6660857 -11.057655 61.637527
0.07422252 13.498921 1.838803 -20.756084 -9.552655 52.747524
1.0989721 13.364842 1.3288225 -26.146086 -6.0526547 48.442524
1.7023294 13.075134 0.026337024 -7.526085 -4.967655 46.55252
1.7933118 12.526846 -0.06464542 6.5439153 -4.232655 38.467518
0.72785956 11.652935 1.2593886 -0.94608504 1.297345 28.107521
0.6201172 11.281823 1.525153 -9.521086 6.057345 18.937521
1.8316202 11.411114 0.52913475 -0.316085 10.327345 19.07752
2.142876 11.447028 -0.57223165 18.758917 13.197346 21.31752
1.6400782 11.104647 -0.4740664 29.643915 11.027346 15.822519
1.2210802 10.802968 -0.24421602 26.213917 9.347345 7.9825196
0.85236186 10.8700075 -0.48124924 19.108915 10.502346 6.58252
0.86912173 10.96099 -0.8667275 17.603914 10.152346 6.8625197
1.5634614 11.049579 -0.77574503 17.393915 8.122345 8.40252
1.4293821 10.970567 -0.8236305 12.563915 3.957345 9.73252
1.1061549 10.836488 -0.74222517 8.258915 -0.24265501 7.5275197
1.2689656 10.685649 -0.5363176 4.3739147 -2.9026551 3.1875203
1.6352897 10.491713 -0.3519584 -1.8910851 -4.302655 1.64752
1.690358 10.360027 0.15323359 -12.951085 -6.962655 1.50752
1.6448668 10.125388 0.90982443 -11.726085 -7.8376555 -1.6774801
1.7382435 9.914692 0.86912173 -1.646085 -6.717655 -3.7774801
2.126116 9.909904 0.5650489 11.513915 -2.342655 -4.5124803
1.8771114 9.869201 0.071828246 20.228916 -0.24265501 -6.85748
1.5826156 9.828498 -0.03351985 22.293915 3.012345 -9.727479
1.6161355 9.627379 -0.052674048 21.138914 7.667345 -9.3774805
1.7430321 9.603436 -0.48124924 22.363914 8.472345 -8.11748
1.8292259 9.72315 -1.2641771 24.393917 6.7923446 -7.6624804
1.5538844 9.584282 -1.3120626 19.878916 5.042345 -8.922481
1.2354459 9.330489 -1.1133378 9.658915 1.612345 -10.35748
1.498816 9.122187 -0.6464542 -0.106085 -2.237655 -7.6624804
1.333611 9.124581 -0.28970724 -7.1060853 -4.232655 -4.05748
1.3312168 9.232324 -0.2657645 -7.701085 -4.337655 -2.5174801
1.6089526 9.366403 -0.3423813 -3.8860853 -6.542655 -0.27748
1.5897985 9.483723 -0.21548474 -1.4710851 -7.8726544 0.9825199
1.4198049 9.457385 -0.22985038 -0.98108494 -6.227655 0.59752005
1.3886794 9.500483 -0.2753416 -0.141085 -3.707655 0.42252
1.6520497 9.617802 -0.3423813 1.153915 -2.1326551 1.2275201
1.594587 9.608225 -0.409421 1.713915 -2.097655 2.20752
1.23784 9.560339 -0.15562786 1.538915 -1.2226549 0.94752
1.3144568 9.701602 -0.30646718 1.713915 0.877345 -0.87248
1.6161355 9.737515 -0.7781393 5.0039153 1.7173451 0.56252
1.3383996 9.651321 -0.7326481 6.018915 0.177345 1.15752
1.0702409 9.543579 -0.36392978 0.768915 -0.172655 -0.76748
1.4437478 9.634562 -0.27055305 -3.676085 0.107345 -1.5374801
1.4676905 9.763853 -0.8284191 -1.191085 -2.4126549 0.52752
1.3168511 9.711179 -0.7901107 2.9039152 -4.5126553 0.28252003
1.4054393 9.656111 -0.21787901 -0.771085 -4.127655 -0.66248
1.6137413 9.644139 -0.06464542 -6.3360853 -2.867655 0.10752001
1.6400782 9.632168 -0.4956149 -4.411085 -3.042655 1.08752
1.7933118 9.629773 -0.7877164 1.3639151 -4.197655 0.91252
1.5969813 9.428655 -0.17717634 1.258915 -4.022655 0.63252
1.1947432 9.395134 0.05027977 -4.341085 -3.637655 0.00252
1.5490957 9.634562 -0.2944958 -5.531085 -2.727655 -1.01248
1.5874043 9.735122 -0.5219519 -1.401085 -1.9226549 2.48752
1.2785428 9.601042 -0.3328042 0.27891502 -2.027655 3.25752
1.2569942 9.529214 -0.34716985 -3.361085 -0.732655 -0.24247998
1.9130256 9.684841 -0.45730647 -3.7460847 -0.067655 3.2225199
1.7095122 9.663293 -0.4836435 -3.291085 -1.3626549 2.8025198
1.0175668 9.486116 -0.32562137 -2.906085 -2.797655 -0.90748006
1.4365649 9.57231 -0.117319465 -4.0960855 -0.80265504 0.63252
1.673598 9.775824 -0.29210153 -1.5760851 1.332345 4.34252
1.6951466 9.873989 -0.6560313 3.428915 -0.382655 3.57252
1.4221992 9.804555 -0.5147691 3.988915 -2.342655 1.6125201
1.376708 9.79019 -0.09337672 -1.401085 -0.837655 1.4375199
1.4940275 9.897932 0.06943397 -2.8010852 2.8723452 2.5225198
1.6592325 9.9889145 -0.64166564 3.5689151 4.1323447 2.03252
1.6089526 10.005674 -0.99362403 9.763915 0.98234504 0.59752005
1.4748733 9.929058 -0.6560313 6.298915 -0.80265504 -1.50248
1.3791022 9.809344 -0.41420954 -0.736085 0.80734503 -2.27248
1.4557191 9.725544 -0.38547826 -2.6610851 0.772345 -2.13248
1.5107874 9.727939 -0.4932206 -1.051085 -0.66265506 -1.5374801
1.620924 9.692024 -0.46927786 0.068915 -1.1526549 -1.50248
1.4652961 9.581888 -0.2561874 -0.59608495 -1.747655 -1.8174801
1.4605076 9.514848 -0.12929083 -1.506085 -1.1526549 -2.27248
1.6879637 9.6585045 -0.35435268 -0.036085 0.387345 -1.5374801
1.6137413 9.665688 -0.600963 3.358915 0.842345 -0.73248005
1.5012103 9.601042 -0.6105401 4.758915 0.177345 -1.9224801
