-2.152453 9.601042 -1.7143008 9.210565 2.88379 -10.550785
-1.8866886 9.529214 -1.1133378 4.8005652 0.15379001 -4.495785
-1.6664152 9.44302 -0.7589851 -3.2844353 -3.10121 -1.345785
-1.8627458 9.4932995 -0.7972935 -5.8394346 -5.7612104 -1.135785
-1.9920366 9.519637 -0.9577099 -2.619435 -3.7312102 -2.745785
-2.1021733 9.500483 -1.0462981 0.845565 -1.3862101 -3.935785
-2.013585 9.462174 -1.0223553 1.790565 -1.5262101 -3.6557848
-1.8627458 9.387952 -0.8930645 0.005565 -0.72121 -2.150785
-1.8723229 9.452597 -0.8236305 -2.374435 0.08379 -0.54078496
-1.9704882 9.478934 -0.76616794 -0.48443502 -1.24621 -2.010785
-1.8627458 9.423865 -0.9696813 1.8955652 -2.12121 -1.8357849
-1.9369683 9.438231 -1.0247496 1.8605648 -0.79121 -1.345785
-2.0854135 9.536397 -1.0079896 0.285565 1.1687901 -1.625785
-2.1021733 9.63935 -0.9289786 -1.219435 1.7987901 -0.505785
-1.934574 9.720756 -0.7398309 -1.744435 1.20379 1.3142151
-1.6807809 9.699207 -0.67279124 -0.309435 -1.49121 2.959215
-1.6568382 9.787795 -0.85236186 2.3505652 -2.89121 3.134215
-1.8004947 9.8787775 -0.8978531 4.2405653 -2.05121 1.699215
-1.6664152 9.814133 -0.61293435 4.205565 -3.13621 -0.260785
-1.6688095 9.703996 -0.6105401 5.185565 -6.88121 -1.450785
-1.9321798 9.584282 -0.9217958 9.035565 -6.63621 -3.515785
-1.9154198 9.141341 -1.0127783 11.065565 -1.9112101 -6.280785
-2.0279508 8.4781275 -0.8571504 11.520565 -2.8212101 -9.255786
-2.176396 7.743085 -1.0079896 13.935565 -6.2512097 -13.350784
-2.2338583 6.58665 -1.446142 18.555565 -6.98621 -17.690786
-2.1811843 4.98488 -1.8842943 19.115564 -6.28621 -22.310785
-2.5834224 3.6608462 -2.2458298 13.375565 -6.49621 -29.905785
-3.9505534 2.803696 -1.6544439 -1.569435 0.53879005 -44.360783
-4.6568646 2.6863763 -0.13168511 -20.679434 14.81879 -56.540787
-4.0319586 2.9066496 0.102953814 -25.859434 19.96379 -48.070786
-2.918621 3.258608 -0.7589851 -12.034434 7.0137897 -30.675783
-1.7310607 3.8811195 -0.61293435 0.355565 -5.48121 -15.975785
-2.2841382 4.1947694 0.0 -6.5394354 -3.7312102 -5.930785
-2.7294734 4.3911 -0.50040346 -15.219434 10.198791 -3.165785
-1.6448668 4.695173 -2.0854135 -8.534435 21.29379 2.434215
-0.8930645 5.2147307 -2.3487835 -4.404435 14.39879 14.859215
-1.2186859 5.7606254 -0.5027977 -22.184435 2.25379 26.024216
-2.063865 6.2490573 1.0247496 -48.539436 2.81379 28.264215
-2.3248408 6.952974 0.12929083 -52.144436 1.27379 27.039217
-0.5411061 7.1947956 -0.49800915 -36.989437 2.28879 39.639217
1.5443072 7.537177 0.2466103 -33.104435 6.6637897 64.734215
0.19393626 8.365596 1.228263 -36.324436 0.43379 74.11422
-1.6592325 9.09585 2.3966691 -31.494436 -11.64121 59.16922
0.24182175 9.60583 0.9768641 -12.874435 -22.666212 47.689213
2.4613144 10.371999 -0.85954463 12.990565 -25.78121 70.194214
3.2729738 10.690437 -1.132492 25.695566 -15.07121 96.30422
2.4254005 11.490125 1.7550035 11.065565 -9.15621 95.25422
1.6424725 11.6098385 2.691165 -16.549437 -14.5112095 63.99922
2.1668186 11.303371 0.64166564 9.420565 -11.01121 66.58922
4.051113 11.142955 -1.211503 22.265564 -8.106211 80.62422
3.9074564 11.284217 -0.3040729 3.8555648 -5.41121 83.52922
3.955342 11.298583 1.3886794 -19.769436 -10.381209 75.374214
4.328849 11.712792 0.25858167 -20.504435 -20.28621 72.99422
4.460534 12.016866 -0.9505271 -13.504435 -19.551212 72.539215
3.6129606 11.262669 0.13886794 -25.929436 -18.921211 66.694214
2.5499027 11.463788 2.19555 -39.159435 -29.45621 58.50422
1.5059988 12.933872 2.5068057 -32.474434 -33.761208 57.349213
2.439766 14.602682 1.1947432 -8.324435 -23.92621 64.734215
4.6568646 15.170125 -0.009577099 16.910566 -16.89121 72.99422
5.176422 15.263502 -0.22027329 28.915565 -12.97121 69.84421
2.3990633 15.61546 -1.977671 36.055565 -16.436213 50.804214
0.9385557 15.888408 -4.0391417 38.190567 -19.79621 26.864216
2.9473522 15.7327795 -3.1987512 12.955565 -22.841211 29.769215
3.7661943 15.136605 -0.50998056 -29.779436 -20.846209 38.589214
2.604971 14.298609 0.6751855 -51.934437 -15.52621 25.394217
1.7406378 13.975382 -0.3998439 -40.559437 -15.38621 8.629215
2.588211 13.41991 -1.2210802 -22.709436 -19.341211 3.2392151
2.5858169 12.524451 1.3623424 -30.129436 -23.47121 4.9192147
2.7294734 11.837295 1.8771114 -47.349438 -14.65121 -0.470785
2.3966691 11.171686 -0.019154198 -37.444435 -7.616211 -6.630785
2.482863 10.568329 -0.24421602 -16.479435 -13.04121 -11.845785
2.6528566 10.0368 1.0750294 -20.749435 -17.97621 -13.840785
2.4421604 9.648928 1.9034485 -33.594437 -12.58621 -13.840785
2.3152637 9.299363 1.0965779 -27.994436 -3.52121 -14.470785
2.0183737 9.119793 0.54828894 -7.7994347 0.048790004 -13.840785
2.185973 9.320911 0.36632404 4.695565 -1.24621 -12.510785
2.7079248 9.538791 0.7302538 2.5605652 1.06379 -7.400785
2.7175019 9.342461 0.8475733 -4.159435 4.80879 -2.815785
2.8084843 9.371192 0.48843205 -4.299435 3.6187901 -3.515785
3.1125572 9.507666 0.48843205 -0.239435 -0.89621 -5.160785
2.7773588 9.203592 0.5458947 -2.724435 -4.2562103 -5.755785
2.4469488 8.925857 1.2186859 -8.079435 -5.0962105 -7.855785
2.9832664 9.126976 1.2330515 -10.949435 -5.2012105 -8.345785
2.9377751 9.28021 0.82123625 -7.414436 -5.6562104 -5.510785
2.935381 9.284998 0.845179 -1.184435 -5.86621 -4.285785
2.8874955 9.158101 1.0032011 -1.079435 -4.78121 -4.355785
2.9329867 9.294575 0.56265455 -1.289435 -2.85621 -6.3157854
2.5618742 9.14613 0.9768641 -3.2144349 -2.1912098 -8.170785
1.5562786 8.856422 1.1923488 -4.579435 -2.8212101 -9.955786
2.7486274 9.067119 1.1205206 -1.079435 -1.9112101 -4.075785
3.3735332 9.541185 1.0151725 1.4755651 -2.64621 2.434215
2.22907 9.512454 1.2234744 1.9305651 -2.08621 -2.815785
1.9178141 9.251478 1.3096683 0.60056496 0.92379004 -6.385785
2.473286 9.122187 1.1396748 1.8955652 3.40879 -1.695785
2.8635526 9.203592 0.9792584 5.5005646 1.1687901 2.994215
2.3655436 9.282603 0.93616146 8.090565 -0.12620999 1.629215
2.308081 9.289786 0.66800267 9.385565 2.11379 -1.3807851
2.6001825 9.395134 0.28013015 11.940565 1.8687901 -0.330785
2.4876516 9.519637 0.15802214 12.465565 -0.12620999 0.929215
2.6456738 9.596253 0.42378664 7.5305643 -0.19621 0.859215
2.885101 9.634562 0.68236834 -0.064435 1.1337899 1.489215
2.6001825 9.541185 0.6392714 -2.7594352 0.53879005 -0.225785
2.3631492 9.419077 0.68236834 -1.674435 -1.14121 -3.3407848
2.5020173 9.380769 0.7901107 -2.164435 -1.80621 -3.025785
2.7510219 9.522031 0.818842 -4.089435 -0.056210004 -0.505785
2.6528566 9.557945 0.92658436 -3.8444352 0.53879005 -0.260785
2.0518935 9.438231 0.749408 -0.48443502 -1.42121 -3.270785
2.135693 9.404712 0.6081458 2.210565 -1.42121 -4.355785
2.6265194 9.502876 0.63208854 1.965565 0.85379 -0.330785
2.6720107 9.660899 0.5818088 1.440565 0.67879003 2.539215
2.3990633 9.694419 0.6392714 2.9455652 -1.17621 0.50921506
2.2769554 9.675264 0.5865973 4.695565 -2.0162098 -2.850785
2.1907616 9.531608 0.38547826 5.9905653 -1.3862101 -3.9707851
2.4804688 9.615408 0.30886146 6.515565 -1.5262101 -2.920785
2.9473522 9.783007 0.52674043 3.540565 -0.75620997 -1.0307851
2.3583608 9.47654 0.72785956 -0.764435 -1.8762101 -1.100785
2.19555 9.229929 0.9529214 -3.704435 -2.3662102 -4.915785
2.3823035 9.172467 1.1109436 -5.524435 -0.54621 -4.635785
2.7725701 9.419077 0.84039044 -4.474435 0.25879 -1.065785
2.4469488 9.352037 0.49800915 -0.309435 1.1337899 0.859215
2.1237218 9.27542 0.33759275 4.100565 0.11879001 -0.82078505
