-3.4199998 7.66 -0.13 6.3025355 -6.8754935 -0.57295775
-3.85 7.3999996 -0.78 -0.57295775 -13.750987 5.7295775
-3.49 7.56 -0.68 -8.021409 -20.62648 12.605071
-3.27 7.68 0.04 -9.740283 -22.345354 15.469859
-3.01 8.139999 0.74 -5.7295775 -20.053522 16.615776
-2.6499999 8.26 0.78999996 0.0 -14.323945 13.750987
-2.37 8.349999 0.59999996 1.7188734 -14.323945 10.31324
-2.53 8.65 0.58 5.15662 -16.042818 9.740283
-2.6799998 9.099999 0.76 10.886198 -16.615776 9.740283
-2.54 8.99 0.52 12.032113 -14.323945 9.740283
-2.75 9.08 -0.47 2.8647888 -15.469859 10.31324
-2.1599998 9.809999 -0.25 -4.0107045 -14.896902 7.448451
-2.51 9.51 0.19999999 -2.8647888 -16.042818 9.167324
-2.6799998 9.28 0.82 1.1459155 -16.042818 11.459155
-2.6499999 9.44 0.78999996 4.0107045 -13.750987 14.323945
-2.1599998 9.5199995 0.64 6.8754935 -8.021409 14.323945
-2.2 9.21 0.35 11.459155 -8.594366 14.896902
-2.2 9.25 -0.26999998 9.167324 -16.042818 16.615776
-2.06 9.33 -0.35 0.57295775 -15.469859 17.188732
-2.1299999 9.05 -0.39 -6.3025355 -14.896902 17.761692
-1.8499999 9.15 0.22 -2.291831 -14.896902 17.761692
-2.1 9.09 0.96999997 6.8754935 -13.750987 21.199438
-2.29 9.12 0.95 12.605071 -14.896902 25.7831
-2.12 9.09 -0.32999998 2.291831 -13.178029 28.07493
-1.2099999 9.639999 -0.53999996 -5.15662 -12.605071 25.7831
-0.94 9.679999 -0.42 -9.740283 -13.750987 20.053522
-1.5799999 9.58 0.22 -9.167324 -14.323945 19.480566
-1.92 9.3 0.77 -5.7295775 -13.178029 24.064226
-1.68 9.349999 0.74 0.0 -11.459155 26.929016
-1.5699999 9.78 0.35 0.0 -9.740283 30.366762
-1.0 9.83 0.35 -0.57295775 -6.3025355 27.501974
-0.77 9.78 0.34 -1.1459155 -4.583662 25.210142
-0.89 9.78 0.28 -1.1459155 -8.594366 25.210142
-0.89 9.79 0.16 -2.291831 -9.740283 25.210142
-0.72999996 9.889999 0.47 -2.291831 -9.167324 24.637184
-0.089999996 10.05 0.96 0.57295775 -3.4377468 19.480566
0.049999997 10.36 0.31 -0.57295775 -1.7188734 11.459155
-0.56 10.429999 -0.42999998 -12.605071 -1.1459155 8.021409
-1.28 10.16 0.58 -18.334648 -6.8754935 12.605071
-1.3199999 10.0199995 1.74 -12.605071 -6.8754935 18.907606
-0.64 10.67 1.64 -3.4377468 -8.021409 21.772396
0.16 11.059999 0.94 -1.1459155 -7.448451 12.032113
0.69 10.73 0.9 1.7188734 -5.7295775 2.291831
-0.08 10.2699995 1.0799999 6.3025355 -8.021409 1.7188734
-0.71 9.95 1.36 12.032113 -5.7295775 5.15662
-1.24 9.719999 1.1899999 14.323945 -3.4377468 12.605071
-0.85999995 9.66 0.28 10.31324 -1.1459155 14.896902
0.17999999 9.66 0.5 9.167324 0.57295775 10.31324
0.13 9.559999 0.53 12.032113 0.0 8.021409
-0.26 9.22 0.22999999 11.459155 0.0 9.167324
-0.55 9.12 0.38 8.594366 1.7188734 13.178029
-0.17 9.139999 0.64 8.594366 4.583662 15.469859
-0.28 9.12 0.29 8.021409 6.8754935 18.907606
-0.17999999 9.3 -0.12 -0.57295775 5.15662 22.345354
0.35 9.45 0.29 -2.8647888 6.3025355 20.62648
0.41 9.46 0.76 -2.8647888 9.167324 18.907606
0.31 9.45 0.44 -5.7295775 9.740283 22.345354
0.21 9.94 0.71999997 -6.8754935 6.8754935 21.199438
0.83 9.69 1.05 -2.8647888 10.31324 18.334648
0.03 9.83 0.41 1.1459155 7.448451 21.772396
0.53 10.16 -0.34 -5.15662 4.0107045 22.91831
0.96999997 9.99 0.22 -10.31324 5.15662 20.053522
0.95 9.5199995 0.96999997 -4.0107045 3.4377468 17.761692
0.32999998 9.719999 0.87 2.291831 0.57295775 19.480566
0.41 9.8 0.69 4.583662 0.0 21.199438
0.96999997 10.11 0.44 1.7188734 1.7188734 17.188732
1.0 10.16 0.48 1.1459155 0.0 14.896902
0.94 10.19 0.62 0.57295775 -2.291831 13.178029
0.88 10.08 0.42999998 -2.291831 -1.1459155 12.032113
0.76 10.01 0.68 -2.291831 0.0 12.032113
0.84 9.88 1.35 2.8647888 0.0 12.605071
1.05 9.87 0.69 9.167324 0.0 12.605071
0.90999997 9.79 0.21 6.8754935 0.0 13.178029
1.09 9.76 0.35999998 4.583662 1.1459155 13.178029
1.13 9.73 0.76 6.8754935 1.7188734 13.178029
1.39 9.51 0.90999997 12.605071 3.4377468 13.178029
1.65 9.46 0.55 17.188732 1.7188734 12.032113
1.63 9.5 -0.25 13.178029 0.0 10.31324
1.1899999 9.49 -0.77 5.15662 0.0 12.605071
1.1 9.16 0.04 5.7295775 2.291831 15.469859
1.24 9.26 0.41 7.448451 4.0107045 17.188732
1.5699999 9.28 -0.08 5.7295775 4.583662 16.042818
1.78 9.41 -0.16 1.7188734 2.8647888 14.896902
1.55 9.51 -0.41 -7.448451 0.0 13.750987
1.78 9.469999 0.08 -9.167324 -2.291831 13.750987
1.92 9.309999 0.95 -6.3025355 0.57295775 12.605071
1.7199999 9.3 1.53 2.291831 5.7295775 12.605071
1.67 9.82 0.82 9.167324 5.7295775 12.605071
2.1699998 10.0199995 -0.5 4.583662 2.291831 10.31324
1.74 9.59 -0.16 0.0 -1.1459155 12.032113
1.37 9.42 0.59999996 3.4377468 -0.57295775 16.042818
1.8499999 9.7699995 0.45 2.8647888 1.1459155 15.469859
2.33 10.0199995 0.35 5.15662 4.0107045 12.032113
2.22 9.67 0.56 8.021409 2.8647888 12.032113
1.91 9.54 0.34 8.594366 1.1459155 14.323945
2.34 9.349999 0.26 8.021409 1.1459155 15.469859
2.44 9.349999 0.16 8.594366 1.1459155 15.469859
2.36 9.639999 -0.24 5.7295775 -1.1459155 13.750987
2.19 9.71 -0.29 0.57295775 -2.8647888 14.323945
2.33 9.33 -0.12 -2.8647888 -4.0107045 14.323945
2.07 9.25 0.19999999 -4.583662 -4.583662 17.188732
2.31 9.45 0.25 -4.583662 -4.583662 16.615776
2.6299999 9.53 0.57 -2.291831 -0.57295775 14.323945
2.57 9.46 0.53999996 -1.7188734 0.57295775 14.323945
2.29 9.49 0.17999999 -4.0107045 1.7188734 16.042818
2.3999999 9.469999 0.48 -1.1459155 0.57295775 17.761692
2.78 9.42 0.90999997 2.291831 -1.1459155 -0.57295775
3.0 9.48 0.16 0.0 0.57295775 12.605071
2.58 9.33 0.28 -1.7188734 2.8647888 13.750987
2.95 9.309999 0.28 -1.1459155 2.8647888 14.896902
3.1999998 9.51 0.26999998 -1.1459155 0.57295775 13.178029
2.9099998 9.54 0.55 1.1459155 0.57295775 13.750987
3.03 9.54 0.19 -0.57295775 0.57295775 12.605071
3.53 9.59 -0.06 -4.0107045 2.291831 10.31324
3.1299999 9.49 0.62 0.0 3.4377468 10.886198
2.85 9.37 0.95 4.0107045 4.583662 12.605071
3.1699998 9.429999 0.049999997 0.0 1.7188734 12.032113
3.4499998 9.49 -0.65 -8.594366 -0.57295775 10.886198
3.26 9.24 -0.099999994 -7.448451 0.0 11.459155
3.6899998 9.29 1.3199999 -0.57295775 2.291831 9.740283
3.8799999 9.13 0.87 3.4377468 2.291831 6.3025355
3.27 9.22 0.34 4.0107045 1.7188734 6.8754935
3.1299999 9.42 0.11 1.7188734 1.1459155 9.167324
3.51 9.41 0.29 0.0 0.0 9.167324
3.59 9.45 0.63 1.1459155 1.1459155 6.8754935
3.21 9.4 0.57 1.7188734 2.291831 7.448451
3.36 9.49 0.63 2.291831 2.8647888 6.3025355
3.6 9.58 0.5 2.291831 1.1459155 4.583662
3.56 9.59 0.14 -1.1459155 0.57295775 3.4377468
3.32 9.5 0.32999998 -1.1459155 0.0 4.583662
3.55 9.429999 0.84 5.15662 1.1459155 3.4377468
3.59 9.36 0.38 5.15662 2.8647888 1.7188734
3.52 9.45 0.26999998 1.7188734 2.8647888 1.7188734
3.57 9.3 0.69 3.4377468 1.7188734 1.7188734
3.6999998 9.139999 0.65 5.15662 1.7188734 1.1459155
3.62 8.86 0.32 4.0107045 1.7188734 1.1459155
3.33 8.73 0.45 1.7188734 3.4377468 4.583662
3.6499999 8.61 0.35999998 1.7188734 4.0107045 5.7295775
3.6699998 8.679999 0.089999996 0.0 3.4377468 5.15662
4.0 8.79 -0.099999994 -1.1459155 1.7188734 4.583662
3.62 8.63 0.35 0.57295775 0.57295775 5.7295775
3.79 8.37 0.87 4.583662 0.57295775 5.7295775
3.6899998 8.82 0.51 2.291831 1.7188734 5.15662
3.87 9.16 0.45999998 2.291831 0.0 3.4377468
3.6999998 9.0 0.53 4.0107045 0.0 2.291831
3.53 9.09 0.42 4.0107045 0.57295775 2.291831
3.48 9.29 0.089999996 2.291831 0.57295775 3.4377468
3.8999999 9.429999 0.11 0.0 0.0 1.1459155
3.6999998 9.33 0.48999998 0.57295775 -0.57295775 0.0
3.55 9.24 0.24 0.0 -0.57295775 0.0
3.61 9.08 0.57 2.8647888 0.0 0.57295775
3.81 9.099999 0.61 4.0107045 -1.1459155 0.0
4.04 9.12 0.21 2.291831 -1.7188734 -2.291831
3.82 9.03 0.35 2.8647888 -1.1459155 -2.291831
3.47 8.809999 0.65999997 3.4377468 0.0 0.0
3.87 8.82 0.24 2.291831 0.57295775 -0.57295775
3.74 9.04 -0.01 -1.1459155 -0.57295775 0.0
3.73 8.98 0.52 -1.7188734 -1.7188734 0.0
3.82 8.86 0.63 -0.57295775 -2.291831 0.0
3.87 8.889999 0.42 -1.7188734 -0.57295775 -1.7188734
3.58 9.03 0.64 -2.291831 1.1459155 -1.7188734
3.56 8.99 0.97999996 3.4377468 3.4377468 0.0
3.53 8.78 0.75 4.583662 2.291831 1.7188734
3.51 8.849999 0.099999994 0.57295775 1.1459155 1.7188734
