-0.5363176 10.132571 -0.2466103 10.86141 -14.49511 4.86178
-0.2681588 10.008069 -1.4676905 16.706411 -3.0501099 0.73178
-0.9505271 10.005674 -1.8507744 20.52141 1.8498899 -3.78322
-1.6185298 9.883567 -1.7071179 16.49641 2.5148902 -12.008221
-1.812466 9.627379 -1.4437478 6.17141 1.21989 -19.49822
-1.8842943 9.656111 -1.3312168 -3.1035903 -1.0201101 -16.66322
-1.6305012 9.687236 -1.2426286 -8.213591 -1.0901101 -10.15322
-1.3192455 9.811738 -1.0415095 -9.92859 -3.47011 -4.0982203
-1.0702409 9.850046 -0.9122187 -9.19359 -7.4951096 -0.28322
-1.0486923 9.873989 -0.79250497 -6.9885902 -10.50511 -0.14321999
-1.1947432 9.747093 -0.8236305 -4.39859 -10.22511 -3.15322
-1.3647367 9.629773 -1.0726352 -1.42359 2.5148902 -7.9832206
-1.5083932 9.538791 -1.0486923 -3.34859 6.57489 -8.05322
-1.5443072 9.361614 -0.9194015 -4.95859 5.97989 -8.19322
-1.8699286 9.299363 -1.1013664 -3.69859 4.50989 -9.87322
-2.3128695 9.526819 -1.089395 -1.5285901 3.70489 -10.678221
-1.8483802 9.560339 -0.9313729 0.43140998 -1.51011 -6.40822
-1.4964218 9.771035 -0.818842 4.52641 -11.13511 -1.47322
-1.3216397 9.900327 -1.4054393 10.1264105 -16.385109 -1.0882201
-1.3312168 9.948212 -1.7310607 10.616409 -14.91511 -3.67822
-1.3623424 9.905115 -1.5059988 0.78141004 -8.930109 -6.86322
-1.4748733 9.675264 -1.1396748 -10.418591 -4.59011 -10.71322
-1.8268317 9.447808 -0.9816527 -15.668589 -2.8751101 -15.228221
-1.9154198 9.0288105 -0.91700727 -15.213591 -5.0451097 -18.763222
-2.013585 8.430242 -0.6703969 -12.238591 -9.63011 -21.80822
-2.5211713 7.6880164 -0.7972935 -8.42359 -10.9951105 -26.42822
-2.8084843 7.2019787 -1.0319325 -4.01359 -10.78511 -33.883224
-3.0096035 6.5483418 -1.1731946 -1.91359 -11.97511 -41.82822
-3.7590115 6.3400397 -1.0965779 -3.1385899 -13.655109 -48.72322
-4.000833 6.035967 -1.0917894 -1.07359 -10.680111 -52.25822
-3.6536634 5.803722 -1.7166951 6.06641 -14.42511 -45.223217
-3.2179053 5.355993 -2.2506182 11.35141 -23.63011 -35.77322
-3.7183087 4.9417834 -1.6855695 1.16641 -23.385109 -35.77322
-4.7765784 4.6137676 -0.9481328 -17.278591 -13.93511 -44.03322
-4.948966 4.5539107 -0.5243462 -26.51859 -4.73011 -44.06822
-3.8787253 4.565882 -1.4198049 -21.61859 -3.75011 -28.458221
-3.2035396 5.0207944 -1.4652961 -13.533589 -9.490109 -7.52822
-2.8443985 5.3919067 -0.30167863 -20.88359 -5.85011 2.58678
-2.7294734 6.0527267 0.34956414 -30.50859 -3.6451101 5.35178
-2.3200524 6.605804 -0.098165266 -24.90859 -9.420111 10.32178
-1.8747171 6.804529 0.06943397 -11.64359 -16.770111 18.44178
-1.3455825 6.7398834 0.7637737 -7.54859 -17.85511 22.46678
-1.6855695 7.3671837 1.2210802 -5.30859 -13.6201105 20.29678
-2.1500587 7.738296 0.30167863 7.9914103 -15.265109 14.661779
-1.6328955 7.8388557 -1.1516461 29.586409 -22.58011 7.3467793
-0.85236186 8.195602 -1.185166 40.50641 -21.775108 9.306781
-0.9289786 9.198804 0.339987 24.546412 -12.53511 17.111778
-1.185166 10.0368 1.5874043 3.1964102 -10.330111 17.28678
0.083799616 10.673677 1.350371 0.01141 -16.10511 9.44678
2.6935592 10.881979 -0.888276 19.50641 -21.705112 5.17678
0.65363705 10.858036 -1.2402344 29.691412 -4.48511 -22.64822
-5.138114 10.606637 1.4413534 3.75641 9.3398905 -52.60822
-5.5020437 10.477346 1.8866886 2.18141 5.5598903 -39.833218
-1.5347302 10.829305 -1.1444633 29.201412 -10.610109 12.94678
0.6296943 10.932259 -3.632115 33.54141 -18.065111 42.10178
-3.1245286 9.792584 -0.18675344 -11.04859 -9.84011 28.906782
-5.044737 9.862018 2.8300328 -50.21359 -3.2251098 7.73178
-2.4349775 10.937047 1.3671309 -31.52359 -3.5751102 26.28178
-0.25379312 11.9402485 -1.5897985 12.57641 -4.10011 55.19178
-0.44772938 10.956202 -1.4006507 19.71641 4.9998903 55.19178
-4.0319586 10.640158 1.6305012 -2.9635901 5.24489 34.19178
-2.9928436 11.3105545 0.5027977 -4.29359 5.48989 29.78178
-0.50758624 12.742331 -2.1572416 22.026411 13.18989 58.72678
0.009577099 11.856449 -3.3328304 26.296412 17.52989 70.696785
-1.1875603 11.403931 0.1987248 -8.56359 11.92989 58.866783
-1.5323359 11.293795 0.42139238 -36.353592 4.64989 53.511784
-1.3886794 11.008876 -1.8435916 -18.64359 0.58989 54.14178
-1.3455825 10.247497 -1.1061549 -0.75859 -9.59511 55.05178
-1.2953026 10.676071 0.7829279 -13.56859 -28.110111 56.90678
-0.33519846 12.119819 -0.3998439 -17.87359 -34.09511 65.34178
0.3304099 12.337698 -1.9968252 0.85141003 -22.65011 70.94178
0.2753416 11.832506 -1.2617828 2.56641 -14.355109 65.201775
-0.5411061 11.906729 -0.71588814 -16.648592 -15.16011 57.46678
-0.05027977 12.608252 0.31365 -31.103588 -14.705111 54.736782
0.6488485 12.763879 0.7877164 -36.948593 -9.31511 55.401783
0.083799616 12.505298 -0.06464542 -23.96359 -3.0501099 50.326782
-0.11971374 12.352064 -1.6161355 1.6564101 -0.49511 38.531776
0.26097596 12.526846 -1.1708003 9.60141 -2.56011 32.966778
0.38308397 12.289813 0.0670397 -9.71859 -3.19011 32.021782
0.22745611 11.88518 1.3216397 -27.743591 -1.89511 29.95678
-0.07422252 11.727158 1.0055954 -25.22359 -1.61511 23.901781
0.2753416 11.992923 -0.083799616 -4.25859 -4.52011 16.62178
0.7637737 12.028836 -0.65842557 14.29141 -7.25011 14.171781
0.65363705 11.717581 -0.17957062 14.886409 -4.80011 11.75678
0.41181526 11.087887 0.021548472 3.8264103 -0.70511 4.86178
0.45251793 10.601849 0.3040729 -2.4035902 -1.82511 -0.24822001
0.38547826 10.436644 0.27294734 -2.5085902 -6.41011 -2.69822
0.54828894 10.285805 0.42139238 -0.82859004 -9.63011 -3.3632202
0.9984126 10.163696 0.06464542 0.9914101 -8.37011 -3.43322
0.56744313 9.929058 -0.016759925 7.3614106 -5.92011 -3.99322
0.81165916 9.833286 0.16759923 3.40641 -4.3451104 -3.6082199
1.2617828 9.900327 0.39266106 -1.31859 -1.1601101 -2.17322
1.2210802 9.871595 0.5650489 -0.26859 0.23989001 -4.97322
0.8379962 9.668081 0.6488485 3.96641 0.76489 -8.26322
0.9241901 9.512454 0.51955765 7.5364103 1.53489 -8.68322
1.211503 9.694419 0.15562786 9.076409 2.96989 -5.77822
0.9792584 9.73991 -0.21309046 9.286409 2.6898901 -5.88322
0.749408 9.57231 -0.06943397 5.96141 3.14489 -7.5632205
0.6608198 9.522031 0.07422252 1.23641 1.8498899 -7.24822
0.94095 9.584282 0.035914123 -0.26859 2.7598898 -5.3932204
0.75180227 9.675264 -0.105348095 1.02641 3.6698902 -4.37822
0.6081458 9.744699 -0.39266106 4.3514104 1.18489 -5.77822
1.036721 9.732727 -0.56744313 4.73641 -0.60011 -4.51822
0.6249057 9.615408 -0.28013015 0.04641 -1.86011 -3.2932198
0.5770202 9.510059 0.14605077 -5.55359 -2.94511 -5.04322
0.7805336 9.5483675 0.4166038 -7.68859 -2.0351102 -3.2932198
0.8786988 9.744699 0.2083019 -4.15359 -0.77511007 -0.70322
0.9816527 9.852441 -0.09337672 2.00641 1.95489 -0.00322
0.88109314 9.660899 -0.09337672 5.92641 3.28489 -0.98322004
0.723071 9.617802 -0.28731298 5.50641 2.5148902 -2.10322
0.75659084 9.711179 -0.4070267 3.86141 2.8648899 -1.6482201
0.6392714 9.648928 0.0023942748 0.46641004 2.5148902 -0.70322
0.6751855 9.510059 0.14126222 -2.85859 2.93489 -0.52822
0.95531565 9.701602 -0.2944958 -0.30359 3.42489 0.34678
0.7541966 9.842864 -0.5602603 4.0014105 3.52989 2.51678
0.5889916 9.715967 -0.5027977 5.2614098 1.53489 0.87178
0.9313729 9.768641 -0.25379312 3.3014102 -1.2301099 -0.63322
0.86193895 9.797373 -0.2944958 -0.23359002 -0.42511 0.59177995
0.50998056 9.852441 -0.28252444 -0.37359 -0.53011 0.41678002
0.7948992 9.888355 -0.31365 0.25641 -0.49511 -1.0182201
0.845179 9.833286 -0.5506832 0.9914101 -1.0901101 -0.28322
0.56744313 9.687236 -0.4956149 2.35641 -4.24011 -0.45822
0.5219519 9.670476 -0.23463893 -1.00359 -4.48511 -0.84322006
0.9912298 9.70639 0.043096945 -7.0585904 -3.7151103 0.45178
0.8739103 9.696813 0.07901107 -9.40359 -3.36511 2.4117799
0.5794145 9.668081 0.009577099 -2.12359 -4.83511 0.66178
0.7901107 9.8237095 0.19154198 -1.5985901 -2.77011 1.15178
0.8547561 9.931452 0.13168511 1.86641 -1.68511 1.9567801
0.67757976 9.888355 -0.2777359 7.9564104 -1.72011 0.80178
0.6368771 9.907509 -0.4668836 9.986409 -1.61511 0.20678
0.65124273 9.842864 -0.22506183 6.06641 -3.0501099 0.69677997
0.9505271 9.850046 -0.057462595 2.18141 -2.66511 1.60678
0.8643332 9.75667 -0.105348095 1.9014099 -1.86011 1.7117801
0.70870537 9.624985 -0.0071828244 2.63641 -1.82511 -0.24822001
0.7877164 9.636956 0.08858817 2.04141 -0.075109996 0.101780005
0.96489275 9.830893 -0.14605077 2.00641 0.90489006 2.06178
0.8571504 9.917087 -0.409421 2.56641 -0.21511 2.16678
0.67279124 9.840469 -0.17478207 0.08141 -0.77511007 -0.38822
0.80208206 9.680053 -0.014365649 -3.55859 -0.91511005 -0.94822
0.91700727 9.735122 -0.28731298 -2.82359 -0.81011003 0.17177999
