-1.1253091 9.751882 -0.023942748 -1.016085 -6.857655 -5.31748
-1.2833313 9.672871 0.11253092 -4.3760853 -7.277655 -6.08748
-1.3048798 9.696813 0.19154198 -5.286085 -6.752655 -6.19248
-1.1779832 9.747093 0.30886146 -4.306085 -5.562655 -4.6174803
-1.1612233 9.780613 0.13886794 -1.7510849 -4.757655 -3.60248
-1.2138973 9.79019 0.052674048 1.8889148 -4.302655 -3.67248
-1.2234744 9.780613 -0.045491222 3.6389148 -5.212655 -4.5124803
-1.1660118 9.847652 0.023942748 3.008915 -6.087655 -4.5124803
-1.2043202 9.842864 0.021548472 1.153915 -5.7026553 -3.8474798
-1.2593886 9.821315 0.17957062 -0.806085 -3.987655 -3.9174802
-1.2641771 9.80695 0.23942748 -2.696085 -2.2726552 -4.02248
-1.1612233 9.845258 0.24182175 -2.1710851 -1.502655 -2.97248
-1.1061549 9.77343 0.19633053 0.173915 -2.832655 -2.5174801
-1.201926 9.75667 0.20590763 2.168915 -4.267655 -2.97248
-1.3288225 9.744699 0.22985038 2.588915 -2.727655 -3.14748
-1.3838909 9.821315 0.36392978 1.993915 -1.047655 -3.2874799
-1.089395 9.914692 0.19154198 3.7089152 -1.8176551 -3.14748
-0.9217958 9.976943 -0.08140534 9.413916 -4.897655 -1.95748
-1.0678465 9.972155 -0.30646718 13.718916 -7.4876556 -2.30748
-1.1660118 9.768641 -0.13886794 11.478915 -6.752655 -5.8074803
-1.2857256 9.545974 0.13168511 3.5339148 -3.007655 -8.95748
-1.3958622 9.2490835 0.13886794 -2.6260853 0.877345 -10.74248
-1.6831752 8.980925 0.016759925 -3.221085 1.752345 -13.61248
-1.9369683 8.746285 -0.043096945 -1.926085 1.122345 -16.58748
-2.1380875 8.382356 -0.15562786 -0.45608503 0.52734506 -18.72248
-2.2745612 7.8556156 -0.45730647 1.468915 -0.032655 -18.72248
-2.5379312 7.4988685 -0.600963 0.73391503 4.3073454 -19.247482
-2.638491 7.0726876 -0.6560313 -2.8010852 8.087345 -18.93248
-2.7366562 6.5603127 -0.6703969 -6.511085 9.732345 -16.69248
-2.648068 6.3376455 -0.63208854 -9.766085 7.5623455 -15.152479
-2.9473522 6.241874 -0.24182175 -11.166085 0.562345 -15.607481
-3.031152 6.0407553 0.5698374 -8.681085 -8.817655 -15.187481
-2.7749646 5.8204823 0.79250497 0.94391495 -20.437656 -10.217481
-2.466103 5.664854 0.23942748 17.113914 -26.982655 -4.47748
-2.535537 6.193989 -0.12689656 30.028917 -24.532654 -5.00248
-2.430189 6.2969427 -0.17717634 34.193916 -22.572655 -7.4874806
-1.8172545 6.263423 -0.32083282 33.178913 -23.867655 -6.08748
-1.3838909 6.237086 -0.845179 29.888914 -22.292654 -4.47748
-1.89866 6.4358106 -1.0774237 26.808916 -13.052655 -7.6974807
-1.8962656 6.490879 -0.8571504 18.653913 -2.622655 -9.482481
-0.43096948 6.648901 0.011971374 6.403915 -2.027655 -5.10748
-0.600963 6.9146657 -0.11013664 0.208915 -0.97765505 -2.79748
-0.6488485 7.118179 -1.1061549 5.843915 15.997346 -10.427481
-1.089395 7.391126 -1.6807809 10.008915 28.037346 -17.18248
-1.6831752 7.6712565 -1.7095122 5.9139156 22.612345 -20.717482
-1.7214836 7.7311134 -1.4245936 -8.576085 9.487345 -17.18248
-0.18675344 8.521224 0.36392978 -31.081087 -2.167655 -1.36248
-0.7589851 9.07909 1.350371 -50.331085 -9.972655 14.142521
-1.2162915 8.9976845 0.6895511 -44.661083 -16.727655 16.48752
-0.36392978 9.093455 -0.08140534 -26.986084 -21.487656 22.29752
-0.34716985 9.57231 1.3431882 -26.216085 -31.812658 36.997524
0.36392978 10.362421 3.3136764 -38.571087 -39.722656 46.30752
1.2737542 11.573924 1.8148603 -29.856085 -38.077656 48.72252
1.4533248 11.758284 -0.35435268 12.108915 -28.802654 41.302525
0.5818088 10.573117 -0.61293435 40.843914 -30.937653 32.51752
-0.7206767 10.388759 2.727079 25.093916 -38.427654 30.80252
-1.0295382 10.829305 2.657645 -1.7510849 -23.972656 34.72252
0.56744313 12.3257265 -0.19633053 15.3639145 -6.402655 42.387524
2.5211713 12.301784 -2.545114 56.698917 1.367345 54.077522
0.5243462 11.581107 -1.5850099 64.67892 -0.87265503 52.78252
-1.5778271 11.547587 0.44772938 30.483913 -9.552655 42.17752
-0.5698374 13.211608 0.011971374 -2.906085 -0.627655 42.84252
1.0032011 13.889188 -2.5522969 -0.21108499 8.892345 55.54752
1.0462981 13.525258 -3.2562137 20.228916 0.31734502 64.57752
-2.2027328 12.936267 0.3615355 -28.456085 -14.767654 44.80252
-1.3886794 13.98017 1.132492 -45.29109 -2.762655 48.37252
1.0870007 14.866053 -1.0726352 -25.026087 0.877345 63.42252
-0.17957062 14.384803 -0.84996754 -18.271086 0.52734506 54.32252
-1.4772675 13.575539 1.1995317 -35.176086 3.712345 38.04752
0.37829542 14.059181 1.5443072 -33.146084 9.627345 35.387516
0.74701375 14.581134 -0.20590763 -2.3810852 7.002345 33.04252
-0.14844504 13.829331 -0.54350036 18.688915 6.8273454 15.787521
-0.22506183 12.840496 -0.057462595 16.343916 8.087345 4.16752
-0.035914123 12.553183 0.009577099 13.928916 8.822346 1.99752
0.8786988 12.555577 -0.38308397 16.553915 10.677345 0.45752
0.8978531 11.796592 -0.66800267 18.303915 11.902345 -4.5124803
0.2849187 10.458193 -0.31604427 14.348914 11.692345 -13.12248
0.64166564 10.1541195 -0.5458947 11.443914 10.467345 -15.78248
0.86193895 10.065532 -0.9385557 11.4089155 8.577345 -13.40248
0.77574503 9.553157 -0.65842557 7.4189157 8.192345 -13.75248
0.38068968 9.215564 -0.6177229 3.078915 3.6773448 -15.572479
0.47167215 9.179649 -0.61293435 3.008915 -2.027655 -14.97748
1.1899546 9.4142885 -0.5865973 -0.45608503 -4.722655 -9.27248
0.9601042 9.387952 -0.23463893 -6.6860847 -6.402655 -4.96748
0.76137936 9.201198 0.24182175 -11.971085 -8.152656 -5.73748
1.0175668 9.371192 0.21787901 -13.021085 -7.6976547 -5.52748
0.8667275 9.450203 0.12689656 -9.451086 -6.122655 -3.46248
0.7901107 9.435837 0.3232271 -6.161085 -4.5826554 -3.14748
0.6273 9.486116 0.098165266 -3.326085 -2.2026548 -2.9374802
0.85954463 9.677659 -0.32801566 2.448915 1.017345 -2.72748
1.0774237 9.895537 -0.69912827 7.9439154 0.98234504 -1.4324801
0.6368771 9.675264 -0.37590113 6.858915 -1.047655 -1.8174801
0.44772938 9.47654 0.05027977 0.173915 -1.537655 -3.9174802
0.79250497 9.565128 0.019154198 -3.571085 -1.3276551 -3.9174802
0.72546524 9.75667 -0.36392978 -1.121085 -0.9426551 -1.39748
0.5698374 9.680053 -0.33759275 3.428915 -1.082655 -0.9774801
0.6153286 9.646533 -0.22506183 3.218915 -2.552655 -1.95748
0.5794145 9.656111 -0.25379312 0.27891502 -2.377655 -1.36248
0.4956149 9.703996 -0.24421602 -0.911085 -1.3976551 -0.9774801
0.5770202 9.675264 0.08140534 -1.296085 -1.0126549 -0.69748
0.6943397 9.711179 -0.09577099 -2.311085 -0.277655 0.10752001
0.6703969 9.747093 -0.4644893 6.578915 -0.102655 0.59752005
0.5889916 9.703996 -0.34956414 6.928915 1.087345 -0.45248002
0.7039168 9.694419 -0.29689008 5.843915 2.102345 -0.34748
0.7541966 9.732727 -0.51716334 6.683915 1.4723449 -0.10248
0.6344828 9.797373 -0.4740664 5.493915 -0.34765503 -0.55748
0.49082634 9.794978 -0.10774237 1.5739151 -1.642655 -0.66248
0.5794145 9.708784 -0.14844504 -0.036085 -2.832655 0.28252003
0.84996754 9.797373 -0.23224466 0.418915 -3.1126552 1.9275199
0.8475733 9.948212 -0.24182175 -0.841085 -3.2176552 2.5225198
0.56744313 9.98652 0.026337024 -3.5360851 -1.3276551 0.42252
0.48124924 9.80695 0.0670397 -3.151085 0.177345 -1.50248
0.7853221 9.816526 -0.35435268 1.678915 -0.067655 -0.94247997
0.69912827 9.857229 -0.53392327 4.4789147 -0.382655 0.35252
0.5698374 9.866806 -0.4166038 2.6939151 -0.067655 -0.59248
0.52674043 9.763853 -0.48124924 1.1189151 0.107345 -1.57248
0.47167215 9.648928 -0.6105401 1.608915 -1.747655 -1.39748
0.7206767 9.809344 -0.35435268 -0.98108494 -2.797655 0.42252
0.66321415 9.794978 -0.24900457 -5.461085 -2.692655 1.9625201
0.7637737 9.699207 -0.14605077 -6.5810847 -3.567655 1.3675201
0.6057515 9.682447 -0.12210801 -5.426085 -5.492655 0.80752
0.5650489 9.816526 -0.028731298 -4.201085 -4.6176553 0.49252003
0.94095 9.890749 0.04070267 -4.201085 -1.8176551 1.54252
0.9074302 9.885961 -0.07901107 -2.766085 0.35234502 1.78752
0.34477556 9.77343 -0.2083019 0.803915 0.562345 -1.18748
0.4668836 9.794978 -0.09337672 2.658915 2.382345 -3.49748
0.6057515 9.862018 -0.08140534 2.168915 4.587345 -1.64248
