2.1599998 9.92 0.17 20.62648 -15.469859 -1.1459155
1.8199999 9.84 -0.16 8.594366 -20.62648 -5.15662
1.49 9.41 0.57 -7.448451 -21.772396 -2.291831
1.76 9.29 1.3299999 -10.31324 -17.188732 0.57295775
1.77 9.09 0.98999995 -2.291831 -17.761692 -1.1459155
1.62 8.99 0.81 2.291831 -13.750987 -3.4377468
1.4399999 8.84 1.06 8.594366 -5.7295775 -5.15662
1.49 8.88 1.22 7.448451 -4.0107045 -6.3025355
1.4 8.7699995 1.13 2.8647888 -3.4377468 -4.0107045
1.5899999 8.36 1.3399999 -2.291831 0.0 3.4377468
1.41 8.179999 1.31 -6.3025355 2.8647888 3.4377468
1.5 7.75 1.43 -8.594366 4.583662 5.7295775
1.9599999 7.35 1.66 -8.021409 2.8647888 7.448451
1.9599999 7.21 1.38 -6.8754935 2.8647888 7.448451
1.0699999 6.72 0.96 -10.886198 9.740283 6.3025355
0.72999996 6.3799996 1.73 -27.501974 17.761692 13.178029
1.26 5.8599997 2.37 -39.53409 10.31324 24.637184
1.8399999 5.58 2.84 -36.669296 2.8647888 34.950428
1.9499999 5.87 2.2 -30.366762 2.8647888 37.815212
1.54 5.75 1.9499999 -33.80451 12.605071 41.825916
1.39 5.62 3.03 -41.25296 16.615776 45.83662
1.67 6.17 4.42 -55.00395 14.323945 58.441692
3.52 6.81 4.0 -48.128452 8.021409 75.057465
4.27 7.19 3.1299999 -27.501974 6.8754935 85.37071
3.76 7.02 3.79 -25.7831 20.62648 80.78705
3.47 7.1 5.41 -45.83662 28.64789 76.77634
4.58 7.71 5.21 -57.29578 24.637184 87.662544
5.41 7.69 4.23 -42.971836 28.64789 99.1217
5.7 7.5699997 4.21 -38.38817 41.825916 92.24621
4.5699997 7.2799997 4.8599997 -55.576904 40.107044 81.93296
4.7999997 7.7 6.42 -54.43099 32.085636 103.70536
4.7999997 7.7 6.42 -37.815212 30.939718 113.44564
7.41 8.639999 5.14 -5.7295775 34.950428 107.143105
7.68 8.83 4.56 -7.448451 44.69071 84.22479
6.21 8.61 6.3999996 -32.658592 47.555496 83.07887
6.8599997 8.5199995 7.93 -33.80451 37.242256 97.402824
8.61 9.07 7.69 -21.199438 36.09634 99.69466
8.12 9.44 7.6099997 14.323945 58.441692 83.07887
7.6 9.29 7.8999996 18.334648 58.441692 71.04677
7.8599997 9.4 7.54 24.637184 56.72282 71.04677
8.73 10.29 6.43 51.5662 65.890144 75.057465
8.73 10.66 6.33 51.5662 68.75493 72.19268
8.41 10.58 6.37 43.544792 68.18198 61.879436
8.15 10.53 7.0899997 38.961132 64.17127 48.128452
8.5199995 10.07 6.68 43.544792 63.02536 36.09634
8.07 9.969999 6.52 55.00395 70.47381 24.064226
7.5699997 9.38 6.23 52.139156 75.630424 9.740283
7.7999997 9.38 6.39 46.40958 72.76564 8.594366
7.71 8.41 5.6299996 55.576904 73.33859 -1.1459155
7.29 8.059999 5.22 60.160564 74.48451 -6.3025355
6.7999997 7.8399997 4.41 68.75493 73.33859 -12.032113
6.44 7.96 4.46 67.60902 66.463104 -17.761692
6.79 7.52 4.37 68.75493 55.576904 -20.053522
6.58 7.74 4.0099998 79.06818 44.11775 -28.07493
7.14 8.19 3.57 79.641136 42.971836 -29.220846
6.8999996 8.0199995 2.6299999 72.19268 44.11775 -33.80451
5.5699997 8.059999 3.61 63.598316 45.83662 -36.669296
6.44 8.5199995 4.2999997 48.701412 37.242256 -36.09634
6.98 8.639999 3.61 56.72282 27.501974 -34.377464
6.1299996 8.929999 3.4499998 68.75493 30.366762 -42.971836
6.44 9.12 3.05 66.463104 28.07493 -49.27437
6.37 9.12 2.81 59.014652 28.64789 -52.139156
5.5899997 8.679999 2.8799999 47.555496 32.085636 -55.576904
5.39 8.34 3.04 40.107044 29.793804 -56.72282
4.99 8.13 2.47 46.98254 28.64789 -57.868736
3.74 8.05 2.36 56.14986 29.793804 -59.58761
3.72 8.33 1.9 69.32789 22.91831 -55.00395
4.31 8.88 0.53 88.2355 11.459155 -52.139156
3.48 9.11 -0.19 76.77634 5.15662 -59.58761
3.04 9.139999 0.26 63.598316 2.8647888 -61.879436
3.21 8.92 0.71999997 48.701412 -13.750987 -58.441692
2.85 8.929999 0.76 50.993244 -15.469859 -59.58761
2.36 9.03 0.82 55.00395 -22.345354 -61.879436
2.36 9.23 0.59 55.576904 -26.356058 -62.4524
2.45 9.28 0.37 56.14986 -26.929016 -60.160564
1.8399999 9.559999 0.32999998 49.27437 -28.07493 -58.441692
2.1 9.63 1.02 32.085636 -29.220846 -60.733524
2.35 9.42 0.75 30.366762 -34.950428 -63.02536
2.06 9.37 0.69 29.793804 -29.220846 -73.33859
1.29 8.95 0.26999998 26.929016 -25.210142 -71.04677
0.9 8.809999 0.089999996 26.929016 -23.49127 -71.04677
0.65999997 8.889999 0.13 24.637184 -20.62648 -71.61973
0.37 8.76 0.32999998 17.188732 -26.356058 -67.03606
-0.47 8.91 0.29999998 20.62648 -24.064226 -64.74423
-0.19 8.889999 -0.04 32.085636 -25.7831 -59.58761
0.06 8.67 -1.3199999 45.83662 -26.929016 -60.160564
-0.74 8.61 -1.76 48.701412 -23.49127 -64.74423
-1.41 8.57 -1.43 44.69071 -32.085636 -61.879436
-1.48 8.65 -1.52 44.11775 -40.680004 -53.858032
-1.02 8.24 -2.06 45.263664 -41.825916 -50.993244
-1.0 7.8399997 -2.53 38.961132 -45.263664 -51.5662
-2.0 7.54 -2.04 35.523384 -46.40958 -53.285076
-2.69 7.58 -0.88 30.939718 -49.27437 -51.5662
-2.37 7.2599998 -0.9 32.658592 -61.30648 -44.11775
-2.56 7.54 -1.28 34.377464 -72.19268 -40.107044
-2.83 7.89 -0.85999995 30.939718 -66.463104 -38.38817
-2.6599998 7.99 -0.96999997 21.772396 -66.463104 -30.939718
-2.8899999 8.21 -0.87 16.042818 -67.60902 -24.637184
-2.97 8.38 -1.09 18.907606 -62.4524 -25.210142
-2.99 8.349999 -1.38 16.042818 -62.4524 -24.064226
-3.1999998 8.46 -1.14 5.7295775 -56.14986 -20.62648
-3.01 8.32 -1.16 2.291831 -50.993244 -11.459155
-2.9099998 8.2 -1.52 10.886198 -48.701412 -7.448451
-2.96 8.24 -1.73 16.042818 -50.420284 -9.740283
-2.8899999 8.22 -1.78 22.345354 -60.160564 -15.469859
-3.02 8.0199995 -1.87 18.907606 -60.160564 -14.896902
-3.53 7.9199996 -1.4599999 16.042818 -57.868736 -13.178029
-3.55 7.89 -0.45999998 7.448451 -56.14986 -9.740283
-2.99 7.79 -0.45 6.3025355 -63.02536 -1.7188734
-2.9299998 7.7799997 -0.77 16.615776 -61.879436 0.57295775
-3.36 7.79 -0.58 21.199438 -53.285076 1.1459155
-3.74 7.94 -0.26 20.053522 -55.00395 1.7188734
-2.9399998 8.12 -0.28 21.199438 -62.4524 3.4377468
-2.54 7.93 -0.58 18.334648 -64.17127 6.3025355
-3.73 7.6499996 -0.65999997 3.4377468 -53.858032 5.15662
-4.0499997 7.6699996 1.04 -12.032113 -41.825916 10.31324
-4.0499997 7.6699996 1.04 -12.032113 -41.825916 10.31324
-2.73 7.5899997 0.26 6.3025355 -63.02536 22.345354
-3.1799998 7.5699997 0.22 12.605071 -57.29578 20.62648
-2.97 8.0199995 0.7 13.178029 -49.27437 23.49127
-1.67 8.33 0.38 13.178029 -56.72282 34.950428
-1.9399999 8.23 -0.17999999 16.615776 -46.40958 30.939718
-2.32 8.13 -0.049999997 10.31324 -37.242256 21.772396
-2.1699998 7.7799997 0.79999995 -1.7188734 -47.555496 21.772396
-2.76 7.6299996 0.56 -9.740283 -46.98254 24.064226
-3.25 7.85 0.68 -12.605071 -38.961132 25.210142
-2.6699998 8.23 1.5 -15.469859 -25.7831 33.231552
-1.87 8.929999 1.7199999 -16.615776 -36.669296 39.53409
0.22 8.599999 1.65 -6.3025355 -56.72282 53.858032
-1.6999999 8.26 0.75 -1.7188734 -41.825916 42.398876
-4.14 7.8599997 1.91 -13.750987 -11.459155 34.950428
-3.6599998 8.91 4.15 -16.042818 -20.62648 57.868736
0.55 9.73 3.3899999 19.480566 -49.27437 88.80846
0.96 10.2699995 0.0 69.900856 -34.950428 60.160564
-0.07 10.37 -0.66999996 67.03606 -19.480566 50.420284
-0.79999995 11.139999 0.01 36.09634 -12.605071 45.263664
0.94 10.98 -0.19999999 0.0 -22.91831 59.014652
1.3199999 10.5 -0.14999999 -26.929016 -19.480566 52.712116
-0.38 10.5199995 1.62 -53.285076 -7.448451 36.669296
-0.22999999 10.67 3.4199998 -52.139156 -10.31324 42.398876
1.39 10.7 2.6499999 -21.199438 -18.907606 52.712116
1.54 10.69 0.84999996 5.15662 -14.323945 45.83662
0.11 10.98 0.71999997 5.15662 -9.167324 38.961132
0.44 11.57 1.64 -9.740283 -2.291831 39.53409
2.1499999 11.84 1.01 -6.8754935 -8.594366 49.27437
1.63 12.0199995 0.45 -5.7295775 -5.7295775 41.825916
1.23 11.92 2.03 -18.907606 -6.3025355 28.64789
1.56 11.99 2.49 -20.62648 -10.886198 27.501974
2.12 11.99 1.5 -8.021409 -14.896902 29.793804
1.8399999 12.009999 1.02 0.0 -4.583662 13.178029
1.51 11.719999 1.13 -6.3025355 -5.15662 9.740283
1.6899999 11.559999 1.39 -17.761692 -5.15662 13.178029
2.03 11.309999 1.2099999 -16.615776 0.57295775 13.750987
1.65 11.07 1.3399999 -9.740283 1.7188734 10.886198
1.52 11.25 1.31 -3.4377468 -2.291831 6.3025355
1.8299999 11.0199995 0.91999996 0.0 -4.0107045 10.31324
1.8499999 10.9 0.94 0.0 -3.4377468 9.167324
1.87 10.849999 1.04 0.0 -3.4377468 8.021409
1.89 10.75 1.01 -0.57295775 -4.583662 7.448451
1.8 10.73 1.0699999 -2.8647888 -2.291831 6.8754935
1.54 10.34 1.12 -4.0107045 -4.583662 4.0107045
1.61 10.07 1.5899999 -1.1459155 -5.7295775 3.4377468
1.64 10.08 1.51 1.7188734 -5.7295775 4.0107045
1.8499999 10.21 0.61 16.042818 -0.57295775 8.021409
1.79 10.2699995 0.34 17.188732 0.0 6.3025355
1.86 10.28 0.13 9.740283 -1.1459155 5.15662
1.78 10.059999 0.42999998 0.57295775 -1.1459155 1.7188734
1.4599999 9.929999 0.71999997 -8.021409 -0.57295775 0.0
1.73 9.809999 1.17 -6.3025355 -1.1459155 2.291831
2.05 9.92 1.1899999 -0.57295775 -1.7188734 2.8647888
1.9 10.0 0.96999997 1.7188734 -0.57295775 2.291831
1.7099999 10.0199995 0.78999996 8.021409 -0.57295775 1.7188734
1.89 9.9 0.78999996 7.448451 -0.57295775 2.291831
1.76 9.719999 1.05 8.021409 0.0 2.8647888
1.67 9.62 1.11 10.886198 2.291831 2.8647888
1.7099999 9.719999 0.96999997 17.761692 2.291831 5.7295775
2.04 9.95 0.66999996 26.929016 1.1459155 8.594366
2.05 10.09 -0.22 34.950428 0.0 5.15662
1.77 10.139999 -1.06 33.231552 1.1459155 0.0
1.79 10.08 -0.93 17.188732 3.4377468 -0.57295775
1.87 9.87 -0.17 -6.8754935 2.8647888 1.7188734
1.91 9.679999 0.56 -16.042818 2.291831 2.291831
1.75 9.599999 0.59999996 -8.594366 0.57295775 0.57295775
1.74 9.69 0.59 2.8647888 -1.1459155 -0.57295775
1.87 9.8 -0.06 10.886198 0.0 0.0
1.9399999 9.75 -0.42999998 8.594366 2.8647888 1.1459155
1.8499999 9.69 -0.11 0.0 3.4377468 1.7188734
1.99 9.889999 0.32999998 -4.0107045 1.7188734 2.8647888
2.1 9.91 0.13 0.0 0.57295775 1.1459155
1.78 9.78 -0.089999996 2.8647888 -0.57295775 -1.7188734
1.8499999 9.73 0.0 0.0 0.0 -0.57295775
2.03 9.87 0.25 -2.291831 0.57295775 0.0
2.1 9.889999 0.26 -6.3025355 1.1459155 2.291831
2.1299999 9.76 0.03 -3.4377468 2.291831 1.1459155
1.73 9.719999 0.32999998 -2.8647888 1.1459155 -1.7188734
1.7099999 9.639999 0.45 -3.4377468 0.57295775 -1.1459155
2.02 9.83 0.44 0.57295775 1.1459155 2.291831
2.1699998 9.809999 0.06 5.15662 1.7188734 4.0107045
1.8199999 9.78 -0.049999997 6.8754935 1.1459155 2.8647888
1.8 9.84 0.03 5.7295775 0.0 1.7188734
2.0 9.849999 -0.21 5.15662 -2.8647888 2.291831
2.07 9.9 -0.14999999 2.291831 -1.1459155 1.1459155
1.87 9.87 0.39 -6.3025355 0.0 1.1459155
2.09 9.99 0.77 -9.740283 -1.7188734 4.0107045
2.19 9.86 0.48 -1.7188734 -2.8647888 2.8647888
1.87 9.92 0.11 5.15662 -1.1459155 -1.7188734
1.92 9.84 0.08 4.0107045 0.57295775 -0.57295775
2.06 9.76 0.21 0.0 0.0 0.57295775
1.9 9.83 0.21 -0.57295775 0.0 0.0
1.93 9.849999 0.19999999 -0.57295775 1.1459155 0.0
2.0 9.7699995 0.22999999 -0.57295775 0.0 0.0
1.9 9.8 0.32999998 -2.291831 0.0 -1.1459155
1.93 9.83 0.53999996 -2.8647888 0.0 0.0
2.01 9.73 0.41 -0.57295775 0.0 0.0
2.0 9.78 -0.049999997 1.1459155 0.0 -1.1459155
1.75 9.63 -0.11 -0.57295775 2.291831 -2.291831
1.87 9.58 0.25 -6.3025355 0.0 0.0
2.04 9.719999 0.32 -4.583662 -1.1459155 0.0
1.92 9.719999 0.35 -1.1459155 -0.57295775 0.0
1.93 9.8 0.17999999 0.0 -1.1459155 0.0
2.01 9.79 0.31 -1.1459155 0.0 1.1459155
1.9799999 9.75 0.48 -4.0107045 0.0 0.57295775
2.02 9.69 0.58 -1.7188734 0.0 1.1459155
1.9799999 9.74 0.35 1.7188734 0.0 0.0
1.9599999 9.73 0.049999997 1.7188734 0.57295775 0.0
1.8199999 9.66 -0.049999997 -4.0107045 2.8647888 3.4377468
2.18 9.78 0.26 -9.167324 5.15662 7.448451
2.4099998 9.88 0.21 -10.31324 7.448451 8.021409
2.0 9.96 0.42999998 -12.032113 17.188732 3.4377468
