1.3910737 9.371192 1.3312168 2.43075 -6.50692 -3.77615
1.673598 9.498088 1.1923488 3.4107502 -11.651919 0.108849995
1.7933118 9.581888 0.97446984 3.9007502 -14.83692 3.9238498
1.7550035 9.632168 1.1492519 1.45075 -11.54692 4.34385
1.6065584 9.550762 1.2857256 -7.8242507 -10.14692 2.31385
1.5490957 9.457385 1.4581133 -8.559251 -11.61692 2.20885
1.5586729 9.419077 1.3886794 -6.21425 -12.42192 3.36385
1.541913 9.306546 1.350371 -3.62425 -11.8269205 3.5388498
1.3096683 9.064724 1.4605076 -2.53925 -11.02192 3.04885
0.9984126 8.868394 1.5467016 -0.75425005 -11.44192 3.64385
0.9912298 8.650515 1.637684 1.90575 -11.47692 6.86385
1.0534809 8.411087 1.4485363 5.3007503 -13.856919 10.29385
1.158829 8.260248 1.6185298 6.10575 -17.35692 13.793851
1.2569942 8.025609 2.1021733 1.55575 -16.41192 18.203852
1.3527653 7.563514 2.8491871 -3.37925 -13.40192 22.43885
1.2665714 6.897906 3.5387383 -1.87425 -14.10192 26.56885
0.97446984 6.893117 3.840417 4.67075 -15.39692 32.098854
1.6496553 7.084659 3.962525 11.0407505 -11.47692 40.81385
2.0399222 6.9721284 4.743058 15.135751 -7.59192 49.35385
2.004008 6.5579185 5.2147307 14.29575 -6.57692 54.88385
2.3200524 6.9122715 5.4924664 12.5807495 -0.06692 61.32385
3.1867797 7.695199 5.6744313 10.97075 12.46308 71.71885
4.120547 8.267431 5.9114647 9.22075 27.16308 85.08885
5.31529 9.091062 5.889916 8.170751 40.00808 93.348854
6.124555 10.254679 5.6409116 8.310751 54.60308 92.47385
6.9457912 11.123801 5.420638 10.41075 70.70309 87.32885
7.7766047 11.736735 5.150085 13.52575 79.87308 83.23385
8.925857 12.198831 5.2937417 12.16075 85.57808 77.598854
9.809344 12.517269 5.446975 1.2057501 97.09309 73.39885
10.192428 12.222773 6.1748347 -11.28925 117.91808 66.678856
9.591465 11.497308 7.0966306 -11.67425 136.88808 50.75385
9.938635 10.989721 6.3711653 4.81075 142.66307 37.52385
10.635368 11.099858 4.348003 36.170753 150.6081 34.233852
10.182851 10.819728 2.9832664 68.05575 154.31808 28.17885
9.390346 10.73114 2.648068 83.70075 151.93808 18.203852
8.506859 10.10384 2.1189332 85.24075 151.97308 13.863851
7.901107 9.529214 1.8938714 85.03075 152.98808 12.04385
6.8715687 9.229929 2.1237218 84.295746 151.06308 12.46385
6.8452315 9.047964 1.8675344 85.17075 148.12308 14.878852
7.556331 9.268238 0.9313729 94.16576 139.40808 18.90385
6.88354 9.1628895 0.7733508 109.530754 121.13808 18.30885
6.411868 8.992896 0.22506183 115.65575 105.84309 -6.3661504
7.393521 9.47654 -0.77574503 114.465744 94.64308 -8.25615
8.705584 9.668081 -1.498816 112.64575 79.62808 -9.20115
8.2339115 9.629773 -2.1500587 105.15575 70.91308 -24.88115
7.702382 9.323306 -2.1141446 93.22075 65.138084 -44.55115
8.3679905 9.184438 -3.2011454 89.545746 54.88308 -55.15615
8.415876 9.038387 -4.228289 94.02575 38.013084 -65.93615
7.699988 8.755863 -4.496448 90.49075 18.51808 -82.49115
7.1133904 8.760652 -4.355186 78.695755 1.40308 -95.26615
7.2426815 8.904308 -4.517997 70.26076 -12.80692 -97.64616
7.4246464 8.660092 -5.130931 68.54575 -25.58192 -98.10115
6.873963 8.193209 -5.1093826 64.06575 -40.52692 -106.71115
5.863579 7.8268843 -4.149278 54.61575 -59.53192 -118.61115
4.7502413 7.345635 -3.9457648 48.910748 -72.551926 -124.841156
4.0367475 7.3169036 -4.230684 52.06075 -80.14692 -122.28615
3.5794408 7.2354984 -4.393494 56.92575 -89.21192 -117.14114
2.8946784 7.0942364 -4.3240604 59.130753 -106.53692 -115.91615
2.011191 7.022408 -4.35758 60.63575 -122.63692 -118.191154
1.5850099 6.8787518 -4.539545 58.500748 -132.57692 -118.786156
0.6895511 6.531582 -4.2402606 50.45075 -137.54692 -113.64115
-0.44294083 6.0670924 -3.3112822 37.22075 -142.55193 -109.091156
-1.0415095 5.648094 -2.2625897 26.370749 -152.21191 -104.926155
-0.98404694 5.3248672 -1.8962656 27.14075 -168.17192 -95.54616
-0.4956149 5.212336 -1.9178141 37.360752 -186.2319 -83.22615
-0.36632404 4.9178405 -2.238647 47.89575 -198.79694 -72.13115
-0.91700727 4.7526355 -1.4317763 49.190754 -198.69191 -68.456154
-1.7071179 4.3216662 -0.20351335 36.240753 -193.33693 -70.20615
-2.6887705 4.2905407 0.4860378 24.58575 -191.55191 -70.556145
-2.8467927 4.120547 0.25379312 27.80575 -187.66692 -68.14115
-2.796513 3.9744961 0.038308397 37.60575 -184.09692 -60.02115
-3.5483153 4.1157584 0.82602483 42.470753 -179.68692 -49.73115
-4.1540666 3.833234 1.6616267 41.49075 -177.02692 -41.96115
-4.1612496 3.4812756 1.7166951 43.59075 -179.82692 -36.676147
-4.608979 3.624932 1.4269878 52.97075 -182.76692 -30.831152
-4.7765784 3.9313993 1.5490957 64.48575 -177.37692 -19.03615
-4.04393 3.7135203 1.647261 67.35574 -166.66692 -3.04115
-3.6895776 3.675212 1.9848539 60.460747 -158.86192 9.69885
-4.3168774 4.063084 2.5283542 51.85075 -151.79193 18.203852
-4.4389853 4.5515165 2.7151077 32.98575 -127.50193 44.24385
-3.5507095 4.7286925 3.3424077 14.92575 -106.956924 63.14385
-2.2554069 4.6305275 4.2570205 1.13575 -91.27692 76.338844
-2.317658 5.140508 5.1620564 2.1507502 -91.24192 78.89385
-3.093403 6.316097 5.1596622 20.52575 -100.30692 78.543846
-2.011191 6.648901 3.7015488 41.91075 -100.41192 84.59885
-0.31604427 6.3711653 3.4956412 39.39075 -90.68192 95.65885
-0.46927786 7.206767 4.695173 16.745749 -79.34192 99.15885
-1.8675344 8.449396 5.707951 2.08075 -66.041916 94.95885
-0.84996754 8.159689 5.6768255 -1.3842502 -55.156918 93.59385
0.4836435 8.123775 5.5547175 -5.3042502 -46.61692 96.98885
0.60335726 9.150918 5.7534423 -7.36925 -30.936918 102.34386
0.39266106 9.555551 6.184412 -3.37925 -20.82192 101.013855
0.47885495 9.014444 6.071881 2.3957498 -24.426922 90.793846
1.3814965 9.5794935 5.8013277 4.18075 -24.426922 88.308846
2.4110348 10.099051 5.6313343 -1.4542501 -6.47192 101.88885
2.205127 10.101445 6.304126 -7.8242507 10.74808 108.60886
1.7382435 10.216371 6.5148215 -10.62425 12.28808 97.23386
2.9425638 10.738322 5.305713 -2.3992503 13.338079 91.49384
3.991256 10.917893 3.869148 11.11075 25.83308 101.32886
2.1907616 10.800573 4.685596 7.96075 37.418083 99.64886
1.3407938 10.853248 6.0000525 -10.86925 38.083084 84.77385
2.9042554 11.104647 5.7725964 -16.99425 41.268078 82.60386
4.278569 11.789409 4.309695 -2.2592502 43.823082 93.73386
4.9776974 11.755889 3.9098508 13.91075 50.43808 98.77385
4.149278 11.396749 4.7765784 17.27075 53.62308 87.783844
3.7829542 11.760678 4.9705143 13.07075 51.10308 72.38385
5.116565 11.961797 3.902668 15.135751 57.718082 69.82886
6.63693 11.631387 2.9593236 25.88075 68.21808 77.63385
5.566689 10.587483 3.1508656 32.49575 71.99808 71.89385
3.6967604 10.762265 3.7542229 28.820751 64.82308 50.64885
4.4461684 10.666494 3.083826 23.115751 68.60308 35.808853
5.8851275 10.24989 1.6664152 28.61075 80.11809 45.29385
5.0231886 10.652128 0.8284191 39.39075 82.67308 53.868847
4.40786 11.748707 0.06943397 38.02575 79.03308 44.48885
5.140508 11.418297 -0.83081335 24.550749 80.78309 40.74385
5.619363 10.96099 -0.7972935 4.8807497 86.59308 48.82885
4.4844766 10.3743925 0.47167215 -15.699249 88.69308 47.49885
3.0431232 10.585089 1.8747171 -31.34425 79.27808 33.323853
3.3304362 10.223554 1.4700848 -9.15425 59.11808 21.633848
3.9673133 9.869201 0.88588166 19.265749 45.88808 24.258852
4.103787 9.634562 0.8236305 36.45075 38.11808 21.42385
4.12773 9.670476 0.90982443 45.58575 36.228077 18.203852
4.0918155 9.962578 -0.16281068 57.34575 37.593082 19.11385
4.2139235 10.008069 -1.5131817 67.18075 35.49308 20.72385
4.2402606 10.142148 -2.1021733 59.655746 26.74308 21.91385
4.9154463 10.168485 -1.4820561 30.080751 24.293081 26.84885
5.0758624 9.893144 0.38787252 -5.4092503 26.63808 30.06885
5.0662856 9.656111 1.3910737 -23.959251 27.61808 26.21885
4.7334814 9.423865 1.6712039 -18.18425 26.078081 18.27385
4.364763 9.12937 1.5993756 -1.48925 22.26308 9.62885
4.008016 8.954588 1.4868447 15.695749 13.303081 2.55885
4.04393 8.901914 1.1612233 27.38575 5.28808 -0.90615
4.228289 8.990502 0.84996754 29.485748 4.48308 -0.69615
4.2737803 8.952193 0.88588166 24.37575 6.2680798 -1.3611501
4.1181526 8.760652 1.0654523 18.63575 5.21808 -4.72115
3.79732 8.518829 1.3288225 14.75075 2.13808 -8.22115
3.5650752 8.408693 1.446142 12.75575 -1.53692 -10.531149
3.4645157 8.370385 1.4868447 11.18075 -3.63692 -10.006149
3.5866237 8.379962 1.6831752 8.27575 -4.47692 -7.10115
3.6105664 8.475733 1.7382435 4.1457496 -3.81192 -4.40615
3.6033835 8.526012 1.6448668 2.29075 -2.97192 -3.04115
3.6512692 8.559532 1.6927522 2.22075 -2.93692 -1.08115
3.684789 8.609812 1.8723229 0.40075 -2.23692 1.29885
3.7207031 8.724737 1.951334 -1.4542501 -2.16692 3.15385
3.9481592 8.889942 1.5826156 -0.99925005 -1.3619201 4.93885
4.1612496 8.947405 1.4605076 1.3457501 1.01808 7.00385
3.8739367 9.059936 1.7286664 1.10075 0.49308 7.10885
3.8021083 9.182044 1.7238779 -1.69925 -0.38192 3.64385
4.087027 9.217958 1.4940275 -2.22425 0.66808 2.66385
4.170827 9.074302 1.7286664 -1.06925 0.21308 4.34385
4.1253357 8.964165 2.205127 -2.95925 -0.34692 3.57385
4.216318 8.901914 1.9872481 -3.9392502 -0.83692 1.08885
4.005622 8.825297 1.7478206 1.4857501 -3.25192 -0.45115
3.9361877 8.712766 1.7693691 5.86075 -3.70692 -1.8161501
4.0295644 8.655303 1.8890828 1.66075 -0.38192 -0.38114998
4.0750556 8.700794 1.7909175 1.45075 -0.10192 0.84384996
3.842811 8.779806 1.7095122 1.8357501 0.14308 0.45885003
3.8356283 8.8085375 1.6688095 1.41575 -0.20692001 0.03885
3.9673133 8.76544 1.6137413 1.55575 -0.34692 0.70385003
4.000833 8.76544 1.4605076 2.67575 -0.69692 0.45885003
3.9744961 8.789383 1.515576 3.7607503 -2.3769202 -1.64115
3.816474 8.801354 1.6233183 4.70575 -4.9319205 -3.84615
3.8906965 8.854029 1.403045 6.52575 -6.26192 -4.1961503
3.9673133 8.9498 1.0295382 7.33075 -5.63192 -2.4811502
3.9936504 8.978531 1.2138973 2.7807503 -4.26692 -1.1511501
3.9864676 8.89952 1.8316202 -6.8792505 -2.69192 -0.13615
3.8859081 8.894731 2.1835787 -10.97425 -2.86692 -0.69615
3.8930907 8.854029 2.0854135 -6.80925 -3.88192 -1.3611501
3.9697077 8.851634 1.8555629 -0.36925 -4.26692 -1.22115
4.1804037 8.990502 1.6065584 3.02575 -2.86692 -0.17115
4.2737803 9.024022 1.594587 2.85075 -2.7269201 -0.41615
4.008016 8.89952 1.7933118 -0.50925 -2.76192 -2.72615
3.8883023 8.705584 1.838803 -4.7442503 -0.69692 -4.61615
3.6800003 8.626573 1.8579572 -7.12425 2.0680802 -4.79115
3.562681 8.73192 1.8890828 -7.01925 2.59308 -4.0911503
3.7398572 8.775017 1.7813405 -5.26925 0.70308 -3.00615
3.8954852 8.854029 1.7502149 -2.29425 -0.97692 -1.32615
