0.96 9.37 -2.35 46.98254 -30.366762 -12.032113
1.6899999 9.28 -3.0 39.53409 -39.53409 -9.740283
1.5999999 8.559999 -2.72 0.0 -45.263664 -11.459155
0.79999995 8.47 -1.4 -9.740283 -36.09634 -14.323945
0.12 8.29 -0.78 -16.615776 -15.469859 -20.053522
0.04 7.68 -1.2099999 -8.021409 -8.594366 -13.750987
0.049999997 7.31 -1.48 2.291831 -17.188732 -4.583662
-0.06 7.35 -1.66 13.750987 -21.772396 0.0
0.48 7.49 -1.5999999 18.334648 -20.62648 10.31324
0.74 6.73 -1.9599999 16.042818 -21.199438 17.761692
0.25 5.7999997 -1.62 9.167324 -12.032113 23.49127
-0.01 5.96 -1.06 -2.8647888 -2.8647888 28.64789
1.3199999 5.38 -1.27 -0.57295775 -13.750987 36.669296
1.77 4.47 -1.37 4.583662 -17.188732 37.242256
0.98999995 3.59 0.03 -1.7188734 -21.199438 30.366762
0.29999998 3.1799998 1.24 -5.7295775 -24.637184 40.680004
1.41 3.46 1.74 2.8647888 -14.896902 67.60902
2.97 3.87 0.88 13.750987 -7.448451 96.256905
3.36 3.7099998 1.31 8.594366 -2.291831 105.997185
3.3 4.22 2.3799999 -1.1459155 0.0 104.85127
3.97 5.08 3.53 -18.334648 5.7295775 103.1324
5.27 5.27 3.99 -20.62648 21.199438 119.17522
5.68 4.61 4.14 -13.178029 21.199438 136.36395
6.77 5.12 6.43 -10.31324 25.210142 136.9369
7.8599997 6.15 6.37 5.7295775 28.64789 138.65578
9.45 6.5299997 3.87 49.27437 39.53409 144.38536
9.429999 7.99 3.34 70.47381 62.4524 151.8338
10.41 8.42 4.02 39.53409 79.06818 159.85522
10.94 9.38 3.9599998 31.51268 80.21409 163.86592
12.67 10.69 2.44 30.939718 85.37071 162.14705
12.23 10.5199995 2.8999999 -1.1459155 93.96508 146.10423
11.69 9.7699995 6.14 -36.09634 100.84057 130.06142
12.5199995 9.66 7.56 -13.750987 105.997185 128.34254
13.17 9.719999 6.27 32.085636 116.883385 120.89409
13.17 9.719999 6.27 32.085636 116.883385 120.89409
13.32 9.61 5.72 55.00395 134.64508 111.72677
13.73 10.2 4.7 68.75493 136.9369 104.85127
13.799999 10.5199995 2.47 87.662544 142.09354 92.24621
12.67 10.75 4.16 59.58761 143.81241 73.91155
13.2 10.719999 6.08 36.669296 144.95831 63.598316
14.29 11.19 5.33 61.30648 146.67719 56.72282
14.19 10.95 3.28 88.2355 155.27156 35.523384
12.639999 10.83 3.9199998 75.057465 158.13635 12.032113
13.34 10.8 4.8399997 61.879436 157.5634 2.8647888
14.13 10.639999 3.83 77.922264 149.54198 -4.583662
13.15 10.65 3.1499999 91.67324 148.39606 -37.815212
12.7 10.66 3.73 81.93296 144.38536 -45.83662
12.74 10.17 4.35 67.03606 138.08282 -52.712116
13.0199995 10.25 3.59 74.48451 130.63437 -60.160564
13.0199995 10.7 3.52 73.91155 124.9048 -69.32789
12.259999 10.719999 4.66 51.5662 113.44564 -82.50592
11.759999 10.94 6.3199997 41.25296 109.43494 -87.089584
13.2 10.91 5.5099998 42.398876 100.84057 -87.662544
12.429999 10.7699995 3.9099998 87.089584 113.44564 -111.72677
11.82 10.66 3.4399998 85.94367 99.69466 -128.9155
11.599999 10.67 3.4299998 80.21409 91.10028 -131.78029
11.98 9.58 1.79 64.74423 77.922264 -131.20734
11.07 8.7 2.71 48.701412 68.75493 -138.08282
10.849999 8.53 3.36 37.815212 66.463104 -143.81241
10.05 7.99 2.1699998 53.285076 48.128452 -157.5634
8.62 7.33 1.01 76.77634 52.139156 -169.5955
7.3999996 7.33 0.78 79.641136 53.858032 -177.04396
5.8599997 5.93 1.29 63.02536 29.220846 -175.89804
5.12 5.83 0.45999998 75.057465 6.3025355 -171.88734
4.79 5.75 0.089999996 84.79775 4.583662 -170.16847
3.56 5.06 -0.35 93.96508 0.57295775 -160.42818
3.1 4.94 0.42 94.53803 -10.31324 -148.39606
2.32 4.22 -1.4599999 126.05072 -32.658592 -138.65578
0.74 3.9199998 -2.27 134.64508 -34.377464 -138.08282
0.08 3.9199998 -1.89 135.21803 -33.80451 -129.48846
-0.35 3.72 -1.16 126.05072 -57.29578 -110.58085
0.07 3.77 -2.81 140.94762 -89.95437 -95.68395
-0.39 3.6499999 -3.3 163.86592 -99.1217 -90.52733
-0.89 3.4099998 -3.4299998 166.15775 -99.1217 -88.2355
-2.25 3.33 -2.3899999 151.26085 -114.59156 -73.91155
-3.29 4.13 -1.78 151.8338 -124.9048 -60.160564
-3.1899998 4.38 -1.81 162.72002 -138.65578 -36.669296
-1.1999999 4.42 -2.47 162.14705 -152.40677 -18.334648
-1.42 4.29 -1.89 143.81241 -155.27156 -13.178029
-2.49 3.99 -0.59 125.47776 -148.39606 -10.886198
-3.53 3.51 0.0 125.47776 -142.09354 0.57295775
-4.0299997 3.12 -0.04 128.9155 -149.54198 23.49127
-3.49 3.46 -1.12 122.61296 -173.03325 43.544792
-3.1 3.81 -1.25 108.86198 -176.471 55.00395
-3.26 4.17 -0.89 100.26762 -169.02255 59.014652
-2.46 5.2599998 0.19 104.85127 -168.44958 70.47381
-0.53 5.58 -0.25 120.32113 -169.02255 81.93296
-1.4 5.66 -1.75 124.33183 -159.28227 81.93296
-2.51 6.42 -0.94 103.70536 -123.18592 79.641136
-1.4599999 6.21 -0.37 61.879436 -114.59156 89.95437
-0.29999998 6.2999997 -0.74 29.220846 -121.46705 97.97578
-1.16 6.68 -0.45999998 6.8754935 -101.98649 93.39212
-0.45 6.77 1.4399999 -14.896902 -74.48451 99.1217
-0.57 6.93 2.3 -24.064226 -79.06818 96.829865
0.21 7.2999997 1.89 -14.323945 -91.67324 100.84057
-0.69 7.97 1.61 -8.594366 -75.630424 104.27831
-0.94 8.53 2.72 -20.053522 -60.733524 114.0186
0.5 9.179999 3.35 -25.7831 -88.80846 125.47776
2.3799999 9.5 2.57 -19.480566 -110.0079 129.48846
2.35 9.599999 2.18 -30.939718 -75.630424 123.18592
1.38 9.08 3.73 -57.868736 -28.64789 108.86198
1.9 9.599999 5.12 -69.900856 -33.80451 105.42423
2.51 9.83 4.36 -65.317184 -50.993244 103.1324
1.41 10.01 3.8999999 -38.38817 -36.09634 83.65183
1.8399999 10.24 5.06 -33.80451 -27.501974 81.93296
3.1599998 10.679999 4.42 -21.199438 -41.825916 88.80846
3.46 11.13 3.34 13.178029 -29.220846 89.38142
2.36 11.86 3.4299998 21.199438 -14.323945 81.36001
3.0 12.69 3.1399999 26.929016 -11.459155 77.349304
4.0299997 13.059999 2.12 24.064226 -36.09634 87.089584
4.46 12.67 1.8399999 6.3025355 -26.929016 88.80846
3.26 12.7699995 2.3 -19.480566 -15.469859 74.48451
4.35 13.429999 3.1299999 -36.669296 -6.8754935 67.60902
5.87 13.03 2.46 -34.950428 -16.042818 68.18198
5.23 12.759999 2.12 -25.210142 -10.31324 45.263664
3.3899999 12.5199995 2.75 -27.501974 -0.57295775 25.210142
3.9099998 12.69 2.81 -29.220846 0.0 28.07493
4.33 12.679999 2.3899999 -24.637184 1.1459155 32.085636
4.48 12.29 1.1 -9.740283 2.291831 30.366762
4.3399997 12.16 1.18 -12.032113 1.7188734 25.210142
4.06 11.809999 1.9399999 -22.345354 -1.1459155 17.188732
4.04 11.73 1.9699999 -20.053522 -0.57295775 15.469859
4.23 11.429999 1.54 -9.167324 2.291831 15.469859
4.68 11.179999 1.09 -0.57295775 5.15662 12.605071
4.13 11.04 1.0799999 -1.1459155 5.7295775 4.0107045
4.0899997 10.82 1.55 -5.7295775 2.291831 1.1459155
3.99 10.36 1.3299999 -2.291831 4.583662 0.57295775
3.74 10.3 1.29 -1.1459155 9.167324 0.0
4.0899997 10.099999 1.26 0.0 9.167324 1.7188734
4.15 9.849999 1.12 0.0 2.291831 0.0
3.9399998 9.57 1.15 1.1459155 0.0 -5.15662
3.78 9.5 1.23 -1.7188734 -1.1459155 -9.167324
3.9099998 9.2 1.31 -3.4377468 0.0 -9.167324
3.74 9.13 1.24 -4.583662 1.7188734 -8.021409
3.58 9.099999 1.25 -5.15662 5.7295775 -6.3025355
3.7099998 8.96 1.52 -2.8647888 2.8647888 -3.4377468
3.77 9.01 1.4 -0.57295775 0.57295775 -4.0107045
3.6599998 8.98 1.14 4.583662 1.7188734 -5.15662
3.6399999 8.91 0.89 6.3025355 3.4377468 -4.0107045
3.54 8.91 0.90999997 4.0107045 2.291831 -4.0107045
3.6799998 8.83 0.88 0.57295775 -0.57295775 -1.1459155
3.62 8.76 1.11 -1.1459155 -2.291831 -1.1459155
3.75 8.79 1.11 1.7188734 -7.448451 0.0
3.6999998 8.86 0.97999996 3.4377468 -7.448451 -0.57295775
3.6499999 8.91 0.7 3.4377468 -3.4377468 0.0
3.6299999 9.01 1.04 -4.0107045 0.0 1.7188734
3.6799998 9.09 1.16 -9.167324 0.0 2.291831
3.9399998 9.2 1.18 -0.57295775 -2.8647888 2.8647888
3.8999999 9.12 0.98999995 2.8647888 -4.0107045 1.1459155
3.53 9.08 0.76 5.7295775 -3.4377468 -1.1459155
3.8799999 9.5 1.28 -1.1459155 -3.4377468 1.7188734
4.15 9.45 0.97999996 0.0 -2.291831 2.8647888
3.78 9.17 0.84 0.0 -0.57295775 -1.7188734
3.4499998 9.23 1.3199999 -3.4377468 0.57295775 -4.0107045
3.6299999 9.26 1.4499999 -10.31324 -1.1459155 -3.4377468
3.8 9.15 1.35 -7.448451 -1.7188734 -1.7188734
3.6699998 9.11 1.4499999 -4.0107045 0.0 -1.7188734
3.6799998 9.139999 1.77 -4.0107045 0.57295775 -1.7188734
3.84 9.2 1.65 -4.0107045 2.291831 0.0
3.76 9.2 1.39 -1.1459155 6.8754935 -2.8647888
3.32 9.0199995 1.0799999 -1.1459155 10.31324 -4.583662
3.32 8.95 1.18 -5.15662 4.583662 -2.8647888
3.6699998 8.76 1.29 -4.0107045 -2.291831 -0.57295775
3.73 8.88 1.53 1.1459155 -5.15662 -2.291831
3.52 8.97 1.11 4.0107045 -2.8647888 -3.4377468
3.53 9.0199995 1.14 -0.57295775 -0.57295775 -2.8647888
3.6 9.04 1.3399999 -6.3025355 -2.8647888 -1.1459155
3.59 8.88 1.3299999 -4.583662 -1.1459155 -0.57295775
3.47 8.84 1.41 -2.8647888 -2.291831 -0.57295775
3.6 8.889999 1.51 -0.57295775 -5.15662 0.0
3.6899998 9.07 1.13 1.1459155 -5.15662 0.0
3.62 9.2 1.18 1.7188734 0.0 0.57295775
3.6999998 9.19 1.37 -1.7188734 1.1459155 1.7188734
3.81 9.2 1.41 -1.1459155 0.0 0.57295775
3.6299999 9.139999 1.11 0.0 0.0 0.0
3.61 9.139999 1.1999999 -1.1459155 0.0 0.0
3.58 9.09 1.48 -4.0107045 0.0 0.0
