2.466103 9.486116 1.201926 -10.263645 -0.382025 5.7678256
2.3272352 9.45978 1.297697 -13.448646 -7.1720247 4.2978253
2.2027328 9.402317 1.5514901 -15.583645 -8.047025 2.5478249
2.1811843 9.25866 1.6975409 -15.793646 -5.807025 1.707825
2.310475 9.225141 1.6496553 -12.608645 -6.402025 1.8828251
2.3368123 9.244295 1.5658557 -7.393646 -10.147025 1.6728251
2.0614705 9.189227 1.5658557 -4.173645 -12.632025 -0.077175
2.1117504 9.115005 1.7693691 -5.048645 -12.282024 -0.322175
2.3966691 9.11261 1.9489397 -7.428645 -10.147025 2.792825
2.3655436 9.110215 1.9537282 -7.6386447 -7.7670255 5.347825
2.351178 9.069513 1.9202085 -5.153645 -6.787025 4.9628253
2.3152637 8.954588 1.8483802 -2.633645 -7.4170256 4.4378247
2.1045675 8.727132 2.047105 -1.4786451 -8.047025 4.367825
1.9441512 8.456578 2.0902019 -0.743645 -7.207025 5.1378255
1.7885233 8.126168 2.0590763 2.511355 -6.857025 7.832825
2.0279508 7.7837873 2.1548474 7.971355 -9.097025 12.2428255
1.9896424 7.4988685 2.3942747 13.676356 -14.067025 16.967825
2.0925963 7.3025384 2.8276386 19.871357 -19.247025 20.187826
1.5347302 7.2354984 2.6217308 26.416355 -21.942024 24.142824
1.908237 7.058322 3.0862203 29.531355 -28.032024 31.842827
2.430189 6.5483418 4.80531 17.876356 -33.212025 41.362827
2.6528566 6.28976 6.897906 -6.9036455 -33.317024 50.252827
3.047912 6.2322974 7.9322324 -22.548645 -27.017025 61.627827
3.6656346 6.4789076 8.353624 -19.013645 -18.057026 76.39783
5.06868 7.518023 8.5882635 -3.6486452 -5.5270247 90.18783
6.30652 8.559532 8.0687065 14.866356 9.417975 101.21282
6.6273527 8.851634 7.0080423 36.146355 28.562975 107.54783
7.1229677 8.454185 6.282577 54.38136 51.767975 101.77283
7.640131 8.657698 6.5052447 59.421356 76.30297 94.49283
8.133351 9.488511 6.9218483 55.536354 96.987976 90.43282
9.447808 9.596253 6.5220046 65.37136 129.01297 83.53783
10.309748 9.792584 5.1644506 88.36635 144.97298 68.802826
9.91948 10.216371 3.4573328 101.21136 146.12798 42.447826
9.873989 11.001693 4.7143273 73.701355 136.46797 31.247826
11.233937 10.992116 7.59464 23.896355 147.84297 43.812824
12.838101 10.360027 8.688824 10.8063545 175.56297 55.992825
13.515681 9.287392 6.529187 53.191357 193.69298 51.267826
12.862044 8.317711 3.8787253 114.23135 199.08296 32.297825
11.552376 8.2027855 1.6065584 151.08635 195.86298 11.542825
10.774237 8.894731 0.70870537 149.02135 188.51297 6.117825
11.126195 9.158101 1.201926 119.02636 189.52798 12.802825
11.351257 8.79896 1.8579572 90.74636 194.39299 16.722826
11.097464 7.9681463 1.8866886 86.47636 187.46298 15.847827
9.941029 8.171659 1.2857256 103.17136 167.30296 7.482825
10.527626 9.696813 -0.28252444 125.11636 153.65297 -3.612175
11.966585 9.047964 -1.6400782 131.52136 150.50298 -4.872175
10.659311 8.763046 -1.1660118 121.54636 138.11296 -12.222176
9.675264 8.954588 -0.4956149 111.57135 124.112976 -33.712177
10.922682 8.22194 -1.9321798 111.25635 112.352974 -41.167175
10.26665 8.063917 -3.2250881 120.11135 102.62297 -39.872177
9.44302 8.145323 -3.641692 123.64637 97.23297 -49.532177
8.655303 8.253065 -2.8898897 113.11136 82.67298 -62.65717
7.814913 8.372779 -2.7917244 103.73136 59.537975 -73.29718
7.020014 8.253065 -3.5411325 110.06635 41.267975 -82.71217
6.646507 8.18842 -3.972102 121.161354 22.437975 -90.377174
6.56989 8.152506 -4.7191157 124.34637 1.507975 -93.03718
6.818895 7.860404 -5.672037 121.33636 -19.072023 -93.49217
6.426234 7.3145094 -4.9106574 106.84636 -36.572025 -94.22717
5.176422 6.960157 -3.2777622 75.76635 -45.497025 -96.71218
4.7741838 7.039168 -2.2985039 45.176353 -47.877026 -98.46217
5.150085 6.754249 -2.7510219 36.706356 -53.757027 -91.182175
4.865166 6.65369 -2.8420043 46.506355 -65.83202 -79.77218
4.295329 6.7135468 -2.6432793 55.46636 -78.64203 -80.05218
3.4190245 6.838049 -2.3799093 58.756355 -92.607025 -88.52218
2.4158232 6.6249585 -2.6432793 63.411354 -104.857025 -95.97717
1.2210802 6.4765134 -2.5283542 73.771355 -119.10203 -100.002174
0.4932206 6.4525704 -2.4613144 77.93635 -131.52702 -107.70217
-0.03351985 6.385531 -2.638491 74.366356 -138.38704 -109.97718
-0.6201172 6.409474 -2.0399222 51.441357 -141.46703 -91.77717
-1.0271438 6.2059603 -1.5874043 36.356358 -138.31703 -78.44218
-1.6520497 6.014418 -1.0750294 28.376356 -134.64203 -68.362175
-1.7190893 6.201172 -0.6703969 25.541353 -136.07703 -59.122173
-2.1644244 6.0694866 -0.4166038 26.696356 -139.40202 -55.307175
-2.4421604 5.8444247 -0.26337022 30.686356 -139.50702 -57.89718
-3.15326 5.619363 -0.090982445 38.456356 -138.35204 -56.497173
-4.355186 5.978504 -0.3304099 47.836357 -136.42703 -50.232174
-4.2618093 6.091035 -1.089395 60.29635 -137.26703 -38.822174
-3.675212 6.141315 -1.838803 68.451355 -144.44203 -26.292177
-3.4980354 5.767808 -1.7166951 65.091354 -146.47203 -19.187176
-4.295329 5.4948606 -0.80208206 48.991356 -138.21202 -20.447176
-5.487678 5.6169686 -0.55786604 35.726357 -124.84202 -20.832176
-5.427821 6.0096297 -0.9601042 38.911354 -120.887024 -11.872175
-4.168432 5.7295 -1.446142 47.101357 -131.66704 1.707825
-4.35758 5.851608 -1.4940275 48.361355 -141.25703 10.352825
-5.3272614 6.651295 -1.0415095 41.116356 -136.56702 8.252826
-5.157268 6.5555243 -0.94573855 34.081352 -128.93703 7.692825
-4.5443335 6.019207 -0.7326481 31.281355 -130.05704 10.457826
-4.460534 5.9713216 -0.6392714 30.511356 -133.66203 11.997825
-5.0495257 7.0104365 -0.28970724 28.236355 -135.16702 14.937825
-4.948966 7.1301503 0.09577099 22.146357 -128.37703 18.752825
-4.2809634 6.378348 0.28252444 15.916356 -119.45202 20.957825
-4.1564612 6.284971 0.4285752 16.056356 -122.39202 22.462826
-4.4916596 6.7470665 0.74222517 18.121355 -130.40703 22.742826
-4.3456087 6.507639 1.462902 13.326356 -125.71702 22.532827
-3.78056 5.688797 1.8866886 3.631355 -111.927025 24.807825
-4.276175 5.480495 1.8651401 -0.988645 -100.51703 26.732824
-5.0184 6.421445 2.578634 3.6663551 -100.16702 27.222826
-4.371946 6.1556807 2.4349775 13.396355 -111.787025 30.162827
-3.1819913 5.727105 2.2099156 26.486355 -122.18203 36.812824
-3.040729 5.94259 1.8244374 38.036354 -124.84202 43.182827
-3.912245 6.5148215 1.8842943 41.361355 -116.51202 46.577827
-3.5866237 6.0766697 2.3463893 33.836353 -102.442024 46.962826
-2.0878077 5.339233 3.0359404 20.571356 -99.537025 48.432823
-1.7214836 6.016813 2.9904492 12.136354 -105.27703 55.922825
-2.063865 7.103813 3.5938065 10.5963545 -103.59703 63.76282
-1.9656997 7.022408 5.0375543 -7.883645 -82.10703 65.16283
-1.2498114 6.737489 5.36557 -2.633645 -83.57703 61.487827
-0.91461295 7.4198575 4.8579836 19.836355 -89.52702 61.627827
-0.9074302 8.248277 4.2977233 34.991356 -90.89203 62.922825
-0.92658436 7.972935 5.2243075 26.066355 -84.24203 61.207825
-0.7039168 7.680834 6.0934296 9.756355 -72.23702 62.08283
-0.2944958 8.427847 5.7295 10.211355 -57.117023 70.41283
0.17957062 9.052753 4.8843207 20.466356 -44.937027 78.427826
0.68236834 8.662486 4.7358756 19.276354 -40.142025 73.28283
0.10774237 8.858817 5.585843 5.766355 -36.327023 63.692825
0.21309046 8.971348 5.5020437 0.691355 -27.892025 68.90782
0.8140534 8.91628 5.0662856 4.9963546 -20.192024 79.12783
1.1923488 8.9976845 5.2913475 5.6963553 -17.567024 77.76283
1.690358 9.687236 5.94259 0.341355 -15.782024 75.27783
2.3775148 9.842864 5.375147 3.701355 -11.337026 79.512825
1.6664152 10.048771 4.5251794 16.476357 -6.2970257 79.33782
1.5443072 10.225947 4.577853 15.811356 -0.20702499 70.58783
2.3224466 11.336891 5.626546 -4.628645 8.192975 69.957825
3.162837 11.45421 5.777385 -18.348644 22.717976 80.35282
2.7486274 11.518856 4.862772 -10.578645 26.287975 83.25783
2.5834224 12.344881 4.4246197 -4.558645 22.122974 70.48283
3.8021083 12.146156 4.1564612 -14.253645 27.932976 65.02283
3.8308396 11.272245 5.116565 -29.408646 37.592976 65.96783
2.0087965 11.040001 6.873963 -46.488647 40.182972 57.182827
2.3894863 11.097464 7.2378926 -52.683643 48.26798 49.657825
4.276175 10.958596 5.9234357 -31.333647 59.642975 61.27782
5.1859994 10.788602 4.3408203 8.881355 61.28798 73.66782
4.3432145 11.423085 3.7207031 36.146355 54.637974 68.45283
4.7741838 12.064751 3.3687446 37.861355 57.332977 59.842827
4.9274178 11.693638 1.9968252 35.551357 76.932976 62.642826
4.965726 10.654523 0.56265455 45.386356 84.52798 59.002827
3.46691 10.182851 0.9577099 47.136356 69.23298 41.607826
2.691165 10.661706 2.762993 23.056355 50.752975 28.482824
3.9194279 10.211582 3.328042 -12.048645 54.98798 31.597824
4.348003 9.751882 3.1269228 -20.028645 71.47297 41.257828
3.6105664 9.251478 2.6001825 -2.1786451 64.822975 35.342827
2.9832664 9.634562 2.875524 13.676356 32.692974 18.927826
4.084633 9.79019 3.059883 1.8463551 49.702976 32.262825
4.8986864 9.466963 3.3663504 2.791355 59.957977 37.022827
4.292935 9.438231 3.1269228 18.786356 47.847977 25.017826
4.3264546 10.230737 2.4996228 37.476357 37.067974 16.757824
5.217125 10.122993 0.91700727 50.811356 45.607975 17.317825
5.3296556 9.876384 0.47167215 48.32636 52.922977 9.512825
3.7590115 9.967366 1.4605076 31.071354 49.352978 -8.582175
2.6145482 10.055954 2.1380875 20.396355 53.55297 -18.137177
2.9808722 9.464568 1.2593886 26.311356 61.917973 -10.157175
2.9162266 9.349643 0.6249057 38.561356 62.30298 -2.842175
3.2705793 9.536397 0.22506183 40.556355 54.707973 -0.672175
3.318465 9.735122 0.76137936 31.106356 51.207977 2.127825
2.997632 9.474146 0.9241901 23.231358 53.55297 -0.217175
3.2873392 9.39274 0.5913859 26.976357 52.432976 -5.782175
3.2035396 9.445415 -0.0670397 35.306355 42.457977 -10.682175
2.578634 9.380769 0.043096945 36.146355 29.402973 -16.037176
2.0590763 9.141341 0.69673395 26.101357 26.812975 -17.892176
2.238647 8.887548 1.1612233 15.776356 29.682978 -13.727175
2.8396099 9.091062 0.82123625 14.9713545 26.917976 -7.3221755
2.535537 9.069513 0.82123625 18.366354 20.407974 -4.277175
1.960911 9.09585 1.2689656 16.966356 15.087975 -6.9721746
2.317658 9.093455 1.3647367 12.066355 13.057975 -6.657175
2.638491 9.148524 1.2306572 9.231355 12.567975 -0.532175
2.4110348 9.220352 1.525153 8.181355 11.762975 2.092825
2.020768 9.110215 1.8459859 4.821355 9.907975 -0.0071750004
2.0494993 9.165284 1.8507744 2.1263552 4.6229753 -1.8621751
2.7725701 9.323306 1.5203645 2.1263552 2.3829749 1.042825
2.8731298 9.474146 1.5371244 0.621355 3.7479749 4.3328247
1.951334 9.47654 2.0854135 -4.6636453 2.627975 1.252825
1.6807809 9.26345 2.4684973 -10.053645 -0.277025 -5.117175
2.0447106 9.150918 2.4086404 -11.348645 -3.112025 -3.157175
2.2745612 9.153313 2.2554069 -8.408645 -4.0220246 3.7728252
3.0742488 9.330489 2.4277947 -5.993645 -0.697025 8.357825
2.9114382 9.402317 2.545114 -6.238645 -1.2920251 9.092825
2.1404817 9.332883 2.5834224 -3.0536451 -6.997025 2.1978252
1.8962656 9.179649 2.5906053 2.301355 -8.397025 -5.467175
2.185973 9.091062 2.595394 4.6463547 -4.862025 -4.3121753
2.762993 9.27542 2.482863 3.5613549 0.037975002 1.6728251
2.640885 9.311335 2.4445546 3.526355 1.6129751 3.7028248
2.2434354 9.354432 2.4589202 5.871355 -1.9220251 -1.967175
2.3200524 9.277815 2.343995 7.6213555 -0.662025 -2.1771748
2.47568 9.201198 2.2147043 7.4813557 3.012975 0.167825
2.300898 9.246689 2.0662591 6.746355 3.677975 -0.357175
2.2338583 9.244295 1.9321798 5.8013554 2.032975 -0.952175
2.430189 9.244295 1.9441512 3.246355 2.1029751 1.112825
2.456526 9.244295 2.0231621 1.076355 3.222975 2.057825
2.4014575 9.222747 2.2075214 0.20135501 2.1029751 1.637825
2.5068057 9.318518 2.1045675 1.3213551 0.632975 1.4978249
2.6001825 9.399923 1.9585168 3.036355 0.037975002 2.302825
2.4158232 9.294575 1.9992194 3.316355 -0.17202501 1.3578249
2.2530127 9.313729 1.9896424 2.616355 0.42297503 0.062825
2.4445546 9.342461 1.8555629 2.616355 0.45797503 0.762825
2.5546913 9.3280945 1.9369683 1.8813549 -0.662025 2.407825
2.3416007 9.12937 2.1213274 0.16635501 -0.697025 1.8478248
2.370332 9.088667 2.0949905 0.23635502 -0.45202503 0.832825
2.5834224 9.119793 2.0542877 1.531355 -1.1170249 2.127825
2.4996228 9.14613 2.1404817 1.8113551 -1.0470251 3.002825
2.3799093 9.256267 2.1117504 2.161355 -1.187025 1.952825
2.5427198 9.3831625 1.960911 3.1763551 -0.942025 1.8828251
2.5642684 9.395134 2.1021733 2.721355 -2.097025 2.757825
2.4158232 9.3280945 2.2003386 0.796355 -3.4970248 2.1978252
2.5594797 9.316123 2.1213274 0.621355 -2.2720249 2.0228252
2.7725701 9.447808 1.9537282 2.056355 -1.642025 2.967825
2.6935592 9.423865 2.0710478 2.091355 -2.762025 2.757825
2.4684973 9.294575 2.2434354 -0.008645 -2.797025 0.762825
2.4852571 9.201198 2.1141446 -0.35864502 -1.1520251 -0.042175002
2.5379312 9.227535 2.011191 1.566355 -0.17202501 0.62282497
2.5475085 9.304152 1.9561225 2.5463552 0.142975 1.007825
2.5642684 9.301758 1.9537282 1.9163549 0.317975 0.657825
2.5906053 9.296969 1.9656997 1.1113551 0.45797503 0.482825
2.3368123 9.294575 2.1189332 0.516355 -0.87202495 0.237825
2.4421604 9.253872 2.1237218 -0.218645 -2.237025 -0.74217504
2.7821474 9.237112 2.0327394 -0.42864498 -1.0470251 0.62282497
2.6241252 9.347249 1.9896424 0.131355 -0.382025 2.442825
2.4254005 9.323306 2.1716073 0.446355 -1.5020251 0.51782495
2.49244 9.244295 2.2194927 -0.673645 -1.187025 -1.442175
2.7222905 9.270632 1.9656997 1.181355 1.227975 1.567825
2.7558103 9.282603 1.7119064 2.511355 1.087975 1.0778251
2.5115943 9.217958 1.8723229 0.23635502 0.702975 -0.882175
