1.3072741 9.37598 1.1229149 0.89456505 6.79987 -2.124185
2.0973847 9.289786 1.0486923 1.174565 5.36487 -0.68918496
2.5834224 9.787795 1.1300977 -0.12043501 -4.08513 11.350816
2.640885 9.909904 1.1061549 -2.745435 0.74487 17.300814
2.3368123 9.838076 1.1229149 -5.195435 8.19987 16.565817
1.9537282 9.761458 0.9505271 -3.935435 6.6948705 10.020816
1.7693691 9.651321 0.679974 -0.085435 1.2698699 2.915815
2.0902019 9.715967 0.94573855 3.029565 -0.48013002 -0.199185
2.1452703 9.771035 0.95531565 1.279565 -0.16513 0.74581504
1.934574 9.804555 1.0846065 -3.8304355 -0.55013 2.950815
2.0231621 9.694419 1.3192455 -6.1404347 -1.18013 2.6358151
2.1309047 9.557945 1.2905141 -7.1904345 -0.79513 0.500815
2.011191 9.62259 1.0606637 -6.735435 -1.2501299 0.395815
2.0159793 9.538791 0.8044763 -1.8704349 -2.40513 1.515815
1.8866886 9.261055 0.6464542 4.639565 -4.89013 1.165815
1.6664152 8.952193 0.6560313 8.034565 -6.8151298 1.5508151
1.2641771 8.605023 0.68236834 7.439565 -8.635131 2.7058148
1.1420691 8.305739 0.72785956 5.269565 -11.330131 4.490815
1.0486923 7.788576 1.2689656 3.519565 -14.02513 7.395815
1.0654523 7.1397276 2.988055 1.9095651 -20.04513 13.275815
1.6089526 6.1484976 4.3192716 -4.985435 -26.52013 20.940815
1.3288225 5.2434616 5.89231 -16.325434 -29.42513 28.780815
0.45491222 6.057515 7.3312693 -26.160435 -25.71513 38.405815
1.2665714 6.56989 7.676045 -21.015434 -17.14013 55.485813
2.7390504 6.9457912 7.1732473 -4.2504354 -5.5201297 73.05582
3.6440864 7.699988 7.573091 13.249565 10.54487 92.55081
4.522785 8.269825 7.283384 25.674566 22.09487 101.79082
5.463735 9.107821 6.1077952 40.199562 29.094872 102.63081
5.5619006 9.613013 4.1349125 56.264565 44.38987 100.77582
6.201172 9.536397 4.3240604 66.69457 67.59487 97.66082
7.1971903 9.871595 4.8843207 57.594566 87.36987 95.07081
8.020821 9.634562 4.745453 39.499565 97.48487 93.81082
8.518829 9.907509 4.659259 41.249565 103.329865 89.19082
10.221159 10.726351 3.9050622 61.584564 105.21987 83.765816
11.322526 10.836488 2.0159793 90.80956 99.51487 77.990814
10.36721 10.520444 1.1061549 120.52456 91.464874 69.170815
9.002473 10.060742 0.42618093 138.44456 85.23487 48.415817
9.636956 10.465375 0.6177229 141.45457 88.38487 21.885815
11.004087 10.206794 0.34477556 133.68456 91.674866 9.390815
10.769448 9.39274 -0.36392978 116.07957 88.24487 11.000815
9.119793 9.165284 -0.5219519 119.57957 86.879875 -8.459185
9.574705 9.457385 -0.3974496 119.19457 81.699875 -25.119184
11.657724 9.4932995 -1.0534809 115.20457 73.78987 -24.874186
12.586702 8.897125 -2.257801 109.84956 71.58487 -23.964186
11.265063 7.850827 -2.997632 98.57957 82.85487 -39.189186
9.60583 7.7933645 -1.9273912 79.36456 88.55987 -66.69918
9.052753 7.755056 -2.2434354 63.054565 88.83987 -86.29919
9.624985 7.7742105 -3.6991546 63.12457 83.519875 -84.79419
9.167678 7.922655 -4.7550297 69.28456 86.214874 -77.899185
8.449396 8.10462 -4.592219 66.13456 84.95487 -83.91919
8.22194 8.265037 -4.338426 59.414566 69.90488 -96.939186
8.061523 8.13814 -5.29853 58.399567 48.58987 -105.234184
7.8197017 8.066312 -5.9665327 62.21457 39.06987 -104.11419
7.371972 8.097438 -5.707951 57.90957 36.65487 -104.32419
7.091842 8.334471 -5.360781 46.709568 26.119871 -111.219185
6.672844 7.9322324 -5.7654138 42.684563 8.93487 -117.51918
5.7199225 7.85801 -6.3113084 48.844566 -5.34513 -118.60419
5.6504884 7.7694216 -6.352011 53.219563 -16.545132 -120.914185
4.8412237 7.2809896 -6.177229 49.229565 -27.29013 -119.689186
4.1756153 7.5252056 -5.681614 42.719566 -40.45013 -118.32419
3.902668 7.1397276 -5.6361227 39.114567 -54.80013 -118.56919
2.7749646 7.0559278 -5.62894 48.599567 -87.91013 -115.69918
2.3535721 6.902694 -5.547535 49.264565 -98.060135 -114.68419
1.7573977 6.4597535 -5.0184 40.934563 -106.495125 -110.204185
1.3743137 6.280183 -3.6632404 30.574566 -119.58514 -105.93419
1.1636176 5.8827333 -3.1365 29.349566 -131.66014 -98.58418
-0.076616794 5.681614 -3.3735332 38.099567 -137.01514 -94.66419
-1.0343267 5.9665327 -3.100586 45.134567 -140.06013 -92.28418
-0.44054657 5.9258304 -2.7342618 43.139565 -148.67014 -83.53418
-0.5913859 5.609786 -3.2777622 40.47957 -150.35013 -71.45919
-2.0064023 5.2841644 -3.4094474 36.489567 -142.65013 -67.92419
-2.7055306 4.9800916 -2.473286 22.874565 -144.01514 -71.844185
-3.2777622 5.2075477 -1.0702409 7.7195654 -148.88013 -73.454185
-3.110163 4.965726 -0.82123625 4.709565 -150.94513 -65.859184
-3.387899 5.032766 -1.4245936 13.984565 -144.64513 -54.904186
-3.7877429 4.905869 -1.4198049 18.674566 -136.59512 -49.829185
-3.7877429 4.747847 -0.92658436 13.039565 -134.70512 -48.28919
-4.235472 4.7167215 -0.60335726 6.109565 -137.33014 -48.499187
-4.8555894 4.7741838 -0.51955765 2.889565 -135.44012 -44.544186
-4.843618 4.786155 -0.31365 0.40456498 -129.35014 -38.349186
-4.355186 4.8220696 0.14365649 -3.060435 -127.495125 -32.57419
-4.3264546 4.575459 0.26337022 -4.9154353 -128.72014 -27.989187
-5.334444 4.1851926 0.41420954 -4.530435 -130.82013 -30.789188
-5.9641385 3.921822 0.83081335 -4.670435 -133.44513 -38.139187
-6.3567996 3.7638 1.7190893 -9.290435 -136.07013 -34.639183
-5.672037 3.45015 2.2625897 -13.560434 -134.81013 -18.679184
-5.6983743 3.737463 2.4493432 -10.585436 -128.05513 -3.7341847
-6.4142623 4.355186 2.6360965 0.019565 -128.75513 2.250815
-5.549929 3.8978794 2.9952378 13.389565 -131.17012 3.440815
-4.4461684 3.6536634 3.100586 21.019566 -133.48013 11.455815
-4.652076 4.4677167 3.1963568 24.169565 -132.50012 23.880816
-6.2107487 5.403878 3.4286015 18.779566 -120.84513 34.870815
-5.420638 5.106988 3.7422516 3.694565 -98.060135 40.470818
-4.166038 4.09421 4.067873 -11.740436 -84.69013 48.205814
-5.521198 4.417437 5.130931 -20.910435 -80.24513 61.05081
-6.0000525 4.9609375 6.0886407 -27.525434 -75.170135 60.17582
-3.7925313 5.2314906 6.141315 -32.04044 -69.675125 56.885815
-2.3631492 5.8659735 5.3631754 -1.170435 -72.51013 85.20082
-3.0215747 6.395108 5.054314 7.2645655 -79.12512 81.63082
-3.816474 6.814106 6.2490573 -4.2504354 -81.50513 75.40082
-2.5666625 6.1317377 7.084659 -18.110435 -77.76013 81.280815
-1.8435916 6.203566 7.290567 -16.185434 -71.18013 92.655815
-1.4772675 6.6632667 7.6281595 -6.8404355 -70.72513 95.140816
-0.8930645 6.811712 8.279403 -0.99543506 -77.27013 94.16082
-0.8571504 7.2785954 8.554744 2.609565 -74.99513 94.545815
-0.8475733 7.7311134 8.561927 10.169565 -61.13513 98.88581
0.026337024 7.5252056 9.225141 15.524566 -51.82513 102.38582
0.9864412 7.8699813 9.378374 20.144566 -48.64013 103.15582
0.15083931 8.4230585 9.148524 32.814568 -44.16013 102.280815
0.7948992 7.9418097 9.234718 44.014565 -31.525131 100.46082
2.0231621 7.2594414 8.844451 47.864567 -21.060131 104.06581
2.5522969 7.881953 8.329682 53.60457 -12.83513 110.33081
2.5858169 9.560339 7.745479 58.889565 -4.43513 109.03581
3.2011454 9.026416 6.5220046 61.40956 13.729871 109.70081
3.3208592 7.9585695 5.4709177 60.11457 31.26487 107.21581
2.5068057 8.739103 5.150085 53.919567 39.384872 97.66082
2.8252442 9.514848 5.9114647 43.104565 41.83487 94.86082
4.084633 8.18842 5.384724 35.509567 47.95987 102.560814
5.585843 7.8197017 4.846012 41.14457 47.88987 104.66081
5.339233 8.882759 4.1253357 54.16457 47.08487 97.170815
5.31529 9.58907 3.840417 62.494564 48.239872 92.795815
6.1461034 8.968953 4.0894213 59.869564 58.56487 94.82582
6.9745226 9.253872 3.9960446 51.92457 62.37987 92.34082
7.699988 10.199611 2.8276386 54.16457 60.03487 84.780815
7.18043 10.295382 1.5131817 65.57456 64.58487 76.48582
6.7997403 9.201198 1.7190893 68.02457 76.69487 67.31581
6.5387645 9.450203 2.2458298 52.72956 77.63988 57.305813
7.458166 10.601849 1.5059988 39.499565 66.82487 49.290817
7.6113997 9.653716 0.11971374 43.104565 66.19488 50.550816
6.7470665 8.55235 0.3615355 48.144566 72.35487 48.520813
5.607392 10.08708 1.2857256 37.434566 64.479866 30.285816
6.6153812 10.879584 0.04070267 24.274565 46.83987 13.800815
6.962551 9.921875 -0.89545876 22.069565 46.87487 18.630816
5.62894 9.634562 1.5203645 7.6845646 54.92487 23.670816
5.3895125 10.156514 2.3032923 -14.960435 33.46987 -5.519185
6.5794673 11.004087 0.70631105 22.069565 17.29987 -4.574185
7.1588817 10.292988 -1.664021 60.429565 15.024871 -4.539185
6.0000525 9.890749 -2.1117504 71.48956 12.88987 -20.604185
4.312089 9.75667 -1.6328955 61.199566 6.34487 -40.729187
3.9673133 10.142148 -1.515576 49.194565 -2.93013 -44.299183
4.6640472 10.094262 -1.9920366 44.714565 -9.12513 -30.964188
4.7598186 9.775824 -2.300898 44.294567 -7.86513 -19.834187
4.355186 9.591465 -1.4389591 41.529564 -5.94013 -21.164185
3.4286015 9.93624 -1.4652961 39.429565 -10.35013 -29.914183
3.45015 9.766247 -2.0590763 41.459564 -4.57513 -32.329185
2.9114382 9.229929 -1.9992194 37.364567 9.49487 -21.864185
2.8084843 9.016839 -1.0702409 19.374565 13.414869 -11.714185
3.1843855 8.964165 -0.66800267 1.804565 5.5048704 -11.049185
3.294522 8.705584 -0.56744313 -2.8504353 0.35987 -9.369185
3.2035396 8.71516 0.11492519 -3.795435 0.25487 -4.364185
3.1508656 8.530801 0.8236305 -8.030436 -1.9851301 -2.684185
3.4046588 8.444607 0.71828246 -6.875435 -3.66513 -2.4391851
3.3998702 8.521224 0.45491222 0.9295651 -3.24513 -0.164185
3.1676257 8.775017 0.4956149 6.8795652 -2.86013 0.500815
3.1676257 8.8085375 0.28252444 6.9845653 -1.8101301 0.535815
3.2610023 8.839663 0.18914771 6.249565 -3.5601301 1.935815
3.2777622 8.954588 0.13647367 6.494565 -8.39013 0.81581503
3.2801564 9.107821 0.5865973 2.924565 -9.545131 -0.094185
3.2202997 8.964165 0.9960183 -6.945435 -6.92013 3.090815
3.4621215 9.088667 1.3096683 -14.365435 -4.43513 5.365815
3.605778 9.296969 1.1468576 -12.405436 -5.2401295 5.785815
3.440573 9.294575 0.9241901 -4.1454353 -3.5601301 6.695815
3.476487 9.416683 1.036721 1.454565 -0.37513 7.185815
3.677606 9.569917 1.1492519 1.419565 -3.14013 5.470815
3.7350688 9.517242 0.9864412 0.124565 -4.78513 4.0358152
3.6704233 9.289786 1.1037607 -0.47043505 -1.7401301 4.9108152
3.5267668 9.189227 1.4174107 -2.745435 0.07987 5.1558146
3.459727 9.205987 1.4174107 -4.0404353 -1.84513 2.8108149
3.6584518 9.091062 1.0391153 0.124565 -0.65512997 2.530815
4.0726614 9.256267 0.63208854 5.514565 4.2098703 6.170815
3.912245 9.486116 0.68715686 5.024565 5.01487 3.230815
3.6967604 9.39274 0.49800915 3.3795652 4.8048697 -1.704185
3.4238129 9.143736 0.5506832 1.419565 4.27987 -3.454185
3.2993107 9.213169 0.8356019 -2.2554352 3.50987 -3.314185
3.6081722 9.2419 0.9241901 -3.550435 1.75987 -0.9341849
3.842811 9.196409 0.7110996 -1.240435 1.16487 1.130815
3.8835137 9.268238 0.44533512 2.714565 2.45987 0.710815
3.7829542 9.191621 0.3974496 3.904565 1.2698699 -2.4391851
3.354379 9.088667 0.6943397 0.964565 0.88487 -5.939185
3.2538195 8.875577 0.7733508 -3.130435 2.14487 -5.309185
3.4956412 8.810931 0.7853221 -4.1454353 2.6348698 -1.459185
3.7398572 8.818114 0.8547561 -3.305435 1.54987 1.2008151
3.7302802 8.827691 0.87151605 -1.275435 0.67487 0.500815
3.545921 8.751075 0.85954463 -0.50543493 1.4448701 -0.304185
3.4716985 8.746285 0.7326481 -1.380435 4.2448697 1.445815
3.4214187 8.870789 0.9912298 -2.9904351 5.04987 3.545815
3.5315554 9.103033 1.0798179 -4.5654354 3.36987 3.9308152
3.5890179 9.301758 0.9385557 -2.8854349 2.3898702 3.230815
3.5794408 9.29218 0.818842 -0.19043499 1.58487 1.760815
3.4573328 9.225141 0.81165916 -0.26043501 1.58487 -0.339185
3.4908526 9.189227 1.0151725 -2.6754348 2.1098702 -1.284185
3.668029 9.208381 1.0654523 -3.900435 0.84986997 -0.54918504
3.7398572 9.304152 0.90503585 -2.2554352 0.044869997 0.710815
3.6129606 9.215564 0.7829279 0.71956503 1.19987 0.67581505
3.45015 9.158101 0.8236305 1.804565 2.73987 -0.44418502
3.512401 9.115005 0.80208206 1.594565 2.6348698 -0.899185
3.6512692 9.059936 0.7039168 2.329565 2.49487 0.290815
3.7111259 9.038387 0.71828246 3.2395651 2.2148697 1.165815
3.5507095 8.968953 0.84996754 3.099565 1.0948701 0.36081502
3.3855045 8.904308 0.7350424 3.694565 0.95487005 -1.284185
