1.42 8.54 -1.11 2.291831 -11.459155 0.57295775
1.0 8.16 -0.26 -4.0107045 -19.480566 1.1459155
1.15 8.11 -0.59999996 2.291831 -1.1459155 18.334648
2.34 7.8399997 -1.23 0.0 0.57295775 21.199438
2.29 7.73 -1.18 -5.15662 0.57295775 19.480566
1.87 7.0099998 -0.55 -20.053522 -6.8754935 12.032113
1.61 6.3599997 1.02 -24.637184 -8.594366 14.323945
1.8399999 6.35 0.55 -17.188732 -4.0107045 22.91831
1.39 6.0299997 0.26999998 -15.469859 5.7295775 32.658592
1.74 6.12 1.42 -25.7831 11.459155 38.38817
2.4299998 6.37 3.3 -41.825916 12.605071 49.84733
3.85 6.6299996 2.49 -1.7188734 -2.8647888 52.139156
4.04 5.65 0.52 21.772396 1.7188734 51.5662
2.6599998 6.2999997 2.5 -6.3025355 21.772396 48.701412
2.6599998 6.2999997 2.5 -32.085636 28.07493 56.14986
4.47 5.96 6.7 -48.128452 34.950428 77.349304
7.0099998 5.95 4.4 14.896902 24.064226 77.349304
7.0099998 5.95 4.4 30.939718 29.793804 72.19268
6.0499997 6.8199997 3.9099998 25.7831 48.128452 69.32789
7.56 7.62 5.35 -12.605071 67.03606 92.24621
8.41 8.33 4.25 -5.15662 77.349304 94.53803
8.83 9.61 4.7599998 -1.7188734 79.641136 93.96508
9.5199995 10.32 4.8199997 0.57295775 79.641136 93.96508
10.23 11.95 4.69 22.345354 134.07211 112.87268
10.24 12.13 3.75 26.356058 156.99043 128.9155
10.24 12.54 3.8999999 25.210142 152.97972 110.58085
9.62 12.79 4.15 26.929016 118.029305 60.733524
9.0199995 11.809999 5.0099998 26.929016 115.16451 50.993244
9.889999 11.59 5.19 36.09634 130.63437 42.398876
10.42 11.92 4.46 45.83662 131.78029 42.398876
10.79 12.41 2.83 73.91155 127.19663 33.231552
9.809999 13.099999 1.14 91.67324 116.31043 12.605071
10.01 12.759999 0.96999997 81.36001 116.31043 -6.3025355
8.7699995 12.5199995 4.44 38.961132 126.62367 -22.91831
8.58 12.87 4.2 42.398876 128.9155 -24.064226
9.23 13.219999 1.8199999 72.19268 123.18592 -24.637184
9.2 13.45 1.16 76.77634 110.58085 -41.825916
9.2 13.45 1.16 67.60902 105.997185 -50.420284
8.75 13.84 2.04 57.868736 103.70536 -57.868736
8.96 13.74 2.8799999 52.139156 105.997185 -64.17127
7.19 14.32 4.2 72.76564 100.26762 -85.37071
9.969999 14.719999 0.02 110.0079 79.06818 -81.36001
9.96 14.25 -2.07 96.256905 83.65183 -95.11099
9.45 13.429999 -1.06 96.256905 83.65183 -95.11099
8.26 11.7699995 0.76 42.398876 99.1217 -117.456345
7.22 10.76 -0.97999996 48.701412 80.21409 -134.64508
6.5499997 9.889999 -1.89 58.441692 80.78705 -134.07211
6.3399997 9.46 -2.0 56.14986 83.65183 -132.35324
5.6299996 8.809999 -2.54 70.47381 59.58761 -128.34254
5.35 9.099999 -3.4199998 83.07887 41.25296 -130.63437
5.67 8.78 -5.91 88.80846 22.345354 -134.07211
3.78 7.3599997 -4.19 45.83662 36.09634 -140.37466
3.37 6.7 -3.23 41.25296 33.80451 -141.52058
2.59 5.73 -2.57 62.4524 14.896902 -135.79099
2.74 5.45 -4.02 82.50592 -2.291831 -134.07211
1.0699999 4.66 -6.7999997 123.75887 -36.669296 -136.9369
-0.62 4.25 -6.04 104.85127 -35.523384 -136.36395
-2.44 3.6299999 -4.5 97.97578 -50.420284 -109.43494
-2.05 3.6899998 -5.89 106.57015 -65.890144 -99.1217
-1.81 3.8 -6.6 113.44564 -81.93296 -88.80846
-2.28 4.29 -5.08 93.39212 -101.98649 -76.203384
-2.28 4.29 -5.08 93.39212 -101.98649 -76.203384
-3.46 3.27 -3.33 81.93296 -104.85127 -61.879436
-3.52 3.28 -3.4399998 89.38142 -113.44564 -58.441692
-3.8999999 3.27 -4.48 105.997185 -134.07211 -46.40958
-3.6899998 3.1 -3.5 93.39212 -145.53128 -33.231552
-3.73 2.83 -3.56 87.662544 -142.66649 -29.220846
-5.23 2.47 -3.4199998 80.21409 -132.35324 -18.334648
-5.5099998 3.0 -3.3799999 71.04677 -132.35324 -2.291831
-3.8899999 3.1399999 -2.4299998 61.30648 -149.54198 20.053522
-3.8999999 3.6899998 -1.7199999 51.5662 -151.8338 29.793804
-4.11 3.8 -2.48 44.11775 -136.36395 33.231552
-4.56 3.8899999 -1.12 18.907606 -124.33183 40.680004
-4.37 3.99 -0.52 9.167324 -119.74818 45.83662
-3.4299998 4.0 -0.17 5.15662 -119.74818 52.139156
-3.85 4.79 1.66 2.8647888 -126.62367 60.160564
-3.37 5.47 2.44 9.167324 -122.61296 65.317184
-1.5999999 5.42 -0.39999998 32.085636 -116.31043 75.057465
-1.63 5.2 -1.05 40.680004 -105.997185 81.36001
-3.09 4.98 0.96 5.15662 -88.80846 76.77634
-2.57 5.42 2.74 -6.3025355 -94.53803 88.2355
-1.79 6.42 1.3 11.459155 -99.69466 105.997185
0.12 6.97 1.3 -11.459155 -81.36001 114.59156
0.58 7.71 3.61 -32.658592 -71.61973 106.57015
1.4 8.13 4.2999997 -17.188732 -72.76564 107.143105
0.22 8.15 3.08 -2.291831 -57.29578 96.829865
0.0 8.08 3.54 -5.7295775 -48.128452 95.11099
2.1599998 8.79 4.52 -16.615776 -50.993244 104.27831
3.78 8.57 4.25 -18.334648 -56.72282 112.29972
1.9 8.51 3.09 -18.334648 -48.128452 112.87268
0.19999999 9.45 4.7999997 -32.085636 -10.31324 91.10028
3.3799999 9.59 3.52 -18.334648 -14.323945 99.1217
3.4299998 10.15 2.36 0.57295775 -11.459155 101.98649
3.4299998 10.15 2.36 0.57295775 -11.459155 101.98649
1.64 10.96 4.11 -14.896902 -3.4377468 87.089584
4.19 11.5 4.5499997 -20.62648 -18.907606 99.69466
4.95 11.38 2.22 -9.740283 -12.032113 97.97578
2.9199998 11.599999 4.91 -46.98254 13.750987 80.21409
2.37 12.05 5.66 -55.00395 20.62648 72.76564
2.97 12.309999 5.67 -48.701412 18.907606 71.04677
4.2799997 12.099999 2.25 -4.0107045 -5.15662 84.79775
3.6699998 12.84 4.13 -24.637184 0.57295775 74.48451
4.0299997 13.15 4.7 -26.356058 1.7188734 72.19268
5.14 12.99 2.82 4.0107045 -2.291831 68.18198
4.7 12.94 2.4099998 9.740283 0.0 62.4524
4.8399997 12.67 3.03 8.594366 6.8754935 52.139156
4.7599998 13.12 1.5 17.188732 0.0 46.98254
4.96 13.08 0.099999994 25.210142 0.0 44.11775
5.37 12.349999 -0.48999998 -17.188732 5.15662 28.07493
5.2999997 12.15 0.71999997 -17.188732 5.15662 28.07493
4.5499997 11.82 3.56 -37.242256 6.8754935 17.761692
4.83 11.61 2.44 -14.323945 7.448451 18.334648
4.98 11.509999 1.49 5.7295775 2.291831 15.469859
4.93 11.3 1.9399999 0.57295775 4.583662 8.021409
4.49 10.88 2.22 -5.15662 5.7295775 0.57295775
4.5899997 10.309999 2.12 -1.1459155 4.583662 -2.291831
4.3399997 9.809999 1.5899999 5.15662 4.0107045 -5.15662
3.86 9.599999 1.41 6.3025355 9.740283 -8.594366
3.9499998 9.41 1.75 0.0 10.31324 -5.7295775
4.41 9.309999 1.8299999 -2.291831 7.448451 -4.0107045
4.2 9.03 1.27 5.15662 4.0107045 -6.3025355
4.11 8.7699995 0.94 8.594366 1.7188734 -9.740283
3.9599998 8.73 1.04 1.7188734 0.57295775 -10.886198
3.4499998 8.559999 1.87 -5.7295775 4.583662 -10.31324
3.3999999 8.45 2.1299999 -6.8754935 5.7295775 -8.021409
3.33 8.49 2.51 -1.1459155 2.291831 -4.0107045
3.8999999 8.94 1.65 17.188732 -1.1459155 -0.57295775
3.9499998 8.87 0.45999998 20.62648 -3.4377468 -4.583662
3.55 8.79 0.78 12.032113 -2.291831 -6.3025355
3.26 8.95 1.3299999 2.291831 0.57295775 -7.448451
3.26 9.04 2.1599998 -4.583662 3.4377468 -4.0107045
3.76 9.09 1.66 2.8647888 -1.7188734 0.0
3.78 9.03 1.0699999 6.3025355 -2.8647888 -0.57295775
3.6799998 8.97 1.4399999 2.291831 -1.7188734 -1.7188734
3.48 8.92 1.9 -8.021409 -1.7188734 -4.583662
3.4299998 8.79 2.04 -6.8754935 0.0 -1.7188734
3.32 8.59 1.8299999 -0.57295775 0.0 1.1459155
3.46 8.54 1.76 0.57295775 -1.1459155 3.4377468
3.74 8.559999 1.54 0.0 -2.291831 5.15662
3.7099998 8.889999 1.38 -0.57295775 -0.57295775 5.15662
3.55 9.0199995 1.55 -5.15662 1.7188734 1.7188734
3.61 9.0 2.03 -6.3025355 0.57295775 0.0
3.5 8.929999 1.78 4.583662 -6.8754935 0.0
3.52 8.94 1.7099999 7.448451 -5.7295775 0.57295775
3.51 9.16 1.48 7.448451 -1.7188734 2.8647888
3.8799999 9.44 1.43 3.4377468 0.0 3.4377468
3.8799999 9.44 1.37 1.1459155 -1.1459155 2.8647888
3.85 9.2 1.56 -2.8647888 -2.8647888 0.0
3.6599998 9.09 1.9499999 -6.3025355 -3.4377468 -2.291831
3.4099998 9.17 1.9499999 -5.7295775 -2.291831 -2.8647888
3.74 9.16 2.22 -6.3025355 2.8647888 0.0
3.83 9.05 2.37 -3.4377468 4.583662 0.0
3.8799999 8.889999 1.8199999 6.3025355 0.57295775 -0.57295775
3.6899998 8.87 1.14 13.750987 -3.4377468 -2.291831
3.46 8.99 1.02 4.0107045 -0.57295775 -4.0107045
3.25 9.01 1.4 -9.740283 6.8754935 -4.583662
3.59 9.03 1.8499999 -15.469859 8.594366 -2.8647888
3.72 9.03 2.31 -16.615776 1.7188734 -1.7188734
3.81 8.94 2.85 -13.750987 0.57295775 -2.291831
3.4099998 8.95 2.25 6.3025355 -0.57295775 -6.3025355
3.1899998 8.96 1.5 12.032113 0.57295775 -5.15662
3.25 9.0 1.38 4.583662 2.8647888 -1.7188734
3.61 8.96 1.68 -1.7188734 4.583662 2.8647888
3.74 9.0 1.88 0.57295775 -1.1459155 2.291831
3.6299999 9.19 1.62 6.8754935 -3.4377468 0.0
3.55 9.17 1.25 4.0107045 -2.8647888 0.0
3.46 9.099999 1.8399999 -6.8754935 1.7188734 0.57295775
3.61 9.2 2.61 0.0 -3.4377468 2.291831
3.6999998 9.28 2.47 6.3025355 -4.0107045 1.7188734
3.81 9.21 1.8199999 8.594366 -0.57295775 -0.57295775
3.6299999 9.12 1.26 6.3025355 0.57295775 -1.7188734
3.6299999 9.03 1.81 -4.0107045 1.7188734 -1.7188734
3.4199998 9.05 2.04 -8.594366 2.291831 -2.291831
3.52 9.0199995 2.1599998 -3.4377468 1.7188734 -0.57295775
3.6599998 8.98 1.79 6.3025355 -0.57295775 -0.57295775
3.53 9.0199995 1.3299999 6.8754935 0.57295775 -0.57295775
3.3899999 9.09 1.79 -2.291831 0.0 0.0
3.56 9.0199995 1.74 1.7188734 -2.8647888 0.0
3.56 9.0199995 1.74 1.7188734 -2.8647888 0.0
3.6799998 9.05 1.73 3.4377468 -1.7188734 0.0
3.6799998 9.2 1.7199999 1.1459155 -0.57295775 -0.57295775
3.47 9.059999 1.48 1.1459155 -1.7188734 -1.7188734
3.29 8.99 1.5699999 -1.7188734 -0.57295775 -1.1459155
3.73 9.01 2.18 -1.7188734 0.0 1.1459155
3.7099998 9.08 2.03 0.57295775 0.0 1.1459155
3.6 9.2 1.65 5.15662 0.0 -0.57295775
3.49 9.04 1.42 0.0 -0.57295775 -1.1459155
3.49 9.08 1.76 -4.0107045 -0.57295775 -0.57295775
3.57 8.91 2.04 -2.291831 0.0 -1.1459155
3.36 9.01 1.62 1.1459155 1.1459155 -1.1459155
3.37 8.98 1.5799999 0.57295775 1.1459155 0.0
3.8999999 9.24 1.81 -1.1459155 0.0 1.1459155
3.8799999 9.29 1.41 -0.57295775 -0.57295775 -0.57295775
3.6499999 9.15 1.38 -3.4377468 0.57295775 -6.3025355
3.05 9.08 2.4299998 -13.750987 6.3025355 -12.032113
2.99 8.94 2.81 -16.615776 8.594366 -12.605071
3.1499999 8.889999 2.6399999 -9.167324 4.583662 -6.3025355
3.36 9.03 1.4699999 8.594366 0.57295775 -0.57295775
3.53 9.08 1.39 7.448451 1.7188734 0.0
3.6699998 9.12 1.81 -1.7188734 3.4377468 0.57295775
3.23 9.04 2.21 -6.3025355 0.57295775 -4.0107045
3.29 8.96 2.28 -0.57295775 -0.57295775 -1.7188734
3.35 9.0199995 2.01 4.583662 0.0 0.0
3.3799999 9.11 1.87 6.3025355 0.57295775 0.57295775
3.3899999 9.2 1.52 5.7295775 0.57295775 1.7188734
3.52 9.16 1.75 0.0 2.291831 2.291831
3.55 9.139999 1.88 -2.291831 2.291831 1.7188734
3.46 9.08 1.67 -1.7188734 0.0 0.0
3.34 8.96 1.78 -5.15662 0.0 -1.1459155
