-0.35 9.559999 -0.39 31.51268 -16.042818 -21.199438
-0.48999998 9.29 -1.05 17.188732 -38.38817 -12.605071
0.11 8.929999 -1.09 6.3025355 -38.961132 0.0
0.59999996 8.65 -1.31 3.4377468 -34.377464 3.4377468
0.88 7.7799997 -1.61 9.167324 -28.64789 1.1459155
0.32999998 7.5099998 -1.89 13.750987 -27.501974 -2.8647888
-0.21 7.18 -2.1399999 20.053522 -23.49127 -10.31324
0.04 6.47 -2.29 16.615776 -20.053522 -5.7295775
0.01 5.5099998 -2.32 5.7295775 -19.480566 4.583662
-0.39 5.0 -1.1899999 -4.0107045 -21.772396 12.032113
0.29 4.41 -1.43 2.291831 -32.658592 21.772396
0.58 4.04 -1.6899999 5.7295775 -38.38817 28.07493
1.0699999 3.55 -0.89 5.15662 -41.25296 38.38817
1.1 3.74 0.51 -3.4377468 -40.107044 48.128452
1.27 4.14 1.9499999 -7.448451 -41.25296 60.733524
1.9799999 3.6599998 2.05 2.8647888 -30.939718 88.80846
3.0 3.8899999 2.3999999 5.7295775 -24.637184 99.69466
3.85 5.5499997 3.79 4.0107045 -20.62648 113.44564
5.9 7.5299997 4.54 -9.167324 -29.793804 127.76959
6.72 10.639999 5.44 -32.085636 -15.469859 118.029305
6.5 10.54 6.62 -48.128452 1.1459155 113.44564
6.41 10.389999 8.16 -75.630424 14.323945 117.456345
7.45 11.62 9.55 -77.922264 21.199438 125.47776
8.059999 12.12 9.36 -65.890144 26.929016 128.34254
8.72 13.009999 7.8599997 -31.51268 44.11775 122.04
8.389999 12.29 7.41 -10.31324 59.58761 108.86198
8.33 12.34 7.74 -7.448451 78.49522 103.1324
9.49 11.21 6.69 21.772396 104.27831 97.402824
9.67 10.599999 3.73 34.950428 111.15381 91.67324
8.809999 10.45 3.53 36.09634 116.31043 81.36001
9.34 10.54 4.66 19.480566 120.32113 85.37071
9.429999 10.59 5.23 16.615776 121.46705 86.516624
10.55 10.349999 4.81 36.09634 128.9155 81.93296
10.74 10.83 2.87 58.441692 138.65578 63.02536
10.29 10.86 3.1799998 48.128452 146.67719 56.14986
10.309999 11.07 2.52 57.868736 148.96902 53.285076
10.61 11.71 2.9099998 62.4524 145.53128 49.84733
10.8 11.809999 3.26 75.057465 148.96902 41.25296
10.48 12.07 2.54 92.24621 152.40677 32.085636
9.9 12.79 0.13 134.07211 149.54198 11.459155
9.91 12.96 -2.23 159.85522 144.38536 -9.167324
9.13 13.299999 -2.78 151.26085 132.92621 -26.356058
9.639999 13.5199995 -2.61 126.05072 120.32113 -38.961132
9.33 13.049999 -2.07 99.1217 100.26762 -55.00395
9.0 12.57 -0.59999996 75.630424 85.37071 -75.057465
9.08 12.059999 -0.13 65.317184 67.60902 -85.94367
9.08 11.38 0.42999998 53.858032 57.868736 -98.54874
7.98 10.92 1.24 44.11775 53.858032 -107.716064
7.83 10.58 1.09 47.555496 49.84733 -108.86198
7.96 10.719999 0.32999998 60.160564 44.69071 -111.72677
7.29 10.45 -0.48 63.598316 40.107044 -115.73747
6.29 10.2 -0.45999998 55.576904 35.523384 -115.73747
6.04 10.13 -0.88 52.712116 23.49127 -112.29972
5.5899997 9.88 -1.0799999 43.544792 13.750987 -111.15381
6.0699997 9.33 -0.90999997 37.242256 10.886198 -108.86198
6.47 8.22 -1.86 32.085636 0.0 -104.27831
4.44 7.73 -1.9499999 32.085636 -5.7295775 -112.87268
3.3999999 7.02 -1.8299999 32.658592 -0.57295775 -116.883385
2.9399998 6.3399997 -2.2 32.658592 -13.750987 -105.997185
2.86 6.0499997 -2.6299999 38.38817 -21.199438 -97.402824
1.9699999 6.3599997 -2.56 44.11775 -23.49127 -88.80846
1.75 6.1 -2.7 46.40958 -37.815212 -81.93296
1.09 7.0299997 -2.74 52.712116 -53.285076 -71.04677
0.51 7.41 -2.74 58.441692 -52.712116 -61.879436
0.56 7.5699997 -2.98 64.17127 -41.825916 -49.84733
1.92 7.72 -3.26 67.03606 -50.993244 -37.242256
2.55 7.7 -3.12 52.139156 -72.76564 -29.793804
1.8199999 6.5899997 -3.29 29.220846 -85.94367 -42.971836
0.76 6.52 -2.87 20.62648 -79.06818 -56.72282
-0.59999996 5.8599997 -2.24 22.345354 -80.21409 -56.72282
-1.26 5.54 -1.29 33.231552 -96.256905 -45.83662
-1.76 5.21 -1.93 39.53409 -104.27831 -40.680004
-2.05 5.41 -1.51 38.38817 -119.74818 -24.064226
-1.78 5.42 -0.98999995 32.085636 -130.06142 -2.291831
-0.77 5.5299997 -1.17 41.825916 -146.67719 19.480566
-0.37 5.58 -1.22 43.544792 -148.96902 21.772396
0.32999998 5.7999997 -1.17 45.83662 -142.09354 21.772396
-0.22999999 6.0299997 -1.11 50.420284 -132.92621 9.740283
-1.1899999 6.23 -1.73 49.27437 -134.64508 -1.1459155
-1.39 5.99 -1.68 37.242256 -130.63437 0.0
-1.68 6.15 -1.5 15.469859 -130.63437 8.021409
-1.52 5.79 -0.98999995 -5.15662 -122.04 21.199438
-1.16 5.69 0.08 -19.480566 -118.60226 30.366762
-1.1 5.98 1.1999999 -18.334648 -120.32113 28.64789
-1.11 6.12 0.97999996 -11.459155 -119.74818 28.07493
-1.9599999 6.1299996 0.41 5.7295775 -113.44564 29.793804
-2.23 6.41 0.65 14.896902 -108.289024 29.793804
-0.13 6.37 0.47 17.761692 -116.883385 40.107044
0.11 6.75 0.19 8.594366 -123.18592 54.43099
-0.42999998 7.44 2.1 -7.448451 -98.54874 47.555496
0.32 8.2 3.1599998 -16.042818 -91.10028 41.825916
2.8 7.48 2.95 -18.334648 -103.70536 47.555496
-1.5 7.71 3.51 -35.523384 -59.58761 28.64789
-2.6799998 8.21 4.64 -41.25296 -33.231552 22.345354
-1.56 8.15 5.02 -33.80451 -29.220846 40.107044
1.16 7.5 2.9299998 -5.15662 -59.014652 74.48451
-0.26 9.04 2.1 8.021409 -42.971836 72.76564
0.90999997 10.929999 3.76 -3.4377468 -35.523384 88.2355
2.7 10.99 3.59 -2.8647888 -42.971836 100.84057
4.02 11.639999 1.77 10.886198 -50.420284 100.26762
2.6599998 12.74 1.5799999 7.448451 -33.80451 69.900856
2.87 12.79 3.12 -18.334648 -21.199438 59.58761
3.46 12.86 3.4099998 -30.939718 -22.345354 61.30648
2.5 12.889999 3.49 -43.544792 -18.907606 53.285076
2.45 12.509999 4.13 -40.107044 -7.448451 36.669296
2.45 12.509999 4.13 -40.107044 -7.448451 36.669296
3.73 12.13 3.75 -20.62648 -19.480566 36.669296
2.8 12.21 2.8 -13.178029 -17.761692 31.51268
2.09 12.49 2.85 -1.7188734 2.8647888 16.042818
3.29 12.11 2.04 6.8754935 -1.1459155 26.356058
3.35 12.08 1.31 13.178029 -6.8754935 24.064226
2.35 12.08 1.02 12.032113 -1.7188734 12.605071
2.1599998 12.24 1.31 4.583662 3.4377468 8.594366
2.54 12.259999 1.87 0.0 -3.4377468 10.31324
3.36 11.7699995 1.49 -0.57295775 1.1459155 8.021409
3.4399998 11.49 1.5699999 -3.4377468 1.1459155 -0.57295775
3.31 11.28 1.53 -3.4377468 0.57295775 -5.15662
2.62 10.75 1.56 -1.1459155 5.7295775 -13.178029
1.92 10.219999 1.5699999 3.4377468 7.448451 -13.750987
2.02 9.75 1.55 12.605071 3.4377468 -6.8754935
2.08 9.7699995 1.42 15.469859 1.7188734 -4.0107045
2.24 9.95 1.42 17.188732 4.583662 0.0
2.3 10.05 1.43 18.334648 9.740283 4.583662
2.28 9.98 0.89 24.064226 12.032113 5.7295775
2.55 10.01 0.51 28.64789 16.615776 6.3025355
2.8 9.639999 -0.55 31.51268 16.042818 6.3025355
2.61 9.76 -0.83 25.210142 13.178029 0.0
2.29 9.84 -0.53 10.886198 6.8754935 -2.8647888
2.61 9.74 -0.11 0.57295775 2.8647888 0.0
2.61 9.639999 0.11 -5.15662 2.8647888 -0.57295775
2.6299999 9.67 -0.08 -4.583662 5.15662 -1.7188734
2.44 9.5199995 0.08 -6.3025355 4.583662 -4.0107045
2.35 9.349999 0.39999998 -7.448451 2.8647888 -4.583662
2.02 9.179999 0.59 0.57295775 1.7188734 -2.291831
2.1599998 9.48 0.89 4.0107045 0.0 -1.1459155
2.62 9.78 0.66999996 10.31324 -2.291831 4.0107045
2.82 9.87 0.39999998 12.605071 -2.291831 5.15662
2.82 10.0199995 0.02 16.042818 1.1459155 4.0107045
2.61 9.8 -0.07 9.740283 3.4377468 -1.1459155
2.4199998 9.67 0.04 2.291831 4.0107045 -4.583662
2.34 9.46 0.14999999 0.0 5.15662 -2.8647888
2.44 9.61 0.0 0.0 4.583662 -1.1459155
2.3899999 9.59 0.02 -0.57295775 4.583662 0.0
2.34 9.71 0.28 -2.8647888 6.3025355 0.0
2.55 9.719999 0.29999998 -2.291831 2.8647888 -0.57295775
2.34 9.49 0.049999997 0.0 2.8647888 -2.8647888
2.28 9.48 0.0 0.57295775 2.8647888 -4.583662
2.26 9.51 0.03 0.0 2.291831 -3.4377468
2.33 9.599999 0.17 -2.291831 4.583662 -0.57295775
2.3999999 9.57 0.08 -2.291831 5.15662 0.0
2.19 9.61 0.16 -2.291831 2.8647888 -0.57295775
2.47 9.67 0.19 -2.8647888 0.57295775 0.57295775
2.26 9.79 0.25 -4.0107045 2.291831 0.0
2.44 9.73 0.24 -3.4377468 4.583662 0.57295775
2.44 9.74 0.45999998 -3.4377468 4.0107045 -0.57295775
2.3 9.82 0.5 -1.1459155 1.1459155 -1.1459155
2.4099998 9.79 0.31 2.8647888 -1.1459155 -0.57295775
2.3999999 9.83 -0.06 2.8647888 -1.7188734 -0.57295775
2.26 9.99 0.25 -4.0107045 1.7188734 -0.57295775
2.32 9.88 0.31 -8.594366 0.0 0.0
2.3799999 9.71 0.47 -8.594366 -1.1459155 -0.57295775
2.29 9.75 0.42999998 -6.3025355 -0.57295775 -1.7188734
2.19 9.73 0.29 -5.15662 -1.1459155 -1.7188734
1.9799999 9.73 0.17 -6.3025355 0.0 0.0
2.1599998 9.84 0.26999998 -9.740283 2.8647888 3.4377468
2.69 9.86 0.71999997 -14.896902 0.57295775 5.15662
2.6399999 9.889999 0.95 -14.896902 0.0 3.4377468
2.35 9.92 0.96999997 -9.740283 -1.1459155 -1.7188734
2.19 9.73 0.84999996 -2.291831 -0.57295775 -3.4377468
2.19 9.67 0.84999996 0.0 0.0 -4.0107045
2.35 9.59 0.68 0.57295775 0.0 -4.0107045
2.1699998 9.5199995 0.66999996 0.57295775 1.7188734 -2.8647888
2.18 9.389999 0.48 2.291831 0.0 -4.0107045
2.09 9.25 0.34 2.8647888 -0.57295775 -3.4377468
2.03 9.41 0.65 -1.1459155 0.0 -3.4377468
2.11 9.38 0.83 -2.8647888 0.0 -0.57295775
