2.8252442 9.284998 1.6233183 -10.368645 -9.132026 7.2028246
2.7917244 9.352037 1.5538844 -7.9886456 -12.702025 8.217825
3.0024207 9.3831625 1.7071179 -4.6636453 -4.0920253 10.457826
3.0024207 9.342461 1.6855695 -1.8636451 -3.5670252 9.687825
2.7558103 9.244295 1.5634614 2.896355 -3.462025 7.3428254
2.6600394 9.076695 1.4245936 6.361355 -3.182025 6.607825
2.5546913 8.940222 1.2809371 7.1663547 -1.9920251 8.147825
2.413429 8.741497 1.3120626 6.431355 -1.012025 10.352825
2.5714512 8.60263 1.1013664 5.6963553 -2.132025 13.747826
2.631308 8.5331955 1.1468576 4.786355 -5.352025 16.477827
2.3272352 8.284191 1.3048798 2.1263552 -7.872025 17.527826
1.8004947 7.721536 1.2498114 0.23635502 -8.082026 21.272825
1.6927522 7.4845033 0.79250497 -1.758645 -9.307025 31.702826
3.0191805 8.171659 1.4221992 -10.193645 -16.272026 49.237827
4.5539107 8.2027855 4.6329217 -31.928648 -31.497025 67.78783
3.9673133 7.285778 6.265817 -47.18865 -41.962025 75.242836
2.5187771 6.3472223 6.141315 -31.718643 -25.897026 69.39783
2.6289136 5.9713216 5.559506 0.761355 -5.2820253 69.99282
3.294522 6.119766 5.583449 21.061356 2.172975 79.75783
4.4749 6.2490573 5.3464155 29.741356 9.942975 93.79282
5.3368387 6.577073 6.359194 30.616354 22.332975 109.22783
5.9210415 7.5491486 6.593833 32.751354 34.512978 121.40783
8.540379 8.45179 5.968927 48.291355 43.997974 128.44283
8.243488 8.353624 5.7965393 68.69636 51.032974 125.817825
6.3400397 7.3671837 5.6385174 81.786354 61.95298 105.16782
5.7558365 6.246663 5.6002088 87.91136 75.00797 94.21282
13.534836 7.6066113 4.005622 88.36635 73.99297 117.03283
13.501316 8.995291 4.802915 82.90636 67.69298 144.68282
11.075915 8.420665 5.9282246 72.79135 90.477974 119.622826
9.701602 6.3903193 7.2187386 66.14135 121.31297 85.18283
11.408719 5.3009243 7.3767605 76.92135 126.98297 85.39283
17.356098 6.7901635 4.62095 106.84636 117.112976 104.32782
16.980196 7.970541 3.205934 137.26135 113.54298 111.57283
14.415929 7.1133904 5.1021996 137.68135 138.56798 80.21283
11.997711 6.1077952 6.483696 113.076355 171.81798 39.962826
15.337725 6.65369 5.011217 113.67136 177.76797 28.657824
19.994589 7.2953553 1.5131817 143.84137 160.68797 47.557827
19.934732 6.6584783 1.802889 163.02136 146.68799 62.362823
16.017698 5.4661293 4.3168774 141.35635 159.42798 24.352825
14.370438 4.9010806 3.6225379 118.396355 180.88297 -30.107176
14.947457 4.8148866 1.0415095 176.88135 168.59798 -41.027172
16.879637 5.463735 -1.2857256 183.39136 148.89297 -32.802177
16.80302 5.5140147 -0.71588814 154.76135 125.40797 -49.707176
14.731973 5.360781 0.31125572 131.87135 119.91297 -81.59218
12.174888 4.807704 0.5650489 133.27135 121.83798 -104.62218
11.478153 4.4054656 -0.6057515 152.66135 108.432976 -114.737175
11.10704 4.517997 -1.8795058 173.27635 73.36298 -123.76718
9.900327 5.0040345 -3.0215747 180.73135 38.537975 -138.92218
8.868394 5.233885 -3.4190245 171.87636 14.702976 -156.70218
8.336864 5.1045938 -3.806897 153.46635 -6.437025 -164.82217
7.6473136 5.193182 -4.292935 133.83136 -25.197025 -161.21718
6.960157 4.9417834 -3.756617 105.936356 -35.417023 -155.68718
6.1077952 4.618556 -2.432583 72.40635 -43.082027 -153.58717
4.7550297 4.276175 -1.4174107 51.546356 -53.442028 -155.19717
4.067873 4.063084 -1.5371244 53.751354 -68.317024 -153.83217
3.0550947 4.252232 -1.5371244 69.60635 -90.262024 -152.11717
2.0758362 4.8484063 -1.4796618 85.04136 -116.372025 -151.52217
1.0462981 5.200365 -1.6688095 98.061356 -141.08203 -151.48718
0.4189981 5.054314 -1.8531687 104.08136 -158.72203 -152.22217
-0.50040346 5.2697988 -1.5179702 102.506355 -172.26701 -148.30217
-0.9026416 5.272193 -1.5826156 97.95635 -181.64702 -139.4822
-1.3024855 5.4326096 -1.5586729 93.79136 -185.98701 -124.74718
-1.7478206 5.499649 -1.3838909 89.62636 -186.16202 -109.27718
-2.0806248 6.002447 -1.7023294 88.78636 -190.85204 -94.96217
-2.1716073 6.6632667 -2.6815877 93.61636 -202.05202 -78.51218
-1.1875603 6.7901635 -3.2107224 94.561356 -207.54701 -59.68218
-0.6608198 6.117372 -2.6025767 73.31636 -206.07703 -49.707176
-1.2186859 5.609786 -0.9601042 36.776356 -195.26204 -54.047173
-3.189174 5.3727527 0.9241901 0.23635502 -178.74203 -69.06217
-3.9361877 5.209942 1.4293821 -15.478644 -165.79202 -82.71217
-4.0894213 4.7765784 1.3695252 -3.6836448 -164.35703 -85.33717
-4.1804037 4.5012364 1.4078336 22.216354 -176.57202 -84.53217
-4.577853 4.539545 1.5490957 46.436356 -192.32202 -84.28718
-5.3105016 4.45814 1.2617828 63.621353 -201.63203 -82.78217
-5.341627 4.2187123 1.4700848 75.83636 -204.15202 -79.38718
-5.564295 4.005622 1.3647367 78.91635 -200.47702 -70.67218
-5.9976583 4.3671575 1.6424725 79.44135 -195.01703 -56.637177
-5.6983743 4.0989985 1.498816 76.92135 -175.27702 -23.737175
-4.7262983 3.7063375 1.4509305 76.29136 -170.58702 -10.192175
-2.6863763 3.553104 0.9577099 75.66136 -167.01703 -1.267175
-0.95531565 3.912245 0.9481328 69.22136 -158.93202 -5.677175
-1.5514901 3.7949257 2.3056867 52.141357 -139.19203 -30.142174
-3.668029 3.5938065 3.7638 47.696354 -115.91702 -54.537174
-5.1093826 2.439766 2.4900458 75.24135 -110.87703 -66.12218
-5.5978146 2.4062462 2.0878077 106.46136 -131.84203 -66.50718
-5.5571117 2.5427198 2.1931558 117.97636 -146.85703 -47.397175
-4.1540666 2.3463893 2.1907616 113.18136 -142.90202 -16.352175
-3.1772027 2.7246847 3.2298768 95.786354 -132.82204 14.237825
-3.1676257 3.2298768 4.879532 73.45635 -135.51701 38.037827
-3.5962007 3.4118416 6.2155375 63.971355 -152.03702 46.822826
-2.588211 3.4549387 6.081458 73.28136 -152.70203 58.862823
-0.8834874 3.9266107 6.4956675 83.116356 -130.79202 84.902824
-0.72785956 5.097411 7.003254 85.53136 -111.33203 114.61783
-0.7733508 5.7582307 7.21395 88.92636 -110.982025 123.78782
-0.71828246 5.727105 7.4007034 93.19635 -113.15202 118.607834
1.7502149 6.0455437 7.336058 96.41636 -103.94703 130.36783
2.648068 6.960157 7.0798707 96.10136 -75.42202 161.51782
3.3160706 7.515629 6.9936767 93.65136 -46.407024 180.90784
3.756617 7.92505 6.9840994 89.451355 -31.672024 180.41782
5.4350038 8.447001 7.0535336 90.186356 -24.497025 177.02283
7.108602 9.529214 6.5986214 94.10636 -19.877026 182.13283
7.6090055 11.066339 5.4589467 97.04636 -6.402025 187.45282
7.9178667 12.708811 4.350397 93.161354 14.982976 186.50784
8.583475 14.9378805 3.4740927 82.521355 35.492977 189.55283
8.700794 16.49416 1.8914771 69.67635 48.687977 189.48282
8.107015 16.034458 1.0678465 56.97135 52.957973 173.48782
6.8500204 14.760704 1.8340145 27.151356 50.96298 154.79782
5.1644506 15.201251 4.4461684 -22.443647 49.842976 143.17783
6.220326 15.435889 5.2650104 -65.10865 53.41298 141.21782
6.3759537 14.973795 4.209135 -64.618645 66.15298 136.35281
5.786962 14.490151 3.962525 -25.103645 63.107975 117.207825
6.7853746 14.348889 4.2833576 4.821355 51.802975 98.97283
8.633755 13.949045 4.455745 12.521356 61.74297 100.16283
8.102226 13.295408 3.189174 56.796352 112.77298 94.91282
8.123775 13.115837 1.3551595 90.74636 121.41798 80.84283
8.095043 13.149357 -1.1492519 113.881355 126.80798 70.65782
7.570697 11.379988 -2.753416 114.58135 132.30298 55.187824
5.8444247 9.536397 -1.2617828 86.966354 120.12297 33.802826
4.573065 7.7167478 0.4956149 52.351357 106.89298 21.902824
5.341627 7.553937 1.7573977 35.551357 108.88798 31.317827
6.490879 8.751075 1.8148603 37.966354 114.697975 44.057823
7.2354984 8.8324795 0.07422252 64.18136 113.892975 32.542824
6.138921 8.061523 -0.8667275 89.661354 99.227974 2.057825
5.748654 7.1660647 -0.90024734 89.13636 90.407974 -14.112176
5.2027593 7.3312693 -0.6560313 72.05635 97.09298 -13.062175
5.681614 7.9178667 -2.0279508 62.641354 106.92798 -8.512175
5.9042816 7.90829 -3.0910087 72.58136 106.05298 -6.4471745
5.276982 7.9561753 -3.493247 79.58135 91.10798 -10.542175
5.044737 8.061523 -3.1819913 72.37135 74.72798 -13.3421755
4.9609375 8.224334 -2.4996228 55.256355 63.562977 -7.637175
4.6640472 8.497281 -1.6257126 39.191357 57.542976 -2.072175
4.8148866 8.621783 -1.7454263 34.43135 50.577972 0.93782496
5.2506447 8.784595 -1.5610672 35.20136 36.57798 1.3228251
4.8555894 8.657698 -0.600963 28.621357 19.427975 -1.757175
4.7789726 8.506859 -0.014365649 17.631355 7.912975 -4.4171753
4.867561 8.250671 0.31843856 9.336354 5.602975 -0.322175
4.7167215 8.274613 0.30646718 4.5063553 6.7929754 3.842825
4.2187123 8.399116 0.39505535 2.1963549 9.592975 3.737825
4.3695517 8.463761 0.42139238 -0.848645 9.032974 3.107825
4.73827 8.502069 0.7446195 -5.083645 2.627975 4.7528253
4.826858 8.61939 1.0726352 -8.933645 -4.8270254 6.082825
4.661653 8.724737 1.3288225 -9.948646 -8.012025 3.7728252
4.7167215 8.885154 1.3623424 -8.513645 -8.502026 0.13282499
4.7550297 8.921068 1.5467016 -7.183645 -7.8020244 -2.807175
4.486871 8.868394 1.637684 -6.658645 -5.667025 -5.642175
3.9601305 8.60263 1.8603516 -5.188645 -4.372025 -9.807175
4.1516724 8.636149 1.3934679 -1.1286451 -8.502026 -12.6771755
4.68799 8.796566 0.9624985 3.596355 -10.462026 -6.237175
4.800521 8.679246 1.525153 -0.568645 -6.7170253 4.0878253
4.6640472 8.430242 2.1931558 -13.518645 -5.492025 6.362825
4.5347567 8.320105 2.1093562 -18.768644 -6.752025 2.687825
4.7119327 8.363202 1.5730386 -10.228644 -8.222025 -0.182175
4.8364353 8.411087 1.4581133 0.831355 -3.707025 0.762825
4.7717896 8.420665 1.673598 -2.668645 0.072974995 0.727825
4.6760187 8.499676 1.7262721 -2.633645 0.352975 0.482825
4.862772 8.657698 1.3312168 1.706355 -0.837025 1.147825
4.5946136 8.664881 1.2162915 4.226355 -2.622025 -0.427175
4.314483 8.454185 1.4198049 2.056355 -2.762025 -2.037175
4.4054656 8.379962 1.4054393 -0.32364503 -0.067025 -0.252175
4.7167215 8.40151 1.3096683 -0.218645 -0.45202503 2.302825
4.73827 8.461368 1.2641771 0.481355 -3.462025 3.072825
4.810098 8.454185 1.4485363 -0.673645 -2.762025 2.827825
4.781367 8.432636 1.6999351 -3.088645 -1.187025 2.897825
4.7191157 8.461368 1.6712039 -1.758645 -0.382025 1.9878249
4.731087 8.672064 1.2474172 1.9513552 -0.137025 1.1828251
4.747847 8.676852 1.1779832 1.3563551 0.667975 0.482825
4.6113734 8.5331955 1.4509305 -2.878645 0.807975 -0.252175
4.6688356 8.487704 1.5634614 -5.5386453 0.177975 -0.637175
4.7143273 8.444607 1.4940275 -3.5436451 -1.362025 -0.392175
4.5515165 8.322499 1.6065584 -0.988645 -2.937025 -0.84717506
4.7693954 8.334471 1.4820561 0.90135497 -3.6370249 -0.392175
4.80531 8.41827 1.5012103 2.686355 -2.552025 0.797825
4.7358756 8.389539 1.7262721 3.5613549 -2.832025 -0.602175
4.7334814 8.4781275 1.620924 6.011355 -3.532025 -2.772175
4.6832013 8.595447 1.3144568 11.121355 -3.0420249 -4.1021748
4.5251794 8.626573 0.9888355 13.781356 -2.762025 -4.557175
4.7526355 8.597841 1.1660118 9.406355 -0.55702496 -2.387175
4.8388295 8.590658 1.3958622 1.076355 0.107975006 1.392825
4.6544704 8.55235 1.5371244 -2.808645 -1.9220251 2.302825
4.5108137 8.561927 1.3120626 -1.058645 -3.0420249 0.027825
4.6233444 8.633755 0.9433443 2.4063551 -2.202025 -0.917175
4.5419393 8.597841 1.0941836 3.4213548 -2.202025 0.34282503
4.6903844 8.576292 1.2953026 0.026355 -4.0920253 1.112825
4.7741838 8.566715 1.4700848 -4.418645 -4.057025 2.232825
4.743058 8.518829 1.5299416 -5.223645 -3.707025 2.6178253
4.948966 8.631361 1.1708003 -2.353645 -4.162025 1.112825
4.8340406 8.652909 1.1492519 1.531355 -3.462025 0.58782494
4.625739 8.521224 1.4102279 1.8113551 -3.462025 -0.882175
4.7717896 8.458973 1.462902 -1.303645 -3.3220248 -2.317175
4.817281 8.499676 1.3096683 -2.668645 -2.412025 -0.74217504
4.702356 8.466156 1.2210802 -1.093645 -1.9220251 -0.287175
4.592219 8.45179 1.2881198 -0.253645 -0.697025 -1.162175
4.640105 8.437425 1.2809371 -2.668645 -1.712025 0.027825
4.743058 8.442213 1.3455825 -2.283645 -1.782025 1.3578249
4.7358756 8.463761 1.376708 -1.6186451 -1.0470251 1.4628251
4.879532 8.561927 1.1420691 -0.078645006 -1.257025 1.3578249
4.8316464 8.564321 1.2450229 -0.39364502 -2.8670251 0.727825
4.6664414 8.4781275 1.4820561 -2.3186452 -2.202025 -0.46217504
4.702356 8.487704 1.4078336 -2.108645 -0.45202503 -0.46217504
4.73827 8.528407 1.3647367 0.551355 -0.697025 -0.14717501
