2.8 9.92 -0.26 7.448451 1.7188734 0.0
1.8399999 9.679999 -0.37 9.167324 -0.57295775 -8.021409
1.88 9.53 -0.44 7.448451 -2.291831 -6.3025355
1.9399999 9.66 -0.57 7.448451 -4.0107045 -3.4377468
2.06 9.7 -0.91999996 4.583662 -5.7295775 -2.291831
1.89 9.67 -0.90999997 1.7188734 -4.0107045 -2.8647888
2.1 9.69 -0.31 -7.448451 -1.7188734 0.0
2.01 9.49 -0.16 -5.15662 -2.8647888 0.0
1.9699999 9.32 -0.03 -4.0107045 -5.7295775 0.0
1.91 9.25 -0.41 0.57295775 -6.3025355 1.1459155
2.07 9.36 -0.75 2.8647888 -6.8754935 2.8647888
2.1599998 8.96 -0.57 2.291831 -9.167324 3.4377468
1.9 8.73 -0.55 -3.4377468 -9.167324 4.0107045
1.65 8.67 -0.51 -4.583662 -7.448451 4.0107045
1.53 8.41 -0.68 -5.15662 -8.021409 6.3025355
1.31 8.0 -0.89 -2.291831 -14.323945 12.032113
1.18 6.7799997 -0.48 -4.0107045 -17.761692 18.907606
0.90999997 6.2599998 -0.11 -8.021409 -19.480566 26.929016
1.35 5.5 -0.53999996 -3.4377468 -18.334648 38.961132
1.5799999 4.5899997 -0.16 -5.7295775 -18.907606 51.5662
1.4699999 3.79 0.089999996 -16.042818 -14.896902 57.29578
1.1999999 2.5 0.42999998 -22.345354 -16.042818 65.890144
1.74 2.4199998 0.66999996 -32.658592 -16.042818 81.36001
2.56 2.21 2.01 -45.263664 -12.605071 92.81916
3.1499999 1.9599999 4.06 -43.544792 -10.886198 100.84057
3.83 2.81 4.45 -16.615776 -13.750987 111.72677
5.18 2.6799998 2.86 9.740283 -9.740283 122.04
5.98 2.9199998 2.59 5.15662 -1.1459155 127.19663
5.98 3.24 4.14 -8.021409 10.31324 132.92621
7.12 3.21 5.08 -5.15662 10.886198 140.37466
8.09 3.49 4.5 30.366762 2.291831 158.13635
9.23 4.47 4.7599998 36.669296 2.291831 162.72002
10.98 5.21 4.88 45.83662 14.896902 166.73071
11.03 5.0299997 4.89 59.58761 34.377464 162.14705
11.0199995 5.0499997 5.37 69.32789 45.263664 157.5634
12.15 5.44 6.02 79.06818 50.420284 162.14705
12.92 5.68 5.75 95.11099 60.160564 162.72002
13.84 4.91 5.68 111.15381 72.19268 159.28227
14.91 4.92 6.52 120.89409 80.78705 154.12566
15.599999 4.8399997 6.6099997 132.92621 91.10028 143.81241
15.71 4.8399997 5.5 147.25015 103.70536 127.76959
16.13 4.7799997 4.64 154.69861 111.72677 112.87268
16.6 5.33 4.37 156.99043 114.0186 98.54874
16.84 5.37 3.6899998 161.5741 121.46705 81.93296
16.8 5.14 3.05 163.29297 128.34254 73.91155
16.76 4.87 3.83 164.43887 135.79099 58.441692
16.44 5.46 3.78 167.30367 138.65578 46.40958
17.24 5.72 3.02 175.32509 140.94762 35.523384
17.6 5.87 3.4399998 174.75212 135.21803 21.199438
17.24 6.17 3.73 169.02255 129.48846 -1.7188734
17.27 5.8199997 2.85 171.31438 131.20734 -20.62648
16.69 6.29 2.2 167.87662 130.63437 -38.38817
16.63 6.79 1.9799999 165.01184 126.62367 -52.712116
16.63 6.79 1.9799999 165.01184 126.62367 -52.712116
17.07 7.0299997 1.3 152.97972 117.456345 -77.349304
16.109999 6.2 0.45 138.08282 105.42423 -111.15381
15.469999 6.02 -0.089999996 128.9155 96.829865 -127.19663
14.49 7.0 -0.11 112.87268 85.37071 -139.80171
14.719999 7.79 0.14 97.97578 77.922264 -148.96902
14.2699995 7.91 -0.17 91.10028 66.463104 -160.42818
11.969999 7.7 -0.57 81.93296 62.4524 -179.90874
10.69 7.5099998 0.17999999 69.900856 69.32789 -186.21129
10.58 7.18 0.85999995 66.463104 65.317184 -182.20056
9.59 7.74 -0.08 93.96508 33.231552 -176.471
8.349999 7.46 -0.66999996 104.27831 27.501974 -178.18987
7.99 7.41 -1.5699999 116.883385 16.042818 -174.75212
8.309999 7.5699997 -5.6099997 127.19663 6.3025355 -166.73071
7.54 6.7799997 -4.92 103.1324 -3.4377468 -164.43887
7.25 6.48 -4.7999997 75.057465 -20.053522 -169.5955
6.67 6.5899997 -5.6 67.60902 -41.25296 -170.74142
5.62 6.29 -3.9099998 48.701412 -56.14986 -174.75212
3.75 4.99 -1.0799999 38.961132 -63.02536 -172.4603
2.84 4.4 -3.04 78.49522 -75.630424 -154.12566
3.46 4.91 -5.81 104.85127 -94.53803 -132.35324
3.4399998 6.2999997 -3.1999998 75.630424 -116.883385 -128.9155
2.35 4.58 -1.4 64.17127 -122.04 -127.76959
0.5 3.28 -2.32 86.516624 -125.47776 -119.74818
1.04 4.4 -4.18 97.402824 -144.95831 -101.41353
1.25 5.0 -3.9199998 80.21409 -158.13635 -93.96508
-0.31 4.2799997 -2.44 62.4524 -158.7093 -90.52733
0.16 4.25 -2.3999999 64.74423 -159.85522 -83.65183
1.5799999 4.87 -2.5 68.75493 -178.76283 -64.74423
-2.01 5.5499997 1.78 50.420284 -180.4817 -67.60902
-2.3999999 5.37 1.8 55.576904 -173.60622 -61.879436
-1.36 5.16 -1.4599999 101.98649 -174.17917 -34.377464
-0.95 5.35 -3.1799998 119.74818 -196.52452 -1.7188734
-0.98999995 5.25 -1.3299999 102.55944 -200.53523 3.4377468
0.5 4.91 0.48 85.37071 -210.84846 27.501974
-0.38 6.1 0.47 87.662544 -211.99437 30.939718
-0.17 6.3399997 0.58 84.22479 -210.2755 33.231552
0.45999998 6.6 0.78999996 76.77634 -193.65973 46.98254
-0.51 6.75 1.41 71.61973 -193.08678 46.98254
-1.24 6.92 1.3399999 63.598316 -190.79494 49.84733
-0.08 6.45 1.22 55.00395 -175.32509 66.463104
-0.01 6.6299996 1.7199999 44.11775 -166.15775 73.33859
-0.22999999 7.18 2.4099998 30.366762 -161.5741 72.19268
-0.51 7.48 2.61 22.345354 -148.96902 77.349304
-0.02 6.47 3.56 17.761692 -142.66649 80.21409
0.79999995 6.0299997 3.59 12.032113 -138.08282 83.65183
1.17 4.4 3.36 4.0107045 -136.36395 80.21409
-1.55 5.0499997 5.3199997 -7.448451 -127.76959 69.32789
-1.42 7.22 5.1099997 -9.740283 -119.74818 76.77634
2.3999999 7.45 3.52 8.594366 -106.57015 107.143105
3.55 8.51 1.6999999 15.469859 -99.69466 119.17522
1.8 8.74 1.43 6.8754935 -85.94367 106.57015
1.9399999 8.87 3.6899998 -14.896902 -79.06818 104.85127
2.8999999 8.83 3.48 -22.91831 -73.91155 118.029305
2.8 9.5 3.6399999 -15.469859 -59.58761 121.46705
3.8999999 9.99 5.0 -13.750987 -55.00395 128.9155
4.98 10.11 4.77 -8.021409 -54.43099 131.20734
3.73 11.79 2.81 6.3025355 -44.69071 125.47776
5.7599998 12.54 2.27 0.57295775 -34.950428 123.18592
6.42 12.42 3.1699998 -22.91831 -28.07493 120.89409
4.0499997 13.2699995 4.43 -33.80451 -15.469859 99.1217
6.74 13.059999 4.99 -30.366762 -17.188732 103.1324
7.18 14.059999 3.26 -10.886198 -22.345354 98.54874
6.1099997 14.78 2.77 -11.459155 -12.032113 75.630424
7.08 14.389999 3.74 -24.064226 -4.583662 64.17127
6.97 13.139999 4.22 -21.772396 -5.7295775 50.993244
5.2599998 12.799999 3.8 -8.021409 -0.57295775 33.231552
6.0099998 12.41 2.3799999 5.15662 -1.1459155 31.51268
6.43 12.44 2.3 6.8754935 -1.1459155 28.07493
6.3599997 11.48 2.24 3.4377468 0.57295775 17.188732
5.72 10.179999 1.5999999 5.15662 3.4377468 7.448451
4.69 9.5199995 1.31 1.1459155 5.15662 0.0
4.79 9.92 1.23 -4.583662 10.886198 2.291831
5.77 9.599999 1.22 -7.448451 10.886198 7.448451
5.5699997 9.28 1.87 -8.594366 5.7295775 2.8647888
4.99 9.179999 1.9 -4.0107045 5.15662 -2.8647888
5.02 8.83 1.0 4.583662 6.8754935 -4.583662
4.7799997 8.42 0.39999998 8.021409 6.3025355 -4.583662
4.5 8.62 0.48999998 6.8754935 5.15662 -4.0107045
4.8199997 8.82 0.51 0.57295775 4.583662 -1.1459155
5.0099998 8.91 0.66999996 -1.7188734 5.7295775 0.0
4.72 8.92 0.76 -2.8647888 4.583662 -0.57295775
4.72 8.92 0.76 -2.8647888 4.583662 -0.57295775
4.67 8.84 1.0799999 -2.291831 2.8647888 -1.1459155
4.92 8.92 0.79999995 2.8647888 3.4377468 0.0
4.9 9.0 0.76 3.4377468 0.0 -1.7188734
4.41 8.87 1.23 0.0 0.0 -5.15662
4.43 8.65 1.06 0.0 1.1459155 -4.0107045
4.5899997 8.66 0.45999998 4.583662 0.0 -1.7188734
4.6 8.98 0.96 0.0 0.57295775 -1.7188734
4.5299997 8.7699995 1.52 -3.4377468 -1.1459155 -2.291831
4.5099998 8.53 1.41 0.0 -0.57295775 -1.7188734
4.44 8.66 0.9 2.8647888 -0.57295775 -2.291831
4.43 8.55 0.90999997 1.1459155 -0.57295775 -2.291831
4.47 8.44 1.28 -1.1459155 0.0 -1.7188734
4.37 8.2699995 1.56 -2.8647888 1.1459155 -1.1459155
4.17 8.44 1.5799999 0.0 0.0 -1.7188734
4.15 8.13 1.5899999 3.4377468 0.0 -2.8647888
4.0699997 8.24 1.26 7.448451 0.0 0.0
4.44 8.62 0.59999996 5.7295775 1.7188734 1.7188734
4.52 8.72 1.04 -1.7188734 1.1459155 4.0107045
4.5899997 8.889999 1.2099999 -6.8754935 1.7188734 3.4377468
4.43 8.87 1.5799999 -6.3025355 0.0 1.1459155
4.39 8.86 1.64 -3.4377468 -0.57295775 0.57295775
4.45 8.95 1.3 0.57295775 1.1459155 2.291831
4.5899997 8.97 0.85999995 1.7188734 1.1459155 2.8647888
4.47 9.11 1.18 -1.7188734 0.0 1.7188734
4.54 9.0 1.43 -2.291831 0.0 1.7188734
4.7799997 8.96 1.23 0.0 0.0 1.1459155
4.85 9.08 1.16 -1.1459155 1.7188734 -0.57295775
4.5499997 9.16 1.61 -2.291831 2.8647888 -3.4377468
4.24 8.62 1.62 7.448451 1.1459155 -5.7295775
4.37 8.71 0.90999997 10.886198 1.7188734 -4.583662
4.54 8.74 0.049999997 10.886198 2.291831 -1.7188734
4.41 8.809999 0.29 2.291831 4.0107045 -2.291831
4.5099998 8.74 1.15 -9.167324 3.4377468 -2.8647888
4.44 8.65 1.39 -9.167324 -1.7188734 -2.8647888
4.22 8.61 1.41 -4.0107045 -1.7188734 -3.4377468
4.4 8.42 1.23 -0.57295775 -1.7188734 -1.1459155
4.2599998 8.5199995 1.29 0.0 -0.57295775 -0.57295775
4.22 8.61 1.01 2.291831 -0.57295775 0.0
4.38 8.599999 0.95 3.4377468 -1.1459155 1.1459155
4.66 8.73 1.5699999 2.291831 -1.7188734 2.291831
4.75 8.7699995 1.51 6.3025355 -2.8647888 0.0
4.2599998 8.76 1.15 8.021409 -2.291831 -2.8647888
4.1 8.47 1.1999999 6.8754935 0.0 -2.8647888
4.14 8.48 0.84 6.8754935 0.0 0.0
4.38 8.7 0.87 2.291831 2.8647888 2.291831
4.65 8.8 1.24 -2.291831 3.4377468 2.8647888
4.46 8.76 1.29 -6.8754935 1.7188734 1.7188734
4.36 8.88 1.4399999 -6.3025355 0.0 0.0
4.5299997 8.889999 1.4699999 -5.15662 -2.291831 0.0
4.65 8.849999 1.0799999 -2.291831 -1.1459155 0.0
4.39 9.05 1.18 -1.7188734 0.57295775 -0.57295775
4.49 9.05 1.13 -0.57295775 0.57295775 0.0
4.54 9.04 0.82 2.291831 -0.57295775 0.0
4.52 9.0199995 0.75 1.7188734 -1.1459155 0.0
4.63 9.03 0.81 -0.57295775 -2.291831 0.0
4.5499997 8.95 1.4599999 -3.4377468 0.0 -0.57295775
4.47 8.86 1.43 -1.7188734 0.57295775 -1.1459155
4.31 8.8 1.17 0.0 0.57295775 0.0
4.58 8.86 1.38 0.0 0.0 1.1459155
4.75 8.66 1.29 1.1459155 -1.1459155 0.0
4.36 8.75 1.1 1.1459155 -1.7188734 -1.7188734
4.2999997 8.83 1.1999999 -1.1459155 -1.1459155 -2.8647888
4.5299997 8.679999 1.4599999 -2.8647888 0.0 -1.7188734
4.46 8.48 1.25 -0.57295775 0.57295775 -1.7188734
4.33 8.7 1.0 1.1459155 0.0 -1.7188734
