1.28 9.28 -0.68 30.366762 -21.772396 -27.501974
1.26 9.17 -0.84 24.064226 -28.64789 -26.356058
1.49 8.51 -0.52 13.178029 -35.523384 -20.62648
1.52 8.389999 -0.32 -4.583662 -36.09634 -9.167324
1.55 8.22 -0.41 -4.583662 -26.356058 -0.57295775
1.62 8.07 -0.75 2.8647888 -25.210142 0.0
1.62 8.07 -0.75 2.8647888 -25.210142 0.0
1.66 7.3999996 -2.09 19.480566 -34.950428 -6.3025355
1.54 6.6499996 -2.05 12.605071 -37.242256 -5.7295775
0.81 5.8799996 -1.8199999 5.15662 -40.680004 -5.15662
1.42 5.42 -1.05 -7.448451 -53.285076 12.605071
1.64 3.9599998 -2.07 0.0 -73.33859 24.064226
1.66 4.52 -2.52 10.31324 -80.21409 21.772396
2.11 3.61 -2.33 14.896902 -87.662544 39.53409
2.57 3.02 -2.31 9.167324 -96.256905 59.58761
3.49 2.37 -1.3299999 -8.594366 -101.41353 75.630424
4.0 1.7199999 -0.41 -23.49127 -107.143105 80.21409
4.3199997 1.48 0.89 -50.993244 -106.57015 92.81916
5.49 1.5999999 1.28 -47.555496 -107.143105 102.55944
7.1099997 2.31 2.08 -28.64789 -105.42423 130.06142
8.08 2.6 3.86 -14.896902 -95.11099 155.84453
8.55 2.8 4.8599997 -11.459155 -93.39212 169.5955
9.87 4.04 5.73 -2.291831 -82.50592 171.31438
11.21 4.24 5.42 13.750987 -62.4524 179.33578
10.95 4.02 6.6499996 19.480566 -22.91831 185.06537
10.57 3.78 8.26 22.91831 -0.57295775 179.33578
12.2699995 3.81 8.66 50.993244 0.0 186.78424
14.99 4.46 6.49 108.86198 1.7188734 191.94086
16.07 5.58 3.9099998 159.85522 28.07493 178.18987
15.42 6.95 3.7099998 154.69861 58.441692 166.15775
14.94 7.89 5.8399997 114.0186 75.057465 167.30367
16.47 8.12 6.81 95.11099 77.349304 164.43887
17.38 8.01 7.46 97.97578 93.96508 144.95831
17.38 8.01 7.46 97.97578 93.96508 144.95831
17.9 7.75 6.3799996 101.98649 158.13635 112.87268
18.16 7.77 5.49 104.27831 179.33578 100.26762
18.46 7.3999996 5.56 105.42423 184.49242 91.67324
18.69 7.45 7.3399997 100.26762 182.20056 75.057465
18.9 7.29 7.1299996 104.85127 198.2434 51.5662
18.75 6.99 5.0 134.64508 228.61015 33.80451
18.289999 7.0099998 5.3599997 146.10423 237.20451 23.49127
17.949999 8.08 4.7599998 155.84453 222.30762 7.448451
19.43 8.19 0.95 177.61691 213.1403 -6.3025355
17.56 8.599999 0.35 177.61691 218.86987 -42.398876
16.16 8.5199995 3.6899998 122.61296 198.81636 -69.900856
16.289999 7.94 5.2599998 87.089584 183.91945 -68.75493
16.82 7.3999996 3.98 99.69466 174.17917 -74.48451
15.849999 6.8599997 2.98 120.32113 165.01184 -98.54874
14.28 7.37 3.83 122.04 144.95831 -116.883385
14.03 6.8599997 3.3 116.883385 128.9155 -127.76959
13.94 5.69 2.6799998 112.29972 124.33183 -134.07211
12.759999 5.71 2.3799999 103.1324 120.89409 -140.37466
12.07 5.94 2.22 97.402824 115.73747 -142.09354
9.3 4.88 1.8 89.95437 91.10028 -156.99043
9.3 4.88 1.8 89.95437 91.10028 -156.99043
8.12 5.0299997 1.66 96.829865 68.75493 -154.69861
7.74 5.4 1.31 100.26762 50.993244 -145.53128
7.33 5.66 1.52 95.11099 36.669296 -136.36395
7.18 5.75 1.6999999 86.516624 25.210142 -134.07211
6.52 5.66 0.56 92.24621 10.886198 -137.50986
4.8399997 5.81 -0.03 99.1217 6.3025355 -142.09354
3.6399999 5.85 0.31 96.256905 0.0 -134.07211
3.56 6.0699997 -0.01 101.98649 -22.345354 -122.61296
3.4299998 6.3399997 -0.89 109.43494 -35.523384 -118.029305
2.3 6.25 -0.77 98.54874 -40.107044 -112.29972
0.82 6.16 -0.35999998 88.80846 -49.84733 -106.57015
0.7 6.25 -0.7 97.402824 -65.890144 -92.81916
1.4699999 6.0 -1.92 112.29972 -81.93296 -80.78705
1.38 5.77 -2.34 104.85127 -100.26762 -77.349304
1.0799999 5.64 -1.1899999 93.96508 -103.1324 -75.630424
0.77 5.2799997 -0.22 70.47381 -104.27831 -68.75493
0.28 4.61 0.34 57.29578 -105.42423 -60.733524
-0.66999996 4.37 1.3299999 57.29578 -97.97578 -53.285076
-1.06 4.38 1.28 80.21409 -115.16451 -38.961132
-1.0 4.5099998 1.0699999 91.10028 -130.63437 -36.669296
-1.06 4.7999997 0.35 105.997185 -143.23946 -33.231552
-1.48 4.5899997 -0.52 106.57015 -136.9369 -15.469859
-1.64 5.0899997 -0.11 96.256905 -135.79099 -2.8647888
-1.1899999 5.66 -0.06 87.662544 -144.38536 9.167324
-0.7 5.48 -0.61 83.65183 -151.8338 18.907606
-1.0 5.48 -0.51 75.057465 -148.39606 21.199438
-1.41 5.97 0.08 59.014652 -145.53128 24.637184
-0.93 6.15 0.65999997 51.5662 -143.81241 30.939718
-0.32 6.3999996 0.41 43.544792 -143.23946 51.5662
0.099999994 6.5299997 0.45999998 41.25296 -138.65578 54.43099
-0.19 7.02 1.1999999 34.377464 -128.9155 50.993244
-0.78999996 8.0 1.8299999 30.366762 -126.62367 44.11775
-0.58 8.07 1.76 37.242256 -125.47776 52.712116
0.44 8.19 1.8299999 43.544792 -120.89409 67.60902
0.75 8.53 1.99 28.07493 -119.74818 76.203384
0.59 8.4 2.9199998 -2.291831 -115.73747 81.93296
1.03 8.5199995 3.3899999 -14.896902 -94.53803 78.49522
2.6699998 8.32 2.98 -9.740283 -91.67324 75.630424
2.52 7.87 3.08 -6.8754935 -86.516624 68.18198
0.19 7.77 2.62 -8.594366 -72.76564 52.139156
0.83 7.69 3.1399999 -14.323945 -55.00395 55.00395
1.6899999 7.71 3.37 -22.345354 -63.598316 68.75493
3.9599998 7.87 3.51 -24.064226 -77.349304 77.349304
3.31 7.71 2.46 -30.939718 -77.922264 63.02536
0.02 7.5699997 1.0 -62.4524 -41.25296 42.971836
0.5 8.17 3.6 -103.1324 -16.042818 54.43099
2.21 9.45 5.49 -109.43494 -30.366762 66.463104
4.2599998 10.55 5.04 -69.32789 -81.93296 83.07887
3.6799998 11.259999 4.67 -49.84733 -68.18198 61.879436
3.07 11.66 4.89 -51.5662 -55.576904 52.712116
2.6399999 11.57 5.06 -61.30648 -43.544792 49.27437
2.78 11.759999 5.2599998 -62.4524 -34.950428 53.858032
3.4199998 12.15 5.2999997 -53.858032 -29.793804 60.733524
4.88 12.37 5.35 -38.961132 -30.939718 62.4524
4.2999997 12.38 4.5299997 -25.7831 -30.366762 48.701412
2.9399998 12.74 4.12 -17.188732 -17.761692 36.09634
2.9299998 12.82 4.0499997 -22.345354 -18.907606 42.398876
4.15 12.73 4.16 -32.658592 -24.064226 49.27437
4.88 12.219999 4.4 -40.107044 -22.91831 42.971836
4.08 12.059999 4.87 -34.950428 -14.896902 27.501974
4.0 11.78 5.4 -25.7831 -14.896902 22.91831
4.18 11.42 4.97 -12.032113 -10.886198 21.772396
4.12 10.94 4.17 -1.1459155 -2.8647888 18.907606
4.24 10.639999 3.55 1.1459155 -0.57295775 15.469859
4.64 10.429999 3.33 0.0 0.0 11.459155
4.31 9.94 3.09 0.0 0.57295775 6.8754935
3.75 9.429999 3.1699998 -2.291831 0.0 -2.291831
3.5 9.25 3.37 -2.291831 0.57295775 -4.0107045
3.97 9.139999 3.28 0.57295775 3.4377468 1.1459155
4.2999997 9.09 2.6599998 7.448451 2.8647888 6.3025355
4.2999997 9.09 2.4099998 10.886198 4.583662 5.15662
4.19 8.96 2.58 9.740283 1.1459155 1.1459155
4.08 8.73 2.3999999 8.021409 -1.1459155 -1.1459155
3.9499998 8.66 2.3799999 4.583662 2.291831 -1.7188734
4.16 8.72 2.7 -1.7188734 7.448451 0.57295775
4.3399997 8.809999 3.01 -4.0107045 6.8754935 2.291831
4.2 8.97 2.9399998 1.7188734 3.4377468 0.57295775
4.0899997 8.72 2.46 8.594366 -1.7188734 -1.1459155
3.99 8.65 2.6399999 4.583662 0.0 -2.8647888
3.87 8.58 2.78 -1.1459155 8.594366 -2.291831
4.13 8.66 2.6299999 0.0 12.605071 0.0
4.27 8.679999 2.35 3.4377468 12.605071 0.57295775
4.0299997 8.63 1.87 9.740283 8.021409 0.0
3.86 8.62 1.9699999 5.7295775 -0.57295775 -5.15662
3.81 8.51 2.27 1.1459155 0.0 -5.15662
3.77 8.54 2.82 -4.0107045 4.583662 -1.7188734
4.06 8.57 2.87 -2.291831 4.583662 1.7188734
4.15 8.67 2.6699998 2.8647888 5.7295775 1.1459155
4.3199997 8.809999 2.24 5.7295775 6.3025355 -2.291831
4.15 8.73 2.03 1.7188734 6.8754935 -6.3025355
3.6999998 8.7699995 2.12 -4.0107045 8.021409 -11.459155
3.47 8.51 2.46 -7.448451 5.7295775 -7.448451
3.79 8.58 2.62 -4.583662 1.7188734 -2.291831
4.0099998 8.57 2.23 0.0 0.0 0.57295775
4.0 8.58 2.3899999 -1.1459155 0.0 0.0
3.9499998 8.72 2.59 -4.0107045 -1.1459155 -3.4377468
4.0099998 8.559999 2.62 -2.291831 -1.7188734 -3.4377468
3.77 8.429999 2.25 -2.291831 -0.57295775 -6.3025355
3.75 8.58 2.74 -7.448451 2.8647888 -4.0107045
4.0299997 8.65 2.9199998 -9.740283 2.291831 -1.7188734
3.79 8.42 2.56 -2.291831 -2.8647888 -2.8647888
3.47 8.44 2.69 -0.57295775 -2.291831 -5.7295775
3.55 8.45 2.81 -4.583662 -0.57295775 -2.291831
3.97 8.54 3.02 -4.583662 0.0 1.1459155
3.7099998 8.559999 2.73 1.1459155 -0.57295775 0.57295775
3.6599998 8.559999 2.55 3.4377468 -2.291831 -0.57295775
3.8899999 8.599999 2.46 0.0 -0.57295775 0.57295775
3.78 8.559999 2.62 -3.4377468 -1.1459155 0.0
3.8 8.599999 2.8799999 -4.0107045 -2.291831 0.0
3.9199998 8.639999 2.9399998 -2.8647888 -2.291831 0.0
3.82 8.59 2.74 -2.291831 0.0 0.0
3.6899998 8.5199995 2.55 -3.4377468 3.4377468 -0.57295775
3.5 8.45 2.8799999 -6.3025355 4.0107045 1.1459155
3.9399998 8.51 2.84 -5.7295775 1.7188734 2.8647888
4.12 8.55 2.69 -2.8647888 -0.57295775 4.583662
3.6899998 8.72 2.82 0.0 -6.3025355 0.0
3.51 8.82 3.12 -3.4377468 -1.7188734 -2.8647888
3.54 8.78 3.25 -5.7295775 1.1459155 -1.7188734
3.9199998 8.73 3.1599998 -5.7295775 1.7188734 1.7188734
3.87 8.599999 2.83 1.7188734 -1.1459155 1.7188734
3.83 8.599999 2.84 4.583662 -4.583662 0.0
3.86 8.65 2.9199998 0.57295775 -2.291831 0.0
3.86 8.69 2.77 0.0 0.57295775 1.7188734
3.78 8.67 2.8899999 -1.1459155 0.57295775 0.57295775
3.9199998 8.72 3.08 -1.7188734 -0.57295775 0.0
4.0 8.7 2.96 0.0 -1.7188734 0.0
3.6799998 8.61 2.74 0.57295775 0.57295775 -1.1459155
3.6299999 8.599999 2.85 0.0 1.7188734 -0.57295775
3.82 8.63 2.8799999 1.7188734 -1.7188734 1.7188734
4.18 8.63 2.5 4.583662 -3.4377468 2.291831
4.0499997 8.67 2.3899999 0.57295775 0.0 -0.57295775
3.78 8.67 2.85 -2.8647888 2.291831 -2.291831
3.8899999 8.58 3.11 -4.0107045 0.0 -1.7188734
3.76 8.41 2.84 -0.57295775 -1.1459155 -1.1459155
3.6899998 8.429999 2.73 3.4377468 -1.7188734 -0.57295775
4.06 8.54 2.6 2.8647888 -1.7188734 1.7188734
4.19 8.66 2.4299998 0.0 1.1459155 1.1459155
3.59 8.58 2.6399999 -4.583662 0.57295775 -2.8647888
3.35 8.639999 3.35 -7.448451 -1.7188734 -4.583662
3.84 8.62 3.55 -2.291831 -2.8647888 0.0
4.0299997 8.54 3.05 6.8754935 -1.7188734 2.291831
3.81 8.59 2.46 10.31324 -1.7188734 0.0
3.78 8.65 2.55 3.4377468 0.0 0.0
3.8899999 8.67 2.78 -2.291831 1.1459155 0.0
3.83 8.559999 2.95 -1.1459155 -0.57295775 -1.1459155
3.7099998 8.45 2.85 0.57295775 -2.8647888 0.0
3.6999998 8.53 3.03 0.0 -1.1459155 1.1459155
3.9199998 8.59 3.03 1.7188734 0.57295775 3.4377468
3.8899999 8.53 2.96 5.15662 0.0 3.4377468
3.75 8.54 2.9399998 6.8754935 -0.57295775 2.291831
3.9099998 8.58 2.31 10.31324 -2.8647888 2.8647888
