0.17999999 9.53 -0.96 29.793804 -29.220846 -2.291831
0.17999999 9.53 -0.96 29.793804 -29.220846 -2.291831
0.48999998 8.87 -0.21 -6.3025355 -19.480566 5.15662
0.82 8.34 -0.089999996 -3.4377468 -5.7295775 10.31324
0.35 7.8199997 0.0 -1.1459155 -7.448451 4.583662
-0.22999999 7.24 -0.19 -1.1459155 -12.605071 4.0107045
-0.48 6.8799996 -0.02 -5.15662 -10.31324 9.167324
-0.28 6.5499997 -0.02 -13.750987 -9.740283 18.907606
0.47 6.0499997 0.35 -29.220846 -4.0107045 32.085636
0.45 5.94 1.18 -41.825916 1.7188734 36.669296
0.39999998 5.72 1.55 -40.107044 2.8647888 37.242256
0.71999997 5.62 1.38 -37.815212 0.57295775 38.961132
0.59 5.3199997 2.11 -41.825916 1.1459155 46.98254
0.42999998 5.4 3.61 -57.868736 7.448451 58.441692
1.7199999 5.92 4.4 -68.18198 4.583662 72.76564
3.83 5.6299996 3.37 -66.463104 3.4377468 85.94367
3.32 5.04 4.39 -76.77634 19.480566 81.93296
1.52 4.64 7.44 -107.143105 32.658592 78.49522
1.79 5.43 9.12 -115.16451 18.334648 94.53803
4.5299997 6.43 9.01 -81.36001 8.021409 113.44564
5.58 7.21 8.49 -48.701412 12.605071 114.0186
5.41 7.8399997 9.65 -42.398876 30.366762 110.58085
5.72 8.139999 8.73 -28.64789 34.950428 112.29972
6.2999997 8.559999 7.58 -8.594366 52.139156 111.72677
6.33 8.72 7.8199997 -10.31324 60.160564 111.15381
6.49 8.94 9.559999 -21.772396 52.712116 110.0079
8.12 9.19 9.08 -7.448451 47.555496 117.456345
8.71 9.809999 7.5099998 7.448451 55.00395 116.31043
7.6 10.309999 8.4 26.929016 77.922264 105.42423
8.75 10.139999 8.0 27.501974 71.04677 96.829865
9.13 11.0199995 7.33 42.398876 77.922264 89.95437
9.91 10.78 7.1299996 41.25296 88.2355 85.94367
9.21 11.21 7.73 41.825916 89.38142 72.76564
9.889999 11.559999 7.04 53.285076 89.38142 61.879436
10.37 11.5 6.0299997 58.441692 94.53803 49.84733
9.23 11.41 6.2799997 51.5662 97.97578 36.09634
9.53 11.38 6.43 53.858032 94.53803 28.64789
10.2699995 11.2699995 5.04 65.890144 97.97578 16.615776
9.32 10.7699995 4.36 66.463104 101.98649 2.291831
7.2799997 11.59 5.99 60.733524 89.95437 -9.167324
8.78 11.83 6.24 63.598316 78.49522 -10.886198
9.96 11.34 5.21 72.76564 63.598316 -19.480566
8.82 10.58 5.56 63.598316 85.37071 -43.544792
8.82 9.639999 4.94 63.598316 85.37071 -49.27437
8.05 8.65 3.76 70.47381 84.79775 -60.160564
6.96 8.7699995 4.08 68.75493 87.662544 -67.03606
8.09 8.65 2.6 81.93296 76.203384 -62.4524
7.77 8.7 0.83 95.11099 68.75493 -65.890144
7.1099997 8.73 0.48999998 86.516624 72.19268 -77.349304
5.8799996 8.309999 0.78999996 71.61973 65.317184 -79.06818
5.7999997 7.93 -0.13 72.19268 53.285076 -80.78705
4.88 7.5 -0.85999995 75.630424 45.83662 -86.516624
4.3199997 7.31 -0.77 69.900856 42.398876 -87.662544
2.71 7.1099997 0.07 66.463104 36.669296 -84.79775
1.77 7.29 -0.02 75.057465 30.939718 -74.48451
1.3399999 8.0199995 -0.14999999 97.402824 17.761692 -71.04677
1.2099999 8.71 -3.28 130.06142 -25.7831 -68.18198
1.1999999 8.23 -3.56 110.58085 -32.658592 -65.317184
0.95 7.98 -3.1 96.256905 -37.242256 -62.4524
0.59999996 7.89 -2.3 83.65183 -40.680004 -60.160564
0.69 7.6099997 -1.04 72.19268 -52.712116 -54.43099
0.78 7.37 -0.79999995 72.19268 -62.4524 -51.5662
0.61 7.0699997 -1.1899999 80.78705 -72.19268 -51.5662
-0.22999999 6.8799996 -1.76 91.67324 -70.47381 -51.5662
-1.11 7.0299997 -1.79 93.96508 -75.630424 -53.858032
-0.95 7.14 -2.6 91.67324 -80.78705 -45.83662
-0.29999998 7.0 -3.23 83.65183 -81.93296 -34.950428
-0.72999996 7.02 -2.97 65.890144 -78.49522 -31.51268
-1.4599999 7.2799997 -2.18 51.5662 -72.76564 -38.38817
-1.5899999 7.19 -2.47 49.84733 -73.91155 -34.950428
-2.4099998 6.91 -3.05 54.43099 -76.203384 -26.929016
-2.86 7.3399997 -2.85 56.72282 -74.48451 -19.480566
-1.78 7.1299996 -3.3799999 52.139156 -84.79775 -4.0107045
-2.1499999 7.46 -2.9199998 39.53409 -92.24621 3.4377468
-2.12 7.72 -2.29 28.64789 -83.65183 1.7188734
-1.9399999 6.97 -2.48 29.793804 -93.39212 1.1459155
-2.28 6.98 -1.8499999 28.64789 -96.256905 0.57295775
-2.33 7.14 -1.4699999 25.7831 -92.81916 2.8647888
-2.44 6.8599997 -1.5899999 19.480566 -85.94367 14.323945
-2.37 6.87 -1.13 17.761692 -84.79775 16.042818
-2.08 7.33 -0.85999995 14.896902 -92.81916 17.188732
-1.9 7.5099998 -0.82 17.761692 -98.54874 17.761692
-2.24 7.35 -1.28 18.334648 -92.81916 19.480566
-2.12 6.87 -1.52 4.583662 -77.349304 24.637184
-2.75 8.099999 0.01 -12.605071 -59.014652 13.178029
-1.05 7.6499996 0.0 -7.448451 -71.61973 32.085636
-1.61 7.87 -0.51 5.15662 -72.19268 27.501974
-2.51 8.17 -0.45 8.021409 -61.30648 21.772396
-1.73 8.12 -0.28 2.8647888 -69.900856 34.377464
-0.78999996 8.03 -0.19999999 -6.8754935 -75.057465 45.83662
-1.25 8.22 0.58 -14.896902 -55.576904 37.815212
-1.55 9.0 1.65 -11.459155 -49.27437 32.658592
-0.84999996 9.45 0.35 -6.8754935 -59.014652 42.971836
-0.51 9.44 0.62 -20.053522 -41.25296 48.128452
-0.37 9.32 1.02 -26.929016 -35.523384 41.825916
-0.42999998 9.57 1.78 -29.220846 -34.950428 38.38817
-0.19 9.78 2.01 -22.345354 -29.220846 28.07493
-0.55 9.559999 1.03 -3.4377468 -24.637184 16.042818
-1.66 9.36 0.02 4.583662 -16.615776 12.605071
-2.05 9.5 -0.55 -0.57295775 -10.31324 16.042818
-1.3299999 9.63 -0.19999999 -21.199438 -10.31324 29.220846
-0.24 9.58 1.43 -45.83662 -10.31324 38.38817
-0.45 10.26 2.53 -34.377464 -7.448451 36.669296
-0.63 10.5199995 1.6999999 -17.761692 -6.3025355 33.80451
-0.78 10.66 0.7 -1.1459155 -7.448451 32.658592
-0.03 10.82 0.35 1.7188734 -14.896902 39.53409
0.099999994 11.759999 0.55 -12.605071 -13.178029 42.971836
0.68 11.57 0.52 -25.7831 -9.740283 47.555496
0.93 11.849999 1.27 -31.51268 -3.4377468 37.815212
0.98999995 12.13 1.43 -23.49127 1.1459155 33.80451
0.82 11.969999 0.65 -17.188732 0.0 31.51268
0.089999996 11.95 0.78999996 -13.750987 -4.0107045 28.64789
0.82 11.71 0.62 -15.469859 -3.4377468 30.939718
1.05 11.759999 0.44 -17.188732 -1.7188734 35.523384
1.3299999 12.219999 1.11 -27.501974 9.740283 36.669296
1.74 12.9 1.93 -16.042818 8.021409 36.09634
1.86 12.87 1.4599999 -5.7295775 1.1459155 33.231552
2.12 12.679999 0.25 6.8754935 -13.750987 22.91831
1.99 12.009999 -0.07 -6.8754935 -7.448451 16.615776
1.9499999 11.86 0.26999998 -14.896902 -2.8647888 13.750987
1.8299999 11.5 0.98999995 -21.772396 0.57295775 8.594366
1.8399999 11.559999 0.71 -14.896902 0.0 5.7295775
2.21 11.25 0.089999996 -8.594366 -5.7295775 2.8647888
1.93 10.92 0.41 -11.459155 -3.4377468 -1.1459155
1.5699999 10.73 0.82 -6.8754935 -0.57295775 -5.15662
1.4499999 10.32 0.55 -4.583662 -2.291831 -5.15662
1.3399999 10.28 0.7 -4.0107045 -1.1459155 -4.583662
1.43 10.139999 0.62 -1.1459155 -1.7188734 -1.7188734
1.5699999 10.12 0.25 2.8647888 -4.583662 -3.4377468
1.5999999 10.13 0.45 2.8647888 -1.7188734 -2.8647888
1.56 10.059999 0.37 3.4377468 -1.7188734 -4.0107045
1.51 9.849999 0.26999998 2.8647888 -2.291831 -5.15662
1.0699999 9.71 0.29 1.7188734 -2.291831 -6.8754935
1.24 9.63 0.69 -1.1459155 -2.8647888 -3.4377468
1.36 9.599999 0.81 -1.7188734 -2.291831 -2.291831
1.37 9.66 0.74 5.15662 1.7188734 -1.7188734
0.87 9.679999 0.29999998 7.448451 -0.57295775 -4.0107045
0.96999997 9.67 0.41 5.15662 -0.57295775 -1.7188734
1.15 9.889999 0.45 4.0107045 1.1459155 -1.1459155
1.3399999 9.79 0.17 4.0107045 0.0 -2.291831
1.17 9.719999 0.14 0.0 -1.7188734 -6.3025355
0.72999996 9.679999 0.84 -5.15662 1.1459155 -4.583662
0.94 9.78 0.79999995 -3.4377468 1.7188734 0.0
1.09 9.7699995 0.69 1.1459155 1.7188734 1.7188734
1.24 10.04 0.24 5.15662 0.0 0.0
1.1999999 10.0199995 0.0 5.15662 -1.1459155 0.0
1.36 9.99 0.29 0.0 0.0 -0.57295775
1.12 9.969999 0.7 -5.7295775 1.7188734 -1.7188734
1.12 9.889999 0.71999997 -5.15662 1.7188734 -2.291831
1.16 9.929999 0.75 -1.7188734 0.0 -1.1459155
1.29 9.889999 0.55 0.57295775 0.0 0.0
1.15 9.88 0.099999994 3.4377468 -0.57295775 -0.57295775
1.18 9.83 0.12 0.57295775 0.0 -0.57295775
1.15 9.8 0.34 -4.583662 1.7188734 0.0
1.14 9.78 0.74 -7.448451 2.8647888 0.0
1.06 9.87 0.83 -4.583662 2.291831 0.57295775
1.1899999 10.059999 0.65999997 0.57295775 2.291831 1.7188734
1.48 10.099999 -0.06 6.3025355 1.1459155 2.8647888
1.31 9.969999 -0.31 2.291831 1.1459155 0.0
0.93 9.929999 0.29 -6.8754935 1.7188734 -3.4377468
1.03 9.8 1.01 -12.605071 1.1459155 -2.8647888
1.24 9.849999 1.23 -7.448451 0.0 -1.1459155
1.06 9.92 0.45 2.8647888 0.0 -1.7188734
1.04 9.84 0.17999999 5.15662 0.57295775 -1.7188734
1.0 9.76 0.47 0.57295775 0.57295775 -1.1459155
1.0699999 9.809999 0.69 -4.0107045 1.1459155 0.0
1.3199999 9.94 0.84 -1.7188734 -1.1459155 0.57295775
1.1 9.78 0.5 0.57295775 -2.8647888 -1.1459155
0.88 9.889999 0.56 -0.57295775 0.0 -2.8647888
0.90999997 9.87 0.96 -2.8647888 1.1459155 -0.57295775
1.0699999 9.96 0.93 0.0 0.0 0.57295775
1.13 10.0199995 0.65 3.4377468 -0.57295775 1.1459155
1.23 10.01 0.41 2.8647888 0.0 0.57295775
1.0799999 10.01 0.76 0.0 1.1459155 0.0
1.18 9.98 1.06 0.0 -1.1459155 -0.57295775
