0.08 7.71 0.19 1.7188734 -2.291831 12.032113
0.02 7.5099998 1.26 -1.1459155 -10.31324 16.042818
0.32999998 6.45 -1.3 15.469859 -20.053522 13.750987
-0.32999998 6.49 -1.8 20.62648 -17.188732 14.896902
-0.69 6.49 -1.5899999 6.3025355 0.0 11.459155
0.48999998 5.24 0.03 -32.085636 6.3025355 21.772396
-0.01 4.91 1.1999999 -63.598316 10.31324 29.793804
-0.41 5.22 2.8999999 -56.14986 7.448451 39.53409
0.64 5.3599997 2.6 -29.220846 -6.8754935 47.555496
1.6999999 5.37 2.3999999 -16.042818 -8.021409 55.00395
1.16 5.4 2.74 -12.032113 5.15662 56.14986
1.12 5.69 3.3899999 -12.605071 9.740283 58.441692
1.9599999 5.8199997 4.54 -18.907606 14.323945 74.48451
3.78 6.3599997 5.64 -14.323945 16.615776 80.78705
3.78 6.3599997 5.64 -14.323945 16.615776 80.78705
4.7799997 6.95 4.93 12.605071 18.907606 74.48451
4.7599998 7.48 5.87 12.032113 32.658592 77.922264
6.2999997 7.8399997 5.8199997 13.750987 44.11775 95.11099
7.5299997 9.13 4.94 37.242256 68.75493 106.57015
8.03 10.57 7.21 36.669296 69.32789 108.289024
7.99 11.48 7.39 41.25296 64.74423 108.289024
9.639999 13.57 5.27 72.76564 82.50592 98.54874
9.8 13.12 0.75 72.19268 124.33183 82.50592
9.8 13.12 0.75 72.19268 124.33183 82.50592
8.2 13.7699995 6.31 -7.448451 132.92621 63.598316
9.42 14.0 4.7599998 14.323945 126.05072 84.22479
9.2 15.46 3.28 50.420284 152.97972 87.662544
11.0199995 17.16 3.31 64.17127 134.64508 54.43099
11.0199995 17.16 3.31 64.17127 134.64508 54.43099
9.07 15.559999 -1.74 59.014652 159.85522 1.7188734
7.5699997 15.46 1.7199999 8.594366 149.54198 -10.31324
9.13 14.71 2.12 0.0 140.37466 -12.605071
10.23 14.299999 0.78999996 19.480566 127.19663 -13.750987
10.11 14.32 0.08 33.80451 128.34254 -24.637184
8.429999 13.98 0.31 42.971836 116.883385 -49.27437
8.17 13.54 0.94 23.49127 121.46705 -68.18198
8.72 13.259999 0.69 18.334648 122.04 -67.03606
9.469999 12.09 -0.89 16.042818 117.456345 -69.900856
6.6299996 12.0 -0.58 20.62648 113.44564 -99.1217
7.0299997 11.46 -0.17 20.62648 112.29972 -100.26762
7.52 11.09 -0.38 20.053522 110.0079 -96.829865
7.8799996 10.179999 -2.46 41.25296 108.289024 -95.68395
5.13 9.94 -2.1499999 63.598316 98.54874 -116.883385
5.2 9.01 -2.72 80.78705 72.19268 -123.18592
3.86 8.82 -3.7099998 100.26762 57.868736 -126.62367
3.34 8.86 -3.6299999 108.289024 47.555496 -125.47776
3.49 8.65 -3.52 110.0079 37.242256 -123.75887
3.28 8.62 -3.1799998 111.72677 24.637184 -120.32113
0.78 8.19 -6.21 138.08282 -23.49127 -124.33183
0.44 8.19 -5.9 139.22873 -27.501974 -129.48846
-0.35999998 6.49 -4.54 87.662544 -26.929016 -120.32113
-1.02 6.62 -3.62 63.598316 -23.49127 -116.31043
-0.44 6.41 -4.99 77.349304 -32.085636 -105.997185
-0.62 5.94 -6.23 88.80846 -42.398876 -105.42423
-2.4099998 6.56 -5.3599997 83.65183 -53.858032 -104.85127
-1.06 6.19 -6.93 81.93296 -67.60902 -88.80846
-1.63 5.8599997 -6.41 64.17127 -73.91155 -88.2355
-2.59 5.19 -4.83 45.83662 -84.22479 -86.516624
-3.4499998 5.77 -3.21 48.701412 -91.10028 -77.922264
-1.88 4.77 -4.13 57.29578 -102.55944 -64.17127
-1.5899999 4.2 -4.89 61.879436 -101.98649 -60.733524
-3.51 3.54 -4.89 53.285076 -102.55944 -62.4524
-5.06 3.48 -2.4099998 33.80451 -110.0079 -50.420284
-3.6 3.34 -2.73 51.5662 -123.18592 -16.042818
-3.02 3.37 -3.48 57.868736 -119.17522 -9.167324
-3.5 3.37 -3.8799999 56.14986 -116.883385 -6.8754935
-5.0699997 3.5 -2.12 36.669296 -121.46705 -11.459155
-4.27 3.6899998 -1.74 26.929016 -128.34254 -1.7188734
-2.99 2.95 -2.69 25.210142 -123.18592 21.772396
-4.49 3.11 -0.59 2.291831 -111.72677 22.91831
-4.83 3.32 0.38 -4.583662 -115.16451 22.91831
-3.32 4.14 -0.14999999 14.323945 -127.76959 39.53409
-3.02 3.9199998 -0.82 22.345354 -123.75887 49.84733
-3.6299999 4.16 0.61 1.7188734 -114.0186 56.72282
-3.27 4.83 2.1399999 -8.021409 -118.029305 69.32789
-2.27 5.81 1.8299999 -3.4377468 -119.17522 77.349304
-1.89 5.49 2.03 -6.3025355 -109.43494 78.49522
-1.05 5.81 3.32 -14.323945 -106.57015 78.49522
-0.32999998 6.3999996 3.6999998 -21.199438 -105.997185 90.52733
-1.9499999 6.3999996 4.21 -29.220846 -91.67324 89.95437
-2.3999999 6.72 6.69 -36.09634 -77.349304 87.089584
0.74 7.0299997 5.99 -27.501974 -79.641136 90.52733
2.02 7.3799996 3.32 9.740283 -92.24621 102.55944
0.25 7.0099998 2.08 10.886198 -74.48451 94.53803
-1.5899999 7.97 6.18 -29.220846 -41.25296 87.662544
2.01 8.389999 4.99 -24.637184 -56.72282 104.27831
3.23 8.51 3.9099998 -6.3025355 -61.879436 114.59156
-0.28 9.25 3.77 0.0 -53.858032 103.1324
0.77 9.91 6.37 -26.356058 -33.231552 94.53803
4.04 11.58 5.04 -5.15662 -45.83662 116.31043
3.8899999 11.82 4.12 5.15662 -42.398876 115.73747
2.18 12.19 4.21 -0.57295775 -36.09634 100.26762
2.08 12.42 5.4 -24.637184 -26.929016 89.38142
3.6499999 12.599999 5.2 -29.220846 -28.07493 92.24621
4.5499997 12.61 4.63 -32.085636 -22.91831 83.65183
3.12 12.21 6.93 -48.701412 -10.31324 67.60902
3.31 12.99 7.7999997 -42.398876 -4.0107045 59.58761
5.0099998 13.19 2.77 17.761692 -14.896902 61.879436
4.62 13.099999 3.1299999 -0.57295775 0.0 48.128452
3.36 12.92 4.13 -19.480566 5.15662 40.680004
3.5 12.809999 4.97 -30.939718 5.7295775 34.950428
4.19 12.49 4.37 -21.772396 1.1459155 33.231552
4.0699997 11.809999 3.1399999 -4.583662 6.8754935 26.356058
3.6799998 11.24 3.34 -9.167324 9.740283 18.334648
3.75 11.33 3.6599998 -12.032113 7.448451 16.042818
3.77 10.8 3.05 0.57295775 1.7188734 12.032113
3.4099998 10.61 3.04 2.291831 2.8647888 8.594366
3.4099998 10.3 3.3999999 0.0 5.15662 5.7295775
3.73 10.059999 3.85 1.1459155 1.7188734 5.15662
3.21 9.2699995 3.35 14.896902 8.021409 -1.1459155
2.98 9.21 2.7 16.615776 10.31324 -1.7188734
3.06 9.349999 2.35 15.469859 11.459155 0.0
3.55 9.25 2.1599998 2.291831 5.7295775 0.0
3.33 9.13 2.52 2.291831 5.7295775 0.0
2.84 8.72 3.1899998 -4.0107045 5.7295775 -5.15662
2.98 9.04 3.1899998 3.4377468 -1.7188734 -4.0107045
3.24 9.04 2.6399999 8.594366 -1.1459155 -1.7188734
3.34 9.059999 2.31 10.886198 5.15662 1.1459155
2.95 8.97 3.1999998 -0.57295775 6.3025355 -1.1459155
2.95 8.97 3.1999998 -0.57295775 6.3025355 -1.1459155
3.1999998 9.099999 2.01 10.886198 0.57295775 -1.1459155
2.9199998 8.97 2.3999999 4.583662 3.4377468 -4.583662
2.9199998 8.97 2.3999999 4.583662 3.4377468 -4.583662
2.7 8.9 2.99 -5.15662 4.0107045 -5.7295775
2.58 8.78 2.76 1.1459155 1.7188734 -4.0107045
2.58 8.78 2.76 1.1459155 1.7188734 -4.0107045
2.75 8.8 2.86 -1.1459155 2.8647888 -2.291831
2.6299999 8.88 3.08 0.0 6.3025355 -2.291831
2.8 8.91 2.77 2.291831 0.57295775 -2.291831
2.9199998 9.05 1.9499999 5.15662 0.0 -0.57295775
2.8799999 9.03 2.6 0.0 0.0 -0.57295775
2.8 8.95 3.27 -16.615776 3.4377468 -2.291831
2.58 8.7 3.8799999 -20.053522 4.0107045 -2.8647888
2.55 8.78 3.04 -0.57295775 1.1459155 -1.1459155
2.6699998 8.97 3.04 6.3025355 0.57295775 0.0
2.8 9.21 2.1599998 4.0107045 2.291831 0.0
2.81 9.22 2.3799999 4.0107045 2.291831 0.0
2.69 9.139999 3.11 -6.3025355 1.7188734 -0.57295775
2.72 9.0 3.1799998 -3.4377468 0.0 -2.291831
2.6399999 8.889999 2.75 3.4377468 0.0 -1.1459155
2.6299999 8.889999 2.69 4.583662 2.291831 -0.57295775
2.77 8.9 2.85 0.0 2.8647888 0.57295775
2.77 8.99 2.96 0.0 3.4377468 0.57295775
2.54 9.099999 3.01 2.8647888 1.7188734 -0.57295775
2.61 9.15 2.8799999 2.8647888 0.57295775 0.0
2.6299999 9.13 3.1399999 1.7188734 5.15662 -0.57295775
2.7 9.17 2.99 1.7188734 5.15662 -0.57295775
2.8799999 9.2 2.6 5.7295775 5.15662 0.57295775
3.03 9.469999 2.3799999 3.4377468 2.8647888 0.0
2.9399998 9.25 2.32 -4.0107045 3.4377468 -2.291831
2.4299998 8.92 3.03 -8.021409 2.291831 -5.15662
2.6 9.04 3.02 -3.4377468 1.7188734 -3.4377468
2.69 9.01 2.47 2.291831 0.57295775 -1.1459155
2.6 9.059999 2.6 1.7188734 0.0 -2.291831
2.6399999 9.09 3.06 -0.57295775 0.57295775 -2.291831
2.73 9.08 3.03 1.1459155 -0.57295775 -2.291831
