0.7589851 9.481328 0.6392714 3.009125 -12.108319 0.961135
0.85954463 9.304152 0.85954463 -1.190875 -8.92332 5.861135
1.1468576 9.26345 0.967287 -3.8858747 -9.86832 12.861135
1.4126221 9.27542 0.5961744 0.804125 -11.37332 17.936134
0.98404694 9.170073 0.5818088 10.114124 -13.01832 17.726135
0.37590113 8.8324795 0.74222517 16.309124 -14.068321 15.031136
0.14844504 8.518829 1.1444633 17.919127 -14.733321 17.586136
0.72785956 8.356019 1.6688095 18.094126 -16.02832 27.141136
0.6273 8.348836 3.4884584 11.129126 -20.19332 44.746136
-0.5889916 7.4102807 6.304126 7.489125 -23.44832 53.251137
-0.5602603 7.1828246 8.030397 10.079125 -20.928322 75.546135
2.6935592 8.559532 10.336084 10.4991255 -7.10332 115.58613
6.2945485 10.824516 13.283437 14.489124 19.00668 147.22614
9.06233 12.016866 11.614627 53.82913 53.23668 146.66612
8.851634 12.457412 7.972935 117.28413 77.42168 111.00114
5.770202 11.30816 6.0503325 147.03413 95.446686 66.656136
5.1021996 11.0352125 5.906676 131.35413 110.88168 50.066135
8.901914 11.837295 5.7558365 106.81912 126.28168 66.20113
12.395161 11.377594 4.4749 98.384125 143.25668 78.55614
10.575512 10.546781 4.3839173 106.189125 149.69669 54.616135
9.926663 9.3592205 3.684789 122.84914 156.45169 25.671137
11.166898 7.597034 2.1811843 136.25412 161.38669 28.821135
12.830918 7.5323887 0.08858817 144.54912 173.88168 51.326138
15.110269 7.57788 -0.4956149 141.60913 184.45168 63.926136
16.479794 8.770228 -0.57462597 132.47412 163.3467 47.056133
16.8533 8.724737 -2.3128695 140.03413 123.51668 15.381135
17.023294 8.229122 -3.7183087 142.34413 113.15668 -12.3038645
16.668941 7.0080423 -3.6991546 111.82413 134.05168 -36.313866
16.367262 6.7398834 -3.4549387 69.99912 156.20667 -57.278866
16.762318 6.407079 -3.799714 50.889126 155.47168 -72.50387
18.122267 6.160469 -4.7693954 57.084126 139.89668 -84.158875
18.392818 5.236279 -5.9449844 70.73412 130.72668 -93.95887
17.315395 4.1756153 -6.804529 83.439125 137.7267 -104.353874
15.783059 2.7414446 -6.651295 92.049126 151.44667 -116.60387
14.887601 2.3942747 -7.1924014 101.53413 154.07167 -124.51387
13.180483 3.1580484 -8.042369 122.35912 137.0967 -128.25887
11.674484 3.9529476 -7.9585695 147.20912 94.88668 -137.21886
10.235525 4.1349125 -8.006455 161.27913 40.531677 -142.67886
8.729526 4.635316 -8.169266 165.89914 3.9566798 -142.18886
8.300951 4.6832013 -8.20518 169.04912 -21.17332 -138.02386
7.802942 4.565882 -8.12138 171.63913 -64.88832 -130.18387
6.481302 4.2139235 -7.4964743 168.45413 -113.71332 -129.20387
5.157268 3.581835 -6.897906 157.07912 -149.76332 -136.06387
3.6105664 3.4118416 -6.6584783 141.01413 -173.77332 -136.34387
2.8874955 3.0359404 -6.0599093 128.93913 -190.18832 -130.00887
2.456526 2.3344178 -5.731894 124.31913 -210.62833 -121.04886
1.7047237 2.2147043 -5.272193 121.90412 -237.61333 -112.47387
0.7110996 2.099779 -4.9441776 104.05413 -269.53333 -94.27387
-0.3615355 1.8172545 -4.625739 90.26413 -265.57834 -80.51887
-0.8284191 1.5467016 -3.9984388 74.12913 -260.95834 -69.59887
-1.2186859 1.0870007 -3.2705793 59.464127 -262.46332 -59.658867
-2.2841382 1.3360053 -2.142876 49.314125 -263.93332 -49.158867
-2.9928436 1.5059988 -1.4772675 47.774128 -264.4583 -38.553867
-3.241848 1.4365649 -1.2785428 53.689125 -262.14835 -31.063868
-3.1365 0.9385557 -1.3527653 58.93912 -261.86832 -25.708864
-3.512401 0.7996878 -1.3168511 56.279125 -253.78333 -20.353867
-4.913052 0.5770202 -1.1779832 44.519127 -232.99333 -17.378864
-5.602603 0.045491222 -0.9026416 30.064123 -205.23831 -16.923864
-5.097411 -0.3304099 -0.4166038 21.734125 -197.15334 -13.178865
-4.8843207 0.13886794 0.08858817 20.159126 -203.59332 -0.683865
-5.707951 0.7110996 0.76137936 19.389126 -200.96832 11.006135
-5.786962 0.6296943 1.6041641 18.164127 -188.71832 19.091135
-4.6664414 -0.19393626 1.89866 22.399126 -185.14832 27.421135
-4.017593 0.43336374 2.3894863 35.069126 -191.23831 34.31614
-3.5938065 0.9601042 2.7175019 48.50913 -196.97832 41.806137
-3.3519847 0.50040346 3.9768906 49.559124 -191.23831 43.906136
-3.5363438 0.5219519 5.28177 42.769123 -174.36832 33.686134
-2.5427198 1.1779832 6.1724405 42.139126 -167.64832 28.751135
-0.54350036 0.03351985 7.6975937 35.20912 -169.85332 43.836136
-3.912245 -1.0534809 11.65533 7.3491254 -131.49333 56.401134
-8.042369 -0.82123625 13.185271 -12.0408745 -54.108322 46.321133
-4.192375 1.0319325 10.005674 35.20912 -25.47832 67.04114
0.14605077 3.1173458 8.415876 117.80913 -57.013325 141.87112
-0.80687064 5.6457 8.293768 146.08913 -76.26332 173.79114
0.17957062 7.6640735 6.421445 133.45412 -57.503323 161.71614
0.7781393 8.614601 5.482889 113.469124 -35.94332 167.35114
-0.20590763 8.351231 9.0838785 67.44413 -27.648321 165.32114
0.40223816 8.506859 11.619415 -0.87587494 -14.20832 152.19614
3.0766432 10.331296 8.2027855 -16.310875 -5.91332 155.45114
2.3990633 11.207601 5.154874 25.164124 -4.82832 166.44113
1.6233183 10.668888 8.305739 48.369125 2.17168 160.77113
3.3256476 10.992116 9.749487 14.419126 15.89168 146.14114
4.0966043 12.124608 6.864386 -4.270875 30.101679 150.09615
4.338426 13.137386 3.79732 58.274128 57.40168 148.24113
5.0830455 12.787822 3.8930907 47.074127 59.22168 131.96614
5.078257 12.404737 4.122941 18.549126 67.20168 120.976135
4.8220696 12.194041 4.0822387 0.52412504 85.366684 113.241135
5.7366824 11.81814 4.6736245 -0.770875 93.48669 109.671135
5.3703585 12.110242 4.182798 9.309125 89.53168 103.30113
5.377541 12.459806 2.5139885 27.509127 95.69168 95.49614
5.2578273 12.52924 0.5818088 36.364124 101.88668 89.65114
4.98488 12.31615 0.505192 30.939129 105.31668 81.006134
5.2482505 12.301784 0.86193895 18.724125 105.63168 74.601135
5.593026 12.536423 0.13647367 17.359123 104.616684 73.516136
6.3544054 12.632194 -0.9313729 25.619125 104.23168 71.27614
6.605804 12.550789 -1.6041641 30.274128 99.01668 65.571144
5.94259 12.086299 -0.80208206 23.939125 86.241684 53.216133
5.4685235 11.966585 0.06464542 9.309125 81.30668 42.821136
5.6457 12.13179 -0.3974496 5.564125 83.93168 42.611137
5.664854 12.471778 -2.0399222 24.884125 80.18668 43.206135
5.4302154 12.574731 -1.6879637 34.229126 69.616684 38.586136
4.740664 12.541211 -1.3719195 18.409124 69.406685 31.271137
4.5084195 11.906729 -1.5107874 9.939125 75.49668 25.076136
4.4270144 11.576319 -1.4389591 15.469125 69.161674 19.406136
4.12773 11.250697 -1.3096683 20.929125 56.001682 13.316135
3.8930907 10.513261 -1.2258687 21.034126 49.176678 8.486135
3.9792848 10.0200405 -1.0654523 18.934126 43.85668 5.581135
3.8571768 9.816526 -0.49082634 17.359123 36.36668 4.1461353
3.5794408 9.591465 -0.37111259 15.959125 29.541681 1.9761351
3.1963568 9.318518 -0.53392327 16.729124 26.986681 0.086135
3.0981915 9.316123 -0.5243462 20.159126 24.78168 -0.158865
3.2873392 9.486116 -0.16281068 20.894125 19.041681 -0.368865
3.4046588 9.373586 0.016759925 18.059124 13.931681 -0.403865
3.0742488 9.040782 0.057462595 15.819126 12.25168 -1.558865
2.8587642 9.0288105 0.1987248 15.644127 9.836679 -3.3438652
2.978478 9.117398 0.17478207 15.154125 8.61168 -3.483865
3.2011454 9.160496 0.17957062 14.594125 5.3916802 -2.083865
2.8970726 8.956982 0.7134939 11.199125 2.06668 -1.628865
2.978478 9.014444 0.9194015 4.619125 1.1916801 -2.3638651
3.4286015 9.3280945 1.1133378 1.2591251 -0.103319995 -2.083865
3.083826 9.47654 0.99362403 0.909125 -1.88832 -1.0688651
2.875524 9.227535 1.0702409 2.379125 -4.19832 -4.9188647
2.6360965 9.2419 1.4485363 -1.295875 -6.01832 -6.878865
2.4708917 9.3280945 1.690358 -3.5358748 -3.6733198 -4.253865
2.770176 9.395134 1.5538844 -0.945875 -2.27332 -2.013865
2.7893302 9.407105 1.359948 3.429125 -2.8683202 -1.3138651
2.5068057 9.342461 1.1684061 5.809125 -2.8683202 -2.4338648
2.6528566 9.2419 1.1731946 4.2341247 -2.51832 -1.383865
2.7941186 9.191621 1.4198049 0.804125 -1.1533201 0.71613497
2.9928436 9.265843 1.6305012 -1.400875 0.66668004 1.801135
3.1149516 9.407105 1.3886794 0.55912507 -0.45332003 0.926135
2.8443985 9.299363 0.91461295 4.129125 -1.36332 -1.523865
2.6217308 9.131764 1.1899546 2.344125 0.70168 -2.923865
2.6432793 9.138947 1.4485363 -1.8908751 2.31168 -1.628865
2.700742 9.332883 1.2498114 -0.24587502 1.05168 0.191135
3.205934 9.534002 0.59378016 5.214125 -2.09832 0.856135
3.0550947 9.452597 0.5698374 5.564125 -5.24832 -0.26386502
2.813273 9.28021 0.9816527 -0.770875 -6.26332 -3.9388652
2.7151077 9.213169 1.4748733 -6.720875 -4.5483203 -4.6038647
2.8827069 9.191621 1.515576 -7.2808747 -2.7633202 -2.993865
2.7941186 9.213169 1.2905141 -2.380875 -1.92332 -1.488865
2.7725701 9.421472 0.9624985 4.129125 -1.7133201 -1.173865
2.9617178 9.464568 0.81165916 6.544125 -2.30832 -0.158865
2.901861 9.371192 0.9194015 3.6741252 -2.09832 0.086135
2.7175019 9.282603 1.1468576 -0.035875 -0.73332 -1.628865
2.7055306 9.308941 1.1468576 -1.6108749 0.35167998 -2.188865
2.8539755 9.313729 1.1636176 -0.87587494 0.84168 -0.858865
2.9066496 9.311335 0.9481328 -0.070875 1.33168 0.576135
2.8443985 9.387952 0.81165916 2.2741249 1.01668 0.261135
2.8204558 9.313729 0.82602483 3.6041248 -0.83831996 -0.578865
2.770176 9.107821 1.2234744 2.029125 -2.41332 -1.173865
2.875524 9.093455 1.1684061 -0.59587497 -1.2933201 -0.998865
2.8898897 9.311335 0.9505271 0.734125 -0.48832 -0.438865
2.7653873 9.371192 0.74222517 5.249125 -2.90332 -0.47386503
2.9114382 9.356826 0.7326481 6.7191253 -4.86332 -0.893865
2.779753 9.296969 0.5985687 4.2341247 -5.00332 -0.788865
2.473286 9.253872 1.0223553 1.154125 -5.00332 -1.628865
2.5762396 9.256267 1.3575538 -3.640875 -3.0433202 -2.013865
2.80609 9.28021 1.3551595 -6.4408746 -2.3433201 -0.053865
2.9114382 9.373586 1.1420691 -3.045875 -1.5033201 2.2211351
2.8300328 9.419077 1.0127783 5.4941254 -3.14832 1.1711351
2.8587642 9.45978 0.9505271 4.269125 -3.14832 0.261135
2.7342618 9.349643 1.0822122 0.734125 -2.13332 -0.753865
2.5570855 9.277815 1.2881198 -3.325875 0.66668004 -1.138865
2.667222 9.304152 1.3838909 -2.660875 1.7866801 -0.123865
2.8252442 9.428655 1.132492 1.9241251 0.52668 1.4161351
2.8515813 9.419077 0.9433443 4.514125 0.42168 2.081135
2.9832664 9.395134 1.0079896 2.344125 2.2416801 1.836135
2.691165 9.306546 1.0199611 0.664125 2.20668 0.71613497
2.6815877 9.352037 0.94573855 1.1891251 1.1916801 0.226135
