2.2625897 9.122187 1.1803775 -4.85359 -0.04011 -7.66822
2.2458298 9.12937 1.1205206 -7.3035903 2.30489 -3.78322
2.3870919 9.131764 1.1684061 -7.68859 3.17989 0.38178003
2.456526 9.131764 1.5371244 -8.80859 0.76489 1.9567801
2.2266755 9.100638 1.7693691 -8.45859 -1.0201101 0.59177995
2.2266755 9.256267 1.776552 -3.9085903 -0.8801101 0.59177995
2.439766 9.529214 1.3024855 2.9864101 -1.1601101 2.4467802
2.3775148 9.63935 0.9529214 6.17141 -2.17511 2.2717798
2.1835787 9.60583 0.5147691 1.9364101 -3.54011 0.13678001
2.3799093 9.519637 1.3383996 -10.94359 -2.9801102 -0.00322
2.2458298 9.534002 1.8866886 -25.153591 -1.44011 0.90677994
2.4158232 9.488511 2.0494993 -26.09859 -2.9801102 -0.24822001
2.3655436 9.428655 2.1069617 -17.838589 -7.5651097 -1.26322
2.1117504 9.28021 2.0255566 -9.19359 -9.63011 -2.90822
2.0064023 9.2419 1.8411974 -2.05359 -9.63011 -3.64322
2.1716073 9.086273 1.8244374 2.8814101 -9.31511 -2.38322
2.083019 8.923462 1.7430321 6.59141 -10.01511 -0.70322
2.0806248 8.827691 1.5131817 12.716411 -12.255111 -0.28322
2.0351336 8.535589 1.3264283 19.26141 -15.405111 1.0117799
1.9656997 8.286585 1.3431882 23.321411 -17.99511 3.81178
2.1093562 7.9346266 1.4245936 25.701408 -18.69511 7.06678
1.9130256 7.613794 1.6831752 29.34141 -21.285112 11.301781
1.4796618 7.429435 1.6305012 34.20641 -24.92511 14.06678
1.5778271 7.2354984 2.0351336 38.19641 -27.48011 17.18178
2.169213 7.225921 3.4980354 33.54141 -28.25011 26.561779
2.3823035 7.099025 4.807704 22.62141 -27.13011 36.92178
2.221887 6.8787518 5.954561 17.05641 -26.395111 41.47178
2.047105 7.0774765 6.6608725 20.90641 -22.68511 44.51678
3.1388943 8.253065 6.483696 32.736412 -15.02011 52.91678
5.296136 9.5794935 5.803722 46.56141 -1.9651101 67.16178
4.8938975 9.361614 6.6967864 48.20641 18.01989 81.47678
3.8356283 8.7822 7.434223 32.491413 46.68489 81.44178
5.774991 8.880365 7.2714124 22.34141 69.18989 76.99678
8.042369 9.440625 6.577073 50.51641 69.81989 92.15179
6.924243 9.507666 6.6345353 60.036407 91.23989 77.451775
6.344828 8.978531 5.897099 72.426414 109.29989 65.586784
8.420665 10.10384 3.5602865 91.18641 108.63489 71.50178
11.1453495 11.166898 2.3918805 88.00141 122.56489 76.40178
11.356046 11.080704 3.8667538 59.54641 154.51988 61.596783
9.071907 9.838076 4.846012 49.991413 168.97488 30.586779
8.293768 9.653716 3.301705 80.861404 156.75989 11.51178
9.627379 10.065532 2.7893302 100.95141 149.19987 16.83178
11.401537 9.960183 5.1093826 89.26141 156.47989 28.31178
11.770255 9.646533 5.3631754 89.191414 168.27489 28.381779
12.534029 9.428655 3.3950818 117.611404 173.7349 23.41178
12.850073 8.854029 2.0925963 139.0664 176.14989 18.30178
12.134185 8.432636 2.17879 137.17639 183.74489 6.08678
12.18207 8.786988 0.967287 134.0964 182.6599 -4.5882196
13.362448 8.8324795 -0.9241901 136.58142 180.4899 -5.18322
11.832506 8.676852 -1.6712039 134.02641 178.2849 -10.36322
9.505271 9.311335 -1.4916332 124.051414 166.5599 -34.47822
10.618608 9.387952 -1.350371 108.581406 145.52489 -47.77822
11.755889 8.48531 -1.3264283 87.231415 134.04489 -36.61322
12.225167 7.7837873 -0.5219519 66.75641 137.50989 -27.40822
12.040808 7.0128307 0.679974 54.471413 139.5749 -31.468222
11.628993 6.4405994 -0.028731298 63.081406 130.0199 -41.79322
11.348863 6.404685 -1.4557191 91.46641 118.95989 -46.343224
12.141368 6.426234 -3.3136764 117.71641 112.13489 -43.43822
10.149331 6.732701 -3.347196 131.0514 100.33989 -43.998222
8.825297 7.3312693 -3.1436827 136.58142 83.95989 -64.68322
9.648928 7.721536 -6.2107487 149.2514 64.91989 -81.44823
9.924269 7.8891354 -8.011244 171.86142 40.69989 -76.12822
9.122187 8.097438 -7.7909703 171.33641 20.469889 -73.85322
8.310528 8.145323 -6.177229 139.31142 -2.00011 -92.368225
8.631361 7.467743 -5.8947043 105.85142 -28.845112 -113.96323
8.298556 6.751855 -6.2538457 92.551414 -50.580112 -118.72322
6.9290314 5.6504884 -6.483696 93.39142 -64.23011 -119.49322
5.1357193 5.4517636 -5.487678 79.67141 -89.92011 -124.46322
4.182798 4.8388295 -4.843618 79.951416 -111.79511 -116.48322
3.7590115 4.2019525 -5.66246 98.11641 -135.6301 -104.26822
2.8372157 3.981679 -5.880339 114.81141 -159.6401 -97.93323
1.8699286 3.4166303 -4.922629 115.05641 -177.17511 -95.51822
0.65363705 3.5842295 -4.0319586 112.53641 -188.58511 -83.05822
0.30167863 4.2905407 -4.2235007 123.421425 -199.64511 -59.573223
1.2881198 5.3272614 -4.8484063 139.73141 -212.17511 -29.543222
2.5929997 5.5571117 -6.124555 148.34142 -222.78012 -5.95322
1.9273912 5.6169686 -6.241874 144.8064 -229.1151 -3.08322
0.5027977 4.862772 -5.147691 125.17141 -232.9301 -16.73322
-0.9960183 3.9433706 -3.7542229 99.20141 -233.98012 -29.193222
-2.0447106 3.641692 -2.760599 75.43642 -224.81012 -24.678219
-2.9234095 3.74704 -2.0447106 63.326412 -212.14012 -10.36322
-2.3056867 4.0989985 -1.5347302 70.29141 -210.53012 5.21178
-2.0279508 4.333637 -1.7957062 89.29641 -222.39511 19.42178
-3.2274826 5.2027593 -2.5187771 105.431404 -224.2501 25.05678
-3.6895776 5.7821736 -2.719896 107.286415 -208.1851 28.766779
-2.2242813 5.777385 -2.2530127 94.231415 -195.90012 37.13178
-2.0902019 5.7295 -2.2458298 79.426414 -192.71512 41.64678
-4.000833 6.438205 -2.6193366 70.32641 -188.41011 30.761778
-3.8859081 6.5148215 -1.9992194 54.29641 -172.9751 24.041779
-2.648068 5.686403 -0.97446984 32.10641 -162.47511 28.03178
-3.9433706 5.5331693 0.6560313 19.08641 -166.9201 22.501781
-5.1644506 5.576266 1.0534809 24.47641 -168.67012 5.35178
-5.176422 5.236279 0.7972935 42.53641 -158.20512 2.20178
-4.635316 4.348003 1.0606637 58.60141 -144.10013 12.31678
-5.166845 4.199558 1.4102279 68.54141 -133.04012 19.35178
-6.246663 4.400677 1.664021 79.07641 -129.8901 19.946781
-5.566689 4.292935 1.1444633 93.77641 -130.1001 26.35178
-4.781367 4.7071443 0.8332076 104.801414 -125.375114 49.10178
-4.2402606 5.054314 0.30886146 108.72141 -110.71011 70.24178
-4.1420956 5.566689 0.749408 108.05641 -103.255104 78.39678
-4.6903844 5.6600657 1.4676905 100.21641 -109.485115 83.156784
-4.520391 5.5451403 1.3910737 93.00641 -108.435104 86.62178
-3.4884584 5.6744313 0.38308397 99.341415 -96.78011 89.38678
-2.6744049 5.8659735 0.45251793 104.13641 -96.71011 93.97178
-4.206741 5.6744313 1.9154198 75.926414 -99.47511 93.37678
-5.7390766 5.4852834 4.1588554 21.18641 -76.305115 84.20678
-3.5387383 5.7534423 3.6464806 4.2114096 -31.85511 106.46678
-1.0343267 7.1157846 2.700742 29.48141 -65.17511 124.14179
-3.459727 7.5323887 3.3639562 20.031412 -59.12011 110.31678
-4.5539107 7.106208 4.6137676 4.17641 -20.02511 95.16178
-1.4389591 7.534783 4.9369946 12.85641 -24.54011 111.156784
0.73743665 8.906702 3.6033835 25.841412 -38.12011 127.92178
-2.1835787 9.289786 3.6919718 14.67641 -9.280109 110.56178
-2.4469488 9.402317 4.8843207 0.71141 27.294891 94.39178
1.089395 9.440625 4.443774 16.111408 13.57489 108.35678
0.68236834 10.312141 2.8874955 33.89141 -0.00511 112.76678
-1.089395 10.901134 2.2554069 24.37141 31.319891 97.29678
-0.24421602 10.999298 2.5499027 2.39141 58.619892 90.681786
1.525153 10.958596 2.892284 -5.37859 48.81989 93.726776
0.7206767 11.032818 3.3328304 -10.97859 34.39989 88.72178
-0.026337024 11.372806 4.4844766 -23.96359 48.399887 76.681786
1.185166 11.339286 5.0830455 -29.56359 68.62989 79.34178
2.1572416 10.917893 4.3839173 -9.61359 72.75989 84.241776
2.083019 11.447028 1.812466 23.741411 66.914894 75.10678
2.0231621 11.899546 0.9577099 38.721413 66.77489 70.031784
2.5546913 11.595473 2.6767993 16.671412 79.164894 68.00178
3.4262073 11.303371 3.5435266 -10.90859 88.99989 62.821777
3.4549387 11.961797 1.6233183 -6.18359 89.41989 59.881786
2.9760835 12.584309 -0.2561874 19.50641 88.05489 58.37678
2.403852 12.012076 0.28970724 25.701408 82.13989 52.49678
2.935381 11.772649 1.7837347 -1.0385901 78.04489 39.37178
4.1947694 12.189253 2.4182177 -31.80359 87.77489 42.03178
4.0822387 12.581914 0.21309046 -28.163591 102.05489 53.16178
4.0319586 12.344881 -0.9696813 5.3664103 100.54989 51.726776
3.5770466 12.335304 -0.33759275 15.621411 82.20989 39.791782
3.512401 12.311361 0.3902668 -11.43359 81.71989 32.336784
3.849994 11.98574 -0.15083931 -26.65859 105.93989 38.42678
4.235472 12.44544 -0.84278476 -6.2185903 102.75489 42.90678
4.333637 12.639377 -1.3719195 19.68141 83.6449 35.346783
4.434197 12.598674 -2.6121538 33.01641 81.19489 29.081781
4.063084 12.349669 -4.7286925 46.38641 86.829895 24.74178
3.7781656 11.686456 -3.7590115 53.071415 79.96989 19.036781
3.469304 11.284217 -1.2713599 20.031412 68.13989 10.286779
4.517997 11.490125 0.3040729 -35.44359 71.04489 6.12178
4.4294086 10.601849 -1.4700848 3.3014102 77.7299 15.08178
3.3591676 10.453403 -3.1604428 60.806416 47.20989 -4.2382197
3.0359404 10.225947 -3.0622776 52.05641 33.48989 -14.143221
3.2442424 10.269045 -1.1708003 5.75141 47.174892 -6.47822
2.9042554 9.8787775 -0.2466103 -15.493589 67.99989 0.101780005
3.1819913 9.730332 -0.9481328 6.59141 63.20489 -1.71822
3.5411325 10.237919 -2.7175019 37.04141 46.404892 -7.00322
3.3256476 10.3193245 -3.9481592 50.97141 39.579887 -11.798221
2.9114382 9.976943 -4.2665977 44.25141 36.00989 -16.90822
2.6432793 9.634562 -3.5052183 16.42641 30.96989 -19.91822
2.7294734 9.5483675 -2.4613144 -14.96859 32.12489 -16.03322
2.6217308 9.222747 -1.4533248 -29.878592 33.80489 -11.13322
2.3248408 8.909097 -1.3743137 -20.98859 26.13989 -12.393219
2.291321 8.947405 -1.3360053 -2.89359 13.08489 -15.96322
1.9968252 8.980925 -1.4269878 5.33141 4.85989 -15.823221
1.8220432 9.016839 -1.515576 6.83641 8.32489 -12.4982195
2.351178 9.117398 -1.8507744 11.35141 11.05489 -5.63822
2.7318676 9.26345 -1.9800652 14.11641 7.79989 0.24178
2.0806248 9.304152 -1.158829 6.13641 5.20989 -0.66822004
2.0949905 9.464568 -0.6368771 -5.23859 5.38489 -4.5882196
2.4469488 9.569917 -0.9720756 -4.85359 6.15489 -2.59322
2.3870919 9.8237095 -1.3719195 4.59641 4.12489 -1.6482201
1.8842943 9.926663 -1.0798179 5.61141 0.48489 -7.03822
1.7310607 9.972155 -0.31365 -4.50359 -3.8201103 -11.098221
2.1189332 9.799767 0.038308397 -13.953589 -4.83511 -9.59322
1.89866 9.708784 0.20590763 -16.29859 -4.10011 -6.26822
1.8196489 9.644139 0.5411061 -12.90359 -2.84011 -7.00322
1.838803 9.569917 0.4740664 -8.10859 -3.75011 -6.72322
1.6975409 9.507666 0.12689656 -0.89859 -1.54511 -4.9032197
1.6305012 9.385557 -0.14605077 5.85641 2.26989 -2.52322
1.7502149 9.538791 -0.11253092 7.5364103 3.03989 -0.45822
1.9680939 9.636956 -0.105348095 3.75641 3.7398896 0.48678002
1.7669748 9.624985 -0.28013015 0.36141002 4.0898905 -0.24822001
1.3814965 9.557945 -0.32562137 2.28641 1.1148901 -2.34822
1.6161355 9.57231 -0.028731298 2.25141 -1.05511 -2.97822
2.2458298 9.799767 0.11253092 -4.15359 0.37989002 1.22178
2.152453 9.8787775 -0.019154198 -7.79359 0.30989 4.1617804
1.7478206 9.771035 0.021548472 -5.2735906 -1.61511 1.0117799
1.6352897 9.668081 -0.03351985 -2.26359 -1.65011 -3.22322
2.3368123 9.857229 -0.06943397 -1.5285901 -2.52511 -2.73322
2.3320236 9.830893 -0.021548472 -4.25859 -2.52511 0.03178
2.1213274 9.701602 0.3902668 -11.64359 -0.39011 -5.77822
1.5467016 9.538791 0.63208854 -8.91359 -1.9301101 -9.52322
1.4533248 9.490906 0.55786604 -2.7185898 -1.68511 -8.78822
1.7502149 9.464568 0.35914123 0.95640993 0.06489 -4.1332197
1.7382435 9.421472 0.2466103 2.28641 1.18489 -1.82322
1.6999351 9.536397 0.21787901 3.2664099 -0.18011 -2.38322
1.5897985 9.534002 0.2466103 3.23141 -1.72011 -2.62822
1.7214836 9.5483675 0.16281068 1.97141 -0.11011 -1.22822
1.9178141 9.715967 -0.031125572 2.21641 1.8148899 0.41678002
1.5802214 9.555551 0.06943397 2.25141 0.20489 -0.21321999
1.525153 9.510059 0.35435268 -0.09359 0.09989 -0.94822
1.8268317 9.488511 0.29689008 -0.26859 1.60489 1.74678
2.17879 9.703996 -0.20111908 4.66641 0.97489005 3.6367798
1.9369683 9.744699 -0.37350687 8.796411 -0.25011 1.22178
1.647261 9.7135725 -0.23224466 6.8714104 -3.0501099 -2.55822
1.489239 9.644139 -0.0023942748 2.18141 -5.0451097 -3.0482202
1.733455 9.531608 0.14126222 -2.4035902 -3.2601101 0.06678
2.0351336 9.646533 0.31125572 -4.39859 -1.47511 2.97178
2.073442 9.75667 0.31125572 -3.0335898 -1.89511 2.3767798
1.7190893 9.735122 0.23463893 -0.19859001 -3.43511 -1.82322
1.5227587 9.680053 0.15562786 1.9364101 -2.66511 -4.2382197
1.5012103 9.651321 0.07422252 2.9164102 -0.075109996 -2.9432201
1.6688095 9.725544 0.2777359 2.18141 1.00989 -0.52822
1.8411974 9.771035 0.22985038 1.4464101 0.37989002 0.52178
1.8004947 9.852441 0.090982445 3.6864102 0.30989 -0.07322
1.6999351 9.828498 0.009577099 7.18641 -0.35511 -2.24322
1.4940275 9.771035 0.25379312 8.02641 -1.33511 -4.02822
1.3958622 9.613013 0.28252444 6.62641 -1.0901101 -4.51822
1.812466 9.684841 -0.11013664 6.94141 1.42989 -2.13822
2.0183737 9.771035 -0.18196489 8.48141 2.2348902 0.20678
1.6328955 9.73991 -0.14365649 7.64141 0.48489 -1.71822
1.3360053 9.598648 -0.25379312 5.85641 0.83489007 -5.2882204
1.3743137 9.514848 -0.28252444 5.33141 0.83489007 -5.14822
1.5514901 9.514848 -0.09337672 2.77641 0.86989003 -1.92822
