0.88 10.0199995 -0.32 0.0 -8.594366 -2.8647888
0.74 9.66 0.14 -2.8647888 -12.032113 -4.0107045
0.7 9.969999 -0.049999997 -0.57295775 -24.064226 -5.7295775
0.84 9.79 -0.47 8.021409 -17.761692 -5.15662
0.93 9.44 -1.53 10.31324 -14.323945 -1.7188734
0.7 9.179999 -1.42 1.7188734 -6.3025355 -3.4377468
0.37 8.98 -1.03 -10.31324 -5.7295775 -2.8647888
0.62 8.49 -0.85999995 -17.761692 -9.740283 0.0
0.53 8.05 -0.82 -18.907606 -10.31324 1.1459155
0.55 7.71 -0.88 -20.053522 -9.740283 2.8647888
0.58 7.16 -0.79999995 -26.356058 -8.021409 6.8754935
0.66999996 6.74 0.0 -37.242256 -13.178029 10.886198
0.42999998 6.2799997 0.38 -49.27437 -14.896902 14.896902
-0.48999998 6.39 1.9499999 -59.58761 -8.021409 22.91831
-0.08 6.67 3.4099998 -65.317184 -5.15662 35.523384
1.6999999 6.17 3.34 -55.576904 -14.896902 52.712116
2.3999999 5.75 2.35 -38.961132 -14.896902 57.868736
0.94 6.46 2.35 -25.7831 3.4377468 48.701412
0.94 6.3999996 3.12 -25.210142 15.469859 49.84733
1.4699999 6.1099997 2.81 -32.085636 5.15662 60.160564
2.32 6.3799996 3.3799999 -37.242256 6.8754935 69.32789
2.6599998 6.39 3.1699998 -38.961132 11.459155 75.630424
1.8299999 7.0499997 4.8199997 -47.555496 20.62648 77.349304
2.85 7.2599998 5.75 -49.84733 23.49127 91.10028
4.52 7.46 5.35 -36.09634 21.199438 100.26762
4.21 8.2 4.95 -25.7831 22.91831 101.41353
3.46 8.94 5.66 -11.459155 32.658592 93.39212
4.5499997 9.7 5.7999997 0.0 31.51268 97.97578
6.6099997 10.12 4.45 18.334648 23.49127 107.143105
7.2999997 10.099999 2.87 32.085636 28.64789 103.70536
6.58 10.2699995 2.74 27.501974 49.27437 85.94367
5.43 10.75 3.8999999 12.605071 62.4524 73.91155
6.22 11.03 5.0299997 -3.4377468 50.993244 78.49522
8.07 11.0 4.98 -9.740283 46.98254 79.06818
8.29 11.19 5.1 -9.740283 56.14986 63.598316
7.64 10.84 5.31 -10.31324 60.733524 48.128452
6.81 10.59 6.0899997 -16.615776 65.317184 42.971836
7.14 10.37 6.96 -13.750987 67.60902 49.84733
8.139999 9.83 6.47 5.7295775 62.4524 48.128452
7.93 9.99 5.48 28.64789 70.47381 36.669296
7.22 9.79 5.0499997 36.09634 75.630424 33.231552
7.2 9.54 4.64 43.544792 75.630424 30.366762
7.5099998 10.55 3.8799999 51.5662 69.32789 28.07493
7.89 10.12 3.02 50.420284 75.630424 26.356058
6.96 10.42 4.31 36.669296 76.203384 17.188732
7.5 10.7699995 4.15 41.25296 65.890144 11.459155
7.74 10.969999 3.07 55.576904 60.160564 4.0107045
7.83 11.16 2.8899999 55.576904 60.160564 -4.0107045
7.68 11.33 3.5 45.83662 53.858032 -15.469859
7.71 11.15 4.0699997 40.680004 51.5662 -22.345354
7.8399997 10.74 3.48 45.83662 49.27437 -29.793804
7.49 10.94 3.6499999 50.993244 52.139156 -37.815212
7.5 10.49 3.51 51.5662 48.701412 -43.544792
7.4199996 10.26 3.33 53.285076 45.83662 -52.139156
7.52 10.15 2.29 56.72282 46.98254 -57.29578
7.27 9.74 1.6899999 52.139156 52.712116 -61.30648
6.0699997 9.7699995 2.4199998 42.398876 46.98254 -67.03606
5.7999997 9.719999 3.37 37.815212 34.377464 -71.04677
6.24 9.57 2.9299998 40.680004 32.658592 -71.04677
6.06 8.82 2.4099998 41.25296 38.38817 -69.32789
5.22 8.05 2.56 37.242256 46.40958 -69.900856
4.4 7.83 1.9699999 43.544792 45.83662 -68.18198
4.21 7.8199997 0.51 64.17127 40.680004 -66.463104
3.7099998 8.0 -0.58 83.07887 28.07493 -63.598316
3.49 8.2 -0.57 87.662544 19.480566 -64.74423
3.1799998 8.11 -1.37 89.38142 12.605071 -63.598316
2.7 8.11 -2.1499999 92.24621 7.448451 -62.4524
2.6299999 7.8399997 -2.55 83.07887 -14.323945 -61.879436
1.37 8.26 -2.1399999 81.93296 -17.761692 -62.4524
1.22 8.65 -2.1399999 83.65183 -21.199438 -61.879436
2.2 8.51 -3.76 86.516624 -37.815212 -53.858032
1.9599999 8.54 -3.56 72.76564 -45.263664 -55.00395
1.55 8.51 -3.03 62.4524 -46.98254 -59.014652
0.83 8.42 -2.3899999 47.555496 -52.712116 -64.74423
0.77 8.19 -2.3899999 43.544792 -53.285076 -64.17127
0.049999997 7.81 -1.89 39.53409 -51.5662 -59.014652
-0.59999996 7.87 -1.43 40.107044 -53.858032 -58.441692
-0.71999997 7.87 -1.1999999 42.971836 -56.72282 -53.285076
-0.19999999 7.68 -1.93 44.69071 -59.014652 -49.84733
-0.75 7.08 -2.6799998 51.5662 -63.598316 -50.420284
-1.3 7.0499997 -2.79 50.993244 -60.160564 -52.139156
-1.87 7.0299997 -2.53 45.83662 -56.72282 -49.27437
-2.09 7.12 -3.21 36.669296 -63.02536 -41.825916
-2.09 7.12 -3.21 36.669296 -63.02536 -41.825916
-1.9799999 6.67 -3.26 28.07493 -60.733524 -36.09634
-2.09 6.6299996 -3.1399999 10.886198 -67.60902 -32.658592
-2.28 6.62 -3.0 6.3025355 -67.03606 -33.231552
-3.05 6.35 -2.26 -0.57295775 -65.890144 -32.658592
-3.32 6.47 -1.54 -0.57295775 -71.61973 -30.366762
-3.4399998 6.7799997 -1.03 -0.57295775 -72.76564 -22.91831
-3.52 6.98 -0.78999996 3.4377468 -68.18198 -11.459155
-3.24 7.3799996 -0.29999998 4.583662 -68.18198 -5.15662
-3.34 6.52 -0.29 7.448451 -83.07887 0.0
-3.77 7.6099997 -0.29 9.740283 -79.06818 -1.1459155
-3.33 7.5699997 -0.59999996 17.761692 -70.47381 14.896902
-2.73 7.49 -1.29 21.199438 -71.04677 23.49127
-2.5 7.6099997 -1.65 14.323945 -69.900856 26.356058
-3.1699998 7.8599997 -1.36 1.7188734 -61.30648 26.356058
-3.1299999 8.25 -0.48999998 -10.31324 -51.5662 26.356058
-2.1599998 7.8199997 -0.79999995 -13.750987 -57.868736 29.220846
-1.76 7.64 -0.59999996 -14.323945 -53.285076 29.793804
-2.6599998 7.8799996 -0.48999998 -14.896902 -46.98254 23.49127
-3.02 8.2699995 -0.01 -17.188732 -42.971836 24.064226
-1.9399999 7.9199996 0.16 -18.907606 -49.84733 30.939718
-1.7199999 7.5499997 0.21 -22.91831 -54.43099 31.51268
-3.05 8.11 1.14 -27.501974 -45.83662 25.7831
-2.6699998 8.7699995 2.57 -26.356058 -41.25296 26.356058
-1.2099999 9.32 1.9499999 7.448451 -55.576904 43.544792
-0.97999996 9.4 -0.45999998 22.345354 -59.014652 50.420284
-1.27 9.36 -1.04 26.929016 -52.712116 58.441692
-0.56 10.04 0.42999998 -2.291831 -37.242256 54.43099
0.26999998 10.08 1.1 -29.793804 -28.07493 55.576904
0.04 10.03 0.71 -32.658592 -24.064226 52.712116
-0.55 9.99 0.57 -31.51268 -22.91831 44.69071
-0.39 9.92 1.4599999 -45.263664 -22.91831 44.69071
0.53999996 10.11 3.05 -44.69071 -23.49127 45.83662
0.0 11.03 1.51 -20.053522 -24.637184 38.961132
0.47 10.73 1.01 -12.605071 -22.91831 45.83662
0.29 10.48 1.28 -24.064226 -16.042818 44.69071
0.01 11.08 2.75 -28.07493 -11.459155 42.971836
0.96999997 11.309999 2.74 -10.886198 -18.907606 49.84733
1.8499999 10.76 1.11 0.0 -24.064226 45.83662
-0.26 11.0 1.9599999 -20.053522 0.0 36.09634
0.74 11.41 3.6499999 -21.199438 4.0107045 41.825916
1.91 11.46 3.1799998 0.57295775 -11.459155 49.84733
2.3899999 11.48 0.01 18.334648 -15.469859 38.961132
1.4399999 11.59 0.57 9.740283 -2.8647888 33.231552
1.16 12.349999 2.03 5.15662 -3.4377468 30.939718
2.49 12.099999 1.17 9.740283 -20.62648 34.377464
2.6 11.59 0.19999999 9.167324 -18.907606 32.085636
2.08 11.509999 1.14 -9.167324 0.57295775 17.188732
1.86 11.42 1.55 -18.334648 4.583662 9.740283
2.0 11.09 1.23 -15.469859 5.7295775 10.31324
1.76 10.79 1.16 -12.032113 8.594366 9.167324
1.5999999 10.75 1.4699999 -9.167324 5.7295775 8.021409
1.6999999 10.73 1.05 -1.7188734 -0.57295775 8.594366
1.88 10.67 0.48 1.1459155 -0.57295775 10.886198
1.9799999 10.679999 0.78 -2.8647888 1.7188734 11.459155
2.31 10.8 1.28 -6.8754935 0.0 10.31324
2.4099998 10.54 0.84999996 -1.7188734 -2.291831 6.8754935
1.76 10.33 0.37 -1.7188734 -1.7188734 0.57295775
1.5999999 10.24 1.09 -9.740283 1.7188734 0.57295775
1.8499999 10.08 1.77 -12.032113 2.291831 2.8647888
2.06 10.01 1.41 0.0 1.1459155 4.583662
1.9499999 9.98 0.84 5.15662 1.7188734 4.0107045
1.8199999 10.0 0.75 7.448451 0.57295775 2.291831
1.9599999 9.94 0.77 4.583662 -0.57295775 1.7188734
2.05 9.99 0.87 2.8647888 1.1459155 2.291831
2.07 9.91 0.56 2.8647888 0.57295775 1.1459155
1.8499999 9.91 0.59 1.1459155 -1.1459155 -1.7188734
1.78 9.79 0.77 -2.8647888 1.1459155 -0.57295775
1.7099999 9.83 1.28 -4.583662 1.7188734 0.0
2.1599998 9.929999 1.24 0.0 1.7188734 2.8647888
2.19 9.88 0.28 8.021409 0.0 2.8647888
1.79 9.82 0.32999998 5.15662 2.8647888 0.0
1.87 9.79 0.9 -1.7188734 3.4377468 0.0
2.08 9.8 0.72999996 -1.1459155 0.0 1.1459155
1.9399999 9.809999 0.72999996 1.7188734 1.1459155 0.57295775
1.87 9.84 0.77 0.57295775 0.57295775 0.0
2.07 9.99 0.76 0.57295775 1.1459155 1.1459155
2.01 9.9 0.64 0.0 2.8647888 0.57295775
2.0 9.94 0.72999996 0.0 2.291831 -1.1459155
2.07 9.87 0.62 0.0 0.57295775 -1.7188734
1.8199999 9.63 0.53999996 -0.57295775 0.57295775 -2.8647888
1.62 9.66 0.96999997 -1.7188734 1.7188734 -3.4377468
1.8 9.74 1.06 -2.8647888 1.1459155 -1.1459155
1.9599999 9.73 0.65999997 0.57295775 -0.57295775 -1.1459155
1.61 9.84 0.59999996 0.0 1.7188734 -2.8647888
1.91 9.79 0.96 -4.0107045 0.0 -1.1459155
1.9499999 9.74 0.91999996 -2.291831 -1.1459155 -1.7188734
1.68 9.78 0.78 -0.57295775 0.0 -2.291831
1.8299999 9.889999 0.79999995 -2.291831 0.57295775 -1.1459155
2.05 9.969999 1.16 -4.0107045 0.0 -2.291831
1.9799999 9.86 1.28 -2.8647888 2.291831 -4.583662
1.7199999 9.66 1.09 -1.7188734 4.583662 -6.3025355
1.4699999 9.63 0.97999996 -1.1459155 5.7295775 -6.8754935
1.49 9.61 1.06 -1.1459155 5.7295775 -4.0107045
1.8399999 9.719999 0.96 1.7188734 1.1459155 -1.1459155
1.8 9.7699995 0.64 2.8647888 0.0 -1.7188734
1.7099999 9.7699995 0.53 2.291831 0.0 -2.8647888
1.6899999 9.74 0.81 -3.4377468 1.1459155 -3.4377468
1.48 9.62 1.14 -7.448451 2.8647888 -2.8647888
1.5 9.71 1.11 -5.15662 2.291831 -2.291831
1.7099999 9.65 1.0 -1.7188734 0.0 -0.57295775
1.7099999 9.65 1.04 -1.1459155 0.0 0.0
1.4499999 9.639999 1.16 0.0 1.1459155 0.0
1.67 9.69 0.83 4.0107045 -0.57295775 0.57295775
1.8499999 9.719999 0.48 4.583662 -1.1459155 1.7188734
1.66 9.79 0.71 0.0 0.0 0.57295775
1.76 9.82 0.90999997 -2.8647888 -0.57295775 0.0
1.93 9.78 0.90999997 -2.8647888 -1.1459155 0.0
