1.9799999 7.54 0.26 -13.178029 -17.188732 0.0
1.89 7.1499996 0.26999998 -14.896902 -24.064226 2.8647888
1.55 6.83 0.87 -12.032113 -13.178029 5.15662
2.1499999 6.12 -0.57 1.1459155 0.0 13.178029
1.88 5.65 -0.79999995 2.291831 12.605071 13.178029
1.92 4.64 -0.42999998 -21.772396 13.178029 17.188732
2.0 2.5 1.4699999 -76.77634 10.31324 24.637184
1.52 1.76 3.62 -100.26762 20.053522 34.377464
1.4 1.6999999 4.72 -100.84057 24.637184 45.263664
2.72 1.5799999 5.45 -75.630424 12.605071 74.48451
5.2599998 2.56 4.47 -24.064226 -0.57295775 93.39212
5.0299997 3.03 4.64 -15.469859 6.3025355 93.96508
6.15 3.61 5.7799997 -10.886198 25.210142 101.98649
8.2699995 4.68 7.3799996 -4.583662 25.210142 109.43494
8.679999 5.22 7.85 -5.7295775 23.49127 127.19663
8.19 7.16 11.08 -5.15662 38.38817 131.78029
10.09 9.07 11.66 22.91831 32.085636 138.08282
13.25 11.53 7.71 84.22479 25.210142 145.53128
12.88 12.55 5.31 104.27831 70.47381 121.46705
12.08 12.99 6.94 79.06818 91.67324 108.86198
11.8 14.46 10.2 25.210142 101.41353 90.52733
12.44 15.74 9.16 28.64789 99.69466 83.07887
11.57 15.969999 5.0 81.93296 142.66649 41.25296
10.349999 16.779999 7.58 62.4524 149.54198 34.377464
11.059999 17.27 7.62 52.712116 146.10423 32.085636
13.71 16.75 2.6599998 84.22479 152.97972 20.62648
12.13 16.31 -0.35 114.59156 166.73071 -16.042818
9.58 16.65 1.22 79.641136 155.27156 -52.139156
10.719999 14.759999 0.84 47.555496 155.84453 -63.02536
10.04 14.36 0.089999996 47.555496 155.84453 -63.02536
8.11 14.5199995 0.87 48.128452 159.85522 -78.49522
8.19 14.5199995 1.93 41.825916 149.54198 -84.22479
10.05 14.429999 -0.32 59.58761 110.58085 -90.52733
9.75 15.48 -2.97 84.22479 103.1324 -123.18592
8.99 13.95 -1.7199999 84.22479 103.1324 -123.18592
8.889999 12.23 2.58 9.167324 97.402824 -132.35324
9.15 11.889999 1.5699999 25.210142 89.95437 -135.21803
7.93 11.16 -3.59 119.74818 69.900856 -159.85522
7.35 10.73 -4.56 111.72677 55.576904 -170.16847
5.5699997 9.58 -2.33 63.598316 44.11775 -165.01184
5.94 8.36 -2.3799999 40.680004 36.669296 -151.8338
5.94 8.36 -2.3799999 51.5662 17.761692 -152.97972
5.33 6.58 -3.97 61.879436 12.032113 -159.28227
2.6599998 5.7799997 -3.23 90.52733 -2.291831 -166.73071
1.14 5.8199997 -2.6299999 100.84057 -8.021409 -163.86592
1.62 4.8399997 -4.42 123.75887 -26.929016 -144.38536
2.05 4.0299997 -5.77 123.75887 -30.939718 -126.62367
1.6899999 3.3799999 -5.83 116.883385 -36.669296 -122.61296
-0.39999998 2.76 -4.8599997 104.85127 -66.463104 -131.20734
-2.07 1.65 -6.45 136.36395 -89.38142 -118.60226
-2.33 1.4499999 -6.23 115.16451 -96.256905 -95.68395
-2.33 1.4499999 -6.23 115.16451 -96.256905 -95.68395
-3.3999999 1.55 -2.3899999 40.680004 -119.17522 -74.48451
-3.85 1.76 -0.95 34.377464 -127.19663 -71.61973
-3.37 1.42 -1.5 64.17127 -139.80171 -63.598316
-4.42 1.17 -2.7 97.97578 -122.61296 -49.84733
-5.15 1.43 -1.73 88.80846 -116.31043 -41.25296
-4.42 1.8 -1.13 83.07887 -138.08282 -22.345354
-5.22 1.78 -2.33 88.2355 -138.65578 -2.291831
-5.33 1.79 -2.51 83.07887 -130.06142 9.740283
-5.0299997 2.4099998 -0.75 55.00395 -118.029305 36.09634
-4.5499997 2.72 0.16 39.53409 -119.74818 48.701412
-2.8799999 3.6999998 0.81 32.658592 -125.47776 66.463104
-2.9099998 3.8899999 0.79999995 48.701412 -123.75887 73.33859
-3.6 4.92 2.8899999 50.993244 -112.87268 71.61973
-2.09 4.06 0.42 66.463104 -101.98649 92.81916
-2.72 4.2999997 0.07 68.75493 -92.81916 100.26762
-3.59 5.5699997 3.31 30.366762 -60.733524 97.97578
-3.09 5.96 4.25 14.896902 -61.30648 99.1217
-0.12 5.94 2.11 37.242256 -111.15381 113.44564
-0.78 7.4199996 -1.03 56.72282 -99.1217 109.43494
-0.41 7.68 2.1299999 -13.178029 -64.74423 108.289024
1.31 8.12 4.11 -56.14986 -49.84733 114.0186
1.86 7.62 3.55 -57.868736 -49.27437 107.716064
-1.1 7.47 6.02 -59.014652 -48.701412 79.06818
-1.76 8.5 7.02 -55.576904 -55.576904 79.641136
1.39 8.8 4.33 -10.886198 -69.32789 99.1217
1.8399999 8.47 2.57 -4.0107045 -48.128452 111.72677
1.06 9.51 4.39 -25.210142 -40.680004 106.57015
2.45 10.559999 5.38 -40.680004 -41.25296 105.42423
4.02 10.51 3.6299999 -29.793804 -41.825916 108.289024
2.4299998 10.78 4.25 -22.91831 -26.356058 91.67324
1.09 10.059999 4.72 -29.793804 -20.053522 66.463104
1.05 10.54 5.21 -34.950428 -24.064226 82.50592
4.33 11.389999 4.61 -26.356058 -25.7831 100.26762
5.19 11.349999 4.0699997 -8.021409 -33.80451 103.70536
3.8 12.15 5.1099997 -24.637184 -19.480566 87.662544
3.8 12.15 5.1099997 -31.51268 -12.032113 80.78705
4.64 12.13 4.45 -31.51268 -11.459155 72.19268
3.57 11.179999 4.95 -45.263664 0.0 62.4524
3.31 11.2699995 5.66 -46.98254 2.8647888 59.014652
4.23 11.36 6.1299996 -26.929016 -2.8647888 65.890144
4.96 11.38 3.33 12.032113 -13.750987 65.890144
4.49 11.66 2.36 10.31324 -5.15662 61.879436
3.76 12.2699995 3.7099998 -8.594366 3.4377468 56.14986
5.62 11.69 3.87 -12.605071 2.8647888 60.160564
6.31 11.4 2.1599998 -1.1459155 4.0107045 45.263664
4.97 10.86 2.45 -15.469859 14.323945 32.085636
3.56 10.88 4.1 -20.053522 17.188732 29.220846
4.8599997 10.76 3.33 -4.583662 8.594366 36.669296
5.46 10.86 1.8 20.053522 -1.1459155 38.961132
4.64 10.809999 2.61 0.57295775 5.15662 22.91831
4.49 10.83 3.31 -9.740283 9.167324 21.199438
5.02 10.7 3.33 -3.4377468 10.886198 22.345354
5.4 10.53 1.9799999 16.615776 5.7295775 22.91831
5.08 10.29 1.1899999 20.62648 4.583662 15.469859
5.02 10.01 2.6499999 0.0 2.291831 10.31324
4.81 9.42 2.8899999 1.1459155 7.448451 5.15662
4.7799997 9.19 2.3999999 8.021409 8.594366 4.0107045
4.43 8.889999 2.3 13.178029 5.15662 2.291831
4.56 8.9 3.06 20.053522 -2.8647888 5.7295775
5.0 8.91 2.85 28.64789 -5.15662 6.8754935
4.79 9.03 1.01 44.11775 -2.291831 2.8647888
4.54 8.74 0.89 43.544792 1.1459155 0.57295775
4.08 8.679999 1.99 24.064226 2.291831 -2.8647888
4.46 8.58 2.23 16.615776 -0.57295775 -1.1459155
4.7 8.59 1.86 28.07493 -3.4377468 2.8647888
4.5699997 8.69 0.01 20.62648 -2.291831 -0.57295775
4.48 8.72 1.4699999 8.021409 0.0 -0.57295775
4.4 8.809999 2.02 -9.740283 -0.57295775 -0.57295775
4.41 8.5199995 1.74 -5.15662 -1.7188734 -0.57295775
4.1 8.599999 2.1299999 -1.1459155 0.57295775 -1.1459155
4.7799997 8.86 1.8499999 8.594366 -2.291831 1.7188734
4.87 8.79 1.56 8.594366 -2.291831 1.7188734
4.3399997 8.66 1.52 12.032113 1.7188734 0.57295775
4.24 8.57 1.64 8.594366 -1.7188734 -0.57295775
4.63 8.75 1.7099999 9.740283 -6.8754935 0.57295775
4.89 8.82 0.85999995 8.594366 -2.291831 -1.7188734
4.2599998 8.639999 1.12 2.8647888 1.7188734 -2.8647888
3.9399998 8.49 2.31 -9.167324 4.583662 -2.8647888
4.5499997 8.59 2.37 5.15662 -4.583662 2.291831
4.7999997 8.63 0.61 17.761692 -4.583662 0.57295775
4.56 8.57 0.52 13.178029 -2.291831 -1.1459155
4.1 8.51 1.78 -12.032113 2.8647888 -1.7188734
4.7 8.58 1.93 -4.583662 1.7188734 1.7188734
4.7 8.559999 1.09 6.3025355 0.57295775 0.57295775
4.31 8.62 1.3299999 3.4377468 -1.1459155 -4.0107045
4.22 8.71 1.5 0.57295775 -1.7188734 -2.8647888
4.39 8.8 1.42 -2.8647888 0.57295775 1.7188734
4.56 8.639999 2.0 -6.8754935 1.7188734 1.7188734
4.39 8.78 1.9699999 -2.291831 -0.57295775 -0.57295775
4.52 8.84 1.64 2.291831 -1.1459155 -1.1459155
4.5699997 8.98 0.7 6.8754935 1.1459155 0.0
4.5 8.84 1.55 -5.15662 3.4377468 0.0
4.39 8.87 1.9799999 -11.459155 2.291831 -0.57295775
4.37 8.53 1.9699999 -5.15662 -4.0107045 -2.291831
4.17 8.51 1.9 3.4377468 -5.15662 -5.15662
4.25 8.59 1.55 5.15662 -1.1459155 -0.57295775
4.92 8.74 1.43 0.0 0.0 1.7188734
4.92 8.74 1.43 0.0 0.0 1.7188734
4.44 8.54 1.5899999 -2.291831 0.57295775 -0.57295775
4.21 8.599999 1.93 -2.291831 -1.7188734 -2.291831
4.61 8.599999 1.4599999 0.0 -2.291831 0.0
4.3399997 8.57 2.07 -3.4377468 2.291831 -0.57295775
4.33 8.62 1.78 -0.57295775 -1.1459155 -1.7188734
4.43 8.76 1.6999999 1.1459155 -1.1459155 0.0
4.47 8.75 1.41 1.7188734 -0.57295775 0.57295775
4.31 8.57 1.68 -1.1459155 0.0 0.0
4.31 8.57 1.68 -1.1459155 0.0 0.0
4.25 8.67 2.47 -5.15662 -1.1459155 -0.57295775
4.58 8.83 1.4599999 5.7295775 4.0107045 0.0
4.58 8.83 1.4599999 5.7295775 4.0107045 0.0
4.49 8.65 1.65 -2.291831 3.4377468 -1.7188734
4.35 8.679999 1.76 -1.7188734 -1.1459155 -1.1459155
4.41 8.639999 1.67 0.57295775 0.0 0.0
4.2599998 8.599999 1.81 1.1459155 2.8647888 0.0
4.41 8.69 1.81 1.1459155 2.291831 0.0
4.5499997 8.78 1.64 1.7188734 0.57295775 0.57295775
