1.3479767 9.98652 0.17717634 -0.16089499 -6.05444 2.13171
1.446142 9.979338 0.19633053 -2.365895 -13.36944 0.41671
1.2809371 9.976943 0.14844504 -2.4708953 -13.509439 -1.05329
1.0319325 9.8787775 0.22266756 -3.870895 -8.049439 -2.66329
1.0032011 9.794978 0.27294734 -6.0758953 -4.19944 -1.9632901
1.1157321 9.72315 0.4764607 -7.965895 -4.58444 -0.10829
1.1899546 9.785401 0.82123625 -9.645895 -5.03944 1.3967099
1.3623424 9.888355 0.9577099 -7.5808954 -4.54944 2.20171
1.4533248 9.90272 0.5889916 0.119105 -7.17444 1.60671
1.3000913 9.897932 0.31604427 7.5741053 -9.484441 -0.0032900001
1.1133378 9.802161 0.25379312 9.044106 -7.73444 -1.4732901
1.1444633 9.715967 0.31843856 6.384105 -4.75944 -1.33329
1.1061549 9.694419 0.25858167 4.529105 -4.7944403 -0.38829002
1.1684061 9.694419 0.05027977 5.124105 -5.7044406 0.34670997
1.3216397 9.490906 -0.38068968 7.1891055 -6.57944 2.13171
1.3383996 9.182044 -0.68236834 8.624105 -10.11444 3.42671
1.0941836 8.74868 -0.83081335 7.0841055 -15.95944 2.27171
0.34956414 8.073495 -1.0702409 3.514105 -22.574442 1.0467099
-0.057462595 7.3839436 -0.9768641 -2.0158951 -27.194439 3.0417101
-0.3328042 6.656084 -0.8667275 -9.120895 -29.67944 11.861711
-0.1340794 5.9018874 -0.4644893 -14.7908945 -35.979443 22.991709
0.44294083 5.3440213 0.22027329 -20.635895 -44.30944 36.04671
0.5602603 5.0064287 1.5299416 -28.755896 -49.45444 50.46671
0.9194015 4.8388295 3.1748085 -34.355896 -50.854443 62.57671
1.2522057 4.7071443 5.00164 -31.450897 -53.09444 74.02171
1.4269878 4.5108137 6.0000525 -18.255896 -56.909443 83.64671
1.5778271 5.3703585 4.9705143 8.099105 -60.26944 89.94671
2.2266755 6.55313 5.0998054 32.634106 -55.29944 99.81671
3.9984388 7.3025384 6.8236833 25.319107 -37.16944 117.491714
5.6935854 7.762239 8.537984 -4.080895 -14.69944 134.15172
5.968927 7.726325 9.687236 -20.880896 -0.80443996 135.37671
6.167652 8.039975 10.63058 -19.900894 14.630561 125.85671
7.755056 8.300951 10.357633 -7.5108943 35.770557 122.70671
9.170073 8.645726 9.115005 53.494102 73.32556 125.086716
9.510059 9.701602 7.719142 81.074104 86.835556 113.36172
10.38397 10.530021 6.818895 95.144104 103.460556 104.366714
11.928277 10.91071 5.9210415 104.5941 121.52055 102.51171
13.589904 12.000105 4.5515165 115.61911 132.93056 95.266716
14.696059 12.893169 3.6560576 121.8141 132.93056 75.00172
15.033651 12.768667 3.1053743 121.114105 133.66556 48.33171
14.166924 11.684061 2.3846977 120.34411 144.79556 20.47171
12.953027 10.252285 1.7981004 118.17412 152.95058 -3.32829
12.840496 8.976136 2.7175019 105.9941 155.22556 -14.28329
12.431075 7.467743 4.417437 91.1191 155.47055 -16.76829
12.945844 6.4358106 5.195576 95.4941 155.85556 -16.38329
14.202838 5.686403 3.6488748 125.10411 151.09557 -10.18829
13.242734 5.29853 1.7262721 161.6091 143.92056 -15.403291
11.782227 4.4916596 0.66800267 178.47911 138.11057 -33.813293
11.042396 4.9178405 0.9289786 171.8291 134.12056 -39.658287
11.825323 6.012024 0.5770202 153.3841 135.24055 -39.028294
13.175694 5.707951 -1.3862851 145.01909 140.42056 -26.56829
12.18207 5.767808 -1.5395187 142.98909 136.67555 -26.00829
10.733534 6.517216 -1.2402344 134.6591 123.69056 -45.22329
11.435057 7.613794 -1.9106313 126.189095 115.500565 -56.94829
12.682474 7.9944835 -3.8763309 126.7841 113.015564 -49.49329
13.415122 8.303345 -4.6736245 130.94911 103.74056 -45.713287
13.898766 8.487704 -4.879532 120.90411 91.28056 -58.523293
13.812572 8.940222 -5.7175283 107.6041 77.07056 -77.45829
13.721589 8.499676 -6.3208857 98.53911 73.60556 -93.83829
12.713599 7.429435 -5.62894 83.24411 74.095566 -107.5583
11.825323 7.0726876 -5.1452966 66.2341 66.430565 -124.9533
11.492519 6.4573593 -5.260222 61.229107 53.93556 -137.2383
10.688043 5.621757 -6.229903 71.34411 36.78556 -142.0683
9.308941 4.992063 -6.3639827 84.8891 17.46556 -146.5483
7.8987126 4.6760187 -5.279376 85.8691 -1.2944399 -152.21829
5.7893567 4.640105 -5.1285367 79.5341 -20.579441 -151.48329
4.573065 4.826858 -5.360781 84.5391 -37.90444 -144.2033
4.3432145 4.6496816 -5.4062724 94.68911 -50.43444 -133.28328
3.6800003 4.398283 -6.1054006 98.644104 -69.64944 -118.8633
2.4876516 4.5467277 -6.2753944 101.129105 -85.399445 -110.18329
1.2546 4.992063 -6.117372 100.044106 -98.10444 -106.648285
0.5363176 4.9106574 -5.1716337 87.269104 -143.74443 -99.05329
0.14126222 4.697567 -4.7717896 82.544106 -158.86444 -93.17329
-0.41181526 5.0207944 -4.661653 84.11911 -172.75945 -86.52329
-0.55786604 4.9800916 -5.054314 82.8591 -182.48943 -79.20829
-0.9624985 4.913052 -5.030371 70.644104 -183.01443 -73.2233
-1.3671309 5.0231886 -4.8124924 52.794106 -174.15944 -66.50329
-1.2689656 5.3799353 -4.352792 38.96911 -174.40443 -60.098293
-0.65842557 5.0758624 -3.7733772 25.074106 -189.73445 -57.403286
-0.9122187 4.398283 -2.4254005 6.279105 -195.22945 -59.888287
-2.8252442 4.2546263 -0.5219519 -7.930895 -185.88445 -67.3083
-4.063084 4.333637 0.9289786 -5.550895 -181.12444 -72.908295
-4.2642035 3.9673133 0.72785956 21.189104 -187.38943 -68.91829
-4.6544704 3.6129606 0.09577099 61.229107 -197.85443 -62.19829
-5.0830455 3.4573328 -0.14605077 89.99911 -205.27444 -59.15329
-5.516409 3.3926873 -0.8475733 105.2591 -209.40443 -53.83329
-5.99287 3.3950818 -0.35914123 104.45411 -206.67444 -44.48829
-6.0886407 3.1748085 0.36632404 88.5641 -197.67944 -31.503288
-5.9665327 3.1029801 1.0822122 75.1241 -187.66945 -14.28329
-5.540352 3.1173458 0.9888355 71.9391 -180.98444 3.67171
-5.106988 3.2370596 0.9122187 69.769104 -175.48944 19.07171
-4.515602 3.1508656 1.489239 58.219105 -162.15445 32.826714
-4.0151987 2.4517374 2.432583 43.589108 -147.59445 42.24171
-4.187587 2.1045675 2.6887705 39.634106 -142.02943 43.991707
-3.703943 2.3775148 2.753416 46.284107 -144.86444 41.96171
-1.8268317 2.691165 3.1125572 52.059105 -142.37943 48.85671
-1.9297855 2.3200524 3.7446458 52.899105 -129.60443 59.566715
-4.8938975 2.6887705 3.7518287 60.42411 -113.25944 53.72171
-6.6584783 4.2187123 1.9824595 85.2041 -95.37444 39.686707
-4.2642035 4.3791285 -0.052674048 118.629105 -87.98944 52.04171
-1.036721 3.9697077 0.0023942748 128.7791 -99.64444 86.58671
-2.7917244 5.1883936 1.6544439 100.114105 -115.884445 106.81671
-5.2051535 6.9912825 3.6392977 60.9841 -111.789444 98.69671
-3.2083282 6.4980617 4.364763 34.034103 -90.40444 94.146706
0.7541966 5.078257 5.2841644 29.169106 -87.56944 117.38672
-0.076616794 6.136526 6.3927135 35.889107 -105.174446 135.2017
-0.7901107 8.370385 6.6153812 41.734104 -112.734436 125.19171
2.7582045 8.20518 5.5379577 49.679104 -82.704445 121.061714
2.9377751 8.444607 5.0207944 54.264103 -48.159443 135.41171
-0.59378016 10.829305 6.6201696 46.564106 -27.75444 133.1017
0.2083019 11.320131 6.411868 23.359106 -4.7944403 114.30671
2.3894863 11.169292 4.9106574 25.634104 -1.08444 122.95171
2.6839821 11.032818 4.5108137 9.079105 -0.27944002 122.35672
1.1181264 11.411114 7.8891354 -32.9909 2.90556 119.41672
1.446142 11.822929 10.146936 -56.230896 20.16056 122.391716
4.8747435 12.28263 8.667274 -28.300896 35.00056 131.6667
6.3208857 12.220379 4.6736245 20.874105 39.445557 128.44672
5.0495257 11.396749 3.5794408 32.214108 48.475563 104.47171
2.2099156 11.09507 5.111777 5.649105 67.20056 85.60671
3.5602865 11.277035 5.296136 -9.855896 80.53556 90.08671
5.9713216 11.736735 4.0319586 4.319105 80.39556 102.47671
6.7446723 11.724764 2.2194927 24.339104 76.61556 100.936714
4.4246197 11.423085 1.977671 25.529106 85.12056 82.21171
3.2394538 11.262669 2.3032923 16.009104 93.59056 72.16671
4.393494 11.277035 2.6720107 10.759106 96.21556 72.30671
6.3639827 12.16531 1.7262721 11.529105 91.31556 79.48171
6.986494 12.201224 0.79250497 15.624105 96.63557 81.23171
5.1021996 11.540404 1.1372806 14.784105 97.30057 66.95171
3.677606 11.11183 2.1835787 6.874105 90.65056 47.666714
5.5140147 11.518856 2.004008 -1.2108951 89.18056 47.07171
6.8883286 11.691244 2.013585 -4.850895 94.92056 61.526707
5.6409116 11.329708 2.6193366 -6.565895 105.350555 59.146706
4.7622128 11.020847 2.3152637 2.289105 105.66556 41.43671
5.851608 11.545193 1.3527653 19.299105 96.04056 32.93171
6.7829804 11.949825 -0.23942748 29.974108 98.17556 36.15171
5.7366824 11.415902 -0.7206767 32.599106 105.66556 31.566713
4.3791285 10.874796 -0.023942748 28.049105 98.98057 13.85671
4.6927786 10.853248 0.17957062 18.004105 88.27056 3.07671
4.817281 10.78142 -0.7853221 13.034105 85.96056 5.87671
3.8978794 10.38397 -1.3695252 19.929104 85.78556 6.26171
3.2298768 10.161303 -1.2546 26.789106 73.53556 -2.83829
2.8491871 10.134965 -1.1444633 25.144106 58.205563 -7.5632906
2.7294734 9.737515 -0.5913859 18.914104 52.43056 -5.07829
2.9641123 9.4095 0.18196489 13.559106 49.87556 1.11671
3.6512692 9.464568 0.36871833 15.764104 40.705563 5.56171
4.2019525 9.852441 -0.21548474 25.704105 28.66556 8.571711
3.5219781 9.847652 -0.6751855 37.184105 21.14056 7.38171
3.3663504 9.627379 -0.33759275 34.699104 19.075562 -1.6132901
3.459727 9.486116 -0.08619389 24.899107 13.72056 -0.77329
3.2202997 9.234718 0.27294734 15.554105 10.5705595 -0.91328996
3.0957973 9.115005 0.9481328 6.174105 9.73056 -1.08829
2.9689007 9.158101 1.1636176 5.194105 6.09056 -0.94829
3.1053743 9.1628895 0.82123625 11.144105 1.36556 -0.24829
3.2466366 9.191621 1.0510867 11.249105 -1.8544401 0.62671006
3.275368 9.347249 1.6568382 4.424105 -2.97444 -0.59828997
2.9808722 9.361614 1.8866886 1.2391051 -1.64444 -2.73329
2.9617178 9.213169 1.9656997 3.4091048 -0.20944 -3.57329
2.8467927 9.2419 2.020768 7.6441045 -1.60944 -3.50329
2.9305923 9.27542 1.6927522 11.949105 -3.95444 -3.81829
3.1029801 9.296969 1.489239 12.509106 -1.04944 -2.13829
2.8396099 9.287392 1.7837347 9.814105 1.15556 -1.9632901
2.4445546 9.117398 1.8340145 9.114104 0.63056004 -3.11829
2.6456738 9.076695 1.359948 13.349105 -2.1344402 -2.73329
3.205934 9.299363 0.9433443 15.099107 -1.99444 0.13671002
3.1293173 9.435837 1.4652961 8.274105 0.70056003 1.2567099
2.80609 9.349643 1.8675344 -1.105895 0.31556 -1.6132901
2.6624336 9.26345 1.7430321 -3.170895 -0.97944003 -4.06329
3.0096035 9.237112 1.5131817 0.014105 -0.83944 -3.04829
2.978478 9.304152 1.6328955 1.659105 -2.1344402 -1.6832901
2.6983478 9.27542 1.7095122 1.0291051 -2.55444 -3.01329
2.762993 9.229929 1.3743137 1.7991052 -1.95944 -4.02829
3.1436827 9.320911 1.3431882 3.024105 -1.88944 -2.7682903
3.222694 9.337671 1.4844503 1.2041049 -2.6944401 -1.92829
3.0383348 9.282603 1.5012103 -0.54589504 -4.8294396 -4.02829
2.8491871 9.196409 1.3048798 0.679105 -7.13944 -6.79329
2.7151077 9.220352 1.2737542 3.3391051 -9.974441 -8.19329
2.6624336 9.217958 1.5514901 2.499105 -10.67444 -8.12329
2.6648278 9.14613 1.594587 -1.2108951 -8.644441 -7.38829
2.595394 9.174861 1.6831752 -2.925895 -5.28444 -5.42829
2.892284 9.270632 1.8172545 -3.240895 -1.95944 -3.43329
2.9617178 9.27542 1.6161355 -1.875895 -1.64444 -2.20829
2.80609 9.366403 1.3072741 2.814105 -4.51444 -2.41829
2.47568 9.304152 1.2929084 6.9091053 -5.31944 -4.51829
2.5331428 9.215564 1.6233183 5.229105 -3.91944 -4.76329
2.80609 9.165284 1.7143008 0.294105 -0.73444 -2.31329
3.047912 9.282603 1.2713599 0.25910503 0.45556 0.31171
2.8994668 9.299363 1.036721 9.884105 -8.11944 -3.36329
2.4182177 9.335278 0.9960183 8.764105 -9.274441 -6.1982903
2.4637089 9.217958 1.1540405 3.8991053 -6.82444 -4.83329
2.7055306 9.186832 1.1492519 0.539105 -6.01944 -1.08829
2.8276386 9.282603 1.1085492 -0.650895 -4.40944 0.76671
2.6025767 9.256267 1.4317763 -2.0508952 -2.02944 -0.10829
2.466103 9.215564 1.3623424 -1.245895 -2.06444 -1.22829
2.667222 9.308941 0.87630457 2.779105 -3.9894397 -0.28329
2.80609 9.364009 0.84039044 2.709105 -3.32444 1.7467101
2.813273 9.323306 1.2785428 -2.715895 -1.60944 1.64171
2.803696 9.306546 1.4748733 -5.375895 -2.44944 0.69671
2.578634 9.308941 1.1971374 -1.770895 -5.10944 -0.52829
2.640885 9.244295 1.1181264 1.5191051 -5.03944 -0.21329
2.7773588 9.184438 1.5203645 -0.16089499 -4.65444 1.0467099
2.7869358 9.373586 1.5059988 -0.825895 -4.75944 0.94171
2.8204558 9.3831625 1.1899546 3.7591047 -5.3544397 0.066709995
2.7558103 9.387952 1.0127783 7.469105 -7.24444 -0.66829
2.6121538 9.452597 1.0989721 6.5591054 -7.2094407 -1.71829
2.5666625 9.411894 1.201926 2.604105 -5.59944 -1.5082899
