2.2458298 9.318518 1.7981004 -7.1060853 3.397345 1.4025201
2.516383 9.311335 2.004008 -12.181085 4.867345 1.57752
2.6744049 9.387952 2.1572416 -15.296084 4.027345 3.4675202
2.4110348 9.4142885 1.9633054 -12.356086 3.5373452 4.48252
2.2961094 9.311335 1.7621863 -4.971085 2.942345 2.48752
2.4014575 9.289786 1.6137413 2.168915 1.9623449 0.24752
2.351178 9.335278 1.6185298 4.4439154 1.052345 1.2625201
2.4086404 9.364009 1.6759924 3.1139147 0.80734503 2.7675202
2.6169424 9.411894 1.7454263 1.293915 0.52734506 3.08252
2.4852571 9.390346 1.6281068 0.34891498 -0.34765503 3.1525202
2.3679378 9.27542 1.5538844 1.048915 -0.9426551 2.2775202
2.3679378 9.203592 1.690358 1.8889148 -1.0126549 0.70251995
2.3655436 9.177256 1.8316202 0.418915 -1.467655 0.63252
2.3870919 9.239507 1.8962656 -1.961085 -1.3976551 1.33252
2.413429 9.225141 1.8244374 -2.346085 -1.3626549 1.9625201
2.4469488 9.2419 1.8411974 -0.281085 -1.3276551 2.97752
2.4014575 9.119793 1.960911 2.2389152 -1.3626549 3.92252
2.2721667 8.990502 2.1045675 3.043915 -1.642655 4.79752
2.2601955 8.906702 2.1093562 2.623915 -1.642655 5.04252
2.1740015 8.722343 2.248224 2.028915 -0.172655 6.79252
1.908237 8.466156 2.8084843 1.783915 0.492345 9.767521
1.9058428 8.128563 3.6297207 -1.016085 -0.417655 11.83252
1.6951466 8.099832 4.2235007 -7.9110847 -1.082655 14.84252
1.3862851 7.74069 4.697567 -16.031086 1.752345 19.95252
1.4964218 7.7574506 5.442187 -20.301085 8.857345 26.53252
2.413429 7.9513865 6.038361 -19.286083 22.962345 45.572517
2.5499027 7.886741 6.3735595 -12.811085 16.312344 52.99252
2.4972286 8.18842 7.273807 -10.291084 11.482345 55.022522
4.2665977 8.820508 8.095043 -12.251086 21.597345 61.042522
5.087834 9.814133 7.640131 -3.326085 38.747345 68.91753
4.5874305 9.943423 6.6608725 16.168915 51.97735 63.037525
3.9313993 9.059936 5.930619 30.938915 69.26735 48.51252
3.3591676 8.0687065 6.136526 31.323914 86.137344 39.517517
3.0215747 7.5299945 6.5004563 17.603914 90.82735 48.12752
3.7494342 7.9489923 7.0008597 18.058916 88.09734 62.687523
5.4757066 7.642525 7.2714124 26.633917 89.98734 72.38253
5.4733124 7.350424 7.048745 46.618916 91.912346 74.13252
5.3368387 7.467743 6.0599093 72.76391 95.412346 74.13252
6.8476257 9.522031 5.482889 88.75892 96.95235 78.36752
8.877971 9.296969 4.529968 91.83891 103.67235 80.67752
8.430242 8.626573 4.122941 86.93892 111.61735 64.717514
7.3001437 9.917087 4.417437 78.50392 117.39235 45.22252
8.887548 10.360027 3.6584518 74.82892 121.03235 45.362522
9.624985 10.00328 3.2202997 70.488914 124.74234 47.252518
9.28021 9.885961 2.9689007 63.733917 129.74734 33.98752
9.12937 10.486923 3.4238129 60.30391 126.63235 20.44252
9.93624 10.762265 3.5076127 56.628914 120.57735 15.47252
10.194822 10.403124 3.0215747 53.828915 121.17235 14.6675205
9.543579 10.513261 3.3424077 54.108917 126.842354 8.157519
9.830893 10.78142 3.7590115 61.283913 118.09235 0.73752
10.738322 10.23313 3.1772027 75.03892 99.47235 1.71752
11.648147 9.62259 2.257801 89.388916 94.78235 5.1125197
12.402344 9.481328 1.4389591 101.67392 101.082344 5.39252
12.77585 9.205987 0.009577099 118.64891 103.32235 0.49252003
12.036019 8.150111 -1.8076775 142.72891 94.92235 -14.38248
10.688043 7.762239 -3.849994 165.33893 86.662346 -33.49248
9.213169 8.430242 -4.187587 164.98892 81.79735 -48.437477
8.882759 8.346442 -4.271386 138.35393 77.84235 -56.942482
8.61939 8.193209 -4.862772 116.128914 73.22234 -59.77748
7.901107 8.006455 -5.2482505 110.91391 55.932346 -64.817474
7.3169036 8.164477 -5.355993 109.65392 29.577345 -75.492485
7.106208 8.05434 -5.604997 101.81391 12.987345 -81.26748
7.3145094 7.5683026 -5.4230323 87.32391 1.052345 -79.58748
7.1540933 7.26423 -4.9346004 68.878914 -13.6476555 -82.52747
6.7662206 6.976917 -4.5898247 51.378918 -28.102655 -90.71748
5.863579 6.4334164 -4.106181 39.373917 -39.302658 -100.65748
4.6712303 6.0431495 -3.9361877 30.763916 -46.862656 -109.12748
3.7015488 5.978504 -3.9146392 28.663914 -51.447655 -115.95248
3.3232534 5.6504884 -3.938582 32.303917 -61.072655 -118.927475
2.370332 5.5283804 -3.790137 37.93892 -78.432655 -116.96748
1.0774237 5.715134 -3.5842295 42.873917 -94.462654 -114.09748
1.0079896 5.9018874 -3.737463 47.423916 -106.957664 -110.21248
1.2210802 5.897099 -3.849994 52.603912 -121.72766 -102.26748
0.68236834 5.8444247 -3.5219781 54.808914 -135.90265 -91.66248
-0.7446195 5.5906315 -2.9114382 35.208916 -140.41766 -87.53248
-1.5323359 5.5978146 -2.2937152 23.028915 -135.90265 -84.69748
-2.0375278 5.9114647 -1.8244374 20.858915 -134.71266 -74.61748
-1.6137413 6.0479383 -1.4174107 31.533918 -140.48766 -62.22748
-1.0295382 5.731894 -1.6831752 46.128914 -148.88766 -52.95248
-0.9433443 5.7582307 -1.8866886 54.283916 -157.98766 -47.807484
-1.4557191 6.100612 -1.185166 47.738914 -164.74266 -41.01748
-1.908237 6.2346916 -0.42378664 33.528915 -160.26265 -33.352478
-2.0087965 5.810905 0.22027329 25.793915 -154.52266 -29.43248
-2.7222905 5.5307746 0.6105401 30.203917 -155.04765 -31.91748
-3.318465 5.4948606 0.76137936 43.293915 -157.70766 -34.227478
-3.3400133 5.054314 0.14126222 61.913918 -158.37265 -32.02248
-3.6201434 4.7885494 -0.48843205 73.49892 -159.38765 -26.49248
-4.4126487 4.846012 -0.39266106 68.35392 -156.44766 -20.437479
-5.2458563 5.5978146 0.021548472 56.593918 -149.55266 -11.86248
-4.182798 6.021601 0.5985687 50.048916 -156.20265 7.73752
-2.6528566 5.506832 0.32801566 47.66892 -174.89265 36.332523
-3.4860642 5.4062724 -0.21069619 37.343914 -164.67267 44.20752
-5.2841644 5.8947043 0.84996754 9.483915 -121.20266 27.75752
-5.1237483 5.7438655 1.9633054 -21.316084 -88.30266 25.02752
-3.512401 5.0231886 2.6265194 -29.506086 -94.42765 43.19252
-3.7422516 5.4493694 3.3208592 -14.561086 -120.29266 52.222523
-4.685596 5.9641385 3.74704 11.653914 -134.85266 42.98252
-3.8883023 5.777385 3.1915684 40.248917 -136.28767 39.65752
-3.275368 5.8324533 2.17879 62.54392 -134.67766 52.15252
-3.2490308 6.4429936 1.786129 68.03892 -121.97266 63.807526
-3.1484714 7.1588817 2.011191 53.828915 -99.39766 66.43252
-2.22907 6.605804 2.9856608 28.943916 -84.487656 68.60252
-2.5570855 6.4501762 3.7015488 7.5589156 -78.32765 70.70252
-3.0886145 7.2546525 3.849994 0.068915 -73.63766 64.64752
-2.2410412 7.613794 3.3400133 5.1789155 -65.20265 58.732517
-1.403045 7.3671837 3.3926873 13.298915 -59.11266 65.03252
-2.0949905 7.721536 3.938582 12.003915 -60.442654 72.52252
-2.1213274 8.554744 4.0822387 5.388915 -58.342655 66.99252
-0.8834874 8.834874 3.7829542 6.578915 -47.702656 65.452515
-0.52674043 9.012051 3.545921 17.673916 -41.402657 78.017525
-0.014365649 9.378374 4.4222255 20.053915 -39.197655 78.54252
0.5458947 10.012857 4.3623686 9.938915 -35.242657 70.737526
-0.098165266 10.175668 3.615355 11.268915 -4.1626554 67.41252
-0.36871833 10.170879 3.5578923 13.088915 0.072345 66.67752
0.26097596 10.252285 3.9888618 4.4439154 -10.952656 66.047516
0.6488485 10.800573 4.278569 -1.961085 -16.097656 69.79252
0.73743665 11.104647 4.228289 -1.366085 0.212345 72.45252
1.7358493 10.652128 3.7781656 2.483915 8.087345 71.33251
2.0973847 10.355239 3.641692 -1.996085 4.7623453 62.932514
0.8044763 10.872402 4.786155 -17.641085 10.922345 52.67752
0.83081335 10.795785 4.913052 -22.646084 31.642347 56.03752
2.0854135 10.697619 4.350397 -8.051085 42.38735 63.282524
2.743839 10.68086 3.2107224 11.303915 36.192345 61.217518
1.6975409 10.829305 3.0048149 15.958915 35.457344 51.24252
1.7166951 10.656918 3.2490308 9.203916 46.307343 48.72252
2.516383 10.656918 2.9425638 6.123915 53.237347 53.69252
3.328042 11.004087 1.9752767 10.078915 56.28235 55.19752
3.512401 10.946625 1.1636176 10.113915 63.912342 50.26252
3.7853484 10.254679 0.7781393 -0.106085 63.98235 40.28752
2.5331428 10.230737 1.7837347 -23.241085 55.407345 29.857523
2.020768 10.508472 3.6823947 -53.061085 56.457348 25.482521
3.0766432 10.824516 3.6919718 -56.771084 63.247345 34.65252
3.7853484 11.008876 2.7318676 -28.071085 54.427345 44.52252
4.0750556 11.186052 1.0439038 6.508915 41.057346 46.09752
3.9361877 11.221966 0.6296943 17.183914 34.757347 42.35252
3.8212626 11.214784 1.201926 -1.7860851 39.867348 36.717518
3.7350688 11.22436 2.4110348 -28.911085 48.057343 33.56752
3.4645157 11.025636 2.9760835 -41.161087 52.782345 31.60752
3.493247 10.726351 2.5139885 -26.741085 46.902344 26.67252
3.7614057 10.6497345 1.8220432 -0.001085 36.437344 23.347519
4.249838 10.745505 1.1181264 15.433915 31.537346 24.187521
4.1756153 10.496501 1.3096683 12.913915 37.277344 25.34252
3.5315554 10.173274 1.9273912 1.293915 43.997345 21.77252
3.4142358 10.242707 2.011191 -5.881085 42.352345 15.12252
3.6225379 10.216371 1.5610672 -1.436085 39.237347 13.127521
3.668029 10.168485 0.96489275 12.318915 39.272346 16.48752
3.572258 10.225947 0.31125572 25.373915 35.632347 16.80252
3.3352249 10.362421 0.22745611 29.188915 30.032345 14.142521
3.545921 10.336084 0.11971374 24.533915 28.072346 12.56752
3.7111259 10.185245 0.36632404 19.423914 25.692347 13.162519
3.519584 10.340873 0.29689008 14.593915 19.987345 11.062519
3.5411325 10.192428 0.20590763 10.113915 19.952345 6.02252
3.4357843 10.051166 0.09337672 12.108915 15.647346 5.1825204
3.344802 9.967366 0.016759925 11.793915 7.352345 0.91252
3.4716985 9.926663 0.4740664 4.1289153 1.9273449 -1.3274801
3.3304362 9.785401 1.0798179 -4.691085 1.8923451 -2.23748
3.0550947 9.495694 1.1612233 -5.391085 4.7623453 -2.37748
2.8779182 9.325701 1.23784 -1.961085 2.662345 -1.85248
2.8348215 9.337671 1.489239 -0.421085 -3.252655 -1.6774801
2.6863763 9.205987 1.786129 -2.1010852 -5.8426547 -0.87248
2.7773588 9.031204 2.2338583 -3.711085 -3.602655 2.13752
2.9377751 9.119793 2.351178 -0.841085 -3.2876549 6.2675204
2.971295 9.27542 2.169213 6.858915 -5.352655 6.6175203
2.9760835 9.148524 1.924997 13.683915 -6.647655 5.1125197
2.9952378 9.076695 1.8292259 16.098915 -6.227655 5.14752
3.1125572 9.150918 1.6281068 15.468915 -4.862655 4.8675203
3.407053 9.332883 1.5490957 12.318915 -2.1326551 4.83252
3.5578923 9.356826 1.647261 6.753915 -0.277655 3.6775198
3.284945 9.179649 1.611347 1.713915 -1.117655 -0.55748
2.901861 9.059936 1.7550035 -2.311085 0.002345 -4.33748
2.8707354 9.019233 1.9944309 -5.356085 1.262345 -4.68748
2.9689007 9.038387 1.9896424 -5.111085 0.282345 -3.32248
3.0383348 9.12937 1.7573977 -1.0860851 0.282345 -0.9774801
2.9856608 9.165284 1.6544439 3.393915 0.9473451 0.87752
2.9425638 9.1940155 1.6999351 4.8289146 -0.80265504 0.91252
3.0981915 9.217958 1.6927522 3.8489149 -1.782655 1.15752
3.275368 9.273026 1.8292259 1.5039151 -0.907655 2.41752
3.275368 9.282603 1.9968252 -1.541085 0.66734505 2.97752
3.1412885 9.196409 1.9800652 -2.871085 -0.207655 0.45752
3.0527003 9.103033 1.8004947 -1.4710851 -1.082655 -2.37748
3.0886145 8.992896 1.8579572 0.698915 -1.1876551 -3.14748
2.8970726 8.92825 1.9872481 -0.281085 -1.607655 -3.46248
3.0000262 9.06233 2.013585 -1.961085 -0.137655 -3.2524803
3.215511 9.098245 1.7621863 -0.98108494 1.087345 -1.3274801
3.083826 9.098245 1.4844503 3.5689151 -0.137655 0.07252
2.865947 9.074302 1.7885233 5.843915 -2.797655 -1.39748
2.875524 9.064724 2.0949905 1.293915 -3.147655 -2.37748
3.031152 9.107821 2.1237218 -3.7810853 -1.1526549 -0.59248
3.2274826 9.167678 1.8842943 -3.0810852 1.227345 1.54252
3.1580484 9.27542 1.7957062 1.993915 0.072345 2.41752
3.0119977 9.26345 1.6807809 3.4989152 -3.8826551 -1.01248
3.0096035 9.165284 1.8220432 -2.976085 -1.082655 -0.94247997
3.059883 9.117398 2.083019 -8.716085 1.087345 -0.45248002
2.9473522 9.091062 2.2625897 -10.0110855 1.5423449 -0.73248005
2.997632 9.117398 2.0494993 -5.706085 2.557345 -0.38248
3.15326 9.0838785 1.9106313 -0.036085 0.107345 0.10752001
2.9928436 9.09585 1.9106313 1.538915 -2.727655 -1.3274801
2.9162266 9.107821 1.9297855 -0.21108499 -0.34765503 -1.6774801
2.9689007 9.107821 1.8459859 -0.316085 1.577345 0.52752
3.0383348 9.225141 1.6352897 2.588915 0.037345003 0.59752005
3.0527003 9.225141 1.7095122 2.9039152 -2.342655 -0.03248
2.9497466 9.205987 2.0279508 -1.646085 -1.292655 0.00252
2.9521408 9.198804 2.1021733 -3.816085 1.4723449 0.52752
3.2681851 9.232324 1.838803 0.24391499 0.772345 1.50752
3.0910087 9.26345 1.620924 5.6339154 -2.167655 0.77252
2.8587642 9.26345 1.5802214 6.158915 -2.2726552 -1.39748
3.0383348 9.150918 1.7909175 1.5739151 -0.067655 -1.22248
3.3160706 9.122187 1.8004947 -2.2060852 0.42234498 0.42252
3.1412885 9.098245 1.6065584 -1.7510849 -1.257655 0.28252003
2.7773588 8.992896 1.5969813 -1.051085 -2.2026548 -2.8324802
2.935381 8.940222 1.8699286 -4.306085 -2.237655 -4.30248
