2.4349775 9.699207 0.3040729 6.144565 1.7248701 2.985815
2.2314641 9.6585045 0.10774237 9.994565 -7.935129 1.9708152
1.690358 9.744699 0.34956414 3.2045648 -1.39013 -2.8241851
1.6999351 9.7135725 0.44054657 -1.345435 -0.62013006 -2.649185
1.9872481 9.653716 0.5865973 -2.045435 -3.2101302 -0.68918496
2.0590763 9.684841 0.505192 -0.365435 -5.5901303 -0.374185
1.8962656 9.701602 0.47885495 0.789565 -5.45013 -1.424185
1.8459859 9.617802 0.5123748 0.054565 -3.3851302 -1.844185
1.7909175 9.627379 0.5913859 -0.925435 -2.40513 -0.759185
1.7981004 9.61062 0.6081458 -0.645435 -2.33513 0.605815
1.8723229 9.517242 0.58420306 0.71956503 -3.5951302 2.1108148
1.8819 9.349643 0.54350036 2.609565 -7.02513 3.230815
1.9944309 9.342461 0.46209505 4.219565 -10.630131 4.105815
1.9992194 9.361614 0.30167863 5.199565 -11.22513 4.4558153
1.7119064 9.115005 0.30167863 3.764565 -9.02013 3.9658148
1.8244374 8.8324795 0.5219519 0.439565 -7.02513 4.6658154
0.91700727 8.7534685 0.64166564 -2.9904351 -9.12513 7.150815
0.6440599 8.394327 1.3096683 -6.735435 -11.15513 11.770815
0.38068968 7.9609637 2.099779 -11.180435 -14.23513 19.610815
0.009577099 7.6880164 3.1819913 -14.750436 -19.73013 32.45581
0.071828246 7.467743 4.350397 -18.775434 -20.85013 50.515816
0.29689008 7.233104 5.2075477 -24.830435 -19.27513 74.070816
2.169213 7.513234 7.3408465 -34.280437 -12.520129 104.030815
5.99287 8.358414 9.105427 -37.290436 9.59987 132.20581
7.290567 9.634562 8.296163 -14.995436 35.954872 139.76582
7.355212 11.087887 6.3280683 32.149567 49.14987 120.27082
6.304126 11.423085 5.133325 71.944565 51.80987 83.975815
5.5810547 11.358439 4.7262983 81.32457 52.68487 50.83082
6.055121 11.109435 4.4844766 69.94956 67.909874 37.460815
7.0607166 10.73114 4.982486 52.55456 90.65987 40.155815
7.5084457 10.166091 4.9274178 42.019566 106.339874 46.315815
7.642525 9.615408 4.5275736 48.704567 106.75987 45.965813
7.099025 9.28021 3.8021083 66.904564 102.38487 40.225815
8.844451 9.890749 3.4573328 85.06957 104.379875 36.025814
10.800573 9.8237095 2.6001825 98.194565 106.199875 38.475815
9.842864 9.364009 0.9864412 109.25456 102.979866 33.575817
8.696006 9.040782 0.102953814 120.52456 102.06987 8.445816
8.248277 8.688824 0.071828246 121.469574 102.909874 -16.544188
8.992896 8.8636055 0.37590113 86.99456 108.089874 -25.469187
9.912297 8.909097 -0.07422252 76.80957 113.44487 -24.174187
9.534002 8.5882635 -0.7781393 75.374565 113.269875 -31.419184
8.913885 8.322499 -0.7853221 72.39957 110.29487 -45.664185
9.131764 8.41827 -0.8140534 67.18457 106.51487 -53.049183
9.57231 8.260248 -1.9800652 64.66457 109.69987 -51.264187
9.229929 7.9944835 -2.6073654 58.749573 119.114876 -52.839188
8.492493 8.111803 -2.865947 53.639565 121.38986 -59.629185
7.9418097 8.396722 -3.3639562 56.194565 113.47987 -69.49918
7.9585695 8.516436 -4.182798 62.564568 99.02487 -73.13919
7.735902 9.000079 -4.450957 65.749565 82.81988 -75.30919
8.178843 9.385557 -4.925023 67.67457 69.72987 -77.969185
7.6712565 9.284998 -5.9042816 72.50456 57.51487 -85.07419
6.8955116 9.651321 -5.827665 76.80957 40.74987 -95.609184
6.4860907 10.106234 -5.478101 78.209564 16.70487 -104.53419
6.8332605 10.032011 -6.177229 81.359566 -8.91513 -104.63919
6.646507 9.502876 -6.4860907 82.374565 -18.92513 -99.73919
6.3544054 8.813326 -6.411868 76.70456 -22.60013 -101.17419
5.33205 7.599428 -6.7877693 74.499565 -37.09013 -107.75418
3.9098508 7.26423 -6.3400397 74.84956 -59.070133 -118.219185
3.1556542 6.7470665 -5.8875217 67.84957 -76.78013 -124.72919
2.3727264 5.9018874 -5.930619 57.944565 -87.87513 -119.9692
1.8244374 5.849213 -5.5714774 50.524567 -98.51513 -112.37418
1.0032011 5.5379577 -4.652076 41.039562 -108.52513 -109.95919
0.16520496 5.193182 -4.400677 32.114563 -117.52014 -107.719185
-0.26337022 5.320079 -3.955342 29.804565 -127.495125 -101.06919
-0.74222517 4.8292522 -3.6800003 30.224567 -134.56512 -91.969185
-1.5490957 4.9537544 -3.3831103 32.429565 -142.44014 -84.47919
-1.6831752 4.9968514 -3.1819913 35.26457 -153.95512 -79.54418
-1.5778271 4.573065 -2.8994668 31.904566 -162.98512 -70.26919
-2.6145482 4.786155 -2.3320236 20.774565 -157.03513 -59.594185
-2.8707354 5.777385 -1.7573977 11.884565 -144.75014 -54.694183
-2.3942747 5.8875217 -1.8196489 13.354566 -145.87013 -54.029186
-1.7190893 5.2841644 -2.4445546 20.564566 -159.34512 -52.454185
-2.8874955 4.800521 -2.2530127 21.194565 -161.69012 -51.124184
-5.06868 4.532362 -0.7972935 7.579565 -146.15013 -57.63419
-5.9473786 4.8555894 1.211503 -17.480434 -148.21513 -69.32419
-5.140508 4.869955 1.6664152 -7.4354353 -156.44012 -45.804184
-4.453351 4.7933383 1.1444633 14.404565 -153.88513 -24.034185
-4.4629283 4.9178405 0.7015225 34.459564 -149.93013 -20.464186
-4.62095 5.1692395 0.52674043 44.504566 -155.18013 -21.479187
-4.7550297 5.260222 0.6751855 41.38957 -157.31512 -18.049185
-4.7191157 4.5898247 1.3192455 29.629566 -148.28513 -11.119185
-4.786155 4.07745 1.4844503 22.699566 -137.43512 -5.099185
-4.6041903 3.9864676 1.8914771 20.074564 -133.48013 1.900815
-4.5443335 4.192375 2.0710478 18.884565 -134.42513 9.180816
-4.252232 4.2546263 1.9824595 18.079565 -135.75513 15.620815
-3.955342 4.5443335 2.47568 12.234565 -134.98514 24.615814
-5.011217 5.233885 3.4238129 3.2745652 -129.38513 30.355812
-5.025583 5.190788 4.02717 2.819565 -121.23013 30.250816
-4.843618 5.0207944 3.9074564 14.929565 -123.54013 28.675816
-4.2833576 5.2051535 3.3424077 30.854563 -132.74513 34.520813
-4.9106574 5.377541 3.215511 34.774567 -132.18513 44.040813
-4.0966043 5.1979704 4.3911 21.929564 -117.76514 49.81582
-2.4876516 5.047131 5.777385 5.724565 -107.44013 58.425816
-2.885101 5.8587904 5.566689 6.0045652 -109.54013 68.64581
-4.000833 6.179623 4.972909 20.109564 -97.71013 70.22082
-2.640885 6.141315 5.913859 27.774565 -79.300125 67.00082
-0.69673395 6.3137026 5.916253 30.539566 -85.950134 77.50082
-1.0175668 7.2187386 4.678413 39.779564 -95.54013 88.77081
-2.6121538 8.415876 4.9968514 44.854565 -81.05013 85.62081
-1.1372806 8.375174 5.748654 32.254566 -56.20013 77.74581
1.3144568 8.518829 5.0399485 15.594565 -54.17013 90.80081
1.3000913 8.945011 6.22272 5.024565 -60.71513 107.63582
0.6344828 8.880365 7.901107 -14.8204365 -49.095135 100.84582
1.1396748 8.291373 8.442213 -30.465437 -33.835133 86.63581
1.4916332 8.609812 7.7311134 -26.720436 -32.82013 87.05582
1.1348863 9.287392 8.279403 -16.080435 -27.43013 93.49582
2.126116 8.865999 8.882759 -12.580435 -9.790131 93.56582
2.9425638 8.389539 7.7694216 -2.4304352 -4.12013 91.640816
1.7573977 10.247497 6.5004563 21.404564 -14.62013 91.780815
2.2697725 10.97775 6.3735595 37.539566 -8.91513 86.18082
4.5874305 9.747093 6.56989 35.719563 10.71987 85.55082
4.73827 9.466963 6.8619914 23.714565 11.209869 86.00581
2.9497466 11.425479 6.610593 24.239565 23.73987 75.295815
3.9673133 11.478153 5.810905 30.049568 43.79487 71.37582
5.106988 10.4845295 4.9010806 37.119564 42.63987 71.93582
5.358387 9.581888 5.05192 34.039566 40.81987 63.78081
3.5507095 10.326508 6.0599093 23.469564 50.374866 54.925816
2.803696 11.174081 6.002447 26.059566 65.634865 51.355816
4.2235007 10.807756 4.352792 49.96457 70.394875 53.910816
5.6002088 9.91948 2.0327394 74.07957 63.814873 56.01081
5.602603 9.37598 1.8507744 70.57957 58.039867 51.005817
3.6273263 10.965778 3.2921278 46.394566 62.72987 41.625813
4.166038 10.790997 3.1221344 35.22956 82.39987 36.375816
5.499649 10.099051 1.333611 49.404564 81.104866 39.035816
5.672037 9.407105 0.21787901 61.96957 66.22987 37.285816
3.3495905 10.2091875 2.6337023 46.009567 61.784866 27.135817
2.9329867 11.423085 3.7063375 26.864565 69.379875 18.805815
5.3368387 10.652128 0.7326481 44.329567 75.99487 24.335815
6.184412 10.237919 -1.6017698 75.40957 66.36987 33.575817
5.054314 9.926663 -1.3623424 75.12957 61.539867 23.320816
3.4908526 10.587483 1.3910737 44.154568 61.679874 6.905815
3.929005 10.565935 0.33519846 24.029566 69.239876 0.010815
4.7550297 9.735122 -1.8866886 38.764565 74.24487 7.0458155
4.312089 9.70639 -2.7342618 53.009567 64.58487 11.315815
3.7781656 9.268238 -1.8795058 40.094566 52.299873 1.8658152
3.677606 8.46855 -0.6081458 8.769565 48.34487 -2.404185
3.5076127 8.083072 0.6943397 -19.580437 50.059875 -0.759185
3.1939626 8.394327 1.7645805 -30.395435 51.73987 0.605815
3.2562137 9.311335 1.5179702 -18.950436 49.84987 -0.094185
3.7230973 8.983319 -0.82123625 14.334566 44.809868 -1.529185
2.8874955 9.071907 -2.22907 51.574566 35.044872 -2.124185
1.9489397 9.225141 -1.9297855 62.774563 26.04987 -7.5491853
1.4054393 10.446221 -0.50040346 46.919563 24.89487 -10.804185
3.301705 10.73114 -0.9289786 26.094566 23.35487 -3.6291852
4.3791285 10.297776 -1.8292259 20.179565 20.904871 10.720816
3.6201434 10.230737 -0.9289786 18.954565 14.709869 16.005816
2.3823035 10.178062 0.80208206 4.674565 9.564871 2.7408152
2.3224466 10.199611 1.063058 -6.3854356 11.90987 -7.199185
2.875524 9.876384 0.21548474 9.924565 10.40487 -0.54918504
2.727079 9.864412 -0.3423813 21.439566 8.444871 0.115815
2.700742 9.857229 -0.2944958 23.084566 7.709871 -2.229185
2.9066496 9.469357 -0.4189981 20.879564 4.3148704 -2.019185
2.7989073 9.174861 -0.55786604 17.659565 -1.04013 -3.2791848
2.5594797 9.07909 -0.09337672 9.049565 -4.22513 -5.5541854
2.2554069 8.825297 0.84996754 -1.6604351 -5.10013 -7.094185
2.1907616 8.968953 1.5706443 -5.790435 -6.1151304 -6.2191854
2.6337023 9.057542 1.3862851 -0.925435 -4.92513 -2.369185
2.8683412 8.923462 0.83081335 8.349565 -2.47513 1.760815
2.6624336 9.050359 0.52674043 13.809565 -3.5251303 0.36081502
2.4445546 9.126976 0.69912827 11.184566 -5.83513 -2.614185
2.2937152 9.296969 0.9601042 3.4845648 -4.19013 -1.669185
2.8803127 9.12937 0.9481328 -2.465435 0.39487 2.495815
3.1508656 9.356826 0.9984126 -4.075435 0.74487 5.8558154
2.8420043 9.510059 0.9577099 -2.570435 -2.26513 2.950815
2.49244 9.220352 1.158829 -1.9404352 -1.39013 -0.479185
2.3966691 9.103033 1.1971374 -2.220435 2.98487 0.290815
2.6456738 9.325701 1.1731946 2.0145652 6.0298705 4.000815
3.0790374 9.651321 0.6703969 10.064566 3.05487 7.8158154
3.1556542 9.847652 0.16041641 16.119564 -0.060130004 8.060815
2.7917244 9.742304 -0.0071828244 15.909565 0.49987 4.140815
2.439766 9.711179 0.14605077 9.679564 0.42987 -1.004185
2.5834224 9.488511 0.70631105 0.509565 0.114870004 -1.9491849
2.7055306 9.428655 1.3575538 -8.625434 0.63987 1.165815
3.1341057 9.553157 1.3048798 -10.760435 2.56487 2.6358151
3.1772027 9.531608 0.82602483 -3.340435 0.84986997 2.215815
2.7893302 9.397529 0.4644893 5.269565 -1.28513 -0.68918496
2.3870919 9.313729 0.61293435 6.284565 0.81487006 -3.6291852
2.5283542 9.402317 0.82602483 2.049565 3.47487 -3.7341847
3.050306 9.433443 0.7709565 -0.295435 3.36987 -0.339185
3.100586 9.407105 0.38787252 0.82456505 2.49487 2.8108149
2.8348215 9.325701 0.30886146 2.714565 3.75487 1.5858151
2.4062462 9.270632 0.33519846 2.504565 4.45487 -2.3341851
2.4589202 9.301758 0.43815228 1.699565 1.58487 -5.204185
2.7390504 9.196409 0.5027977 -0.085435 -0.44513002 -3.139185
2.8372157 9.28021 0.6488485 -2.5354352 -0.44513002 0.500815
2.7869358 9.39274 0.7398309 -3.410435 -0.20013002 1.655815
2.7318676 9.354432 0.68236834 1.244565 -4.12013 -1.2491851
2.4996228 9.227535 0.6368771 1.454565 -2.54513 -0.9341849
2.7175019 9.361614 0.7853221 0.15956502 -0.060130004 1.165815
3.1149516 9.366403 0.90982443 -0.050435 -0.97012997 3.8258152
3.162837 9.289786 0.9122187 1.7345649 -1.39013 2.7058148
2.8013015 9.11261 0.76137936 3.694565 0.56987 0.18581499
2.4541316 9.222747 0.7541966 5.619565 1.58487 -1.389185
2.545114 9.421472 0.55786604 7.9645658 0.70987004 -0.23418501
2.8108785 9.550762 0.06464542 9.364565 0.28987 2.7058148
2.892284 9.624985 -0.05506832 6.844565 0.56987 2.985815
2.8443985 9.574705 0.1699935 0.334565 -1.14513 0.9558151
2.569057 9.450203 0.71588814 -6.665435 -1.42513 -1.074185
2.4613144 9.457385 0.9720756 -9.885435 -0.44513002 -1.564185
2.8108785 9.526819 0.97446984 -7.4354353 -0.65512997 0.18581499
3.1604428 9.502876 0.82602483 -2.7804348 -1.7401301 2.285815
3.0431232 9.440625 0.66321415 1.1045649 -1.9851301 1.165815
2.648068 9.4095 0.679974 2.294565 -1.00513 -1.844185
2.6815877 9.385557 0.7709565 1.349565 0.18486999 -2.894185
2.803696 9.397529 0.8140534 0.15956502 0.81487006 -0.864185
2.918621 9.301758 0.7134939 0.71956503 1.75987 0.535815
