0.13 8.95 -0.39 9.167324 -16.042818 -12.032113
0.38 8.42 -0.32 -0.57295775 -26.356058 -6.8754935
0.64 7.98 -1.24 -4.0107045 -22.91831 -2.291831
0.64 7.98 -1.24 -4.0107045 -22.91831 -2.291831
0.01 7.18 -1.27 -11.459155 -3.4377468 1.7188734
0.21 7.3599997 -0.96999997 -3.4377468 -11.459155 2.8647888
0.21 7.3599997 -0.96999997 -3.4377468 -11.459155 2.8647888
0.71999997 7.6699996 -0.79999995 -9.740283 -13.750987 6.3025355
0.88 7.49 -0.7 -17.761692 -9.740283 8.021409
0.56 6.96 -0.41 -41.25296 -3.4377468 8.594366
-0.19 6.25 2.1599998 -55.576904 -1.7188734 22.91831
-0.03 6.1 2.44 -55.576904 -1.7188734 22.91831
0.90999997 6.1 1.5799999 -26.356058 -6.3025355 29.793804
0.77 6.49 1.42 -22.91831 -13.750987 35.523384
0.77 6.49 1.42 -22.91831 -13.750987 35.523384
1.7199999 6.81 1.89 -32.085636 -20.053522 44.69071
3.47 6.5299997 1.61 -37.242256 -17.188732 50.420284
1.87 6.6099997 1.2099999 -72.76564 0.57295775 30.939718
0.52 6.8999996 5.04 -113.44564 1.1459155 53.285076
1.91 7.79 6.0699997 -113.44564 -7.448451 64.74423
5.3599997 8.32 5.0 -74.48451 -40.107044 80.21409
4.23 8.55 3.6499999 -37.242256 -38.961132 64.74423
2.08 8.96 5.5699997 -59.014652 -10.886198 43.544792
2.4199998 8.74 7.8999996 -98.54874 -8.594366 61.879436
4.68 8.73 8.3 -89.95437 -2.291831 87.662544
4.72 9.059999 7.1099997 -52.139156 1.7188734 87.089584
4.3199997 9.599999 7.8399997 -39.53409 7.448451 80.78705
5.45 9.679999 7.9199996 -29.793804 6.8754935 79.641136
5.48 9.09 7.1499996 -19.480566 9.740283 84.22479
5.38 9.26 6.93 -7.448451 23.49127 77.922264
6.22 9.5199995 6.23 -5.7295775 34.377464 78.49522
5.97 9.59 6.25 -8.021409 42.398876 77.922264
5.98 9.04 7.17 -12.032113 41.825916 64.74423
6.0299997 9.36 5.7599998 6.3025355 32.658592 56.14986
5.7799997 9.48 5.27 10.886198 41.25296 55.576904
5.72 9.25 5.7 0.0 56.14986 51.5662
5.85 9.01 6.1299996 -19.480566 56.14986 52.139156
5.68 8.96 5.93 -18.907606 50.420284 49.84733
5.6 8.639999 5.98 -11.459155 51.5662 47.555496
5.81 8.24 6.52 -9.167324 47.555496 52.139156
5.99 8.74 7.0899997 0.57295775 47.555496 54.43099
6.14 9.059999 6.7599998 16.615776 53.858032 52.712116
6.19 8.88 6.94 21.772396 55.00395 49.84733
5.93 9.51 7.1099997 33.80451 54.43099 45.263664
6.77 9.61 6.18 38.961132 60.160564 44.11775
6.3799996 9.25 5.7599998 40.680004 69.900856 34.950428
6.3799996 9.25 5.7599998 40.680004 69.900856 34.950428
7.1099997 9.639999 6.5 39.53409 61.879436 26.929016
7.5499997 9.38 5.5299997 57.29578 61.30648 23.49127
7.0099998 9.25 5.25 67.03606 61.879436 12.605071
7.02 9.8 5.0299997 70.47381 61.30648 8.021409
7.02 9.8 5.0299997 70.47381 61.30648 8.021409
6.22 10.17 4.24 71.61973 56.14986 -5.15662
6.49 10.11 4.5299997 57.29578 50.420284 -17.188732
5.7799997 9.849999 5.19 38.961132 50.993244 -25.7831
5.85 9.25 5.54 31.51268 55.576904 -26.929016
5.8799996 9.179999 5.04 44.69071 54.43099 -26.929016
5.5 9.61 4.21 54.43099 56.72282 -30.366762
5.6299996 9.55 3.53 70.47381 53.285076 -40.107044
5.17 9.59 3.31 64.17127 48.701412 -45.263664
5.31 9.559999 3.24 60.733524 48.701412 -44.11775
5.49 9.51 2.46 55.576904 44.69071 -40.107044
4.92 9.74 3.1 52.139156 49.27437 -39.53409
4.96 9.849999 3.25 54.43099 57.868736 -40.680004
5.48 10.349999 1.1999999 79.06818 47.555496 -42.398876
5.6299996 10.3 0.08 97.97578 45.263664 -54.43099
4.7599998 9.65 -0.29 83.65183 37.242256 -71.61973
3.49 9.15 0.82 50.993244 37.815212 -77.349304
3.08 8.809999 1.1 34.950428 37.815212 -67.60902
3.47 8.559999 0.53999996 53.858032 17.761692 -64.74423
2.75 8.84 -0.14999999 64.74423 10.886198 -71.61973
2.61 8.83 -0.39 61.879436 0.57295775 -71.04677
2.26 8.69 -0.42999998 57.29578 -3.4377468 -71.04677
1.74 8.5199995 0.13 52.712116 -16.615776 -70.47381
1.9 8.53 -0.22 53.858032 -20.62648 -71.04677
1.5799999 8.47 -0.38 55.00395 -25.210142 -72.76564
0.89 8.2 0.089999996 40.107044 -25.210142 -70.47381
0.9 7.85 0.049999997 34.377464 -27.501974 -68.18198
0.72999996 7.16 -0.32 35.523384 -33.231552 -68.75493
0.01 6.69 -0.82 39.53409 -35.523384 -72.76564
-1.5899999 6.54 -1.02 41.25296 -36.669296 -72.76564
-1.81 6.85 -0.56 42.971836 -46.40958 -60.160564
-1.12 7.16 -0.97999996 55.576904 -62.4524 -48.128452
-1.18 7.6 -1.25 66.463104 -69.900856 -45.263664
-1.1999999 7.7999997 -1.02 65.317184 -71.04677 -42.398876
-1.38 7.77 -1.0799999 55.576904 -71.04677 -40.107044
-1.8499999 7.71 -0.79999995 44.11775 -67.60902 -35.523384
-1.9 7.71 -0.71999997 38.38817 -65.317184 -31.51268
-1.76 7.89 -0.91999996 37.242256 -65.890144 -27.501974
-1.99 7.6699996 -1.29 36.669296 -67.03606 -25.7831
-2.22 7.52 -1.31 34.950428 -66.463104 -25.210142
-2.59 7.3399997 -0.91999996 26.929016 -68.18198 -19.480566
-2.4099998 7.49 -0.88 24.064226 -71.61973 -14.896902
-2.08 7.62 -0.97999996 21.772396 -71.61973 -13.750987
-2.85 7.52 -0.78 12.605071 -69.32789 -14.323945
-3.02 7.2599998 -0.26 2.8647888 -63.598316 -9.740283
-2.73 7.22 0.049999997 2.8647888 -63.598316 -5.15662
-2.02 7.45 0.01 11.459155 -69.900856 -0.57295775
-2.6699998 7.7 -1.35 22.91831 -63.02536 -1.7188734
-3.3 7.3199997 -1.0799999 8.594366 -55.576904 1.7188734
-2.9099998 7.37 -0.03 0.0 -63.598316 12.032113
-1.3399999 7.5899997 0.19999999 6.8754935 -77.922264 17.188732
-1.81 7.73 -0.049999997 17.761692 -75.630424 12.032113
-2.48 7.6099997 0.17999999 17.761692 -63.598316 12.032113
-2.54 7.96 0.42999998 8.021409 -64.17127 21.199438
-1.2099999 8.23 0.17 0.57295775 -64.74423 32.658592
-1.3 8.0199995 0.58 -4.0107045 -56.14986 33.80451
-1.9599999 7.73 1.15 -8.021409 -54.43099 26.929016
-1.4 8.0199995 1.3 -1.1459155 -57.29578 35.523384
-0.5 8.36 0.59999996 6.3025355 -49.84733 42.971836
-0.32 8.21 0.59999996 5.15662 -44.69071 45.263664
-0.65 7.7799997 1.15 -19.480566 -44.11775 30.939718
-1.64 8.2 2.34 -29.220846 -44.11775 27.501974
-0.44 8.16 2.21 -38.961132 -36.09634 36.09634
0.16 7.8199997 2.1499999 -30.939718 -29.220846 53.285076
-0.21 8.57 3.04 -17.761692 -25.7831 52.712116
-0.12 9.71 2.96 12.032113 -24.637184 40.680004
0.81 9.929999 1.87 24.064226 -22.345354 40.107044
0.61 9.57 1.11 33.80451 -29.793804 35.523384
0.14999999 9.7699995 1.6899999 22.345354 -28.64789 28.07493
0.32999998 10.74 1.66 5.15662 -24.064226 29.220846
1.11 10.219999 1.05 -13.178029 -22.345354 41.25296
0.83 10.01 1.18 -33.231552 -20.62648 40.680004
-0.34 10.46 2.62 -45.83662 -16.615776 37.242256
0.69 10.91 3.09 -39.53409 -19.480566 49.27437
2.1299999 11.17 2.45 -20.62648 -28.64789 51.5662
1.29 11.469999 1.73 -8.594366 -26.356058 38.38817
0.53 11.65 2.02 -10.31324 -21.772396 26.356058
0.69 12.0199995 2.5 -12.032113 -21.199438 28.64789
1.65 12.099999 2.3999999 -14.896902 -25.7831 36.669296
1.75 12.139999 2.69 -20.053522 -20.62648 31.51268
1.4599999 12.28 2.6799998 -20.62648 -18.907606 28.64789
1.5 12.49 2.6499999 -16.615776 -10.31324 23.49127
1.56 12.21 2.52 -12.032113 -10.886198 21.772396
1.9799999 12.24 2.9199998 -9.167324 -11.459155 18.907606
1.88 12.08 2.18 -2.8647888 -15.469859 12.032113
1.3299999 11.71 1.9499999 -4.0107045 -10.31324 6.3025355
1.35 11.65 2.27 -9.167324 -7.448451 8.021409
1.9699999 11.48 2.3999999 -9.740283 -7.448451 12.032113
2.08 11.19 1.91 -6.3025355 -6.3025355 9.167324
1.7099999 10.7699995 1.76 -6.8754935 -2.8647888 2.291831
1.4699999 10.5 1.9499999 -8.594366 -1.1459155 -0.57295775
1.4699999 10.5 1.9499999 -8.594366 -1.1459155 -0.57295775
1.86 10.34 1.63 -2.8647888 1.1459155 0.0
1.51 10.08 1.52 -6.3025355 4.0107045 -3.4377468
1.41 9.849999 1.8499999 -6.8754935 4.583662 -1.1459155
1.66 9.929999 1.75 -4.0107045 3.4377468 0.0
1.86 10.2 1.22 2.291831 1.7188734 1.7188734
1.7199999 10.15 1.04 4.0107045 3.4377468 1.7188734
1.63 10.03 2.02 -4.0107045 0.0 -1.7188734
1.73 10.03 1.99 -3.4377468 0.0 -1.1459155
1.87 10.13 1.4599999 7.448451 3.4377468 0.57295775
1.8199999 9.87 1.1999999 6.3025355 1.7188734 -1.7188734
1.7199999 9.78 1.36 2.8647888 0.57295775 -2.8647888
1.6999999 9.599999 1.64 -2.8647888 2.8647888 -3.4377468
1.7199999 9.54 1.4599999 0.0 2.8647888 -3.4377468
1.5999999 9.4 1.43 1.1459155 1.7188734 -3.4377468
1.5699999 9.4 1.41 2.8647888 0.0 -1.7188734
1.64 9.51 1.25 2.8647888 0.57295775 -0.57295775
1.87 9.66 1.14 2.8647888 0.57295775 0.57295775
1.86 9.69 1.04 1.1459155 0.0 -0.57295775
1.68 9.58 1.14 -2.291831 -0.57295775 -4.0107045
1.4399999 9.429999 1.43 -4.583662 -0.57295775 -5.15662
1.42 9.4 1.8199999 -6.8754935 -0.57295775 -1.7188734
1.68 9.53 1.74 1.1459155 -1.7188734 1.1459155
1.8299999 9.8 0.97999996 5.7295775 -1.7188734 1.7188734
1.5799999 9.75 0.87 8.594366 -1.7188734 0.0
1.56 9.639999 1.5899999 -6.8754935 -1.1459155 -0.57295775
1.7199999 9.61 2.01 -6.8754935 -1.1459155 0.0
1.5999999 9.66 1.9499999 -2.291831 -0.57295775 0.0
1.41 9.639999 1.43 5.7295775 -1.7188734 -1.1459155
1.64 9.7 1.3199999 5.15662 -1.1459155 0.0
1.7199999 9.66 1.31 -0.57295775 -1.7188734 0.0
1.38 9.55 1.65 -4.583662 -1.1459155 -0.57295775
1.3299999 9.59 1.79 -5.15662 -1.1459155 -0.57295775
1.54 9.84 1.91 -4.0107045 0.0 1.1459155
1.63 9.929999 1.7199999 -2.8647888 0.0 0.0
1.5899999 9.88 1.68 -5.15662 0.0 -1.1459155
1.4399999 9.599999 1.89 -5.15662 0.0 -2.291831
1.51 9.59 1.8399999 -4.0107045 0.57295775 -1.7188734
1.56 9.55 1.4699999 -1.1459155 2.291831 0.0
1.49 9.599999 1.48 0.0 2.8647888 0.57295775
1.6999999 9.71 1.5699999 -1.1459155 1.1459155 1.1459155
1.68 9.679999 1.5699999 0.0 0.0 0.57295775
1.5999999 9.62 1.53 1.1459155 -0.57295775 -0.57295775
1.5699999 9.46 1.43 0.57295775 0.57295775 0.0
1.5799999 9.67 1.74 -1.1459155 2.291831 1.1459155
1.86 9.78 1.74 0.0 1.1459155 2.291831
1.7199999 9.76 1.36 2.8647888 0.0 0.0
1.43 9.71 1.15 1.1459155 1.1459155 -1.7188734
1.63 9.61 1.68 -5.7295775 1.7188734 0.0
1.8 9.7699995 1.89 -5.7295775 0.57295775 1.1459155
1.5999999 9.8 1.56 -0.57295775 1.1459155 0.0
1.53 9.9 1.65 -0.57295775 0.57295775 -1.1459155
