0.5411061 9.253872 0.8284191 10.359125 -15.013319 8.661136
0.65363705 9.014444 0.67279124 5.914125 -11.408319 5.091135
1.4940275 8.956982 0.43815228 7.4191246 -17.25332 14.051135
1.7550035 8.930645 0.54350036 8.574125 -20.33332 22.591135
1.4293821 8.6433325 0.55307746 6.579125 -19.738321 22.766136
1.2857256 7.9609637 0.7733508 5.6341248 -17.148321 19.406136
0.38787252 7.6688623 1.5467016 4.549125 -12.63332 18.426136
-0.12210801 7.953781 2.5666625 3.394125 -16.13332 17.936134
0.22266756 8.0375805 2.1811843 13.334125 -24.04332 23.256136
0.75659084 8.099832 3.7494342 26.354124 -32.47832 40.791138
2.5906053 8.636149 7.3480296 16.134125 -39.05832 67.006134
4.2043467 9.893144 9.347249 -5.075875 -44.55332 92.27614
4.577853 9.835681 9.397529 1.9591252 -31.463322 104.736145
3.6967604 8.813326 9.344854 50.294125 18.86668 90.28114
3.318465 9.421472 10.838882 54.354126 31.53668 95.63613
7.7909703 10.276228 10.503684 55.754128 50.54168 118.91113
10.625792 10.146936 8.810931 71.08413 81.30668 127.13613
8.803748 9.778218 8.059129 84.90913 116.90168 104.736145
8.734315 9.646533 6.881146 100.44913 128.90668 91.75114
10.99451 9.505271 3.991256 119.45413 130.83168 97.17614
15.167731 9.055147 0.6488485 122.81414 139.89668 102.671135
16.54444 8.554744 -0.71828246 93.69412 161.45668 97.211136
13.917919 8.616995 1.3958622 48.824123 185.92168 62.911137
12.251504 6.9649453 3.7326744 19.809126 201.42668 25.811134
11.954614 6.0239954 3.2969165 36.95912 191.31169 17.306135
13.86764 6.1724405 1.0079896 86.09912 164.29167 18.916136
15.170125 6.4765134 -0.7805336 121.62413 142.90668 19.791136
13.786234 6.4932733 0.08619389 112.66413 148.64668 10.411136
12.234744 6.651295 1.5059988 83.47413 167.58168 -1.0688651
13.300197 7.307327 1.2402344 76.439125 171.7817 0.71613497
16.486977 7.8101244 -1.0055954 96.844124 159.00668 16.326136
18.7352 7.893924 -2.6528566 120.15414 141.43669 23.606136
18.512533 8.157294 -2.6001825 120.644135 140.59668 7.9961348
18.143814 7.781393 -2.3846977 107.44913 149.76668 -19.093866
18.165363 6.612987 -2.9760835 106.74913 148.57668 -47.478867
17.573977 6.7662206 -3.7709827 119.27913 136.64168 -67.25387
17.415955 6.936214 -4.233078 126.384125 137.51668 -81.56886
16.829357 6.1101894 -3.2705793 122.604126 147.73668 -88.67387
15.356878 5.3440213 -3.0215747 119.80413 151.23668 -100.328865
13.908342 5.217125 -3.4046588 140.45413 124.28668 -113.69887
11.945037 5.0926223 -4.913052 175.10413 76.05668 -124.89887
9.246689 5.032766 -5.6576715 194.49413 40.741684 -137.77887
7.9753294 4.328849 -6.0766697 195.43912 6.26668 -150.09888
6.3472223 3.6560576 -5.794145 190.71413 -44.903324 -159.47887
4.338426 3.241848 -5.0423427 183.50412 -99.81832 -167.14386
3.9481592 2.9760835 -5.813299 177.51913 -150.53331 -171.83386
3.7422516 2.753416 -5.8156934 174.85913 -193.12833 -166.09386
3.1388943 2.5906053 -3.938582 153.75414 -219.02832 -156.64386
2.885101 2.1596358 -2.6791935 109.759125 -227.67332 -148.69887
1.5634614 1.9106313 -1.934574 73.149124 -229.49332 -138.05887
0.14605077 1.6664152 -2.169213 75.564125 -246.18832 -126.71886
-0.6081458 1.7645805 -2.1883671 86.51913 -260.95834 -119.82387
-1.2593886 1.5730386 -2.116539 86.76412 -268.4833 -106.83887
-2.3032923 1.462902 -2.6289136 86.69412 -266.87332 -92.733864
-3.1676257 1.5969813 -2.2985039 81.65413 -265.22833 -77.788864
-3.1245286 1.9226027 -1.333611 73.884125 -270.0583 -57.558865
-3.258608 1.5203645 -0.54350036 71.67912 -275.5533 -42.75387
-3.756617 1.1636176 -0.6560313 78.11912 -277.02332 -35.858864
-4.393494 1.0391153 -1.1779832 88.61913 -270.33835 -28.893866
-4.288146 1.010384 -1.1636176 84.314125 -261.44833 -12.163865
-4.62095 1.2593886 -0.531529 64.329124 -247.65831 8.696135
-4.6065845 1.3743137 0.5243462 41.824123 -229.38832 25.881136
-3.9768906 1.0271438 1.5706443 24.744125 -207.02332 35.506138
-2.9521408 0.54350036 1.8244374 17.394125 -203.13832 38.621136
-3.347196 0.39266106 2.4277947 23.659124 -202.89333 42.786137
-5.279376 1.1205206 3.694366 29.049126 -186.75833 46.671135
-4.268992 1.8052832 2.9569294 41.824123 -182.66333 50.451138
-1.7909175 1.3048798 2.2242813 67.829124 -210.52333 65.92114
-3.3567734 1.6664152 4.5491223 66.63912 -224.97833 87.13114
-4.122941 1.9992194 7.1540933 22.469124 -198.13333 94.726135
-1.1277034 2.1045675 7.685622 -10.675875 -166.21332 101.51613
2.4110348 2.2889266 7.0702934 1.1891251 -158.19832 126.366135
0.12929083 3.5411325 8.133351 19.319126 -148.88834 139.45615
-0.82602483 5.4517636 10.549175 14.909124 -131.45833 120.34613
3.8236568 5.933013 9.105427 10.4991255 -116.968315 114.74614
5.150085 5.9114647 8.224334 36.29412 -102.61832 141.52113
1.2713599 8.075889 10.637763 45.394127 -95.79332 144.67113
3.1221344 9.182044 10.221159 21.279127 -68.21332 122.34113
5.296136 9.126976 8.576292 16.974125 -33.49332 125.14113
5.478101 8.822903 8.746285 32.549126 -23.203321 136.79614
2.9042554 9.725544 11.957008 25.339125 -26.80832 127.69614
3.9601305 11.391959 11.250697 1.154125 -9.51832 114.81614
7.405492 11.130983 7.6281595 12.389125 25.30668 123.04113
8.250671 10.553964 5.681614 50.049126 39.376682 137.18114
5.2745876 10.182851 6.646507 56.664127 43.121677 123.21613
3.4884584 11.336891 7.2809896 27.929125 55.54668 95.56613
5.9018874 11.760678 4.348003 14.699125 75.04168 92.97614
7.4461946 11.60505 2.3344178 36.084126 81.09668 110.61613
6.5387645 10.448615 2.719896 27.894125 67.62168 109.18114
4.6712303 10.094262 4.0582957 0.804125 69.58169 99.48613
4.817281 10.089474 3.6800003 -0.91087496 68.56668 104.736145
5.5523233 10.601849 2.8970726 8.644125 65.731674 109.461136
6.5052447 10.996904 2.1213274 15.294126 64.05168 109.56613
7.1588817 11.57153 2.4541316 14.139125 67.55168 100.116135
6.8524146 11.55477 2.9497466 15.714124 68.63668 84.47114
6.3567996 11.1453495 2.4373717 30.869125 69.616684 72.60614
6.5004563 11.090281 2.126116 46.444126 66.851685 62.66613
6.936214 11.518856 1.6448668 56.944126 66.60668 56.506138
7.3192983 11.617022 0.46209505 67.409134 67.34168 50.521133
7.3145094 11.676878 0.13168511 76.50913 67.44668 37.956135
7.0726876 11.899546 -0.17717634 76.15913 65.87168 23.886135
7.1971903 12.354458 -0.95531565 73.674126 67.20168 19.756134
6.881146 11.866026 -1.6951466 74.58412 67.16669 15.136135
5.7797794 11.387171 -1.4174107 71.88912 65.24168 4.1461353
4.865166 10.822123 -0.08858817 61.21413 63.001686 -5.758865
4.592219 10.934653 -0.076616794 58.659126 56.24668 -8.943866
5.0064287 10.63058 -1.4126221 74.23412 53.13168 -6.1088653
4.6688356 9.711179 -2.2458298 90.96413 51.59168 -4.1838646
3.7925313 9.227535 -1.6089526 87.28913 43.54168 -8.803865
3.2993107 9.261055 -1.2737542 68.35412 35.38668 -10.938866
4.02717 9.110215 -1.2665714 56.384125 35.701683 -3.903865
4.4270144 8.937828 -2.0016139 57.224125 37.59168 7.5061355
3.991256 8.885154 -2.0327394 55.964127 24.116678 9.256135
3.4812756 9.002473 -1.0199611 37.16913 8.61168 1.661135
3.7733772 8.839663 -0.64166564 10.7091255 8.78668 -5.058865
4.130124 8.806143 -0.38068968 -2.2758749 10.431681 -2.4338648
3.8284454 8.858817 0.14365649 -4.165875 6.09168 -1.208865
3.668029 8.885154 0.42618093 -3.290875 -1.1533201 -4.1838646
3.5171897 8.973742 0.18914771 1.714125 -5.1783204 -4.6738653
3.7709827 9.205987 0.047885496 9.099125 -6.26332 -3.448865
4.192375 9.265843 0.19154198 11.409125 -7.8733206 -0.858865
4.1947694 9.150918 0.6368771 5.179125 -8.92332 0.961135
3.7757714 9.071907 0.9074302 -2.590875 -8.36332 -0.403865
3.6225379 9.103033 0.8643332 -5.495875 -6.82332 -2.7488651
3.9002736 9.033599 0.79250497 -4.6908755 -5.70332 -2.503865
3.675212 8.942616 0.88109314 -3.9558752 -4.19832 -0.578865
3.4477558 8.964165 1.0055954 -3.8858747 -1.3983201 -0.92886496
3.7494342 9.134158 0.83081335 0.909125 -1.43332 -0.158865
3.9409764 9.158101 0.36392978 5.844125 -2.16832 1.2761351
3.624932 9.012051 0.18435916 6.789125 -0.9433201 -1.103865
3.512401 8.959376 0.16520496 2.729125 0.45668 -1.4188651
3.9433706 9.076695 0.4932206 -3.9558752 -1.9583198 1.3811351
4.0966043 9.052753 0.8044763 -9.030874 -3.6733198 1.031135
3.6560576 8.952193 0.9505271 -8.120874 -1.5033201 -2.538865
3.6009893 8.901914 0.6440599 -1.680875 -0.90832007 -3.798865
3.7542229 8.956982 0.3998439 3.8141248 -3.9883199 -1.0688651
3.7326744 9.009656 0.4070267 3.394125 -4.47832 0.261135
3.7207031 9.09585 0.67279124 -0.24587502 -2.79832 -0.123865
3.9361877 9.12937 0.6488485 -1.9258752 -1.46832 0.15613501
4.0104103 9.1628895 0.42139238 -0.49087498 -1.5033201 0.506135
3.8643596 9.07909 0.42618093 0.10412501 -2.27332 -0.893865
3.5339496 8.995291 0.6895511 -1.470875 -4.05832 -3.798865
3.4477558 9.040782 0.94095 -2.870875 -3.7783198 -4.638865
3.7757714 9.086273 0.68236834 -2.7658749 -1.11832 -1.908865
3.8883023 9.067119 0.52674043 -0.455875 2.1366801 1.521135
3.8260512 9.06233 0.7206767 1.6791251 1.2966801 1.346135
3.5962007 9.071907 0.80687064 2.624125 -1.43332 -1.593865
3.6560576 9.033599 0.7350424 3.9541254 -0.76831996 -2.118865
3.849994 9.009656 0.74222517 4.3391247 0.59668005 0.891135
4.041536 9.12937 0.5411061 3.989125 2.59168 2.9211352
3.9673133 9.076695 0.3974496 4.059125 4.34168 0.926135
3.5411325 8.930645 0.54350036 2.9741251 4.06168 -3.0288649
3.4309957 8.992896 0.5889916 0.52412504 4.97168 -4.638865
3.7302802 9.012051 0.5458947 -0.87587494 6.9316797 -2.048865
3.7709827 8.947405 0.57462597 -1.0158751 6.3366804 0.261135
3.6440864 8.868394 0.67279124 -0.210875 4.41168 0.191135
3.5052183 8.901914 0.7039168 1.0841249 4.09668 -0.508865
3.6991546 9.009656 0.6057515 3.219125 3.7466798 -0.683865
3.816474 8.973742 0.37829542 7.7341256 2.3466802 0.36613497
3.615355 8.901914 0.0023942748 12.319125 -0.97832 1.4161351
3.5914123 8.875577 0.023942748 13.859125 -0.27831998 1.6261351
3.806897 8.995291 0.4070267 7.2091246 2.31168 3.446135
3.981679 9.172467 0.3423813 -0.280875 2.31168 4.7761354
4.0535073 9.122187 0.06943397 0.10412501 0.35167998 5.091135
3.9433706 9.069513 0.2753416 3.8491254 -3.14832 3.761135
3.7350688 9.06233 0.53871185 -0.140875 -2.55332 -0.26386502
3.6632404 9.033599 0.43575802 0.489125 -0.03332 -0.29886502
