1.9920366 9.63935 0.7039168 -0.96858996 -9.59511 -2.90822
1.8603516 9.47654 1.0870007 -6.60359 -10.890111 -0.07322
1.7573977 9.591465 1.2617828 -9.578589 -6.44511 -0.63322
1.8148603 9.665688 0.87630457 -6.07859 0.51989 -0.80822
1.934574 9.687236 0.5650489 2.14641 0.48489 0.90677994
1.9872481 9.644139 0.5147691 6.83641 -0.81011003 0.41678002
1.9058428 9.699207 0.73743665 4.8414097 -0.74011004 0.59177995
1.7741576 9.684841 0.7589851 1.7264099 -1.1601101 -0.24822001
1.9800652 9.663293 0.6153286 1.51641 -1.89511 -1.26322
1.9297855 9.684841 0.64166564 2.63641 -2.38511 -0.94822
1.8316202 9.663293 0.68236834 2.6014102 -3.1551101 -0.56322
1.7717633 9.569917 0.75659084 3.86141 -5.50011 -2.13822
1.9704882 9.601042 0.52913475 7.8164096 -5.92011 -0.87821996
1.9393626 9.682447 0.11253092 11.806411 -5.0101104 -0.03822
1.776552 9.63935 -0.0071828244 11.31641 -5.3601103 -1.19322
1.8364087 9.445415 0.22266756 5.61141 -6.13011 -1.22822
1.8483802 9.189227 0.5123748 1.27141 -8.86011 -0.10822
1.7550035 8.854029 0.531529 3.51141 -12.74511 0.31178
1.6185298 8.375174 0.23224466 10.51141 -17.61011 1.15178
1.4581133 7.778999 0.105348095 15.796411 -22.16011 2.55178
1.2522057 7.2019787 0.4932206 16.35641 -25.17011 5.77178
1.6568382 6.804529 0.9864412 18.28141 -28.81011 11.51178
1.5490957 6.577073 1.0343267 25.701408 -34.865112 16.09678
1.2354459 6.6010156 1.8196489 28.641409 -37.80511 19.66678
2.1404817 7.395915 2.6193366 23.56641 -36.68511 27.716782
3.2250881 8.061523 3.1388943 18.036411 -29.230108 40.17678
3.0814316 8.504464 4.048719 16.636412 -21.53011 45.00678
2.4110348 8.995291 4.6065845 17.68641 -22.05511 37.55178
2.865947 10.213976 4.786155 16.28641 -21.81011 34.82178
3.7446458 10.795785 5.4589467 5.0164104 -16.45511 42.10178
4.005622 10.379181 6.533976 -16.928589 -4.13511 44.72678
4.1253357 10.156514 6.751855 -32.43359 18.01989 40.38678
4.453351 10.345661 6.5459476 -29.423592 37.234894 39.05678
4.68799 10.99451 6.759038 -18.888592 46.50989 39.26678
5.403878 11.059155 6.63693 -11.5385895 59.49489 38.95178
5.7893567 10.96099 5.7390766 1.83141 82.55989 39.26678
6.378348 11.973768 4.479688 21.95641 98.51989 35.346783
6.8787518 12.483748 3.7350688 35.88641 108.844894 31.566782
6.976917 12.019259 3.265791 39.91141 124.4199 27.82178
6.651295 11.11183 2.8970726 39.841408 135.3749 20.891779
6.6872096 10.992116 3.1317115 40.71641 132.08488 15.991779
7.683228 11.741524 3.833234 34.94141 124.76989 15.25678
8.739103 10.733534 3.2394538 40.33141 156.3749 23.621778
8.083072 10.225947 2.640885 68.54141 153.29488 9.796781
7.5683026 10.362421 1.8699286 84.99141 146.3299 0.90677994
8.322499 10.6497345 0.50998056 86.46141 151.19489 6.75178
8.719949 10.577906 -1.1157321 85.51641 162.91989 11.61678
8.655303 10.881979 -1.6831752 78.271416 160.5399 1.7817799
7.556331 11.071127 -0.35914123 57.761406 148.77989 -19.67322
7.3432407 10.527626 0.12929083 39.94641 146.92488 -28.59822
6.3807425 10.838882 0.047885496 36.86641 146.43489 -20.268219
7.738296 11.95222 -0.026337024 38.93141 143.6699 -9.453221
9.2419 11.633781 -0.48124924 45.58141 137.36989 -9.31322
9.577099 10.61382 -2.0351336 59.826412 128.75989 -15.193221
8.150111 10.697619 -3.275368 72.25141 126.974884 -30.943222
7.2714124 10.788602 -3.8906965 71.30641 127.98989 -49.143223
6.926637 10.075109 -3.7398572 59.68641 122.52989 -54.00822
7.1325445 9.512454 -2.8252442 39.35141 117.66489 -48.02322
8.547561 9.888355 -3.0550947 27.03141 115.6699 -41.338223
8.490098 9.835681 -3.7350688 35.22141 106.11489 -41.96822
6.9553685 9.371192 -3.9864676 50.271408 100.094894 -58.943222
5.6983743 8.887548 -4.0918155 61.78641 89.55989 -78.61322
5.7175283 9.201198 -4.355186 72.951416 70.09989 -87.01322
6.7901635 9.282603 -5.786962 84.78141 50.21989 -82.813225
6.55313 9.1628895 -6.1125836 94.651405 33.62989 -78.61322
5.5140147 8.578687 -6.2179317 93.14641 20.43489 -91.00322
4.9346004 8.133351 -6.3208857 89.191414 3.07489 -103.77821
4.5539107 7.719142 -6.304126 87.96641 -19.50011 -107.10322
3.8523881 7.2714124 -5.681614 83.55641 -38.400112 -108.328224
2.5475085 7.046351 -5.4326096 75.64641 -52.82011 -110.18322
2.2554069 6.9721284 -5.648094 73.68641 -67.31011 -110.078224
1.951334 6.797346 -5.602603 74.80641 -78.055115 -105.28322
1.1803775 6.510033 -4.7119327 72.98641 -93.28011 -95.97322
0.9122187 6.344828 -4.3432145 69.521416 -110.81511 -90.79322
0.6368771 6.4166565 -4.460534 70.39641 -125.23511 -86.69822
0.105348095 6.3280683 -4.1325183 77.29141 -138.57011 -82.07822
-0.21548474 6.3472223 -3.5243726 78.621414 -149.0001 -77.77322
0.03351985 6.2322974 -3.7685885 75.786415 -157.6101 -74.86822
-0.21548474 5.940196 -3.8978794 80.93141 -173.08011 -56.63322
-0.87630457 5.6241517 -3.2993107 72.846405 -175.95012 -55.89822
-1.4245936 5.5307746 -2.700742 62.13641 -178.75012 -55.05822
-1.4940275 5.3296556 -2.1141446 57.516415 -184.49011 -50.33322
-1.9154198 4.9944572 -1.6161355 57.656406 -190.05511 -46.27322
-2.6001825 4.601796 -0.6249057 61.541412 -194.64012 -46.658222
-2.9665065 4.087027 -0.15323359 69.69641 -200.31012 -45.18822
-3.4740927 4.2809634 -0.35914123 80.896416 -201.64012 -36.47322
-3.5578923 4.5060253 -0.52913475 86.53141 -191.7701 -22.298222
-2.762993 4.2474437 0.3902668 78.93642 -180.3251 -9.24322
-2.3727264 4.278569 0.84996754 72.49641 -175.39012 -0.91322
-3.057489 4.5515165 0.7350424 80.93141 -172.5901 -1.6482201
-4.228289 4.608979 0.39266106 89.75141 -164.19011 -3.22322
-3.9936504 4.4030714 0.68715686 90.941414 -156.52512 4.26678
-3.337619 4.477294 1.0415095 88.63141 -160.5151 20.08678
-2.753416 5.0854397 0.87630457 88.21142 -163.80511 34.12178
-3.3495905 4.790944 1.2498114 86.28641 -158.4851 38.00678
-4.4485626 4.5012364 2.5666625 77.39641 -147.18011 29.571783
-3.8739367 4.6736245 3.4908526 70.18642 -140.07512 26.91178
-2.9521408 5.320079 3.1269228 78.3764 -137.94011 50.256783
-2.5068057 5.681614 2.944958 94.75642 -133.67012 76.891785
-2.7821474 5.420638 3.5243726 99.97141 -122.680115 77.556786
-2.6935592 6.0599093 3.4884584 97.34641 -111.025116 65.51678
-1.6233183 7.067899 2.6456738 97.31141 -99.335106 73.46178
-1.7526091 6.979311 3.284945 90.97641 -85.405106 92.88678
-3.189174 6.3208857 4.843618 69.83642 -64.02011 92.57178
-2.1476645 7.185219 5.0495257 57.866413 -46.83511 76.086784
0.84996754 8.631361 2.9665065 71.02641 -45.71511 88.091774
0.090982445 8.81572 3.093403 76.31141 -39.06511 115.88178
-2.82285 8.925857 5.741471 39.66641 -4.10011 108.70679
-0.6608198 8.877971 5.549929 7.2914095 24.73989 92.71178
2.1740015 9.514848 3.5698638 27.906412 -1.51011 105.76678
-0.18675344 10.118205 2.4373717 51.18141 -22.79011 120.32679
-2.3727264 10.034406 4.9154463 25.14141 8.6748905 106.921776
0.33519846 10.142148 5.116565 -15.24859 50.04489 95.58179
3.110163 10.965778 3.5602865 -1.8085902 35.86989 107.376785
1.1277034 11.387171 2.3344178 34.59141 6.18989 111.78678
-0.9217958 11.63857 3.5602865 32.31641 22.114891 93.586784
0.31843856 12.170099 4.168432 0.08141 60.649887 83.821785
3.9074564 12.936267 2.2530127 22.06141 59.00489 95.58179
4.496448 13.266677 0.49800915 33.22641 54.83989 87.11178
2.6432793 13.041615 0.9074302 5.1914105 69.11989 68.31678
1.8627458 12.644165 2.4996228 -28.23359 86.26988 59.07678
2.6839821 12.610645 1.8890828 -27.04359 90.92489 62.33178
3.1221344 12.866833 0.06464542 -3.1035903 87.56489 62.156776
3.0048149 12.852468 -0.5818088 5.6464105 84.93989 53.44178
2.8396099 12.598674 0.5458947 -9.12359 83.749886 45.39178
2.7390504 12.699234 1.3192455 -19.798592 85.6749 43.99178
3.5267668 13.005701 -0.0071828244 -7.3035903 91.62489 48.85678
4.2905407 13.170906 -0.9026416 13.52141 94.10989 51.411785
4.103787 12.890776 -0.818842 17.02141 86.024895 42.06678
3.6009893 12.704022 -0.105348095 5.40141 80.10989 27.68178
3.7877429 12.622617 -0.36632404 -0.58359 84.9749 21.41678
4.539545 12.469383 -1.3479767 8.02641 91.72989 20.75178
4.2235007 12.258687 -2.351178 17.44141 88.99989 16.83178
3.6608462 12.167705 -1.6017698 10.02141 79.72489 8.85178
3.7781656 11.688849 -1.462902 -6.07859 79.89989 2.30678
2.9832664 10.920287 -1.3671309 -10.90859 79.47989 1.29178
2.4517374 11.023241 -1.1564348 -11.11859 77.064896 -3.08322
3.241848 11.327314 -0.9696813 -15.808591 80.56489 -4.62322
3.7518287 11.25788 -1.2091088 -14.793591 82.664894 0.55678004
3.4046588 11.123801 -2.0686533 0.29141 80.66989 -1.96322
2.944958 10.925076 -2.6863763 20.101408 75.73489 -7.70322
2.6959534 10.779025 -4.048719 32.736412 71.84989 -14.52822
2.6337023 10.549175 -5.564295 42.431408 62.74989 -19.74322
2.8443985 10.285805 -5.585843 39.561413 51.89989 -19.39322
2.49244 9.938635 -3.7159145 9.74141 40.419888 -18.27322
2.004008 9.505271 -1.786129 -30.438587 31.109894 -19.008223
1.9154198 9.237112 -1.6592325 -43.178593 26.20989 -21.28322
1.8531687 9.210775 -2.0542877 -22.35359 11.159889 -20.898218
1.5921928 9.055147 -1.3982565 -7.0585904 1.39489 -18.02822
1.4006507 8.887548 0.105348095 -14.933591 2.26989 -16.17322
1.6233183 8.839663 0.28970724 -22.84359 8.70989 -11.90322
1.6951466 9.340066 -1.5012103 -3.3835902 11.99989 -8.1232195
1.9872481 9.859624 -2.2937152 28.29141 11.36989 -5.70822
2.0973847 9.780613 -1.1205206 31.686409 8.219891 -2.27822
1.6807809 9.660899 -0.61293435 8.306411 7.0998898 -1.54322
1.6568382 9.47654 -0.6368771 -4.67859 5.48989 -3.67822
1.8747171 9.603436 0.2466103 -8.2485895 1.7448901 -2.55822
1.8866886 9.452597 0.7446195 -4.5385904 2.72489 -2.80322
1.6616267 9.256267 0.18435916 13.171411 1.7448901 -4.62322
1.4317763 9.184438 -0.22985038 24.26641 1.2898899 -4.2382197
1.4198049 9.320911 -0.36392978 21.606411 2.37489 -2.31322
1.611347 9.545974 -1.0846065 16.35641 3.9148898 1.15178
1.8914771 9.924269 -0.94095 8.20141 2.89989 3.84678
1.934574 9.93624 -0.019154198 -7.1635904 -2.91011 2.2717798
1.8890828 9.821315 0.9601042 -18.39859 -6.48011 -1.0182201
1.5443072 9.73991 0.44054657 -12.20359 -4.69511 -3.57322
1.4341706 9.641745 0.047885496 2.67141 -4.9051104 -5.98822
1.175589 9.462174 0.25379312 5.12141 -6.30511 -5.74322
1.1803775 9.404712 0.6153286 -0.44359 -3.36511 -4.86822
1.3671309 9.44302 0.098165266 1.4464101 1.14989 -1.68322
1.7406378 9.768641 -0.600963 10.44141 1.53489 1.15178
1.56825 9.72315 -0.5554718 11.28141 -2.80511 0.69677997
1.228263 9.593859 0.0023942748 0.92141 -5.0101104 -1.96322
1.1540405 9.483723 -0.009577099 -6.2185903 -2.10511 -1.57822
1.4413534 9.562734 -0.117319465 -2.99859 -0.21511 2.06178
1.4772675 9.562734 -0.12929083 1.27141 -1.86011 3.6717799
1.6305012 9.72315 -0.37590113 3.23141 -4.03011 2.93678
1.8268317 9.759064 -0.21069619 2.77641 -4.48511 2.83178
1.5179702 9.596253 0.32083282 -0.96858996 -4.52011 2.51678
1.3671309 9.498088 0.7446195 -3.9085903 -3.2251098 1.11678
1.673598 9.648928 0.21069619 -0.68859 -0.70511 1.43178
1.8268317 9.895537 -0.3304099 9.63641 -1.9651101 2.86678
1.8411974 9.8548355 -0.36392978 14.606411 -3.85511 2.7267802
1.7095122 9.809344 0.09577099 7.46641 -2.94511 1.99178
1.7741576 9.909904 0.12210801 -1.2135899 -1.0201101 1.22178
1.7933118 9.900327 -0.11013664 -1.98359 -2.52511 0.13678001
1.4652961 9.720756 0.08858817 -0.37359 -3.89011 -1.33322
1.297697 9.62259 0.37829542 -2.6835902 -3.85511 -2.97822
1.5538844 9.62259 0.3998439 -5.79859 -2.84011 -3.57322
1.6400782 9.641745 0.18675344 -4.9235897 -1.0901101 -1.22822
1.4820561 9.62259 0.105348095 -0.54859 0.86989003 -0.73822004
1.3527653 9.634562 0.12210801 3.5464098 0.20489 -2.55822
1.4533248 9.70639 -0.2657645 5.33141 -1.1251099 -2.52322
1.6855695 9.629773 -0.31843856 5.33141 -0.28511 -0.73822004
1.3623424 9.349643 0.05985687 -1.8435899 -0.84511006 -1.57822
1.0055954 9.220352 0.43096948 -1.5635899 -3.0501099 -3.15322
1.4413534 9.464568 0.11253092 1.23641 -1.72011 0.101780005
1.9154198 9.641745 -0.09577099 3.33641 0.69489 4.2317805
1.5586729 9.761458 -0.076616794 3.7914102 0.97489005 2.7267802
1.5036045 9.828498 -0.083799616 4.66641 -1.0901101 0.38178003
1.8627458 9.972155 -0.32083282 4.5614104 -1.61511 1.88678
1.7789462 9.93624 -0.37829542 1.37641 -0.49511 2.6917799
1.611347 9.75667 0.11971374 -3.55859 0.34489 0.34678
1.4796618 9.656111 0.36632404 -4.9235897 -1.1601101 -1.4032199
1.4940275 9.780613 -0.1699935 0.29141 -1.1601101 -1.12322
1.647261 9.840469 -0.47167215 3.6164103 1.35989 0.34678
1.6544439 9.708784 -0.27055305 -0.30359 1.8148899 0.87178
1.3647367 9.620196 0.12929083 -3.24359 -0.63511 -1.12322
1.446142 9.62259 -0.043096945 -1.42359 -1.86011 -1.47322
1.6664152 9.711179 -0.28731298 2.32141 -2.07011 0.41678002
1.6185298 9.545974 -0.071828246 1.86641 -0.11011 1.29178
1.4006507 9.411894 0.15083931 -0.19859001 0.48489 0.52178
1.3623424 9.5244255 -0.23224466 1.9364101 -0.28511 -0.59822
1.7693691 9.711179 -0.24421602 5.1914105 -0.075109996 0.94178
1.6233183 9.627379 -0.20111908 4.3164096 -1.54511 2.3417802
