0.32 8.44 -1.01 -2.291831 -18.907606 0.57295775
0.65999997 8.44 -0.87 -3.4377468 -25.7831 4.0107045
0.77 7.99 -0.97999996 1.7188734 -44.11775 3.4377468
0.45 7.9199996 -1.62 5.15662 -37.242256 1.7188734
0.24 7.85 -1.9599999 4.583662 -28.64789 3.4377468
0.48 7.1099997 -1.88 -26.929016 -21.199438 15.469859
0.77 6.5499997 -0.66999996 -48.128452 -19.480566 16.615776
0.65999997 6.37 -0.17999999 -59.014652 -16.615776 20.62648
0.7 5.43 1.29 -63.02536 -14.896902 24.637184
0.65 5.58 1.5 -65.317184 -13.750987 32.658592
0.69 5.69 1.51 -65.317184 -12.032113 37.242256
1.37 5.81 2.96 -76.77634 1.7188734 55.576904
1.48 6.1099997 3.6799998 -79.06818 0.0 55.576904
2.26 6.2799997 4.02 -77.922264 -9.167324 62.4524
2.9199998 6.14 3.8899999 -75.630424 -12.032113 69.32789
2.87 6.12 4.13 -79.641136 -4.0107045 82.50592
3.9199998 6.1 6.2799997 -92.81916 5.15662 93.39212
4.25 6.3799996 6.8999996 -93.39212 -2.8647888 97.402824
5.12 6.85 8.26 -89.95437 -5.15662 111.72677
5.24 7.91 8.929999 -82.50592 8.594366 118.029305
6.33 7.8199997 8.639999 -63.598316 24.064226 119.74818
6.7 8.059999 9.34 -53.285076 30.366762 114.0186
6.7799997 7.72 10.45 -54.43099 27.501974 108.289024
7.24 7.89 8.87 -43.544792 30.939718 112.29972
7.83 7.7799997 7.74 -25.210142 77.349304 120.32113
6.72 8.51 10.059999 -24.637184 91.10028 122.61296
7.73 9.25 9.22 -24.637184 69.32789 117.456345
10.13 9.889999 6.7 14.323945 52.139156 114.59156
9.599999 9.4 5.21 45.263664 107.143105 102.55944
7.08 10.429999 8.28 30.939718 110.58085 93.39212
8.34 11.139999 7.2799997 14.896902 84.79775 88.2355
11.19 10.849999 5.96 37.815212 84.22479 95.11099
9.559999 11.509999 5.62 53.285076 104.27831 81.36001
8.42 12.21 6.08 53.285076 103.1324 52.139156
9.71 11.74 5.44 59.58761 96.256905 45.83662
9.349999 11.5 4.97 64.74423 98.54874 34.377464
8.24 11.08 4.23 71.61973 101.98649 16.042818
7.5899997 10.929999 4.3199997 73.91155 103.70536 5.15662
7.96 10.59 3.28 72.76564 92.24621 -6.3025355
7.99 10.17 3.54 62.4524 86.516624 -17.188732
6.95 9.79 4.5 40.107044 80.21409 -32.085636
6.5499997 9.469999 4.7799997 24.637184 76.203384 -40.680004
6.22 8.9 5.25 23.49127 76.77634 -41.825916
6.0699997 8.48 5.3399997 29.220846 76.203384 -41.25296
5.68 8.639999 5.18 47.555496 64.74423 -51.5662
5.49 8.809999 4.87 53.285076 64.17127 -54.43099
5.38 9.17 4.8599997 53.285076 60.733524 -55.576904
5.58 9.65 4.35 49.84733 63.598316 -55.576904
5.67 9.349999 3.09 52.139156 72.19268 -54.43099
4.96 9.37 2.82 49.27437 80.21409 -57.868736
4.71 9.32 3.48 46.40958 76.203384 -49.84733
4.93 8.95 2.53 62.4524 58.441692 -46.98254
4.36 8.73 2.1599998 84.79775 49.84733 -59.014652
3.54 8.92 2.2 96.829865 33.80451 -69.32789
3.82 9.17 1.05 102.55944 17.761692 -72.76564
3.6799998 8.92 0.0 98.54874 13.178029 -71.61973
2.73 8.92 0.75 80.78705 8.021409 -75.057465
2.25 9.23 1.43 68.75493 -6.8754935 -76.77634
2.3799999 9.32 1.41 71.61973 -15.469859 -77.349304
2.1299999 9.179999 0.81 76.203384 -17.761692 -78.49522
1.5699999 9.33 1.0 77.922264 -22.91831 -83.07887
1.4699999 9.29 0.65 73.91155 -30.939718 -84.22479
0.96 9.11 0.32999998 68.18198 -34.950428 -81.93296
0.82 9.0 0.63 60.733524 -34.377464 -80.78705
1.1 8.62 0.34 55.576904 -37.242256 -80.78705
0.45999998 8.23 0.39999998 50.993244 -38.961132 -84.79775
-0.39999998 7.91 0.59 46.98254 -37.815212 -89.38142
-1.0799999 7.37 0.0 47.555496 -34.950428 -83.65183
-1.4599999 7.39 0.0 52.139156 -30.939718 -75.630424
-1.54 7.49 -0.02 61.879436 -38.961132 -71.61973
-1.63 7.5499997 -0.58 77.922264 -54.43099 -71.04677
-1.8499999 7.29 -1.55 90.52733 -60.160564 -68.18198
-2.12 6.7799997 -2.12 87.089584 -61.879436 -64.17127
-2.31 6.5099998 -2.07 67.60902 -66.463104 -60.733524
-2.77 6.6099997 -0.98999995 44.11775 -66.463104 -57.868736
-3.02 6.3399997 -0.08 25.7831 -67.03606 -52.139156
-3.6799998 6.3799996 0.37 20.053522 -65.890144 -49.27437
-3.9399998 6.22 -0.049999997 28.64789 -59.58761 -39.53409
-4.14 6.19 -0.31 33.231552 -58.441692 -35.523384
-4.17 6.43 -0.62 38.38817 -60.160564 -29.220846
-4.27 6.6499996 -0.76 38.38817 -59.014652 -18.334648
-4.13 6.3999996 -0.91999996 31.51268 -59.014652 -12.032113
-3.9499998 6.15 -1.02 29.793804 -60.160564 -10.886198
-4.04 6.27 -0.64 25.7831 -61.30648 -8.594366
-3.9399998 6.1299996 -1.0799999 21.199438 -62.4524 -2.291831
-3.8799999 6.1 -0.79999995 18.334648 -61.879436 2.291831
-3.32 6.3199997 0.12 5.15662 -65.890144 1.1459155
-3.01 6.1099997 -0.35999998 1.7188734 -67.60902 4.0107045
-3.6399999 5.8399997 -0.12 0.0 -62.4524 8.594366
-3.53 6.0899997 0.64 1.1459155 -47.555496 4.0107045
-3.47 6.14 0.66999996 8.594366 -52.139156 6.8754935
-4.2 7.16 0.57 10.886198 -49.84733 10.31324
-4.42 7.48 0.64 8.594366 -37.815212 18.334648
-4.23 7.31 0.71 4.583662 -40.680004 18.907606
-3.84 7.2599998 0.87 0.0 -49.84733 22.91831
-3.8 7.37 0.90999997 1.1459155 -52.712116 32.085636
-3.6899998 7.73 1.81 0.57295775 -49.27437 37.242256
-3.3 7.94 2.03 0.0 -45.263664 38.38817
-2.56 7.97 1.78 5.7295775 -47.555496 42.971836
-3.3 7.89 1.51 6.8754935 -41.25296 41.825916
-3.6699998 8.26 1.76 5.15662 -37.242256 44.69071
-2.83 8.309999 1.7099999 6.3025355 -48.128452 57.29578
-2.05 8.96 1.99 12.605071 -50.420284 65.317184
-1.5 9.23 1.8499999 18.907606 -50.420284 68.75493
-1.48 9.76 1.48 18.334648 -44.11775 66.463104
-1.54 10.12 1.92 14.323945 -37.242256 61.30648
-0.32 9.71 1.3299999 7.448451 -41.25296 63.598316
-0.39 9.4 1.67 -7.448451 -28.07493 60.733524
-1.67 9.65 2.9199998 -16.615776 -15.469859 56.14986
-1.14 10.19 3.73 -1.1459155 -21.199438 61.879436
0.049999997 10.03 2.3999999 23.49127 -31.51268 72.76564
0.55 10.03 1.41 30.939718 -28.64789 73.91155
0.22999999 9.99 0.98999995 27.501974 -21.199438 73.33859
0.12 10.559999 0.78999996 17.188732 -14.896902 72.19268
1.04 10.73 0.19 4.583662 -12.032113 78.49522
2.02 10.639999 0.68 -13.178029 -9.740283 85.37071
2.4099998 10.92 1.5 -28.64789 -12.032113 76.77634
1.8199999 11.28 1.52 -29.793804 -10.886198 63.02536
1.56 11.41 2.3 -25.7831 -6.3025355 59.58761
2.69 12.04 2.19 -16.615776 -12.032113 61.879436
3.3899999 11.969999 1.4 -4.583662 -24.064226 64.17127
2.87 12.12 1.29 -8.021409 -19.480566 53.858032
2.76 12.09 1.64 -20.053522 -10.31324 44.69071
2.9199998 12.179999 1.92 -25.210142 -6.3025355 42.971836
3.46 12.54 2.32 -21.199438 -5.7295775 40.680004
3.6 12.45 1.9599999 -16.615776 -6.8754935 38.961132
3.1399999 12.13 1.63 -10.886198 -8.594366 29.793804
2.87 12.04 1.75 -11.459155 -2.8647888 20.62648
3.12 11.96 1.35 -6.3025355 -2.8647888 21.199438
3.52 11.88 1.3299999 -4.0107045 -4.0107045 20.62648
3.54 11.24 1.26 -4.0107045 -5.15662 14.896902
3.35 11.0 1.3399999 -3.4377468 -5.15662 4.583662
2.85 10.91 1.5 -1.7188734 -0.57295775 0.0
2.9199998 10.37 1.36 1.1459155 0.0 0.57295775
2.78 10.24 1.35 4.583662 -2.291831 -0.57295775
2.55 10.179999 1.55 7.448451 -3.4377468 -2.291831
2.74 10.12 1.25 13.178029 -5.15662 -1.7188734
2.6799998 9.969999 0.71999997 14.896902 -4.0107045 -2.291831
2.6599998 9.7699995 0.55 8.594366 -3.4377468 -2.8647888
2.72 9.66 0.77 0.0 -5.7295775 -4.583662
2.44 9.53 1.03 -5.15662 -5.15662 -5.7295775
2.56 9.4 1.22 -5.15662 -5.15662 -5.15662
2.6299999 9.24 1.14 -2.291831 -1.7188734 -3.4377468
2.36 9.3 1.3299999 0.0 1.1459155 -4.0107045
2.49 9.4 1.17 2.291831 1.1459155 -3.4377468
2.6 9.429999 0.82 5.15662 0.57295775 -2.8647888
2.35 9.37 0.71999997 1.7188734 4.0107045 -3.4377468
2.4099998 9.3 1.15 0.0 4.0107045 -2.8647888
2.61 9.41 1.0699999 0.0 0.0 -1.7188734
2.6499999 9.48 0.79999995 3.4377468 -0.57295775 -1.1459155
2.6 9.41 0.79999995 3.4377468 1.7188734 -1.7188734
2.6699998 9.429999 0.84 1.7188734 0.0 -1.7188734
2.6399999 9.33 0.77 0.0 1.1459155 -1.1459155
2.48 9.36 1.09 -3.4377468 5.15662 -0.57295775
2.55 9.4 1.0699999 0.0 2.8647888 1.1459155
2.6799998 9.61 0.83 5.7295775 0.0 1.1459155
2.78 9.63 0.61 8.021409 0.0 2.8647888
2.73 9.58 0.51 5.7295775 -0.57295775 1.7188734
2.75 9.639999 0.74 1.7188734 -1.1459155 0.57295775
2.71 9.69 0.96999997 -0.57295775 -0.57295775 0.0
2.7 9.73 1.11 0.0 1.7188734 0.57295775
2.76 9.65 0.9 4.0107045 1.1459155 0.57295775
2.6 9.67 0.72999996 5.7295775 1.1459155 0.0
2.6299999 9.67 0.55 6.8754935 0.0 -0.57295775
2.58 9.599999 0.38 6.8754935 -0.57295775 -1.1459155
2.45 9.59 0.45 5.15662 -1.7188734 -2.291831
2.6399999 9.61 0.7 0.57295775 -0.57295775 -1.1459155
2.6799998 9.5199995 0.74 -1.7188734 -1.7188734 -0.57295775
2.37 9.53 0.84999996 -1.1459155 -2.291831 -2.8647888
2.44 9.59 0.84 0.0 -0.57295775 -2.291831
2.71 9.65 0.89 0.0 -2.291831 0.0
2.46 9.66 0.88 0.0 -1.7188734 -1.1459155
2.46 9.66 0.78 1.7188734 -2.291831 -2.8647888
2.59 9.53 0.79999995 1.1459155 -2.8647888 -1.7188734
2.53 9.5199995 0.85999995 -1.7188734 0.0 -1.7188734
2.4299998 9.44 0.96999997 -1.1459155 2.291831 -1.7188734
2.5 9.389999 0.84 0.57295775 -0.57295775 -1.1459155
2.45 9.389999 0.65999997 1.7188734 -1.7188734 -1.1459155
2.3999999 9.54 0.76 2.291831 -0.57295775 0.0
2.62 9.639999 0.71999997 2.291831 -0.57295775 0.57295775
2.6599998 9.61 0.74 0.57295775 -0.57295775 0.0
2.32 9.62 0.64 1.1459155 0.0 -1.1459155
2.3899999 9.62 0.82 -2.291831 0.0 0.0
2.72 9.7 1.0 -2.291831 -0.57295775 0.57295775
2.62 9.73 0.89 0.0 -0.57295775 -0.57295775
2.59 9.639999 0.65999997 0.57295775 0.0 -2.291831
2.59 9.639999 0.65999997 -2.291831 0.0 -1.7188734
