1.26 9.179999 -1.9599999 27.501974 -3.4377468 -9.740283
1.67 8.48 -2.78 8.021409 -36.669296 2.291831
1.5799999 7.6499996 -1.53 -7.448451 -30.939718 4.583662
0.96999997 7.0499997 -0.17 -33.231552 -4.0107045 5.15662
1.3199999 6.68 0.51 -25.7831 -1.7188734 6.8754935
1.66 6.42 -0.87 12.605071 -21.199438 6.3025355
1.4399999 4.98 -2.4299998 12.032113 -24.064226 9.740283
1.23 4.67 -1.86 1.7188734 -24.064226 12.605071
1.17 4.21 -1.13 -16.615776 -30.366762 22.345354
2.4299998 3.87 -0.84 -24.637184 -38.961132 33.231552
2.49 3.54 -1.0799999 -29.220846 -42.971836 36.09634
2.4099998 1.8 -0.35 -42.971836 -45.83662 41.825916
2.23 1.14 0.29 -49.84733 -48.701412 45.83662
2.56 0.19 1.26 -49.84733 -56.14986 65.317184
3.98 -1.06 0.42 -32.658592 -76.203384 103.1324
4.25 -0.89 1.52 -38.961132 -89.38142 130.06142
7.16 -0.32999998 3.8799999 -38.961132 -96.829865 147.8231
9.349999 0.74 4.5499997 -25.7831 -90.52733 174.75212
10.429999 2.29 8.33 -24.637184 -66.463104 193.08678
11.63 2.86 9.0199995 -23.49127 -63.02536 201.10818
14.219999 4.23 7.94 29.793804 -22.91831 207.41072
13.259999 4.75 9.469999 61.30648 14.896902 198.2434
13.259999 5.45 10.84 75.630424 22.91831 190.79494
16.779999 7.71 7.64 114.0186 38.961132 198.2434
17.1 8.91 5.45 135.21803 89.95437 194.23268
15.44 9.13 6.2 100.84057 110.0079 167.87662
13.44 8.62 8.66 60.733524 105.42423 144.38536
14.059999 8.0 8.179999 69.900856 109.43494 132.92621
15.36 7.3399997 6.7599998 101.41353 134.64508 126.62367
15.78 6.7799997 6.3999996 106.57015 149.54198 115.73747
15.599999 6.71 6.46 106.57015 152.40677 107.716064
15.139999 6.37 6.42 107.716064 151.26085 89.95437
15.96 7.12 6.22 104.27831 158.7093 84.22479
15.73 7.8199997 6.75 97.97578 165.01184 80.78705
16.029999 7.95 6.93 82.50592 177.61691 60.160564
16.07 8.65 7.22 83.07887 178.76283 50.993244
16.47 8.67 7.1099997 81.93296 171.31438 32.085636
16.07 8.55 7.4199996 79.06818 171.31438 12.032113
15.969999 8.309999 7.39 78.49522 178.18987 -5.7295775
16.8 8.28 6.7599998 83.65183 182.77353 -17.761692
17.16 8.42 6.02 89.38142 181.05466 -34.377464
16.289999 7.93 6.42 81.93296 168.44958 -61.30648
15.2 7.33 6.2599998 79.06818 161.00114 -76.203384
15.2 7.52 5.45 90.52733 159.28227 -78.49522
15.2 7.27 4.38 99.1217 152.97972 -85.37071
13.0199995 6.7 4.85 97.97578 133.49916 -106.57015
12.79 6.41 3.48 110.58085 120.89409 -113.44564
11.809999 6.39 3.31 112.87268 118.029305 -117.456345
10.099999 6.15 3.35 108.86198 112.29972 -120.89409
9.16 6.2999997 3.79 102.55944 89.38142 -111.15381
9.9 6.41 3.29 112.29972 76.203384 -105.42423
9.59 5.52 2.1299999 118.60226 68.18198 -108.289024
6.6099997 6.31 1.93 125.47776 49.27437 -126.05072
7.35 6.35 0.64 123.75887 40.107044 -125.47776
7.7999997 6.0499997 0.13 110.58085 33.231552 -119.74818
5.69 4.93 0.049999997 93.96508 25.210142 -130.63437
2.87 5.08 0.19 99.69466 13.178029 -137.50986
3.05 5.13 0.17 111.15381 -16.042818 -126.05072
2.25 5.5499997 1.16 116.31043 -49.84733 -116.883385
2.74 5.5699997 0.65999997 134.07211 -64.17127 -110.0079
2.71 5.73 -0.96999997 156.99043 -81.36001 -104.27831
1.49 6.0299997 -0.82 147.25015 -92.24621 -107.143105
1.54 6.0499997 -0.63 125.47776 -99.1217 -99.69466
1.89 5.92 -0.24 115.73747 -105.42423 -98.54874
1.76 5.27 0.31 92.81916 -118.029305 -97.97578
0.45 4.5099998 0.29999998 89.38142 -117.456345 -98.54874
-0.56 4.44 1.05 87.662544 -114.59156 -94.53803
-0.88 4.38 1.4599999 89.38142 -112.87268 -75.630424
-0.96 4.67 0.87 103.1324 -111.72677 -57.29578
-0.90999997 4.95 -0.17 123.75887 -113.44564 -43.544792
-1.24 5.2 -0.19 126.62367 -112.29972 -30.366762
-1.2099999 5.3599997 -0.75 120.32113 -121.46705 -19.480566
-1.14 5.69 -1.25 118.029305 -135.79099 -13.178029
-0.65 5.69 -1.18 99.69466 -138.08282 -6.3025355
-0.83 5.39 -0.7 72.76564 -142.09354 0.0
-1.52 5.18 0.90999997 48.701412 -143.23946 5.7295775
-1.9399999 5.37 1.66 41.25296 -137.50986 18.334648
-1.0699999 5.52 1.35 59.014652 -134.64508 32.085636
-1.27 5.97 0.63 72.19268 -142.66649 37.242256
-1.1899999 6.47 0.95 67.60902 -148.39606 46.40958
-1.3399999 7.1 0.93 55.576904 -142.09354 51.5662
-0.78 6.8199997 0.88 45.263664 -122.61296 56.72282
-0.04 7.2999997 1.26 17.188732 -121.46705 61.30648
0.32 6.97 2.24 1.7188734 -119.17522 63.02536
-1.27 7.43 3.23 -13.750987 -106.57015 57.29578
-1.0699999 7.7599998 3.3 -5.15662 -98.54874 67.03606
0.58 7.5099998 2.51 -2.291831 -102.55944 70.47381
1.05 7.5499997 2.49 -10.31324 -98.54874 70.47381
-0.12 7.1 2.5 -34.377464 -83.65183 70.47381
-1.49 7.43 4.02 -50.420284 -59.58761 65.317184
0.21 7.8599997 4.43 -45.263664 -64.74423 74.48451
2.82 8.04 3.9299998 -33.231552 -83.65183 89.38142
1.15 8.66 3.52 -34.377464 -69.900856 81.93296
-0.88 9.73 4.91 -37.815212 -41.25296 69.900856
1.42 10.48 5.25 -25.210142 -53.858032 85.94367
2.95 10.57 3.9599998 -12.032113 -58.441692 81.93296
1.9399999 10.9 3.86 -20.053522 -45.263664 72.19268
0.48 11.5 5.13 -40.680004 -26.356058 68.75493
3.02 11.78 5.0899997 -29.793804 -33.80451 81.36001
3.4099998 12.009999 4.5099998 -29.793804 -33.80451 81.36001
3.8999999 12.36 3.98 -15.469859 -20.62648 56.72282
3.61 11.759999 3.54 -20.053522 -18.334648 49.84733
2.34 11.59 3.78 -26.929016 -11.459155 41.25296
2.29 11.5199995 3.77 -34.950428 8.021409 34.950428
3.98 11.44 3.58 -28.64789 2.8647888 47.555496
4.2799997 11.17 3.26 -20.053522 -5.15662 47.555496
2.36 11.46 2.4099998 -17.761692 -7.448451 30.939718
2.79 12.11 3.84 -24.637184 -1.7188734 29.220846
3.82 12.259999 4.14 -25.210142 -3.4377468 35.523384
5.2599998 11.87 2.71 -8.594366 -6.8754935 37.242256
3.46 11.36 1.73 -9.740283 0.0 17.761692
2.6799998 11.42 2.33 -18.907606 4.583662 10.886198
3.86 11.389999 4.0 -31.51268 8.021409 17.188732
4.69 10.9 3.24 -12.032113 2.291831 21.199438
4.1 10.679999 2.07 7.448451 0.0 10.886198
3.8 10.29 1.91 7.448451 -2.8647888 3.4377468
3.6 9.99 2.55 0.57295775 -2.291831 1.1459155
3.34 9.63 2.95 -16.042818 8.594366 -1.1459155
3.56 9.46 3.0 -14.896902 10.886198 0.0
3.75 9.53 2.87 -6.3025355 7.448451 4.0107045
3.61 9.469999 2.3999999 1.7188734 1.7188734 4.0107045
3.51 9.36 2.56 1.1459155 2.291831 0.0
3.54 9.2 2.73 -2.8647888 3.4377468 -0.57295775
3.6599998 9.05 2.05 -2.291831 5.7295775 0.0
3.55 8.91 1.88 -1.7188734 7.448451 -1.1459155
3.27 8.72 2.05 -5.7295775 5.15662 -4.0107045
3.35 8.66 2.6699998 -7.448451 0.0 -2.291831
3.6999998 8.72 2.62 -4.0107045 -1.7188734 0.0
3.79 8.679999 2.1499999 1.1459155 1.1459155 0.57295775
3.3799999 8.57 2.19 -1.7188734 1.7188734 -0.57295775
3.12 8.78 2.9099998 -5.7295775 1.7188734 0.0
3.57 8.889999 3.22 -1.1459155 1.7188734 4.583662
3.85 8.95 2.7 8.021409 1.7188734 4.583662
3.83 8.929999 2.24 9.740283 1.7188734 1.1459155
3.58 9.03 1.8499999 6.8754935 1.7188734 -1.1459155
3.6899998 8.95 2.4299998 -2.291831 5.7295775 -1.7188734
3.84 8.71 2.61 -6.8754935 5.7295775 0.0
3.54 8.809999 2.6499999 -2.291831 4.583662 0.0
3.53 8.98 2.71 3.4377468 1.1459155 0.0
3.73 9.11 2.26 5.7295775 -1.1459155 1.1459155
3.7099998 9.09 2.1 2.8647888 2.291831 0.57295775
3.6899998 8.95 2.28 -2.291831 5.15662 0.0
3.56 8.849999 2.45 -4.0107045 2.291831 -1.7188734
3.4199998 8.809999 2.56 -2.291831 0.57295775 -2.8647888
3.53 8.9 2.3899999 0.57295775 0.57295775 -1.7188734
3.6699998 8.84 2.52 0.0 1.7188734 0.57295775
3.6299999 8.84 2.55 -0.57295775 1.1459155 0.0
3.4399998 8.87 2.49 0.0 -1.1459155 -2.8647888
3.55 8.8 2.4299998 0.57295775 -0.57295775 -2.8647888
3.5 8.66 2.27 0.57295775 -0.57295775 -2.291831
3.29 8.65 2.49 -1.1459155 0.0 -2.8647888
3.3899999 8.76 2.8 -5.15662 0.0 -1.7188734
3.75 8.87 2.74 -3.4377468 1.1459155 0.0
3.76 8.849999 2.23 3.4377468 -0.57295775 1.1459155
3.21 8.73 2.25 2.291831 -1.1459155 -2.291831
3.12 8.79 2.76 -4.0107045 0.0 -2.291831
3.78 8.889999 2.9099998 -4.0107045 0.0 1.1459155
3.78 8.96 2.44 3.4377468 -1.7188734 3.4377468
3.37 8.88 1.9599999 6.3025355 -1.7188734 -1.7188734
3.26 8.78 2.12 1.1459155 -1.7188734 -2.8647888
3.49 8.83 2.82 -5.7295775 -2.291831 -0.57295775
3.49 8.78 2.72 -3.4377468 -0.57295775 0.0
3.31 8.74 2.54 0.0 0.0 -1.7188734
3.4499998 8.71 2.62 0.0 0.57295775 0.0
3.56 8.849999 2.59 1.7188734 -0.57295775 1.7188734
3.6399999 8.91 2.28 1.1459155 -0.57295775 0.0
3.59 8.809999 2.25 -3.4377468 -0.57295775 -0.57295775
3.47 8.809999 2.61 -9.167324 0.0 -2.291831
3.3 8.929999 3.1999998 -18.907606 4.583662 -2.8647888
3.4299998 9.11 3.28 -17.188732 8.594366 0.0
3.52 9.03 2.52 -6.3025355 3.4377468 0.57295775
3.3799999 8.889999 2.07 -8.594366 3.4377468 -0.57295775
3.34 8.86 2.87 -21.772396 8.594366 -1.7188734
3.3899999 8.88 3.49 -23.49127 9.740283 -1.7188734
3.49 8.78 3.4199998 -11.459155 5.7295775 0.0
3.61 8.8 2.86 2.291831 -0.57295775 -0.57295775
