0.90999997 9.24 0.08 6.8754935 -4.0107045 -1.7188734
1.48 8.98 0.39999998 6.3025355 -13.178029 -0.57295775
2.01 9.0 -0.19 13.750987 -24.064226 2.8647888
1.79 8.88 -1.39 22.345354 -4.583662 0.0
1.4699999 8.97 -1.1 14.323945 -0.57295775 0.0
1.75 8.92 1.06 -8.021409 -0.57295775 2.8647888
1.3199999 9.059999 -0.19 -17.761692 -3.4377468 8.021409
1.49 8.76 -1.04 -14.896902 -1.7188734 8.021409
1.49 8.76 -1.04 -14.896902 -1.7188734 8.021409
2.1499999 8.17 0.099999994 -46.40958 2.291831 15.469859
0.93 8.08 2.4299998 -44.69071 0.57295775 12.605071
1.53 8.3 2.12 -13.750987 -1.1459155 19.480566
1.8299999 8.32 1.31 2.8647888 0.0 23.49127
2.46 7.98 0.39 12.032113 6.3025355 24.637184
2.1299999 7.7 1.43 2.291831 5.15662 22.91831
2.29 7.81 1.1999999 4.0107045 8.594366 27.501974
2.29 7.81 1.1999999 4.0107045 8.594366 27.501974
2.9299998 7.2 0.98999995 -24.637184 21.199438 38.961132
2.18 6.85 4.36 -36.669296 23.49127 40.680004
2.1399999 7.3199997 5.0899997 -40.680004 24.064226 43.544792
3.1999998 7.2999997 3.78 5.7295775 29.793804 57.29578
4.15 7.6299996 3.85 11.459155 38.38817 58.441692
4.56 7.83 3.75 6.3025355 36.09634 61.879436
3.49 8.25 3.82 -3.4377468 46.98254 62.4524
4.0299997 8.33 2.9199998 -9.167324 63.02536 65.890144
5.62 8.309999 1.8 -13.178029 62.4524 72.19268
5.62 8.309999 1.8 -13.178029 62.4524 72.19268
4.54 8.3 2.8999999 -50.993244 60.160564 67.03606
5.02 8.67 5.2 -69.32789 64.17127 69.32789
6.8599997 8.84 5.21 -46.40958 55.576904 79.06818
6.43 9.24 6.25 -34.377464 61.879436 75.630424
6.43 9.24 6.25 -26.929016 67.60902 71.61973
7.5499997 9.24 6.2999997 14.323945 73.91155 71.04677
7.98 9.28 5.64 14.323945 73.91155 71.04677
7.12 9.36 5.0 36.669296 84.79775 72.76564
6.66 9.57 5.54 33.231552 92.24621 73.33859
8.57 10.0 5.74 31.51268 100.26762 72.19268
8.78 10.25 4.0299997 51.5662 100.84057 71.04677
6.93 10.5 5.83 34.950428 109.43494 56.14986
7.3799996 10.5 6.24 24.637184 122.61296 51.5662
8.82 10.66 5.45 31.51268 123.18592 54.43099
8.96 11.219999 4.7799997 48.701412 116.31043 53.285076
8.2699995 11.7699995 4.06 42.398876 115.73747 37.815212
6.67 11.58 6.29 19.480566 129.48846 24.064226
6.3999996 11.79 6.52 16.615776 139.22873 19.480566
8.11 11.7 5.0499997 72.76564 163.86592 18.907606
8.3 11.33 1.39 119.17522 158.7093 4.0107045
6.8199997 12.2699995 -0.04 122.04 146.10423 -10.886198
7.2599998 12.59 -0.089999996 97.97578 132.35324 -17.188732
7.2 12.509999 0.41 70.47381 128.9155 -29.220846
7.8199997 11.94 0.78999996 42.971836 127.19663 -37.815212
7.1 10.849999 2.56 32.085636 119.17522 -45.83662
5.44 10.04 3.81 33.231552 106.57015 -67.03606
4.96 10.179999 1.81 75.057465 92.24621 -64.74423
5.16 10.08 1.13 82.50592 91.10028 -59.58761
5.2 10.19 1.0699999 67.60902 85.94367 -57.29578
5.2 10.19 1.0699999 67.60902 85.94367 -57.29578
4.52 11.0199995 3.06 48.128452 62.4524 -68.75493
4.5099998 10.49 1.74 68.18198 56.14986 -67.03606
3.57 11.179999 1.4399999 69.900856 53.858032 -71.61973
3.35 11.429999 1.3199999 64.74423 54.43099 -71.04677
4.36 11.139999 1.8199999 38.961132 52.139156 -71.61973
4.89 10.48 1.38 37.815212 56.72282 -81.93296
2.4299998 9.969999 0.94 41.825916 56.72282 -87.662544
-0.22999999 10.61 1.0799999 59.58761 55.00395 -99.69466
0.74 10.71 0.56 68.75493 50.993244 -93.96508
2.11 11.45 -0.95 102.55944 37.242256 -72.19268
3.25 11.69 -1.3 108.86198 36.09634 -75.630424
2.74 10.59 -1.49 131.20734 22.345354 -105.42423
1.7199999 9.7 -5.13 173.03325 11.459155 -126.05072
1.7199999 9.7 -5.13 173.03325 11.459155 -126.05072
0.83 8.389999 -4.99 128.9155 -2.291831 -127.19663
0.31 8.2699995 -3.81 97.402824 -6.8754935 -125.47776
0.71999997 7.1299996 -3.61 97.97578 -13.178029 -118.029305
0.37 5.96 -4.8399997 111.15381 -26.929016 -105.997185
-1.35 5.47 -4.31 108.86198 -37.815212 -110.0079
-2.55 5.02 -3.6499999 108.86198 -56.72282 -95.11099
-2.1499999 4.73 -4.2999997 124.33183 -69.32789 -73.33859
-2.18 3.97 -5.65 123.18592 -75.630424 -60.733524
-2.53 4.27 -4.3399997 105.42423 -84.22479 -55.00395
-2.9399998 4.0899997 -4.77 93.39212 -91.10028 -49.84733
-3.6 3.77 -4.54 84.22479 -85.37071 -49.27437
-4.04 3.81 -4.0099998 84.22479 -85.37071 -49.27437
-4.2599998 3.51 -4.31 83.07887 -89.95437 -44.69071
-4.7799997 3.3799999 -4.88 80.78705 -100.26762 -33.80451
-5.56 3.33 -3.46 61.30648 -101.98649 -25.210142
-6.04 4.14 -3.01 53.858032 -101.98649 -12.032113
-4.81 4.2 -3.79 60.160564 -105.42423 0.57295775
-4.74 3.8899999 -3.61 48.128452 -104.85127 4.583662
-6.1099997 4.2 -1.5 26.356058 -95.11099 -0.57295775
-5.87 4.24 -1.8299999 30.366762 -96.256905 1.7188734
-5.48 3.9299998 -2.4199998 35.523384 -96.256905 5.7295775
-6.08 3.53 -2.58 32.085636 -88.2355 12.605071
-6.44 4.3399997 -0.57 34.950428 -94.53803 25.210142
-5.7 4.79 -1.17 49.84733 -107.716064 36.669296
-6.29 4.8199997 -0.81 40.680004 -92.81916 36.669296
-6.29 4.8199997 -0.81 40.680004 -92.81916 36.669296
-6.39 4.98 0.87 34.377464 -86.516624 44.69071
-6.15 5.48 -1.12 56.72282 -79.06818 53.858032
-6.1 5.54 -1.62 56.72282 -79.06818 53.858032
-6.12 5.6299996 -1.67 45.83662 -72.76564 53.285076
-5.3599997 5.46 -0.5 21.772396 -83.65183 55.576904
-5.3599997 5.46 -0.5 21.772396 -83.65183 55.576904
-6.42 5.46 -0.14 17.761692 -73.33859 53.858032
-3.9499998 6.0099998 0.87 24.637184 -85.37071 72.76564
-3.26 6.2799997 0.53999996 30.366762 -89.95437 77.349304
-3.6699998 6.87 -0.62 38.961132 -85.94367 72.19268
-4.7999997 7.48 0.35999998 22.345354 -69.32789 48.701412
-4.7999997 7.48 0.35999998 22.345354 -69.32789 48.701412
-4.44 7.5499997 1.76 -4.0107045 -60.160564 54.43099
-4.8399997 7.33 2.47 -38.961132 -47.555496 59.58761
-3.9499998 7.77 4.0099998 -42.971836 -53.285076 63.598316
-3.9499998 7.77 4.0099998 -42.971836 -53.285076 63.598316
-3.77 7.16 2.85 -11.459155 -41.25296 68.18198
-4.06 7.99 2.6 -1.7188734 -26.356058 71.61973
-2.58 7.72 0.96 -1.7188734 -40.107044 80.78705
-2.3 7.5 2.1499999 -12.605071 -40.107044 82.50592
-3.74 7.8999996 3.12 -30.939718 -31.51268 79.641136
-2.34 8.55 3.21 -24.637184 -33.80451 82.50592
-2.34 8.55 3.21 -24.637184 -33.80451 82.50592
-1.62 8.679999 2.51 -8.021409 -46.40958 95.68395
-0.75 8.48 1.9 -2.8647888 -37.242256 97.97578
-1.15 9.639999 4.1 -18.907606 -30.366762 87.662544
1.52 9.7 2.74 -5.7295775 -38.961132 99.69466
1.9499999 9.34 1.9799999 4.0107045 -42.398876 99.69466
0.71999997 9.349999 1.92 1.1459155 -35.523384 83.07887
-2.02 10.24 3.7099998 -13.178029 -13.750987 72.76564
-0.62 10.429999 3.59 -9.740283 -17.188732 91.10028
1.9499999 10.54 4.18 -15.469859 -16.042818 98.54874
1.9499999 10.929999 4.18 -19.480566 -12.032113 91.10028
1.27 11.24 3.85 -21.199438 -5.7295775 81.36001
1.24 10.94 2.57 -27.501974 8.021409 75.057465
0.48999998 11.309999 5.56 -47.555496 17.188732 72.76564
3.62 11.259999 4.0 -20.053522 4.0107045 87.662544
3.02 11.179999 2.83 -9.167324 2.8647888 83.65183
1.48 11.19 2.6799998 -9.167324 8.594366 73.33859
1.18 12.74 4.33 -15.469859 22.91831 68.75493
2.5 13.04 3.1299999 -2.291831 11.459155 76.77634
4.49 13.49 0.78999996 13.750987 4.583662 77.922264
3.36 13.0199995 0.59999996 -13.178029 6.8754935 51.5662
1.81 12.389999 4.23 -52.139156 16.615776 31.51268
2.83 12.34 4.33 -30.939718 8.594366 38.961132
3.21 12.4 2.7 -2.8647888 10.31324 38.961132
3.4199998 12.309999 2.34 2.291831 13.178029 34.377464
3.58 11.219999 1.7199999 -6.3025355 16.042818 22.345354
2.87 11.01 1.8299999 -10.886198 16.042818 16.615776
2.56 10.82 2.6399999 -13.750987 14.896902 12.605071
3.5 10.57 2.33 -1.7188734 7.448451 17.188732
3.4499998 10.51 2.06 5.15662 5.7295775 17.761692
3.02 10.349999 1.77 10.31324 8.021409 13.178029
2.83 9.95 2.1699998 4.0107045 9.167324 8.021409
3.1699998 9.59 2.05 3.4377468 5.15662 8.021409
3.1899998 9.51 1.8299999 2.8647888 5.7295775 7.448451
3.05 9.45 1.89 0.0 5.7295775 6.3025355
2.75 9.32 2.6599998 -2.8647888 1.1459155 4.0107045
2.6599998 9.389999 2.46 0.0 -0.57295775 2.8647888
2.75 9.49 2.1499999 4.0107045 -1.1459155 2.8647888
3.05 9.4 2.5 1.1459155 -0.57295775 4.583662
2.99 9.29 2.56 1.1459155 0.57295775 4.0107045
2.71 9.389999 2.73 4.0107045 5.15662 2.8647888
3.02 9.48 2.23 10.31324 1.1459155 4.583662
3.26 9.48 1.9499999 13.178029 -2.8647888 4.0107045
2.81 9.38 2.24 6.8754935 -2.291831 1.1459155
2.6799998 9.48 2.55 3.4377468 0.57295775 1.1459155
3.11 9.78 2.4099998 5.15662 0.57295775 2.8647888
3.33 9.809999 2.4199998 5.7295775 -4.0107045 2.291831
2.9099998 9.42 2.1 3.4377468 -4.583662 -1.1459155
2.72 9.16 2.36 -1.7188734 -2.291831 -6.8754935
2.52 9.04 2.72 -2.291831 -1.1459155 -5.7295775
2.95 9.059999 2.1299999 9.740283 -4.0107045 -0.57295775
2.95 8.98 1.8299999 11.459155 -2.291831 -1.1459155
2.56 8.86 2.1 7.448451 0.0 -3.4377468
2.6399999 8.91 2.03 5.15662 -2.291831 -1.1459155
2.95 9.05 2.0 4.0107045 -2.8647888 0.57295775
2.9399998 9.07 2.01 2.291831 -2.8647888 0.0
2.6499999 8.99 2.2 -1.1459155 -4.583662 -2.291831
2.76 9.0199995 2.4199998 -2.291831 -5.7295775 -1.1459155
2.75 9.179999 2.37 -4.583662 -0.57295775 0.0
2.85 9.19 2.4299998 -5.15662 0.0 0.0
2.6799998 9.03 2.76 -3.4377468 -1.1459155 -1.7188734
2.6799998 9.03 2.76 4.0107045 -4.583662 -1.1459155
2.7 9.11 1.89 7.448451 -4.583662 1.1459155
2.7 9.11 1.89 7.448451 -4.583662 1.1459155
2.6699998 9.21 2.86 -4.0107045 0.0 0.57295775
2.61 9.3 2.95 -1.1459155 -1.1459155 1.1459155
2.98 9.429999 1.86 10.886198 -3.4377468 2.8647888
2.87 9.54 1.61 10.31324 -6.3025355 1.1459155
2.8999999 9.44 2.58 -5.7295775 -2.291831 -1.1459155
2.73 9.28 2.75 -6.8754935 -4.0107045 -4.0107045
2.62 9.08 2.4099998 -2.291831 -4.0107045 -4.0107045
2.6599998 9.099999 2.5 -0.57295775 -0.57295775 -1.1459155
2.6599998 9.099999 2.5 -0.57295775 -0.57295775 -1.1459155
2.86 9.24 2.34 2.8647888 1.7188734 0.57295775
2.8999999 9.22 2.1499999 3.4377468 1.7188734 0.0
2.6699998 9.11 2.05 0.0 -2.291831 -3.4377468
2.6799998 9.01 2.58 -3.4377468 -3.4377468 -2.8647888
2.77 8.92 2.49 1.1459155 -4.583662 -1.7188734
2.48 8.929999 2.29 1.7188734 -1.1459155 -0.57295775
2.62 9.0199995 2.6799998 0.0 0.57295775 1.1459155
2.6699998 9.11 2.4299998 0.57295775 0.0 1.1459155
2.78 9.29 2.05 2.291831 -1.1459155 0.57295775
2.7 9.16 2.3999999 -1.7188734 -0.57295775 0.0
2.69 9.17 2.6299999 -4.0107045 -2.291831 -0.57295775
2.8899999 9.29 2.4099998 0.0 -0.57295775 0.57295775
2.8999999 9.23 2.1299999 3.4377468 1.7188734 0.57295775
2.73 9.22 2.27 -0.57295775 3.4377468 0.0
2.62 9.19 2.36 -1.1459155 1.1459155 0.0
2.8799999 9.44 2.31 3.4377468 0.57295775 1.7188734
3.04 9.34 2.03 4.583662 0.0 1.7188734
2.61 9.25 1.9499999 2.8647888 0.0 -1.1459155
2.51 9.29 2.22 -3.4377468 0.57295775 -1.1459155
2.99 9.3 2.47 -4.0107045 2.8647888 1.1459155
2.8899999 9.26 2.27 0.0 4.0107045 -0.57295775
2.57 9.139999 1.8499999 4.583662 1.1459155 -2.291831
2.72 9.28 2.1499999 1.1459155 0.57295775 -1.1459155
3.01 9.34 2.27 -0.57295775 0.57295775 0.0
3.07 9.099999 2.01 -0.57295775 1.1459155 0.57295775
2.55 9.139999 2.51 -2.8647888 -1.1459155 -1.7188734
2.72 9.28 2.59 -2.291831 -1.7188734 0.0
3.03 9.37 2.2 2.8647888 -0.57295775 1.7188734
2.95 9.309999 1.9799999 4.583662 0.0 1.1459155
