1.5012103 9.70639 1.1516461 -10.83859 -0.49511 0.48678002
1.4700848 9.5483675 1.4964218 -10.94359 -5.3601103 2.83178
1.5179702 9.5794935 1.7526091 -14.19859 -6.27011 2.97178
1.6568382 9.668081 1.7526091 -15.84359 -0.9501101 3.6367798
1.594587 9.694419 1.9106313 -6.67359 -2.07011 0.73178
1.4844503 9.641745 1.6759924 0.95640993 -6.58511 -1.92822
1.2713599 9.562734 1.5012103 5.33141 -7.2851095 -3.2582202
1.228263 9.526819 1.5802214 2.56641 -4.73011 -1.78822
1.2617828 9.505271 1.620924 -1.42359 -2.35011 -0.10822
1.3982565 9.541185 1.8459859 -4.11859 0.09989 0.59177995
1.3934679 9.514848 1.776552 -2.64859 0.51989 0.24178
1.2450229 9.498088 1.6281068 1.83141 -1.33511 -0.84322006
1.2354459 9.519637 1.3407938 5.1914105 -2.31511 -1.0182201
1.2737542 9.5483675 1.4485363 3.8264103 -2.70011 -0.31822002
1.3479767 9.574705 1.6281068 -1.5285901 -2.00011 0.90677994
1.3192455 9.586677 1.7837347 -3.69859 -1.9301101 1.29178
1.2067145 9.562734 1.4916332 0.57141 -5.11511 -0.07322
1.2498114 9.522031 1.1660118 7.39641 -8.86011 -0.31822002
1.2162915 9.356826 1.0486923 10.196409 -12.22011 0.97678
1.0415095 9.074302 0.93616146 9.63641 -15.265109 1.50178
0.74222517 8.719949 1.1013664 7.85141 -15.19511 3.28678
0.4836435 8.27222 1.1803775 6.80141 -14.60011 8.04678
0.5770202 7.9394155 0.82123625 12.82141 -21.040112 16.166779
1.324034 7.8364615 0.84996754 19.331411 -28.98511 26.071781
1.324034 7.458166 1.6257126 16.32141 -32.76511 34.57678
0.7110996 6.768615 2.6121538 7.85141 -33.36011 37.16678
0.42378664 6.1125836 3.7949257 3.09141 -34.72511 42.55678
0.5818088 5.846819 4.8484063 2.11141 -40.71011 55.29678
2.8396099 5.7821736 6.284971 3.16141 -45.43511 73.91678
4.2235007 6.150892 7.458166 2.21641 -42.49511 93.16679
4.2809634 6.8500204 8.265037 7.3264103 -26.18511 99.25678
3.7302802 7.6473136 7.7933645 26.786411 -1.5801101 92.431786
4.4988422 8.475733 7.046351 53.316414 17.07489 89.91177
6.454965 9.428655 6.9505796 67.66641 25.439892 98.24178
7.0942364 9.608225 8.576292 55.31141 36.499893 103.70178
6.466936 9.945818 10.348056 27.59141 64.359886 95.406784
6.8883286 9.895537 10.288198 20.311409 95.61489 84.381775
8.066312 9.766247 7.8795586 54.29641 109.124886 81.72178
9.620196 10.491713 6.134132 105.99141 114.54989 83.016785
11.284217 10.810151 4.9417834 135.53142 127.74489 84.13679
11.066339 10.877191 5.032766 137.07141 149.93489 77.24178
11.075915 10.790997 4.73827 139.52141 178.66989 45.776783
11.377594 10.36721 3.45015 152.40141 177.6549 41.681778
13.0895 11.202812 2.2434354 159.26141 179.0199 39.51178
14.425506 11.688849 1.9968252 155.2014 184.05989 30.62178
14.65775 11.432662 1.2905141 154.46642 185.98491 10.81178
14.748733 10.59706 -0.40223816 163.18141 179.50989 -4.4482203
14.631413 10.072714 -1.2091088 162.6564 174.67989 -13.68822
15.584334 9.96976 -1.8890828 149.4264 172.01988 -20.618221
16.50613 8.794171 -2.7821474 137.87642 163.2349 -30.558218
15.0719595 7.685622 -3.2011454 129.96642 150.1099 -55.86322
13.467795 6.9912825 -2.7342618 119.8514 139.15489 -84.80823
13.199637 6.2107487 -2.7390504 110.051414 126.904884 -98.03822
12.984152 5.6935854 -3.440573 109.73641 115.35489 -94.36321
12.677685 5.619363 -3.756617 111.83641 103.76989 -94.04822
12.074327 5.7438655 -4.1325183 111.346405 89.41989 -103.39322
11.873209 5.9713216 -4.807704 118.206406 68.384895 -114.66322
11.631387 5.715134 -6.63693 133.95642 45.87989 -121.17321
10.161303 5.190788 -7.814913 144.38641 27.294891 -127.82322
8.777411 5.047131 -7.743085 129.89641 13.43489 -139.68822
7.8747697 5.0638914 -7.7694216 105.25641 1.98989 -145.81323
7.448589 5.073468 -7.474926 87.75641 -16.80511 -141.22821
6.9074826 5.133325 -7.6473136 77.29141 -38.85511 -133.77322
6.8165 5.442187 -7.6880164 70.676414 -57.65011 -129.11823
6.1461034 5.0040345 -7.0894475 63.04641 -72.98011 -123.343216
4.781367 4.903475 -6.4142623 56.95641 -92.72011 -122.22323
4.122941 4.865166 -6.057515 55.97641 -116.030106 -126.70322
2.971295 4.2546263 -5.7893567 59.68641 -133.18011 -122.18822
1.5562786 4.3240604 -4.8340406 59.54641 -143.36511 -115.11822
0.9816527 4.09421 -4.661653 57.93641 -152.9201 -110.533226
0.15802214 4.608979 -4.14449 65.916405 -170.52512 -98.80822
-0.057462595 4.7502413 -3.964919 76.941414 -190.86012 -82.35822
-0.08858817 4.575459 -3.8619652 88.94641 -207.69511 -67.23822
-0.65363705 4.807704 -3.790137 97.27641 -229.3251 -47.77822
-0.75180227 4.63771 -3.7949257 87.371414 -226.91011 -38.39822
-1.2689656 4.4677167 -2.885101 66.89641 -220.57512 -28.77322
-1.6400782 4.410254 -1.8938714 48.80141 -215.53511 -23.38322
-2.063865 4.40786 -1.3383996 42.67641 -214.34511 -21.458221
-2.6863763 4.1540666 -1.036721 44.81141 -213.05011 -20.54822
-3.2562137 3.806897 -0.339987 47.68141 -216.58511 -19.95322
-4.1851926 3.8547823 0.05506832 48.101414 -219.42012 -17.923222
-5.1021996 4.0295644 0.18435916 46.73641 -211.40512 -9.87322
-4.460534 3.7638 0.9026416 42.29141 -204.05511 3.21678
-3.4214187 3.8811195 1.647261 36.55141 -203.3901 18.23178
-3.512401 4.7095385 1.7430321 38.26641 -197.7901 25.72178
-4.355186 5.116565 1.0702409 44.216408 -182.0051 22.36178
-4.4892654 4.70475 1.0917894 43.79641 -162.09012 19.77178
-4.0582957 4.539545 2.1500587 35.046406 -154.42511 25.72178
-3.15326 5.027977 2.8276386 30.98641 -163.00012 34.086784
-2.7342618 5.06868 3.007209 33.68141 -168.00511 38.32178
-2.710319 4.745453 3.5076127 34.486412 -154.7751 34.436783
-3.344802 4.393494 4.1373067 32.946407 -134.02011 24.70678
-4.0319586 4.922629 4.1612496 36.44641 -121.8051 20.22678
-3.1412885 4.8915033 2.9234095 54.08641 -114.38512 28.03178
-2.5068057 4.659259 2.638491 75.01641 -111.41011 38.146782
-3.5411325 4.9609375 3.0862203 74.42141 -112.390114 38.56678
-4.486871 4.922629 4.2115293 59.441414 -103.81511 38.146782
-4.0918155 4.73827 4.398283 51.56641 -86.91011 45.426777
-3.0957973 4.7741838 3.8140798 66.86141 -75.01012 59.811783
-1.7310607 5.6169686 4.1325183 90.486404 -84.04011 79.20179
-0.7996878 6.246663 4.06069 97.69641 -100.63011 96.281784
-1.5897985 6.5004563 4.3599744 85.09641 -91.70511 101.006775
-1.620924 6.768615 4.5539107 66.47642 -48.79511 89.66679
0.15562786 7.9178667 4.580248 61.89141 -25.38011 88.72178
-0.31604427 8.509253 4.7262983 65.04141 -45.155113 101.74179
-2.135693 8.56911 5.681614 55.06641 -50.12511 102.58179
-0.61293435 9.256267 6.143709 42.67641 -16.10511 91.94178
2.6073654 10.285805 5.2841644 50.30641 -8.09011 103.49178
1.8340145 10.963385 4.520391 65.42641 -24.645111 121.62178
-0.7781393 10.8149395 4.908263 58.07641 -12.32511 109.54678
0.37829542 10.838882 5.255433 37.14641 26.13989 83.226776
3.5052183 11.439845 3.9768906 30.81141 37.61989 90.36678
2.7151077 11.425479 2.6791935 36.79641 39.19489 96.491776
1.1133378 11.432662 3.737463 15.41141 62.784897 78.99178
2.3368123 11.24112 4.1780095 10.23141 69.88989 76.99678
4.7957325 11.808563 2.918621 22.971413 63.764893 85.22178
4.2977233 11.947432 1.802889 23.21641 70.484886 79.02678
2.2410412 11.842083 3.0263634 5.0164104 88.8249 66.84678
3.5794408 12.210801 4.065479 -1.73859 99.814896 62.856777
5.499649 13.099077 1.6448668 25.35141 98.0999 73.25178
6.2873654 13.8915825 -1.376708 55.94141 105.204895 75.631775
4.163644 13.214003 -2.3487835 49.81641 111.32989 60.546787
3.1604428 12.565154 0.32083282 2.81141 107.024895 36.50178
4.271386 12.416709 1.594587 -37.99859 106.25489 31.671782
5.6313343 13.13978 -0.038308397 -30.85859 112.86989 47.73678
5.3535986 13.168511 -1.6759924 3.7914102 112.65989 50.396782
4.685596 12.617828 -2.004008 16.42641 98.414894 33.141777
4.005622 12.311361 -0.6488485 -9.578589 88.71989 16.97178
4.1588554 12.423892 0.23942748 -38.20859 96.31489 18.126781
5.1596622 12.349669 -0.0047885496 -28.548592 107.05989 26.52678
5.272193 12.538817 -1.8507744 15.41141 88.8249 22.606781
4.6305275 12.471778 -4.8412237 54.08641 61.83989 5.14178
4.1085753 11.696033 -5.2458563 50.58641 59.80989 -6.16322
2.2314641 10.932259 -1.7717633 -2.22859 50.56989 -12.008221
1.5897985 10.970567 0.6273 -52.31359 41.854893 -18.58822
2.638491 11.178869 0.30886146 -54.76359 48.64489 -14.03822
2.9210153 11.382382 -3.4238129 -6.74359 49.834892 -5.6732206
2.9617178 11.549982 -5.176422 48.34641 50.56989 -4.62322
3.232271 11.418297 -5.0638914 52.546406 48.29489 -5.63822
2.7055306 10.824516 -4.0750556 15.55141 45.319893 -5.74322
1.9561225 10.360027 -3.5602865 -10.278589 54.38489 -10.503221
1.8603516 9.905115 -3.284945 -6.4635897 51.09489 -16.13822
1.7526091 9.522031 -2.1141446 1.34141 28.02989 -15.683219
1.6520497 9.229929 -0.99362403 -8.45859 13.50489 -12.883221
1.7933118 9.134158 0.32801566 -23.71859 16.05989 -6.37322
2.7821474 9.059936 -0.22985038 -21.09359 24.94989 1.22178
3.3591676 9.196409 -1.4772675 8.131411 25.964891 5.10678
2.6863763 9.174861 -2.2170985 36.72641 21.344889 3.25178
1.9656997 9.182044 -1.664021 39.91141 21.099888 -5.2882204
1.8435916 9.091062 -1.6257126 25.91141 19.944891 -10.888221
2.2266755 9.222747 -1.1109436 8.796411 2.30489 -2.66322
2.5307484 9.296969 -0.14605077 -3.7335896 1.2898899 -1.36822
2.300898 9.407105 0.40463245 -7.6185904 4.92989 -4.37822
2.0925963 9.450203 -0.011971374 3.09141 6.08489 -7.42322
2.004008 9.500483 -0.4956149 13.451409 2.2348902 -7.8082204
2.1141446 9.447808 -0.30646718 9.006411 1.14989 -6.19822
2.056682 9.387952 -0.031125572 -0.37359 3.31989 -4.9382205
1.960911 9.395134 -0.011971374 -3.34859 3.42489 -4.62322
2.0087965 9.364009 0.0670397 -4.25859 0.30989 -3.67822
1.7095122 9.299363 0.3519584 -5.1335897 -1.68511 -3.18822
1.8148603 9.261055 0.4166038 -4.46859 -1.0201101 -2.55822
1.9824595 9.2419 0.3519584 -0.58359 -0.63511 -0.38822
1.8699286 9.421472 0.33759275 2.84641 0.65989 -0.24822001
1.6257126 9.555551 0.14365649 6.38141 0.65989 -1.57822
1.7095122 9.677659 -0.33519846 10.65141 -0.14511001 -0.14321999
2.1189332 9.821315 -0.33519846 9.95141 -2.21011 2.6917799
2.0854135 9.759064 0.3902668 -1.00359 -3.7151103 3.6717799
1.8100717 9.670476 0.8092649 -11.39859 -2.66511 1.2567801
1.9202085 9.584282 0.71828246 -11.293591 -1.9301101 0.38178003
2.1620302 9.687236 0.7733508 -5.51859 -0.84511006 1.5717801
2.1572416 9.759064 0.5147691 0.57141 -0.21511 1.11678
2.0375278 9.672871 0.3615355 4.98141 2.09489 -1.0882201
1.7885233 9.598648 0.2777359 5.61141 3.24989 -2.62822
1.7286664 9.61062 0.15562786 6.13641 3.38989 -2.97822
1.8435916 9.615408 0.047885496 6.59141 2.37489 -2.24322
2.0327394 9.6896305 0.04070267 4.9114103 0.62489 -0.94822
2.1548474 9.684841 0.19154198 0.67641 1.53489 -0.28322
1.8100717 9.560339 0.40463245 -3.17359 2.37489 -1.26322
1.5969813 9.567522 0.44054657 -2.5085902 1.42989 -3.9232202
2.073442 9.60583 0.14365649 1.4464101 1.2898899 -2.52322
2.2745612 9.680053 0.016759925 5.0164104 1.7448901 1.64178
1.8890828 9.682447 0.07901107 5.78641 1.32489 0.69677997
1.759792 9.677659 0.15562786 3.8964102 2.1298902 -3.08322
1.6951466 9.5483675 0.06464542 2.84641 1.6398901 -4.02822
1.7071179 9.584282 0.0670397 3.40641 1.18489 -2.24322
1.9585168 9.584282 0.14126222 2.9514098 1.42989 -0.42322
1.9944309 9.603436 0.19633053 1.34141 1.2898899 1.43178
1.9800652 9.636956 0.076616794 1.09641 1.42989 1.11678
1.8866886 9.620196 -0.043096945 3.37141 1.35989 0.17177999
1.9968252 9.648928 0.014365649 2.14641 1.2898899 0.48678002
2.0351336 9.574705 0.15083931 0.01141 1.42989 0.24178
1.7813405 9.486116 0.14365649 1.7264099 0.16989 -1.78822
1.8340145 9.557945 0.05506832 4.2114096 -0.25011 -1.8932201
2.0016139 9.596253 -0.0670397 3.86141 0.65989 -0.03822
1.9537282 9.593859 0.016759925 1.9364101 1.07989 0.20678
1.8555629 9.522031 0.16759923 0.74641 0.93988997 -0.42322
1.7933118 9.505271 0.011971374 2.04141 -0.00511 -0.52822
1.924997 9.536397 -0.045491222 2.46141 0.27489 0.48678002
2.2266755 9.651321 0.0023942748 -0.33859 2.09489 1.92178
2.063865 9.586677 0.16281068 -2.6135902 2.6548898 0.94178
1.8052832 9.591465 0.22745611 -2.36859 1.7098899 -1.57822
2.0662591 9.747093 0.20351335 -0.89859 0.58989 -1.4032199
1.960911 9.672871 0.0670397 0.71141 -0.25011 -0.56322
