0.57 8.9 -0.96 57.868736 -25.210142 -20.62648
0.29999998 8.429999 -1.4599999 37.242256 -47.555496 -11.459155
1.13 7.89 -0.17999999 12.032113 -47.555496 -4.0107045
1.1899999 7.74 -0.07 4.0107045 -41.825916 -3.4377468
1.06 6.99 -0.83 16.042818 -27.501974 -5.7295775
0.31 6.2 -1.01 20.62648 -23.49127 -8.021409
-0.32999998 5.44 -1.3 24.637184 -26.929016 -7.448451
0.0 4.81 -1.49 26.356058 -37.242256 3.4377468
0.29 3.55 -1.8499999 30.366762 -44.11775 16.042818
0.29 3.07 -2.35 26.356058 -52.139156 19.480566
1.1 1.99 -1.92 10.31324 -57.29578 28.07493
1.5 0.75 -1.51 -16.042818 -59.58761 34.950428
1.29 -0.32999998 0.48999998 -45.263664 -54.43099 40.680004
1.3 -0.19999999 2.55 -63.02536 -55.00395 51.5662
2.85 -0.35 3.27 -61.879436 -72.19268 75.057465
4.0499997 -0.52 4.0699997 -43.544792 -76.77634 102.55944
5.23 0.44 5.5899997 -18.334648 -63.598316 126.62367
7.24 0.96999997 6.19 4.583662 -56.72282 147.8231
7.0499997 1.87 5.69 26.356058 -44.69071 166.15775
8.16 3.48 6.5499997 32.658592 -17.188732 193.08678
11.57 3.48 7.89 22.91831 -9.740283 212.56734
13.21 3.6599998 9.5199995 -16.615776 33.80451 236.05861
13.25 4.37 10.19 0.57295775 50.993244 228.0372
16.27 5.22 10.23 17.761692 49.84733 230.32903
19.289999 6.17 10.69 53.285076 46.40958 243.50706
19.15 6.6 13.599999 75.057465 61.30648 238.9234
15.57 8.5199995 18.27 82.50592 76.203384 203.97298
17.98 9.82 15.099999 119.74818 103.70536 189.64903
19.43 11.5 9.49 203.97298 171.88734 209.70255
19.43 11.58 6.67 229.75606 211.99437 181.05466
19.01 11.2699995 12.25 185.06537 196.52452 127.76959
19.43 12.53 12.57 205.69185 208.55663 123.18592
19.43 12.08 9.71 236.63158 233.76677 123.75887
19.43 11.62 9.55 262.41467 258.97693 71.04677
19.43 12.05 9.11 265.27948 245.22592 12.605071
19.43 12.82 6.95 299.65692 245.22592 -17.188732
19.43 11.61 -1.09 309.39722 242.9341 -59.014652
19.43 11.61 -1.02 216.00508 212.56734 -132.35324
19.41 12.65 3.8799999 216.00508 212.56734 -132.35324
19.43 11.75 4.0699997 191.94086 176.471 -139.80171
19.43 9.98 0.48999998 217.72395 143.23946 -162.14705
19.43 8.2699995 -0.35 201.68114 122.04 -208.55663
18.1 5.92 2.75 135.21803 84.79775 -235.48566
17.779999 5.0299997 2.69 127.76959 63.598316 -227.46425
15.639999 3.9099998 1.4499999 128.34254 55.00395 -224.02649
13.469999 3.51 2.4199998 121.46705 44.11775 -217.72395
11.84 2.78 1.68 134.07211 7.448451 -197.67043
11.0 2.49 0.65 148.39606 0.0 -193.08678
9.03 1.87 -1.4499999 165.5848 -9.167324 -185.63832
5.49 2.49 -1.4399999 172.4603 -29.220846 -173.60622
5.45 2.73 -2.55 190.22198 -58.441692 -150.11493
4.77 2.35 -5.23 192.51381 -89.38142 -135.79099
3.12 2.44 -5.77 179.90874 -101.98649 -134.07211
2.87 2.81 -4.17 143.81241 -112.87268 -119.74818
1.91 2.53 -3.4299998 115.73747 -120.89409 -98.54874
1.39 2.74 -2.57 103.1324 -126.05072 -85.94367
1.3199999 2.23 -2.4199998 105.42423 -139.22873 -71.61973
0.42999998 2.32 -2.49 119.17522 -156.41748 -65.890144
-0.47 2.3 -2.98 135.79099 -162.14705 -57.868736
-1.0699999 2.32 -3.8 139.22873 -162.14705 -44.69071
-1.62 2.28 -3.6999998 126.62367 -166.73071 -24.064226
-1.78 2.6699998 -2.82 105.42423 -174.17917 -5.15662
-1.78 2.8 -2.19 85.94367 -185.63832 12.605071
-2.09 2.95 -1.49 76.77634 -190.79494 26.929016
-2.36 3.35 -1.0799999 77.922264 -186.78424 37.242256
-2.58 3.51 -1.15 87.662544 -191.94086 52.712116
-2.1399999 3.78 -1.02 101.41353 -198.2434 65.317184
-2.22 4.39 -1.49 112.29972 -203.40001 72.76564
-2.59 5.39 -1.25 108.86198 -191.94086 83.07887
-1.91 5.96 -0.61 89.38142 -171.31438 101.98649
-1.31 6.62 -0.099999994 67.03606 -159.28227 116.31043
-0.35999998 6.71 0.52 50.420284 -155.27156 119.17522
0.59 6.7999997 0.39999998 43.544792 -152.40677 114.59156
-0.35999998 7.44 -0.17999999 43.544792 -146.10423 108.289024
-1.5 7.74 -0.31 36.669296 -122.04 99.69466
-1.22 7.6299996 -0.04 13.178029 -105.42423 105.997185
0.06 8.3 1.22 -14.323945 -117.456345 115.73747
1.25 8.37 1.6899999 -29.220846 -128.34254 119.17522
1.1899999 8.44 2.53 -36.09634 -117.456345 111.15381
1.15 8.44 2.86 -41.825916 -106.57015 100.84057
0.90999997 8.24 2.9099998 -40.680004 -98.54874 107.143105
-0.32 8.38 2.69 -33.231552 -89.95437 91.67324
0.53999996 9.61 3.59 -34.950428 -81.36001 96.256905
1.75 8.3 3.09 -42.398876 -87.089584 96.256905
2.56 9.24 3.87 -42.971836 -77.922264 90.52733
2.56 9.599999 3.26 -32.658592 -69.32789 99.69466
2.99 8.84 3.4399998 -34.377464 -45.83662 86.516624
1.3299999 8.84 4.5499997 -44.11775 -34.950428 57.29578
1.36 9.599999 5.3199997 -41.25296 -40.107044 55.576904
3.35 9.78 4.23 -21.199438 -60.733524 73.91155
2.98 9.96 3.35 -4.0107045 -55.576904 76.203384
0.39999998 9.889999 3.6399999 -15.469859 -38.961132 58.441692
1.5 10.94 5.46 -44.11775 -31.51268 68.75493
5.2999997 10.5199995 4.18 -39.53409 -44.69071 98.54874
3.9399998 9.59 2.47 -33.231552 -36.669296 88.80846
0.68 10.23 5.1 -59.014652 -9.740283 56.72282
2.19 10.809999 7.24 -67.03606 -12.605071 69.32789
5.5499997 10.7 5.2999997 -29.793804 -33.80451 99.69466
3.84 10.9 3.6999998 1.1459155 -25.210142 92.24621
3.83 11.5 4.56 -3.4377468 -19.480566 79.06818
5.21 11.42 3.58 2.291831 -29.793804 79.06818
5.24 10.889999 1.99 5.15662 -14.896902 73.91155
4.22 11.03 2.57 -5.7295775 3.4377468 64.74423
5.0299997 11.25 3.48 -13.178029 -1.1459155 65.890144
6.56 11.28 2.11 -4.0107045 -9.167324 65.317184
5.3199997 10.55 0.97999996 -10.31324 -1.1459155 50.420284
3.86 10.719999 2.85 -20.053522 4.0107045 41.825916
5.0499997 10.91 3.86 -29.793804 3.4377468 45.263664
6.69 11.04 2.49 -12.032113 -6.8754935 57.29578
6.29 11.15 1.4499999 1.7188734 -6.8754935 50.993244
5.77 11.16 2.05 -8.021409 2.291831 34.377464
6.0699997 10.98 2.31 -21.199438 2.291831 25.7831
6.1 10.15 1.4599999 -25.7831 3.4377468 19.480566
4.9 9.37 2.6799998 -38.961132 8.594366 9.740283
4.69 9.469999 4.61 -50.993244 12.605071 6.3025355
5.8599997 9.46 4.21 -29.793804 4.0107045 14.896902
5.72 9.07 2.74 4.583662 1.1459155 20.053522
5.39 9.12 1.8 25.210142 2.291831 14.323945
6.2 9.44 0.91999996 23.49127 0.0 15.469859
6.2999997 8.929999 0.59 8.021409 -1.1459155 12.605071
5.0499997 8.53 2.27 -19.480566 1.7188734 1.1459155
5.16 8.67 4.0299997 -32.085636 3.4377468 0.57295775
6.18 8.69 3.55 -13.178029 -0.57295775 9.167324
6.23 8.58 2.86 1.1459155 -1.1459155 9.740283
5.5899997 8.44 1.8399999 18.334648 -0.57295775 1.7188734
5.37 8.47 2.31 5.7295775 1.7188734 0.0
6.12 8.38 2.24 1.1459155 1.1459155 3.4377468
6.12 8.08 1.74 1.7188734 0.57295775 -1.1459155
5.17 7.6699996 2.11 -5.15662 1.1459155 -7.448451
4.8599997 7.73 3.1999998 -10.31324 3.4377468 -5.7295775
5.5699997 7.94 3.49 -2.291831 0.57295775 2.291831
5.99 7.95 2.54 14.896902 0.57295775 4.0107045
5.71 7.77 1.5999999 18.907606 1.7188734 0.0
5.24 7.81 1.8 7.448451 3.4377468 -2.8647888
5.5699997 7.7599998 2.23 -2.8647888 1.7188734 -1.1459155
5.46 7.64 2.19 -4.0107045 0.57295775 -2.291831
5.31 7.6 2.4299998 -4.0107045 2.291831 -2.8647888
5.3399997 7.75 2.81 -4.583662 2.8647888 -1.7188734
5.6 7.85 2.36 1.1459155 0.0 0.0
5.54 7.83 1.79 9.740283 -1.7188734 -0.57295775
5.21 7.85 2.1599998 5.7295775 0.0 -1.7188734
5.43 7.91 2.58 -0.57295775 2.291831 -1.1459155
5.74 7.9199996 2.1599998 0.57295775 0.57295775 0.0
5.5099998 7.75 1.8299999 4.0107045 0.0 -1.7188734
4.97 7.73 2.34 -1.7188734 -1.1459155 -4.583662
5.2 7.8599997 3.09 -8.594366 1.1459155 -1.7188734
5.64 7.89 2.8799999 -1.7188734 1.7188734 2.291831
5.54 7.7799997 2.3 8.594366 0.57295775 0.57295775
5.33 7.83 1.9499999 9.740283 -0.57295775 -1.7188734
5.2799997 8.16 1.8399999 0.57295775 1.7188734 -0.57295775
5.74 8.09 2.3999999 -12.605071 7.448451 0.57295775
5.6099997 7.91 2.8 -18.907606 9.740283 -2.291831
5.12 7.77 2.74 -14.323945 8.594366 -7.448451
5.22 7.6099997 2.49 -6.3025355 4.0107045 -5.7295775
5.2599998 7.6 2.61 -3.4377468 2.291831 -4.0107045
5.2799997 7.64 2.5 1.7188734 1.7188734 -1.7188734
5.23 7.73 2.3999999 4.583662 1.1459155 -1.1459155
5.41 7.8399997 2.29 4.583662 0.57295775 -0.57295775
5.45 7.85 2.09 5.15662 0.57295775 0.0
5.24 7.69 1.89 4.0107045 1.1459155 0.0
4.91 7.6499996 2.28 -1.1459155 0.0 0.57295775
5.83 7.8999996 2.4199998 4.0107045 -3.4377468 2.8647888
5.83 7.8999996 2.4199998 8.594366 -3.4377468 3.4377468
5.77 7.8599997 2.19 10.886198 -4.0107045 2.291831
5.13 7.8199997 2.1499999 8.594366 -4.0107045 -1.7188734
5.17 7.77 2.47 0.0 -2.291831 -0.57295775
5.31 7.77 2.97 -3.4377468 0.0 1.1459155
5.2999997 7.74 2.6299999 2.8647888 -0.57295775 1.1459155
5.19 7.75 2.32 8.021409 -1.7188734 0.57295775
5.49 7.85 2.25 7.448451 -3.4377468 1.7188734
5.46 7.8799996 2.2 2.8647888 -2.291831 0.0
5.27 7.73 2.37 -1.7188734 0.0 -0.57295775
