0.59 8.2 -0.89 0.0 0.0 1.1459155
0.94 8.04 -0.39999998 -5.7295775 -5.15662 5.15662
1.2099999 7.99 -0.099999994 -3.4377468 -10.886198 12.605071
1.79 7.48 -1.1999999 9.740283 -9.167324 16.042818
1.88 7.25 -1.41 11.459155 -7.448451 13.750987
1.28 6.64 -1.0799999 1.7188734 -2.8647888 6.8754935
0.97999996 5.7599998 -0.85999995 -21.199438 4.0107045 18.907606
1.27 5.27 0.93 -47.555496 8.594366 35.523384
1.27 5.27 0.93 -47.555496 8.594366 35.523384
3.01 5.72 2.27 -43.544792 7.448451 59.014652
3.01 5.72 2.27 -43.544792 7.448451 59.014652
3.4399998 6.33 3.1999998 -20.053522 17.761692 65.317184
3.73 6.3999996 3.51 -15.469859 18.334648 68.75493
4.0 6.35 2.71 -6.3025355 26.929016 77.349304
4.33 6.8799996 3.9599998 -12.032113 44.69071 84.22479
5.5099998 7.0499997 4.24 -6.8754935 38.961132 88.2355
6.33 7.02 4.15 0.0 35.523384 90.52733
7.9199996 6.0299997 3.6299999 13.750987 40.107044 96.256905
8.08 5.37 5.9 12.032113 46.98254 99.69466
5.85 8.23 9.09 27.501974 75.630424 104.85127
11.07 9.059999 3.53 97.97578 77.349304 113.44564
9.809999 11.059999 1.88 147.8231 75.630424 103.70536
9.36 13.28 3.48 123.75887 79.641136 84.22479
10.66 13.259999 2.09 85.37071 89.95437 71.04677
9.849999 14.2699995 1.15 63.598316 123.18592 63.02536
9.849999 14.2699995 1.15 63.598316 123.18592 63.02536
11.2 15.0 4.7599998 23.49127 115.16451 27.501974
11.11 14.5 1.14 51.5662 117.456345 15.469859
11.11 14.5 1.14 51.5662 117.456345 15.469859
8.7 14.099999 2.11 30.366762 152.40677 -3.4377468
10.45 13.929999 1.81 24.637184 158.7093 -15.469859
10.95 12.34 -3.35 74.48451 167.30367 -32.658592
6.6 11.67 -3.31 55.00395 171.31438 -64.17127
6.25 11.59 -2.19 37.242256 167.30367 -65.890144
6.5299997 11.3 -2.02 36.669296 148.39606 -57.868736
8.04 11.42 -3.9399998 47.555496 139.22873 -54.43099
7.77 11.5199995 -3.75 54.43099 119.74818 -59.014652
6.23 11.37 -1.41 32.085636 106.57015 -76.203384
4.98 11.099999 -0.61 26.356058 101.41353 -80.78705
5.0899997 11.48 -1.1 37.242256 97.402824 -76.77634
6.3599997 12.78 0.0 48.701412 65.890144 -65.317184
6.17 13.309999 0.02 52.712116 58.441692 -80.21409
6.17 13.309999 0.02 52.712116 58.441692 -80.21409
4.7999997 12.54 -0.53999996 39.53409 57.868736 -99.1217
3.9099998 12.67 0.57 30.939718 57.29578 -103.1324
5.0899997 12.28 0.69 41.25296 51.5662 -100.84057
5.54 12.469999 -2.1699998 64.74423 40.680004 -97.97578
5.1099997 12.44 -2.8999999 45.263664 37.815212 -106.57015
4.0899997 12.03 -1.0 18.907606 34.377464 -118.029305
4.3199997 10.7 -2.71 30.366762 19.480566 -123.18592
3.82 10.21 -2.03 20.62648 22.345354 -123.75887
3.49 9.7699995 -1.56 24.064226 16.042818 -126.05072
3.81 9.639999 -1.91 24.064226 16.042818 -126.05072
3.47 8.54 -3.79 45.83662 8.594366 -130.06142
1.79 8.3 -3.99 50.420284 9.167324 -139.22873
1.12 6.8399997 -6.66 45.263664 6.8754935 -132.35324
1.0799999 6.5499997 -6.35 33.80451 10.31324 -125.47776
0.22 6.96 -3.6299999 1.1459155 11.459155 -120.32113
-0.53 7.12 -2.95 11.459155 2.291831 -120.89409
-0.61 5.08 -5.42 63.02536 -30.366762 -108.289024
-2.51 6.45 -5.0499997 95.11099 -41.25296 -115.16451
-1.26 6.0699997 -4.0499997 68.18198 -74.48451 -84.22479
-0.53999996 5.7999997 -2.04 59.58761 -81.93296 -76.203384
-1.03 5.85 -1.12 65.317184 -87.662544 -78.49522
-1.54 5.54 -1.64 96.256905 -102.55944 -86.516624
-2.36 4.2999997 -4.08 114.0186 -108.289024 -83.65183
-5.18 4.0699997 -0.87 79.06818 -100.26762 -79.06818
-5.18 4.0699997 -0.87 59.58761 -96.256905 -75.057465
-4.15 3.86 -1.1 78.49522 -106.57015 -46.98254
-3.6499999 3.1599998 -2.8999999 97.97578 -105.42423 -35.523384
-4.2799997 2.73 -2.6499999 90.52733 -102.55944 -32.085636
-5.87 3.11 -0.61 67.03606 -105.997185 -33.231552
-5.91 2.72 -1.4499999 60.160564 -108.289024 -28.64789
-6.3199997 2.25 -1.5899999 69.32789 -102.55944 -12.032113
-6.2999997 2.61 -1.3399999 62.4524 -91.67324 8.021409
-5.42 3.76 -1.68 64.17127 -97.402824 16.615776
-5.0499997 4.5299997 -3.37 65.890144 -97.97578 30.366762
-4.61 4.29 -3.28 43.544792 -94.53803 33.231552
-5.25 4.08 1.3199999 -8.021409 -88.2355 40.107044
-4.77 4.3399997 1.78 -1.7188734 -94.53803 50.420284
-4.73 4.5 1.5899999 14.896902 -103.1324 58.441692
-4.83 4.79 2.28 22.91831 -103.70536 57.29578
-4.45 4.87 2.1599998 32.658592 -102.55944 63.02536
-4.2799997 5.0699997 1.28 37.242256 -100.26762 68.75493
-3.9099998 5.5299997 0.82 9.167324 -80.21409 81.36001
-4.08 5.33 1.99 9.167324 -80.21409 81.36001
-3.78 5.77 4.18 15.469859 -99.69466 79.641136
-3.07 6.79 1.06 52.139156 -96.256905 89.95437
-1.9799999 7.1 0.87 48.128452 -77.349304 95.68395
-1.0699999 7.0699997 3.33 13.750987 -75.630424 96.256905
-1.22 7.37 4.3399997 5.7295775 -78.49522 95.68395
-1.49 7.8399997 3.32 21.199438 -74.48451 95.68395
-1.1 7.6699996 1.06 38.38817 -65.890144 99.1217
0.45999998 7.66 2.6399999 -2.8647888 -61.879436 104.27831
-0.82 8.889999 4.23 -20.053522 -51.5662 97.97578
-0.75 8.78 4.73 -19.480566 -46.40958 97.97578
1.04 8.37 4.81 4.0107045 -41.825916 103.70536
1.04 8.37 4.81 4.0107045 -41.825916 103.70536
0.32 8.66 2.3 32.085636 -26.356058 102.55944
0.66999996 9.2 2.25 12.605071 -6.3025355 109.43494
2.7 9.349999 1.4699999 -1.1459155 8.021409 120.32113
3.35 9.78 1.51 -16.615776 14.323945 123.18592
1.35 10.38 3.26 -50.993244 16.042818 96.829865
1.8499999 11.45 4.7599998 -34.377464 -6.8754935 99.69466
5.39 10.8 0.88 -5.7295775 -28.64789 113.44564
3.57 11.0199995 0.59 -9.740283 -24.637184 110.58085
2.08 12.59 4.24 -40.107044 5.15662 92.24621
4.17 13.75 5.19 -50.420284 -8.021409 96.829865
6.54 14.059999 2.8999999 -14.323945 -19.480566 97.97578
4.06 14.259999 2.52 -21.772396 4.0107045 59.58761
4.2 14.25 2.79 -28.64789 10.31324 53.858032
4.44 14.16 2.6 -32.658592 10.31324 53.285076
4.8599997 13.65 2.03 -33.231552 3.4377468 48.128452
4.85 12.83 2.61 -34.950428 -1.7188734 32.085636
4.65 12.49 2.72 -24.064226 1.7188734 20.053522
4.21 11.73 3.4499998 -24.064226 1.7188734 20.053522
4.16 11.259999 2.33 6.3025355 -4.583662 13.750987
4.43 11.16 1.3 20.053522 -6.8754935 13.178029
4.23 10.67 1.23 0.0 -2.8647888 11.459155
3.9599998 10.429999 3.08 -20.053522 1.1459155 6.3025355
4.0699997 10.5 3.46 -22.91831 0.0 4.0107045
4.2599998 10.26 2.48 -8.021409 -9.740283 1.7188734
4.15 10.05 2.1299999 10.31324 -10.886198 1.7188734
3.6 9.79 2.1499999 8.021409 -4.583662 0.0
3.6699998 9.84 2.44 1.7188734 -0.57295775 2.291831
4.25 9.929999 2.34 1.1459155 -0.57295775 5.15662
4.29 9.559999 1.8299999 2.291831 0.0 1.7188734
3.6299999 9.42 1.8399999 -2.8647888 -1.7188734 -4.583662
4.0099998 9.37 1.76 -11.459155 0.0 -2.8647888
4.0899997 9.28 1.79 -14.896902 1.7188734 -3.4377468
3.7099998 8.97 2.24 -19.480566 4.583662 -8.021409
3.55 8.84 2.79 -19.480566 4.0107045 -8.594366
3.6299999 9.03 2.58 -13.750987 0.57295775 -6.8754935
3.6 8.84 2.61 -5.15662 0.0 -3.4377468
3.32 8.73 2.74 -0.57295775 1.1459155 -4.0107045
3.4499998 8.98 2.35 2.8647888 0.0 -4.0107045
3.85 9.08 1.9799999 6.8754935 -1.7188734 -2.291831
3.57 8.97 2.1699998 1.7188734 -1.7188734 -2.8647888
3.3799999 9.11 2.49 -1.7188734 -1.7188734 -5.7295775
3.6999998 8.96 2.1299999 0.0 -2.8647888 -4.583662
3.4099998 8.8 1.93 -1.7188734 0.0 -4.583662
3.1599998 8.69 2.4199998 -9.167324 4.0107045 -5.7295775
3.4299998 8.86 3.28 -13.178029 0.0 -3.4377468
3.4099998 8.82 2.1499999 6.3025355 -2.8647888 -4.0107045
3.29 8.75 2.02 8.594366 -1.7188734 -4.583662
3.27 8.87 2.54 1.1459155 0.0 -2.8647888
3.3899999 8.889999 2.77 -1.1459155 1.1459155 -1.7188734
3.4099998 8.929999 2.77 1.7188734 0.57295775 -1.7188734
3.28 8.92 2.4299998 9.167324 0.0 -2.291831
3.3999999 9.099999 2.02 10.886198 0.57295775 -1.7188734
3.4399998 9.059999 1.6999999 10.886198 2.8647888 -0.57295775
3.46 9.0199995 2.1399999 6.3025355 3.4377468 -1.7188734
3.34 9.03 2.44 -0.57295775 1.1459155 -4.0107045
3.22 8.95 2.03 0.0 -0.57295775 -2.291831
3.1999998 8.7699995 2.85 -5.7295775 2.291831 -1.7188734
3.1999998 8.7699995 2.85 -5.7295775 2.291831 -1.7188734
3.1399999 8.94 2.8899999 -1.1459155 1.7188734 -1.1459155
3.46 9.0199995 1.8499999 11.459155 0.57295775 0.57295775
3.23 9.0199995 1.76 8.594366 3.4377468 -1.1459155
3.33 9.17 2.1 -1.7188734 2.8647888 -1.1459155
3.3 8.97 2.1399999 -3.4377468 -0.57295775 -2.291831
3.1499999 8.9 2.21 -4.0107045 -0.57295775 -2.8647888
2.96 8.82 2.25 -4.0107045 -1.1459155 -4.0107045
3.1899998 8.99 2.3 -4.0107045 0.0 -0.57295775
3.3899999 9.0199995 2.59 -3.4377468 4.0107045 1.1459155
3.1 8.95 2.44 1.7188734 0.0 -1.7188734
3.03 9.07 2.3 5.7295775 -1.7188734 -1.7188734
3.1299999 9.21 2.11 8.021409 -2.8647888 -1.1459155
3.48 9.22 1.76 0.57295775 0.57295775 0.0
3.09 8.96 2.55 -7.448451 5.15662 -2.291831
3.01 8.88 2.6299999 -7.448451 4.0107045 -2.8647888
