1.1947432 9.452597 0.28252444 0.944125 -7.83832 4.3211355
1.350371 9.423865 0.49082634 -0.980875 -10.638319 9.151135
1.7693691 9.7135725 0.28731298 1.504125 -10.35832 11.846135
1.9585168 9.718362 0.2561874 4.654125 -11.198319 12.1961355
1.7741576 9.517242 0.8044763 5.459125 -14.20832 9.291136
1.2258687 9.581888 1.1995317 6.334125 -16.063318 6.841135
1.1277034 9.687236 1.1085492 13.719126 -10.848319 9.641135
1.1923488 9.397529 0.50758624 26.144125 -6.5783205 17.096136
1.1013664 8.93304 0.46927786 34.964127 -9.133321 23.291134
0.7206767 8.427847 0.65842557 36.189125 -13.68332 28.086134
-0.34956414 7.8316727 1.9896424 28.349125 -16.44832 32.74114
0.2777359 6.941003 3.6512692 15.7491255 -16.27332 48.141132
2.2410412 6.943397 4.8124924 11.024125 -22.01332 73.726135
1.9034485 7.3815494 5.8180876 17.884125 -19.738321 89.546135
0.2777359 7.9394155 6.8428373 28.384127 0.80667996 93.81614
5.0495257 7.755056 7.4246464 34.544125 27.26668 114.81614
10.199611 8.439818 6.952974 46.969124 34.196682 145.47615
7.3767605 10.048771 7.2354984 76.96412 42.666683 134.76613
5.863579 10.575512 6.349617 105.62913 67.83167 90.24613
6.8236833 10.975356 5.0638914 121.869125 76.12668 67.35613
9.306546 11.60505 4.7143273 125.01913 91.94668 67.18113
10.376787 12.364035 3.205934 116.58413 108.676674 56.471138
11.164503 12.838101 1.1061549 118.12413 126.94668 44.18614
11.004087 11.461393 1.4174107 111.40412 146.1617 30.011137
12.016866 10.099051 1.4940275 88.16412 145.63669 16.501137
13.2307625 10.163696 1.3000913 71.71413 143.67668 16.291136
14.250724 10.235525 1.1684061 72.41412 143.25668 21.926134
14.092702 9.486116 0.7015225 76.05412 148.68167 19.756134
14.535643 7.678439 -0.10055954 82.45912 165.83168 9.221134
14.854081 8.193209 -1.4437478 96.14413 160.09169 -1.103865
16.88682 7.041562 -1.8938714 104.57913 150.39668 -9.118865
16.486977 6.6608725 -2.8994668 101.42913 147.10667 -15.033864
15.407159 6.3304625 -3.6464806 98.80412 157.53667 -54.618866
15.040834 5.794145 -4.3168774 94.11413 149.27669 -68.758865
15.184491 4.8555894 -5.008823 94.53413 135.87169 -77.47387
14.686481 5.4709177 -4.922629 98.83913 117.00668 -88.25387
16.185297 7.2762012 -7.1995845 118.75412 87.29168 -94.343864
18.761538 7.721536 -10.379181 142.30913 59.991684 -91.68386
16.36008 5.7175283 -10.297776 124.84414 43.576683 -112.96387
11.842083 5.2841644 -7.24747 82.28412 33.91668 -152.05887
9.024022 4.807704 -5.9378014 65.44913 20.19668 -174.94887
8.265037 3.727886 -8.58587 96.494125 3.0466802 -170.46886
7.439012 4.0319586 -8.789383 123.689125 -24.00832 -163.92387
6.672844 3.7638 -8.626573 120.22413 -63.03332 -163.57387
4.7071443 3.2466366 -7.345635 110.10913 -97.92832 -162.94386
3.3639562 3.0383348 -6.6249585 101.28912 -122.32333 -162.13887
2.1117504 2.7486274 -6.919454 107.65913 -143.91833 -156.15387
1.6041641 2.753416 -7.59464 121.34413 -172.82832 -142.46887
1.132492 2.9521408 -7.6257653 125.33412 -199.35834 -125.493866
1.036721 3.1843855 -7.345635 111.05412 -212.93832 -108.133865
0.7901107 3.1819913 -6.699181 89.07412 -222.94833 -91.82387
0.68715686 2.9425638 -6.2179317 64.85412 -226.37833 -79.15387
0.20351335 3.0096035 -5.2841644 42.769123 -223.75333 -68.093864
-0.62251145 2.657645 -4.515602 24.254126 -223.08832 -60.77887
-1.1181264 2.2410412 -3.8547823 10.919126 -219.65833 -57.20887
-2.4445546 2.2170985 -2.473286 0.244125 -216.82332 -58.013866
-3.2633965 1.8555629 -1.5538844 -5.250875 -222.84332 -59.553867
-3.4908526 1.8435916 -1.333611 3.0791252 -231.10333 -54.75886
-4.0989985 2.3679378 -1.4293821 18.864126 -238.52332 -45.483864
-4.4054656 2.3942747 -1.1157321 28.209126 -239.88835 -34.283863
-4.2570205 2.0375278 -0.5458947 19.774124 -228.19832 -23.783865
-3.9577363 1.5658557 0.052674048 5.4241247 -209.96332 -15.418865
-4.8124924 2.1189332 0.82602483 -0.630875 -200.58333 -8.173865
-5.28177 2.5570855 1.5299416 -0.420875 -193.37332 -1.453865
-5.2290964 1.6783867 1.2043202 1.819125 -182.17331 6.736135
-4.4677167 1.2857256 1.1492519 1.574125 -171.60333 12.336134
-5.2243075 2.343995 1.4868447 -0.560875 -162.18832 18.006136
-5.681614 3.2777622 2.6241252 0.279125 -156.48332 27.106134
-4.7550297 1.9752767 3.3926873 2.309125 -152.56331 35.436134
-3.7925313 1.7550035 3.3519847 1.294125 -158.09332 32.496136
-3.8978794 3.2921278 3.79732 3.6741252 -148.39832 31.061136
-4.470111 4.7334814 5.576266 -6.720875 -105.80332 84.961136
-2.8204558 4.40786 6.431022 -9.695875 -121.90332 82.756134
-1.2833313 4.1420956 6.7805862 2.834125 -127.25832 70.82114
-1.2186859 4.8148866 6.58665 28.279125 -123.12833 73.69114
-2.944958 4.865166 7.225921 45.919125 -114.48332 69.70113
-2.8491871 4.494054 7.14691 61.494125 -107.09832 60.98613
-0.87151605 5.030371 5.1596622 88.23412 -109.233315 68.686134
-0.35435268 5.6744313 4.245049 99.924126 -101.07832 80.656136
-1.5658557 5.5355635 5.497255 79.58913 -77.45332 77.92613
-1.5131817 5.66246 5.813299 63.24412 -57.503323 74.91613
-0.64166564 7.046351 4.355186 75.03913 -54.073322 86.22113
2.925804 7.518023 3.5315554 77.66413 -48.96332 96.546135
2.456526 8.128563 5.5092263 47.004128 -28.068321 88.076126
1.1277034 7.9513865 6.979311 15.679125 1.85668 64.94114
1.2569942 8.334471 6.759038 15.084125 15.296681 57.311134
2.2075214 8.688824 7.1540933 27.824125 16.17168 63.99613
0.7637737 9.143736 8.190814 20.754126 37.94168 65.046135
1.5395187 9.603436 6.691998 20.229124 66.921684 70.016136
2.6935592 10.285805 4.790944 39.864124 64.85668 86.08114
2.6145482 10.393547 4.331243 42.489124 59.01168 90.66614
3.0167863 9.347249 4.790944 24.954124 67.30668 91.54113
3.0024207 9.869201 5.4948606 7.769125 72.101685 95.35613
4.1397014 10.376787 4.5706706 7.979125 74.13168 100.15113
4.908263 10.728745 3.5219781 24.499125 72.661674 101.866135
3.78056 11.339286 3.0981915 35.559128 73.88668 93.08114
3.8835137 12.179676 2.7079248 35.874123 74.41168 90.31614
4.8220696 12.3257265 2.248224 35.734127 78.926674 98.086136
6.299337 12.531634 2.291321 34.964127 79.06668 100.36114
6.062304 13.791023 2.7941186 31.149126 78.43668 94.16614
6.0239954 13.673703 1.1300977 31.079123 81.55168 87.27113
6.3567996 12.763879 -0.42618093 40.039127 92.08668 77.61113
5.791751 12.251504 0.22745611 37.449123 98.491684 66.131134
5.593026 13.185271 2.1141446 13.299126 93.59168 61.05614
7.190007 12.795005 1.9178141 -10.185875 93.976685 60.601135
6.893117 11.782227 1.0534809 -2.5558748 101.04668 58.746136
5.1021996 12.019259 0.37590113 22.609125 104.406685 45.76114
5.427821 13.084712 -2.063865 40.284126 103.28668 30.921133
6.265817 12.605857 -3.9146392 51.519123 102.20168 32.181133
5.0830455 11.439845 -3.083826 9.554126 111.23169 21.541136
3.529161 11.88518 -0.72546524 -20.545876 99.54168 12.546135
4.3168774 12.174888 -1.0702409 -15.855874 86.13667 13.386135
5.36557 11.877997 -2.5499027 5.249125 74.796684 15.556135
5.0758624 11.092675 -2.8515813 14.454124 65.69668 4.951135
4.0463243 10.369604 -1.6496553 8.189125 56.036682 -7.3688655
3.641692 10.168485 -0.88109314 2.589125 47.356678 -10.238865
4.661653 9.8787775 -1.1157321 7.104125 41.58168 -6.0038652
4.5347567 9.335278 -1.1492519 14.629125 39.72668 -4.883865
3.493247 8.909097 -0.86193895 16.764124 35.876682 -9.853866
3.057489 9.117398 -0.6703969 19.354124 29.086678 -11.358866
3.232271 8.992896 -0.8978531 22.749126 23.90668 -6.7388654
3.3663504 8.722343 -1.0534809 23.239124 20.966679 -2.7138648
3.0766432 8.794171 -0.66800267 19.109125 17.886679 -2.153865
2.6791935 8.980925 -0.45730647 14.279125 14.07168 -3.2388651
2.8803127 8.956982 -0.3040729 12.109125 12.216681 -1.9438651
2.8539755 8.719949 -0.0670397 11.724126 7.14168 0.331135
2.762993 8.777411 0.35914123 9.799125 4.86668 1.521135
2.9760835 9.189227 0.5506832 8.154125 2.80168 4.426135
3.5219781 9.397529 0.4285752 9.974125 -1.11832 7.5061355
3.2442424 9.155706 0.46209505 11.164125 -2.02832 6.911135
2.6696165 9.105427 0.70631105 9.169126 -0.62832004 2.641135
2.832427 9.47654 0.8834874 6.6141253 -1.2933201 2.2211351
3.1412885 9.596253 0.9696813 5.284125 -3.6733198 7.2261353
3.2274826 9.534002 1.0391153 3.044125 -4.26832 9.081135
3.213117 9.543579 0.98404694 0.734125 0.31667998 6.806135
3.1652312 9.653716 0.9122187 1.609125 0.28168002 4.986135
3.0383348 9.488511 1.0319325 2.239125 -4.12832 2.8511348
2.9090438 9.3831625 1.1468576 -0.945875 -4.3383203 1.486135
3.1676257 9.534002 1.0486923 -2.135875 -2.7633202 0.99613494
3.318465 9.584282 0.9696813 -0.945875 -3.0433202 1.4161351
2.9641123 9.347249 1.1803775 -1.9258752 -2.13332 0.751135
2.7582045 9.306546 1.1899546 -3.7458751 -0.34832 -1.348865
3.1341057 9.531608 0.9768641 -1.715875 -0.103319995 -1.9438651
3.337619 9.445415 1.0175668 1.434125 -1.22332 0.226135
3.15326 9.253872 1.2067145 0.874125 -1.9583198 0.051135
2.954535 9.1628895 1.0870007 -0.105875 -0.62832004 -2.538865
3.2466366 9.2419 0.8140534 2.624125 -1.32832 -4.0088654
3.1029801 9.148524 0.98404694 5.284125 -2.79832 -2.7488651
2.7653873 9.043176 1.3096683 2.939125 -1.7833201 -4.043865
2.8300328 9.344854 1.0295382 6.8241253 -0.38332 -2.328865
3.3950818 9.536397 0.44294083 11.199125 0.63168 0.99613494
3.4262073 9.438231 0.11253092 10.009125 -0.66332 0.961135
2.8013015 9.251478 0.69194543 1.609125 -1.11832 -3.833865
2.6552508 9.170073 1.1684061 -6.4758754 -0.20832 -5.0238647
3.0790374 9.148524 1.0917894 -5.670875 -0.9433201 -1.803865
3.4956412 9.1628895 0.818842 -0.770875 -1.2933201 0.436135
3.2011454 9.205987 0.81644773 1.6791251 -1.53832 -2.223865
2.8635526 9.1628895 0.8930645 1.469125 -1.53832 -5.443865
2.8276386 9.040782 0.74222517 0.38412502 0.35167998 -4.253865
2.8970726 8.992896 0.65842557 -0.525875 2.06668 -1.3138651
3.0766432 9.201198 0.7877164 -1.9608749 1.33168 0.78613496
2.9952378 9.227535 0.7781393 -2.9408753 -0.62832004 0.086135
2.8994668 9.06233 0.87630457 -3.5358748 -1.01332 -0.92886496
2.8156672 8.980925 0.8834874 -4.1308756 -0.27831998 -1.0688651
2.9617178 9.196409 0.95531565 -3.080875 -1.18832 -0.158865
3.1053743 9.304152 1.0032011 -2.310875 -2.16832 1.4511349
3.0359404 9.323306 0.9026416 -2.135875 -1.11832 1.871135
2.9162266 9.390346 0.6703969 0.244125 -0.17332 0.891135
3.0119977 9.416683 0.6656084 1.819125 -0.62832004 0.64613503
2.9377751 9.431048 0.89067024 0.874125 -2.37832 0.891135
2.925804 9.419077 1.0917894 -0.980875 -3.3233202 0.331135
3.110163 9.399923 0.9888355 -0.87587494 -2.41332 1.031135
3.318465 9.45978 0.7541966 2.029125 -1.43332 2.256135
3.11974 9.519637 0.7110996 3.779125 -1.1533201 1.6261351
2.9138324 9.349643 0.87630457 2.449125 -1.43332 -1.0688651
2.9138324 9.251478 0.9122187 0.174125 -2.41332 -2.8888652
2.9832664 9.251478 0.8356019 -1.050875 -2.27332 -2.328865
2.9689007 9.237112 0.9313729 -1.050875 -0.87332 -1.348865
2.9090438 9.191621 1.0247496 -1.365875 -0.52332 -0.753865
3.0263634 9.208381 0.9577099 -0.840875 -1.2583201 -0.543865
3.0431232 9.213169 0.86193895 0.734125 -1.36332 0.261135
2.9856608 9.261055 0.67757976 1.9591252 -1.36332 0.401135
