0.38 10.03 -1.29 13.178029 -13.178029 -8.594366
0.07 9.679999 -0.5 -0.57295775 -19.480566 -9.740283
0.32999998 9.22 -0.38 -6.3025355 -22.91831 -6.3025355
0.68 8.429999 -0.74 -4.583662 -24.637184 -4.583662
0.93 7.74 -0.83 -5.7295775 -18.334648 -4.583662
0.84999996 7.0499997 -0.95 -13.178029 -16.042818 -5.7295775
-0.11 6.58 -0.7 -29.793804 -12.032113 -9.167324
-0.65999997 6.39 0.45 -48.701412 -3.4377468 -9.740283
-0.51 5.89 0.76 -54.43099 -5.15662 -1.1459155
-0.12 5.3199997 0.14999999 -52.712116 -9.740283 9.167324
-0.65 5.23 0.35 -59.014652 -7.448451 16.042818
-1.11 5.74 1.86 -69.32789 -1.1459155 24.064226
0.02 6.0699997 2.73 -70.47381 -1.7188734 38.38817
1.13 5.39 1.9699999 -65.890144 -3.4377468 45.263664
0.91999996 6.0699997 2.36 -52.712116 12.605071 44.11775
0.93 6.0899997 3.27 -56.14986 13.750987 35.523384
1.4 6.41 3.51 -58.441692 14.323945 35.523384
2.1699998 6.0 3.0 -53.858032 11.459155 42.971836
2.73 5.18 2.75 -57.29578 12.032113 55.576904
1.79 5.38 4.58 -80.78705 7.448451 61.879436
2.8 6.02 6.3999996 -102.55944 11.459155 60.160564
3.6399999 6.5099998 5.91 -99.1217 13.750987 59.58761
3.5 6.49 5.8599997 -95.68395 6.3025355 61.879436
2.08 7.17 9.41 -115.16451 4.583662 74.48451
3.33 7.2 10.2 -116.31043 16.042818 84.22479
3.79 7.46 9.67 -84.22479 21.772396 87.662544
4.08 7.98 10.0 -68.75493 24.064226 99.69466
3.3 8.49 10.8 -63.02536 25.7831 104.85127
4.23 9.32 12.179999 -36.09634 27.501974 115.16451
6.3599997 9.45 10.7699995 11.459155 32.658592 126.05072
6.24 10.5 9.09 36.669296 51.5662 115.16451
5.0 11.0 10.179999 33.80451 56.72282 108.86198
4.8199997 12.61 10.46 30.366762 59.014652 104.85127
7.58 12.84 7.0299997 59.014652 73.33859 114.59156
6.2999997 12.71 6.2799997 55.00395 86.516624 100.84057
5.25 13.11 9.849999 11.459155 77.349304 76.203384
6.94 13.44 9.46 9.740283 69.900856 72.19268
7.64 12.57 7.79 38.961132 87.089584 65.317184
5.89 12.349999 8.179999 40.107044 92.81916 41.825916
6.16 12.38 9.91 31.51268 83.65183 35.523384
8.12 11.469999 7.1299996 65.890144 87.089584 30.939718
6.5499997 11.32 6.69 77.922264 101.41353 9.167324
5.54 10.91 6.66 74.48451 99.69466 0.0
5.99 10.63 6.29 76.77634 93.96508 0.0
5.42 10.58 5.58 89.38142 83.65183 -1.7188734
6.17 11.48 5.38 96.829865 79.06818 -4.0107045
7.31 11.719999 5.17 110.58085 59.014652 -8.594366
8.5 10.469999 3.23 109.43494 55.00395 -19.480566
6.8199997 10.16 3.28 97.402824 57.868736 -48.701412
6.2599998 9.94 3.11 71.04677 64.74423 -66.463104
5.5899997 9.139999 3.56 44.69071 67.60902 -66.463104
5.8799996 8.929999 3.23 37.815212 63.02536 -63.598316
5.98 8.65 2.76 47.555496 52.712116 -61.879436
4.71 8.349999 1.54 55.00395 52.139156 -62.4524
4.22 8.33 1.13 61.30648 54.43099 -60.733524
3.61 8.5 0.98999995 70.47381 43.544792 -61.30648
2.33 9.23 1.0 82.50592 28.64789 -61.879436
1.9399999 10.5199995 0.55 100.26762 23.49127 -55.576904
3.6599998 9.69 -2.31 127.76959 17.188732 -45.83662
4.14 8.92 -2.82 123.18592 17.761692 -52.712116
4.0499997 8.67 -2.79 110.0079 12.605071 -62.4524
3.37 8.07 -2.31 78.49522 -12.032113 -78.49522
1.16 7.33 -1.5 50.420284 -13.750987 -91.10028
-0.48999998 7.45 0.07 41.25296 -13.178029 -86.516624
-0.07 7.64 0.47 40.680004 -20.053522 -79.641136
0.44 7.17 -0.25 54.43099 -40.107044 -59.58761
0.29 6.5899997 -1.86 73.91155 -46.98254 -51.5662
-1.06 7.06 -1.5899999 82.50592 -44.69071 -60.733524
-1.06 7.06 -1.5899999 82.50592 -44.69071 -60.733524
-1.6999999 7.35 -1.86 75.630424 -59.58761 -48.701412
-1.75 7.3799996 -1.92 76.203384 -66.463104 -38.38817
-1.73 7.45 -1.79 72.19268 -72.76564 -32.085636
-2.3799999 7.56 -1.73 71.61973 -77.922264 -28.07493
-1.88 8.15 -2.0 73.33859 -80.78705 -22.345354
-1.4499999 8.0 -2.1599998 68.75493 -86.516624 -16.615776
-1.37 7.66 -1.9399999 59.58761 -86.516624 -21.772396
-2.1499999 7.31 -1.56 52.712116 -82.50592 -28.07493
-2.46 7.2799997 -1.65 52.139156 -80.78705 -26.356058
-2.44 6.91 -2.03 45.83662 -77.349304 -20.053522
-2.8999999 6.81 -1.49 35.523384 -71.04677 -16.042818
-2.87 6.74 -1.51 32.658592 -69.900856 -13.750987
-2.76 6.79 -1.87 32.085636 -72.76564 -8.021409
-3.09 6.96 -2.07 21.772396 -74.48451 -1.1459155
-3.47 7.1499996 -1.43 14.896902 -67.60902 3.4377468
-3.32 7.19 -1.38 16.042818 -67.60902 6.8754935
-2.6299999 6.8799996 -1.29 18.907606 -79.641136 17.188732
-2.6299999 6.8799996 -1.29 18.907606 -79.641136 17.188732
-2.8999999 6.5299997 -0.87 11.459155 -70.47381 21.199438
-3.97 6.8399997 0.52 2.291831 -55.576904 23.49127
-3.85 8.19 2.3 2.8647888 -47.555496 33.80451
-1.66 7.94 0.81 24.064226 -58.441692 57.868736
-1.29 7.6499996 -1.48 41.825916 -57.29578 57.29578
-2.51 8.139999 -1.67 34.950428 -37.815212 37.815212
-2.57 8.23 -1.6999999 13.178029 -40.680004 36.09634
-2.6499999 8.63 -1.29 -6.8754935 -36.669296 42.971836
-1.75 9.05 -0.89 -14.896902 -26.356058 48.128452
-0.57 8.809999 -1.13 -18.334648 -37.815212 45.263664
-1.53 8.96 -1.4 -20.62648 -43.544792 34.950428
-2.06 9.23 -0.65999997 -28.07493 -34.377464 28.07493
-1.3299999 9.32 0.26999998 -31.51268 -32.085636 28.64789
-0.29999998 9.2 0.28 -29.793804 -38.38817 33.80451
-0.90999997 9.0199995 -0.19999999 -22.345354 -46.98254 34.377464
-1.41 9.61 0.66999996 -24.064226 -39.53409 26.929016
-0.51 9.15 0.88 -26.356058 -34.377464 26.356058
0.14999999 9.849999 1.48 -20.053522 -33.231552 25.210142
-0.32999998 9.559999 0.26 -9.167324 -30.366762 22.345354
-1.24 9.45 0.16 -4.583662 -25.210142 23.49127
-1.2099999 9.95 1.4399999 -14.323945 -12.605071 25.210142
0.71999997 9.719999 1.4 -14.323945 -29.793804 38.961132
0.14999999 9.62 0.29999998 -9.740283 -26.929016 34.377464
-1.26 10.0 0.42 -8.594366 -4.0107045 20.62648
-0.65 10.25 0.9 -18.334648 -6.3025355 25.210142
0.83 9.5199995 -0.75 -29.220846 -27.501974 41.825916
0.35 9.28 -1.4499999 -59.58761 -21.199438 38.38817
-1.1999999 9.7699995 2.6799998 -101.41353 12.605071 27.501974
0.17 10.139999 3.6799998 -93.96508 -6.3025355 33.231552
0.71999997 10.38 3.4299998 -60.160564 -25.7831 36.09634
0.71999997 10.38 3.4299998 -60.160564 -25.7831 36.09634
-0.17 10.2699995 2.8799999 -23.49127 -16.042818 22.91831
0.16 10.57 2.9099998 -21.199438 -13.178029 22.91831
0.65999997 10.63 2.87 -21.772396 -14.323945 24.637184
1.35 10.46 2.99 -21.772396 -13.178029 24.064226
0.63 10.599999 2.58 -13.178029 -12.032113 18.334648
0.42 10.809999 2.44 -1.1459155 -9.740283 25.7831
0.65999997 10.63 2.23 -1.1459155 -9.740283 25.7831
1.4699999 11.01 1.61 2.8647888 -7.448451 34.950428
1.13 11.37 1.04 -7.448451 -1.1459155 32.085636
0.95 11.67 1.88 -18.334648 -1.7188734 30.939718
1.39 11.67 2.35 -18.907606 -9.167324 37.815212
2.21 11.87 2.1499999 -13.178029 -12.032113 37.815212
1.88 11.7 1.8 -5.7295775 -12.032113 31.51268
1.7099999 11.639999 2.03 -5.7295775 -8.594366 27.501974
2.05 11.48 2.6799998 -6.8754935 -6.8754935 21.199438
1.99 11.13 2.1 0.0 -8.594366 20.053522
1.8499999 11.12 1.93 2.291831 -7.448451 17.188732
1.86 11.09 2.08 2.8647888 -3.4377468 13.750987
2.07 10.98 2.32 0.0 -3.4377468 14.323945
2.1 10.92 2.1 1.1459155 -1.1459155 11.459155
2.1499999 10.51 1.5 5.15662 4.0107045 10.31324
2.12 10.3 1.4699999 2.8647888 1.1459155 7.448451
2.28 10.219999 1.7099999 0.0 -2.8647888 5.7295775
2.27 10.04 1.51 0.0 -1.7188734 4.0107045
2.1599998 9.98 1.5899999 -2.8647888 0.0 1.7188734
1.9699999 9.98 1.9 -4.583662 0.0 0.57295775
2.11 9.91 1.78 -5.7295775 -2.291831 0.0
1.9399999 9.809999 1.9499999 -4.583662 -0.57295775 0.57295775
2.02 9.8 1.91 -2.8647888 0.0 0.57295775
2.11 9.679999 1.62 1.1459155 0.0 2.291831
2.03 9.78 1.8399999 1.1459155 1.1459155 2.8647888
2.1699998 9.8 1.91 1.1459155 -2.8647888 1.7188734
2.37 9.719999 1.36 1.7188734 -4.0107045 -1.1459155
2.11 9.7 1.48 0.0 -1.7188734 -2.291831
2.07 9.639999 1.8399999 -4.0107045 0.57295775 -3.4377468
2.11 9.559999 1.9599999 -6.8754935 0.0 -2.291831
2.0 9.59 1.9599999 -5.15662 0.57295775 -1.1459155
1.9799999 9.62 1.9 -2.8647888 1.7188734 -1.1459155
1.93 9.53 1.8399999 0.57295775 1.7188734 -1.1459155
1.9399999 9.53 1.7099999 4.0107045 2.291831 -0.57295775
2.08 9.63 1.2099999 6.8754935 1.1459155 0.0
2.08 9.63 1.2099999 5.15662 1.1459155 -0.57295775
2.07 9.5199995 1.42 -2.8647888 0.0 -3.4377468
1.8499999 9.29 1.93 -5.15662 1.1459155 -4.583662
1.8299999 9.28 1.9799999 -2.8647888 0.57295775 -3.4377468
1.88 9.36 1.75 2.291831 -0.57295775 -1.1459155
1.8399999 9.41 1.2099999 4.0107045 -0.57295775 -1.1459155
1.87 9.44 1.35 0.0 0.0 -0.57295775
1.9799999 9.5199995 1.78 -1.7188734 -0.57295775 0.0
2.08 9.55 1.76 0.0 -1.1459155 -0.57295775
2.08 9.58 1.66 1.1459155 -0.57295775 -1.1459155
2.03 9.49 1.55 1.7188734 -0.57295775 -1.7188734
1.8499999 9.389999 1.5 0.57295775 -1.1459155 -2.291831
1.78 9.46 1.6999999 -1.1459155 0.0 -1.7188734
1.9799999 9.469999 1.74 -1.7188734 -1.1459155 0.0
2.03 9.469999 1.61 0.0 -0.57295775 1.1459155
2.02 9.67 1.67 2.291831 -1.1459155 0.0
2.01 9.719999 1.56 2.8647888 -2.291831 0.0
1.99 9.69 1.4599999 0.57295775 -1.1459155 -1.1459155
1.8499999 9.59 1.65 -3.4377468 0.0 -1.7188734
1.77 9.5199995 2.02 -4.583662 0.0 -1.1459155
1.9799999 9.5199995 1.89 0.0 -2.291831 0.0
1.9799999 9.5199995 1.89 0.0 -2.291831 0.0
2.04 9.67 1.5799999 2.291831 0.0 0.0
1.87 9.61 1.74 -1.1459155 0.57295775 0.0
1.9599999 9.639999 1.89 -1.7188734 0.0 -0.57295775
2.06 9.599999 1.81 0.0 0.0 0.0
2.04 9.469999 1.5799999 2.8647888 0.0 -0.57295775
1.93 9.37 1.66 1.1459155 0.0 -1.1459155
1.8199999 9.4 1.68 -0.57295775 1.1459155 0.0
1.9399999 9.5 1.6899999 -4.583662 2.8647888 0.0
1.8299999 9.48 1.77 -6.8754935 4.0107045 0.0
1.79 9.5 1.75 -6.3025355 2.8647888 -0.57295775
1.79 9.5199995 1.81 -5.15662 0.57295775 -1.1459155
1.9499999 9.5199995 1.79 -3.4377468 -1.7188734 0.0
2.04 9.599999 1.81 -3.4377468 -1.7188734 0.0
1.93 9.61 2.0 -4.0107045 0.0 0.0
1.93 9.62 2.04 -3.4377468 1.1459155 0.0
