1.3048798 9.634562 1.6759924 -13.833645 3.3629751 6.397825
1.5969813 9.699207 1.3431882 -16.143646 2.837975 7.692825
1.8435916 9.6585045 1.4557191 -15.548646 -4.372025 7.2028246
1.7789462 9.450203 1.8220432 -19.783644 -8.502026 5.382825
1.733455 9.134158 1.9585168 -23.668646 -9.237026 1.9878249
1.620924 8.889942 2.3846977 -22.933643 -10.252026 0.062825
1.637684 8.719949 2.796513 -20.168646 -9.482024 -0.182175
1.4126221 8.763046 2.4900458 -12.573645 -7.697025 0.167825
1.3312168 8.813326 2.2793496 -0.008645 -5.072025 1.3578249
1.4078336 8.8324795 2.1380875 8.216355 -2.202025 4.822825
1.4221992 8.839663 2.0710478 12.486355 -1.9570248 9.127826
1.4221992 8.6984005 1.9130256 16.196354 -2.377025 12.627826
1.446142 8.111803 1.8771114 20.781355 -3.9520247 16.092823
0.9816527 7.7526617 1.8962656 25.471355 -8.747025 18.822824
1.0223553 7.518023 2.4086404 33.45136 -17.007025 19.907824
0.749408 7.0176196 1.9656997 53.821354 -34.227024 26.872826
0.62251145 7.041562 1.1564348 56.166355 -31.392027 37.022827
1.9633054 7.2354984 2.6815877 38.071354 -30.412025 55.677822
2.4110348 7.273807 5.255433 20.186354 -35.03203 65.302826
2.3727264 7.563514 5.2506447 33.171352 -35.242023 66.94783
2.9425638 8.095043 3.222694 55.501354 -29.502026 78.60283
5.497255 8.600235 6.091035 41.641354 -22.397026 101.80782
6.4932733 8.480521 9.179649 16.651356 -17.567024 112.34283
6.3137026 8.449396 8.743892 43.006355 -2.517025 100.582825
7.0870533 9.390346 5.607392 95.26135 25.202976 96.90782
8.269825 10.5946665 4.2235007 116.22635 62.232975 108.317825
9.316123 11.315343 4.7167215 95.82136 97.72297 107.93283
8.609812 11.083098 5.2219133 71.70635 123.13298 92.427826
8.102226 10.771842 5.0040345 71.951355 139.26797 82.38283
10.324113 11.55477 3.9529476 81.08635 146.93297 83.92283
12.936267 12.052779 3.15326 84.48135 159.21799 83.39783
11.748707 11.162109 3.833234 83.15135 176.89297 63.90283
9.440625 9.845258 3.7781656 90.396355 189.98297 27.782824
10.127783 9.050359 2.6863763 107.966354 193.90298 14.132825
12.658531 9.320911 1.3360053 119.131355 198.73297 30.302828
13.666521 9.179649 0.2944958 124.06635 201.42798 40.907825
10.369604 8.873182 0.32083282 126.58636 188.26797 20.677824
8.530801 8.786988 0.55786604 125.64134 177.83798 -6.027175
8.578687 8.956982 1.2258687 117.90636 169.57799 -1.897175
14.731973 9.091062 -1.8340145 111.396355 150.99298 27.152824
16.532467 8.901914 -3.3495905 121.33636 121.66298 48.502827
13.331322 8.516436 -1.9752767 125.046364 103.56798 13.327825
9.960183 7.6736507 -1.0247496 104.64135 111.16297 -40.257175
11.205206 7.005648 -1.6999351 89.59136 124.32297 -57.057175
13.838908 6.632141 -3.4046588 88.646355 117.56798 -41.762173
12.51248 6.56989 -1.4796618 82.27636 107.06798 -31.577173
10.99451 6.2179317 -0.13886794 58.336357 112.387985 -52.332176
10.846065 6.201172 -2.2601955 53.71636 116.69298 -76.097176
11.135772 6.8859344 -4.278569 85.49635 105.142975 -79.63217
10.867614 6.610593 -4.051113 104.60635 87.67798 -81.34717
9.888355 6.5555243 -3.1819913 89.451355 62.722973 -97.51718
9.174861 6.5459476 -4.486871 71.70635 41.687973 -119.042175
9.201198 6.510033 -5.549929 73.07135 36.71797 -130.76718
8.25546 6.2346916 -5.786962 69.991356 5.567975 -143.36717
6.804529 5.803722 -4.8388295 52.59635 -17.602024 -159.22217
5.296136 5.2937417 -4.022382 43.671356 -41.262028 -171.78719
3.677606 5.183605 -3.9337935 50.951355 -62.017025 -175.81218
2.7366562 5.576266 -3.9457648 61.031353 -82.177025 -170.07217
2.6624336 5.5116205 -3.8045027 62.32636 -105.62703 -158.80217
2.2123098 5.138114 -2.6097596 54.55636 -127.50202 -149.91219
0.73743665 5.3679643 -1.0965779 47.136356 -143.53203 -142.03717
0.098165266 5.516409 -1.2330515 54.101357 -155.15204 -127.54717
0.05027977 6.136526 -1.2186859 61.661358 -163.62202 -108.85718
0.600963 6.5459476 -1.4844503 60.821358 -170.23703 -92.61717
0.9313729 6.4429936 -1.8244374 57.041355 -174.61203 -81.31217
-0.098165266 6.0503325 -0.6296943 43.706356 -174.96202 -79.31717
-1.2617828 5.7127395 1.3000913 24.281355 -173.45703 -86.73718
-1.3120626 5.322473 1.0199611 22.776356 -172.40703 -90.76217
-1.8483802 5.4948606 -0.19393626 44.966354 -173.14203 -86.03718
-2.0423164 6.062304 -1.2833313 64.63635 -175.38203 -75.71217
-2.0686533 5.7725964 -1.2258687 64.11135 -177.83202 -68.572174
-2.7893302 5.4110613 -0.3974496 45.211357 -178.21703 -66.19218
-3.8380225 5.116565 0.42618093 26.101357 -171.46202 -65.84218
-3.6536634 4.4653225 0.38068968 19.101355 -162.43202 -59.962177
-3.4645157 3.9433706 0.8834874 23.826355 -162.36203 -51.00218
-3.294522 3.3495905 0.96489275 35.166355 -170.76202 -47.082172
-3.6728175 3.641692 0.5363176 55.536354 -181.54202 -45.122177
-3.7949257 3.6584518 -0.44294083 82.76636 -192.42703 -40.887177
-3.4621215 3.5674694 -0.43336374 97.991356 -203.83702 -32.312176
-3.083826 3.3855045 0.12450229 90.88635 -205.90202 -22.862175
-3.938582 4.2187123 0.9601042 77.866356 -202.85703 -11.767175
-3.4908526 4.3216662 1.4676905 72.30135 -196.27702 0.902825
-2.6528566 3.8978794 1.5754328 69.78136 -191.27203 12.662826
-2.8587642 3.9074564 1.3431882 64.951355 -187.21204 19.802826
-3.11974 4.6999617 2.2434354 58.966362 -174.64703 23.757826
-2.6360965 4.517997 3.1317115 43.636356 -159.45702 31.912827
-2.0494993 4.2474437 3.9337935 25.996353 -149.51703 38.212826
-2.0590763 4.783761 4.4222255 18.961355 -143.56703 41.607826
-2.1045675 5.2219133 4.865166 25.016356 -138.03703 46.927826
-1.4772675 5.803722 6.1054006 27.886354 -135.97203 51.582825
-1.1492519 6.3280683 6.5627074 25.576355 -137.33704 55.222824
-0.24182175 6.3208857 6.0431495 31.526358 -133.34703 66.527824
0.18196489 6.9649453 6.5220046 35.306355 -118.927025 80.73782
0.43575802 7.556331 7.118179 29.251358 -114.13203 83.50282
0.3304099 7.881953 7.5659084 33.206356 -106.817024 92.28783
1.1516461 7.4438004 7.8173075 38.456356 -99.36203 101.77283
2.221887 8.116591 8.042369 42.726353 -87.70702 106.95283
2.5331428 9.39274 7.290567 57.741352 -68.73702 109.85782
2.8635526 9.91948 7.0894475 72.40635 -56.732025 114.68782
4.173221 9.454991 7.326481 68.34636 -49.312027 120.32282
4.5467277 10.673677 7.683228 56.061356 -26.037025 127.49783
5.6337285 12.42868 6.143709 62.466354 6.1629753 134.42784
6.3998966 12.680079 3.6369035 85.881355 24.117975 132.99283
5.794145 12.349669 2.6767993 92.84635 31.082975 113.46283
4.209135 13.242734 3.3352249 73.52636 42.492977 96.207825
4.73827 13.29062 2.9329867 52.351357 54.882973 95.64783
5.078257 13.348082 1.7621863 48.816353 64.54297 96.73283
4.2474437 13.513287 1.1300977 47.941353 70.98297 86.40783
3.6632404 14.004113 0.94095 40.101357 72.59298 73.21282
3.79732 13.350476 0.5123748 32.786358 75.49797 67.71783
3.2250881 13.47019 0.88109314 21.901356 73.04798 62.012825
3.7015488 13.9466505 0.9217958 3.736355 72.52298 59.56282
4.4749 13.333716 0.52674043 -4.943645 81.06297 67.85783
4.477294 12.253899 0.7398309 -9.143645 77.42298 69.85282
3.8978794 12.390372 2.5522969 -23.388645 66.99298 65.68783
4.5610933 11.854054 2.9497466 -40.853645 69.72298 71.14783
5.7295 11.025636 3.1293173 -37.878643 79.80297 76.85282
6.0335727 10.075109 2.3727264 -13.273645 78.92798 69.43283
5.6457 9.763853 1.5179702 17.631355 72.627975 51.827827
5.272193 9.629773 1.1013664 35.901356 74.90298 40.592827
5.691191 9.308941 1.2138973 37.336353 83.26797 40.662823
5.777385 9.088667 0.9433443 35.586353 92.47298 40.312824
5.360781 9.155706 0.18435916 44.651356 88.51798 31.002827
5.1979704 8.830086 -0.6081458 59.876354 76.30297 18.087824
4.946572 8.605023 -0.4836435 65.58136 69.932976 10.247826
4.2642035 8.710372 -0.16520496 56.446354 68.56798 4.3328247
4.1013927 9.172467 -0.5961744 45.666355 64.682976 1.007825
4.824464 9.239507 -1.3862851 44.231358 58.172974 4.6478252
4.8986864 9.081485 -1.7382435 45.491356 54.182976 10.562825
4.314483 9.055147 -1.2761484 40.661354 51.557976 6.572825
4.2546263 8.985713 -0.9888355 29.006355 49.877975 -0.217175
4.400677 8.978531 -1.1085492 21.166355 37.382973 2.967825
4.3958883 9.024022 -1.2330515 21.411356 29.822975 3.282825
4.3264546 9.007262 -0.9433443 16.021355 21.562975 1.147825
4.0367475 9.024022 -0.38068968 9.441355 15.402976 0.867825
4.3073006 8.877971 -0.3040729 9.406355 12.602976 1.9178251
4.3432145 8.868394 -0.55786604 14.621355 10.607974 1.007825
4.455745 9.052753 -0.6273 15.391355 7.107975 -3.227175
4.1373067 9.122187 0.0 6.571355 4.902975 -6.4821754
3.8308396 9.050359 0.5602603 -4.2436447 4.762975 -8.442175
3.6704233 9.04557 0.9888355 -6.028645 1.332975 -8.932175
3.964919 8.985713 0.9313729 -2.1436448 -1.852025 -5.2921753
4.37434 8.954588 0.7877164 -0.498645 -2.587025 0.202825
4.6281333 8.92825 0.90024734 -4.068645 -3.5670252 1.6728251
4.314483 8.796566 1.594587 -10.648644 -5.247025 -1.722175
3.8906965 8.578687 1.8651401 -14.393645 -4.162025 -6.027175
3.703943 8.413482 1.7478206 -11.103644 -1.4320251 -5.5021753
3.8571768 8.370385 1.3695252 -5.608645 -0.97702503 -0.077175
4.230684 8.494887 1.0774237 -2.983645 -3.0420249 6.397825
4.539545 8.545167 1.2474172 -6.0636454 -3.5670252 11.892825
4.233078 8.526012 1.9226027 -12.433645 -2.132025 12.032825
4.249838 8.470944 2.135693 -14.078646 -0.312025 8.462826
4.565882 8.5882635 1.6999351 -6.238645 -0.347025 7.167825
4.72151 8.703189 1.0726352 5.521355 -2.2720249 6.257825
4.539545 8.74868 1.1372806 8.951356 -3.007025 3.737825
4.228289 8.612206 1.7669748 0.72635496 -0.067025 0.51782495
4.2139235 8.55235 1.9680939 -6.1686454 2.4179752 0.30782503
4.364763 8.633755 1.6520497 -2.423645 0.597975 2.862825
4.68799 8.772623 1.2809371 3.9463553 -0.627025 4.8578253
4.517997 8.822903 1.4006507 4.7513547 -0.732025 4.0878253
4.149278 8.7534685 1.6712039 1.076355 -0.347025 0.377825
3.991256 8.662486 1.7621863 -2.2486448 1.7529751 -2.317175
4.3216662 8.703189 1.5538844 -2.703645 4.237975 -0.707175
4.529968 8.777411 1.4964218 -0.53364503 3.117975 2.372825
4.415043 8.8324795 1.5874043 1.251355 -1.257025 2.3378253
4.235472 8.767835 1.7478206 0.30635497 -2.692025 -0.777175
4.1420956 8.667274 1.7286664 -1.688645 0.527975 -3.0871751
4.1947694 8.650515 1.5443072 -1.023645 3.3629751 -2.667175
4.309695 8.74868 1.3623424 1.8113551 3.292975 -0.917175
4.3001175 8.71516 1.446142 1.8463551 -0.487025 1.4978249
4.2211065 8.595447 1.7621863 1.8463551 -0.487025 1.4978249
4.2043467 8.521224 1.8052832 0.551355 3.6429749 0.762825
4.271386 8.631361 1.5634614 6.361355 3.502975 0.51782495
4.268992 8.777411 1.2569942 9.9313545 1.8229749 0.237825
4.338426 8.794171 1.1253091 8.356356 1.787975 0.867825
4.4198313 8.803748 1.0391153 4.821355 2.3829749 1.8478248
4.3695517 8.700794 1.1516461 0.831355 0.702975 1.637825
4.3623686 8.60263 1.3958622 -3.228645 -1.222025 1.007825
4.3432145 8.561927 1.4796618 -5.608645 -1.712025 0.867825
4.2665977 8.573898 1.5921928 -4.803645 -2.0620248 0.832825
4.292935 8.621783 1.5443072 -2.668645 -2.4470253 1.602825
4.271386 8.691217 1.5850099 -1.303645 -1.712025 2.757825
4.3216662 8.746285 1.5083932 -1.093645 0.072974995 3.177825
4.2642035 8.727132 1.5730386 -0.18364501 0.42297503 2.792825
4.4749 8.770228 1.4844503 1.286355 -0.137025 2.6528249
4.6544704 8.822903 1.376708 1.9163549 -1.362025 3.6328251
4.5850363 8.818114 1.4772675 0.026355 -0.697025 2.967825
4.4629283 8.777411 1.6233183 -2.2486448 0.142975 0.13282499
4.470111 8.6984005 1.5921928 -2.038645 -0.592025 -1.722175
4.364763 8.597841 1.5227587 -0.498645 0.212975 -2.037175
