0.90999997 8.889999 -2.12 7.448451 -21.199438 -2.8647888
1.0 8.33 -0.59999996 -14.896902 -25.210142 5.7295775
1.4399999 7.98 0.66999996 -13.178029 -14.896902 10.886198
1.7199999 7.5699997 0.089999996 9.167324 -17.188732 8.594366
1.5999999 7.62 -0.48999998 25.7831 -16.615776 6.3025355
1.06 7.6699996 -2.08 25.210142 -5.15662 8.594366
1.14 7.79 -1.78 25.210142 -5.15662 8.594366
1.5799999 7.46 1.02 -25.7831 4.0107045 24.637184
1.8499999 7.3599997 2.1499999 -37.242256 6.3025355 34.950428
2.48 7.49 1.9699999 -28.64789 5.7295775 37.815212
3.79 6.97 1.1999999 4.583662 5.7295775 37.815212
2.96 6.8399997 2.37 -1.1459155 9.167324 34.950428
2.09 6.8599997 2.72 0.0 15.469859 36.09634
3.03 6.7599998 2.34 8.594366 25.7831 45.83662
4.15 7.73 0.89 25.210142 27.501974 56.14986
5.83 7.06 0.35999998 16.615776 27.501974 63.598316
4.95 6.7599998 3.34 -18.334648 37.242256 58.441692
4.19 7.58 6.0099998 -36.09634 50.993244 52.139156
6.08 8.5 4.72 -8.021409 41.825916 68.75493
8.71 8.809999 3.1899998 15.469859 46.40958 87.089584
8.9 8.91 3.51 11.459155 49.27437 85.94367
7.8799996 9.69 6.25 -8.021409 64.17127 72.76564
8.03 10.179999 5.8799996 12.605071 79.641136 71.61973
9.29 11.82 3.22 36.09634 85.37071 65.317184
9.7 12.66 3.1299999 38.961132 83.65183 63.02536
10.4 13.59 2.96 29.793804 82.50592 62.4524
9.09 15.74 4.58 -17.188732 106.57015 60.160564
10.059999 15.309999 4.2 -21.772396 115.73747 46.98254
10.0199995 16.039999 4.46 -1.7188734 107.716064 25.7831
9.23 16.75 2.7 45.263664 124.33183 -6.8754935
8.16 16.46 -1.12 42.971836 139.22873 -23.49127
8.12 16.39 -0.62 24.637184 142.66649 -28.07493
8.49 16.289999 0.55 -5.15662 123.18592 -41.25296
8.26 15.29 -0.34 11.459155 126.05072 -61.30648
7.94 14.53 -0.89 28.64789 128.9155 -81.36001
6.41 15.29 -1.53 50.993244 118.60226 -95.11099
6.7 15.5199995 -2.79 60.160564 110.0079 -100.84057
6.67 13.4 -4.48 34.377464 97.97578 -113.44564
5.3599997 13.34 -2.3799999 10.886198 91.67324 -126.62367
5.35 13.15 -2.22 13.750987 91.10028 -126.05072
5.45 11.5199995 -3.6899998 47.555496 73.91155 -138.08282
4.79 11.42 -4.23 47.555496 73.91155 -138.08282
3.6699998 11.33 -4.7799997 65.890144 61.879436 -147.25015
2.4099998 11.259999 -4.22 42.398876 45.263664 -147.25015
3.75 9.46 -4.99 39.53409 46.98254 -138.08282
3.26 9.099999 -5.46 43.544792 36.669296 -137.50986
1.61 9.36 -4.2999997 51.5662 12.032113 -147.25015
0.59999996 9.16 -4.52 60.160564 0.0 -149.54198
0.32 8.25 -4.33 50.420284 -10.886198 -130.63437
0.79999995 7.39 -4.9 40.107044 -16.615776 -122.04
1.24 6.7799997 -5.0 37.242256 -19.480566 -118.60226
-0.02 6.19 -3.59 30.366762 -28.07493 -119.17522
-1.0699999 6.46 -2.62 32.658592 -42.398876 -126.05072
-1.3299999 5.46 -4.64 60.160564 -52.712116 -125.47776
-2.34 4.68 -4.67 56.72282 -49.27437 -108.289024
-1.87 3.99 -2.85 23.49127 -75.057465 -90.52733
-1.73 3.56 -3.4099998 29.793804 -81.36001 -88.2355
-2.4199998 2.6799998 -3.75 40.107044 -79.06818 -85.94367
-3.11 2.35 -3.34 46.40958 -72.19268 -83.65183
-5.3399997 2.56 -0.77 36.09634 -72.76564 -72.76564
-4.0899997 2.54 -2.34 61.30648 -105.42423 -59.014652
-3.6799998 2.32 -3.83 98.54874 -117.456345 -44.69071
-4.37 2.73 -3.56 93.96508 -117.456345 -45.83662
-5.5 3.02 -1.13 60.160564 -110.58085 -30.939718
-5.5 3.02 -1.13 54.43099 -107.716064 -17.188732
-4.5299997 2.52 -0.68 53.858032 -119.74818 9.740283
-4.5299997 2.52 -0.68 50.420284 -124.33183 12.605071
-4.75 3.08 0.84 48.128452 -118.60226 18.334648
-4.39 2.85 1.6899999 59.014652 -96.829865 40.107044
-4.23 3.1399999 1.28 67.60902 -91.67324 47.555496
-3.56 3.86 0.06 76.203384 -89.38142 59.58761
-2.6499999 4.0099998 0.099999994 69.900856 -100.84057 63.02536
-2.47 3.99 0.29 57.868736 -101.41353 65.890144
-2.44 3.98 0.76 52.712116 -97.97578 69.32789
-1.63 5.46 1.73 22.345354 -75.630424 93.39212
-0.98999995 5.52 1.62 13.750987 -77.922264 102.55944
-0.9 5.98 2.1399999 4.583662 -87.662544 107.143105
-1.04 6.46 3.6699998 -24.064226 -81.36001 110.58085
0.14 6.46 4.61 -26.356058 -76.203384 113.44564
1.17 6.48 4.8399997 -24.637184 -75.630424 116.31043
0.89 8.15 4.13 -3.4377468 -61.30648 115.16451
0.29999998 7.6299996 3.86 -0.57295775 -52.139156 110.58085
0.90999997 8.42 5.6299996 -0.57295775 -40.680004 106.57015
2.98 9.23 3.5 25.7831 -49.27437 119.17522
3.1699998 8.17 0.98999995 21.199438 -32.085636 118.60226
1.0 9.2 4.9 -26.929016 -2.8647888 105.42423
2.77 9.929999 5.94 -32.085636 -0.57295775 97.97578
4.47 9.2 4.45 9.167324 4.583662 110.58085
3.6899998 10.53 1.88 36.09634 9.167324 101.98649
2.35 11.09 3.36 18.907606 -1.1459155 104.27831
2.96 12.55 3.6699998 22.345354 -5.15662 104.27831
4.37 12.83 1.26 25.210142 -6.3025355 114.0186
5.49 13.37 2.1499999 9.167324 12.032113 120.32113
5.89 13.38 4.54 -33.231552 26.356058 107.143105
5.13 13.94 4.75 -28.07493 7.448451 80.78705
4.7999997 13.59 1.86 17.188732 2.8647888 67.60902
4.98 13.71 0.83 28.07493 10.31324 62.4524
4.89 13.299999 1.9399999 -3.4377468 20.053522 57.868736
4.0899997 13.41 3.27 -22.91831 29.220846 52.712116
5.12 12.92 1.54 -1.1459155 26.929016 49.27437
4.83 12.54 0.64 21.772396 13.750987 35.523384
4.58 12.13 -0.099999994 24.064226 13.750987 25.210142
4.5299997 11.849999 -0.55 16.042818 10.31324 24.064226
4.4 11.309999 0.0 -1.1459155 13.178029 21.199438
4.52 11.25 1.09 -12.605071 14.323945 18.907606
4.43 11.04 2.02 -16.615776 16.615776 15.469859
4.4 10.599999 0.93 5.7295775 12.032113 12.032113
4.0899997 10.05 -0.71999997 16.615776 8.021409 7.448451
3.99 10.12 -0.17999999 7.448451 9.167324 5.7295775
4.16 10.12 0.42 -1.7188734 9.740283 6.3025355
4.61 9.96 0.28 1.7188734 3.4377468 2.8647888
3.87 9.63 0.84999996 1.7188734 0.57295775 -0.57295775
4.1 9.62 0.97999996 2.291831 -1.7188734 0.57295775
4.11 9.53 0.72999996 5.15662 -1.1459155 0.57295775
4.24 9.29 0.85999995 7.448451 4.0107045 2.291831
3.84 9.3 0.87 12.605071 1.1459155 -0.57295775
4.17 9.429999 -0.25 19.480566 -2.8647888 1.1459155
4.27 9.38 -0.59999996 14.896902 -5.7295775 0.0
4.12 9.26 -0.64 5.7295775 -6.8754935 -2.291831
3.6299999 9.059999 1.41 -20.62648 1.1459155 -1.7188734
3.75 9.13 2.09 -12.032113 0.0 1.1459155
4.0099998 9.13 1.27 5.7295775 -0.57295775 2.291831
4.04 9.15 0.65 11.459155 0.0 1.1459155
3.87 9.17 0.44 5.7295775 0.0 -1.7188734
3.86 9.17 0.52 1.7188734 -2.291831 -2.291831
3.6299999 9.05 0.58 0.0 0.57295775 -1.1459155
3.53 9.03 0.74 -3.4377468 2.291831 0.0
3.72 9.09 1.23 -1.7188734 2.8647888 2.8647888
3.8899999 9.19 1.04 0.0 1.7188734 2.8647888
4.0 9.08 0.65999997 5.7295775 -2.291831 2.8647888
3.6899998 9.23 0.58 8.594366 -6.3025355 -1.7188734
3.9199998 9.15 0.76 2.291831 -5.15662 0.0
3.9499998 9.04 1.1 -0.57295775 -3.4377468 0.0
3.77 9.01 1.4699999 -1.1459155 0.0 0.57295775
3.9099998 9.16 0.91999996 5.15662 -1.7188734 0.0
4.12 9.16 0.55 6.3025355 -2.291831 0.0
3.82 9.07 0.11 2.8647888 -1.1459155 -1.7188734
3.57 9.0 0.48999998 -1.7188734 0.0 -2.291831
3.9599998 9.19 1.53 -6.3025355 0.0 1.7188734
4.0099998 9.179999 0.75 6.3025355 -4.0107045 0.57295775
3.81 9.16 0.51 8.594366 -2.8647888 0.0
3.75 9.17 0.68 0.57295775 1.1459155 -0.57295775
3.81 9.36 0.9 -1.7188734 1.7188734 -0.57295775
4.0299997 9.21 0.59999996 -0.57295775 2.291831 0.57295775
3.9199998 9.179999 0.57 0.57295775 -1.1459155 -0.57295775
3.6899998 9.2699995 0.62 0.57295775 -2.8647888 -2.8647888
3.9499998 9.25 0.48999998 0.0 -1.7188734 0.0
3.81 9.15 1.4699999 -6.8754935 4.583662 -0.57295775
3.9299998 9.09 1.28 -4.0107045 2.291831 -1.7188734
3.75 9.05 0.42999998 9.740283 -4.0107045 -2.8647888
3.6399999 9.03 0.089999996 12.605071 -2.291831 -2.8647888
3.6999998 8.97 0.32999998 0.57295775 2.291831 0.0
3.6799998 9.09 0.88 -12.032113 4.583662 0.57295775
3.87 9.24 1.63 3.4377468 0.0 1.1459155
3.78 9.26 0.26999998 8.021409 2.291831 2.291831
3.98 9.2699995 0.35999998 4.0107045 3.4377468 2.8647888
4.15 9.309999 0.69 -5.7295775 4.583662 2.8647888
4.2 9.28 1.24 -6.8754935 4.583662 1.1459155
3.8999999 9.059999 0.90999997 -1.1459155 0.57295775 -1.7188734
3.52 8.98 0.48 5.15662 -1.7188734 -4.583662
3.6699998 9.04 0.7 1.7188734 1.1459155 -1.1459155
4.0299997 8.96 0.81 0.0 1.7188734 1.1459155
4.14 9.0199995 0.85999995 0.57295775 0.57295775 1.7188734
3.8999999 9.139999 0.57 3.4377468 -5.15662 -3.4377468
3.74 8.98 0.66999996 1.7188734 -4.0107045 -2.8647888
3.6699998 8.87 0.78999996 0.0 -1.7188734 -1.7188734
3.58 8.98 1.02 -2.291831 1.7188734 0.0
4.11 9.17 0.9 0.0 3.4377468 3.4377468
4.22 9.15 0.51 3.4377468 -1.7188734 0.57295775
3.58 8.94 0.44 4.0107045 -2.8647888 -4.0107045
