0.68 9.4 -0.88 -2.8647888 -21.772396 0.0
0.72999996 9.139999 -0.53999996 -8.021409 -23.49127 0.0
0.64 8.9 -0.39 -9.167324 -21.772396 0.0
0.53 8.679999 -1.28 -9.740283 -12.605071 -1.1459155
0.39999998 8.49 -1.54 -10.31324 -5.15662 -2.291831
0.35999998 8.22 -1.01 -18.907606 -7.448451 -2.8647888
0.39999998 7.5899997 -0.83 -22.345354 -16.042818 -2.8647888
0.049999997 7.21 -0.64 -21.772396 -15.469859 0.0
-0.45999998 7.3199997 -0.04 -26.356058 -8.021409 5.15662
-0.19 7.3199997 0.26 -28.07493 -4.0107045 9.740283
0.32999998 7.19 0.06 -20.053522 -8.021409 22.345354
0.29999998 6.89 -0.62 -15.469859 -12.605071 24.064226
0.14 6.73 0.41 -22.91831 -12.032113 26.356058
0.19 6.8399997 1.06 -28.64789 -10.31324 29.220846
0.71 7.0699997 1.1899999 -32.658592 -8.594366 37.815212
0.64 6.75 1.4699999 -37.815212 -5.7295775 48.128452
0.22 7.25 3.4199998 -48.701412 4.0107045 49.84733
1.28 7.62 3.84 -46.40958 1.7188734 64.74423
2.01 7.7799997 3.6299999 -32.658592 0.0 79.06818
2.1 8.07 3.1499999 -28.07493 6.3025355 85.37071
2.09 8.65 4.39 -33.80451 13.178029 87.662544
4.2 9.62 4.89 -27.501974 12.032113 97.402824
4.29 9.349999 2.78 -18.334648 12.032113 96.829865
3.98 9.349999 2.54 -13.750987 16.615776 78.49522
3.08 8.75 4.31 -34.377464 28.64789 69.900856
3.01 8.88 5.13 -53.285076 39.53409 70.47381
4.33 9.05 5.91 -49.84733 44.69071 80.78705
5.31 8.559999 4.49 -26.356058 36.669296 83.65183
4.87 8.41 3.6399999 -15.469859 35.523384 76.77634
4.16 8.47 4.85 -30.366762 41.825916 74.48451
5.52 8.99 6.23 -36.669296 46.40958 85.37071
6.69 8.99 5.39 -20.62648 48.128452 86.516624
6.0699997 8.929999 5.25 -14.323945 55.576904 75.630424
6.1099997 8.83 5.8799996 -16.615776 56.72282 71.04677
6.47 8.73 6.2799997 -9.167324 62.4524 73.33859
6.79 9.179999 5.7999997 6.3025355 64.74423 72.19268
7.19 9.22 4.71 13.750987 64.74423 70.47381
6.74 9.62 5.5299997 2.8647888 68.75493 65.317184
7.49 9.73 6.35 0.0 71.04677 64.74423
8.04 9.88 5.4 18.334648 66.463104 59.014652
7.49 9.67 4.63 21.772396 68.75493 53.858032
6.5 9.57 5.6299996 16.042818 78.49522 44.69071
6.7999997 9.84 6.3999996 20.62648 77.922264 45.263664
7.5299997 10.13 5.08 43.544792 66.463104 46.98254
7.33 10.63 4.04 60.733524 60.733524 39.53409
7.48 10.95 5.45 50.420284 60.160564 31.51268
8.09 11.21 5.9 41.825916 57.29578 23.49127
8.37 10.78 4.5699997 46.98254 69.32789 8.021409
8.37 10.78 4.5699997 46.98254 69.32789 8.021409
7.64 10.24 5.2 40.107044 77.922264 -8.021409
7.64 10.24 5.2 40.107044 77.922264 -8.021409
7.99 10.28 3.46 60.733524 76.203384 -15.469859
7.06 10.07 2.61 63.02536 70.47381 -30.366762
6.91 9.94 2.55 57.868736 65.317184 -36.669296
6.7799997 9.41 2.82 49.84733 62.4524 -40.107044
6.0099998 9.38 3.22 46.40958 57.29578 -45.263664
5.94 9.75 3.9299998 47.555496 53.858032 -46.98254
6.14 10.28 3.6999998 55.00395 46.40958 -47.555496
5.73 10.87 2.98 68.18198 42.398876 -50.993244
5.96 10.96 3.1499999 67.60902 41.25296 -54.43099
6.0 10.34 3.3 55.576904 40.107044 -59.58761
5.22 9.88 3.6299999 48.128452 45.263664 -67.60902
5.5 9.3 2.9299998 52.139156 49.27437 -72.19268
5.46 8.74 1.6899999 64.74423 44.69071 -72.76564
4.62 8.82 0.22 79.06818 41.825916 -77.349304
4.31 8.79 -0.29999998 81.93296 36.09634 -81.93296
3.3899999 8.65 0.13 69.32789 32.085636 -80.21409
3.37 8.7 -0.34 67.03606 26.929016 -75.057465
3.6299999 8.66 -1.1999999 78.49522 16.042818 -71.61973
3.23 8.4 -2.1399999 80.21409 8.021409 -73.33859
2.36 8.51 -1.67 77.349304 -1.1459155 -75.630424
2.32 8.7 -1.8399999 79.06818 -7.448451 -73.91155
2.54 8.67 -2.73 81.36001 -19.480566 -69.900856
1.89 8.49 -2.74 76.203384 -21.199438 -71.04677
0.75 8.41 -2.01 67.03606 -24.064226 -74.48451
0.39999998 8.67 -1.81 67.03606 -34.950428 -71.04677
0.53999996 8.75 -2.4199998 74.48451 -48.701412 -63.02536
0.58 9.0 -2.21 72.19268 -57.868736 -59.014652
0.52 8.75 -1.93 58.441692 -59.58761 -59.014652
-0.65 8.51 -1.1 56.14986 -56.72282 -61.30648
-0.71999997 8.45 -1.13 59.58761 -58.441692 -60.160564
-0.48 7.91 -1.9 69.32789 -65.317184 -58.441692
-1.31 7.27 -2.4099998 65.317184 -58.441692 -61.30648
-2.54 7.31 -2.09 62.4524 -56.14986 -59.58761
-2.31 7.12 -2.6 59.58761 -69.32789 -45.263664
-2.9099998 6.95 -3.08 50.420284 -67.03606 -40.107044
-3.1299999 7.0499997 -2.6499999 44.69071 -62.4524 -37.815212
-2.8 7.02 -2.3999999 44.11775 -69.900856 -25.7831
-2.51 6.97 -3.31 46.40958 -71.61973 -24.064226
-2.56 6.79 -3.4299998 45.263664 -72.19268 -24.064226
-3.25 6.6299996 -3.07 30.366762 -66.463104 -22.91831
-3.6499999 6.7 -2.25 22.91831 -65.317184 -18.907606
-3.6699998 6.7999997 -2.35 21.199438 -68.75493 -12.032113
-3.87 6.6499996 -2.19 17.761692 -64.74423 -5.7295775
-4.0099998 6.62 -1.61 13.750987 -63.02536 -2.291831
-4.64 6.68 -0.32 11.459155 -60.160564 8.594366
-4.21 7.04 -0.76 33.231552 -63.598316 21.199438
-3.4099998 6.6299996 -2.55 60.160564 -79.641136 29.793804
-3.49 6.72 -3.04 64.17127 -86.516624 24.064226
-4.14 7.14 -1.89 46.40958 -79.641136 25.210142
-3.86 7.2599998 -1.4699999 36.09634 -75.057465 34.377464
-3.56 7.22 -1.6999999 37.815212 -73.91155 38.961132
-3.35 8.03 -2.78 44.11775 -69.32789 43.544792
-2.83 8.01 -3.0 36.669296 -68.75493 44.11775
-2.84 8.15 -2.8999999 20.62648 -64.17127 44.69071
-2.1 8.349999 -2.29 5.7295775 -57.29578 45.263664
-1.87 7.97 -2.4199998 0.0 -55.576904 45.263664
-2.33 7.97 -2.1399999 -21.772396 -41.825916 37.815212
-3.04 8.09 -0.16 -26.929016 -36.669296 36.09634
-1.87 8.139999 0.0 -25.7831 -38.38817 41.825916
-0.93 8.11 -1.5699999 -12.605071 -42.398876 48.701412
-2.37 7.77 -1.2099999 -8.594366 -37.242256 39.53409
-2.03 8.63 -0.97999996 -10.31324 -19.480566 44.11775
-1.4399999 8.7699995 -0.96 -10.886198 -22.91831 48.128452
-0.78999996 8.61 -1.22 -10.886198 -26.929016 51.5662
-0.65999997 8.45 -1.43 -22.345354 -22.345354 48.128452
-2.11 8.84 0.17999999 -36.669296 -12.032113 37.815212
-2.1 9.23 0.53999996 -36.669296 -16.042818 41.825916
-0.32 9.25 -0.59999996 -25.210142 -26.356058 55.576904
0.17999999 9.26 -1.1899999 -33.231552 -21.772396 53.858032
-0.76 9.46 0.62 -50.420284 -8.021409 37.815212
-1.2099999 9.54 1.23 -44.11775 -14.323945 36.09634
0.089999996 9.26 0.37 -30.939718 -19.480566 46.40958
0.099999994 9.19 -0.14999999 -35.523384 -19.480566 47.555496
-0.77 9.59 1.02 -41.25296 -13.178029 44.69071
-0.21 9.84 1.74 -42.398876 -10.31324 48.701412
1.91 10.07 0.85999995 -26.929016 -25.210142 57.29578
1.4699999 10.309999 -0.68 -18.334648 -28.07493 52.139156
-0.049999997 10.65 0.68 -36.669296 -6.8754935 37.815212
0.65 10.82 2.01 -52.712116 -6.8754935 37.815212
1.75 10.719999 1.24 -46.40958 -17.761692 45.263664
0.94 11.17 1.36 -45.263664 -12.032113 37.242256
0.83 11.13 2.47 -49.84733 -6.3025355 33.231552
1.4499999 11.49 2.82 -38.38817 -15.469859 36.669296
1.79 11.67 1.9599999 -19.480566 -23.49127 40.107044
1.39 12.09 1.7099999 -14.896902 -12.605071 36.669296
1.38 12.09 2.1399999 -18.907606 -4.583662 35.523384
2.1 12.34 2.09 -14.896902 -8.594366 36.09634
3.1299999 12.04 1.64 -9.167324 -8.594366 36.09634
2.07 11.84 1.67 -8.594366 -5.15662 23.49127
1.26 11.87 2.23 -6.8754935 0.0 18.334648
2.11 11.889999 1.67 2.291831 -6.3025355 23.49127
3.07 11.509999 0.72999996 5.7295775 -9.167324 25.210142
2.48 11.17 1.15 0.0 -6.3025355 20.053522
1.8499999 11.03 2.1699998 -10.31324 1.1459155 10.886198
1.88 10.889999 2.2 -7.448451 -0.57295775 8.594366
2.2 10.49 1.4599999 4.583662 -4.583662 9.740283
1.99 10.33 1.3299999 9.740283 -2.291831 9.167324
1.79 10.37 1.4499999 7.448451 0.57295775 8.021409
2.4299998 10.67 1.0699999 8.594366 0.0 10.31324
2.6699998 10.639999 0.63 9.740283 -0.57295775 9.167324
2.3799999 10.37 0.24 1.1459155 2.291831 2.291831
1.78 10.139999 1.54 -9.740283 2.8647888 -2.291831
1.88 10.19 1.65 -8.594366 -0.57295775 -0.57295775
2.24 10.08 1.41 -5.15662 -1.1459155 0.0
2.2 10.01 1.25 -1.7188734 2.291831 0.0
1.87 10.0 1.4 -1.1459155 6.8754935 -1.1459155
2.2 10.0 1.1999999 1.1459155 2.291831 -0.57295775
2.28 9.96 0.88 4.0107045 0.0 -0.57295775
2.11 9.78 0.59999996 4.0107045 0.0 -2.291831
1.9499999 9.7 0.97999996 -5.7295775 0.0 -2.8647888
2.1 9.88 0.93 -6.3025355 0.0 -1.7188734
2.23 9.91 0.38 -7.448451 1.1459155 -1.1459155
2.12 9.74 0.75 -16.042818 5.15662 -3.4377468
2.07 9.61 1.5699999 -19.480566 3.4377468 -6.8754935
1.8399999 9.59 1.76 -14.896902 -0.57295775 -10.31324
1.4399999 9.53 1.68 -9.167324 1.1459155 -8.594366
1.4599999 9.45 1.9 -6.3025355 2.8647888 -4.583662
1.78 9.389999 1.9 -0.57295775 2.8647888 0.0
1.73 9.59 1.56 8.021409 4.583662 2.291831
2.1599998 9.719999 0.72999996 16.042818 1.7188734 4.0107045
2.21 9.67 0.24 13.178029 -1.1459155 1.1459155
1.8299999 9.67 0.39999998 2.8647888 -0.57295775 -2.291831
1.73 9.67 1.1999999 -6.8754935 0.0 -1.7188734
2.02 9.63 1.5899999 -6.3025355 -2.291831 0.0
2.05 9.78 1.43 -2.8647888 -3.4377468 0.0
2.09 9.7699995 0.96999997 3.4377468 -2.291831 -1.1459155
1.93 9.78 0.55 2.291831 -1.1459155 -1.7188734
1.74 9.5 1.53 -10.886198 2.291831 -4.0107045
1.6899999 9.38 1.77 -13.178029 3.4377468 -4.0107045
1.6899999 9.5199995 1.7199999 -6.8754935 1.7188734 -1.7188734
1.99 9.7 0.71 8.021409 -4.583662 0.57295775
1.86 9.69 0.84 6.8754935 -4.0107045 0.0
1.63 9.7699995 1.28 -1.1459155 -1.1459155 0.57295775
2.05 9.8 1.5899999 -0.57295775 -4.0107045 2.8647888
2.1399999 9.86 1.3199999 2.8647888 -4.583662 1.1459155
1.86 9.75 1.2099999 0.57295775 -2.291831 -1.1459155
1.7199999 9.69 1.78 -4.583662 -1.1459155 -2.8647888
1.81 9.63 1.93 -5.15662 -1.1459155 -2.291831
1.68 9.54 1.4499999 1.1459155 -0.57295775 -1.7188734
1.65 9.559999 1.4699999 1.7188734 0.0 0.0
1.75 9.58 1.54 1.7188734 0.0 0.57295775
1.8399999 9.679999 1.4499999 2.291831 -0.57295775 1.1459155
1.9799999 9.67 1.3199999 4.583662 0.0 1.1459155
1.73 9.69 0.89 6.3025355 -0.57295775 0.0
1.6999999 9.63 1.1999999 3.4377468 -0.57295775 -1.7188734
1.76 9.63 1.52 -2.8647888 0.0 -0.57295775
1.6899999 9.53 1.3299999 -2.8647888 -2.8647888 -1.1459155
1.55 9.65 1.38 -2.291831 -2.291831 -2.291831
1.64 9.639999 1.56 -4.0107045 0.0 0.0
1.8499999 9.65 1.5699999 -3.4377468 1.1459155 0.57295775
1.88 9.66 1.55 0.0 0.57295775 0.57295775
1.91 9.679999 1.3 1.7188734 0.0 0.0
1.78 9.69 1.15 1.7188734 1.7188734 -0.57295775
1.8 9.69 1.18 0.0 1.1459155 0.0
2.02 9.7 1.3299999 -1.1459155 1.7188734 0.57295775
1.9599999 9.67 1.28 -0.57295775 2.8647888 0.0
2.04 9.639999 1.3199999 -1.1459155 2.8647888 0.0
1.9499999 9.73 1.17 -1.1459155 1.7188734 0.0
1.86 9.809999 1.22 -4.583662 2.8647888 -1.1459155
