1.8220432 9.526819 1.0989721 -4.74859 4.4748898 1.60678
1.9058428 9.577099 1.6017698 -2.7535899 0.51989 7.10178
1.5754328 9.615408 1.977671 -9.40359 3.31989 9.90178
1.4676905 9.682447 1.8938714 -16.403591 7.79989 8.0817795
1.5131817 9.632168 1.2617828 -14.65359 8.394891 2.86678
1.5754328 9.751882 0.679974 13.34641 -1.51011 0.55678004
1.6328955 9.634562 0.5243462 20.59141 -3.36511 0.17177999
1.4581133 9.517242 0.68715686 16.07641 -4.3101096 -0.28322
1.1875603 9.246689 0.89545876 6.41641 -3.7851098 -1.92822
1.0391153 9.1628895 0.9960183 -0.33859 -4.17011 -3.3282201
1.1037607 9.088667 0.85954463 -0.82859004 -6.93511 -2.48822
1.1300977 8.978531 0.7446195 3.2664099 -10.29511 -0.66822004
1.1061549 8.657698 0.9194015 6.62641 -13.30511 1.99178
1.0822122 8.461368 1.2569942 5.68141 -14.60011 4.3017797
1.0558752 7.9992723 1.5275474 2.46141 -14.74011 6.75178
1.324034 7.613794 1.6233183 3.8964102 -19.04511 10.81178
1.0319325 7.355212 1.3407938 11.806411 -29.125113 17.04178
0.50040346 6.902694 1.3934679 21.99141 -39.45011 23.37678
0.6177229 6.691998 2.0375278 28.116411 -37.63011 27.331781
0.90982443 6.7877693 2.4206119 26.40141 -24.645111 32.23178
1.297697 6.8619914 3.11974 23.07641 -23.24511 44.90178
2.0518935 6.9840994 5.3440213 20.241411 -29.82511 55.681778
3.1580484 7.8723755 6.9003 9.67141 -35.53011 62.191776
3.5554981 8.300951 7.3743663 -3.62859 -32.48511 67.58178
3.2921278 8.051947 7.860404 -3.20859 -21.005112 72.76178
3.4549387 8.320105 8.27222 5.50641 -0.35511 76.75178
4.5491223 8.633755 7.5036573 16.28641 50.98989 82.10678
5.6959796 9.3280945 8.281796 19.12141 77.16989 97.01678
7.127756 9.63935 9.636956 9.88141 102.12489 111.22678
7.922655 9.617802 9.72315 9.076409 117.454895 119.87177
7.989695 9.308941 7.283384 47.191414 125.43489 113.92178
9.225141 9.809344 6.2275085 100.39141 126.344894 100.16678
10.26665 10.850853 7.1780357 118.3464 128.5499 92.25678
11.315343 11.758284 8.4230585 98.53641 147.4849 89.24677
13.144568 11.779832 5.8252707 96.36641 173.5599 85.99178
13.814965 11.583502 2.7558103 138.61142 177.7249 75.45678
11.933065 11.008876 2.9234095 167.52141 173.7349 47.66678
11.336891 10.393547 3.6512692 146.69641 180.38489 16.13178
11.643358 10.26665 2.2769554 119.151405 196.65988 7.45178
12.780639 11.229149 -0.026337024 154.46642 173.0349 11.05678
13.228369 10.771842 -1.2546 160.27641 145.27989 -0.66822004
11.959403 9.567522 -1.8076775 140.11641 135.51491 -17.468222
11.463788 8.992896 -1.8292259 116.7014 130.2649 -19.95322
12.972181 9.071907 -1.9441512 99.271416 113.91989 -7.52822
14.777464 8.56911 -2.6169424 87.30141 99.84989 1.5717801
14.676905 8.207574 -2.482863 82.43641 92.42989 -15.89322
13.180483 7.637737 -2.3583608 85.37641 92.00989 -49.45822
12.660925 7.4030976 -3.2562137 99.096405 83.25989 -67.623215
12.474172 6.818895 -4.8148866 113.97141 69.399895 -69.61822
11.76786 6.4573593 -4.850801 117.01641 58.23489 -74.16822
11.348863 6.811712 -4.1588554 111.66141 43.88489 -84.70322
11.667301 6.411868 -4.192375 107.07641 29.84989 -90.758224
12.239532 6.1892004 -4.929812 103.22641 22.079891 -91.63322
11.363228 5.870762 -5.4254265 97.10141 16.54989 -98.52822
9.821315 5.751048 -4.908263 85.34141 10.73989 -113.43822
8.935433 5.6145744 -4.8292522 79.00641 -2.00011 -127.858215
8.55235 5.5906315 -5.2650104 82.261406 -20.13011 -134.36823
8.492493 5.516409 -6.0072355 84.99141 -34.02511 -131.18323
7.620977 5.133325 -6.7063637 84.11641 -41.865112 -127.78822
5.9641385 5.0591025 -6.134132 78.55141 -51.14011 -133.94823
4.905869 4.417437 -5.2650104 68.08641 -67.83511 -143.67822
3.790137 4.4389853 -4.764607 61.36641 -89.18511 -141.99821
3.1173458 4.417437 -4.5012364 59.26641 -104.41011 -133.77322
2.4948344 3.849994 -4.5682764 62.48641 -112.77511 -123.90322
1.5778271 3.806897 -3.8452053 67.45641 -125.30512 -114.80323
0.51716334 3.859571 -3.1556542 70.01141 -143.33011 -111.09322
-0.29928434 3.6608462 -3.2610023 78.86641 -159.1851 -103.35822
-0.888276 3.7326744 -3.040729 97.24141 -172.94011 -89.35822
-1.1660118 4.0391417 -3.1676257 115.72141 -190.61511 -76.79322
-1.8435916 4.3791285 -4.2809634 130.66641 -204.9301 -63.318222
-2.0806248 4.7550297 -4.7885494 138.5414 -203.18011 -46.76322
-1.9106313 4.7717896 -4.9417834 130.94641 -198.31511 -29.473219
-1.8507744 4.410254 -4.103787 111.13641 -196.04012 -15.263219
-2.4589202 4.182798 -3.5842295 87.651405 -195.58511 -10.60822
-3.5866237 3.859571 -3.213117 71.271416 -192.54013 -13.96822
-4.189981 3.7590115 -2.796513 63.536407 -186.06511 -19.078218
-4.3958883 3.562681 -2.7510219 60.631413 -183.75513 -15.648221
-4.436591 3.232271 -2.5594797 67.45641 -188.02512 -2.59322
-4.189981 3.6704233 -2.030345 68.57641 -188.3401 9.06178
-3.8547823 3.6536634 -2.317658 68.50642 -184.0001 25.82678
-4.2139235 4.1325183 -2.0399222 60.001408 -176.2301 37.726784
-4.1157584 4.5946136 -1.0055954 45.33641 -170.8751 43.71178
-3.294522 4.5682764 -0.0670397 36.30641 -176.65012 49.521782
-2.8515813 4.860378 0.31125572 40.50641 -181.48012 56.03178
-3.4884584 5.4230323 0.05027977 50.236412 -170.7351 57.78178
-3.5770466 5.0375543 -0.03351985 53.84141 -150.0151 53.26678
-3.3328304 4.580248 0.66321415 54.26141 -145.15012 50.081783
-3.5315554 5.0399485 1.3862851 57.62141 -156.8051 50.85178
-3.3208592 4.40786 1.2330515 62.626415 -160.86511 48.75178
-4.0391417 3.7494342 0.9433443 59.26641 -142.91011 43.01178
-3.2514253 3.4333901 1.359948 47.646408 -120.79011 49.87178
-1.4078336 2.2003386 2.2458298 34.31141 -124.67512 69.64678
-3.5674694 1.8771114 2.4780743 24.686409 -138.04512 72.16678
-6.4334164 3.0886145 3.8954852 25.281408 -126.70512 57.36178
-3.1676257 3.5650752 5.1644506 33.576412 -117.3951 71.15178
0.66321415 4.8819265 5.394301 49.116413 -139.69011 121.271774
0.25858167 7.47732 5.1285367 64.27141 -151.62512 150.6368
-0.38068968 8.080677 4.932206 69.73141 -118.165115 143.25179
1.6783867 8.303345 4.5060253 72.25141 -84.320114 134.78177
3.9361877 8.686429 4.932206 68.05141 -94.22511 140.8718
2.0255566 8.7822 5.734288 40.856407 -102.20511 133.73177
-2.0447106 8.56911 8.135746 -2.26359 -60.975105 116.266785
0.4836435 8.20518 8.224334 -12.20359 8.11489 112.48678
4.7981267 8.834874 5.6409116 36.69141 -4.3451104 127.29178
4.2570205 9.984126 2.760599 96.08641 -56.74011 141.08177
0.77574503 10.513261 4.886715 92.971405 -44.80511 126.66177
2.0662591 9.727939 4.6640472 49.71141 31.389889 115.25178
6.589044 9.004868 2.9162266 45.19641 55.574894 125.99677
5.4230323 10.10384 2.578634 56.32641 14.44989 130.5118
3.172414 11.233937 5.1692395 26.156408 0.90489006 114.55179
4.7334814 10.896344 4.661653 -14.96859 51.16489 112.556786
6.301731 11.693638 2.49244 -4.67859 68.314896 121.55178
5.4924664 12.036019 3.0239692 8.20141 41.92489 102.82678
5.3081074 11.576319 5.480495 -21.61859 58.969894 92.08178
7.168459 11.997711 6.572284 -17.34859 65.09489 95.266785
8.672064 13.163723 4.8484063 23.28641 72.79489 100.62178
8.25546 14.29382 2.176396 58.84641 84.904884 93.76179
7.9753294 14.583528 0.7733508 63.501408 93.759895 75.42178
8.176449 14.380014 0.7829279 43.41141 94.38989 60.371784
8.102226 14.451842 1.3360053 16.531408 97.469894 52.111782
8.066312 14.188473 0.9194015 1.02641 108.17989 43.71178
7.8627987 13.5922985 0.29928434 3.0214102 110.31489 34.15678
7.0535336 13.134992 -0.5027977 7.7464104 104.85489 23.86678
6.639324 12.280235 -0.7326481 5.43641 105.83489 16.55178
6.438205 11.734341 -0.062251143 -1.94859 104.29488 11.931781
5.523592 11.590684 0.21309046 0.53641 97.4349 7.1717796
5.0399485 11.674484 -1.23784 24.616411 96.52489 4.37178
5.748654 11.78462 -3.2466366 65.42641 99.63989 4.44178
6.342434 11.272245 -4.7598186 94.721405 84.58989 -2.34822
5.054314 10.807756 -3.790137 84.04642 57.18489 -18.063221
4.1564612 11.138166 -2.49244 41.17141 51.51489 -28.49322
4.4844766 10.728745 -2.5235655 13.171411 83.084885 -24.188221
4.5012364 10.348056 -3.8739367 32.87641 89.1749 -25.273222
4.2474437 10.000886 -4.338426 62.66141 54.69989 -37.033222
3.9840732 9.44302 -3.2083282 53.70141 36.884888 -41.40822
3.2179053 9.177256 -0.9505271 15.41141 45.17989 -36.54322
3.0718546 8.794171 0.105348095 -8.63359 67.26489 -32.02822
3.6991546 8.746285 -0.51955765 3.75641 77.16989 -25.72822
3.694366 8.875577 -2.8491871 40.26141 71.81489 -18.37822
3.0790374 8.868394 -4.2402606 78.55141 65.68989 -23.313221
2.5714512 8.621783 -4.5515165 90.03142 50.814888 -34.303223
1.8507744 8.181237 -3.605778 64.06141 40.38489 -36.08822
1.5036045 8.075889 -2.360755 23.811409 40.27989 -31.293222
1.472479 8.269825 -1.6520497 -1.77359 35.69489 -24.46822
2.056682 8.614601 -2.4613144 4.0014105 25.75489 -19.25322
2.0686533 8.789383 -2.8898897 24.75641 7.6598907 -15.29822
1.9465454 8.985713 -2.2673783 29.62141 -7.2151103 -11.588221
1.6424725 9.055147 -0.88109314 10.16141 -7.2851095 -6.68822
2.5499027 9.239507 -0.65124273 -13.32359 1.00989 0.48678002
3.2250881 9.196409 -0.9696813 -17.59359 7.93989 8.78178
2.2601955 9.366403 -0.49800915 -3.62859 -7.2851095 1.5717801
1.8292259 9.423865 -0.32801566 -3.27859 -5.22011 -1.75322
2.2410412 9.462174 -0.38068968 -2.6135902 -2.28011 4.89678
2.9138324 9.663293 -0.45491222 -3.7335896 0.62489 10.496779
3.0886145 9.730332 -0.22506183 -6.70859 -1.0901101 9.13178
2.638491 9.797373 0.16759923 -7.72359 -5.11511 1.99178
2.1380875 9.538791 0.09577099 -3.1385899 -5.0101104 -2.97822
2.0710478 9.423865 -0.2944958 3.6864102 -1.0901101 -2.06822
2.875524 9.656111 -0.75180227 6.03141 1.6398901 3.81178
3.0024207 9.694419 -0.43096948 -0.19859001 -0.39011 6.43678
2.4182177 9.5483675 -0.026337024 -7.47859 -0.42511 0.41678002
2.0806248 9.431048 -0.17717634 -4.57359 0.44989 -4.2032204
2.5810282 9.538791 -0.7877164 3.86141 -1.40511 -1.6482201
2.6241252 9.534002 -0.60335726 4.3164096 -3.2251098 1.7117801
2.2841382 9.457385 -0.16041641 -2.64859 -1.9651101 0.20678
2.516383 9.502876 -0.27294734 -4.15359 0.34489 -0.77322006
2.4349775 9.581888 -0.66800267 1.16641 -2.00011 -0.45822
2.3463893 9.565128 -0.7446195 3.23141 -4.4501104 -1.61322
2.753416 9.407105 -0.28731298 -3.59359 -3.8201103 0.41678002
2.80609 9.431048 -0.05506832 -11.88859 -3.2251098 2.48178
2.545114 9.469357 0.11253092 -12.37859 -5.15011 -0.24822001
2.5235655 9.323306 0.17238778 -8.14359 -8.54511 -4.3432198
2.2985039 9.232324 0.29928434 -4.67859 -9.52511 -4.97322
2.1452703 9.246689 0.29210153 -2.6835902 -5.50011 -4.41322
2.578634 9.457385 -0.17478207 1.51641 -0.91511005 -2.31322
2.6289136 9.613013 -0.31365 5.96141 0.51989 0.80178
2.3152637 9.57231 -0.031125572 4.03641 0.72989005 0.55678004
2.1117504 9.4932995 0.0 -0.61859 0.86989003 -1.50822
2.3751206 9.591465 -0.25858167 -0.30359 1.39489 -1.0182201
2.9617178 9.699207 -0.43336374 2.18141 0.58989 2.23678
2.4517374 9.615408 0.098165266 -0.51359 -0.81011003 3.28678
2.176396 9.507666 0.18675344 -5.76359 0.79989004 -0.91322
2.3272352 9.440625 -0.11013664 -4.50359 2.61989 -2.59322
2.6241252 9.478934 -0.29210153 1.16641 2.2348902 0.31178
2.6432793 9.505271 -0.27294734 2.81141 2.7598898 1.8517802
2.52596 9.529214 -0.17717634 0.74641 2.3398898 0.87178
2.310475 9.466963 -0.16281068 -0.72359 0.69489 -1.71822
2.3559663 9.404712 -0.2466103 -0.61859 0.65989 -2.20822
2.4684973 9.471751 -0.22027329 -0.93359005 1.53489 -0.38822
2.4996228 9.5483675 -0.11013664 -3.27859 1.21989 0.55678004
2.4349775 9.478934 -0.08619389 -4.0485897 -0.21511 -0.14321999
2.2458298 9.387952 -0.014365649 -4.29359 1.39489 -0.07322
2.2530127 9.342461 -0.08858817 -2.5085902 2.7598898 1.15178
2.5738454 9.462174 -0.12689656 -0.51359 1.6398901 3.1817803
2.6624336 9.569917 -0.14126222 -0.61859 0.72989005 3.25178
2.5092 9.593859 -0.14365649 -1.2135899 0.93988997 1.1867801
2.4493432 9.536397 -0.08619389 -1.31859 0.72989005 -0.24822001
2.3823035 9.390346 -0.043096945 -1.4585901 0.72989005 -0.17822
