2.6744049 9.373586 0.88588166 1.293915 -2.4126549 2.48752
2.5858169 9.407105 1.1731946 -2.766085 -6.927655 3.7825198
2.126116 9.452597 1.5227587 -5.986085 -6.997655 0.21252
1.8148603 9.519637 1.1923488 -2.836085 0.282345 -2.72748
2.0279508 9.301758 1.1013664 3.1839151 2.557345 -0.27748
2.1979442 9.445415 0.8834874 6.788915 -1.3276551 1.29752
2.4158232 9.514848 0.8547561 7.068915 -3.3226552 1.99752
2.4900458 9.641745 0.8930645 5.1439147 -3.5326552 2.7675202
2.360755 9.636956 0.77574503 3.7439148 -3.357655 1.2625201
2.2242813 9.486116 0.8092649 2.833915 -3.8826551 -0.66248
2.2937152 9.450203 1.036721 -0.21108499 -3.987655 -0.59248
2.3056867 9.421472 1.2546 -3.326085 -3.5326552 0.66752
2.466103 9.545974 1.1875603 -2.5210853 -3.2876549 1.4025201
2.3320236 9.534002 0.9194015 2.588915 -4.267655 1.50752
2.238647 9.581888 0.7901107 7.2089157 -5.037655 -0.20748
2.2745612 9.452597 0.8140534 7.033915 -5.5976553 -0.83747995
2.2362528 9.404712 0.9505271 3.8489149 -4.4426546 0.17752
2.1931558 9.308941 1.0750294 2.343915 -3.2876549 1.4725201
2.3392065 9.244295 1.0941836 5.248915 -5.282655 2.3825197
2.3775148 9.126976 1.0702409 10.393914 -9.202656 3.43252
2.281744 8.952193 1.1085492 14.663914 -12.142654 4.69252
2.0327394 8.655303 1.462902 14.6989155 -10.602654 5.95252
1.8483802 8.277008 2.0686533 9.623915 -6.017655 8.857521
2.011191 8.157294 2.9665065 3.463915 -2.167655 14.142521
3.050306 8.133351 3.6823947 -0.036085 -2.797655 20.792522
3.0119977 8.767835 3.962525 2.168915 -4.862655 25.97252
2.7845416 9.131764 4.63771 4.8289146 -5.317655 25.41252
3.3256476 9.153313 6.1700463 -4.901085 -2.517655 24.71252
3.4262073 9.447808 6.3759537 -19.251085 12.427344 27.58252
3.5267668 10.055954 5.897099 -15.191085 32.272343 28.107521
3.3352249 9.814133 5.2697988 1.1889149 43.297344 25.482521
2.8372157 9.215564 5.583449 9.658915 49.247345 21.422522
2.8372157 8.336864 5.9378014 -1.0860851 64.43734 23.10252
3.2035396 7.989695 5.5738716 -0.52608496 72.802345 33.147522
3.4094474 8.499676 5.4302154 6.788915 79.59235 42.387524
3.8930907 8.324894 5.2745876 17.463917 84.49235 49.38752
3.9050622 8.348836 4.3695517 34.788914 86.34734 51.24252
4.024776 9.387952 3.5267668 50.468918 88.48234 52.81752
5.097411 9.888355 3.215511 50.258915 91.107346 55.09252
5.3895125 9.591465 3.3639562 38.358917 97.47735 49.31752
4.529968 10.216371 3.6728175 30.553915 105.07234 38.64252
4.807704 11.205206 3.7709827 33.388916 108.04735 39.342518
6.8452315 12.019259 3.354379 42.313915 104.09235 48.37252
7.7239304 12.311361 3.1939626 51.13392 98.94735 50.75252
8.063917 12.617828 2.9305923 60.96891 92.01735 41.16252
8.727132 12.701628 1.5299416 67.02392 86.067345 26.95252
9.356826 11.877997 1.5131817 53.513912 91.912346 13.932521
8.930645 10.762265 3.4214187 17.953915 110.637344 5.95252
7.8723755 10.436644 3.7422516 -1.8910851 118.61734 -0.55748
8.430242 10.355239 1.525153 14.243915 110.77735 1.9625201
9.25866 9.234718 0.24900457 29.993916 101.25734 15.717521
7.8963184 9.821315 2.1332989 10.428915 97.96735 23.802519
9.012051 10.237919 3.275368 -25.026087 91.00235 19.28752
11.696033 9.047964 2.875524 -42.316086 78.89235 28.107521
11.001693 8.964165 3.3040993 -48.196087 93.802345 32.65752
9.955395 9.852441 3.2729738 -41.791084 138.46234 14.142521
10.388759 10.230737 1.036721 -3.221085 163.38234 -6.96248
10.336084 10.410307 -2.7582045 64.083916 148.61234 -16.202478
9.591465 10.99451 -5.255433 125.193924 119.28234 -29.50248
8.983319 11.411114 -5.734288 141.85391 92.89235 -54.98248
7.9753294 11.576319 -4.702356 109.93391 82.63735 -75.77248
7.5276 11.303371 -3.9098508 68.73892 81.02734 -85.74748
7.1229677 10.793391 -3.675212 47.808914 75.567345 -92.81748
6.8691745 10.462981 -3.3495905 47.738914 60.72734 -99.78248
7.1756415 9.897932 -3.6871831 53.303917 39.272346 -107.09747
7.091842 9.076695 -4.087027 55.263916 21.072344 -112.032486
5.956956 8.219545 -3.2801564 49.208916 16.907345 -113.852486
4.80531 7.702382 -2.5762396 35.173916 13.022346 -119.03248
3.8356283 6.924243 -2.5139885 37.973915 -8.852655 -131.73747
2.8946784 5.9282246 -2.4277947 54.213913 -25.792656 -128.62248
1.7789462 5.5571117 -2.0902019 67.23392 -41.192657 -125.507484
1.1971374 5.375147 -2.2242813 81.30392 -53.372654 -124.03749
0.7781393 5.296136 -2.954535 102.05892 -68.73765 -122.00749
0.076616794 5.4326096 -3.2035396 123.44391 -91.87266 -118.71748
-0.5985687 5.619363 -3.5267668 136.84892 -119.10265 -114.51749
-1.1109436 6.2706056 -3.4429672 134.36392 -140.73267 -106.25748
-0.7877164 6.751855 -3.1580484 118.15893 -150.28766 -89.21248
-0.031125572 6.4621477 -2.832427 96.598915 -155.53766 -72.27248
-0.43096948 6.342434 -1.5802214 73.60391 -159.24767 -68.17748
-1.2474172 6.193989 -0.7853221 58.483917 -159.24767 -71.50249
-2.2099156 6.079064 -0.3328042 56.173916 -162.15265 -70.87248
-2.432583 5.8851275 -0.37829542 60.86392 -162.39764 -66.11248
-2.1548474 5.4733124 -0.49082634 62.78891 -161.10265 -58.692486
-2.4780743 5.2290964 0.011971374 57.78392 -157.77766 -50.71248
-3.4094474 5.444581 1.0989721 50.95892 -152.38765 -44.48248
-3.572258 5.3703585 1.3264283 53.968914 -151.05765 -38.18248
-3.294522 5.176422 0.67279124 70.90891 -155.78265 -30.377481
-3.5435266 6.0886407 0.2753416 87.28892 -159.80766 -22.222479
-3.1652312 6.8428373 0.6249057 88.44392 -157.63765 -11.09248
-2.2003386 6.5220046 0.84996754 81.75891 -152.77266 2.8725202
-1.9824595 5.5020437 1.3072741 76.26391 -150.63765 3.99252
-2.779753 4.800521 0.723071 75.35392 -147.45267 -10.427481
-4.209135 4.3911 0.35914123 79.58891 -134.64265 -27.297482
-5.3966956 4.7143273 0.9385557 72.20392 -116.19766 -29.677479
-5.2482505 4.747847 1.3838909 58.90391 -111.15766 -16.23748
-4.285752 4.6281333 2.2769554 50.398914 -128.69266 3.08252
-3.5770466 4.740664 3.5411325 38.638916 -152.35266 17.187521
-3.4429672 5.4110613 4.0559015 27.858915 -155.81767 29.472519
-2.8180614 5.854002 3.8236568 27.718916 -141.81766 43.08752
-1.3862851 5.521198 3.9888618 33.353912 -122.39266 54.35752
-1.5179702 5.3464155 4.245049 38.918915 -108.14766 51.31252
-3.397476 5.751048 3.842811 47.633915 -104.22765 30.59252
-5.027977 5.774991 3.1388943 59.008923 -94.60265 18.37752
-4.9417834 5.320079 4.4461684 61.143913 -69.542656 28.77252
-3.8380225 5.643306 5.7989335 42.803917 -61.982655 39.972523
-2.004008 7.5299945 4.2115293 38.218914 -76.26266 59.57252
-1.3120626 8.784595 2.6552508 66.14891 -87.392654 98.45753
-0.4668836 8.336864 2.5475085 77.69891 -64.712654 111.79252
-0.37111259 8.638543 3.318465 49.488914 -49.872654 99.26252
-0.42618093 9.395134 3.1484714 33.63392 -42.032654 100.627525
-0.35674694 9.385557 3.2538195 22.853916 -29.817656 102.37752
-0.19154198 9.234718 4.652076 11.093915 -23.307655 98.10753
0.071828246 10.024829 5.1716337 11.828916 -27.822657 101.29253
0.5794145 11.253092 4.4270144 26.703915 -29.187656 109.237526
1.2617828 11.81814 4.0989985 37.693916 -12.737656 107.66251
1.8603516 11.887574 4.022382 38.918915 8.962344 93.73252
2.3248408 12.189253 3.093403 42.698914 19.252344 83.30252
1.6065584 12.3257265 2.1979442 38.918915 23.942343 76.54752
0.85236186 12.220379 2.803696 14.593915 40.812347 67.37752
1.6568382 11.614627 3.7638 -13.651085 57.577347 64.717514
2.7989073 11.348863 4.120547 -23.346085 56.457348 66.60752
3.318465 10.745505 3.4980354 -16.206085 53.132347 64.33252
2.4948344 10.427067 3.265791 -9.8010845 58.872345 55.82752
2.0159793 10.398335 3.459727 -14.421085 67.86735 50.96252
2.5499027 10.7048025 3.0287576 -15.646085 78.57735 56.87752
3.0886145 11.135772 2.0878077 -5.881085 83.582344 61.88252
3.624932 11.34168 1.5443072 3.7089152 82.63735 60.902515
3.7183087 11.686456 0.818842 6.928915 78.64735 53.62252
3.4309957 11.8061695 0.12450229 7.7689157 77.45735 50.15752
3.213117 11.954614 0.3902668 -0.281085 79.55735 49.002518
3.7877429 12.016866 0.5698374 -13.161085 80.18734 46.48252
4.640105 12.033626 0.43096948 -19.391087 73.43235 47.56752
3.7494342 12.177281 0.098165266 -19.356085 68.95235 47.252518
3.3424077 12.318543 0.20590763 -19.706085 70.07234 40.56752
4.2043467 12.677685 0.13886794 -21.561085 72.662346 36.96252
4.8819265 12.739936 -0.19393626 -19.426085 68.49735 36.892517
4.4725056 12.014471 -0.16520496 -14.106085 65.38235 32.30752
3.79732 11.231544 0.60335726 -12.811085 62.792347 19.987518
3.6512692 10.7479 1.3144568 -16.696087 58.76735 10.81752
3.5147953 10.601849 1.6041641 -17.291084 57.577347 11.09752
3.4214187 10.31693 1.0558752 -8.156085 62.127346 13.932521
3.6728175 10.690437 -0.117319465 14.313915 65.97735 13.162519
3.8045027 10.915499 -1.3383996 38.84892 58.90734 10.7475195
3.6369035 10.707197 -2.1189332 51.13392 49.98235 8.82252
3.0981915 10.3193245 -1.7717633 46.373913 46.48234 4.41252
2.7151077 9.962578 -0.8547561 26.878916 43.052345 -1.9924802
2.5858169 10.005674 -0.22506183 -4.306085 35.807346 -1.8874801
3.265791 10.010463 -0.5961744 1.468915 35.982346 4.4475203
3.301705 9.73991 -0.68715686 12.143916 28.947346 4.37752
2.743839 9.672871 -0.8092649 19.283916 17.607346 -4.26748
2.8515813 9.897932 -0.84039044 17.883917 13.862345 -4.47748
2.9928436 10.166091 -1.0223553 13.228915 15.367347 0.91252
3.294522 9.732727 -1.3934679 10.078915 16.032345 1.8575201
2.7222905 9.4932995 -0.38547826 -1.7510849 7.212345 -2.41248
2.8276386 9.5483675 0.6249057 -21.841085 3.887345 -6.12248
2.9569294 9.340066 1.1396748 -31.221085 11.622346 -1.9924802
2.5929997 8.940222 1.6496553 -25.411085 13.337345 -0.87248
2.3056867 8.873182 1.9537282 -13.056085 5.147345 -5.2824802
2.5762396 9.110215 1.6352897 1.5039151 1.4023451 -3.9874802
2.9090438 9.323306 0.88588166 14.873915 1.227345 2.1725202
2.743839 9.170073 0.76137936 19.003914 0.14234501 2.5225198
2.49244 9.122187 1.0079896 12.808915 -0.34765503 -1.15248
2.4684973 9.160496 1.1492519 6.193915 -1.432655 -2.5874798
2.569057 9.148524 1.0558752 3.883915 -2.9026551 -1.04748
2.700742 9.1628895 1.297697 2.098915 -2.727655 0.84252
2.5283542 9.12937 1.5203645 -1.261085 -3.4626548 0.56252
2.5211713 9.270632 1.5993756 -1.506085 -4.897655 -1.36248
2.5714512 9.256267 1.3120626 1.328915 -4.4076552 -0.55748
2.5594797 9.311335 1.1708003 5.5289154 -3.987655 0.80752
2.5475085 9.273026 1.4150164 4.8989153 -3.9176548 0.9825199
2.5666625 9.244295 1.5850099 1.1189151 -3.1126552 1.8225201
2.5211713 9.308941 1.2833313 1.7489151 -2.027655 3.2225199
2.631308 9.352037 0.9337672 6.928915 -1.852655 5.0775204
2.6791935 9.356826 0.89545876 9.553915 -3.1126552 5.84752
2.760599 9.3831625 0.89067024 6.403915 -4.967655 5.0075197
2.5020173 9.356826 0.8571504 1.818915 -4.6526546 4.20252
2.5115943 9.28021 1.2138973 -2.2060852 -3.3926551 3.2225199
2.7462332 9.356826 1.6568382 -9.661086 -2.2026548 2.03252
2.9138324 9.44302 1.786129 -14.876085 -1.677655 3.36252
2.971295 9.399923 1.6927522 -11.341085 -3.3226552 4.23752
2.6528566 9.347249 1.5562786 -4.306085 -5.072655 2.66252
2.762993 9.287392 1.4676905 1.153915 -5.352655 -0.06748
2.8827069 9.469357 1.4413534 1.9589151 -3.9526553 0.56252
2.7558103 9.284998 1.3958622 0.383915 -0.34765503 1.99752
2.7725701 9.373586 1.3934679 0.48891497 0.037345003 0.28252003
2.770176 9.380769 1.3120626 1.9239151 -2.342655 -0.10248
2.6624336 9.4142885 1.1636176 3.043915 -2.482655 -0.38248
2.7390504 9.378374 1.175589 1.2239151 -1.117655 0.66752
2.9066496 9.543579 1.3551595 -2.4860852 -0.277655 1.4025201
2.875524 9.598648 1.1708003 -3.046085 -1.082655 0.42252
2.8300328 9.522031 0.8786988 -1.8910851 -1.957655 -1.29248
2.901861 9.332883 1.1277034 -5.461085 -2.482655 -1.71248
2.640885 9.225141 2.004008 -12.601085 -2.342655 -2.69248
2.6001825 9.227535 2.0255566 -12.671085 -0.66265506 -3.70748
2.80609 9.287392 1.7023294 -3.7460847 0.562345 -1.5374801
2.6791935 9.177256 1.3838909 4.3389153 -0.137655 -0.38248
2.569057 9.1628895 1.3383996 7.243915 -0.59265506 -1.3274801
2.6217308 9.268238 1.3479767 5.668915 0.14234501 -0.24247998
2.7294734 9.411894 1.23784 3.8489149 0.842345 1.29752
2.8396099 9.364009 1.0774237 3.393915 0.177345 1.57752
2.8013015 9.332883 1.175589 1.8539151 -0.55765504 1.1225201
2.6289136 9.361614 1.4174107 -1.6810851 -1.782655 -0.38248
2.6337023 9.347249 1.5802214 -4.166085 -2.552655 -1.01248
2.7725701 9.268238 1.5826156 -4.2710853 -1.3626549 0.49252003
2.8108785 9.311335 1.525153 -2.2060852 0.14234501 1.3675201
