1.41 9.16 0.35999998 22.345354 5.7295775 -25.210142
0.57 9.08 -0.65 5.7295775 -23.49127 -22.345354
-0.01 8.429999 -0.59999996 -4.0107045 -40.680004 -14.323945
-0.39999998 7.8199997 0.099999994 -7.448451 -38.961132 -5.15662
-0.65 7.71 0.32 -2.291831 -22.345354 -1.1459155
0.25 7.02 0.13 1.1459155 -12.032113 -7.448451
-0.14 6.35 0.13 7.448451 -18.334648 -6.8754935
-0.87 4.5099998 -0.62 4.0107045 -24.637184 0.0
-0.90999997 3.47 -0.89 -6.3025355 -26.356058 9.740283
-0.76 2.45 -0.9 -20.62648 -27.501974 19.480566
-0.93 1.68 -0.42 -36.09634 -30.366762 30.366762
-1.14 1.1 0.22999999 -51.5662 -33.231552 42.398876
-0.90999997 0.08 1.23 -58.441692 -34.950428 64.74423
-1.27 -0.85999995 2.28 -43.544792 -48.701412 93.96508
-1.36 -0.5 3.8799999 -23.49127 -59.014652 130.06142
0.96999997 0.03 3.9199998 -30.939718 -40.107044 150.11493
4.02 -0.84999996 2.01 -75.057465 -4.0107045 155.27156
3.6399999 0.24 6.89 -112.87268 -37.242256 189.07607
5.6099997 0.81 9.26 -97.97578 -41.825916 220.58875
9.74 0.52 8.889999 -84.22479 4.0107045 212.56734
10.7 1.06 8.88 -88.2355 6.8754935 199.38931
10.719999 2.72 12.57 -70.47381 -44.69071 207.41072
13.5 2.27 14.88 -1.1459155 -30.366762 199.96227
18.69 3.6 15.12 9.740283 23.49127 158.7093
19.689999 4.83 14.03 -4.0107045 19.480566 135.21803
13.58 5.93 17.69 55.576904 -12.032113 159.28227
9.91 6.14 21.369999 167.87662 57.868736 198.81636
12.84 8.79 18.38 215.43213 142.09354 198.2434
19.77 13.559999 9.88 207.41072 153.55267 173.03325
22.21 16.43 9.25 218.86987 151.26085 140.94762
24.13 18.32 6.0899997 203.40001 196.52452 85.94367
23.0 19.34 3.56 165.01184 224.02649 54.43099
22.25 19.33 3.56 155.27156 208.55663 31.51268
22.65 18.74 4.3399997 206.2648 173.60622 -36.669296
23.07 17.13 2.22 211.99437 164.43887 -90.52733
21.789999 14.599999 -0.79999995 170.16847 142.66649 -122.61296
18.66 12.429999 -0.74 135.79099 127.76959 -131.78029
18.119999 11.0199995 1.15 112.87268 120.89409 -146.10423
18.75 8.97 1.01 81.36001 116.31043 -159.85522
15.42 4.99 1.9599999 71.04677 106.57015 -161.00114
14.2 4.37 2.44 105.997185 93.96508 -159.28227
13.36 4.06 0.84 134.64508 74.48451 -158.7093
12.66 3.49 -0.78 136.36395 55.00395 -162.14705
10.54 2.96 -1.51 125.47776 43.544792 -157.5634
8.73 2.99 -1.48 126.62367 20.053522 -138.65578
7.29 3.1799998 -2.21 131.20734 -12.605071 -127.19663
7.18 3.04 -3.34 123.75887 -42.398876 -122.04
6.14 2.75 -3.8 111.72677 -55.576904 -114.59156
4.37 2.62 -2.8899999 108.86198 -65.317184 -97.402824
4.0 2.6399999 -2.44 105.42423 -75.630424 -81.93296
4.0899997 3.7099998 -3.1599998 87.089584 -117.456345 -80.21409
3.1899998 3.4399998 -2.51 80.21409 -131.20734 -80.78705
2.07 3.1399999 -2.03 78.49522 -133.49916 -72.76564
1.63 3.24 -2.1299999 72.76564 -139.22873 -62.4524
0.93 3.24 -2.61 58.441692 -142.66649 -49.84733
0.81 3.28 -2.27 36.669296 -148.96902 -33.231552
0.95 3.25 -1.66 29.220846 -156.41748 -28.07493
0.84999996 3.09 -0.95 29.793804 -155.84453 -25.210142
0.14 2.98 -0.78999996 28.64789 -154.12566 -18.907606
-0.34 2.6599998 -0.87 24.064226 -162.72002 -8.021409
-0.81 2.4199998 -0.45999998 24.637184 -178.18987 5.15662
-0.76 2.32 0.78 29.220846 -178.76283 16.042818
-0.85999995 2.6299999 1.2099999 28.07493 -170.74142 18.907606
-0.22999999 2.96 1.73 26.356058 -167.30367 17.761692
-1.1 3.21 2.19 28.07493 -162.14705 17.188732
-2.36 3.86 2.74 34.950428 -160.42818 32.085636
-2.59 4.47 2.58 32.658592 -154.12566 65.890144
-1.16 4.91 1.6999999 13.750987 -144.38536 75.057465
-0.55 5.66 1.55 -6.8754935 -131.78029 80.21409
-0.52 6.7799997 2.6499999 -17.188732 -128.34254 83.65183
0.48 7.04 3.61 -26.356058 -115.73747 79.641136
1.14 6.68 2.6799998 -52.139156 -84.22479 74.48451
-0.7 6.77 4.22 -57.868736 -80.78705 93.39212
0.88 6.91 5.52 -28.64789 -109.43494 107.143105
2.3999999 8.05 5.5499997 2.291831 -110.58085 108.86198
3.25 9.79 4.29 11.459155 -82.50592 96.829865
2.97 10.66 2.6799998 -7.448451 -64.74423 88.2355
2.9399998 11.32 2.8999999 -41.25296 -60.160564 80.21409
3.82 11.69 4.41 -45.263664 -42.398876 69.32789
3.76 12.44 5.02 -42.971836 -32.085636 59.58761
3.81 13.049999 5.64 -33.80451 -38.38817 54.43099
3.6 13.65 6.33 -18.334648 -38.38817 50.420284
3.3899999 14.04 6.46 -5.7295775 -28.07493 44.69071
3.0 14.11 5.52 2.8647888 -21.772396 40.680004
3.22 14.04 6.22 18.907606 -25.210142 43.544792
3.24 13.809999 6.2999997 40.107044 -25.210142 44.69071
3.78 13.94 4.92 57.29578 -14.323945 38.38817
4.37 13.49 2.8999999 55.00395 -12.032113 24.064226
3.8 13.09 2.23 43.544792 -5.15662 9.740283
3.4099998 12.73 1.8399999 38.38817 3.4377468 4.583662
3.87 12.309999 0.76 22.91831 5.15662 -5.15662
3.9299998 11.74 -0.08 2.8647888 12.032113 -15.469859
3.3799999 11.259999 -0.06 -8.021409 13.178029 -21.199438
2.47 10.63 0.91999996 -1.1459155 4.0107045 -14.896902
2.4299998 9.679999 1.11 16.615776 -0.57295775 -12.605071
2.29 9.5 0.35 14.896902 0.57295775 -12.605071
2.27 9.41 0.19999999 9.167324 0.0 -12.605071
2.28 9.29 0.08 4.0107045 0.57295775 -14.323945
2.36 9.03 -0.19 -5.7295775 2.8647888 -16.615776
1.88 8.69 0.28 -13.750987 3.4377468 -16.615776
1.4499999 8.45 1.1899999 -6.8754935 0.57295775 -9.740283
1.54 8.33 1.66 2.291831 0.0 -5.7295775
1.87 8.41 1.54 7.448451 2.291831 -5.15662
1.62 8.58 0.87 6.3025355 4.0107045 -2.8647888
1.52 8.889999 0.56 0.57295775 6.3025355 -1.1459155
1.9599999 8.97 0.25 -8.594366 10.886198 -2.291831
2.09 9.17 0.66999996 -5.7295775 6.8754935 -2.8647888
2.19 9.2699995 0.7 0.0 5.15662 -3.4377468
1.8399999 9.17 0.19 0.0 7.448451 -2.8647888
1.79 9.179999 0.29999998 -1.7188734 3.4377468 0.57295775
2.24 9.41 0.45 -1.1459155 6.3025355 1.7188734
2.47 9.5199995 0.32 -4.0107045 8.021409 0.0
2.1399999 9.67 0.26 -7.448451 8.021409 1.1459155
2.25 9.639999 0.22999999 -9.740283 8.021409 0.57295775
2.6299999 9.55 0.44 -6.3025355 5.15662 -2.291831
2.1399999 9.349999 0.84999996 4.583662 0.0 -0.57295775
2.36 9.5 0.26999998 7.448451 0.0 -1.1459155
2.37 9.559999 0.14999999 -0.57295775 2.8647888 -2.8647888
2.06 9.42 0.38 -5.7295775 5.7295775 0.0
2.25 9.51 0.94 -0.57295775 1.1459155 0.0
2.3799999 9.55 0.75 4.583662 -0.57295775 -2.291831
1.8299999 9.5 0.53 4.0107045 0.0 0.0
1.7099999 9.46 0.45 2.291831 -1.1459155 2.291831
2.1399999 9.36 0.39 -0.57295775 -2.291831 0.0
2.44 9.46 0.42 -5.7295775 0.0 -3.4377468
2.31 9.44 0.55 -11.459155 1.7188734 -5.15662
2.11 9.349999 0.84999996 -12.605071 2.291831 -5.15662
1.7199999 8.929999 1.01 -11.459155 5.15662 -2.291831
1.68 8.95 1.1899999 -8.594366 0.57295775 0.57295775
2.1 9.21 1.62 -1.7188734 -0.57295775 0.57295775
2.26 9.389999 1.43 1.7188734 3.4377468 -0.57295775
1.9 9.41 0.71 -1.7188734 6.8754935 -1.1459155
1.86 9.24 0.61 -8.594366 3.4377468 2.291831
2.09 9.349999 1.39 0.0 2.291831 1.1459155
2.1599998 9.45 1.5 6.3025355 1.1459155 0.0
2.21 9.54 0.95 2.291831 4.0107045 -1.1459155
2.1 9.5 0.39999998 -5.15662 4.583662 -0.57295775
1.92 9.38 0.71999997 -1.1459155 4.583662 3.4377468
2.1699998 9.67 1.06 3.4377468 2.291831 3.4377468
2.4199998 9.559999 0.42999998 0.57295775 1.1459155 0.0
2.18 9.38 0.42 -5.7295775 1.1459155 -1.7188734
1.8399999 9.58 0.87 -8.594366 0.0 0.57295775
2.29 9.51 1.2099999 -6.3025355 -0.57295775 0.57295775
2.5 9.45 1.1899999 -4.0107045 0.0 -3.4377468
2.09 9.25 1.14 -4.583662 1.1459155 -2.291831
1.81 9.309999 1.4 -1.1459155 0.0 0.0
2.12 9.22 1.4 0.0 0.0 -1.7188734
2.12 9.04 1.09 -1.7188734 0.0 -1.1459155
1.67 9.139999 1.29 -0.57295775 0.0 2.291831
