2.71 8.67 0.9 16.615776 -21.199438 -1.7188734
1.79 7.33 -1.56 17.188732 -14.896902 0.57295775
0.13 6.91 -2.76 -9.740283 -29.793804 9.167324
0.14 6.14 -1.42 -28.64789 -39.53409 25.7831
1.41 5.2799997 -0.44 -30.366762 -35.523384 32.085636
2.19 4.72 -0.35 -18.334648 -27.501974 26.929016
1.92 3.9499998 -0.90999997 -17.761692 -29.220846 16.615776
1.63 2.52 -1.99 -43.544792 -24.637184 17.188732
1.25 0.65 -2.1499999 -72.19268 -14.896902 29.220846
0.83 -1.11 -1.52 -96.256905 -6.8754935 54.43099
0.17999999 -2.72 -0.089999996 -101.98649 -10.886198 87.089584
0.76 -3.21 2.1499999 -67.60902 -33.80451 135.21803
4.54 -4.2 5.58 -26.356058 -33.231552 163.29297
5.8599997 -4.04 6.21 1.7188734 -30.939718 192.51381
7.5699997 -2.8999999 8.15 18.334648 -39.53409 227.46425
11.309999 -0.07 9.38 30.939718 -23.49127 237.20451
14.9 1.2099999 8.8 4.583662 12.032113 222.30762
14.049999 3.99 14.12 19.480566 26.929016 220.0158
15.17 4.13 17.1 70.47381 87.089584 218.86987
17.18 4.91 14.139999 95.68395 99.69466 203.40001
14.969999 7.3799996 15.179999 161.5741 66.463104 206.2648
19.199999 7.31 18.869999 268.71722 101.98649 187.3572
23.6 7.1299996 14.7699995 303.6676 179.90874 144.95831
18.49 10.19 3.6899998 238.9234 178.18987 144.95831
20.6 11.41 6.5299997 260.69577 158.7093 137.50986
24.199999 13.42 3.7099998 287.62482 182.20056 91.67324
26.859999 13.75 -0.19999999 281.89523 190.22198 35.523384
24.76 13.16 -1.81 268.14423 184.49242 -5.7295775
22.449999 12.679999 -1.92 276.16565 139.22873 -39.53409
23.57 12.19 -3.03 275.59268 116.31043 -83.07887
23.65 11.23 -6.85 219.44283 92.24621 -122.04
21.84 10.58 -7.3799996 154.69861 74.48451 -147.8231
20.689999 9.22 -4.74 108.86198 68.18198 -167.30367
19.449999 7.37 -2.46 77.922264 54.43099 -175.89804
18.539999 4.06 1.17 61.30648 40.680004 -183.34648
17.9 2.62 1.12 68.18198 37.242256 -192.51381
16.109999 2.05 -0.17999999 71.61973 27.501974 -194.80565
14.53 1.87 -1.1899999 65.317184 13.750987 -185.63832
13.63 1.05 -2.45 50.993244 5.7295775 -176.471
11.38 0.77 -2.19 44.69071 -12.605071 -152.40677
10.219999 1.43 -1.1899999 56.72282 -32.658592 -139.80171
10.12 1.28 -1.68 75.057465 -48.128452 -134.64508
9.29 1.3 -2.98 80.78705 -63.598316 -130.63437
8.0 1.5999999 -4.11 65.317184 -73.33859 -120.89409
6.43 1.68 -4.2 52.712116 -82.50592 -108.289024
5.6299996 2.0 -3.54 44.11775 -117.456345 -92.81916
5.15 2.33 -2.9199998 41.25296 -139.80171 -87.662544
4.68 2.1499999 -2.09 44.69071 -146.10423 -80.21409
3.76 1.76 -1.68 57.29578 -146.10423 -68.75493
2.79 2.37 -1.86 67.03606 -152.40677 -56.72282
2.6799998 2.33 -2.86 60.160564 -162.14705 -38.961132
2.96 2.1299999 -3.37 25.7831 -159.85522 -36.09634
2.1399999 2.1699998 -2.69 10.886198 -157.5634 -26.929016
1.16 2.27 -1.56 12.032113 -160.42818 -14.323945
0.87 2.1299999 -1.48 11.459155 -165.5848 -4.0107045
0.78 1.93 -2.0 1.7188734 -171.31438 5.7295775
1.14 2.1 -0.63 -12.605071 -174.17917 15.469859
0.57 2.3999999 -0.5 -16.615776 -167.87662 27.501974
0.59999996 2.58 0.39 -18.334648 -181.05466 41.825916
0.89 2.9099998 1.39 -16.615776 -198.81636 55.00395
1.99 3.79 2.4199998 -12.605071 -178.18987 50.420284
1.5999999 3.6299999 2.08 -16.615776 -139.80171 38.961132
0.38 3.36 2.28 -34.950428 -143.23946 63.598316
-0.03 4.46 3.52 -32.658592 -140.94762 80.21409
2.28 4.89 3.77 -26.356058 -118.60226 63.598316
3.1 4.62 3.82 -18.907606 -117.456345 53.858032
0.65 6.02 5.0699997 -2.8647888 -132.92621 79.641136
1.8199999 6.81 4.87 -25.210142 -96.256905 81.93296
2.75 7.68 2.72 -63.02536 -73.91155 73.33859
1.64 9.0199995 5.68 -66.463104 -97.97578 91.10028
4.2799997 9.88 7.1 -42.971836 -101.41353 96.829865
5.5899997 10.69 5.94 -42.398876 -65.317184 74.48451
3.9499998 12.12 5.6299996 -56.14986 -44.11775 61.30648
3.1 12.809999 6.87 -46.40958 -54.43099 68.75493
3.4299998 13.389999 7.1099997 -35.523384 -35.523384 68.75493
4.5499997 13.429999 6.23 -33.80451 -16.615776 57.29578
4.0299997 13.7699995 5.5 -33.231552 -11.459155 50.993244
3.57 14.29 5.69 -26.356058 -15.469859 49.27437
4.39 14.25 5.41 -16.615776 -10.886198 37.242256
3.9599998 13.74 4.36 -12.605071 -21.199438 30.939718
3.9399998 13.32 4.2799997 -9.167324 -14.896902 24.064226
3.6299999 12.9 3.86 -8.021409 -4.0107045 21.772396
3.51 12.679999 3.78 -6.3025355 -2.291831 22.345354
4.52 12.5199995 3.9099998 -3.4377468 -1.1459155 17.188732
4.8199997 12.009999 3.35 -4.583662 14.323945 -0.57295775
3.3999999 11.37 2.58 -4.583662 14.323945 0.0
2.98 10.809999 2.6299999 2.291831 5.7295775 2.291831
3.75 10.429999 2.6799998 6.3025355 8.021409 -0.57295775
3.9299998 10.21 2.1 4.0107045 11.459155 -6.8754935
3.72 9.96 1.76 1.1459155 8.594366 -10.31324
3.1899998 9.09 1.8 -0.57295775 9.740283 -10.31324
2.6299999 8.75 1.9699999 -0.57295775 12.605071 -7.448451
2.76 8.63 1.99 5.15662 9.740283 -1.1459155
3.22 8.63 1.65 10.31324 6.8754935 -1.7188734
3.22 8.66 1.1899999 6.8754935 6.3025355 -3.4377468
3.11 8.7 1.17 -2.8647888 9.167324 -4.583662
2.9299998 8.55 1.27 -5.15662 6.8754935 -2.8647888
2.82 8.29 1.91 1.1459155 0.57295775 0.0
2.8799999 8.309999 2.19 5.7295775 3.4377468 1.7188734
2.96 8.59 1.78 3.4377468 5.15662 2.8647888
3.1399999 8.72 1.5999999 3.4377468 6.3025355 2.8647888
3.28 9.04 1.76 8.021409 4.0107045 2.291831
3.47 9.05 1.22 6.8754935 2.291831 0.57295775
3.55 8.929999 0.91999996 0.0 3.4377468 -1.1459155
2.96 8.73 1.39 -5.15662 6.3025355 -0.57295775
2.9299998 8.86 2.1599998 0.0 2.8647888 4.0107045
3.57 8.99 1.9699999 7.448451 4.0107045 2.8647888
3.8 8.98 1.3299999 4.0107045 3.4377468 -0.57295775
3.06 8.929999 1.04 0.0 1.1459155 2.8647888
3.1999998 9.099999 1.38 -0.57295775 0.57295775 2.8647888
3.6499999 9.13 1.5799999 0.0 0.57295775 0.0
3.5 8.95 1.37 -2.8647888 -1.1459155 0.0
3.29 8.88 1.74 -4.583662 1.7188734 1.1459155
3.51 9.0199995 2.02 -2.291831 2.291831 0.57295775
3.36 8.889999 2.08 1.7188734 0.57295775 0.57295775
3.09 8.889999 2.21 8.594366 -1.1459155 1.7188734
3.35 8.97 1.74 10.886198 -1.1459155 2.8647888
3.53 9.04 1.1 1.1459155 0.0 0.0
3.4399998 8.99 1.0699999 -4.0107045 -0.57295775 -0.57295775
3.3799999 8.96 1.5799999 -4.0107045 0.0 -1.7188734
3.02 8.95 1.9799999 -0.57295775 0.0 0.57295775
3.21 8.97 1.9499999 0.0 0.0 0.57295775
3.5 8.94 1.89 0.0 0.0 -0.57295775
3.0 8.48 1.8199999 -1.7188734 0.57295775 -2.8647888
2.72 8.36 2.08 0.0 -0.57295775 1.1459155
2.9099998 8.4 2.21 2.291831 -2.8647888 4.583662
3.32 8.82 2.56 8.594366 -4.583662 4.583662
3.48 8.87 2.3 12.605071 -2.8647888 0.57295775
2.9299998 8.87 1.89 7.448451 2.291831 4.583662
2.99 8.97 1.8299999 5.15662 4.583662 5.7295775
3.27 9.01 1.8299999 6.8754935 5.15662 5.7295775
3.4499998 9.09 1.61 9.740283 0.57295775 4.583662
3.78 9.12 1.13 6.3025355 -2.291831 0.57295775
3.7099998 9.04 0.84 -1.1459155 0.0 -0.57295775
3.28 9.15 1.18 -11.459155 4.0107045 2.291831
3.8 9.15 1.8499999 -7.448451 1.1459155 1.1459155
3.61 9.12 2.09 1.1459155 0.0 0.0
3.35 9.13 1.76 6.8754935 -2.8647888 1.1459155
3.6699998 9.16 1.53 6.3025355 -1.7188734 0.0
3.6499999 9.099999 1.1999999 0.0 1.7188734 -0.57295775
3.47 9.07 1.31 -3.4377468 0.57295775 -0.57295775
3.37 9.01 1.73 1.1459155 -2.291831 -0.57295775
3.54 9.08 2.03 7.448451 -3.4377468 -1.7188734
3.6499999 8.86 1.43 2.291831 0.0 -3.4377468
3.21 8.76 1.0799999 -4.583662 1.1459155 -1.1459155
3.55 8.79 1.9499999 -0.57295775 -4.583662 0.0
3.52 8.849999 2.1 4.583662 -3.4377468 -1.7188734
3.1699998 8.82 1.78 4.0107045 0.57295775 -1.1459155
