1.49 8.559999 1.11 6.8754935 -5.7295775 -1.7188734
1.16 9.0 1.3299999 26.356058 -13.178029 -5.15662
0.12 8.37 -0.68 26.929016 -22.345354 -2.8647888
-0.32999998 8.5 -1.23 11.459155 -41.25296 5.15662
0.38 8.0199995 -0.5 -4.583662 -49.84733 6.3025355
0.44 7.39 0.57 -8.594366 -36.669296 5.7295775
0.22999999 7.02 0.52 -2.8647888 -10.886198 10.31324
0.07 6.72 -0.13 3.4377468 -12.032113 14.896902
0.06 5.8599997 -0.29 6.8754935 -21.772396 20.053522
0.32999998 5.04 -0.53 4.583662 -22.91831 26.929016
0.44 4.14 -0.65999997 -1.1459155 -17.188732 33.231552
-0.13 3.57 -0.38 -4.583662 -19.480566 46.98254
0.89 3.1999998 0.91999996 0.0 -22.91831 71.04677
2.73 2.72 0.38 -5.7295775 -16.042818 70.47381
1.67 1.6999999 0.01 -22.345354 -12.605071 75.630424
0.75 1.56 2.07 -32.658592 -25.7831 101.41353
2.36 1.88 4.37 -27.501974 -24.637184 128.34254
3.6299999 2.31 5.13 -17.188732 -4.0107045 148.39606
3.6499999 3.73 5.49 0.0 -8.021409 161.00114
6.3599997 5.14 6.23 1.7188734 -7.448451 155.27156
9.33 6.42 6.69 -22.91831 18.907606 134.64508
9.24 7.43 5.4 -80.21409 57.29578 123.75887
7.71 6.41 5.7599998 -115.16451 57.868736 127.19663
6.16 5.7999997 11.65 -46.40958 37.242256 166.15775
12.36 8.53 15.389999 6.3025355 88.80846 165.5848
13.49 9.809999 13.78 32.658592 114.59156 134.64508
9.3 10.15 14.82 99.69466 107.716064 139.22873
11.349999 9.51 12.32 176.471 110.0079 154.12566
15.11 9.82 7.22 199.38931 135.79099 128.9155
15.48 10.719999 3.12 140.94762 137.50986 91.67324
13.009999 11.57 3.34 127.19663 150.11493 85.94367
12.66 13.099999 4.95 138.08282 151.8338 80.21409
15.5199995 13.25 2.5 136.36395 155.27156 52.712116
16.81 13.719999 0.42999998 119.17522 146.67719 22.91831
16.42 13.95 -0.06 98.54874 142.66649 -6.3025355
15.57 13.799999 1.16 100.26762 136.36395 -15.469859
15.96 13.059999 0.45999998 100.84057 129.48846 -35.523384
14.79 12.28 0.32999998 108.289024 123.18592 -56.14986
13.849999 11.96 0.17999999 115.16451 109.43494 -70.47381
13.799999 11.34 -0.17999999 109.43494 92.24621 -87.662544
13.53 10.809999 -0.37 82.50592 87.089584 -111.72677
12.19 9.99 -0.16 65.317184 73.33859 -113.44564
11.55 9.41 0.64 60.160564 57.29578 -112.29972
11.719999 9.61 1.35 60.733524 47.555496 -117.456345
12.389999 9.15 0.89 53.285076 41.825916 -126.05072
11.57 8.139999 0.45 36.09634 33.231552 -118.029305
9.49 7.3799996 0.7 36.09634 21.199438 -105.42423
10.08 7.3999996 -0.13 42.971836 10.886198 -107.143105
10.36 7.33 -0.71999997 42.971836 8.594366 -121.46705
9.54 7.24 -0.63 36.669296 5.7295775 -124.33183
8.95 6.23 -1.3 22.91831 14.323945 -131.78029
7.44 5.62 -1.56 18.907606 1.1459155 -126.05072
6.47 5.04 -1.39 25.210142 -13.178029 -117.456345
5.43 4.43 -1.0799999 41.825916 -27.501974 -107.716064
4.8399997 4.43 -1.48 55.576904 -48.128452 -99.69466
4.5899997 4.22 -1.9499999 61.879436 -63.598316 -95.11099
3.46 4.38 -2.1 65.317184 -75.057465 -88.80846
2.86 4.3399997 -2.3 67.60902 -86.516624 -82.50592
2.69 4.33 -2.21 69.900856 -100.26762 -79.641136
1.65 3.8 -2.06 69.32789 -105.997185 -73.33859
0.34 3.6999998 -1.3 73.33859 -112.87268 -56.72282
0.0 4.14 -1.4399999 80.21409 -132.35324 -40.680004
0.59 3.82 -2.6399999 61.879436 -131.20734 -36.669296
0.24 3.59 -2.95 37.242256 -130.06142 -26.356058
-0.69 3.9599998 -1.64 27.501974 -147.8231 -11.459155
-0.51 3.7099998 0.31 41.825916 -170.74142 -2.8647888
0.84999996 3.3799999 2.53 71.04677 -151.8338 -16.615776
-1.76 3.01 0.5 71.04677 -97.97578 -20.62648
-3.02 3.4499998 0.34 47.555496 -105.997185 -2.291831
-2.9299998 3.6399999 0.62 25.7831 -124.33183 15.469859
-2.3799999 3.8799999 0.72999996 13.750987 -113.44564 22.345354
-2.27 4.0699997 0.66999996 3.4377468 -94.53803 20.62648
-2.9099998 4.58 0.9 -6.8754935 -100.84057 42.398876
-2.3799999 5.3399997 1.89 -2.291831 -103.1324 50.420284
-0.19999999 5.7599998 2.2 1.7188734 -76.77634 34.950428
-1.0 5.89 2.1299999 8.021409 -65.317184 35.523384
-2.6399999 6.73 2.7 17.188732 -82.50592 50.420284
-0.04 6.3599997 2.83 21.199438 -67.60902 42.971836
-3.37 6.23 1.04 19.480566 -2.8647888 45.83662
-5.8199997 7.0699997 1.26 22.91831 -48.701412 100.84057
-2.03 8.38 1.3199999 30.939718 -109.43494 134.64508
2.86 10.12 1.1 18.334648 -104.85127 119.17522
3.07 12.03 1.26 0.0 -65.890144 95.11099
1.91 13.75 2.8 -13.750987 -49.27437 81.93296
2.8999999 14.53 2.6499999 -32.658592 -28.07493 61.30648
3.48 14.23 1.09 -55.00395 -11.459155 38.961132
1.1899999 14.46 1.91 -52.712116 -27.501974 37.815212
1.05 14.4 2.84 -41.825916 -38.961132 34.377464
2.48 14.15 2.58 -40.107044 -31.51268 21.199438
1.02 12.799999 2.6799998 -38.38817 -17.188732 9.167324
-0.61 12.929999 3.61 -24.637184 -22.345354 18.334648
0.75 12.53 3.49 -5.7295775 -26.929016 26.356058
1.9799999 11.9 2.0 -0.57295775 -17.761692 22.345354
1.9499999 11.9 1.37 -2.8647888 -9.167324 16.615776
1.41 12.25 1.67 0.0 -13.178029 8.021409
1.68 11.84 0.90999997 -9.740283 -10.31324 2.291831
1.4599999 11.19 0.64 -18.334648 -7.448451 1.1459155
0.9 11.07 1.68 -12.032113 -10.31324 4.583662
1.05 11.13 2.4099998 0.57295775 -10.886198 5.15662
1.36 11.09 2.4299998 16.615776 -10.31324 4.0107045
1.23 10.719999 1.53 39.53409 -10.31324 2.8647888
1.3399999 10.53 -0.08 30.939718 -5.7295775 3.4377468
1.5 10.23 -0.5 14.896902 -0.57295775 0.0
1.24 10.0199995 -0.21 4.583662 0.57295775 0.0
1.76 9.86 0.42999998 3.4377468 -1.7188734 -3.4377468
1.48 9.67 0.63 7.448451 -1.1459155 -8.021409
1.3299999 9.5 0.08 -1.1459155 2.291831 -9.167324
1.3199999 9.05 -0.29999998 -10.886198 5.7295775 -10.31324
0.84 8.9 0.19 -10.31324 5.15662 -6.3025355
0.48 8.84 0.69 -2.8647888 1.1459155 -1.7188734
0.83 9.07 0.78 0.0 2.8647888 -1.7188734
1.11 9.179999 0.44 -1.1459155 5.15662 -2.8647888
1.06 9.2699995 0.31 -2.8647888 6.3025355 -3.4377468
1.0799999 9.38 0.26 -2.8647888 6.8754935 -2.8647888
1.01 9.23 0.14999999 -2.291831 4.583662 -2.8647888
0.98999995 9.16 0.11 -2.291831 1.1459155 -1.1459155
0.97999996 9.28 0.29999998 -1.1459155 1.7188734 0.57295775
1.1899999 9.44 0.22 -2.291831 2.8647888 0.0
1.29 9.42 0.14 -3.4377468 3.4377468 0.0
1.11 9.55 0.14999999 -5.7295775 4.0107045 0.57295775
1.4599999 9.7 0.0 -10.31324 5.15662 -1.1459155
1.3399999 9.599999 0.01 -7.448451 1.7188734 0.0
0.97999996 9.76 0.9 0.0 0.0 3.4377468
1.49 9.929999 0.7 5.15662 0.0 2.8647888
1.5899999 9.9 0.02 4.0107045 2.291831 -0.57295775
1.2099999 9.8 -0.35 -1.7188734 2.291831 -1.1459155
1.09 9.719999 0.06 -4.583662 0.57295775 0.0
1.1999999 9.63 0.52 1.7188734 -2.291831 1.1459155
1.35 9.55 0.38 1.7188734 -3.4377468 0.0
1.25 9.559999 0.29 0.0 -1.7188734 0.57295775
1.1999999 9.61 0.42999998 -1.1459155 -1.7188734 0.57295775
1.41 9.66 0.51 -2.291831 0.0 0.0
1.38 9.599999 0.65999997 0.0 0.57295775 -0.57295775
1.29 9.49 0.65 2.291831 -1.1459155 -1.1459155
1.23 9.42 0.41 1.1459155 -1.1459155 -1.7188734
0.96999997 9.429999 0.13 -3.4377468 0.0 0.0
1.18 9.5 0.59 -4.583662 -1.7188734 0.0
1.1899999 9.5 0.91999996 -0.57295775 -0.57295775 0.0
1.03 9.54 0.7 0.0 0.0 0.57295775
1.23 9.65 0.26 -4.583662 1.7188734 0.0
1.36 9.71 -0.089999996 -11.459155 1.7188734 -2.8647888
1.3199999 9.66 -0.049999997 -16.615776 0.57295775 -4.583662
1.24 9.57 0.17999999 -19.480566 0.57295775 -5.15662
0.94 9.55 0.65 -18.334648 0.0 -3.4377468
1.01 9.46 1.23 -15.469859 0.0 -3.4377468
0.72999996 9.61 1.74 -7.448451 -1.1459155 0.0
0.96999997 9.65 1.78 2.291831 -2.8647888 1.7188734
1.2099999 9.66 1.26 6.3025355 -2.291831 1.7188734
1.27 9.58 0.65 2.291831 0.0 0.0
1.04 9.45 0.66999996 -1.1459155 0.0 0.0
1.15 9.5 0.89 -0.57295775 0.0 0.0
1.17 9.559999 0.84999996 -1.7188734 0.0 -0.57295775
1.05 9.58 0.83 -2.8647888 0.0 0.0
0.98999995 9.639999 0.94 -2.291831 -0.57295775 0.0
1.3399999 9.62 0.9 -1.7188734 0.57295775 -1.7188734
0.76 9.45 0.98999995 -3.4377468 -0.57295775 0.0
1.0699999 9.54 1.4 -1.1459155 0.0 1.1459155
1.29 9.63 1.38 1.1459155 4.0107045 0.57295775
1.04 9.49 1.0699999 1.7188734 6.3025355 0.0
0.84 9.5 0.91999996 -1.1459155 8.594366 2.291831
1.09 9.51 0.82 -1.1459155 6.3025355 1.1459155
1.15 9.65 0.97999996 0.57295775 2.8647888 0.57295775
1.3399999 9.66 0.84999996 0.0 2.291831 -1.1459155
1.14 9.62 0.83 -1.1459155 2.291831 -0.57295775
0.88 9.639999 1.01 0.0 0.57295775 0.57295775
1.25 9.65 1.06 0.0 1.1459155 -1.7188734
1.13 9.65 0.64 -4.0107045 2.291831 -1.7188734
1.06 9.54 0.79999995 -6.3025355 0.0 -1.7188734
0.97999996 9.48 1.27 -2.291831 -1.1459155 0.0
0.97999996 9.469999 1.43 3.4377468 -2.8647888 1.1459155
1.1 9.53 1.13 5.7295775 -2.291831 1.1459155
1.2099999 9.639999 0.90999997 2.291831 -2.291831 0.0
1.3199999 9.62 0.93 0.0 -0.57295775 -1.1459155
1.06 9.53 1.09 1.1459155 -1.1459155 0.0
1.0699999 9.469999 1.27 3.4377468 -1.7188734 0.0
1.3 9.5 1.28 4.0107045 0.57295775 -2.291831
1.2099999 9.63 0.84 -2.291831 1.7188734 -6.8754935
0.82 9.55 0.96 -5.7295775 1.7188734 -6.3025355
0.71 9.469999 1.3299999 -4.583662 1.1459155 -3.4377468
0.83 9.34 1.4599999 -0.57295775 -0.57295775 -1.1459155
0.85999995 9.32 1.26 0.57295775 -1.1459155 0.0
0.84 9.469999 1.11 -1.7188734 1.1459155 1.7188734
0.94 9.58 1.12 -1.1459155 1.1459155 1.1459155
1.13 9.65 1.27 0.0 0.0 0.57295775
1.2099999 9.67 1.3199999 0.57295775 1.1459155 0.0
1.05 9.63 1.03 -1.1459155 2.8647888 0.0
0.95 9.59 0.89 -2.8647888 1.7188734 0.57295775
1.11 9.53 1.41 0.0 -1.1459155 1.7188734
1.23 9.54 1.4 2.291831 -0.57295775 0.57295775
1.0 9.55 1.3399999 2.291831 1.1459155 0.0
0.87 9.67 1.2099999 1.7188734 2.291831 1.1459155
1.12 9.639999 0.9 0.0 2.8647888 0.57295775
1.09 9.599999 0.94 -2.291831 2.291831 0.57295775
0.96 9.65 1.14 -0.57295775 0.0 0.0
1.23 9.7 1.13 -0.57295775 0.0 -1.7188734
1.25 9.65 1.0699999 -2.8647888 2.291831 -2.291831
