1.73 8.25 -1.0799999 -3.4377468 -6.3025355 15.469859
1.79 7.91 -0.94 -9.740283 -20.62648 18.334648
1.79 7.91 -0.94 -9.740283 -20.62648 18.334648
1.4499999 7.41 0.38 -17.188732 -7.448451 10.886198
1.24 7.12 0.62 -10.31324 -2.291831 15.469859
2.6 6.69 -0.48 6.3025355 4.0107045 25.7831
2.6499999 6.29 -0.77 12.032113 -8.594366 22.91831
2.35 5.93 -0.7 7.448451 -7.448451 19.480566
1.42 4.39 -1.01 -9.740283 5.15662 25.210142
1.09 4.4 0.29999998 -43.544792 19.480566 41.825916
2.69 5.69 3.01 -45.263664 16.615776 73.91155
5.2999997 6.37 0.66999996 -27.501974 2.291831 83.65183
6.0299997 6.3999996 0.26 -35.523384 5.15662 83.07887
4.3399997 6.2599998 4.16 -53.285076 16.042818 75.057465
3.28 7.21 9.98 -81.36001 44.11775 61.879436
6.48 8.2699995 6.1099997 12.605071 34.950428 89.38142
8.01 8.71 3.8999999 56.72282 37.242256 96.256905
6.62 10.309999 7.08 29.793804 38.38817 77.349304
6.99 10.51 7.58 20.053522 41.825916 73.33859
7.74 10.639999 7.29 13.178029 70.47381 85.37071
7.85 11.13 8.37 8.021409 81.36001 84.22479
8.29 12.96 8.8 15.469859 83.07887 75.630424
9.36 14.639999 4.87 59.014652 107.716064 59.58761
9.8 14.66 3.54 60.733524 111.15381 53.285076
8.34 15.059999 4.54 33.80451 112.29972 35.523384
9.04 15.65 6.24 10.886198 142.66649 22.91831
11.389999 15.849999 2.56 44.69071 152.40677 16.615776
9.15 16.539999 1.3299999 44.11775 135.79099 -9.740283
8.33 16.6 2.3899999 44.11775 135.79099 -9.740283
9.79 14.78 3.54 11.459155 147.8231 -39.53409
8.84 14.88 0.39999998 51.5662 147.25015 -50.420284
7.8599997 15.36 -0.59 55.576904 149.54198 -58.441692
8.46 15.339999 0.63 26.929016 131.78029 -76.203384
8.96 14.87 0.72999996 30.366762 124.9048 -83.65183
8.61 14.0 -1.48 50.420284 120.89409 -100.26762
6.79 13.44 -2.49 37.815212 119.17522 -110.58085
8.2 13.07 1.0 6.8754935 119.17522 -111.72677
8.84 12.19 0.79999995 28.64789 101.41353 -113.44564
8.28 12.009999 0.52 52.139156 89.95437 -122.61296
6.92 10.139999 1.29 75.630424 78.49522 -141.52058
4.98 10.849999 2.98 89.95437 76.203384 -143.81241
5.24 10.3 -0.22999999 118.60226 62.4524 -138.08282
4.33 9.7699995 -5.93 173.60622 29.220846 -139.22873
3.74 10.25 -7.83 183.34648 26.929016 -150.6879
3.04 7.71 -7.81 108.86198 16.042818 -163.86592
0.08 6.39 -4.93 64.17127 14.896902 -162.14705
0.29999998 5.44 -4.22 68.18198 -14.896902 -144.38536
0.22 5.0699997 -5.72 80.78705 -26.929016 -142.09354
-0.25 4.71 -7.5099998 98.54874 -34.950428 -143.23946
-1.78 3.4399998 -9.44 119.17522 -37.242256 -139.80171
-2.06 3.57 -8.38 108.86198 -38.961132 -135.79099
-1.93 3.3 -6.72 76.77634 -53.285076 -128.34254
-3.0 1.61 -4.19 57.29578 -83.07887 -107.143105
-3.0 1.61 -4.19 59.58761 -86.516624 -105.42423
-4.23 1.5 -4.49 79.06818 -88.80846 -100.84057
-3.87 1.25 -5.0 86.516624 -92.24621 -84.79775
-4.29 1.18 -3.3899999 75.630424 -102.55944 -71.04677
-4.64 1.54 -3.78 97.402824 -124.33183 -53.858032
-4.46 1.23 -3.85 94.53803 -123.18592 -45.263664
-5.04 0.75 -2.24 72.76564 -111.15381 -32.658592
-4.99 1.1999999 0.17 81.93296 -114.0186 -4.583662
-4.0899997 2.27 0.51 104.27831 -132.35324 13.750987
-3.85 2.72 0.24 114.0186 -132.92621 20.053522
-4.91 2.83 -0.53999996 125.47776 -118.60226 17.761692
-6.15 3.36 -2.19 135.21803 -114.59156 17.761692
-6.75 3.83 -3.87 132.35324 -110.58085 31.51268
-6.66 3.9099998 -3.4499998 116.31043 -95.68395 41.25296
-6.08 4.36 -1.15 52.712116 -78.49522 57.868736
-5.73 4.24 -0.55 16.042818 -83.07887 68.75493
-5.54 4.06 1.66 12.032113 -82.50592 69.900856
-4.37 4.5499997 0.59999996 34.950428 -97.402824 81.36001
-5.15 4.9 -0.71999997 38.961132 -81.93296 96.256905
-4.95 5.66 1.87 4.583662 -55.00395 95.11099
-4.0099998 6.1299996 2.35 -6.3025355 -53.858032 102.55944
-1.76 7.31 1.1899999 2.291831 -60.160564 117.456345
-2.84 7.12 0.95 -17.188732 -53.858032 105.997185
-3.26 6.81 2.1699998 -29.220846 -50.420284 97.97578
-3.1299999 7.0 3.24 -22.345354 -52.139156 108.289024
-1.35 8.04 2.08 -8.594366 -54.43099 120.32113
-1.31 8.139999 1.26 -28.07493 -36.669296 113.44564
-1.25 9.2 5.3399997 -54.43099 -22.91831 103.1324
0.099999994 9.4 4.44 -48.701412 -28.07493 108.86198
1.38 9.49 2.6599998 -28.64789 -38.38817 116.883385
1.01 8.8 0.88 2.291831 -43.544792 116.883385
-1.53 9.63 4.73 -32.658592 -13.750987 89.38142
-0.22 9.84 4.7799997 -22.91831 -20.62648 100.26762
3.5 9.74 0.42 4.0107045 -24.637184 111.72677
0.9 9.16 2.3799999 -12.605071 -10.886198 100.84057
-0.38 9.429999 5.81 -44.69071 14.323945 78.49522
0.13 9.5199995 5.67 -15.469859 4.583662 91.10028
3.3899999 10.01 -0.04 32.658592 -24.064226 106.57015
2.79 10.3 1.27 14.896902 -15.469859 104.27831
1.9 10.67 2.69 -26.929016 2.291831 95.68395
2.29 11.33 3.9499998 -28.64789 5.7295775 100.26762
4.02 11.28 1.8499999 -13.178029 4.0107045 101.41353
3.0 11.8 3.87 -31.51268 5.15662 80.21409
3.0 11.8 3.87 -28.64789 4.0107045 80.21409
3.22 12.42 3.8899999 -21.772396 6.3025355 81.93296
4.11 12.219999 3.59 -14.323945 10.31324 85.37071
4.2999997 12.5 3.9399998 -13.750987 12.605071 80.78705
4.92 12.58 2.81 2.8647888 13.178029 69.900856
4.7599998 12.62 2.26 9.167324 13.750987 63.598316
4.12 12.639999 1.63 11.459155 13.178029 54.43099
4.18 12.82 1.55 8.594366 13.178029 50.993244
4.99 12.62 0.22999999 12.605071 6.3025355 49.27437
4.5699997 12.7 1.03 -1.7188734 10.31324 41.25296
4.54 12.61 1.8299999 -6.8754935 10.886198 30.366762
4.92 12.3 0.96999997 8.594366 1.1459155 24.064226
4.81 11.92 0.59999996 11.459155 0.57295775 20.053522
4.24 11.67 1.28 3.4377468 3.4377468 10.31324
4.5499997 11.45 1.09 4.0107045 2.8647888 10.31324
4.8599997 11.05 0.71 6.8754935 1.1459155 5.7295775
4.4 10.429999 0.75 1.1459155 4.0107045 -2.291831
3.82 9.82 1.4 -3.4377468 6.3025355 -6.8754935
3.6999998 9.679999 1.93 -1.7188734 5.7295775 -7.448451
4.1 9.54 1.3 12.032113 -3.4377468 -4.583662
4.0699997 9.45 -0.17999999 25.210142 -7.448451 -4.583662
3.6899998 9.04 0.07 17.761692 -2.8647888 -5.7295775
3.6799998 8.929999 1.4399999 -9.167324 1.1459155 -2.8647888
3.73 8.92 1.5 -5.7295775 2.291831 -2.291831
3.52 8.889999 0.87 5.15662 0.0 -2.291831
3.52 8.99 0.78 9.740283 -4.0107045 -4.0107045
3.74 9.03 0.9 9.167324 -7.448451 -2.291831
3.61 9.0199995 0.74 7.448451 -5.15662 -2.8647888
3.6499999 8.94 0.39 7.448451 -1.7188734 -1.7188734
3.5 9.2 1.39 -1.7188734 1.7188734 -0.57295775
3.49 9.26 1.5 -1.7188734 1.1459155 -1.1459155
3.62 9.139999 0.97999996 5.7295775 -4.583662 -0.57295775
3.6499999 9.139999 0.68 9.167324 -6.8754935 0.0
3.48 9.21 1.04 1.7188734 -6.8754935 0.0
3.61 9.26 1.52 -4.0107045 -4.583662 2.8647888
3.86 9.24 1.27 -1.7188734 -4.0107045 2.291831
3.81 9.2 1.26 0.0 -1.7188734 0.0
3.62 9.19 1.4699999 0.0 -2.291831 -1.7188734
3.6399999 9.11 1.36 1.7188734 -3.4377468 -2.291831
3.49 8.94 1.3199999 2.8647888 -1.1459155 -1.7188734
3.3999999 9.22 1.06 2.8647888 0.57295775 0.0
3.73 9.349999 0.7 5.7295775 0.0 2.8647888
4.0699997 9.55 0.31 1.1459155 -3.4377468 0.0
3.25 9.19 1.31 -7.448451 0.0 -4.0107045
3.05 9.09 1.9499999 -10.886198 2.291831 -5.15662
3.25 9.12 1.8299999 -2.291831 1.7188734 0.57295775
3.85 9.25 0.96 8.021409 1.7188734 3.4377468
3.99 9.33 0.42 4.583662 3.4377468 1.1459155
3.56 9.32 1.0699999 -2.8647888 1.1459155 -2.291831
3.47 9.17 1.1999999 0.0 -0.57295775 -2.8647888
3.33 9.09 1.01 2.291831 2.291831 -1.1459155
3.49 9.059999 1.24 1.1459155 4.0107045 0.0
3.6299999 9.29 0.98999995 1.1459155 2.291831 1.7188734
3.53 9.139999 0.68 0.0 4.0107045 1.1459155
3.07 9.01 1.06 -7.448451 7.448451 1.7188734
3.3999999 9.11 1.53 -10.886198 6.3025355 5.15662
4.29 9.24 1.4499999 -2.8647888 1.7188734 10.31324
4.52 9.32 1.13 7.448451 -4.0107045 4.0107045
3.79 9.179999 0.71999997 8.594366 -4.0107045 -1.1459155
3.1999998 9.15 0.78999996 2.291831 0.0 -5.15662
3.6799998 9.08 1.3299999 -7.448451 2.291831 0.0
4.02 9.04 1.54 -8.594366 4.583662 2.291831
3.54 9.09 1.1999999 4.0107045 -1.1459155 -2.8647888
3.51 9.13 1.03 8.021409 -2.8647888 -3.4377468
3.55 9.13 0.83 4.0107045 1.7188734 -1.7188734
3.6599998 9.01 0.81 1.7188734 4.583662 -1.1459155
3.57 9.0199995 1.31 -2.8647888 5.7295775 -0.57295775
3.59 8.98 1.1999999 0.0 -1.1459155 -1.7188734
3.47 8.88 0.84999996 8.021409 -6.3025355 -1.7188734
3.31 8.66 0.42 7.448451 -0.57295775 0.57295775
3.1599998 8.74 0.90999997 -1.7188734 2.8647888 4.583662
