1.6688095 9.775824 0.44772938 2.099125 13.44168 5.546135
1.7238779 9.565128 0.3615355 6.089125 7.3166795 4.531135
1.7693691 9.505271 0.21548474 8.399125 1.61168 6.4561353
1.776552 9.435837 0.076616794 8.154125 1.7866801 8.346135
1.7573977 9.284998 0.11013664 5.4241247 3.32668 10.2361355
1.4317763 8.940222 0.23942748 3.219125 -1.01332 11.426135
0.80687064 8.576292 0.57223165 3.5341249 -8.29332 12.931135
0.56744313 8.303345 1.1827718 2.554125 -17.18332 17.936134
-0.0670397 7.743085 2.710319 -3.5708752 -28.908321 28.716133
0.4285752 7.1373334 4.436591 -10.430876 -37.553318 46.286137
1.6927522 7.2953553 5.8228765 -7.105875 -43.67832 68.12614
2.205127 7.850827 7.637737 6.964125 -42.13832 84.016136
1.637684 8.645726 8.102226 28.279125 -25.09332 93.15114
5.087834 9.555551 8.267431 52.429127 12.07668 108.061134
7.1397276 9.771035 8.475733 61.70413 57.54168 136.97115
5.5786605 9.900327 9.615408 62.019127 81.23668 147.89113
7.5299945 10.884374 8.332076 65.97412 83.23168 126.78614
10.427067 11.894757 6.531582 79.20413 91.036674 115.166145
10.38397 11.389565 6.6680555 85.78413 115.50168 109.91613
8.499676 10.108628 7.1828246 72.02913 141.47168 84.82114
8.044764 9.182044 6.605804 57.399128 156.55667 56.506138
11.827718 8.229122 5.0423427 78.99413 159.46169 67.18113
13.697646 8.059129 4.173221 87.219124 167.26668 69.31613
13.496527 8.506859 2.8252442 94.28912 172.48169 44.781136
12.421497 8.334471 1.9441512 97.85912 167.89668 15.241136
11.945037 6.6848154 0.5913859 98.94413 169.0167 2.3961349
12.134185 6.567496 0.3423813 87.604126 165.34167 0.401135
14.650568 7.249864 0.7709565 67.689125 150.81667 10.2361355
15.565181 6.873963 0.8140534 53.024124 149.48668 12.791135
13.309773 6.6249585 0.92658436 49.244125 161.17667 -1.208865
14.174107 7.3025384 0.45251793 60.829132 158.6567 -9.503865
16.49416 7.5323887 -1.0439038 76.579124 134.19168 -1.0688651
17.50933 7.1924014 -1.3623424 76.75412 131.28667 -3.4138649
16.388811 7.8364615 -0.11492519 61.17913 140.42168 -24.693867
16.81978 7.9585695 -0.8236305 65.274124 136.99168 -43.768867
17.207653 7.8197017 -2.9210153 97.369125 125.02168 -53.288868
15.478987 7.161276 -4.189981 120.329124 123.551674 -69.493866
13.563567 6.438205 -3.5315554 111.01913 115.921684 -93.04886
11.667301 6.2945485 -2.0973847 91.83913 96.04168 -111.633865
11.303371 6.9936767 -2.257801 91.66413 79.17168 -119.648865
11.339286 6.7063637 -3.0646718 110.00413 64.99668 -116.91886
9.42626 6.2275085 -3.4118416 127.18913 47.00668 -115.83386
7.307327 6.019207 -3.1939626 132.96413 27.371681 -125.108864
6.095824 5.3009243 -3.0814316 135.93913 -2.83332 -139.80887
5.4852834 4.879532 -3.213117 145.10913 -45.35832 -147.01886
4.4629283 4.6712303 -4.1397014 158.82913 -89.77332 -146.24886
3.1412885 4.9561486 -4.333637 168.76912 -124.45833 -142.53886
2.8084843 4.896292 -3.9194279 163.30913 -154.20833 -138.30388
2.667222 4.7334814 -3.624932 143.49913 -180.77332 -129.06387
2.2745612 4.9274178 -3.7422516 124.00412 -195.92831 -118.143875
1.5275474 5.3248672 -3.3304362 108.42913 -203.41833 -108.938866
0.3974496 5.174028 -2.3200524 92.259125 -209.08832 -104.73887
-0.026337024 4.989669 -1.4820561 77.90913 -216.96332 -109.743866
-0.014365649 4.7885494 -1.8004947 71.119125 -228.82832 -111.73886
-0.9194015 4.5084195 -2.300898 75.59912 -233.3083 -103.93387
-1.5850099 4.336032 -1.7095122 77.80412 -230.01831 -99.06887
-2.1548474 3.7207031 -1.4317763 69.12412 -230.36832 -97.73887
-2.7917244 3.833234 -0.9433443 62.36913 -235.40831 -93.538864
-3.5650752 3.737463 -1.2186859 61.249126 -234.67334 -86.74886
-4.0104103 3.2777622 -1.2354459 61.739124 -229.07333 -81.84887
-3.0718546 2.430189 -1.4700848 32.759125 -216.40332 -69.45886
-2.648068 2.4014575 -1.3910737 4.3041253 -200.47832 -53.288868
-4.460534 2.8420043 0.26337022 -31.255875 -170.0283 -40.93387
-5.025583 1.089395 1.5514901 -52.850876 -148.57332 -51.118862
-5.741471 0.2944958 2.6097596 -55.195877 -162.11832 -74.46387
-6.754249 1.0870007 3.553104 -40.810875 -187.07332 -69.843864
-7.6185822 2.126116 4.312089 -21.560875 -193.96832 -47.268864
-6.28976 0.9313729 4.37434 -8.680875 -183.39833 -28.158865
-5.2147307 -0.24421602 4.398283 3.9541254 -169.99332 -15.593864
-5.312896 -0.057462595 3.6656346 29.399126 -170.86833 -4.428865
-6.55313 1.1899546 3.371139 58.134125 -178.53333 4.006135
-6.1484976 1.063058 3.8930907 65.97412 -182.06833 9.536135
-4.288146 -0.043096945 4.4988422 60.79412 -181.26334 19.161135
-3.1365 -0.67279124 4.7167215 67.479126 -175.62833 31.761135
-3.833234 0.13647367 5.4493694 79.34413 -169.53833 37.326138
-4.0750556 0.9289786 5.973716 89.21412 -158.09332 37.291134
-2.8467927 0.6201172 6.143709 96.98413 -139.96332 41.841133
-1.5467016 0.22745611 6.682421 101.954124 -122.53332 48.771137
-2.2793496 2.3200524 6.648901 108.009125 -109.51332 49.541138
-2.604971 3.2729738 6.143709 126.909134 -92.43332 61.126137
-1.7933118 2.6983478 6.22272 141.22412 -82.98332 94.02614
-2.0614705 5.4302154 7.8388557 122.35912 -91.978325 112.54114
1.4221992 7.9681463 8.722343 88.12913 -88.05832 130.53113
5.549929 7.3169036 8.609812 70.66412 -77.45332 177.29112
2.9114382 7.290567 10.846065 60.16413 -73.63833 193.04114
2.0518935 9.720756 11.600262 39.969128 -54.388317 157.48114
6.646507 11.150138 9.337671 40.63413 -25.26832 151.39113
7.2977495 10.230737 7.7095647 66.394135 -6.68332 177.15114
4.0822387 10.479741 8.849239 72.799126 8.436681 163.01114
3.4286015 12.347275 8.516436 56.594128 29.611677 127.17113
6.8715687 13.288225 5.322473 53.549126 49.736683 127.69614
9.277815 12.672896 3.7757714 68.87913 65.27668 148.45114
7.125362 12.067145 4.575459 73.604126 77.35168 140.82114
5.3799353 13.293014 5.437398 54.424126 71.71668 106.94114
7.616188 13.19006 3.4477558 47.529125 98.52668 104.03614
8.277008 12.031231 2.0806248 57.189125 111.616684 102.32114
6.6273527 11.9187 2.5115943 57.644127 112.14168 79.991135
6.5124273 13.6162405 1.4916332 62.859127 108.50168 69.77114
8.394327 12.955421 -1.4293821 75.45913 119.14168 74.14613
7.3049326 11.760678 -2.2961094 64.259125 121.24169 63.12113
5.90907 11.27464 -0.37590113 34.439125 109.23669 42.226135
5.355993 11.466182 0.6488485 19.249125 101.46668 34.141136
6.629747 11.585896 -0.7350424 31.289127 101.64168 40.721138
6.797346 10.881979 -1.5538844 47.73912 104.12668 40.581135
5.6457 10.494106 -0.9241901 45.814125 98.21168 24.446135
5.1429024 11.087887 -0.8236305 37.589127 91.63168 15.101137
5.7175283 10.992116 -1.7214836 39.689125 92.051674 22.066135
5.5786605 10.676071 -2.439766 47.144123 92.33168 26.721136
5.7965393 10.439038 -1.9824595 47.179127 86.87168 20.246136
5.4158497 10.618608 -1.7957062 42.629128 75.14668 11.251135
5.078257 10.685649 -2.640885 46.689125 69.161674 3.516135
4.5084195 10.022434 -3.2633965 55.649128 71.01668 1.241135
4.4629283 9.792584 -2.8707354 53.61912 64.29668 1.2761351
4.106181 10.134965 -2.6217308 43.819126 49.036682 -2.083865
4.005622 9.996098 -3.1748085 38.324127 39.55168 -5.618865
3.8260512 9.273026 -2.988055 35.20912 38.32668 -4.498865
3.3783216 8.849239 -1.9489397 24.429127 29.996681 -5.1288652
3.3902931 8.825297 -1.446142 12.669125 20.546679 -7.1588645
3.3855045 8.906702 -1.2593886 10.079125 13.44168 -4.533865
3.3328304 8.746285 -1.1564348 11.724126 9.66168 -1.803865
3.4812756 8.679246 -1.0199611 12.214125 8.01668 0.086135
3.4142358 8.79896 -0.90503585 9.729126 5.81168 2.3261352
3.6871831 9.074302 -0.25379312 2.9741251 4.76168 4.426135
3.9433706 9.067119 0.6177229 -8.0858755 4.5166802 6.946135
4.0918155 9.189227 0.67279124 -13.405874 3.6416802 7.051135
3.981679 9.081485 0.5243462 -7.2458754 1.4366801 3.796135
3.407053 8.971348 0.8332076 0.979125 -2.41332 -0.053865
3.2011454 9.021627 1.158829 1.294125 -3.0433202 -2.853865
3.6560576 9.12937 0.97446984 -2.2058752 -0.41832 -2.083865
3.9074564 9.12937 0.5770202 -0.315875 3.11668 1.661135
3.371139 9.201198 0.6392714 4.024125 4.55168 3.551135
3.0622776 9.189227 0.8547561 3.6041248 3.7816803 -2.538865
3.2969165 9.026416 0.45730647 5.0391254 4.37668 1.696135
3.545921 9.09585 0.20590763 5.9491253 5.1466804 6.106135
3.7733772 9.311335 0.3328042 1.3291249 4.27168 6.6661353
3.7829542 9.29218 0.81165916 -3.675875 1.85668 4.6011353
3.5554981 9.160496 0.7972935 -3.220875 1.15668 1.9061351
3.562681 9.1940155 0.49800915 0.629125 1.75168 0.751135
3.684789 9.2419 0.6105401 0.944125 1.36668 1.2761351
3.7829542 9.25866 0.82602483 -2.310875 1.2966801 0.891135
3.6440864 9.04557 0.62251145 -1.995875 1.6466801 -0.368865
3.553104 9.047964 0.6656084 0.244125 2.8716798 -1.243865
3.5866237 9.064724 0.77574503 0.034125004 2.52168 -0.64886504
3.512401 9.035994 0.6249057 1.469125 1.33168 -0.788865
3.8212626 9.055147 0.23942748 4.969125 1.5066801 -0.893865
3.7494342 9.103033 0.28013015 4.8291254 1.9616798 -0.088865004
3.4645157 9.170073 0.57462597 -0.59587497 3.9566798 -0.998865
3.3424077 9.093455 0.71828246 -4.725875 6.54668 -2.153865
3.275368 8.976136 0.52674043 -2.310875 5.4966803 -0.858865
3.241848 8.968953 0.6296943 1.2241249 2.7316802 1.6261351
3.7254915 9.148524 0.7709565 -0.560875 1.1916801 4.811135
4.697567 9.296969 0.68715686 -2.135875 0.84168 7.7511344
3.79732 9.06233 0.6201172 0.55912507 -0.03332 5.546135
3.0096035 8.952193 0.8356019 3.429125 -2.06332 -3.6938648
3.0886145 8.906702 0.5602603 4.9341254 -0.76831996 -6.178865
3.7494342 9.06233 0.34477556 6.649125 -0.97832 -0.26386502
4.07745 9.246689 0.5027977 4.759125 -0.62832004 5.721135
3.7230973 9.25866 0.6392714 0.55912507 -2.41332 4.0761347
3.3926873 9.1628895 0.6177229 0.664125 -2.06332 -1.6638651
3.459727 9.004868 0.45012367 2.554125 -0.52332 -3.2388651
3.553104 8.937828 0.51716334 2.589125 -1.18832 -1.138865
3.6704233 9.055147 0.6344828 0.804125 -1.74832 1.136135
3.7829542 9.148524 0.57462597 -0.280875 -1.36332 2.256135
3.902668 9.09585 0.3902668 0.594125 -1.11832 2.256135
3.7590115 9.071907 0.4668836 1.9591252 -2.06332 -0.053865
3.476487 9.057542 0.5985687 0.664125 -1.7833201 -2.013865
3.387899 9.11261 0.5458947 0.699125 -0.48832 -1.453865
3.5794408 9.026416 0.3328042 2.029125 -0.06832 0.856135
3.7733772 9.06233 0.43575802 0.83912504 -0.52332 2.256135
3.6967604 9.0838785 0.44054657 -0.38587502 -2.02832 1.2761351
3.5602865 9.148524 0.54350036 -0.070875 -3.0783203 -0.22886501
3.6392977 9.057542 0.46209505 0.069125 -2.09832 0.226135
3.5602865 9.0288105 0.63208854 -1.9608749 -0.38332 1.556135
3.6871831 8.983319 0.723071 -3.290875 0.28168002 2.151135
3.8475995 9.150918 0.74222517 -1.225875 -2.48332 2.2211351
3.8811195 9.208381 0.5770202 2.589125 -3.0083199 1.4511349
3.79732 9.186832 0.45730647 4.2341247 -1.8183202 0.051135
3.4884584 9.040782 0.4860378 3.009125 -0.45332003 -1.4188651
