1.79 8.5 0.11 -0.57295775 -20.053522 -6.8754935
2.21 7.98 1.15 -7.448451 -39.53409 -1.1459155
2.35 7.75 0.69 -5.7295775 -48.701412 -0.57295775
2.1 7.31 -0.34 8.021409 -24.637184 -2.291831
1.5899999 6.7799997 0.03 4.0107045 -12.032113 -3.4377468
1.5 6.2999997 0.16 -2.8647888 -22.91831 -1.1459155
1.5799999 5.3599997 0.099999994 2.8647888 -34.377464 0.57295775
1.9599999 4.48 -1.31 17.188732 -45.83662 5.7295775
1.78 4.0 -1.66 8.021409 -42.971836 13.750987
1.9699999 3.53 -0.96999997 -22.91831 -37.242256 25.210142
2.12 3.1999998 0.21 -49.27437 -41.825916 35.523384
2.85 3.29 1.6899999 -56.72282 -49.84733 42.398876
4.37 2.62 2.02 -44.11775 -61.30648 44.11775
4.72 2.3799999 1.88 -28.07493 -72.76564 34.950428
4.14 2.24 2.1599998 -25.7831 -80.78705 38.38817
4.2799997 2.1699998 3.3799999 -33.80451 -73.33859 69.32789
6.24 1.93 4.87 -37.815212 -69.900856 89.38142
8.04 2.27 5.49 -25.210142 -59.58761 117.456345
8.65 2.54 5.54 -15.469859 -51.5662 118.60226
7.94 2.2 5.5299997 4.0107045 -35.523384 121.46705
6.37 2.24 6.74 9.740283 -14.896902 144.38536
8.2 2.75 7.68 8.021409 4.583662 183.34648
12.92 3.27 8.13 23.49127 7.448451 216.57805
16.71 4.7999997 8.61 49.84733 14.896902 223.45354
13.74 5.7599998 10.59 60.733524 37.815212 202.2541
12.79 6.68 12.59 45.263664 56.72282 199.38931
15.259999 6.8399997 12.44 56.72282 74.48451 214.28621
17.6 6.75 11.67 79.641136 84.22479 209.70255
16.8 6.31 11.179999 80.78705 98.54874 177.61691
16.01 5.48 12.05 66.463104 130.06142 157.5634
17.13 5.0699997 11.54 62.4524 146.67719 161.5741
17.529999 5.25 11.45 76.203384 169.02255 161.5741
18.41 5.5699997 11.67 84.79775 178.18987 159.28227
18.41 5.2799997 11.82 102.55944 181.62761 142.66649
18.3 4.77 10.73 127.76959 189.64903 124.33183
16.96 5.2999997 9.679999 154.12566 221.1617 116.883385
17.22 5.2799997 9.429999 171.88734 239.49635 119.74818
18.24 6.16 8.08 197.67043 222.88057 120.89409
19.27 7.98 5.66 241.78818 211.99437 95.68395
19.22 8.61 3.4299998 256.6851 210.2755 45.263664
16.93 9.389999 4.31 220.58875 195.3786 -7.448451
16.93 8.73 4.89 161.00114 180.4817 -37.242256
16.21 7.35 6.04 101.41353 165.5848 -59.014652
15.23 6.2 7.35 59.58761 147.8231 -73.91155
15.259999 5.2799997 6.99 62.4524 139.80171 -80.21409
14.57 4.79 5.5699997 92.24621 151.26085 -92.81916
12.349999 4.64 5.25 104.85127 153.55267 -109.43494
10.219999 4.1 5.2 101.41353 136.9369 -108.86198
8.49 4.49 4.71 114.0186 119.74818 -91.67324
7.62 5.3599997 3.8999999 130.06142 114.59156 -79.06818
9.05 6.68 2.83 202.2541 83.65183 -45.83662
10.13 7.19 0.42 227.46425 58.441692 -45.83662
10.36 7.37 -1.3399999 252.10144 12.605071 -77.349304
8.59 7.18 -1.29 231.47495 0.57295775 -108.86198
7.4199996 6.44 0.21 179.33578 -4.0107045 -123.18592
6.6299996 5.54 0.24 135.21803 -20.62648 -122.61296
6.0 4.95 0.35 110.58085 -32.085636 -119.74818
4.77 4.83 0.45999998 97.97578 -31.51268 -120.32113
4.24 4.2999997 -0.07 96.256905 -42.398876 -114.0186
3.84 4.22 -0.84999996 114.0186 -59.58761 -108.86198
2.75 4.0899997 -1.29 133.49916 -68.75493 -111.15381
2.75 4.0899997 -1.29 133.49916 -68.75493 -111.15381
1.68 4.3399997 -1.0699999 139.80171 -90.52733 -105.997185
1.12 4.77 -1.56 135.21803 -116.31043 -91.67324
0.77 4.5099998 -1.43 123.75887 -130.06142 -78.49522
0.19999999 4.5899997 -1.31 110.58085 -142.09354 -73.33859
0.51 4.8399997 -0.97999996 104.27831 -148.96902 -67.03606
-0.01 4.89 -1.3 103.1324 -152.40677 -66.463104
-0.71999997 4.83 -1.12 95.11099 -154.69861 -68.18198
-1.24 5.0 -0.39 79.641136 -153.55267 -58.441692
-1.12 5.0299997 0.12 69.900856 -158.13635 -43.544792
-0.7 4.69 0.14999999 68.18198 -166.15775 -29.793804
-1.02 4.99 0.21 68.18198 -167.30367 -25.7831
-1.28 5.22 0.26999998 66.463104 -163.86592 -20.62648
-1.02 5.43 0.91999996 64.74423 -157.5634 -9.167324
-0.25 5.2799997 0.87 61.30648 -155.84453 0.0
-0.42 5.39 0.78 56.14986 -149.54198 2.291831
-1.49 5.2999997 1.7099999 40.680004 -131.78029 -0.57295775
-2.48 5.8599997 2.11 17.188732 -120.89409 2.8647888
-1.73 6.19 2.32 5.7295775 -121.46705 29.793804
-0.97999996 6.89 1.8299999 2.8647888 -132.92621 57.29578
-1.04 6.5099998 2.74 0.57295775 -131.20734 48.701412
-0.88 7.47 3.83 -1.7188734 -144.95831 34.377464
-1.29 7.3199997 3.24 3.4377468 -148.96902 35.523384
-0.95 7.3999996 3.6799998 8.021409 -126.62367 40.107044
-0.58 7.5299997 3.8899999 7.448451 -120.89409 42.398876
-1.74 7.44 3.5 1.1459155 -118.029305 48.128452
-1.09 8.38 4.25 -0.57295775 -99.1217 59.58761
0.0 8.389999 4.14 0.0 -101.98649 67.03606
0.77 7.6699996 3.08 2.291831 -112.87268 72.76564
-1.4599999 8.45 4.3399997 -9.740283 -89.38142 54.43099
-0.98999995 8.79 5.0299997 -13.750987 -89.95437 67.60902
2.08 8.67 3.9499998 -4.0107045 -104.27831 82.50592
0.44 8.7699995 3.36 -8.594366 -95.68395 72.19268
-0.42 9.0 3.9399998 -21.772396 -85.37071 65.890144
1.3299999 9.83 6.18 -46.40958 -74.48451 71.04677
2.53 9.51 5.58 -34.377464 -80.78705 73.33859
0.84 10.28 5.4 -21.772396 -64.74423 58.441692
0.71999997 10.58 5.5699997 -23.49127 -53.285076 61.30648
2.37 10.96 5.72 -29.220846 -49.84733 70.47381
2.1299999 10.53 5.27 -38.38817 -50.420284 64.17127
1.65 11.11 6.37 -50.420284 -41.25296 55.576904
1.5699999 11.349999 6.24 -52.712116 -41.25296 53.858032
2.3 11.11 5.95 -48.701412 -34.950428 57.29578
2.45 11.059999 5.91 -42.971836 -31.51268 60.733524
2.75 11.03 5.9 -32.658592 -31.51268 59.58761
2.57 11.16 4.79 -14.896902 -38.961132 56.14986
2.96 11.59 4.3199997 -4.583662 -33.231552 50.420284
2.9299998 11.5199995 4.25 -11.459155 -29.220846 48.128452
3.6 11.66 5.3199997 -22.345354 -30.366762 48.128452
3.82 11.719999 4.67 -20.62648 -25.210142 42.398876
3.61 11.57 4.35 -17.188732 -11.459155 30.366762
2.8999999 11.44 5.37 -26.356058 -7.448451 22.345354
3.1699998 11.509999 5.77 -25.210142 -10.31324 24.064226
4.06 11.12 5.27 -17.188732 -12.605071 25.210142
3.6599998 10.349999 3.78 -1.1459155 -6.3025355 13.750987
3.51 10.219999 3.99 -8.594366 1.7188734 7.448451
3.52 10.01 4.62 -13.178029 4.0107045 6.8754935
3.8 9.87 4.0299997 -10.886198 3.4377468 5.15662
3.6999998 9.179999 3.86 -6.3025355 5.15662 2.8647888
2.99 8.84 4.0899997 -9.740283 5.7295775 -1.1459155
3.08 8.97 4.39 -10.886198 5.15662 0.57295775
3.77 9.0199995 4.25 -3.4377468 5.15662 8.594366
3.74 8.889999 3.9199998 5.7295775 6.3025355 8.594366
3.58 8.95 3.77 7.448451 4.0107045 3.4377468
3.74 8.88 3.61 5.7295775 2.291831 1.7188734
3.9199998 8.87 3.35 1.1459155 4.583662 -1.7188734
3.4099998 8.55 3.1899998 -6.3025355 9.740283 -5.15662
3.01 8.54 3.97 -14.896902 12.032113 -5.15662
3.49 8.48 4.5 -10.31324 8.021409 1.1459155
3.8799999 8.5 3.9099998 5.15662 6.3025355 1.7188734
3.6599998 8.37 3.1799998 11.459155 8.021409 0.57295775
3.3799999 8.429999 2.84 8.594366 9.167324 -1.7188734
3.53 8.45 3.1599998 -0.57295775 6.3025355 0.0
3.75 8.41 3.6899998 -2.8647888 4.583662 0.57295775
3.8799999 8.47 3.6499999 -1.1459155 2.8647888 0.0
3.8 8.49 3.29 2.8647888 2.291831 -3.4377468
3.6299999 8.42 3.01 1.1459155 4.583662 -5.7295775
3.32 8.2 3.12 -5.15662 6.3025355 -5.7295775
3.3 8.099999 3.53 -10.886198 8.594366 -4.0107045
3.33 8.23 3.61 -8.594366 8.594366 0.0
3.47 8.45 3.5 -0.57295775 8.594366 2.8647888
3.6599998 8.54 3.27 5.15662 4.0107045 4.583662
3.6499999 8.59 3.1599998 6.3025355 -0.57295775 2.291831
3.5 8.67 3.1499999 2.8647888 -2.291831 -1.7188734
3.3999999 8.429999 3.47 -2.8647888 0.57295775 -0.57295775
3.1999998 8.47 3.86 -6.3025355 0.0 -1.7188734
3.47 8.48 4.0099998 -4.0107045 -1.1459155 0.0
3.6399999 8.53 3.8 2.291831 -1.1459155 1.1459155
3.37 8.57 3.4399998 5.7295775 0.0 -0.57295775
3.49 8.63 3.3899999 4.0107045 0.57295775 -1.1459155
3.61 8.45 3.4499998 -2.8647888 2.291831 -0.57295775
3.37 8.32 3.56 -4.583662 2.291831 -1.7188734
3.24 8.26 3.83 -5.15662 1.7188734 -3.4377468
3.48 8.3 3.76 -1.7188734 -1.1459155 -2.291831
3.37 8.36 3.6 1.1459155 0.0 0.0
3.24 8.36 3.36 2.291831 2.8647888 -1.1459155
3.3899999 8.28 3.56 0.0 2.8647888 -0.57295775
3.57 8.23 3.47 -0.57295775 0.0 0.0
3.1299999 8.19 3.3799999 0.0 -2.291831 -2.291831
3.04 8.26 3.84 -1.7188734 0.57295775 -2.291831
3.58 8.429999 3.9399998 -2.291831 -0.57295775 2.8647888
3.7099998 8.46 3.8 1.7188734 -1.7188734 2.291831
3.1299999 8.389999 3.47 3.4377468 0.0 -1.1459155
3.1599998 8.349999 3.52 0.0 0.0 -1.1459155
3.4199998 8.3 3.72 -3.4377468 -1.7188734 0.0
3.3799999 8.3 3.75 -4.583662 0.0 0.0
3.22 8.25 3.81 -3.4377468 1.1459155 0.0
3.3999999 8.48 4.0299997 -1.1459155 -1.1459155 1.1459155
3.49 8.58 3.86 0.57295775 -1.7188734 1.7188734
