2.403852 9.076695 1.2426286 1.251355 -12.597025 -1.267175
2.2362528 8.913885 1.3288225 -4.558645 -11.757025 2.862825
2.2338583 8.691217 1.3096683 -7.9886456 -14.942026 6.747825
2.1716073 8.502069 1.1085492 -6.028645 -12.457026 10.562825
2.2673783 8.209969 1.2929084 -4.2086453 -12.212025 13.922826
2.343995 7.965752 2.1237218 -5.293645 -15.327024 18.997826
2.308081 7.699988 2.4254005 -8.723645 -19.667025 25.507824
2.3200524 7.613794 1.9848539 -5.6786447 -18.687025 31.632822
2.4637089 7.5754857 2.0710478 6.396355 -11.407025 39.052826
1.960911 7.3576064 2.604971 17.806356 -6.6120253 46.577827
2.5307484 7.23071 2.8539755 21.516356 -6.927025 52.107826
4.398283 7.8699813 4.3887057 23.161356 -11.722025 63.062824
4.07745 7.692805 5.8587904 22.776356 -15.817026 79.40783
2.7989073 6.998465 5.949773 24.071356 -7.522025 81.29783
2.6193366 6.873963 5.547535 42.586353 10.257975 75.76783
7.067899 8.219545 4.575459 70.41136 17.257977 83.25783
7.929838 9.70639 5.296136 82.69636 13.127975 109.15782
6.629747 9.296969 7.448589 75.451355 17.747974 126.587814
5.585843 8.166871 8.095043 50.776356 43.05298 118.22283
9.775824 8.018426 7.439012 40.031357 76.337975 114.19782
14.274667 10.213976 2.3870919 62.886356 92.64798 122.84283
10.726351 10.881979 4.103787 100.51135 87.99297 137.57782
8.351231 10.360027 6.091035 118.67635 99.96298 108.77283
7.47732 8.542772 5.2913475 85.91636 152.07799 61.592823
10.886767 8.346442 3.4980354 65.12635 208.49797 62.222824
17.478207 9.974549 0.818842 83.43136 216.12798 93.05782
15.514901 10.156514 3.8930907 106.18136 142.62798 125.85282
13.29062 8.394327 5.375147 63.51636 128.38297 77.972824
11.736735 6.325674 6.759038 30.441355 162.22798 46.612827
14.629019 5.8611846 6.021601 38.421352 173.568 40.977825
17.763124 6.1724405 5.2147307 77.09635 138.98799 48.15283
17.533274 5.9976583 4.4270144 112.201355 101.04797 40.802826
16.06319 5.8875217 3.7063375 128.30135 102.48298 4.7528253
15.790242 5.2865586 2.7294734 136.03635 131.63797 -31.577173
16.25952 5.097411 1.5203645 142.23135 148.40297 -43.862175
16.546833 5.276982 0.117319465 144.40137 143.95798 -52.157177
15.6777115 5.7606254 -1.350371 142.65135 131.63797 -71.47718
14.839715 6.1269493 -2.5092 140.13136 133.38799 -91.14718
13.072741 5.8611846 -2.1237218 131.66135 139.44296 -103.71217
11.909122 5.9258304 -1.5826156 108.94636 107.17297 -136.61217
11.468576 5.9114647 -2.083019 116.54136 80.642975 -142.66718
11.4446335 5.602603 -3.1293173 124.34637 58.732983 -142.49217
10.752688 5.724711 -2.8970726 117.94136 38.572975 -148.61719
10.046377 5.403878 -2.439766 106.951355 21.947975 -161.49718
8.447001 5.176422 -2.5115943 105.65636 7.8779745 -169.44218
7.4414062 5.39909 -2.5642684 110.976364 -5.5270247 -169.93217
7.292961 4.810098 -3.2202997 110.591354 -23.937025 -163.73718
6.141315 4.278569 -2.935381 95.15636 -37.307026 -155.58217
3.2250881 4.242655 -1.9968252 69.57136 -39.477024 -154.14719
2.1285102 4.577853 -2.4254005 56.376354 -41.052025 -152.50217
2.2673783 4.103787 -3.4525442 56.656357 -48.647026 -139.30717
1.611347 3.9433706 -2.300898 43.671356 -61.03703 -128.00217
0.42618093 3.8188684 -0.22745611 15.461356 -75.66703 -132.93718
-0.35914123 4.2618093 1.2043202 2.161355 -92.012024 -140.60217
-0.52674043 4.5060253 0.9433443 19.486353 -108.74203 -135.73717
-0.10055954 4.7119327 -0.0023942748 54.521355 -129.67203 -123.417175
-0.2657645 4.2378664 0.019154198 83.991356 -156.30702 -118.692184
-2.0854135 4.235472 -0.18675344 98.09635 -181.92702 -127.12718
-3.1604428 5.152479 -0.38547826 107.966354 -195.47202 -135.77219
-2.667222 4.6927786 -1.0726352 113.18136 -204.85202 -123.52218
-2.4349775 4.0966043 -1.0870007 106.39136 -212.90202 -100.87718
-3.354379 3.7350688 -0.34716985 88.01635 -212.90202 -88.31217
-4.067873 4.113364 0.66321415 69.43136 -209.01703 -82.18717
-4.000833 4.398283 0.54350036 61.451355 -207.93202 -70.847176
-3.5052183 4.048719 -0.27055305 66.38636 -207.72203 -57.75717
-4.1564612 4.2570205 -0.31604427 70.09636 -202.47203 -49.602173
-4.8124924 4.3887057 0.24421602 61.066357 -192.39201 -44.597176
-4.252232 3.9744961 0.37829542 45.211357 -185.28702 -36.022175
-3.7781656 3.9673133 0.4764607 36.146355 -186.37202 -22.337173
-3.8571768 3.9697077 0.84996754 35.586353 -193.86205 -8.442175
-3.6919718 3.6536634 1.3192455 34.151356 -200.93204 0.167825
-3.3615618 3.1939626 2.3368123 30.441355 -204.11702 4.122825
-3.1843855 3.4333901 2.6073654 28.131355 -205.30704 8.007825
-3.2633965 3.6177492 2.4996228 33.941357 -202.82204 15.707825
-2.3894863 3.0335462 2.9305923 41.851357 -198.37703 22.707827
-2.126116 3.1819913 3.7829542 37.966354 -200.44202 24.457825
-2.944958 3.9002736 4.522785 40.626354 -198.02704 24.947826
-2.116539 3.2729738 5.724711 42.236355 -192.81201 30.197824
-1.1300977 2.7366562 5.5523233 50.636356 -184.62202 34.712826
-1.9130256 4.103787 4.9705143 67.96135 -173.45703 37.372826
-2.1237218 4.9968514 6.510033 71.63635 -167.33203 48.78282
0.11013664 3.46691 7.6688623 60.01636 -169.88702 65.47782
1.802889 3.8906965 7.350424 66.00135 -162.85202 77.30782
0.94573855 5.6768255 7.0774765 83.95636 -144.47702 84.41283
1.0199611 6.4980617 8.27222 85.46136 -131.49203 90.99283
3.083826 5.8875217 8.956982 79.75635 -122.74203 107.23283
5.233885 6.593833 8.001666 88.01635 -103.21203 123.61283
5.784568 8.1549 6.60341 106.881355 -80.74203 130.40283
5.4086666 8.983319 6.4166565 111.71136 -64.012024 131.13783
5.8061166 8.679246 7.721536 91.97136 -43.957024 131.90782
6.7015753 9.301758 7.518023 76.186356 -16.727024 136.52783
7.8364615 10.345661 5.5116205 90.22135 11.412975 143.77281
7.759845 10.79818 4.592219 110.76636 22.192976 143.77281
7.1325445 10.309748 5.2937417 108.91136 18.622974 127.67284
7.5060515 10.592272 4.8412237 97.36136 27.827974 116.82283
9.629773 12.7662735 2.9689007 94.771355 56.877975 133.13283
11.497308 13.642578 0.7709565 101.21136 88.657974 150.59782
10.601849 13.048798 -0.23224466 114.86135 96.28798 134.95282
8.502069 12.622617 -1.515576 122.56135 81.727974 95.402824
8.025609 13.386391 -0.7637737 103.27635 82.98798 73.00282
9.450203 14.0567875 -0.5243462 53.891357 105.59798 83.817825
10.213976 12.936267 -0.13886794 17.876356 125.89798 96.31283
8.961771 11.262669 -0.019154198 14.236356 121.10298 78.32282
7.8388557 10.242707 0.14365649 29.461355 101.88798 44.33783
8.063917 10.925076 0.18675344 35.20136 92.05298 32.647827
8.336864 11.066339 -1.0774237 26.171356 97.127975 43.042824
9.296969 10.302565 -1.6017698 18.961355 119.38798 53.017826
8.425453 9.615408 -0.7015225 8.181355 136.99298 50.287823
7.355212 10.479741 0.30646718 -4.383645 130.79797 34.397823
8.511647 10.769448 -0.5411061 2.756355 110.98797 25.997826
9.378374 10.142148 -2.2745612 32.401356 99.54297 32.787823
8.214757 9.541185 -2.6983478 59.106354 95.762985 24.212826
6.629747 8.858817 -2.0518935 65.16135 96.00797 -6.3421745
6.0479383 8.739103 -1.7310607 56.026356 90.23298 -28.182175
6.691998 8.669669 -2.0447106 38.386353 73.01297 -12.327175
6.794952 8.490098 -2.2841382 31.281355 72.27798 -11.417175
6.114978 7.972935 -2.3272352 24.596355 74.06298 -21.427176
5.5547175 7.501263 -2.3296294 19.381355 77.03797 -34.097176
4.3911 7.2714124 -2.7031362 18.471355 78.12298 -39.487175
3.816474 7.90829 -2.928198 23.161356 65.45297 -30.002172
3.6105664 8.097438 -2.1093562 19.171356 34.057976 -16.422176
3.9768906 8.008849 -1.2306572 9.091355 6.407975 -10.682175
3.6919718 7.8460383 -0.55786604 4.121355 -6.6120253 -11.382175
3.615355 7.987301 -0.27055305 8.3913555 -11.127026 -8.897175
3.8475995 8.344048 -0.047885496 14.831356 -13.402025 0.902825
4.4653225 8.880365 -0.16759923 17.036354 -15.117025 8.602825
5.0184 9.222747 -0.22745611 13.256355 -14.942026 11.542825
5.0160055 9.201198 0.44533512 1.7413551 -19.457026 8.427825
4.992063 8.978531 1.1109436 -10.333645 -28.242025 2.4778252
5.2458563 8.806143 1.3048798 -16.633646 -32.757027 3.177825
5.652883 8.48531 1.7238779 -20.413645 -29.607023 9.127826
5.9186473 8.298556 1.9465454 -23.248646 -22.572025 11.262825
5.8659735 8.181237 1.9537282 -20.308645 -15.187025 7.3778253
5.39909 7.9513865 2.0423164 -13.308645 -12.107025 -0.042175002
4.9393888 7.788576 1.9633054 -6.238645 -7.9770255 -6.307175
4.850801 7.7670274 1.5443072 0.551355 -4.6870246 -7.672175
4.70475 7.743085 1.3862851 4.926355 -3.8470252 -5.642175
4.72151 7.7167478 1.7166951 2.2663553 -3.917025 -3.437175
4.9369946 7.759845 1.9273912 -3.7536452 -4.057025 0.762825
5.4302154 8.085466 1.5562786 -4.593645 -3.3220248 6.782825
5.5571117 8.284191 1.5850099 -1.058645 -4.897025 9.932825
5.669643 8.310528 1.776552 -0.078645006 -6.472025 8.707826
5.7606254 8.475733 1.4964218 -0.743645 -4.4770246 6.467825
5.4110613 8.394327 1.6161355 0.30635497 -0.382025 4.472825
5.272193 8.28898 1.7262721 -0.953645 3.257975 1.4628251
5.39909 8.310528 1.5275474 -1.338645 5.322975 1.252825
5.2290964 8.363202 1.4245936 2.2313552 4.657975 2.6178253
4.9609375 8.291373 1.3934679 6.291355 2.452975 0.377825
5.0854397 8.209969 1.2067145 7.376355 0.947975 -2.597175
5.547535 8.322499 1.1181264 5.276355 3.012975 -1.3371749
5.4110613 8.250671 1.462902 0.656355 4.482975 0.93782496
5.0184 8.083072 1.8292259 -3.6836448 2.907975 -1.092175
4.652076 7.905895 1.7933118 0.516355 1.4379749 -7.7071753
4.8148866 8.023215 1.3000913 6.431355 0.177975 -3.6821752
5.3105016 8.298556 0.67279124 6.501355 -0.277025 3.527825
5.320079 8.277008 1.0199611 -3.088645 -1.0470251 5.837825
5.090228 8.166871 1.6305012 -13.4836445 -1.782025 3.6328251
5.0830455 8.032792 1.7310607 -13.308645 -3.112025 2.6178253
5.427821 8.090255 1.3934679 -6.9386454 -3.462025 3.5628252
5.523592 8.1549 1.3479767 -2.703645 -3.707025 3.8078249
5.4709177 8.171659 1.4533248 -2.563645 -4.442025 1.6728251
5.087834 8.0375805 1.7717633 -3.7886448 -3.812025 -0.81217504
5.073468 8.013638 1.7143008 -3.3686452 -1.9220251 -1.162175
4.9705143 7.9609637 1.647261 -0.813645 -0.102025 0.972825
5.032766 7.8963184 1.5850099 1.041355 -1.712025 2.827825
5.2243075 7.90829 1.4413534 1.6713551 -3.287025 4.9278255
5.5307746 7.982512 1.3312168 0.9713549 -3.532025 6.747825
5.1883936 7.901107 1.8411974 -1.3736451 -4.0220246 5.347825
5.2147307 7.8795586 1.8483802 -1.723645 -4.0920253 3.737825
5.3296556 7.9920893 1.5299416 2.616355 -3.672025 5.697825
5.4661293 8.1549 1.2569942 5.031355 -2.2720249 7.6578255
5.36557 8.2339115 1.2953026 2.336355 -1.0470251 7.5878243
5.360781 8.262642 1.4772675 -2.283645 -1.0470251 5.9428253
5.3631754 8.219545 1.5538844 -3.578645 -2.552025 5.382825
5.442187 8.212362 1.4150164 -0.9186451 -4.057025 4.822825
5.6337285 8.2387 1.1803775 2.161355 -4.757025 4.6478252
5.652883 8.195602 1.3695252 1.4613551 -5.002025 4.6478252
5.5810547 8.12138 1.5897985 -3.228645 -3.4970248 3.947825
5.6600657 8.102226 1.6712039 -6.3086452 -0.907025 2.757825
5.5619006 8.018426 1.5562786 -4.138645 -0.592025 1.8128251
5.4589467 7.944204 1.5395187 -0.253645 -1.537025 0.412825
