0.94 7.4199996 -2.69 32.085636 -22.345354 -14.323945
-0.52 6.5499997 -1.52 22.91831 -46.40958 -6.3025355
0.24 5.38 -0.25 27.501974 -56.14986 10.886198
1.23 4.8599997 -1.42 39.53409 -37.242256 16.615776
1.4599999 4.13 -2.9299998 35.523384 -36.09634 14.323945
-0.71 0.68 -2.32 -3.4377468 -45.83662 -4.583662
-0.94 -0.62 -1.25 -29.793804 -45.263664 6.8754935
-0.82 -2.12 0.57 -53.858032 -44.11775 29.220846
-0.31 -2.76 4.0499997 -68.18198 -33.231552 48.701412
1.62 -2.57 6.8999996 -52.139156 -30.939718 69.32789
2.6499999 -1.3199999 7.12 -8.021409 -44.11775 84.79775
2.6499999 -0.71 6.21 45.83662 -37.242256 125.47776
4.27 0.44 6.8599997 40.680004 -34.377464 159.85522
9.2 2.04 7.8599997 16.042818 -9.740283 181.62761
11.03 2.97 7.66 -28.64789 41.825916 180.4817
9.65 3.76 12.54 -84.22479 99.1217 179.33578
15.25 4.71 16.97 -71.04677 103.1324 198.81636
10.94 5.38 14.28 30.939718 126.05072 198.2434
14.299999 7.1299996 15.12 69.900856 138.08282 208.55663
21.6 10.05 13.88 114.59156 142.66649 237.20451
22.15 13.5199995 7.2599998 157.5634 183.34648 206.83775
18.539999 14.589999 3.8799999 146.67719 214.85918 148.96902
14.799999 14.82 6.17 88.2355 222.30762 108.86198
17.57 15.82 8.79 92.24621 210.84846 118.029305
20.439999 16.96 7.56 119.17522 205.11888 101.98649
19.71 17.39 6.99 136.9369 209.70255 71.04677
20.529999 17.4 7.52 166.73071 220.58875 56.14986
23.3 15.98 2.07 213.1403 226.31831 37.815212
20.359999 13.82 -2.21 267.5713 206.2648 -19.480566
18.1 12.96 -4.71 264.13354 187.3572 -49.27437
17.05 12.62 -6.23 240.06932 147.25015 -63.598316
15.83 12.429999 -5.93 196.52452 92.24621 -83.07887
17.859999 12.09 -1.42 128.9155 53.858032 -104.27831
18.119999 10.42 2.73 69.900856 52.712116 -147.8231
16.76 7.93 3.86 75.630424 53.858032 -162.14705
14.969999 6.25 3.82 90.52733 43.544792 -159.28227
12.99 5.5699997 2.6499999 107.143105 24.064226 -149.54198
12.83 5.3599997 1.14 107.716064 0.57295775 -134.07211
14.29 4.72 -0.16 93.96508 -10.886198 -123.18592
12.28 3.35 -0.62 73.33859 3.4377468 -129.48846
8.76 2.87 -0.88 73.91155 0.0 -132.92621
8.44 2.59 -1.3199999 88.80846 -26.929016 -114.59156
7.72 2.26 -2.85 103.1324 -54.43099 -105.42423
6.75 2.12 -4.29 97.97578 -67.03606 -98.54874
6.16 2.6699998 -3.85 79.641136 -76.203384 -85.94367
5.94 3.1799998 -2.95 64.74423 -107.143105 -70.47381
6.0899997 3.1699998 -3.1599998 65.317184 -128.9155 -68.18198
4.71 2.87 -3.04 60.160564 -138.08282 -72.19268
3.79 2.9299998 -2.3 56.14986 -143.23946 -61.879436
3.4199998 3.02 -2.27 54.43099 -150.11493 -48.701412
2.4299998 2.8899999 -2.9099998 47.555496 -143.81241 -37.815212
1.4399999 3.27 -2.31 41.825916 -152.40677 -33.80451
0.94 3.58 -1.9 43.544792 -167.30367 -24.064226
1.35 3.6899998 -1.8199999 48.128452 -176.471 -11.459155
1.8499999 3.51 -2.3899999 53.285076 -182.77353 -1.1459155
2.84 2.62 -2.6299999 41.825916 -190.22198 6.3025355
1.25 2.25 -1.22 -1.7188734 -165.01184 -1.1459155
-0.26999998 2.33 0.96999997 -9.740283 -152.97972 -2.291831
0.21 1.43 1.8499999 1.7188734 -175.89804 7.448451
0.28 0.62 1.55 17.188732 -173.60622 14.896902
-0.52 0.96999997 1.3399999 21.772396 -155.84453 21.199438
0.52 2.51 2.8899999 14.896902 -143.81241 44.69071
0.25 3.1899998 4.1 7.448451 -140.37466 52.712116
0.03 3.7099998 3.1899998 12.605071 -120.89409 57.29578
-1.0799999 5.12 1.43 17.188732 -97.402824 62.4524
-0.96 6.5099998 1.53 0.57295775 -104.27831 71.04677
1.8399999 7.69 2.71 -27.501974 -137.50986 93.96508
2.33 8.79 3.6899998 -59.58761 -136.36395 86.516624
1.5699999 10.25 4.45 -71.04677 -118.029305 80.78705
2.46 11.509999 5.29 -77.922264 -119.17522 84.79775
2.3799999 13.07 7.6099997 -78.49522 -124.9048 75.630424
2.19 13.66 8.71 -59.58761 -113.44564 64.74423
1.39 13.33 7.14 -40.107044 -92.81916 54.43099
1.12 13.63 5.85 -32.658592 -49.84733 50.420284
0.56 13.58 4.93 -24.064226 -31.51268 48.128452
0.72999996 13.2699995 4.19 -15.469859 -33.80451 44.11775
1.76 13.179999 3.46 -8.021409 -45.83662 47.555496
2.21 12.889999 3.54 -15.469859 -49.84733 46.40958
1.43 12.65 3.98 -29.793804 -21.772396 29.793804
0.68 12.49 3.99 -23.49127 -5.15662 25.7831
1.28 12.2 3.6999998 -11.459155 -12.605071 29.793804
1.75 12.009999 3.1899998 0.0 -17.188732 26.929016
1.76 11.849999 2.99 6.8754935 -24.064226 20.053522
1.29 11.599999 2.45 7.448451 -21.199438 15.469859
1.91 11.259999 2.1699998 -1.1459155 -9.740283 20.62648
1.48 11.33 2.96 -9.740283 -2.291831 16.042818
1.9499999 11.3 3.1699998 -6.8754935 -4.583662 13.750987
2.48 10.969999 2.44 4.0107045 -8.021409 10.886198
1.53 10.389999 1.8499999 8.594366 -2.291831 1.7188734
1.11 10.03 2.09 1.7188734 0.0 0.0
1.3399999 9.98 2.3799999 1.7188734 0.57295775 4.0107045
1.7199999 9.99 2.09 4.583662 6.3025355 5.7295775
2.0 9.9 1.93 8.021409 3.4377468 3.4377468
1.6999999 9.65 1.64 9.167324 -0.57295775 0.0
1.5899999 8.91 1.56 7.448451 1.1459155 -0.57295775
1.4399999 8.65 1.9499999 6.8754935 0.0 0.0
1.37 8.69 1.8399999 10.31324 0.0 1.7188734
1.4399999 8.96 1.0799999 16.615776 1.7188734 4.583662
1.65 9.349999 0.48 18.334648 -1.1459155 6.3025355
1.66 9.44 0.48 12.605071 -5.15662 5.7295775
1.5799999 9.5199995 0.79999995 -0.57295775 -2.291831 5.15662
1.93 9.65 1.48 -2.8647888 0.0 8.021409
2.32 9.78 1.65 2.8647888 1.7188734 6.8754935
2.28 9.66 1.13 8.021409 6.8754935 3.4377468
1.6999999 9.51 0.68 9.167324 5.7295775 0.57295775
1.67 9.67 0.78 7.448451 1.1459155 2.8647888
2.74 9.99 0.11 5.15662 1.7188734 4.0107045
2.35 9.7 0.51 -1.7188734 1.7188734 -0.57295775
1.55 9.5199995 1.4499999 -7.448451 0.57295775 -6.3025355
2.1 9.5199995 1.67 -4.0107045 -1.1459155 -2.8647888
2.4199998 9.309999 1.02 3.4377468 0.57295775 0.57295775
1.76 9.46 0.48999998 4.0107045 6.8754935 -2.8647888
1.9 9.54 0.42999998 -1.1459155 4.583662 -1.7188734
2.19 9.54 0.45 -4.583662 3.4377468 -2.291831
1.9599999 9.42 0.75 -6.8754935 1.7188734 -4.0107045
1.76 9.429999 1.4599999 -4.0107045 -1.7188734 -3.4377468
1.9799999 9.44 1.5899999 2.291831 -1.1459155 -1.7188734
1.7199999 9.179999 0.61 6.8754935 2.8647888 -1.7188734
1.53 9.24 0.74 4.583662 2.8647888 -1.1459155
1.88 9.45 0.75 4.0107045 0.57295775 1.1459155
2.3799999 9.57 0.48 4.0107045 -1.1459155 2.291831
1.9799999 9.37 0.75 -1.1459155 0.0 -1.1459155
1.4499999 9.29 1.5799999 -6.3025355 0.0 -4.0107045
1.79 9.36 1.76 1.1459155 -1.7188734 0.0
1.92 9.19 1.24 6.8754935 0.57295775 0.0
1.39 9.19 1.06 8.021409 2.8647888 0.0
1.8499999 9.16 1.01 9.167324 -1.7188734 4.0107045
2.4199998 9.09 0.68 8.021409 -2.291831 1.7188734
0.89 8.86 0.59999996 -2.291831 4.0107045 -4.0107045
1.55 9.12 1.68 -6.3025355 -1.1459155 2.291831
2.11 9.42 1.61 0.0 -3.4377468 7.448451
1.88 9.429999 0.82 6.8754935 0.0 5.7295775
1.7099999 9.36 0.95 3.4377468 1.7188734 2.8647888
1.73 9.4 0.87 1.1459155 1.1459155 2.8647888
1.78 9.46 0.76 0.0 0.57295775 3.4377468
2.05 9.45 0.66999996 -0.57295775 0.0 3.4377468
1.9799999 9.389999 0.83 -2.8647888 0.0 1.7188734
1.67 9.45 1.22 -4.0107045 0.0 1.7188734
1.74 9.59 1.39 -3.4377468 2.291831 4.0107045
2.22 9.78 1.31 0.0 2.291831 5.15662
2.04 9.82 0.90999997 5.15662 1.1459155 2.291831
2.06 9.82 0.41 6.8754935 1.1459155 1.1459155
2.22 9.7 0.51 1.1459155 -0.57295775 1.1459155
1.89 9.54 0.90999997 -5.7295775 0.0 -0.57295775
1.74 9.61 1.6899999 -10.31324 2.8647888 -0.57295775
