1.9010541 9.826104 0.84996754 -0.218645 6.442975 -3.752175
1.6233183 9.761458 0.88109314 -1.093645 1.892975 -4.3121753
1.3431882 9.584282 1.2593886 -2.948645 -2.937025 -3.332175
1.5131817 9.469357 1.4078336 -7.673645 -0.17202501 -2.842175
1.7573977 9.421472 1.3431882 -11.558645 4.412975 -1.092175
1.462902 9.373586 1.1731946 -8.478645 4.517975 1.637825
1.3048798 9.217958 1.0534809 -0.148645 -0.55702496 1.0778251
1.3360053 8.937828 1.1300977 7.6213555 -4.232025 -2.107175
1.376708 8.73192 1.0989721 11.191355 -4.512025 -2.212175
1.3958622 8.480521 1.0343267 12.066355 -5.3870254 0.237825
1.333611 8.226728 1.0127783 13.571356 -6.367025 3.002825
1.3120626 7.944204 1.1013664 15.286356 -6.892025 5.627825
1.2689656 7.4533772 1.2402344 15.986355 -7.242025 8.847824
0.76616794 6.8284717 1.3814965 16.371353 -7.9770255 13.327825
0.6273 6.526793 1.3623424 18.541355 -9.797026 17.807825
1.0510867 6.771009 1.673598 23.196356 -13.542025 21.307825
1.0534809 7.1109962 2.4613144 29.111355 -19.317024 26.767826
0.67757976 7.099025 3.232271 32.226357 -22.397026 34.712826
0.64166564 7.2450757 3.8308396 25.156355 -22.397026 50.322826
2.7366562 7.6185822 5.7558365 18.401356 -21.942024 66.10783
3.962525 7.7909703 7.3576064 8.741356 -19.352026 87.98282
3.9936504 8.1549 7.472532 6.816355 -9.937025 101.31783
4.292935 8.952193 5.403878 27.886354 8.752975 99.00783
6.119766 9.914692 4.5539107 58.476357 29.332975 100.54783
7.920261 10.242707 6.7398834 64.70636 44.55798 116.40283
6.821289 9.672871 8.298556 37.441357 61.49798 131.94283
7.56112 8.952193 7.3863378 12.661355 92.087975 132.04782
11.12859 8.466156 7.474926 25.366354 120.43798 131.52281
12.955421 7.8915296 7.003254 47.066357 132.82799 151.71783
11.904334 7.680834 6.438205 62.466354 138.28798 156.93283
14.550008 7.7909703 7.2809896 83.116356 145.81297 137.64781
16.877243 8.396722 6.1748347 101.45635 149.13797 122.702835
17.073574 9.172467 3.459727 127.35636 142.69798 110.067825
16.106287 9.457385 1.3671309 171.42137 138.11296 78.67282
14.547614 9.265843 0.6703969 193.19136 145.98799 43.147823
14.162135 8.964165 0.19633053 172.92636 167.96797 15.147824
15.653769 8.492493 -0.83081335 138.13635 190.19298 1.0778251
15.864465 8.315316 -0.6153286 109.26136 191.59299 2.3378253
14.566768 9.244295 0.50040346 83.01136 180.00798 5.697825
14.880418 8.38475 -0.23463893 62.641354 175.28297 -8.0921755
14.801407 7.0319853 -1.4126221 60.541355 173.28798 -29.162176
14.748733 6.344828 -1.6664152 70.23636 157.92297 -33.922176
15.565181 6.421445 -2.8467927 73.42136 154.63297 -32.907177
13.340899 7.18043 -1.7669748 72.16136 157.22298 -31.857174
11.899546 7.7119594 -1.4365649 73.841354 152.42798 -37.457172
11.791803 7.5515428 -1.5706443 70.83136 148.12299 -52.122173
12.059962 6.924243 -1.6185298 66.87636 144.34297 -58.982174
11.068732 6.7255177 -0.723071 67.786354 133.31798 -57.12718
9.799767 6.402291 -0.42378664 68.69636 112.212975 -65.49218
9.239507 5.516409 -1.1779832 68.521355 93.17297 -87.15717
8.427847 5.5283804 -1.6328955 77.23635 77.17798 -104.83218
8.18842 5.8061166 -2.3320236 93.30136 59.782978 -114.597176
7.738296 5.4230323 -3.100586 108.45635 35.24798 -124.74718
6.629747 5.2075477 -3.215511 119.48136 4.1679754 -138.43217
5.39909 4.908263 -2.657645 120.63636 -21.872026 -156.31718
3.8906965 4.767001 -2.2601955 105.72636 -60.652023 -182.77718
2.6720107 4.7502413 -2.0758362 100.47635 -107.02703 -184.49217
1.6927522 5.1357193 -1.2306572 100.686356 -132.08702 -175.28717
1.7645805 4.9968514 -1.4581133 100.30135 -155.11702 -165.41718
1.3216397 5.576266 -1.2641771 101.31635 -170.65703 -157.47217
0.600963 6.241874 -1.4772675 101.49135 -183.11703 -148.44217
0.5985687 6.2753944 -1.525153 94.10636 -190.60703 -134.19717
0.53871185 5.4661293 -1.2617828 77.51636 -188.68202 -118.27217
-0.08619389 5.073468 -0.2657645 60.086357 -185.46202 -113.30218
-1.2474172 5.1596622 0.090982445 57.426357 -188.61203 -111.93718
-1.7071179 4.9417834 -0.16041641 67.96135 -199.39203 -107.98218
-1.7957062 4.477294 -0.37350687 75.976364 -211.22203 -101.78717
-2.604971 4.4629283 -0.5889916 77.30636 -212.06203 -91.95218
-2.8874955 4.5419393 -0.3423813 72.26636 -209.05203 -81.41718
-2.535537 4.2235007 -0.098165266 62.606354 -209.99704 -70.182175
-3.5147953 4.7622128 0.21309046 55.501354 -209.05203 -61.64217
-4.1085753 5.0998054 0.2561874 51.196354 -200.61702 -55.447174
-4.008016 4.68799 0.090982445 42.516357 -187.07202 -44.632175
-3.328042 4.0463243 0.11492519 33.346355 -177.62202 -31.577173
-3.5866237 4.400677 0.49082634 25.471355 -176.88702 -23.562176
-4.103787 5.219519 1.673598 17.841354 -178.46202 -19.922174
-3.3639562 4.242655 2.0854135 10.246354 -180.24702 -16.492174
-2.9138324 3.2011454 2.1141446 8.636355 -181.61203 -14.357176
-3.6560576 3.6369035 2.6097596 15.006356 -183.18703 -15.7571745
-4.0463243 4.1780095 3.5052183 24.281355 -187.84203 -13.167175
-3.5794408 3.7661943 3.9050622 27.991356 -196.31203 -7.882175
-3.1772027 3.2083282 3.459727 32.296356 -200.72202 -2.5271752
-3.284945 3.7230973 3.2873392 43.11136 -196.52203 4.2978253
-3.2969165 4.1612496 4.314483 48.011356 -187.59703 14.377825
-2.6552508 3.5962007 5.4852834 34.851353 -173.66702 24.807825
-1.3527653 2.8276386 5.715134 19.066353 -160.29703 32.717827
-0.9241901 3.3304362 5.7366824 21.901356 -150.70702 42.027824
-0.9194015 4.4653225 7.345635 35.271355 -144.58202 51.407825
0.22266756 4.3025117 7.8556156 41.816353 -153.15703 52.107826
0.6273 5.030371 6.6632667 54.906357 -168.45203 49.412827
1.1372806 6.179623 6.0239954 81.576355 -161.38203 56.062824
2.370332 6.3807425 6.411868 97.29135 -140.52203 68.17282
2.4014575 6.838049 7.1349387 75.24135 -119.24203 69.747826
1.759792 7.3576064 7.405492 77.44635 -98.45203 69.85282
2.7294734 7.4461946 7.312115 84.866356 -85.39702 77.37782
3.624932 7.7718163 6.9745226 89.03135 -81.54702 84.097824
3.440573 8.751075 6.9577627 88.99635 -66.00703 89.137825
3.756617 9.225141 7.3743663 86.161354 -40.772026 98.79783
5.183605 9.296969 6.7638264 88.22636 -23.552025 108.87782
5.724711 10.5395975 5.933013 93.79136 -10.777025 112.58783
5.7438655 11.815746 5.1979704 93.686356 3.6429749 114.16283
6.3903193 11.916306 4.6903844 84.02636 18.517977 118.57284
6.7877693 12.395161 4.087027 70.55135 37.557976 120.25283
6.5603127 13.008095 3.1341057 60.086357 57.787975 115.66783
6.2275085 13.218791 2.6863763 51.301357 67.657974 105.832825
6.0599093 12.565154 2.2362528 41.606358 69.37298 94.84283
5.442187 13.010489 2.351178 30.056353 69.72298 88.122826
5.830059 13.352871 2.238647 18.226355 75.81297 88.85783
6.2275085 13.374419 1.5754328 17.211355 82.252975 86.26782
6.167652 12.296995 0.9217958 22.986357 79.697975 73.98283
6.0048413 11.482942 1.0702409 22.706356 73.18797 60.472828
5.8444247 11.751101 2.0375278 11.156355 69.337975 57.602825
6.778192 12.222773 2.5475085 -0.77864504 74.41298 63.552826
7.0367737 11.5308275 1.5443072 6.151355 90.127975 62.712822
6.359194 10.513261 0.63208854 29.076357 94.08298 45.037827
5.3679643 10.075109 0.25139886 43.286358 83.33798 27.817825
4.9609375 10.395941 1.3623424 36.531357 71.43797 27.012825
5.437398 9.778218 1.6137413 19.136354 76.82797 39.157825
6.150892 9.009656 1.403045 16.581354 91.70298 45.947826
6.0311785 8.887548 0.93616146 29.286356 90.72298 42.692825
5.420638 9.6896305 0.8571504 44.056355 76.30297 34.817825
5.8827333 9.718362 0.51716334 50.181355 71.087975 30.162827
6.062304 9.265843 0.11971374 51.721355 84.24797 31.912827
6.5627074 8.717555 -0.4860378 53.891357 96.88297 27.607824
5.89231 8.856422 -0.6081458 56.341354 91.24798 18.752825
5.262616 9.091062 -0.44054657 55.676353 76.09298 8.3228245
5.33205 8.839663 -1.1229149 54.626358 73.50297 1.5328251
5.272193 8.523619 -1.7310607 59.28135 77.807976 0.552825
5.288953 8.336864 -2.0878077 63.44635 74.517975 -0.707175
4.642499 8.650515 -1.9848539 61.136353 68.252975 -0.637175
4.278569 9.031204 -2.1716073 54.696354 63.282978 0.13282499
4.2665977 9.091062 -2.6241252 50.181355 58.66297 0.552825
4.2642035 9.505271 -3.684789 48.186356 46.622974 2.757825
4.470111 9.608225 -3.6656346 11.8913555 16.452976 15.777825
5.1452966 8.961771 -1.733455 -39.348644 11.307976 34.782825
5.504438 8.320105 1.9561225 -80.68365 16.172974 43.777824
5.5738716 8.05434 3.8811195 -74.978645 15.297975 32.927826
5.233885 8.08786 3.301705 -26.993645 7.597975 12.277825
4.8484063 8.250671 1.5131817 24.386356 0.45797503 -7.7071753
4.170827 8.372779 0.44054657 45.73636 -0.242025 -18.382175
3.955342 8.377567 0.75180227 34.25635 5.287975 -16.492174
4.5443335 8.403905 1.324034 12.101356 10.607974 -6.2721753
4.96812 8.432636 1.6688095 -0.39364502 6.232975 0.58782494
4.948966 8.492493 1.6592325 -0.9186451 -1.817025 -1.6871749
4.8915033 8.408693 1.6855695 0.446355 -4.6170254 -5.047175
4.7741838 8.308133 1.673598 -0.288645 -2.622025 -5.572175
4.520391 8.217151 1.7143008 -1.2336451 0.45797503 -5.537175
4.745453 8.245882 1.7813405 -1.9336449 -0.20702499 -4.207175
5.087834 8.327288 1.934574 -2.3186452 -0.347025 -0.182175
4.9417834 8.324894 2.1045675 -1.3736451 0.982975 0.552825
4.68799 8.377567 1.8435916 4.0513554 1.787975 -3.4721751
4.697567 8.58587 1.2833313 12.206356 0.842975 -6.412175
4.68799 8.633755 1.2833313 14.936355 -0.277025 -6.097175
4.5706706 8.528407 1.5059988 10.526356 1.0529749 -5.817175
4.790944 8.545167 1.3695252 7.096355 1.4029751 -6.307175
4.8819265 8.703189 1.4533248 8.706355 -2.202025 -7.427175
4.5419393 8.674458 1.6712039 11.051355 -7.452025 -10.612175
4.187587 8.576292 0.9601042 13.256355 -7.137025 -14.742176
4.1947694 8.633755 0.3974496 15.671355 -3.147025 -14.042174
4.4916596 8.60263 0.72785956 9.581355 -1.397025 -7.2521753
4.348003 8.439818 1.6975409 -6.1336446 -1.5720251 -0.427175
4.417437 8.339259 1.9728824 -17.123644 -1.9220251 1.4978249
4.680807 8.463761 1.5538844 -13.168645 -3.427025 1.637825
4.7191157 8.537984 1.2905141 -2.283645 -4.862025 1.427825
4.6688356 8.535589 1.376708 3.316355 -3.3220248 0.34282503
4.6137676 8.528407 1.403045 2.021355 0.597975 -0.602175
4.520391 8.526012 1.2569942 1.6363549 0.737975 -1.232175
4.494054 8.511647 1.1947432 2.5463552 -1.082025 -1.057175
4.3911 8.499676 1.3360053 0.481355 -1.5720251 0.34282503
4.3863115 8.571504 1.2138973 -1.4436451 -2.132025 2.722825
4.577853 8.633755 1.1875603 -4.278645 -1.9920251 6.782825
4.925023 8.667274 1.6496553 -8.723645 -2.167025 9.197825
4.975303 8.660092 1.5897985 -6.3786454 -3.427025 6.3278255
4.580248 8.571504 1.2905141 1.181355 -5.5270247 0.30782503
4.436591 8.48531 1.185166 3.246355 -3.392025 -2.387175
4.6329217 8.427847 1.228263 -0.148645 -1.082025 0.167825
4.731087 8.449396 1.3431882 -3.228645 -1.4670249 2.162825
4.625739 8.521224 1.5012103 -3.6836448 -3.287025 1.0778251
4.7981267 8.583475 1.4437478 -2.668645 -4.1270247 0.727825
4.8124924 8.55235 1.4102279 -1.583645 -2.412025 1.0778251
4.7334814 8.514041 1.3575538 -0.46364498 -2.237025 -0.49717498
4.7167215 8.540379 1.3575538 0.061355002 -3.5670252 -2.317175
4.68799 8.5331955 1.3982565 -0.42864498 -4.337025 -2.422175
4.5706706 8.497281 1.4652961 -2.038645 -3.6370249 -1.6871749
4.4916596 8.425453 1.6017698 -3.333645 -1.362025 -1.057175
4.661653 8.470944 1.4365649 -2.283645 -1.257025 -0.49717498
4.702356 8.547561 1.2138973 0.026355 -2.342025 -0.46217504
4.450957 8.55235 1.4150164 -0.078645006 -2.902025 -1.617175
4.6065845 8.549955 1.5323359 -2.598645 -2.0270252 -1.407175
