0.78999996 7.6499996 -0.94 22.91831 -63.02536 -24.637184
0.75 7.25 -0.71999997 21.772396 -72.19268 -23.49127
1.1 6.22 -1.81 12.605071 -52.712116 -21.772396
1.5799999 5.08 -2.62 -2.8647888 -44.11775 -14.896902
1.53 3.33 -2.61 -36.09634 -51.5662 -12.605071
1.23 2.52 -1.66 -53.285076 -53.285076 -16.042818
0.37 1.9799999 0.83 -56.72282 -57.29578 -27.501974
1.9599999 1.76 0.74 -4.583662 -87.662544 8.021409
1.9599999 1.76 0.74 -4.583662 -87.662544 8.021409
3.7099998 1.38 0.84 18.334648 -96.829865 51.5662
3.98 1.65 2.85 -1.1459155 -104.27831 69.32789
5.25 2.6699998 6.7 -24.637184 -110.58085 87.089584
6.12 3.82 7.2 -10.31324 -105.42423 91.67324
8.5 3.9099998 5.87 8.021409 -97.97578 95.68395
8.8 3.53 5.1 51.5662 -66.463104 87.662544
7.3599997 3.9199998 5.46 50.420284 -59.58761 85.37071
8.37 3.9499998 6.3599997 46.98254 -30.366762 98.54874
9.71 3.76 4.25 61.879436 -13.750987 118.60226
10.38 3.27 4.18 39.53409 35.523384 155.27156
10.59 2.98 6.1 19.480566 57.29578 165.01184
12.69 4.08 7.27 13.750987 68.18198 182.20056
15.2 6.15 5.42 59.014652 56.72282 182.77353
17.039999 5.68 2.9199998 95.68395 48.128452 201.68114
17.38 6.3599997 3.84 57.29578 60.160564 194.80565
16.05 8.73 9.719999 3.4377468 82.50592 179.33578
17.279999 9.099999 10.11 -8.021409 108.289024 187.93016
18.32 9.82 11.28 4.0107045 127.76959 186.21129
19.43 10.33 12.25 30.366762 129.48846 175.32509
19.43 10.94 11.11 74.48451 143.81241 151.8338
19.42 11.41 8.349999 109.43494 182.20056 132.92621
19.24 11.55 9.67 76.77634 220.0158 110.0079
19.25 10.679999 10.76 79.06818 234.91269 90.52733
18.02 10.969999 10.219999 100.26762 236.63158 77.922264
17.13 11.32 6.6099997 158.7093 252.67438 54.43099
16.949999 12.0 3.24 178.76283 262.9876 47.555496
16.94 11.79 3.97 165.5848 270.43607 33.231552
15.219999 11.4 7.21 119.74818 258.40396 6.8754935
14.639999 11.2699995 7.0499997 108.86198 244.65298 -21.199438
16.91 10.08 6.1 137.50986 226.89128 -39.53409
15.969999 10.849999 5.25 162.14705 197.09747 -59.58761
15.889999 11.05 5.1 150.6879 168.44958 -81.93296
16.5 8.42 5.2799997 111.15381 155.84453 -105.42423
15.719999 7.39 5.41 72.76564 164.43887 -130.06142
13.23 4.97 5.0899997 62.4524 168.44958 -127.76959
10.61 5.93 4.61 84.22479 166.73071 -119.17522
11.4 5.7 4.0499997 116.31043 147.8231 -108.289024
12.219999 4.89 2.11 126.05072 118.029305 -129.48846
9.67 5.08 1.55 106.57015 108.289024 -152.97972
7.43 4.81 2.12 95.11099 106.57015 -151.26085
6.3999996 4.79 1.4399999 109.43494 87.089584 -132.35324
6.0499997 4.44 -0.02 130.63437 63.598316 -124.9048
5.0099998 4.5899997 -0.29 135.21803 37.242256 -132.92621
3.6799998 4.96 -0.099999994 131.78029 26.356058 -134.64508
3.33 4.38 -0.26999998 126.05072 9.167324 -123.75887
1.68 4.0099998 -0.45999998 130.06142 -0.57295775 -108.289024
0.45999998 4.2799997 -0.69 143.23946 -5.7295775 -97.402824
0.51 4.8199997 -0.90999997 161.00114 -29.220846 -89.95437
1.22 4.72 -1.86 174.17917 -71.61973 -88.80846
0.79999995 4.25 -2.57 176.471 -91.67324 -91.67324
-0.55 4.21 -2.32 169.5955 -87.089584 -97.97578
-1.86 3.83 -2.04 155.84453 -86.516624 -91.67324
-2.6599998 3.34 -1.12 146.67719 -91.10028 -72.19268
-3.04 3.36 -1.13 148.39606 -109.43494 -51.5662
-2.26 3.33 -1.26 143.81241 -136.9369 -29.793804
-1.86 3.24 -1.52 130.63437 -150.6879 -11.459155
-1.87 3.29 -1.41 114.0186 -142.09354 -1.7188734
-2.84 3.74 -1.0799999 105.997185 -135.21803 0.57295775
-3.0 4.21 -0.57 92.24621 -122.04 9.740283
-2.7 4.3199997 -0.64 80.78705 -103.1324 32.658592
-2.1299999 4.61 -1.1999999 76.203384 -104.85127 35.523384
-1.89 5.31 -0.72999996 57.868736 -108.289024 31.51268
-2.25 6.14 -0.06 40.107044 -102.55944 34.377464
-2.5 6.5299997 -0.049999997 38.38817 -102.55944 46.98254
-2.0 6.98 0.91999996 31.51268 -123.75887 58.441692
-0.78 6.71 1.9799999 19.480566 -154.69861 66.463104
-0.65999997 7.14 2.3999999 17.761692 -178.18987 64.17127
-0.71 7.37 3.12 24.064226 -180.4817 56.72282
0.39 7.0499997 2.27 29.220846 -173.03325 50.993244
-0.45 6.0699997 1.48 34.950428 -143.23946 52.712116
-2.08 6.8799996 2.6299999 33.231552 -98.54874 42.971836
-0.52 6.8999996 3.0 26.356058 -117.456345 69.32789
-0.13 6.5699997 1.76 29.220846 -127.76959 71.04677
-1.01 7.37 1.78 22.345354 -118.60226 63.02536
-0.13 8.17 3.1699998 -6.3025355 -95.11099 67.60902
1.64 7.7599998 3.22 -34.950428 -98.54874 76.77634
0.61 7.41 2.55 -55.576904 -93.39212 62.4524
-0.62 8.49 4.77 -81.93296 -65.890144 46.40958
0.53999996 9.059999 6.96 -91.10028 -77.349304 57.868736
1.9 8.82 5.96 -62.4524 -110.0079 69.900856
1.74 8.679999 5.6099997 -25.210142 -96.829865 56.72282
0.61 10.4 6.89 -6.3025355 -72.76564 39.53409
0.78 11.07 6.67 6.8754935 -78.49522 55.00395
1.36 11.13 5.0899997 25.210142 -70.47381 81.36001
1.91 12.24 4.7599998 20.62648 -49.84733 85.37071
3.4399998 12.36 5.0899997 -0.57295775 -50.420284 80.78705
3.61 12.0 4.72 -9.740283 -45.263664 58.441692
1.0 11.84 4.5099998 -17.188732 -20.62648 37.242256
1.54 12.46 5.7799997 -22.345354 -22.91831 45.263664
2.5 12.309999 5.56 -17.761692 -34.950428 53.858032
3.6799998 11.559999 3.81 -1.7188734 -34.950428 39.53409
1.06 10.96 2.55 -5.7295775 -26.356058 26.356058
0.82 11.63 3.98 -30.939718 0.0 16.042818
2.05 11.5 4.99 -44.69071 0.57295775 38.38817
3.6499999 11.45 4.5899997 -23.49127 -13.178029 57.868736
3.34 11.28 3.6299999 3.4377468 -26.356058 46.98254
2.86 11.82 2.73 3.4377468 -20.62648 26.929016
2.99 11.48 3.4199998 -13.178029 -8.021409 24.637184
2.98 11.16 3.24 -17.188732 -6.3025355 25.7831
2.98 11.179999 3.22 -12.605071 -9.167324 22.91831
3.24 11.28 3.1399999 -10.886198 -13.750987 18.907606
3.3799999 11.24 3.1499999 -12.605071 -13.178029 12.605071
3.1999998 11.0 3.53 -14.896902 -5.7295775 8.021409
3.25 10.48 3.3899999 -11.459155 -1.1459155 9.167324
3.28 10.21 3.1699998 -4.583662 0.57295775 8.021409
3.08 9.9 3.07 -2.8647888 1.1459155 5.15662
2.72 9.889999 3.33 -3.4377468 3.4377468 2.8647888
2.96 9.76 3.01 -0.57295775 2.8647888 6.3025355
3.36 9.37 2.48 3.4377468 4.0107045 9.740283
3.37 9.22 2.27 3.4377468 4.583662 8.021409
3.12 9.04 2.77 0.0 4.0107045 3.4377468
3.1 9.38 3.08 -3.4377468 0.0 0.0
3.3799999 9.34 2.8799999 -2.8647888 -2.8647888 -0.57295775
3.25 9.16 2.52 -1.7188734 -1.7188734 0.57295775
3.0 9.11 2.87 -5.7295775 4.583662 -1.7188734
3.08 9.09 3.12 -10.31324 6.3025355 -3.4377468
3.46 8.82 2.76 -8.021409 4.583662 -1.1459155
3.1299999 8.8 2.52 -1.7188734 5.7295775 -1.7188734
2.8999999 8.91 2.6499999 0.0 6.3025355 -4.583662
3.37 8.99 2.49 1.7188734 1.1459155 0.0
3.51 8.94 2.31 5.15662 1.1459155 2.291831
3.1999998 8.889999 2.01 2.8647888 3.4377468 0.0
3.21 9.099999 2.31 -2.8647888 2.291831 0.0
3.6 9.03 2.58 -3.4377468 1.1459155 3.4377468
3.35 9.01 2.59 0.57295775 3.4377468 -0.57295775
3.02 8.97 2.47 2.8647888 2.291831 -2.8647888
3.12 9.099999 2.52 2.8647888 1.1459155 -0.57295775
3.32 8.96 2.23 2.291831 0.0 2.291831
3.28 8.95 2.22 0.0 2.291831 1.1459155
3.1599998 8.889999 2.6699998 -5.15662 1.7188734 0.0
3.26 9.01 3.0 -5.15662 -2.291831 -1.7188734
3.1799998 8.96 2.62 0.0 -3.4377468 -2.8647888
3.02 8.96 2.6599998 1.1459155 0.57295775 -2.291831
3.34 9.04 2.6799998 -1.7188734 0.0 -0.57295775
3.25 8.849999 2.71 -1.7188734 1.7188734 0.57295775
2.9099998 8.87 2.6799998 -1.1459155 2.291831 -2.291831
2.96 8.95 2.87 0.0 1.7188734 -1.1459155
3.33 8.95 2.76 2.291831 0.0 0.57295775
3.22 8.92 2.3799999 3.4377468 0.0 -1.7188734
2.6799998 8.87 2.61 -1.1459155 1.7188734 -4.0107045
2.97 8.96 2.8999999 -4.583662 1.7188734 0.0
3.26 8.679999 2.74 0.57295775 -1.1459155 2.8647888
3.1399999 8.65 2.69 5.7295775 -2.291831 0.0
3.1699998 8.76 2.49 6.3025355 -2.8647888 0.0
3.26 8.91 2.21 5.7295775 -1.7188734 0.0
3.09 8.74 2.49 -1.7188734 1.7188734 0.0
2.9299998 8.92 3.1299999 -12.032113 2.291831 -1.7188734
3.1499999 8.9 3.24 -9.740283 2.8647888 0.57295775
3.32 8.8 2.76 2.8647888 0.0 4.0107045
2.9199998 8.76 2.29 9.167324 -0.57295775 0.0
2.8999999 8.95 2.48 -0.57295775 1.1459155 1.1459155
3.1399999 8.929999 2.79 -3.4377468 1.1459155 4.0107045
3.4199998 8.82 2.53 -2.291831 0.0 4.583662
2.85 8.83 2.56 0.0 0.57295775 0.0
2.98 8.97 3.1 -2.8647888 0.0 1.1459155
3.3999999 9.12 2.9199998 0.0 -1.7188734 4.583662
3.3999999 9.099999 2.3799999 6.8754935 2.8647888 4.583662
3.21 9.099999 2.3999999 6.8754935 4.0107045 3.4377468
