2.1644244 9.0838785 1.0941836 5.564125 -17.63832 1.5911349
1.4652961 8.880365 1.1731946 11.094125 -24.00832 9.081135
1.1181264 8.667274 1.0199611 11.584125 -29.678324 7.7511344
1.3958622 8.413482 1.23784 12.774125 -29.573318 10.866136
2.126116 8.262642 2.0925963 12.354125 -26.98332 21.856136
2.2865324 8.016032 2.52596 9.4141245 -29.013319 35.15614
2.2434354 7.927444 3.1843855 11.094125 -34.47332 44.18614
2.456526 7.7861814 5.2578273 18.129126 -34.92832 52.481136
2.4780743 7.946598 6.873963 21.454126 -31.98832 65.46613
2.648068 8.020821 7.6904106 22.399126 -25.26832 79.781136
2.4589202 8.200391 9.792584 33.074127 -9.09832 95.671135
4.580248 8.341654 11.502096 48.159122 0.87668 112.40114
10.096657 9.950606 11.983345 60.12912 13.51168 132.14113
12.337698 10.865219 10.448615 69.54413 26.636679 156.46614
12.373612 10.6497345 8.530801 94.77912 63.42168 170.36113
12.258687 9.80695 6.6608725 135.51912 110.84668 146.17615
12.948238 9.703996 4.8412237 168.73413 141.64668 106.69614
15.10548 9.261055 2.8563697 184.72913 142.45168 78.906136
14.913938 8.504464 0.9481328 186.72414 143.95668 64.94114
13.788629 7.190007 1.8411974 174.82413 165.6567 51.95613
13.874823 6.1700463 2.753416 143.18413 190.26169 26.721136
14.866053 5.0998054 1.4317763 103.634125 195.23169 5.966135
15.383216 3.8763309 0.24421602 88.40913 175.84169 -6.353865
15.095902 3.7590115 0.3902668 101.46413 160.40668 -17.133863
15.03844 4.4820824 -0.29928434 109.02413 150.88669 -31.098866
15.414341 5.2027593 -1.1492519 85.57413 156.83667 -53.848866
15.5125065 6.0311785 -0.47885495 68.45913 183.26167 -43.59387
16.673729 6.93382 -0.30646718 51.23913 198.80168 -37.083862
19.29546 7.103813 -0.749408 50.854122 190.43669 -40.548862
19.197296 6.3567996 -2.2601955 68.94913 179.83168 -43.383865
17.408772 6.5627074 -1.8531687 98.20912 176.40167 -75.758865
16.951466 6.735095 -1.0846065 104.85912 157.36168 -90.633865
17.090334 6.1269493 -2.691165 127.644135 134.89168 -100.64387
15.605884 5.3727527 -3.3064935 144.09413 123.48168 -116.49886
13.814965 5.3631754 -3.0766432 146.54413 103.811676 -135.25887
13.197243 5.29853 -2.8707354 153.22913 68.63668 -145.30388
12.378401 4.9633317 -3.6081722 172.65413 29.611677 -147.26387
10.446221 4.7167215 -4.592219 193.96912 -6.05332 -155.94386
8.791777 4.37434 -5.0040345 204.81912 -39.688324 -170.22388
6.821289 3.9313993 -5.3966956 202.75412 -72.62332 -179.46387
5.183605 3.4357843 -5.3871183 192.11414 -100.34332 -180.19885
3.8811195 2.7989073 -5.499649 177.65913 -124.178314 -174.56387
2.595394 2.803696 -5.5738716 164.70912 -147.66331 -165.67386
1.5993756 2.5403256 -5.2434616 153.26413 -173.38832 -151.63885
1.2138973 2.2601955 -4.889109 146.19412 -201.56332 -138.26888
0.5889916 2.0949905 -4.781367 142.37914 -229.91331 -132.35387
-0.5123748 1.6281068 -4.7358756 135.37914 -240.86832 -126.12387
-1.4317763 1.611347 -4.1780095 118.96413 -242.65335 -114.67886
-1.489239 1.403045 -3.347196 99.469124 -244.71832 -98.29887
-1.7214836 0.9577099 -2.9425638 91.524124 -251.9633 -81.078865
-2.4254005 0.72546524 -2.8108785 96.94913 -264.35333 -73.23887
-3.0359404 0.7972935 -2.308081 101.21913 -273.13834 -71.34887
-3.3855045 0.2753416 -2.0159793 98.34913 -273.31332 -65.95886
-3.4884584 -0.0047885496 -2.0087965 93.58913 -266.66333 -56.71887
-3.9074564 0.34716985 -1.541913 92.22412 -260.71332 -48.56387
-3.9266107 -0.090982445 -1.3934679 90.85912 -261.7283 -45.343864
-3.4357843 -1.0151725 -1.1779832 84.94412 -262.56833 -44.713863
-3.6871831 -1.515576 0.023942748 71.81912 -265.8933 -47.128864
-4.661653 -1.0606637 1.376708 55.614124 -275.83334 -49.263866
-5.810905 -0.84039044 2.1931558 46.654125 -276.56833 -43.243866
-5.36557 -1.5347302 2.9521408 44.624126 -268.30832 -26.723866
-5.6792197 -1.5802214 3.8452053 44.589123 -257.03833 -7.753865
-6.2107487 -1.0678465 4.2115293 47.494125 -251.40334 7.541135
-5.2674046 -1.5993756 4.2378664 55.264126 -237.01833 28.086134
-3.2179053 -2.5618742 5.873156 53.374123 -214.37332 53.81114
-3.5842295 -2.1644244 7.7502675 28.909124 -209.40332 70.47114
-3.5770466 -1.1420691 9.000079 11.094125 -215.17833 71.13614
-1.2833313 -1.1444633 10.462981 15.049125 -213.00832 77.96113
0.29210153 -1.063058 11.674484 15.644127 -204.18832 97.561134
0.105348095 0.1987248 11.708004 28.594126 -159.45831 123.11113
1.446142 2.030345 11.724764 49.874126 -131.35332 143.86613
3.502824 2.7031362 12.818948 56.594128 -115.63831 165.77614
4.2594147 3.962525 12.296995 76.369125 -96.14332 168.54114
3.4549387 6.318491 10.601849 109.969124 -74.478325 161.71614
3.5435266 7.2953553 10.118205 127.15412 -60.82832 156.15114
4.72151 7.6880164 10.23313 119.41912 -52.183323 150.02612
6.3137026 8.91628 9.148524 111.33413 -32.72332 150.76114
6.4142623 9.624985 8.794171 105.48912 -5.7383204 156.01114
6.0838523 10.122993 10.058349 88.30413 17.46668 153.10616
5.956956 10.668888 9.428655 79.16913 29.436678 141.17113
5.9713216 11.226754 7.005648 96.87913 40.84668 130.00613
6.349617 11.401537 5.276982 108.25413 55.196682 124.266136
6.854809 10.561146 5.334444 84.979126 66.57168 112.71614
5.973716 10.254679 6.6273527 49.559124 80.50168 96.616135
5.38233 10.970567 5.8013277 40.844124 94.921684 88.42613
6.3544054 12.191648 3.3352249 59.84913 109.30668 91.75114
7.4438004 12.3807955 1.7526091 75.774124 122.501686 97.31613
7.513234 12.280235 1.7478206 74.12913 123.93669 89.546135
6.464542 12.167705 2.2937152 62.22913 109.16668 69.52614
6.196383 12.749514 2.169213 58.97413 105.77168 60.356136
6.838049 12.723176 1.2234744 67.44413 119.001686 63.401134
6.737489 11.844478 0.19154198 82.564125 125.96669 61.791138
5.786962 11.487731 -0.36392978 98.69913 116.061676 47.616135
5.1045938 12.433469 -1.6783867 111.92912 102.76168 32.881134
5.8611846 12.486143 -3.6129606 113.36413 104.09168 32.461136
5.549929 11.559559 -4.292935 98.174126 115.921684 34.56114
3.502824 11.159715 -3.0167863 71.88912 114.62668 20.701136
2.2745612 11.044789 -2.0231621 47.354126 99.47169 3.796135
3.11974 11.073521 -2.19555 37.484127 81.83168 5.336135
4.644893 10.503684 -3.5387383 43.889126 73.676674 20.211136
4.216318 10.187639 -4.393494 57.71413 68.741684 23.606136
2.7558103 10.225947 -3.8883023 62.089123 59.46668 9.501136
2.3056867 9.984126 -3.459727 53.689125 49.42168 -5.338865
2.7318676 9.536397 -3.502824 43.084126 38.57168 -4.7088647
2.9042554 9.596253 -3.1580484 37.204124 29.296679 2.291135
2.925804 9.466963 -2.3679378 28.629124 19.21668 4.461135
2.6265194 9.435837 -1.5826156 17.219126 3.57168 2.781135
2.403852 9.61062 -1.3407938 9.239125 -8.25832 0.506135
2.6360965 9.591465 -1.4078336 4.8291254 2.2416801 5.616135
3.1269228 9.44302 -0.8332076 -2.590875 1.4716799 11.601135
3.040729 9.454991 -0.21787901 -9.625875 -2.6583202 9.921136
2.6744049 9.423865 0.17957062 -7.9108753 -4.51332 4.7761354
2.7653873 9.366403 -0.105348095 2.099125 -6.64832 3.586135
2.7893302 9.431048 -0.20111908 8.784125 -8.46832 4.6011353
2.8013015 9.5244255 0.117319465 5.844125 -8.013321 5.651135
3.0622776 9.557945 0.24900457 0.629125 -6.99832 6.841135
2.9808722 9.541185 0.2466103 -0.87587494 -5.7383204 5.931135
2.7294734 9.584282 0.22985038 0.664125 -2.6933198 2.466135
2.6552508 9.538791 0.4166038 0.55912507 -0.24331999 -0.64886504
2.7653873 9.440625 0.29928434 -0.49087498 -2.20332 -0.26386502
2.796513 9.567522 0.531529 -0.455875 -3.42832 2.8511348
2.875524 9.768641 0.3902668 -1.470875 -4.23332 3.9711347
3.1293173 9.763853 0.014365649 -0.070875 -3.49832 2.6061351
2.971295 9.593859 0.11253092 -0.630875 -1.74832 1.3811351
2.6337023 9.4142885 0.7829279 -6.965875 -1.2583201 -2.503865
2.6528566 9.361614 1.0439038 -12.110876 -0.87332 -3.833865
2.8420043 9.407105 0.8092649 -8.470876 1.05168 -0.578865
2.8396099 9.404712 0.50040346 0.069125 3.3966799 2.256135
2.8874955 9.486116 0.49800915 5.704125 3.9566798 2.3961349
2.9210153 9.4932995 0.21787901 8.189125 1.15668 0.821135
2.6265194 9.481328 -0.14126222 11.479125 -1.2583201 -1.6988649
2.5762396 9.42626 -0.062251143 10.674125 1.1916801 -3.168865
2.640885 9.37598 0.2466103 2.589125 2.48668 -2.188865
2.7175019 9.342461 0.31125572 -4.795875 2.2416801 -0.508865
2.779753 9.3280945 0.27055305 -5.215875 1.61168 0.78613496
2.8467927 9.361614 0.29928434 -1.505875 -0.38332 0.78613496
2.7318676 9.347249 0.24421602 1.2591251 -1.43332 -0.33386502
2.7821474 9.337671 0.0670397 2.309125 0.21168001 -1.383865
2.779753 9.368797 -0.014365649 2.764125 1.54168 -0.438865
2.8348215 9.385557 0.045491222 1.6791251 1.82168 -0.053865
2.9401696 9.445415 0.1340794 -0.91087496 1.89168 0.121135004
2.7390504 9.3831625 0.15323359 -2.870875 2.55668 0.086135
2.516383 9.289786 0.11492519 -1.9258752 2.4516802 -1.6638651
2.5929997 9.296969 -0.0047885496 1.0491251 1.89168 -2.608865
2.762993 9.404712 -0.047885496 2.589125 1.5766801 2.3261352
2.9760835 9.419077 -0.11253092 0.139125 2.31168 3.516135
2.8539755 9.3831625 -0.071828246 -2.310875 1.61168 2.4311352
2.7127132 9.301758 0.071828246 -3.045875 0.56168 0.99613494
2.6193366 9.296969 0.16281068 -2.2758749 -0.38332 1.4511349
2.8300328 9.344854 0.1699935 -1.225875 -0.62832004 2.9561348
3.0455174 9.385557 0.14365649 -0.140875 -1.88832 3.621135
3.0048149 9.452597 0.09577099 0.874125 -1.6783199 2.501135
2.875524 9.419077 0.11253092 0.944125 -0.80332 0.961135
2.8827069 9.387952 0.16281068 -0.805875 -1.11832 0.086135
2.803696 9.352037 0.27055305 -2.870875 -1.8183202 0.086135
2.7917244 9.349643 0.34716985 -4.060875 -1.11832 0.296135
2.7486274 9.361614 0.38547826 -3.9558752 -1.2583201 0.71613497
2.7869358 9.39274 0.2561874 -2.0308752 -0.20832 1.486135
2.928198 9.3831625 0.20111908 -1.0858752 0.35167998 1.871135
2.885101 9.435837 0.34956414 -1.8908751 -0.31332 1.9761351
2.9234095 9.4095 0.44772938 -3.080875 0.10668 1.6261351
2.9138324 9.407105 0.43575802 -2.065875 0.31667998 1.5911349
2.9425638 9.378374 0.339987 -0.280875 1.15668 1.7661351
2.8874955 9.387952 0.31604427 0.874125 0.80667996 1.4161351
2.8443985 9.37598 0.38308397 0.41912502 1.7866801 0.99613494
2.9090438 9.356826 0.409421 -1.120875 3.01168 1.136135
2.9641123 9.301758 0.2753416 -0.070875 2.27668 0.99613494
2.8779182 9.282603 0.23942748 2.449125 2.59168 0.681135
2.8396099 9.306546 0.27294734 2.344125 3.67668 0.751135
2.8970726 9.356826 0.32562137 0.734125 3.15168 1.031135
2.9234095 9.282603 0.24182175 0.489125 2.6616802 1.9061351
