3.179597 9.39274 0.6057515 3.799565 -1.56513 2.950815
3.179597 9.3831625 0.60335726 2.399565 -3.4201303 1.935815
3.2011454 9.407105 0.5913859 0.40456498 -3.9801302 0.88581496
3.1412885 9.354432 0.6368771 -2.290435 -1.7051301 0.990815
3.1149516 9.3831625 0.69194543 -7.2254353 0.114870004 1.480815
3.241848 9.323306 0.8140534 -8.835435 -0.41013 2.320815
3.2179053 9.313729 0.9122187 -9.150435 -0.86513 1.760815
3.2370596 9.232324 1.0654523 -8.310434 -0.02513 1.515815
3.0814316 9.136553 1.0055954 -5.685435 -0.20013002 1.270815
2.9617178 9.031204 0.88588166 -2.815435 -1.46013 1.480815
3.213117 8.976136 0.888276 -1.5554351 -1.95013 3.545815
3.0862203 8.861211 0.8643332 -0.820435 -2.33513 4.9108152
2.6241252 8.705584 0.80687064 0.684565 -3.1051302 4.945815
2.0854135 8.506859 0.87151605 1.1045649 -5.0651298 7.6058154
1.5658557 8.332076 1.0439038 -0.71543497 -8.56513 14.115814
1.0726352 7.8173075 1.4820561 -5.090435 -12.24013 24.300816
0.6464542 7.5084457 3.047912 -15.170436 -12.6601305 40.610817
1.6879637 7.225921 4.96812 -28.785437 -2.82513 64.27081
3.2777622 6.6345353 6.1293435 -36.275436 15.584869 88.420815
3.7949257 7.290567 8.023215 -36.345436 26.22487 107.04082
4.0726614 8.336864 9.931452 -30.920433 37.004868 115.020805
6.6441126 9.09585 10.937047 -9.605435 45.96487 120.235825
8.784595 10.79818 9.727939 31.904566 44.94987 119.18581
9.325701 11.265063 8.46855 78.874565 33.329872 97.55582
8.940222 10.453403 7.7143536 101.58956 29.969873 69.20582
8.183631 9.624985 7.56112 99.94456 54.119873 48.380814
8.45179 9.536397 7.048745 94.694565 90.16987 41.345818
9.804555 9.134158 5.8156934 102.25456 108.96487 44.355816
9.98652 8.461368 4.2833576 120.279564 103.78487 40.785816
9.435837 7.9609637 2.6360965 139.59958 88.769875 28.640816
9.055147 7.8699813 1.1995317 149.78458 84.079865 18.630816
9.201198 8.22194 0.1987248 142.15457 95.20987 16.110815
9.227535 8.530801 0.339987 120.83957 107.739876 17.720816
10.97775 7.980118 1.4437478 93.99456 112.04487 18.805815
13.376813 6.9553685 1.472479 65.85457 113.82987 26.785814
14.353678 5.9856873 0.9816527 49.579563 124.95987 32.000816
13.735954 5.375147 0.23463893 47.794567 146.27487 19.015816
11.044789 5.5619006 -0.7589851 56.999565 152.60986 -12.519185
9.462174 6.0862465 -1.185166 69.59956 144.97987 -46.609188
10.096657 6.648901 -1.4581133 76.59957 138.67987 -61.23919
11.63857 6.610593 -2.4972286 83.14457 108.36987 -44.789185
11.4757595 6.8907228 -3.215511 84.789566 94.43987 -52.559185
10.005674 7.326481 -2.7079248 82.09457 83.76487 -72.96419
9.387952 7.4246464 -2.1045675 81.60457 64.12987 -85.704185
9.711179 7.9322324 -2.9617178 92.31456 39.73487 -88.92419
10.281016 8.351231 -4.1253357 98.789566 29.024872 -87.48918
10.546781 8.023215 -4.680807 91.40457 28.67487 -89.69419
9.703996 7.5922456 -4.146884 78.45457 26.22487 -104.009186
8.217151 7.623371 -4.1516724 72.64457 17.05487 -121.01919
6.694392 7.431829 -5.0591025 75.86456 6.0998697 -132.1142
5.652883 7.307327 -5.111777 75.02457 -6.64013 -134.31918
4.9537544 7.415069 -4.477294 67.95456 -22.425129 -132.0792
5.116565 7.0104365 -4.2594147 63.334568 -42.550133 -126.72419
4.558699 6.65369 -5.176422 66.93956 -63.620132 -121.96417
2.80609 6.7662206 -5.2482505 66.414566 -74.925125 -127.42419
2.099779 6.6584783 -4.008016 52.204563 -82.66013 -131.48419
2.1668186 6.1724405 -3.3902931 35.789566 -92.70513 -126.54919
1.4102279 6.3113084 -2.875524 28.054565 -100.58013 -118.77919
0.30886146 6.454965 -2.597788 28.824566 -102.68012 -115.59419
0.19633053 6.055121 -2.640885 34.42457 -109.57513 -113.87919
-0.19393626 5.9186473 -2.5044115 40.129566 -122.70013 -108.34919
-1.0726352 5.837242 -2.578634 43.034565 -131.17012 -104.219185
-2.1332989 5.7725964 -3.2035396 45.869568 -133.72513 -101.62919
-2.6744049 5.7127395 -3.0335462 45.204567 -131.10013 -98.759186
-1.9752767 5.4757066 -2.1572416 35.019566 -135.89513 -92.24918
-2.5283542 5.4134555 -1.5921928 23.154566 -143.42014 -83.35918
-3.476487 5.506832 -1.4485363 18.219566 -144.40013 -82.30918
-4.1804037 5.384724 -1.5850099 19.444565 -137.64514 -83.49918
-4.1253357 5.439792 -1.1372806 20.949564 -133.27013 -79.22919
-3.9409764 5.1620564 -1.1348863 21.264566 -136.21013 -69.84918
-4.4389853 5.1357193 -1.333611 24.064566 -140.58513 -62.219185
-4.9776974 4.9202347 -1.5395187 27.914566 -143.28014 -61.204193
-5.190788 4.4653225 -1.1731946 26.514565 -145.80013 -61.83418
-5.2865586 4.328849 -0.16041641 16.644566 -146.78014 -58.894188
-5.9808984 4.348003 0.21787901 6.0745654 -149.30013 -50.774185
-5.7725964 3.7685885 0.14365649 2.399565 -148.49513 -43.074184
-5.827665 3.5602865 0.21787901 2.8545651 -140.83012 -36.389187
-6.098218 3.9481592 0.6296943 0.964565 -136.98013 -26.869186
-5.724711 3.5985951 1.297697 -2.325435 -135.37013 -18.539186
-5.217125 3.1939626 1.7741576 -0.680435 -140.83012 -5.204185
-5.4086666 3.3663504 1.6520497 9.294565 -144.43513 -0.9341849
-5.238673 3.7015488 1.6927522 17.484566 -147.69012 0.18581499
-5.2051535 3.059883 2.1500587 19.969566 -155.88013 -1.354185
-5.4757066 3.4262073 3.0359404 19.094566 -167.57014 2.3558152
-6.25624 3.9888618 3.9697077 18.499565 -171.45512 14.850816
-5.0160055 3.2107224 4.3001175 19.199566 -159.66013 29.165815
-4.04393 2.691165 4.450957 24.274565 -148.91513 40.435818
-3.7398572 3.5411325 5.044737 30.854563 -156.51013 48.485817
-4.163644 3.9194279 5.2219133 30.224567 -160.18513 55.555817
-4.0822387 3.5411325 5.5451403 18.604565 -138.41513 64.935814
-3.2633965 3.7350688 7.075082 1.279565 -118.64013 76.24082
-1.611347 4.285752 7.5323887 -9.325436 -119.16514 92.445816
-1.6017698 4.8148866 7.5036573 -13.840435 -113.56513 109.80582
-1.462902 4.8747435 9.407105 -24.655434 -85.91513 112.185814
0.48843205 4.8915033 10.862824 -30.990437 -79.685135 111.06582
1.9968252 4.7167215 10.28341 -14.8204365 -88.57513 116.875824
0.08140534 5.602603 8.743892 11.814565 -79.51014 117.68081
-1.2761484 5.8156934 9.553157 25.464565 -55.60513 104.765816
0.56744313 6.794952 9.687236 26.549564 -46.015133 104.66081
3.964919 7.333664 8.463761 40.094566 -52.63013 132.20581
5.933013 7.3671837 6.7997403 56.754566 -53.890133 149.42581
4.0726614 7.865193 7.4246464 56.194565 -46.57513 138.50581
2.3751206 9.893144 9.560339 36.734566 -23.230131 113.23582
5.4302154 10.261862 8.597841 24.799566 -2.05513 110.890816
7.5587254 9.431048 7.1349387 38.904568 1.5148702 132.1708
7.405492 8.978531 7.448589 50.069565 1.40987 130.2808
4.96812 10.379181 8.334471 43.839565 13.51987 106.445816
6.091035 10.328901 7.937021 37.924564 28.849873 94.02081
8.05434 9.296969 6.0263896 45.939564 43.514874 100.67082
7.877164 8.224334 4.2977233 60.74456 44.179874 104.905815
5.190788 9.483723 4.905869 60.81457 46.419872 87.615814
5.0040345 9.44302 6.5052447 40.759563 55.90487 69.030815
6.778192 8.2578535 5.3368387 28.614565 73.299866 69.55582
6.962551 8.834874 4.245049 45.344566 66.92987 79.91582
6.821289 9.783007 3.3519847 69.07456 51.24987 77.39581
6.924243 9.668081 3.8116856 76.00456 50.16487 72.77582
7.632948 8.784595 3.4118416 74.569565 62.41487 66.23081
8.1549 9.680053 2.19555 84.15957 62.309875 62.170815
8.789383 9.62259 0.1987248 100.67957 51.494873 57.44582
7.764633 8.784595 0.102953814 88.60457 64.26987 39.595814
6.1077952 9.059936 1.924997 68.51457 76.83488 23.180815
6.771009 10.621003 0.7637737 72.22456 71.79487 23.740816
8.470944 10.24989 -1.7286664 86.04957 61.81987 34.590816
8.327288 8.492493 -3.5171897 75.304565 65.59987 26.925816
5.1237483 8.545167 -0.47885495 36.454567 73.22987 3.6158152
3.8116856 8.940222 1.4485363 9.049565 74.419876 -7.934185
5.3919067 9.220352 1.4748733 17.729567 61.60987 7.8158154
7.142122 8.059129 -0.56265455 46.674564 41.729866 23.460815
5.954561 8.066312 -0.8356019 67.91956 24.99987 13.520816
3.806897 10.810151 -0.7398309 73.484566 20.55487 -5.519185
5.4230323 10.386364 -3.5219781 74.11457 28.39487 -0.479185
6.1628633 9.553157 -4.494054 61.199566 33.60987 16.355816
5.00164 9.629773 -3.519584 29.104567 44.07487 12.015815
3.9864676 9.720756 -1.472479 -3.515435 47.50487 -1.074185
4.5874305 9.349643 -0.25858167 -21.190435 34.72987 -2.754185
5.1596622 8.849239 0.9624985 -25.005436 24.99987 3.6158152
4.9537544 8.755863 2.2314641 -15.030436 20.16987 3.195815
4.661653 8.796566 1.5778271 11.569565 10.33487 -3.6991851
4.9441776 8.605023 0.15083931 47.094563 -4.96013 -8.144184
4.7933383 8.5331955 -0.6847626 66.904564 -13.67513 -8.074185
4.40786 8.631361 -0.9816527 65.64457 -10.94513 -11.154185
4.199558 8.743892 -1.2258687 51.854565 -3.24513 -12.589186
4.187587 8.341654 -0.72546524 30.609564 2.42487 -10.034184
3.4381785 8.408693 0.50998056 7.124565 6.2398705 -7.339185
3.5914123 8.729526 1.1540405 -7.610435 6.93987 -7.8291845
4.558699 8.674458 0.44772938 -7.400435 3.40487 -3.419185
4.5682764 8.600235 0.28731298 0.82456505 -1.8101301 3.020815
4.189981 8.751075 0.8379962 2.994565 -3.2101302 1.935815
4.1780095 8.736709 1.0678465 -0.295435 -0.79513 -1.564185
4.415043 8.810931 0.6943397 0.754565 -2.09013 -1.074185
4.6688356 8.882759 0.51955765 5.8295646 -4.54013 1.2008151
4.5874305 8.846846 0.6943397 7.1945653 -5.03013 1.655815
4.415043 8.751075 1.0127783 4.254565 -3.7701304 0.395815
4.2833576 8.806143 0.80208206 2.329565 -2.16013 -0.864185
4.3887057 8.81572 0.33759275 6.3195653 -4.78513 -0.68918496
4.4677167 8.734315 0.5794145 0.36956498 -2.65013 0.81581503
4.352792 8.56911 0.9529214 -6.1404347 0.044869997 0.325815
4.2570205 8.40151 1.0319325 -6.0354347 -0.86513 -0.584185
4.1804037 8.425453 0.84996754 -1.8354352 -4.4001303 -1.1091851
4.1804037 8.456578 0.818842 0.509565 -6.0801296 -0.514185
4.209135 8.559532 0.90024734 0.264565 -6.39513 0.570815
4.1564612 8.796566 0.9720756 0.614565 -7.20013 0.92081493
4.4653225 8.942616 0.86912173 0.82456505 -6.50013 2.320815
4.7885494 8.861211 0.9601042 -0.71543497 -3.07013 4.4558153
4.659259 8.913885 0.9433443 -1.5554351 0.14987001 3.195815
4.532362 8.971348 0.7996878 0.15956502 0.60487 0.325815
4.5467277 8.892337 0.71588814 1.944565 -0.060130004 -0.794185
4.4054656 8.834874 0.69194543 2.469565 -0.13013001 -1.039185
4.2594147 8.820508 0.6177229 3.099565 0.39487 -1.3191851
4.381523 8.81572 0.5027977 3.694565 1.1298699 0.045815002
4.4725056 8.901914 0.4836435 3.0645652 0.95487005 1.5508151
4.40786 8.868394 0.4932206 2.539565 -0.83013 1.2358149
4.3887057 8.786988 0.47167215 1.9795649 -1.35513 0.255815
4.4461684 8.7534685 0.3974496 0.684565 -1.04013 -0.304185
4.5515165 8.686429 0.5363176 -1.9404352 -0.51513004 0.080815
4.4749 8.605023 0.82602483 -4.9154353 0.25487 0.045815002
4.4270144 8.60263 0.92658436 -5.335435 0.81487006 -1.039185
4.415043 8.679246 0.69912827 -2.745435 -0.58513004 -1.494185
4.381523 8.691217 0.50998056 0.684565 -1.9851301 -1.1091851
4.4485626 8.703189 0.5363176 1.1045649 -1.91513 -0.724185
4.522785 8.679246 0.5411061 -0.960435 -1.53013 -0.26918498
4.2594147 8.597841 0.55786604 -3.130435 -1.2151301 -0.199185
4.0104103 8.688824 0.7039168 -4.4604354 -0.76013 -1.354185
4.209135 8.652909 0.86912173 -5.720435 -0.72512996 -1.284185
4.5682764 8.645726 0.9385557 -6.805435 -0.16513 1.935815
4.479688 8.729526 0.95531565 -6.420435 0.14987001 3.8608153
4.4749 8.7534685 0.93616146 -4.215435 -1.67013 2.075815
4.494054 8.784595 0.8978531 -2.2554352 -2.33513 0.67581505
4.4749 8.796566 0.8547561 -1.975435 -1.7401301 0.500815
4.415043 8.767835 0.84996754 -2.7104352 1.1298699 0.780815
4.45814 8.837268 0.8236305 -2.465435 2.66987 0.710815
4.625739 8.861211 0.7948992 -0.750435 0.18486999 -0.094185
4.4318027 8.880365 0.75659084 -0.015435 -1.18013 -0.619185
4.4461684 8.789383 0.81644773 -0.890435 -0.55013 -1.1091851
4.5850363 8.784595 0.92658436 -1.975435 -0.86513 -0.374185
