1.0 7.8599997 0.31 -14.896902 -30.939718 5.15662
1.0799999 7.56 0.26999998 -6.8754935 -15.469859 5.7295775
0.65 7.21 0.68 -8.594366 -9.740283 4.0107045
0.72999996 6.7799997 0.68 -9.740283 -10.886198 6.8754935
1.1999999 6.3999996 -0.07 -9.740283 -10.886198 12.605071
1.4 5.71 -0.85999995 -20.053522 -4.0107045 14.323945
0.11 5.5699997 0.049999997 -44.69071 0.0 17.188732
0.53 6.17 1.9399999 -62.4524 -2.8647888 32.658592
2.99 6.62 1.9699999 -60.733524 -19.480566 48.128452
3.47 6.48 1.4699999 -65.317184 -14.323945 41.25296
3.47 6.48 1.4699999 -65.317184 -14.323945 41.25296
0.29 5.7599998 4.48 -105.42423 10.886198 25.7831
2.06 6.75 5.69 -103.70536 -10.886198 59.58761
4.47 7.02 4.77 -66.463104 6.3025355 71.61973
3.28 7.17 5.58 -65.317184 14.323945 62.4524
1.9499999 7.2999997 6.5699997 -65.317184 13.750987 52.712116
2.59 7.74 6.67 -59.58761 14.896902 60.160564
3.83 7.83 6.0899997 -49.84733 19.480566 71.61973
3.76 7.5 7.12 -53.858032 22.345354 66.463104
3.5 7.14 8.87 -60.733524 15.469859 62.4524
3.58 7.43 8.55 -46.40958 21.199438 66.463104
4.3399997 7.87 7.81 -29.793804 38.38817 78.49522
5.31 8.51 7.7 -25.7831 40.680004 80.78705
7.02 8.5199995 7.5899997 -22.91831 38.38817 75.630424
4.96 8.54 7.2799997 -25.210142 43.544792 57.29578
2.73 8.559999 7.31 -27.501974 72.76564 49.27437
3.87 8.7 6.52 -12.605071 81.36001 73.91155
6.22 8.599999 6.6499996 0.0 48.128452 83.07887
5.33 7.93 7.33 -2.291831 35.523384 72.19268
5.1 7.85 7.74 5.15662 37.242256 73.33859
5.7 7.95 6.69 25.210142 41.25296 79.06818
5.72 8.0199995 6.43 36.669296 46.40958 81.93296
5.13 8.61 7.3799996 33.231552 42.971836 76.77634
5.7999997 9.09 7.6099997 33.231552 41.25296 76.203384
5.99 9.48 7.14 38.38817 45.263664 76.203384
6.04 10.11 7.0499997 42.398876 63.598316 65.890144
6.2799997 10.639999 7.7599998 36.09634 61.879436 60.733524
6.37 10.79 7.6299996 31.51268 57.868736 53.858032
6.0699997 10.08 7.75 28.64789 71.61973 37.242256
6.33 9.96 7.72 28.64789 71.61973 33.231552
6.92 10.219999 7.44 39.53409 68.75493 27.501974
6.5299997 9.78 6.39 48.701412 76.203384 15.469859
5.72 9.4 6.8799996 44.69071 77.922264 6.3025355
6.02 9.32 6.8999996 44.11775 68.18198 9.740283
6.5 9.349999 5.8799996 55.00395 69.900856 8.594366
5.46 9.23 5.99 54.43099 68.18198 0.57295775
5.48 9.28 6.79 52.139156 54.43099 -4.0107045
6.22 9.719999 6.8199997 64.17127 47.555496 -5.7295775
7.0 9.67 6.0 72.76564 52.139156 -13.750987
6.0099998 9.03 5.81 65.317184 57.868736 -26.356058
5.68 8.7 5.5 60.733524 60.160564 -30.939718
5.47 8.36 4.64 63.598316 61.879436 -30.939718
4.79 8.13 4.12 68.18198 64.74423 -35.523384
4.89 8.08 3.55 80.78705 52.712116 -34.377464
4.94 8.48 2.79 84.22479 47.555496 -37.242256
4.23 8.53 2.29 82.50592 42.971836 -45.83662
3.47 8.53 2.69 71.04677 41.825916 -48.701412
4.12 8.23 2.46 65.890144 34.377464 -44.11775
3.99 8.16 1.8 67.03606 28.07493 -45.263664
3.04 8.21 2.27 56.14986 31.51268 -50.420284
2.36 7.8199997 2.62 42.398876 34.377464 -38.38817
2.12 8.49 2.1299999 47.555496 40.680004 -23.49127
3.25 8.91 1.8 57.868736 42.971836 -19.480566
3.6399999 8.66 0.59999996 64.17127 25.210142 -34.950428
2.51 8.58 0.099999994 59.58761 25.210142 -42.398876
1.8199999 8.679999 0.24 50.993244 27.501974 -45.83662
1.4 8.55 0.62 32.658592 19.480566 -38.961132
1.8199999 8.9 0.74 35.523384 10.886198 -37.242256
1.8199999 8.9 0.74 35.523384 10.886198 -37.242256
1.05 9.11 0.76 48.128452 -8.021409 -45.263664
0.87 9.21 -0.06 56.72282 -16.042818 -45.263664
1.0 9.3 -0.08 57.29578 -19.480566 -42.398876
1.03 9.58 0.29999998 52.712116 -26.356058 -40.680004
1.23 9.51 0.28 51.5662 -34.950428 -42.398876
1.23 9.51 0.28 51.5662 -34.950428 -42.398876
0.37 9.33 -0.03 57.868736 -40.680004 -49.84733
0.42999998 9.179999 -0.32 57.868736 -42.971836 -47.555496
-0.22999999 8.96 -0.68 49.84733 -46.98254 -48.128452
-0.24 8.849999 -0.65 46.40958 -47.555496 -50.420284
-0.52 8.22 -0.35 40.680004 -53.285076 -50.993244
-1.0 8.0199995 -0.17 38.38817 -56.72282 -52.712116
-1.31 8.15 -0.17999999 40.107044 -57.29578 -48.128452
-1.8299999 8.099999 0.08 37.815212 -54.43099 -40.680004
-1.54 8.08 0.39999998 40.680004 -54.43099 -30.366762
-1.49 8.37 -0.08 50.993244 -65.317184 -26.929016
-1.49 8.5199995 -1.15 60.733524 -67.03606 -28.07493
-1.7099999 8.28 -1.55 59.014652 -63.598316 -24.637184
-1.88 8.23 -1.3399999 54.43099 -61.879436 -23.49127
-1.4399999 8.389999 -1.5 42.398876 -62.4524 -20.62648
-1.5699999 8.15 -1.9399999 41.825916 -61.879436 -21.772396
-2.37 7.5899997 -1.9 36.09634 -57.29578 -25.210142
-2.75 7.89 -1.52 29.220846 -61.30648 -24.637184
-2.0 7.73 -1.63 25.210142 -69.32789 -17.188732
-1.9399999 7.25 -1.73 18.907606 -69.32789 -16.042818
-2.37 6.95 -1.13 9.740283 -62.4524 -18.907606
-2.6 6.39 0.06 2.291831 -60.160564 -18.907606
-3.28 6.79 1.02 5.7295775 -55.00395 -12.605071
-2.77 7.14 1.29 26.929016 -49.84733 -0.57295775
-2.98 7.7799997 -0.14 44.11775 -70.47381 0.57295775
-2.72 8.45 -0.59999996 48.128452 -76.203384 7.448451
-2.55 8.889999 -1.02 39.53409 -72.19268 12.605071
-2.26 8.849999 -1.92 25.7831 -61.30648 12.032113
-2.97 8.429999 -1.79 1.1459155 -47.555496 2.291831
-3.7099998 8.51 -0.06 -23.49127 -48.701412 0.0
-3.23 8.36 0.47 -16.615776 -53.858032 9.167324
-2.74 8.66 -0.42 4.583662 -56.14986 15.469859
-2.6699998 8.67 -0.98999995 10.31324 -57.868736 16.042818
-2.9299998 8.67 -0.69 8.594366 -60.160564 17.761692
-2.76 8.78 -0.56 -2.291831 -57.868736 24.064226
-2.1499999 8.82 -0.81 -3.4377468 -54.43099 26.356058
-1.68 8.83 -0.71999997 -10.31324 -50.993244 25.210142
-1.8 8.78 -0.24 -16.615776 -52.139156 19.480566
-2.3799999 8.47 -0.14999999 -18.907606 -52.139156 17.761692
-2.59 8.599999 0.37 -20.053522 -46.98254 17.761692
-1.36 8.83 0.62 -9.740283 -55.576904 25.210142
-1.29 9.19 0.06 -6.3025355 -58.441692 24.637184
-2.05 9.42 0.45 -10.31324 -45.83662 16.615776
-1.36 9.309999 1.05 -15.469859 -42.398876 17.188732
-0.59 9.099999 1.1 -19.480566 -48.701412 22.345354
-1.54 9.15 1.11 -17.188732 -42.398876 15.469859
-1.8199999 9.42 1.89 -16.615776 -37.815212 13.750987
-0.45 9.49 1.61 -12.605071 -41.825916 16.615776
-0.79999995 9.34 0.69 -4.583662 -50.420284 22.345354
-1.75 9.389999 1.1 -2.8647888 -40.107044 17.761692
-1.0699999 9.88 1.91 -5.7295775 -35.523384 24.064226
0.14 10.139999 1.9599999 -5.15662 -49.84733 41.825916
1.49 10.08 1.4 -1.1459155 -45.83662 38.38817
-1.86 9.809999 1.06 -12.032113 -30.366762 16.042818
-2.6799998 9.88 1.78 -34.377464 -18.907606 12.032113
-1.53 10.25 3.25 -42.398876 -28.64789 36.09634
1.06 10.51 3.21 -21.199438 -39.53409 49.84733
1.7099999 10.599999 2.12 -6.3025355 -37.815212 45.263664
-1.0699999 10.62 1.51 6.8754935 -23.49127 21.772396
-1.39 10.889999 1.79 -10.31324 -6.8754935 24.064226
0.53 10.87 1.74 -18.907606 -13.750987 39.53409
1.76 11.219999 1.73 -21.772396 -8.594366 33.231552
0.5 10.83 1.17 -24.064226 -4.583662 19.480566
-0.7 10.95 2.19 -28.07493 -1.1459155 17.188732
0.099999994 11.13 2.6699998 -21.199438 -10.31324 29.220846
1.37 10.95 2.1499999 -14.323945 -11.459155 34.377464
1.01 10.53 1.14 -2.291831 -8.021409 31.51268
0.35999998 10.75 1.66 -5.7295775 -2.291831 21.199438
0.69 11.37 2.28 -8.594366 -3.4377468 22.345354
1.62 11.5199995 2.22 -1.7188734 -9.167324 30.939718
1.5799999 11.46 1.89 4.0107045 -12.605071 28.07493
0.84 11.54 1.77 2.291831 -10.886198 16.615776
0.94 11.61 2.2 -5.7295775 -6.3025355 14.896902
1.37 11.469999 2.25 -8.594366 -5.7295775 17.761692
1.5999999 11.54 2.1399999 -4.0107045 -4.583662 14.896902
1.4599999 11.57 1.86 -0.57295775 -3.4377468 7.448451
1.38 11.389999 1.73 -1.1459155 0.0 1.7188734
1.22 10.889999 1.8299999 -4.583662 2.291831 0.0
0.91999996 10.55 2.04 -6.8754935 4.583662 -1.7188734
1.09 10.44 2.1299999 -3.4377468 5.7295775 0.0
1.3299999 10.33 1.63 4.583662 5.7295775 0.0
1.26 10.219999 1.29 8.021409 5.7295775 -1.1459155
1.2099999 9.969999 1.17 7.448451 4.583662 -1.7188734
1.02 9.84 1.28 4.0107045 2.291831 -4.0107045
1.0799999 9.79 1.49 0.57295775 1.1459155 -4.0107045
1.31 9.54 1.31 0.0 0.0 -1.1459155
1.0699999 9.59 1.17 0.0 -1.7188734 -2.291831
0.88 9.469999 1.3 -1.1459155 -1.7188734 -3.4377468
0.93 9.58 1.53 -5.15662 -5.7295775 -2.291831
1.49 9.599999 1.52 -3.4377468 -7.448451 1.7188734
1.49 9.65 1.41 0.0 -4.0107045 1.7188734
1.0699999 9.639999 1.15 1.7188734 -0.57295775 -2.291831
0.94 9.679999 1.4 -1.1459155 0.57295775 -4.0107045
1.1899999 9.74 1.7199999 -5.15662 -2.8647888 -1.7188734
1.12 9.86 1.79 -4.583662 -2.291831 -1.1459155
1.0799999 9.719999 1.5999999 -1.1459155 0.0 -1.1459155
0.95 9.559999 1.4499999 1.1459155 -0.57295775 -1.1459155
0.85999995 9.8 1.65 1.1459155 -1.7188734 -2.291831
1.16 9.84 1.6999999 0.57295775 -2.291831 1.1459155
1.17 9.96 1.61 2.8647888 0.0 0.57295775
0.98999995 9.929999 1.5799999 2.8647888 0.57295775 -0.57295775
0.89 9.889999 1.4 4.0107045 -0.57295775 -2.291831
1.0 9.87 1.3 2.8647888 0.57295775 0.0
1.17 9.87 1.39 0.57295775 0.0 0.0
1.14 9.87 1.64 -1.7188734 0.0 -1.1459155
0.89 9.83 1.56 -2.291831 1.1459155 -2.8647888
1.02 9.679999 1.4499999 -0.57295775 -0.57295775 -1.7188734
1.11 9.7 1.49 -0.57295775 -1.1459155 -2.8647888
0.89 9.66 1.5699999 -2.8647888 0.0 -4.583662
0.78 9.59 1.78 -2.8647888 1.7188734 -3.4377468
0.94 9.65 1.75 -1.1459155 1.1459155 -1.1459155
1.01 9.65 1.4599999 2.291831 2.8647888 -0.57295775
0.94 9.59 1.26 2.8647888 2.291831 -0.57295775
1.05 9.65 1.26 1.7188734 1.1459155 -0.57295775
0.96 9.59 1.15 -1.7188734 1.1459155 -0.57295775
0.91999996 9.66 1.3 -4.583662 1.1459155 0.0
1.1 9.67 1.6899999 -5.7295775 0.0 0.57295775
0.88 9.679999 1.65 -1.7188734 -1.1459155 0.0
0.83 9.75 1.64 0.0 0.0 -0.57295775
1.13 9.809999 1.39 3.4377468 -0.57295775 0.0
1.17 9.79 1.36 2.8647888 -0.57295775 1.1459155
1.02 9.79 1.35 0.0 0.57295775 0.0
0.88 9.92 1.51 -1.1459155 0.0 0.0
1.13 9.9 1.49 1.7188734 -2.8647888 1.1459155
1.11 9.809999 1.17 2.8647888 -2.291831 -0.57295775
0.9 9.82 1.4 -1.7188734 -2.291831 -1.1459155
0.91999996 9.84 1.81 -6.3025355 -4.0107045 0.0
1.01 9.849999 1.9699999 -6.8754935 -3.4377468 0.0
1.17 9.73 1.67 3.4377468 -5.7295775 0.0
0.93 9.8 1.56 5.7295775 -4.583662 -1.7188734
0.90999997 9.78 1.5699999 5.7295775 -4.0107045 -2.291831
0.96 9.74 1.4 2.291831 -1.1459155 0.0
1.18 9.78 1.37 2.291831 0.0 1.1459155
1.1 9.719999 1.4399999 0.57295775 -1.1459155 1.1459155
0.88 9.78 1.75 -2.291831 -2.291831 -1.7188734
0.91999996 9.71 1.75 -1.1459155 -3.4377468 -1.1459155
