2.2266755 9.63935 0.8092649 -1.295875 -7.66332 0.64613503
2.0686533 9.574705 1.23784 -5.180875 -4.23332 3.761135
1.8962656 9.469357 1.5107874 -7.4908752 0.07168 4.1811347
1.977671 9.416683 1.201926 -0.980875 -0.45332003 4.951135
1.9992194 9.347249 0.8356019 9.449125 -3.3583202 5.896135
2.0902019 9.177256 0.6703969 14.629125 -5.0383196 6.211135
1.9034485 8.9498 0.7781393 14.174125 -5.2833204 6.596135
1.7813405 8.729526 0.86912173 13.229124 -5.38832 7.2961354
1.9106313 8.4781275 0.8379962 14.2091255 -6.5783205 9.956135
1.9992194 7.9154725 1.0032011 16.029125 -9.20332 13.246135
1.7286664 7.0942364 1.5826156 16.694126 -13.01832 17.831135
0.9720756 6.1556807 2.7151077 16.834126 -21.06832 22.766136
1.3862851 6.1652575 4.0151987 17.324125 -34.123318 31.236135
2.0662591 6.708758 4.11097 17.849125 -40.948322 50.486137
3.4118416 6.694392 4.7885494 18.969126 -29.433321 76.35114
2.8204558 7.972935 6.6776323 17.254126 -2.27332 97.66614
2.8515813 8.746285 7.103813 17.884125 14.17668 108.41113
5.4302154 8.9186735 5.770202 36.11912 19.07668 115.376144
7.0702934 9.694419 5.482889 56.979126 25.90168 123.63614
5.6504884 10.182851 8.059129 55.299126 43.71668 120.69614
6.280183 9.905115 9.340066 39.934124 65.48669 104.561134
8.45179 10.838882 6.648901 47.809124 77.281685 101.44614
11.10704 11.777438 3.3998702 85.36412 91.31668 108.48113
12.366429 11.624205 2.5307484 103.844124 120.68169 92.52113
10.439038 10.309748 5.174028 66.604126 131.56668 71.34614
9.72315 9.273026 5.619363 44.099125 154.03668 61.266136
13.228369 9.883567 3.9313993 52.219124 166.60167 76.38614
16.688095 9.45978 2.8276386 69.47412 176.26167 86.88613
14.885206 8.3129225 2.743839 76.54413 175.66667 61.756138
11.863631 7.7047763 4.0966043 75.87913 170.73169 25.776134
13.98017 8.475733 3.5770466 85.08413 160.30168 15.626136
16.089527 8.526012 1.951334 99.924126 144.58667 27.071135
17.427927 7.6281595 1.4509305 102.02412 140.00168 19.336134
16.733587 6.8428373 1.158829 94.464134 145.46169 -8.593865
15.881225 7.3312693 0.8236305 90.82413 144.02669 -36.558865
15.895591 7.1564875 -0.7901107 91.94413 153.40668 -49.368862
15.510112 6.610593 -1.0271438 85.399124 166.1117 -49.193863
16.13023 7.108602 -1.1300977 75.704124 164.29167 -53.848866
16.302618 7.2426815 -2.4637089 83.439125 147.63168 -66.30886
15.617854 6.079064 -4.4916596 104.85912 131.25168 -87.23886
14.186078 5.420638 -5.1189594 117.42413 118.091675 -109.98887
12.4909315 5.6983743 -4.7717896 115.56912 97.231674 -128.99387
11.57153 6.426234 -5.4565525 112.979126 67.93668 -142.01387
10.946625 6.098218 -6.3998966 117.214134 39.69168 -148.06888
9.311335 5.906676 -6.526793 117.10912 22.401682 -150.86887
7.8268843 6.002447 -5.7295 106.994125 3.25668 -155.10387
7.0894475 5.786962 -5.011217 95.72412 -23.37832 -159.61887
6.100612 5.3703585 -4.63771 94.954124 -63.45332 -163.18887
5.0758624 5.1692395 -4.96812 104.85912 -107.02832 -169.10385
4.371946 4.9369946 -4.925023 112.45412 -139.15833 -171.86885
3.8523881 4.3623686 -3.7494342 101.42913 -161.55832 -170.11887
2.9641123 3.8930907 -2.0016139 73.63912 -177.83333 -168.19388
1.8795058 3.7949257 -0.8978531 49.279125 -187.56332 -163.15387
0.6847626 3.3998702 -0.38068968 40.63413 -190.43332 -156.22388
0.2083019 2.9736893 -0.51955765 42.699127 -194.59831 -147.75388
-0.409421 2.9904492 -1.036721 55.159126 -203.20831 -135.11887
-1.2067145 3.15326 -1.3814965 71.08413 -217.06831 -124.33887
-2.0782306 2.6744049 -0.97446984 74.68913 -224.66331 -116.07886
-2.796513 2.6193366 0.0071828244 62.22913 -221.79332 -107.01386
-3.2370596 2.710319 1.1181264 41.229126 -218.50331 -84.01887
-3.2442424 2.8084843 0.9481328 52.604126 -223.96332 -69.42387
-3.2610023 3.007209 0.4956149 66.56913 -224.34833 -55.70387
-3.46691 3.258608 0.24421602 71.95913 -222.10832 -44.048866
-3.5267668 3.1269228 0.10055954 66.53413 -215.31833 -35.718864
-3.4956412 2.7294734 0.30886146 53.199123 -206.32332 -28.823866
-3.7733772 2.5307484 0.56744313 39.444126 -201.17831 -22.838865
-3.9146392 2.423006 1.7023294 26.459126 -195.36833 -12.863865
-4.8723493 2.403852 2.6193366 14.279125 -188.05331 0.36613497
-3.2633965 1.8459859 2.9329867 11.899125 -181.64832 15.031136
-2.5331428 1.776552 3.0981915 19.669125 -187.17831 28.366137
-3.3998702 2.3200524 4.163644 25.269127 -184.20332 33.161137
-3.2107224 3.1556542 4.783761 28.139126 -175.80333 34.526134
-0.56265455 3.7111259 3.6560576 40.914124 -174.54332 45.551136
0.7829279 2.013585 3.6105664 52.394127 -162.29332 61.336136
-1.7095122 0.9960183 7.170853 27.369125 -137.89832 58.11614
-5.5906315 2.5618742 9.885961 -9.555875 -105.313324 42.226135
-1.2354459 2.7893302 8.691217 -0.105875 -74.58331 61.721134
0.87630457 2.875524 8.217151 39.339127 -64.95832 109.11114
-1.6520497 5.751048 8.497281 69.12412 -78.53832 116.21613
0.84996754 6.3975024 6.830866 86.939125 -79.69332 108.97114
3.5315554 6.8691745 5.672037 90.82413 -68.94832 131.65114
1.7430321 7.2953553 8.241094 59.674126 -48.64832 142.64113
1.7047237 7.695199 10.144543 6.334125 -21.803322 130.35614
2.7773588 9.057542 10.427067 -23.275875 -5.9833198 130.70613
1.1995317 9.687236 11.851661 -18.200874 0.52668 140.47113
2.0159793 10.901134 13.640183 -10.990876 1.5066801 135.43114
5.652883 12.522058 10.489318 5.6341248 -2.13332 137.28615
7.3600006 12.950632 5.686403 53.689125 4.9016795 150.79614
5.9617443 12.44544 6.282577 70.03413 23.55668 141.59113
5.2243075 11.248303 8.710372 23.344126 45.85168 117.336136
5.1644506 10.843671 8.171659 -23.310875 73.186676 104.211136
6.0407553 11.049579 6.996071 -22.155874 88.55168 105.12114
5.741471 10.228342 5.808511 4.759125 94.22168 101.55114
5.437398 9.27542 5.2697988 24.464125 85.99668 89.30114
6.019207 9.265843 5.047131 27.964127 78.08668 83.70113
7.4438004 10.060742 6.119766 18.059124 82.35668 89.686134
7.8987126 9.050359 5.8252707 7.2091246 93.836685 97.17614
6.9098773 8.365596 4.9968514 17.289125 96.49668 89.16114
7.0535336 9.378374 4.436591 54.039124 79.66168 75.16113
8.502069 9.9889145 3.7207031 57.259125 88.16668 86.186134
8.662486 9.239507 2.7222905 68.14413 96.18168 81.006134
7.8268843 8.700794 1.5634614 80.954124 91.52668 61.65113
7.2546525 10.261862 0.91700727 78.399124 84.52669 48.806133
8.224334 10.257073 0.42618093 65.02913 87.15168 50.871136
8.724737 9.471751 0.43575802 58.02912 89.91668 46.706135
6.447782 9.399923 -0.08619389 57.92413 81.09668 25.321136
6.32328 10.436644 -0.75180227 63.419125 73.81668 16.256136
8.102226 10.64734 -1.7693691 66.04413 74.06168 26.336136
8.303345 10.33369 -2.430189 69.47412 66.36168 23.746134
6.941003 10.099051 -2.343995 71.71413 53.90168 2.886135
6.2969427 10.369604 -2.073442 67.26913 54.88168 -10.623866
6.5052447 10.776631 -2.135693 58.02912 66.32668 -6.9488654
6.6225643 10.228342 -2.954535 57.189125 67.44668 3.4811351
5.9665327 9.179649 -3.3759274 63.139122 53.55168 6.596135
4.4270144 9.246689 -2.142876 57.644127 38.291683 0.226135
4.4485626 9.75667 -1.541913 40.529125 30.52168 -1.768865
4.767001 8.983319 -2.3224466 33.984127 25.44668 5.3711348
3.9984388 8.93304 -2.1548474 41.999123 19.07668 7.471135
3.5698638 9.019233 -1.7406378 42.979126 14.911679 1.4511349
4.1588554 9.330489 -1.4820561 32.094124 3.43168 -0.998865
4.7717896 9.0838785 -1.324034 19.459126 -4.51332 1.9411348
4.5443335 8.93304 -0.2753416 7.2791257 -6.2283196 3.236135
4.2905407 8.837268 0.87630457 -8.890875 -10.95332 -2.048865
4.2594147 8.676852 1.3312168 -18.445875 -13.78832 -5.2338653
4.37434 8.736709 1.3934679 -14.525876 -11.6183195 -2.7838652
4.4270144 8.830086 1.5107874 -7.4908752 -8.433321 -1.348865
4.146884 8.770228 1.5993756 -4.900875 -5.91332 -1.453865
3.9577363 8.813326 1.620924 -4.725875 -3.8833199 -2.328865
4.1947694 8.952193 1.515576 -2.975875 -1.9933201 -2.8888652
4.309695 9.047964 1.1684061 -0.140875 -3.49832 -2.153865
4.1540666 8.937828 1.2809371 1.294125 -5.5983195 -3.6938648
4.2019525 8.873182 1.5562786 -1.0858752 -3.42832 -5.723865
4.2474437 9.040782 1.333611 -4.165875 -1.46832 -5.723865
3.9936504 9.067119 0.8044763 -0.735875 0.17668 -6.668865
3.7877429 8.978531 0.5027977 5.249125 2.31168 -7.788865
3.493247 8.796566 0.723071 4.8641253 2.4166799 -7.1938653
3.6991546 8.818114 1.0391153 -7.2458754 0.63168 -2.6788652
4.453351 8.830086 1.185166 -8.645875 -1.01332 1.031135
4.252232 8.746285 1.1684061 -7.4908752 -3.9183202 -1.593865
3.5794408 8.76544 1.2953026 -5.635875 -3.46332 -7.788865
3.7925313 8.734315 1.3312168 -5.810875 -2.30832 -6.0038652
4.1851926 8.858817 1.3814965 -5.985875 -4.30332 -2.328865
4.2043467 8.885154 1.3695252 -3.710875 -5.8433204 -3.553865
3.8452053 8.858817 1.1157321 -0.210875 -5.35332 -5.583865
3.833234 8.952193 1.0582695 1.119125 -2.6933198 -4.638865
4.1947694 8.959376 1.1013664 -1.330875 -1.2583201 -2.083865
4.1373067 8.830086 1.1253091 -2.730875 -2.02832 -1.558865
3.9601305 8.940222 1.1109436 -0.525875 -2.4483202 -3.168865
3.8835137 8.923462 0.9768641 2.134125 -4.4433203 -3.5888653
3.849994 8.961771 0.967287 3.009125 -4.89832 -3.518865
4.1085753 8.954588 1.0486923 1.434125 -3.9883199 -3.0638652
4.09421 8.945011 1.2043202 -0.59587497 -3.18332 -3.4138649
3.9673133 8.834874 1.1229149 -0.840875 -1.53832 -5.338865
4.005622 8.755863 1.0774237 0.349125 0.77168 -6.143865
4.11097 8.834874 1.1636176 0.174125 1.36668 -6.563865
3.5363438 8.8324795 1.2067145 -0.945875 0.87668 -8.593865
3.5052183 8.868394 1.1492519 -0.770875 3.0466802 -8.838865
3.6967604 8.92825 1.1205206 0.139125 4.5166802 -4.288865
3.8643596 9.064724 1.1827718 0.41912502 2.55668 -1.488865
4.000833 9.29218 1.0415095 0.55912507 0.21168001 -2.013865
3.545921 9.215564 1.0079896 0.52412504 -1.60832 -4.393865
3.2777622 9.040782 1.1540405 -1.0858752 -0.73332 -7.333865
3.5698638 8.925857 1.3958622 -4.7608747 0.94668 -5.1288652
3.7518287 8.976136 1.6065584 -7.105875 0.98168004 -1.593865
3.5985951 9.004868 1.5036045 -5.110875 0.38668 -1.488865
3.4884584 9.019233 1.2234744 0.699125 0.70168 -2.3638651
3.5866237 8.923462 1.228263 5.5291247 0.94668 -1.733865
3.842811 8.897125 1.3120626 5.5291247 0.63168 0.611135
3.7183087 8.909097 1.1396748 4.1991253 2.4166799 2.466135
3.6704233 9.0288105 0.94573855 5.214125 3.7466798 2.1161351
3.6488748 9.055147 0.76616794 6.194125 3.7116802 0.856135
3.6440864 8.9498 0.9720756 5.4941254 1.12168 0.401135
