1.7143008 9.670476 2.0279508 -5.44425 -1.53692 6.47885
2.1500587 9.47654 1.5778271 -6.3892503 5.46308 -3.39115
1.8507744 9.565128 0.9529214 -4.7442503 1.5430801 -4.8261504
1.185166 9.474146 1.0008069 2.7457502 -11.51192 -4.2311497
1.3000913 9.536397 1.3479767 3.4107502 -9.16692 -7.45115
1.7023294 9.5483675 1.2354459 -5.02425 -1.88692 -8.01115
1.5969813 9.512454 0.86193895 -10.51925 -1.22192 -3.84615
1.462902 9.495694 1.201926 -7.5442495 -9.621921 -1.50115
1.489239 9.440625 1.3120626 -5.65425 -12.946919 -2.58615
1.5610672 9.304152 1.4964218 -9.39925 -9.34192 -3.00615
1.3814965 9.074302 1.5083932 -11.42925 -6.08692 -1.60615
1.324034 8.942616 1.525153 -9.854249 -6.92692 0.14385
1.5993756 8.777411 1.3479767 -5.8992496 -10.35692 1.68385
1.201926 8.521224 1.2067145 -1.9442501 -13.68192 4.20385
0.50758624 8.028004 1.4341706 0.47075003 -16.446922 6.9338503
-0.19154198 7.2594414 2.0973847 -0.36925 -16.55192 8.053851
-0.59378016 6.9074826 2.7821474 -5.75925 -14.24192 11.728849
-0.11971374 6.055121 3.6895776 -12.89925 -15.956921 21.24885
0.26097596 5.236279 6.002447 -19.584251 -23.48192 35.87885
1.2426286 4.8747435 8.200391 -31.659252 -25.966919 52.95885
2.7917244 4.781367 9.929058 -50.069252 -25.686918 72.943855
3.5554981 6.2753944 10.075109 -62.634254 -21.486921 94.11885
4.173221 7.6018224 9.58907 -26.96925 9.76808 123.028854
5.626546 8.494887 8.549955 10.375751 29.018082 125.47885
6.431022 10.144543 6.366377 42.75075 41.12808 124.98885
6.943397 11.080704 5.3009243 62.105747 50.718082 118.47885
7.4414062 11.07831 5.3296556 61.335747 70.948074 105.21385
6.919454 11.061549 5.5978146 45.76075 91.77308 91.77385
6.25624 10.637763 4.7167215 32.880753 101.50308 74.973854
6.6153812 10.33369 4.494054 29.69575 110.67308 63.108852
8.051947 10.182851 4.7693954 25.60075 123.02808 62.268852
9.514848 9.6896305 4.63771 19.37075 125.198074 68.18385
9.12937 9.2490835 3.8571768 21.365751 121.418076 70.03885
7.4845033 10.0368 3.5962007 33.65075 118.44308 59.083855
8.214757 9.852441 4.565882 45.72575 106.75308 30.103851
9.680053 9.397529 4.6640472 44.25575 107.97808 35.913853
9.311335 8.7822 3.4046588 58.67575 105.56308 33.88385
7.49408 9.316123 3.2610023 76.94575 101.85308 16.48885
6.873963 9.675264 3.9242165 78.94075 101.18809 5.04385
9.450203 9.311335 3.4429672 75.65075 102.903076 13.12885
10.166091 9.026416 2.0590763 82.54575 104.68809 27.12885
9.215564 8.308133 0.86912173 91.155754 106.64808 22.36885
7.4533772 7.85801 2.7845416 80.655754 112.878075 7.1438503
7.108602 6.8619914 3.641692 59.795753 122.95809 1.3688501
7.4007034 6.2753944 3.3735332 61.230755 121.52308 8.158851
7.020014 6.0934296 3.031152 84.12075 106.193085 13.40885
5.880339 6.407079 2.6648278 111.17575 82.32308 8.78885
5.4086666 7.3863378 1.9752767 135.67575 57.78808 -9.55115
6.8284717 7.9513865 -0.6153286 150.83075 48.05808 -17.77615
7.3216925 8.166871 -1.3743137 149.29076 53.86808 -11.30115
6.378348 8.248277 -1.010384 125.14076 59.01308 -15.151151
5.4086666 8.839663 -0.23463893 91.99575 59.223076 -32.68615
6.079064 9.208381 -0.86193895 68.65075 55.933083 -42.451153
6.797346 9.196409 -1.1899546 59.27075 53.16808 -37.02615
7.003254 8.978531 -0.9074302 51.95575 53.83308 -35.41615
6.1820173 8.980925 -0.69194543 44.290752 46.378082 -46.23115
5.968927 9.244295 -0.9026416 43.485752 35.66808 -61.526146
6.1317377 8.727132 -1.3886794 48.98075 29.438082 -66.81116
5.626546 8.0926485 -1.7813405 57.34575 19.393082 -68.981155
4.417437 7.8316727 -1.8771114 64.83575 -1.5019201 -88.371155
3.265791 8.001666 -1.7478206 66.62075 -14.48692 -92.15115
3.040729 8.166871 -2.535537 70.01575 -26.17692 -87.111145
3.0790374 8.308133 -2.82285 68.79076 -33.98192 -78.956154
3.3256476 8.130958 -2.52596 59.900753 -43.466923 -73.60115
2.8970726 8.437425 -2.1716073 53.28575 -50.676918 -71.36115
2.6241252 8.849239 -2.205127 52.79575 -52.70692 -67.02115
2.9234095 9.122187 -2.6528566 57.380753 -58.34192 -59.916153
2.9665065 9.186832 -2.7821474 61.79075 -70.52192 -59.77615
2.6959534 9.0288105 -2.8108785 61.860756 -78.71193 -65.72614
2.176396 8.571504 -2.8779182 60.180756 -81.581924 -70.73115
1.2569942 8.329682 -3.2490308 59.44575 -85.29192 -76.54115
0.6057515 8.236305 -3.6081722 58.745754 -88.79192 -81.651146
0.62251145 7.333664 -3.5076127 53.390747 -94.916916 -81.581154
-0.102953814 6.490879 -3.7015488 44.50075 -101.88191 -82.21115
-0.9313729 5.7223167 -4.070267 34.28075 -101.00692 -87.356155
-2.997632 5.8779445 -3.337619 15.73075 -96.526924 -89.841156
-3.4908526 6.591439 -2.1213274 -8.97925 -94.07692 -84.55615
-2.6815877 6.543553 -1.8411974 -22.55925 -96.31692 -70.20615
-2.9856608 6.9649453 -1.4054393 -21.57925 -102.33692 -55.40115
-3.1125572 7.211556 -1.0319325 -16.854252 -99.74692 -51.86615
-2.4589202 7.1995845 -0.95531565 -9.9592495 -98.55692 -48.26115
-2.7845416 7.7957587 -1.0008069 0.36574998 -102.581924 -43.04615
-2.9497466 8.140534 -0.7350424 9.50075 -103.211914 -45.951153
-2.569057 7.7670274 -1.0941836 16.675749 -106.29192 -50.501152
-3.0646718 7.4653487 -1.7526091 24.72575 -114.34192 -54.31615
-4.0032277 7.434223 -1.3551595 25.355751 -115.11192 -62.36615
-4.7358756 7.2714124 -0.9289786 14.015751 -107.86692 -69.57615
-4.3911 6.775798 -0.65124273 4.9857497 -111.68192 -67.47616
-4.807704 6.378348 -0.58420306 3.44575 -117.35193 -62.646152
-5.3105016 6.124555 -0.1699935 4.0757504 -116.30192 -61.45615
-5.2482505 6.431022 0.47885495 3.0607502 -116.02193 -59.181152
-4.946572 6.160469 0.12450229 7.08575 -121.72692 -51.55115
-5.0926223 6.0311785 0.019154198 15.76575 -124.35191 -44.691154
-5.2290964 5.9210415 0.6703969 19.89575 -121.341934 -40.45615
-4.972909 6.0311785 1.1660118 17.585749 -122.04193 -37.72615
-4.783761 5.62894 1.2929084 18.46075 -128.09694 -33.21115
-5.418244 5.152479 1.1516461 25.46075 -134.22192 -31.67115
-5.585843 5.2506447 1.0439038 31.865753 -136.88193 -32.23115
-5.138114 5.454158 1.333611 27.21075 -131.56194 -13.99615
-4.6736245 5.0758624 2.6600394 17.480751 -126.76693 -6.22615
-4.80531 4.702356 3.0862203 20.10575 -126.24192 -5.66615
-5.2458563 4.6281333 2.19555 38.060753 -127.396935 -5.03615
-5.777385 4.8148866 2.0399222 46.60075 -128.06192 0.14385
-5.0567083 4.73827 3.0096035 38.235752 -128.30692 9.0688505
-4.288146 4.443774 3.991256 32.63575 -133.59192 17.08385
-4.539545 4.486871 3.3591676 42.82075 -133.55692 21.633848
-5.1692395 4.6137676 3.0359404 51.99075 -119.94192 24.18885
-5.1285367 4.5682764 3.9242165 43.52075 -106.78193 29.71885
-3.9768906 4.539545 5.2482505 31.41075 -103.38692 43.963852
-3.0383348 5.3009243 5.078257 36.20575 -101.91692 62.828846
-2.7175019 5.99287 4.1756153 51.920753 -99.43192 71.54385
-2.19555 5.8827333 4.0151987 58.36075 -96.526924 66.92384
-1.6807809 5.9114647 5.054314 50.13575 -95.47692 65.31386
-1.5323359 6.55313 5.5355635 42.92575 -91.206924 70.59885
-2.4445546 7.980118 5.183605 46.60075 -78.60692 77.10886
-2.2625897 7.7861814 5.097411 51.46575 -64.956924 76.89885
-1.3814965 7.642525 5.8755503 44.67575 -63.76692 80.53885
0.0670397 8.245882 6.2921543 32.77575 -59.67192 91.84385
0.22027329 9.035994 5.621757 33.44075 -47.071922 105.073845
0.6201172 9.047964 5.1716337 41.31575 -39.68692 107.45385
0.81165916 9.45978 5.4900723 36.69575 -37.446922 102.93884
1.0391153 10.549175 6.280183 18.775751 -30.726921 103.35885
1.7717633 11.188446 6.4334164 3.27075 -16.621922 108.85385
2.0949905 11.028029 6.3711653 2.01075 -6.33192 110.778854
2.1189332 11.461393 6.002447 7.47075 -5.3519197 103.56885
2.2194927 12.203619 6.301731 8.06575 -3.1119199 96.11385
3.519584 11.76786 6.6273527 -0.57925 8.613079 97.89885
3.0957973 11.174081 6.402291 -8.87425 20.548079 95.34385
1.6807809 10.565935 6.179623 -5.72425 25.93808 79.45385
1.6664152 10.206794 5.6840086 2.0457501 31.74808 63.773853
2.3296294 10.709591 5.4948606 6.28075 35.80808 63.00385
3.4956412 10.877191 4.810098 8.170751 44.83808 69.443855
4.7095385 10.221159 4.1157584 12.30075 57.15808 75.32385
4.1612496 9.344854 3.9242165 16.22075 61.148083 72.278854
2.803696 9.641745 4.6568646 14.680749 54.04308 60.62385
3.1676257 9.730332 4.582642 9.08075 53.098083 51.10385
4.4198313 9.452597 4.292935 14.610749 68.56808 61.568848
4.747847 8.667274 3.6560576 27.560751 67.02808 57.753853
3.45015 8.856422 3.816474 34.385746 66.50308 47.813847
3.4453614 9.28021 3.4716985 37.64075 73.46809 48.51385
4.3456087 9.577099 2.413429 48.280754 77.56307 57.68385
4.992063 9.203592 1.5467016 58.81575 73.11808 57.71885
4.187587 9.047964 1.515576 57.13575 63.21308 48.093853
3.040729 10.369604 2.3056867 46.07575 65.34808 43.053852
4.371946 10.786208 1.759792 42.43575 77.108086 48.54885
5.2937417 10.371999 0.57223165 55.805748 72.41808 51.27885
5.1213536 9.596253 -0.2083019 66.445755 54.813076 39.06385
3.5435266 10.534809 0.46927786 53.35575 43.92808 24.39885
3.9840732 11.569136 1.0462981 28.12075 51.13808 22.92885
5.664854 11.087887 0.16041641 19.58075 59.36308 30.348852
5.394301 10.391152 -0.73743665 24.51575 48.72308 22.22885
4.268992 10.089474 -0.8930645 22.310751 38.538082 3.64385
3.232271 10.058349 -0.32562137 7.01575 31.923079 -3.84615
3.8236568 9.435837 0.86193895 -11.98925 36.78808 1.5438501
4.2378664 9.055147 1.2905141 -16.46925 33.63808 9.83885
4.3623686 9.150918 1.5371244 -2.95925 24.39808 11.09885
4.3264546 9.39274 1.1229149 14.960751 21.283081 10.39885
4.453351 9.512454 0.74222517 33.19575 24.67808 9.45385
4.4892654 9.143736 -0.076616794 48.700752 25.728079 7.5988503
4.09421 9.043176 -0.9888355 58.78075 20.96808 3.9588501
3.9146392 9.155706 -1.1229149 56.22575 16.418081 0.56385
3.9313993 9.320911 -0.5794145 39.110752 13.37308 0.38884997
3.7398572 9.198804 0.019154198 18.42575 14.07308 1.8588501
3.6369035 9.047964 0.33519846 6.1407504 12.078079 0.56385
3.6177492 9.086273 0.73743665 1.3807501 5.9880795 -0.45115
3.7709827 9.177256 0.94095 -0.26424998 2.03308 -0.73115
3.6440864 9.138947 1.0606637 0.40075 1.89308 -1.18615
3.469304 9.009656 1.2617828 2.7807503 2.4880803 -2.6211503
3.78056 9.052753 0.86193895 5.4407496 2.73308 -3.00615
3.8116856 9.153313 0.7829279 7.6457496 1.22808 -1.5711501
3.5076127 9.141341 1.158829 5.82575 -1.85192 -2.4811502
3.4908526 8.940222 1.5490957 -0.40425 -0.90692 -4.72115
3.6273263 9.007262 1.6281068 -5.05925 -0.34692 -3.88115
3.7063375 9.225141 1.7789462 -5.26925 -2.65692 -1.92115
3.6991546 9.2419 1.9010541 -4.46425 -5.52692 -1.0111501
3.675212 9.081485 1.8459859 -0.43925 -2.3769202 -1.71115
3.301705 8.959376 1.6759924 2.67575 1.9980799 -3.91615
3.0766432 9.002473 1.4748733 4.35575 3.25808 -4.89615
3.2346652 8.995291 1.4605076 3.0607502 3.0130801 -3.39115
3.7494342 9.0288105 1.4389591 -0.054250002 2.87308 -1.53615
3.7015488 9.038387 1.5586729 -2.29425 1.22808 -3.98615
3.241848 9.002473 1.9010541 -4.21925 1.43808 -8.536149
3.3040993 9.059936 2.1117504 -4.28925 3.36308 -8.71115
3.3663504 9.100638 1.9273912 1.0307499 2.38308 -6.3661504
3.347196 9.167678 1.6185298 8.87075 1.05308 -6.19115
3.3088877 9.170073 1.2833313 12.615749 2.97808 -5.87615
3.3304362 9.174861 0.9984126 12.895751 5.32308 -4.65115
3.2921278 9.110215 1.063058 10.90075 4.02808 -3.98615
3.1604428 9.124581 0.967287 8.06575 1.3680799 -4.30115
2.9856608 9.009656 1.010384 5.5457497 -0.34692 -3.88115
2.944958 8.885154 1.2905141 1.06575 -0.10192 -1.6761501
3.3208592 9.167678 1.515576 -3.2392502 1.40308 1.47385
3.7398572 9.306546 1.0582695 -2.60925 1.5080799 4.34385
3.4022646 9.294575 0.9888355 2.01075 -2.06192 2.66385
2.9329867 9.136553 1.4174107 2.6407502 -3.77692 -2.3061502
3.1819913 9.143736 1.8435916 -0.96425 -2.30692 -2.7611501
3.4621215 9.26345 1.6592325 -0.92925 0.35308 0.45885003
3.512401 9.299363 1.1684061 6.2107506 1.22808 1.26385
3.387899 9.387952 0.85236186 13.035749 -0.55692 -1.74615
3.3352249 9.44302 0.60335726 13.630751 -2.0969203 -4.16115
3.2921278 9.3280945 0.7446195 8.20575 -2.51692 -4.3711505
3.2107224 9.098245 1.3383996 -1.69925 -2.44692 -3.53115
3.2274826 9.081485 1.7119064 -10.62425 -2.58692 -2.58615
3.347196 9.143736 1.5993756 -12.89925 -3.2169201 -1.60615
3.3136764 9.103033 1.7262721 -10.20425 -3.28692 -1.2911501
3.100586 9.07909 1.8914771 -7.7892504 -3.25192 -2.4461498
3.0096035 9.081485 1.7166951 -5.4092503 -1.53692 -3.77615
3.1269228 9.035994 1.4174107 -0.33425 -0.13692002 -3.32115
3.2825508 9.000079 1.2474172 4.7757497 0.63308007 -1.64115
3.100586 9.09585 0.7350424 5.89575 -1.53692 -0.80114996
3.0766432 9.153313 0.97446984 -2.11925 0.5630801 0.35385
3.265791 9.138947 1.4245936 -11.49925 2.24308 2.6988502
3.5171897 9.177256 1.7933118 -12.33925 0.17808 3.22385
3.4621215 9.177256 1.7310607 -6.3892503 -3.4269202 0.91385007
3.1772027 9.217958 1.4126221 0.26075003 -3.49692 -2.90115
3.0455174 9.213169 1.359948 1.94075 -1.22192 -3.6711497
