2.083019 9.538791 1.489239 7.33075 -3.60192 -0.66115004
2.0782306 9.591465 1.4437478 1.6257501 -5.80692 -0.10115
1.9680939 9.545974 1.5586729 -0.61425 -6.08692 -0.24114999
1.9489397 9.510059 1.6496553 -2.57425 -4.8969197 -0.87115
1.8819 9.486116 1.7047237 -3.0292501 -5.0369205 -1.18615
2.004008 9.265843 1.7071179 -1.76925 -5.73692 -1.11615
1.9202085 9.07909 1.6089526 1.17075 -6.9619203 0.07385
1.8292259 8.846846 1.6185298 2.25575 -9.16692 0.38884997
1.7286664 8.540379 1.620924 3.37575 -10.77692 1.5438501
1.7573977 8.097438 1.5897985 5.72075 -13.29692 3.57385
1.759792 7.7047763 1.5586729 9.01075 -17.216919 5.60385
1.7789462 7.206767 1.489239 11.60075 -19.876919 7.91385
1.3862851 6.751855 1.5083932 11.250751 -20.96192 10.71385
1.4964218 6.4765134 1.9872481 6.73575 -19.806921 17.29385
1.7430321 6.167652 2.6959534 0.96075 -19.806921 26.813848
1.7981004 6.0886407 3.3040993 -1.48925 -23.06192 34.96885
2.3392065 6.2969427 3.727886 -0.82425 -24.77692 43.543854
2.2266755 6.5196104 4.685596 0.43575 -23.62192 52.11885
1.9441512 6.3927135 5.6337285 4.04075 -18.79192 57.298855
1.7837347 6.6249585 6.1293435 13.77075 -12.10692 63.84385
2.2099156 7.534783 6.3352513 27.525751 -5.9469204 75.32385
4.268992 7.9513865 6.2945485 38.69075 6.8280797 90.86385
5.2434616 8.140534 5.724711 46.63575 25.868082 105.00385
5.7654138 8.45179 5.190788 53.46075 42.31808 108.013855
5.5188036 8.992896 5.9641385 51.85075 52.398083 105.14386
6.591439 9.838076 6.1484976 47.05575 60.93808 104.408844
7.9944835 10.769448 4.819675 54.685753 74.27308 107.45385
8.466156 10.9490185 2.8300328 74.11075 88.48308 104.268845
7.802942 11.676878 2.4852571 83.10575 91.21308 85.43885
7.8532214 11.856449 3.1556542 73.62075 91.42308 66.18885
8.566715 12.138973 2.8707354 56.99575 98.38808 57.57885
9.387952 12.560366 1.5730386 52.13075 110.25308 56.42385
10.599455 11.854054 0.75659084 53.18075 117.568085 54.813854
9.792584 10.31693 1.6616267 41.14075 123.168076 46.23885
9.730332 9.150918 3.2873392 13.70075 131.11308 32.23885
9.61062 8.0711 4.9561486 -11.394251 147.03807 23.978851
9.404712 7.7837873 5.8420305 -15.244249 146.58308 16.83885
9.5794935 7.6473136 5.5140147 6.91075 133.49309 11.4838505
9.656111 7.738296 4.1588554 47.020752 114.41808 10.60885
9.842864 8.504464 2.9593236 84.68075 99.29808 6.82885
10.022434 8.772623 2.3320236 102.21575 103.638084 3.81885
9.466963 8.825297 2.142876 104.875755 114.24308 4.0288496
9.390346 8.887548 2.0327394 97.66575 101.50308 -8.6411495
9.814133 9.038387 2.1548474 92.41575 97.72308 -9.34115
9.91948 8.825297 2.083019 91.015755 97.583084 -10.67115
9.435837 8.676852 1.7214836 96.51075 94.99308 -15.116151
9.5244255 8.734315 1.2426286 106.66075 85.85808 -19.94615
9.850046 9.067119 0.34477556 118.560745 71.54308 -21.381151
10.391152 8.717555 -0.9912298 130.32074 57.29808 -26.03615
10.048771 8.439818 -2.083019 135.81575 47.46308 -35.48615
9.454991 8.375174 -2.1332989 129.09575 42.738083 -46.091152
9.507666 8.296163 -1.9728824 121.88575 31.853079 -53.37115
8.923462 8.439818 -2.6744049 132.03574 8.43808 -57.57115
8.2027855 8.516436 -3.440573 152.93076 -18.33692 -64.78115
8.571504 8.126168 -4.450957 167.87575 -45.00692 -73.91615
8.7534685 7.0798707 -5.6672482 173.23076 -72.551926 -84.62615
7.4892917 6.265817 -7.020014 171.06075 -92.53692 -97.82115
5.995264 5.576266 -7.084659 153.98076 -102.51192 -114.27116
5.1596622 5.2458563 -6.794952 124.54575 -107.79693 -120.22115
4.228289 4.7789726 -6.6177754 95.810745 -109.126915 -113.53615
3.8140798 4.3432145 -5.7534423 70.99575 -112.10192 -104.61116
3.2777622 4.1181526 -5.358387 52.86575 -118.92691 -96.036156
2.770176 3.9960446 -5.0758624 45.305748 -127.53693 -88.44115
1.9968252 3.9888618 -4.826858 41.735752 -137.05692 -81.26615
1.3479767 4.2474437 -4.4629283 37.465748 -144.65192 -75.73615
1.2091088 4.1851926 -4.652076 34.385746 -150.00693 -70.62615
0.45730647 4.355186 -4.807704 33.37075 -153.71693 -62.36615
-0.6105401 4.6736245 -4.146884 28.925749 -153.78693 -56.17115
-1.1540405 4.743058 -4.02717 20.98075 -150.2169 -51.09615
-1.0151725 5.5571117 -4.95136 20.840752 -153.36693 -40.07115
-0.82602483 6.016813 -5.2674046 26.09075 -156.30692 -27.15615
-0.339987 5.358387 -4.9369946 21.365751 -155.67693 -18.37115
-0.29210153 5.095017 -3.5554981 4.6007495 -157.21692 -19.59615
-0.7446195 5.741471 -3.2466366 -12.79425 -155.67693 -22.50115
-1.4317763 6.1317377 -3.4621215 -17.44925 -149.41191 -22.046152
-1.5227587 5.4062724 -3.1748085 -14.47425 -145.21191 -26.00115
-1.9656997 4.72151 -2.631308 -13.45925 -151.02193 -34.40115
-3.2705793 5.193182 -1.9130256 -14.47425 -166.66692 -43.25615
-4.7717896 5.7127395 -1.56825 -17.65925 -173.21193 -46.16115
-3.9433706 4.6760187 -1.4581133 -31.659252 -145.8769 -31.39115
-3.938582 4.09421 -0.5889916 -35.859253 -148.15192 -24.111153
-4.3168774 4.09421 1.1684061 -33.72425 -159.56192 -21.066149
-5.116565 4.1780095 2.1668186 -24.37925 -172.86192 -20.191149
-5.334444 4.130124 1.7047237 -3.5192502 -176.36192 -11.37115
-4.278569 3.816474 2.063865 13.28075 -170.16692 5.95385
-3.1317115 3.7925313 2.8779182 25.32075 -174.92693 18.483849
-4.017593 4.7598186 2.456526 48.94575 -186.72192 20.02385
-4.601796 5.150085 1.5036045 66.93575 -186.58191 19.673851
-3.5315554 4.6305275 2.17879 50.97575 -169.04692 33.95385
-2.8611584 5.032766 3.1556542 22.10075 -139.78691 56.45885
-3.1293173 6.474119 3.0646718 12.37075 -119.52192 71.85886
-2.8946784 6.318491 3.459727 9.430751 -114.37692 71.40385
-2.073442 5.849213 3.9529476 -1.1742501 -110.91192 65.66386
-2.3966691 6.8787518 4.235472 -6.28425 -100.20192 71.68385
-2.8156672 7.4461946 4.678413 -5.02425 -88.301926 77.91386
-2.3583608 7.065505 4.661653 -2.71425 -87.74192 69.30385
-0.967287 6.7638264 4.5850363 -2.22425 -89.736916 65.138855
-1.1468576 7.6090055 5.152479 -2.9242501 -81.16192 76.09386
-1.6496553 8.382356 5.5020437 -2.95925 -72.76192 82.11385
-1.0079896 8.293768 6.0000525 -2.01425 -71.886925 79.62885
0.36392978 8.162083 6.3137026 -2.88925 -69.01692 82.043846
0.52674043 9.143736 6.028784 1.9757499 -58.586918 90.723854
0.08619389 9.766247 5.7199225 13.91075 -49.97692 94.57385
0.21069619 9.799767 6.2107487 16.39575 -45.56692 92.43885
1.3862851 9.754275 6.431022 9.74575 -34.226917 94.04886
2.8946784 9.708784 6.265817 13.28075 -22.431921 99.928856
2.3056867 9.653716 5.36557 30.36075 -22.151918 98.84385
1.2617828 9.352037 3.8883023 49.68075 -23.83192 84.318855
1.1037607 9.842864 3.4980354 53.42575 -14.591921 72.69885
1.6999351 10.43425 3.031152 40.19575 4.86808 81.02885
2.5810282 10.752688 2.978478 29.24075 17.713081 96.498856
2.9114382 10.61382 3.790137 21.820751 14.913079 97.23386
3.4381785 11.032818 4.1564612 14.29575 6.51308 88.58885
4.6496816 11.2914 2.8635526 15.03075 10.2580805 86.41885
5.150085 11.152532 1.9585168 29.485748 19.813082 91.528854
5.33205 10.838882 2.5283542 36.10075 19.84808 87.60885
4.661653 11.212389 3.2035396 23.01075 21.56308 72.59385
5.193182 10.412702 1.7789462 22.94075 44.208076 64.01885
4.8843207 9.948212 1.036721 27.980751 40.95308 59.853848
4.2402606 10.43425 1.1731946 11.635751 41.198082 56.913853
4.5347567 10.767054 1.0391153 -8.76925 53.13308 67.48386
5.777385 10.235525 1.541913 -20.70425 61.533077 73.67885
4.9992456 9.308941 2.5810282 -28.40425 52.88808 58.34885
4.163644 9.517242 3.5746522 -28.019249 45.783077 46.69385
5.0495257 9.814133 3.5746522 -18.63925 46.09808 51.90885
5.913859 9.816526 2.6959534 -0.75425005 53.37808 60.763855
5.7366824 9.203592 2.6935592 13.31575 52.92308 54.46385
5.312896 9.316123 3.189174 17.025751 47.953083 42.80885
5.5786605 9.77343 2.9305923 22.34575 50.29808 41.44385
6.2131433 9.632168 2.0064023 34.10575 60.27308 47.008854
5.9856873 9.541185 2.1141446 40.37075 61.253082 42.91385
5.317684 10.472558 2.5427198 40.475754 56.73808 32.65885
5.5571117 10.774237 1.498816 50.13575 61.323086 29.298851
5.8396363 10.197216 0.33519846 69.98075 65.38308 28.35385
5.4948606 9.866806 -0.17478207 79.43075 59.048077 20.093851
4.9537544 10.965778 0.87630457 69.10575 46.55308 11.79885
5.602603 10.716774 0.6703969 56.260754 51.76808 13.16385
5.688797 10.046377 0.14365649 58.01075 59.36308 14.45885
5.5020437 9.742304 -0.43096948 66.55075 54.60308 6.51385
4.8747435 9.926663 -1.0391153 68.09075 48.65308 -3.28615
4.9106574 9.675264 -1.7478206 62.87575 51.10308 -4.0911503
5.073468 8.739103 -1.6712039 51.535748 49.248077 -1.64115
4.486871 8.624178 -0.7302538 31.585749 39.098083 -2.7611501
4.2809634 9.033599 0.5865973 6.91075 33.63808 -6.33115
4.9872746 8.849239 0.3615355 -8.38425 39.938084 -3.42615
4.8364353 8.535589 0.14844504 -4.70925 42.94808 -1.0111501
4.285752 8.46855 0.28252444 5.09075 34.47808 -7.06615
4.182798 8.523619 0.13886794 8.48575 26.148079 -14.066151
4.170827 8.372779 -0.2370332 9.60575 25.308079 -14.066151
4.0798445 8.116591 0.052674048 10.20075 26.00808 -10.91615
3.842811 8.118986 0.8092649 4.9507504 24.433079 -10.04115
4.0128045 8.229122 0.86912173 -0.36925 23.59308 -8.88615
4.024776 8.197997 0.4740664 4.11075 22.368078 -5.84115
3.9840732 8.329682 0.31843856 16.36075 16.663082 -3.84615
3.9194279 8.600235 0.37829542 22.94075 12.148081 -2.34115
4.106181 8.81572 0.2466103 22.73075 13.303081 -0.24114999
4.3863115 9.009656 -0.08140534 24.62075 9.55808 1.08885
4.496448 9.07909 -0.08140534 22.62575 6.09308 0.35385
4.1612496 9.196409 0.09577099 16.85075 5.28808 -2.2011502
3.9313993 9.201198 0.08619389 12.19575 5.4980803 -4.16115
3.9744961 9.124581 0.22027329 7.75075 4.41308 -2.3761501
4.048719 9.074302 0.47885495 2.53575 2.5230799 -0.031149998
4.1397014 9.076695 0.6105401 -0.92925 1.5080799 1.7538501
4.2809634 9.050359 0.7015225 -2.43425 1.12308 3.5038502
4.4246197 8.954588 0.76137936 -3.16925 0.31807998 4.20385
4.2043467 8.91149 0.86912173 -2.15425 1.92808 2.87385
3.8188684 8.849239 1.0415095 -0.40425 2.7680802 -0.73115
3.7494342 8.906702 0.9433443 1.59075 2.80308 -2.72615
3.8452053 9.007262 0.76137936 4.0757504 1.5430801 -1.8861501
3.79732 8.988108 0.69912827 4.7757497 0.10808 -0.87115
3.8906965 8.961771 0.8092649 3.02575 -0.17192 -0.76615
4.2187123 9.007262 0.88109314 -0.22924998 -0.59191996 0.38884997
4.0798445 9.052753 1.0008069 -2.78425 -0.59191996 0.17885001
3.9337935 8.956982 0.9960183 -3.4492502 -0.48691997 -2.16615
3.9481592 8.875577 1.0079896 -3.30925 -0.66192 -3.04115
4.0343533 8.8636055 0.9601042 -3.5192502 -0.94192004 -1.64115
4.0894213 8.830086 1.1061549 -4.77925 0.35308 0.21384999
4.1971636 8.851634 1.2641771 -6.45925 2.20808 0.56385
4.209135 8.825297 1.1061549 -5.33925 2.20808 0.0038500002
4.0989985 8.825297 0.8834874 -1.4542501 0.87808 -1.18615
4.000833 8.796566 0.9241901 0.71575 0.038080003 -2.69115
4.008016 8.784595 1.2091088 -2.01425 0.21308 -2.65615
4.0391417 8.7822 1.3719195 -6.21425 2.0680802 -1.50115
4.106181 8.779806 1.1995317 -5.68925 2.73308 -0.66115004
4.1325183 8.813326 1.0247496 -1.3842502 1.40308 -0.62615
4.113364 8.7822 1.0606637 1.6257501 0.63308007 -1.22115
3.9170337 8.7534685 1.0391153 1.69575 1.3680799 -1.60615
3.9242165 8.772623 0.9505271 1.9757499 2.4180799 -1.50115
4.146884 8.803748 0.81644773 2.9207501 2.90808 -0.45115
4.1756153 8.837268 1.089395 3.09575 2.3130798 0.94885
4.3073006 8.873182 1.228263 1.8707502 -0.59191996 -0.10115
4.350397 8.92825 1.2761484 1.69575 -1.95692 -1.60615
4.173221 9.0838785 1.350371 6.2107506 -1.67692 -3.7411504
4.0966043 9.100638 1.158829 9.430751 -1.0119201 -4.89615
