1.7095122 9.58907 0.80208206 1.62141 -16.80511 -6.68822
1.6233183 9.5244255 0.8571504 -0.61859 -14.28511 -6.16322
1.5107874 9.462174 1.0295382 -3.94359 -5.53511 -3.2932198
1.4437478 9.469357 1.1803775 -6.39359 -0.18011 -1.26322
1.4341706 9.58907 1.1995317 -4.60859 -0.98511 -1.26322
1.5179702 9.5483675 0.9816527 0.18641001 -1.1251099 -0.70322
1.611347 9.651321 0.9433443 3.33641 -0.18011 0.94178
1.4605076 9.694419 0.7829279 5.0864105 -1.7551099 0.66178
1.3814965 9.636956 0.6368771 6.06641 -1.9301101 -0.35322002
1.3527653 9.510059 0.600963 4.87641 -0.91511005 -0.24822001
1.6400782 9.404712 0.7781393 2.39141 -1.5801101 0.94178
1.5467016 9.371192 0.7901107 0.53641 -3.7151103 2.0267801
1.5131817 9.39274 0.73743665 1.9014099 -5.78011 0.94178
1.525153 9.220352 0.6344828 3.8264103 -6.72511 1.0117799
1.3551595 8.976136 0.75659084 4.28141 -9.70011 1.43178
1.2737542 8.722343 1.0175668 2.11141 -10.43511 2.3417802
1.3455825 8.504464 1.2426286 0.32641003 -9.94511 5.3867803
1.2785428 8.277008 1.3216397 3.16141 -11.10011 9.27178
1.2498114 7.745479 1.3264283 9.95141 -14.56511 12.771781
0.8978531 7.1947956 1.4078336 16.14641 -18.31011 17.18178
0.82602483 6.91706 1.324034 20.90641 -19.88511 23.761782
1.1803775 6.5794673 1.8866886 24.26641 -23.525112 33.17678
1.472479 6.141315 2.9521408 20.06641 -28.145111 43.50178
1.3743137 6.2753944 3.5938065 14.746411 -24.43511 49.90678
1.5443072 6.6680555 3.9864676 17.65141 -20.09511 54.00178
3.0239692 6.651295 5.111777 19.401411 -21.81011 62.926785
4.434197 7.6257653 6.6632667 11.806411 -21.98511 77.27678
5.2075477 8.461368 7.8795586 7.9564104 -15.860111 85.08177
5.200365 8.892337 7.190007 15.09641 -5.85011 84.03178
4.9609375 10.10384 4.932206 39.561413 14.624889 81.546776
6.58665 10.937047 4.5108137 65.496414 40.34989 81.406784
7.6521025 10.661706 6.6201696 5.1914105 61.52489 87.91678
6.423839 9.816526 9.5794935 -35.54859 78.11489 82.10678
6.481302 9.917087 9.510059 -23.018589 100.82989 81.82678
9.0838785 10.00328 7.6544967 29.09641 121.02489 92.53678
10.673677 10.259467 6.471725 70.15141 126.344894 86.58678
10.309748 10.091868 7.108602 81.14141 138.3499 65.37678
10.35045 11.286612 6.794952 89.40141 162.14989 56.73178
12.471778 11.126195 3.9505534 126.6414 185.3549 58.796783
13.644972 10.97775 1.5012103 172.3164 185.56488 49.27678
12.498115 12.869227 -0.18435916 181.8014 175.13489 23.41178
12.275447 12.598674 -2.1548474 156.84642 184.6199 2.48178
11.607444 10.199611 -3.1365 126.39641 202.0149 -7.52822
9.917087 9.7135725 -2.0399222 92.341415 192.63489 -16.45322
9.598648 9.663293 0.7853221 48.101414 174.08488 -18.37822
12.036019 8.537984 2.099779 20.38141 163.40988 -6.05822
12.780639 7.944204 2.3655436 28.221409 156.33989 1.99178
11.312948 9.201198 3.4956412 54.576412 154.27489 -11.798221
11.545193 9.210775 3.7350688 82.01641 143.52988 -28.00322
13.633 8.118986 2.9162266 107.32141 131.1749 -26.84822
15.208433 7.680834 0.91700727 127.16641 130.2649 -19.008223
13.221186 8.147717 -0.07422252 134.8314 134.8849 -35.91322
12.071934 7.022408 -1.7621863 135.00641 143.59988 -67.09822
11.679273 6.5579185 -3.4860642 134.02641 140.3799 -74.51822
10.848459 6.8955116 -4.3695517 122.826416 138.03488 -74.02822
10.546781 7.7742105 -4.000833 98.99142 138.5949 -81.16822
9.921875 8.197997 -5.236279 82.54141 126.06488 -89.14822
9.629773 8.564321 -5.664854 90.486404 107.47989 -97.09322
8.693612 8.58587 -6.632141 107.216415 83.29489 -110.288216
8.447001 8.791777 -7.6616793 122.40642 46.71989 -121.94322
8.320105 8.595447 -8.116591 122.79142 15.04489 -126.70322
7.6090055 8.128563 -7.1229677 104.24141 -1.72011 -124.63822
7.415069 7.8316727 -5.516409 74.24641 -10.01511 -122.783226
7.953781 7.4102807 -5.255433 52.61641 -24.715109 -120.82322
7.4246464 7.1756415 -4.9010806 53.52641 -46.69511 -115.11822
6.711152 6.344828 -4.3863115 64.341415 -69.09511 -119.353226
5.2697988 5.454158 -4.0822387 73.581406 -89.39511 -128.73322
2.9808722 5.317684 -3.2610023 83.94141 -106.30011 -134.26321
1.6831752 4.9705143 -3.093403 94.161415 -122.4001 -137.06322
0.9792584 5.1237483 -3.2681851 125.871414 -168.70511 -115.15322
1.1085492 5.1045938 -3.5243726 134.93642 -178.85512 -96.28822
0.8547561 5.1261425 -3.6464806 136.8614 -186.6251 -82.35822
0.46209505 5.2458563 -3.2825508 133.88641 -197.40512 -75.56822
-0.37350687 4.982486 -2.9689007 130.35141 -210.14511 -69.47822
-1.3958622 4.913052 -2.1141446 127.58642 -217.9501 -61.63822
-2.073442 4.850801 -1.7286664 124.22642 -223.76012 -50.193222
-2.2793496 4.8843207 -1.1708003 122.72141 -221.87012 -31.258217
-2.456526 5.375147 -1.3072741 125.521416 -217.00511 -12.4982195
-1.9848539 6.5651016 -2.6839821 134.44641 -211.75511 6.12178
0.43336374 6.349617 -4.8148866 137.59642 -208.25511 24.74178
0.4740664 5.2290964 -4.3767343 105.88641 -203.14511 29.11678
-1.5083932 5.296136 -1.620924 35.39641 -188.41011 6.75178
-3.1341057 5.2841644 0.97446984 -26.273592 -168.35512 -10.678221
-3.3591676 4.7526355 2.0231621 -38.978592 -160.76012 -11.34322
-3.4549387 4.4389853 1.4652961 -9.368589 -171.2951 -10.503221
-3.3519847 4.268992 0.9505271 32.59641 -183.3351 -7.9482203
-3.1484714 3.929005 1.1684061 56.08141 -189.70511 -1.96322
-4.235472 4.252232 1.2546 57.096413 -184.63011 3.49678
-4.278569 4.182798 1.4102279 50.30641 -165.06511 7.1717796
-3.1293173 3.842811 1.6927522 45.686413 -151.7651 14.241779
-3.1939626 3.8787253 2.5187771 38.161407 -157.92513 21.94178
-4.225895 4.434197 3.4190245 28.39641 -166.95512 24.74178
-3.5004299 4.106181 4.393494 26.22641 -165.73012 25.79178
-2.9593236 3.6392977 5.0207944 31.26641 -164.57512 32.72178
-3.4190245 3.7111259 5.33205 42.326412 -170.70012 40.52678
-3.8811195 3.9505534 5.734288 55.55641 -175.56511 49.55678
-4.067873 3.8236568 5.090228 71.44641 -166.60512 58.656784
-3.1293173 4.517997 4.5946136 90.27641 -154.6701 62.191776
-2.832427 5.078257 4.879532 100.07641 -146.09512 64.991776
-2.82285 5.0638914 5.691191 89.29641 -131.8851 72.06178
-1.6783867 5.0998054 7.082265 73.72141 -106.82511 77.73178
-0.90024734 6.6201696 5.648094 75.926414 -94.99511 84.626785
-2.2554069 7.7957587 4.37434 97.97641 -101.57511 91.34679
-2.7151077 7.6042166 4.747847 105.71141 -88.80012 85.57178
-0.6081458 7.125362 6.6345353 82.78641 -53.10011 80.21678
0.7110996 7.534783 6.8691745 60.946415 -42.28511 93.061775
-0.83081335 8.786988 6.6848154 66.371414 -65.17511 100.41179
-0.7015225 8.904308 6.5148215 62.34641 -12.22011 96.351776
1.0271438 9.016839 6.8069234 63.781414 17.10989 106.29179
3.3495905 9.138947 6.483696 73.05641 -4.48511 109.37179
0.43096948 10.082292 5.2745876 74.56141 -6.34011 90.226776
-0.65363705 10.692831 4.913052 63.536407 43.67489 73.88178
1.8842943 11.087887 4.73827 53.876408 77.79989 87.04178
4.285752 11.451817 4.1516724 54.36641 66.87989 99.95678
3.1987512 11.360834 3.5052183 53.91141 47.62989 81.16178
1.9226027 11.403931 3.668029 37.25141 57.14989 61.911785
2.4277947 11.787015 4.233078 18.036411 86.09489 67.72178
4.2115293 12.138973 3.5770466 15.83141 101.21489 77.24178
4.913052 12.371218 1.3407938 33.08641 94.38989 74.02179
4.381523 12.988941 0.20351335 37.006413 88.64989 60.861782
4.398283 12.96021 0.35435268 10.30141 95.15989 48.961777
4.2115293 12.862044 1.4365649 -23.54359 106.67489 46.371784
3.8356283 12.555577 0.91461295 -38.593586 107.51489 43.956783
3.344802 12.483748 -0.92658436 -28.548592 101.24989 39.33678
3.78056 12.3257265 -0.9194015 -23.403591 90.8549 39.44178
4.417437 12.414315 1.89866 -48.70859 79.96989 38.986782
4.3432145 12.4358635 2.727079 -71.2836 74.61489 34.086784
3.972102 12.450229 1.8914771 -59.73359 70.93989 32.021782
3.3591676 12.347275 -0.27294734 -29.70359 74.859886 36.186783
4.245049 12.945844 -1.8531687 -11.32859 85.95489 39.02178
5.506832 13.293014 -1.3791022 -27.46359 82.94489 39.02178
4.7885494 12.823736 0.8379962 -65.22859 81.1599 38.25178
2.1740015 11.590684 2.9114382 -83.673584 81.33489 31.77678
1.5371244 11.480548 3.756617 -69.07859 70.09989 18.82678
3.8978794 12.028836 2.4493432 -37.193592 62.959892 18.47678
4.6568646 12.186859 0.92658436 7.67641 80.389885 33.876778
4.6760187 11.973768 -0.26097596 53.28141 92.11489 37.93678
4.455745 11.669696 -0.2370332 77.886406 75.5599 25.651781
4.146884 11.34168 -0.04070267 73.1964 61.17489 14.06678
3.3926873 10.716774 -0.72785956 60.141415 72.05989 6.4717803
3.1867797 10.101445 -1.0846065 64.20141 81.054886 0.48678002
2.8300328 9.96976 -0.56265455 66.30141 62.049892 -4.97322
3.1748085 10.182851 -0.06464542 43.44641 41.119892 -7.03822
3.6177492 9.787795 -1.1636176 19.99641 46.194893 -3.5382202
2.8156672 9.237112 -2.3296294 56.78141 62.469894 -12.4982195
2.1285102 9.031204 -3.3088877 66.54641 33.87489 -20.618221
2.0662591 9.419077 -2.954535 43.09641 16.40989 -18.86822
2.0327394 9.040782 -2.2075214 10.23141 31.529892 -14.073219
1.5802214 8.830086 -1.6065584 0.50141 37.93489 -16.66322
1.4317763 8.849239 -1.7645805 13.69641 12.03489 -17.85322
1.5730386 9.184438 -2.1883671 26.57641 -7.8101096 -13.33822
1.776552 9.251478 -2.1931558 21.25641 -4.66011 -7.0732203
1.6783867 9.100638 -1.3886794 6.94141 4.19489 -3.3632202
2.1332989 9.205987 -0.7805336 -6.18359 3.9848902 0.03178
2.300898 9.349643 -0.35674694 -11.15359 -0.77511007 3.14678
1.9585168 9.395134 -0.102953814 -8.03859 -2.42011 0.80178
1.5012103 9.251478 -0.14844504 0.15141001 -0.39011 -3.18822
1.4269878 9.416683 -0.038308397 8.131411 -0.84511006 -1.9982201
2.2673783 9.730332 -0.15802214 10.05641 -1.61511 4.12678
2.6767993 9.960183 -0.15323359 6.9764104 1.32489 9.096781
2.0973847 9.976943 0.12929083 4.07141 4.15989 5.24678
1.4772675 9.761458 0.20111908 5.22641 2.93489 -3.57322
1.5562786 9.699207 0.08619389 9.56641 -0.04011 -4.9382205
1.9585168 9.842864 -0.13168511 10.30141 -1.30011 0.31178
1.8795058 9.957788 0.0047885496 5.85641 -1.47511 3.28678
1.8052832 9.80695 0.3040729 -0.26859 0.51989 1.92178
1.8220432 9.6585045 0.58420306 -3.7335896 1.6398901 0.59177995
2.1285102 9.735122 0.4668836 -2.1585898 0.34489 0.76677996
2.1021733 9.672871 0.27294734 3.09141 -0.98511 0.80178
1.8914771 9.80695 0.31125572 6.69641 0.20489 -0.56322
1.9010541 9.627379 0.1699935 6.17141 2.37489 -2.06822
1.8555629 9.545974 0.3328042 4.98141 3.4598901 -1.4032199
1.8938714 9.6585045 0.50758624 2.39141 3.8098903 -1.1582199
2.0231621 9.694419 0.38308397 -0.30359 3.7398896 -1.78822
1.8651401 9.696813 0.21548474 -0.12859002 3.9148898 -2.06822
1.7071179 9.510059 0.18196489 0.43140998 4.82489 -3.22322
1.664021 9.512454 0.5363176 -1.35359 3.14489 -3.15322
1.733455 9.495694 0.65124273 -5.58859 1.32489 -2.03322
1.838803 9.457385 0.8475733 -8.878591 2.8298903 -0.70322
1.838803 9.5244255 0.61293435 1.06141 1.60489 0.24178
1.7526091 9.577099 0.3519584 8.41141 -1.33511 -1.9982201
1.8603516 9.653716 0.25379312 8.76141 -0.14511001 -1.1582199
2.1404817 9.711179 0.16281068 6.83641 2.8298903 1.1867801
2.0279508 9.715967 -0.098165266 7.2914095 3.9848902 -0.31822002
1.8411974 9.7135725 -0.20111908 6.10141 1.88489 -3.57322
1.690358 9.624985 0.10774237 0.74641 -0.9501101 -4.97322
1.5969813 9.593859 0.24900457 -2.92859 -1.65011 -4.6932197
1.5706443 9.60583 0.26337022 -2.1935902 -1.68511 -3.39822
1.8220432 9.617802 0.37829542 -1.42359 -2.66511 -1.57822
1.802889 9.601042 0.4285752 -1.8085902 -3.4001102 -0.98322004
1.6544439 9.675264 0.31843856 0.60640997 -3.50511 -1.9982201
1.9441512 9.852441 0.15562786 3.40641 -3.89011 -1.47322
2.0064023 9.816526 0.22745611 1.41141 -2.31511 0.06678
1.8890828 9.644139 0.5961744 -4.0835905 0.58989 -0.45822
1.9704882 9.541185 0.55307746 -5.20359 2.1298902 -1.71822
1.776552 9.512454 0.29689008 0.67641 2.72489 -2.48822
1.6305012 9.505271 0.0670397 6.27641 1.42989 -4.2032204
1.7071179 9.498088 -0.05506832 7.46641 0.16989 -4.16822
1.6831752 9.438231 -0.0023942748 5.68141 0.76489 -2.24322
1.5969813 9.562734 -0.021548472 3.9314098 1.18489 -1.47322
1.7885233 9.663293 -0.09577099 3.6164103 -1.33511 -1.12322
1.7454263 9.63935 0.12210801 1.37641 -3.2601101 -0.21321999
1.6281068 9.531608 0.2944958 -2.12359 -3.0501099 -0.28322
1.8220432 9.699207 0.23463893 -1.91359 -3.9251103 -0.35322002
