1.6065584 9.347249 1.7813405 1.1189151 8.787345 -8.36248
1.776552 9.404712 1.5850099 0.698915 3.222345 -3.9524798
1.673598 9.5244255 1.4796618 3.428915 -1.747655 -1.36248
1.6352897 9.469357 1.5107874 3.6739151 0.42234498 -0.90748006
1.7502149 9.490906 1.5874043 1.3989149 1.6823449 -0.38248
1.8364087 9.466963 1.4868447 0.73391503 0.282345 0.45752
1.7957062 9.488511 1.3551595 1.7489151 -0.24265501 0.84252
1.6855695 9.452597 1.324034 3.008915 0.66734505 0.49252003
1.7286664 9.464568 1.3455825 1.083915 -0.102655 -0.73248005
1.7645805 9.404712 1.359948 -0.316085 -0.172655 0.03752
1.7190893 9.294575 1.3814965 -0.49108505 -0.137655 0.45752
1.6879637 9.177256 1.2354459 0.593915 -0.837655 0.77252
1.6424725 8.952193 1.1540405 2.0639153 -2.832655 1.64752
1.5658557 8.777411 1.0846065 2.588915 -5.5276556 3.1525202
1.5754328 8.60263 0.9888355 2.9039152 -9.027655 6.1625204
1.4844503 8.377567 1.0726352 1.048915 -11.617655 9.13752
1.4341706 8.183631 1.2522057 -3.501085 -13.052655 13.65252
1.4916332 7.8364615 1.6664152 -7.8760858 -19.387655 21.35252
1.7214836 7.118179 1.9633054 -12.076085 -31.812658 31.57252
2.116539 6.0838523 2.3056867 -19.181086 -42.592655 43.26252
3.1293173 4.913052 3.1915684 -37.241085 -50.327656 56.24752
3.2633965 4.7262983 5.6552773 -64.541084 -57.117657 71.40253
2.604971 5.4493694 8.111803 -87.46609 -54.107655 80.22252
3.632115 7.3647895 8.921068 -77.70109 -38.18265 84.31753
5.724711 9.261055 7.4892917 -30.941084 -6.577655 87.99252
6.7877693 10.486923 6.1628633 13.438914 28.072346 77.91252
5.6935854 11.1142235 6.4956675 24.883915 38.222347 57.19252
4.041536 10.831699 8.248277 2.5189152 34.827347 36.36752
3.9457648 9.945818 9.239507 -28.736084 44.73234 32.48252
3.9457648 8.504464 9.4932995 -40.181084 68.00735 40.77752
3.4094474 7.642525 8.638543 -21.386086 79.10235 45.432518
2.638491 7.5826683 7.4102807 15.3639145 79.662346 45.60752
3.6297207 8.083072 6.158075 47.318916 85.82235 50.43752
5.7031627 7.814913 4.9202347 66.07892 94.71234 67.90253
5.420638 7.9944835 4.5898247 76.50892 94.71234 77.98252
4.348003 9.126976 5.200365 77.03392 90.47734 68.49752
5.767808 9.445415 5.1357193 70.278915 89.00735 62.477524
7.726325 9.378374 5.138114 68.28391 91.87735 72.87253
8.645726 9.366403 5.803722 63.663914 95.86735 81.37752
8.956982 9.4095 6.081458 56.313915 98.80735 74.62252
9.213169 9.557945 5.626546 61.283913 100.69735 60.132523
9.651321 9.840469 4.4653225 76.85892 102.13235 51.73252
10.733534 10.403124 4.2737803 87.81392 113.47234 51.45252
11.284217 10.549175 5.0375543 82.878914 127.92735 51.90752
11.679273 10.455798 4.7071443 73.98892 127.29735 28.45752
11.789409 9.761458 2.6121538 88.16392 138.18234 17.67752
11.451817 9.232324 1.977671 86.44892 149.24234 3.85252
10.975356 8.353624 2.997632 65.72892 148.78735 -8.992479
10.008069 7.963358 3.6201434 58.34392 145.53235 -14.2074795
9.735122 7.656891 2.9234095 79.903915 140.21234 -14.80248
9.560339 8.142929 0.9888355 113.92391 131.84735 -17.04248
8.9498 8.904308 -0.4644893 131.56392 125.40734 -26.63248
8.684034 9.088667 -0.4070267 127.25893 115.467354 -34.192482
8.40151 9.47654 -0.75180227 119.73391 102.93735 -36.81748
9.11261 10.115811 -2.47568 123.68892 92.857346 -39.23248
9.158101 10.462981 -3.9697077 125.75392 81.65735 -46.75748
8.909097 10.424672 -4.187587 108.88391 71.332344 -59.46248
8.43503 10.0200405 -3.8188684 78.64391 63.35235 -70.83749
8.284191 10.091868 -3.213117 53.408916 59.327343 -78.50248
7.9920893 9.900327 -2.4708917 40.633915 50.787342 -83.857475
7.2977495 9.399923 -2.2841382 41.123917 37.767345 -91.59248
7.108602 8.942616 -2.7222905 52.778915 25.447346 -97.05248
6.93382 8.540379 -2.8300328 65.028915 13.337345 -97.54249
6.366377 8.039975 -2.935381 71.04891 -0.80265504 -98.907486
5.6002088 7.762239 -3.2873392 77.83892 -12.912655 -102.33749
4.5706706 7.515629 -3.7614057 86.378914 -26.387653 -106.88748
4.2833576 6.9673395 -3.8954852 89.388916 -41.997654 -109.19748
3.6369035 6.3831367 -3.9361877 84.488914 -57.29266 -108.56748
1.960911 5.786962 -3.1867797 73.74391 -68.35265 -111.89248
0.24900457 5.238673 -2.4541316 59.673916 -73.252655 -117.42248
-0.023942748 4.9633317 -2.3870919 55.858917 -80.77766 -118.01749
-0.117319465 4.8747435 -3.1269228 67.44392 -98.34766 -111.57748
-0.76616794 5.1788163 -3.677606 80.253914 -111.542656 -101.11248
-1.4557191 5.4158497 -3.6560576 79.83392 -114.41266 -90.92748
-1.647261 5.523592 -3.0646718 70.348915 -119.697655 -82.94749
-1.4557191 5.4086666 -2.7318676 62.368916 -133.52266 -75.632484
-1.5754328 5.4709177 -2.4373717 61.248917 -149.37764 -69.507484
-2.0159793 5.3799353 -2.4421604 62.228916 -160.05266 -65.34248
-2.753416 5.38233 -2.1572416 62.473915 -165.79265 -62.40248
-2.9617178 5.1883936 -1.4509305 58.69392 -167.43767 -61.03748
-3.3926873 5.0758624 -0.6440599 51.86892 -172.58266 -58.272484
-3.9792848 5.1788163 0.014365649 48.088917 -178.74266 -52.18248
-4.005622 5.1285367 0.38787252 50.923912 -180.24765 -43.78248
-3.938582 5.147691 0.5458947 69.473915 -182.97765 -27.08748
-3.6991546 5.1788163 0.4285752 79.69392 -180.98265 -20.22748
-3.6273263 5.1237483 0.28013015 82.738914 -170.62267 -14.24248
-4.163644 4.6712303 0.10055954 78.223915 -154.94266 -12.947481
-4.8915033 4.3001175 0.34956414 70.87392 -146.54265 -12.387481
-5.2458563 4.4389853 0.57462597 65.37892 -143.63765 -7.13748
-4.6544704 4.575459 0.5913859 61.388912 -138.56265 0.9825199
-3.7254915 4.3767343 0.43575802 52.533916 -126.872665 4.41252
-4.3408203 4.37434 0.4836435 41.228912 -106.432655 1.05252
-5.5954204 4.450957 0.88109314 33.143917 -83.75266 -1.85248
-5.9114647 4.2618093 0.72785956 33.423912 -76.15766 4.4475203
-4.8843207 4.5515165 0.4166038 38.218914 -85.78265 18.20252
-4.6305275 5.111777 0.87151605 36.433914 -100.34265 32.58752
-4.532362 5.2482505 1.8866886 24.568916 -106.92265 39.062523
-4.3240604 4.802915 2.7127132 11.618915 -103.38765 41.75752
-4.087027 4.6927786 3.189174 9.063914 -98.417656 45.67752
-4.4988422 5.7989335 3.8212626 16.133915 -95.267654 57.402523
-3.955342 6.3280683 4.2665977 30.623915 -95.86266 71.61252
-2.6696165 6.0431495 4.067873 50.993916 -104.85766 79.55752
-1.8364087 6.577073 2.8707354 71.78391 -113.642654 82.11252
-2.2601955 7.7574506 3.0096035 75.28391 -106.67766 84.56252
-2.5546913 7.9609637 4.0391417 52.568916 -82.142654 86.242516
-1.4605076 7.8197017 5.1452966 26.843916 -59.637653 86.837524
-1.2641771 8.298556 4.7119327 22.818914 -52.637657 90.407524
-2.0973847 9.306546 3.8571768 38.183918 -51.23766 92.43752
-1.4437478 9.474146 3.8835137 44.413918 -38.847652 91.03752
-0.6703969 9.182044 4.37434 29.888914 -25.197655 91.807526
-0.13168511 9.1940155 4.4988422 15.608915 -17.322657 95.41252
-0.41420954 9.725544 4.06069 12.7389145 -11.197655 96.77753
-0.7446195 10.525232 3.8906965 16.238916 -3.602655 95.447525
0.74701375 10.556357 3.2562137 22.048916 3.887345 94.29253
2.1069617 10.436644 3.0119977 27.403913 1.9623449 97.37252
0.92658436 10.884374 3.3160706 21.663916 0.877345 94.15252
0.4740664 10.9801445 3.4190245 7.173915 13.547345 82.21752
1.7310607 10.79818 3.215511 -0.806085 31.467348 73.992516
2.4900458 10.654523 2.7917244 -0.631085 32.972347 79.31252
2.1285102 10.9801445 2.8874955 -1.121085 31.257343 83.05752
1.2426286 11.394354 2.9952378 -8.611086 35.562344 73.08253
2.1979442 11.401537 2.657645 -12.391085 46.34235 64.05251
3.4381785 11.463788 1.9872481 2.7989151 51.942345 69.44252
3.7638 12.024048 0.888276 5.0739155 49.772343 62.05752
3.1077688 12.287418 0.41420954 -4.481085 52.537342 51.55752
2.8803127 12.292207 0.52913475 -24.151087 55.827343 43.26252
3.4573328 11.873209 0.531529 -43.051086 52.467346 43.15752
2.6241252 11.78462 0.44533512 -57.086086 45.67735 39.58752
0.600963 12.285024 2.2099156 -76.05608 40.777344 29.40252
1.1899546 12.804582 4.575459 -86.83608 33.63735 31.64252
3.8475995 12.553183 4.3408203 -65.80109 27.407347 49.457523
5.549929 12.376006 3.0694604 -26.426086 33.427345 58.76752
3.7685885 12.033626 2.1069617 -2.1010852 43.612347 42.77252
2.439766 11.851661 2.2793496 -0.52608496 48.757343 23.62752
3.067066 11.226754 2.317658 -7.1060853 55.302345 22.68252
3.981679 10.841276 2.1835787 -7.736085 54.917347 30.102522
3.8906965 10.419884 2.2242813 -5.881085 51.312347 29.437521
2.7151077 10.237919 2.7677817 -4.0610847 47.777348 21.91252
2.8827069 9.897932 2.6193366 2.588915 49.667347 18.37752
3.572258 9.950606 2.0016139 18.618916 50.017345 24.25752
3.5411325 10.247497 1.3216397 35.978916 47.042347 27.687521
3.5363438 10.477346 0.9337672 45.218914 45.85235 22.437521
3.7254915 10.336084 0.3615355 48.403915 44.207344 17.57252
3.703943 10.331296 -0.5363176 50.993916 41.652344 14.70252
3.5147953 10.393547 -0.9864412 48.368916 40.007343 10.537519
3.1676257 10.041589 -0.7901107 37.588913 35.947346 5.74252
2.928198 9.768641 -0.58420306 24.883915 28.107347 -0.06748
3.2179053 9.845258 -0.6440599 16.833914 22.402346 -2.06248
2.7941186 9.816526 -0.41181526 13.963916 17.747345 -0.9774801
2.4349775 9.624985 -0.11971374 11.758915 12.707346 -3.67248
2.6767993 9.519637 -0.04070267 10.008915 9.277345 -4.54748
2.8970726 9.608225 -0.14126222 11.093915 6.7223454 0.10752001
2.928198 9.584282 0.20351335 12.178915 3.502345 3.4675202
3.162837 9.562734 0.6464542 8.083916 -1.047655 3.6775198
3.1987512 9.500483 0.7996878 3.8489149 -2.622655 3.1175199
2.4349775 9.308941 0.9912298 5.283915 -2.027655 2.2775202
2.0375278 9.325701 1.211503 10.113915 0.212345 0.77252
2.604971 9.4932995 1.1157321 14.663914 2.102345 2.5575202
3.2538195 9.77343 0.56744313 20.438915 2.802345 9.06752
3.1987512 9.957788 0.045491222 28.838913 2.802345 13.47752
3.0622776 9.948212 0.05506832 24.988916 0.14234501 7.0025206
3.1676257 9.804555 0.4668836 12.178915 -1.1876551 4.09752
3.0550947 9.684841 0.723071 3.7439148 -1.7126551 1.19252
2.9042554 9.557945 0.88588166 0.103915006 -2.4126549 -2.13248
3.0383348 9.440625 1.1612233 -1.961085 -3.7776551 -3.9174802
3.11974 9.304152 1.1923488 -0.52608496 -6.297655 -5.98248
2.8084843 9.289786 1.0965779 3.6039152 -9.447655 -9.65748
2.5858169 9.320911 0.82602483 5.598915 -9.062655 -12.03748
2.1931558 9.124581 0.68715686 3.883915 -6.997655 -11.477481
1.8675344 8.956982 0.86193895 -0.45608503 -4.7926555 -9.44748
2.439766 9.014444 1.1444633 -5.881085 -3.007655 -3.74248
3.067066 9.294575 1.2546 -8.786085 -1.502655 2.94252
2.7127132 9.308941 1.1636176 -5.531085 -2.517655 1.50752
2.4517374 9.222747 0.8140534 1.538915 -4.477655 -2.8674798
2.4613144 9.251478 0.74701375 4.4439154 -5.807655 -1.9224801
2.7725701 9.356826 0.91461295 -0.49108505 -3.987655 0.87752
3.067066 9.4142885 0.9624985 -6.266085 -0.55765504 2.97752
2.988055 9.517242 0.7541966 -6.196085 -0.067655 0.87752
2.5594797 9.454991 0.7134939 -4.3760853 -1.957655 -3.74248
2.1476645 9.416683 0.79250497 -4.971085 -3.707655 -6.71748
2.2721667 9.337671 0.89545876 -7.526085 -3.987655 -5.38748
2.875524 9.466963 0.9696813 -10.221086 -3.007655 -0.62748003
3.232271 9.620196 1.228263 -13.126085 -1.7126551 3.43252
2.7079248 9.653716 1.2833313 -13.301085 -2.342655 1.78752
2.4062462 9.555551 1.201926 -8.086085 -3.2876549 -3.74248
2.3990633 9.445415 1.0199611 -2.4510849 -4.022655 -4.79248
2.6217308 9.550762 1.1037607 -1.016085 -3.357655 -2.72748
2.7175019 9.543579 1.201926 -3.501085 -0.907655 -0.45248002
2.5139885 9.545974 1.2426286 -4.866085 0.737345 0.63252
2.4158232 9.42626 1.23784 -3.011085 0.59734505 -0.87248
2.4900458 9.464568 1.23784 -0.631085 -1.3276551 -1.11748
2.9521408 9.500483 1.2067145 -0.036085 -0.767655 0.45752
2.8467927 9.457385 1.23784 -0.49108505 0.562345 1.57752
2.5211713 9.390346 1.1684061 -0.24608499 -0.382655 -0.66248
2.5499027 9.306546 1.1803775 0.383915 -0.34765503 -4.86248
2.4948344 9.232324 1.2091088 -0.316085 -0.277655 -4.89748
2.3272352 9.174861 1.2186859 -1.541085 -0.137655 -4.19748
2.2338583 9.148524 1.2162915 -1.261085 0.492345 -3.5324802
2.5499027 9.268238 1.3096683 -2.276085 0.177345 -1.3274801
2.6097596 9.25866 1.2450229 -2.8010852 -0.24265501 0.28252003
2.370332 9.268238 1.2258687 -1.7860851 -0.487655 -0.9774801
2.4062462 9.323306 1.1995317 -1.7160851 -0.9426551 -1.11748
2.5642684 9.428655 1.1540405 -3.466085 -1.117655 0.63252
2.6121538 9.483723 1.3383996 -6.3360853 -0.697655 1.2625201
2.5139885 9.397529 1.3934679 -7.0360847 -0.417655 0.31752
2.4684973 9.433443 1.4221992 -4.971085 -1.047655 -0.87248
2.5762396 9.435837 1.4940275 -3.186085 -1.607655 -0.55748
