2.55 8.97 1.3399999 13.750987 -14.323945 -25.7831
2.29 8.72 0.62 -1.7188734 -19.480566 -28.64789
0.37 7.41 -1.51 -19.480566 -54.43099 -20.053522
0.07 6.64 0.01 -25.210142 -55.576904 -7.448451
0.68 5.96 0.47 -6.3025355 -42.971836 1.1459155
1.3399999 5.0899997 -0.39 12.605071 -31.51268 0.0
0.59 4.35 -1.5899999 19.480566 -33.80451 -1.7188734
0.24 3.34 -2.1 17.761692 -51.5662 2.8647888
0.22999999 1.92 -2.1 8.021409 -43.544792 10.886198
0.32 -0.39999998 -3.06 -16.615776 -31.51268 28.07493
-0.47 -2.85 -3.8 -41.825916 -41.25296 57.868736
-0.72999996 -3.6799998 -2.56 -54.43099 -68.18198 96.256905
0.45 -3.62 -0.17 -53.285076 -81.93296 137.50986
5.49 -3.97 3.35 -37.242256 -74.48451 191.94086
8.09 -4.2599998 3.53 -33.231552 -57.868736 208.55663
7.94 -3.48 6.2799997 -12.032113 -68.75493 224.02649
10.7699995 -2.49 10.13 47.555496 -73.33859 241.21524
15.21 -2.9399998 7.06 63.598316 -20.62648 240.64226
12.0199995 -1.37 7.6499996 27.501974 -22.91831 288.77072
11.849999 0.65999997 13.679999 67.60902 -22.91831 311.68906
20.39 2.31 14.0 80.78705 55.00395 272.7279
24.48 4.67 10.28 56.14986 101.41353 246.37184
12.49 7.85 13.4 136.36395 47.555496 298.51102
15.679999 11.19 20.33 272.7279 99.69466 298.51102
36.95 16.96 5.0499997 239.49635 238.35043 144.95831
24.13 16.0 3.76 139.22873 228.0372 75.057465
17.359999 13.03 11.75 144.95831 166.73071 103.70536
23.789999 9.59 13.74 227.46425 163.29297 90.52733
26.25 7.93 10.63 301.94876 171.88734 36.09634
24.68 7.83 5.7999997 326.013 163.86592 -26.356058
24.91 7.7799997 0.7 279.03043 154.69861 -67.03606
24.269999 8.51 -1.7199999 224.02649 139.80171 -100.84057
23.98 8.15 -2.47 173.60622 128.9155 -126.62367
22.789999 7.43 -0.35 144.38536 100.84057 -141.52058
22.16 5.85 2.21 138.08282 84.22479 -153.55267
21.93 4.94 3.24 143.81241 72.19268 -180.4817
21.15 3.86 2.11 136.9369 64.74423 -195.95155
20.539999 3.4099998 1.6899999 122.61296 49.27437 -205.11888
19.869999 2.07 0.87 104.27831 49.84733 -212.56734
17.74 1.31 0.099999994 93.96508 50.420284 -208.55663
15.94 1.1 -0.41 93.39212 34.377464 -197.67043
14.849999 0.74 -0.81 105.42423 5.15662 -185.06537
12.849999 0.56 -1.48 118.60226 -20.053522 -175.89804
11.24 0.56 -2.08 131.20734 -49.84733 -161.5741
10.55 0.62 -3.1499999 136.36395 -73.91155 -148.39606
9.849999 1.1 -4.18 138.08282 -100.26762 -144.95831
9.2 1.24 -4.4 126.62367 -130.63437 -141.52058
6.8999996 1.75 -4.56 109.43494 -136.36395 -135.79099
5.97 2.36 -3.59 110.0079 -159.28227 -124.33183
6.7599998 1.8 -3.3 118.029305 -182.20056 -126.05072
6.24 1.1 -3.1499999 116.883385 -179.33578 -134.64508
4.25 0.59999996 -3.12 112.29972 -169.5955 -128.34254
2.3999999 -0.06 -3.6299999 93.96508 -179.90874 -89.95437
1.61 -0.96999997 -3.9099998 64.17127 -187.93016 -61.879436
0.42999998 -1.3299999 -3.23 32.658592 -194.23268 -28.07493
0.28 -1.04 -2.0 8.021409 -201.10818 -1.1459155
1.15 -1.22 -0.57 -8.594366 -198.2434 9.740283
0.53 -1.55 0.96 -4.583662 -188.50311 26.929016
-0.28 -1.12 3.31 33.80451 -181.62761 51.5662
0.07 -1.5699999 2.24 44.11775 -181.05466 65.890144
0.51 -1.3199999 1.9499999 23.49127 -177.61691 75.630424
0.75 -0.88 3.11 -16.615776 -162.72002 84.79775
0.81 -1.13 4.8599997 -49.84733 -136.9369 96.256905
0.17 -1.5799999 6.44 -32.658592 -101.41353 123.18592
-0.07 -0.57 7.3599997 3.4377468 -110.0079 145.53128
0.85999995 2.36 6.19 15.469859 -99.69466 150.11493
1.18 4.75 3.98 1.7188734 -97.97578 151.26085
2.78 5.95 3.6 -5.15662 -105.997185 161.5741
2.84 9.11 3.6699998 -9.167324 -78.49522 178.18987
4.46 13.08 0.24 -61.30648 -87.662544 179.90874
6.43 16.34 2.1599998 -87.089584 -132.35324 182.20056
10.24 19.55 6.1099997 -84.79775 -152.97972 147.8231
10.559999 21.8 8.11 -98.54874 -127.76959 88.80846
8.3 21.65 9.78 -145.53128 -71.61973 44.69071
4.77 19.08 12.04 -140.94762 4.583662 34.950428
2.87 16.68 12.99 -60.733524 17.188732 38.38817
3.84 14.92 11.309999 24.064226 14.323945 24.064226
3.29 14.2699995 7.1499996 65.890144 -10.886198 21.772396
2.99 14.34 2.98 59.58761 -38.38817 20.053522
4.11 14.049999 0.94 24.637184 -41.825916 5.15662
3.31 12.05 1.87 -26.929016 -6.8754935 -5.15662
2.82 10.96 2.9299998 -40.107044 1.1459155 -0.57295775
2.9199998 10.25 4.08 -29.793804 3.4377468 0.0
2.6 9.929999 4.21 -6.8754935 3.4377468 1.7188734
2.96 9.91 3.78 15.469859 -3.4377468 1.1459155
3.76 9.88 2.61 24.637184 -5.15662 -6.3025355
4.0299997 9.8 1.15 0.57295775 2.291831 -23.49127
2.75 9.32 0.79999995 -20.62648 2.8647888 -18.334648
2.0 8.82 1.75 -27.501974 3.4377468 -10.31324
2.09 8.67 2.81 -17.188732 4.0107045 -5.15662
2.37 8.87 3.1699998 0.0 -2.291831 -4.0107045
3.08 8.86 2.95 13.750987 1.1459155 -10.31324
2.49 8.95 1.68 5.7295775 6.8754935 -7.448451
2.32 8.74 1.11 -4.0107045 8.021409 -2.8647888
2.6299999 8.559999 1.74 -7.448451 2.8647888 -2.291831
2.72 8.72 2.75 1.1459155 1.7188734 -3.4377468
2.58 8.83 2.4299998 10.886198 3.4377468 -2.8647888
2.59 8.73 1.62 10.31324 0.57295775 -0.57295775
2.74 8.8 1.53 4.583662 2.291831 -0.57295775
2.79 8.929999 1.5999999 -1.1459155 6.3025355 -1.7188734
2.48 8.9 1.56 -4.583662 6.3025355 0.0
2.52 8.74 1.91 0.0 4.0107045 0.57295775
2.73 8.63 2.02 11.459155 0.0 0.0
2.52 8.82 1.38 11.459155 0.57295775 0.0
2.6499999 8.88 1.13 6.3025355 1.1459155 3.4377468
2.83 8.91 1.25 0.0 1.7188734 2.291831
2.83 8.889999 1.35 -5.15662 5.15662 0.57295775
2.55 9.059999 1.5699999 -6.8754935 4.0107045 2.291831
2.6699998 9.19 1.6999999 -3.4377468 0.0 2.291831
2.85 9.04 1.92 0.0 0.0 2.8647888
2.73 8.92 1.9799999 2.291831 1.1459155 4.0107045
2.75 9.05 1.91 4.583662 2.291831 4.0107045
2.87 9.33 1.8299999 4.0107045 1.1459155 2.291831
3.06 9.2 1.49 1.1459155 0.0 1.1459155
2.85 9.11 1.5699999 0.0 -0.57295775 1.7188734
3.07 9.25 1.68 -0.57295775 0.0 0.0
2.95 9.24 1.9599999 -0.57295775 0.57295775 -1.1459155
2.55 9.11 2.07 1.1459155 0.57295775 0.57295775
2.69 9.17 2.1 4.583662 -0.57295775 2.291831
3.28 9.26 1.64 4.0107045 0.0 -1.1459155
3.4099998 9.25 1.37 0.0 0.0 -6.8754935
2.76 8.889999 1.5699999 -0.57295775 -4.583662 -3.4377468
2.34 8.78 2.4299998 5.7295775 -1.7188734 1.7188734
2.56 8.9 2.6499999 12.605071 4.583662 5.7295775
2.81 9.22 2.1499999 14.896902 2.8647888 5.15662
3.1 9.74 1.16 8.021409 0.0 -2.8647888
2.83 9.719999 1.31 0.0 1.1459155 -5.7295775
2.69 9.349999 1.23 -6.3025355 4.583662 -4.0107045
2.61 9.12 1.5899999 -9.740283 3.4377468 -2.8647888
2.61 9.03 2.09 -6.8754935 3.4377468 -0.57295775
2.74 9.2 2.4099998 -0.57295775 2.291831 0.0
2.75 9.09 2.04 8.594366 -0.57295775 -0.57295775
2.81 9.07 1.73 9.740283 -2.8647888 -0.57295775
2.97 9.13 1.36 3.4377468 -1.7188734 -2.8647888
2.8999999 9.25 1.26 -6.3025355 2.291831 -4.0107045
2.54 8.94 1.35 -11.459155 1.1459155 -1.7188734
2.1 8.82 2.4199998 6.3025355 -0.57295775 4.0107045
2.9399998 8.92 2.71 16.615776 2.8647888 1.1459155
2.6499999 8.98 2.08 18.334648 2.291831 0.0
2.18 8.86 2.12 18.907606 0.0 1.1459155
2.46 9.03 1.9399999 21.772396 0.57295775 4.583662
3.04 9.28 1.14 16.615776 0.57295775 2.291831
2.86 9.16 0.77 0.57295775 4.0107045 -0.57295775
2.62 9.21 1.0799999 -6.8754935 5.7295775 0.0
