1.4102279 9.522031 0.6177229 -7.805875 -3.8483202 -3.6938648
1.6616267 9.531608 0.45970076 -1.750875 -14.13832 2.3261352
2.0255566 9.646533 0.3423813 0.55912507 -14.733321 6.701135
2.2242813 9.665688 0.4860378 -0.700875 -8.818319 7.681135
2.0399222 9.536397 0.49082634 -0.38587502 -7.0333204 4.951135
1.7837347 9.344854 0.28731298 4.164125 -9.20332 1.6261351
1.7047237 9.177256 0.14126222 7.769125 -10.323319 1.521135
1.6496553 9.000079 0.12450229 7.069125 -9.86832 4.3211355
1.3719195 8.614601 0.31125572 3.394125 -7.90832 7.5061355
0.8236305 8.023215 0.51955765 0.279125 -6.9283204 11.356135
0.7206767 7.3480296 1.1037607 0.52412504 -8.29332 16.781134
0.30886146 7.2163444 2.0255566 2.729125 -13.43832 24.481136
1.333611 7.020014 2.770176 10.429125 -23.93832 35.471134
1.5610672 7.0176196 3.3136764 24.009127 -32.233322 47.231133
1.9944309 6.9457912 4.450957 33.809124 -36.04832 57.136135
2.638491 6.7877693 8.006455 29.749128 -32.61832 71.66113
4.635316 7.553937 10.261862 12.144125 -22.95832 91.78614
6.30652 9.474146 10.032011 9.729126 -0.38332 112.82114
7.51084 10.565935 8.526012 42.03413 28.17668 120.41612
8.334471 10.601849 8.008849 79.69413 54.98668 109.28614
8.2387 10.905922 8.40151 93.62413 69.89668 91.26114
7.4438004 11.344074 7.491686 93.274124 85.47168 76.24613
9.371192 11.590684 5.978504 93.37912 107.55669 72.256134
11.540404 12.057568 3.641692 109.40913 149.24168 62.21114
12.404737 12.13179 1.3407938 112.314125 148.40167 41.701138
11.509279 11.190841 1.1085492 93.79913 142.80168 16.606134
9.974549 10.92747 0.8571504 59.77912 153.2667 3.6561348
11.487731 12.536423 0.03351985 33.459126 163.73169 12.616136
13.956228 11.231544 -0.5770202 9.379126 157.67668 31.096134
14.078336 9.567522 0.5889916 -17.990875 163.55669 34.596134
13.012883 9.081485 1.324034 -25.970875 169.54167 25.531136
14.506911 9.495694 1.0606637 -5.145875 154.52667 21.191135
18.24198 9.368797 -0.9960183 20.054125 139.93169 29.836134
17.710451 8.332076 -1.5490957 39.619125 145.46169 20.631134
16.18051 8.71516 -1.4126221 52.394127 156.66168 -16.223864
16.328955 9.031204 -3.572258 76.50913 155.71669 -45.06386
17.473417 8.674458 -6.689604 104.894135 148.01668 -54.198864
15.986573 7.9992723 -6.962551 105.48912 136.04669 -77.33387
13.647367 8.016032 -5.4900723 82.07413 129.11668 -115.41386
12.715994 7.266624 -6.873963 74.51413 122.67669 -132.49385
12.704022 7.743085 -8.164477 92.259125 100.31168 -129.41386
12.143762 7.4892917 -8.305739 100.69413 76.05668 -132.38885
9.703996 7.649708 -7.0367737 91.62913 48.61668 -146.42387
8.851634 7.685622 -6.6417184 86.90413 13.896681 -162.55887
8.389539 6.838049 -6.672844 91.979126 -18.65332 -166.51389
6.8787518 6.4405994 -5.3871183 94.18413 -39.54832 -164.30887
6.610593 5.880339 -5.3679643 95.72412 -67.26832 -168.57887
5.978504 5.4493694 -5.138114 104.54413 -110.143326 -172.77887
4.618556 4.455745 -4.7095385 107.58913 -149.79831 -180.33888
2.7821474 4.2809634 -3.6177492 98.90913 -176.88832 -187.23386
1.8795058 3.9098508 -2.4277947 81.02413 -190.57332 -185.48387
2.0087965 3.4357843 -1.8890828 65.16912 -202.08833 -169.66386
1.5323359 3.6656346 -1.5730386 60.51413 -213.81334 -147.47386
1.1013664 3.3998702 -1.3096683 62.054127 -224.48831 -132.24887
0.09337672 2.9210153 -1.1253091 61.774124 -232.67831 -123.743866
-0.90024734 2.308081 -0.65842557 59.604122 -234.53331 -115.938866
-1.7047237 2.083019 0.6847626 53.82913 -240.86832 -109.288864
-2.013585 2.1740015 1.6089526 48.999126 -250.91333 -101.343864
-2.264984 2.2530127 0.8786988 53.024124 -257.91333 -87.37887
-2.1931558 2.1572416 0.2681588 71.01412 -243.7733 -56.438866
-2.3727264 1.525153 0.023942748 53.339127 -221.26833 -42.963863
-3.3160706 1.4221992 0.4644893 29.889122 -194.91331 -33.198864
-4.7885494 1.0534809 0.7206767 14.069125 -179.89833 -27.773865
-3.8619652 0.28970724 1.1731946 2.2741249 -169.50333 -15.698865
-3.1580484 -0.33519846 2.1668186 -12.145874 -153.22832 6.036135
-2.535537 0.35914123 3.2298768 -16.905874 -136.95332 26.826136
-1.462902 0.97446984 3.9098508 -2.905875 -136.81334 40.966137
-0.49082634 0.4932206 4.1971636 24.114124 -154.97833 45.061134
-0.82123625 0.69194543 5.2841644 57.224125 -178.70831 43.801136
-1.9872481 1.472479 5.461341 91.80413 -186.47832 41.491135
-1.1660118 1.9441512 5.5092263 111.68413 -177.34332 48.246136
1.1468576 0.8978531 6.0096297 111.12413 -168.27832 76.07114
0.54350036 1.9226027 7.728719 97.61413 -162.11832 99.87114
0.22266756 4.336032 8.801354 77.03413 -144.40831 104.87614
3.4238129 4.6712303 9.45978 61.004128 -109.093315 120.59114
4.479688 4.216318 10.395941 53.374123 -74.093315 137.04114
2.3918805 5.2314906 10.343267 56.734123 -54.388317 120.80114
1.4844503 6.483696 9.840469 68.14413 -39.303318 108.09614
3.7542229 6.7255177 9.58907 75.98412 -18.16332 134.03114
5.7654138 8.152506 9.069513 84.174126 -3.3583202 162.45113
7.3767605 11.9713745 7.944204 97.61413 -5.2833204 165.49612
8.166871 13.484556 5.7558365 106.049126 6.3366804 152.02113
7.0343795 12.988941 6.012024 91.34913 34.161682 141.94113
5.9856873 13.786234 8.425453 53.164127 60.971684 129.79613
7.778999 15.203645 7.9178667 30.484125 70.56168 119.40113
9.711179 15.498141 5.3248672 48.299126 71.92668 122.516136
10.242707 15.222799 3.4453614 75.84413 86.696686 115.516136
8.9498 13.434276 1.951334 78.43412 110.601685 91.54113
7.336058 12.447835 1.2162915 62.61413 122.29168 70.43614
6.5651016 12.340093 1.776552 35.734127 136.74669 65.18613
8.609812 12.692051 2.2697725 8.959125 149.6267 73.62114
9.167678 12.18207 1.1731946 4.9341254 149.31168 77.85614
9.043176 11.238726 -1.4006507 29.224125 141.92668 60.146133
9.182044 11.171686 -2.1572416 49.909126 138.32167 41.071136
8.973742 11.748707 -1.2713599 38.289124 133.87668 37.431137
8.609812 12.234744 -1.1133378 15.679125 127.50668 35.891136
8.7534685 12.107848 -1.8076775 8.399125 126.38668 29.801136
8.528407 12.086299 -2.6983478 16.729124 122.501686 20.771135
7.7143536 11.734341 -3.9744961 35.244125 103.91669 -6.248865
6.531582 11.372806 -4.2618093 28.839125 95.27168 -14.788864
6.711152 11.2794285 -3.46691 10.394126 88.271675 -13.073865
6.9673395 11.463788 -3.215511 3.5341249 81.58668 -10.448865
6.1892004 10.774237 -4.7143273 15.924125 75.07668 -14.543865
4.8747435 10.395941 -5.0806513 24.114124 69.19668 -18.218864
4.06069 10.187639 -4.0726614 10.604126 58.10168 -15.768867
4.494054 9.869201 -2.1285102 -8.330874 50.29668 -10.028865
4.9274178 9.591465 -1.4581133 -10.220875 43.576683 -7.018865
4.592219 9.261055 -1.3719195 5.0041246 34.476677 -10.168865
3.4333901 8.854029 -2.1716073 23.344126 22.576681 -16.678864
3.2083282 8.492493 -2.3032923 30.519127 13.686681 -18.148865
3.1077688 8.454185 -0.99362403 17.569124 7.00168 -13.003865
2.9665065 8.691217 0.11253092 -0.035875 2.59168 -10.833866
3.3759274 8.679246 0.18435916 -3.7808752 -1.6783199 -9.188866
3.6081722 8.473338 0.7853221 -2.380875 -7.13832 -5.548865
3.1843855 8.492493 1.7789462 -4.4108753 -9.97332 -6.458865
2.988055 8.667274 1.7047237 -1.400875 -7.7333193 -8.908865
3.0646718 8.751075 1.0055954 9.8341255 -3.8483202 -6.668865
3.0287576 8.729526 0.7637737 18.514126 -5.7733197 -4.0088654
3.0814316 8.892337 0.9984126 16.274126 -6.9283204 -2.048865
3.7183087 9.150918 1.175589 7.4541254 -5.10832 1.486135
3.6560576 9.100638 1.2546 1.9241251 -5.91332 3.166135
3.294522 8.980925 1.5059988 1.364125 -5.2133203 0.296135
3.275368 9.004868 1.4341706 2.589125 -4.47832 -1.593865
3.562681 9.196409 1.1396748 5.879125 -3.7083201 -0.123865
3.634509 9.220352 1.0319325 8.259126 -2.6933198 2.1161351
3.5938065 9.220352 1.0798179 8.014125 -1.57332 1.9411348
3.6800003 9.39274 0.9313729 8.574125 -0.90832007 -0.71886504
3.5554981 9.440625 0.34477556 11.584125 -2.20332 -4.498865
3.45015 9.282603 0.33519846 12.354125 -1.92332 -7.823865
3.1029801 8.985713 1.2402344 3.7441254 -1.22332 -8.698865
2.8515813 9.043176 1.515576 -8.155875 -4.68832 -10.9738655
3.1245286 9.093455 0.82123625 -8.750875 -5.35332 -12.233865
3.1508656 9.184438 0.7398309 -2.2058752 -5.2133203 -9.083865
2.928198 9.117398 1.0822122 -2.380875 -6.50832 -7.4738655
2.80609 9.07909 1.5610672 -8.785875 -4.09332 -6.7388654
3.1293173 9.261055 1.4772675 -12.0408745 -0.62832004 -3.728865
3.581835 9.407105 1.0822122 1.539125 -1.1533201 1.696135
3.2825508 9.397529 1.063058 6.579125 -2.6583202 -0.893865
2.8563697 9.44302 0.7685622 8.469126 -3.6383202 -3.6938648
2.8827069 9.385557 0.51716334 8.364125 -2.62332 -2.293865
3.0766432 9.335278 0.72546524 2.799125 -0.90832007 0.821135
3.1748085 9.246689 1.0223553 -2.5558748 0.49168003 2.291135
3.3112822 9.304152 0.9912298 -1.820875 0.14168 2.501135
3.5435266 9.4095 0.7446195 2.379125 -2.79832 1.4511349
3.2490308 9.25866 0.7015225 4.724125 -5.2133203 -0.998865
2.9689007 9.074302 0.88109314 2.379125 -4.5833197 -2.9588652
2.9401696 9.091062 1.0343267 -1.0158751 -1.85332 -1.6988649
3.284945 9.158101 0.9864412 -1.400875 -0.31332 1.4161351
3.3352249 9.244295 0.8834874 1.294125 -0.90832007 2.816135
3.205934 9.246689 0.67757976 4.1991253 -2.02832 0.926135
3.0527003 9.191621 0.6153286 5.0391254 -3.6383202 -0.858865
3.0718546 9.196409 0.7948992 2.239125 -3.9183202 -0.543865
3.3136764 9.115005 1.0510867 -2.2408752 -3.25332 0.611135
3.1652312 9.136553 1.1660118 -4.375875 -2.97332 1.031135
3.1843855 9.261055 1.1827718 -2.9408753 -2.62332 0.15613501
3.3208592 9.282603 0.9720756 -0.770875 -1.74832 0.296135
3.1772027 9.225141 1.0582695 0.76912504 -2.16832 0.541135
2.9210153 9.141341 1.1660118 0.139125 -1.85332 -0.613865
3.1412885 9.311335 1.1085492 0.279125 -1.2583201 -0.788865
3.3902931 9.344854 0.8140534 2.379125 -1.08332 1.311135
3.3160706 9.364009 0.86912173 3.6741252 -1.74832 1.7661351
3.1652312 9.251478 0.9385557 1.2241249 0.24668002 0.401135
