3.213117 9.268238 0.67279124 -3.6554348 0.114870004 -0.584185
3.294522 9.273026 0.6105401 -3.7254353 -2.86013 0.36081502
3.2633965 9.296969 0.6296943 -3.445435 -2.6851301 0.570815
3.2514253 9.208381 0.6560313 -4.3554354 -1.2501299 0.010815
3.2011454 9.1628895 0.59378016 -4.9504347 -0.86513 -0.23418501
3.15326 9.179649 0.48843205 -4.320435 -1.95013 -0.12918499
3.2562137 9.213169 0.6201172 -4.775435 -3.07013 0.080815
3.2801564 9.184438 0.7901107 -7.6454353 -2.65013 0.465815
3.275368 9.150918 0.92658436 -10.165436 -1.7401301 0.500815
3.1029801 9.203592 1.0917894 -10.340435 -0.83013 0.36081502
3.189174 9.256267 1.0008069 -8.170435 -1.18013 0.255815
3.380716 9.273026 1.0008069 -4.6004353 -2.72013 0.780815
3.3567734 9.349643 0.8667275 -1.7304349 -3.66513 1.2008151
3.2801564 9.323306 0.69673395 1.1395651 -4.01513 0.220815
3.1676257 9.378374 0.6464542 3.3795652 -4.99513 -0.724185
3.1436827 9.287392 0.69673395 3.659565 -5.41513 -0.724185
3.1125572 9.119793 0.749408 2.714565 -5.9751296 -0.059185002
2.8515813 8.767835 0.80687064 1.279565 -5.4851303 1.5508151
2.3487835 8.561927 0.60335726 1.1045649 -5.4851303 3.510815
2.1380875 8.296163 0.36632404 6.389565 -17.735128 11.770815
2.1309047 8.05434 0.2777359 3.2745652 -21.095129 18.490816
1.9848539 7.6688623 0.5458947 -5.370435 -19.380129 24.580816
2.0087965 6.859597 1.2857256 -18.845434 -15.250131 30.460817
2.640885 5.5978146 3.0287576 -34.840435 -6.8501306 37.110817
2.1404817 6.064698 5.956956 -46.880436 5.64487 41.695816
1.5036045 7.0607166 8.061523 -40.195435 20.41487 44.145813
2.710319 7.4007034 8.277008 -8.415435 15.75987 55.905815
4.2665977 8.700794 7.3312693 29.454565 0.81487006 71.93582
5.8252707 9.498088 7.1229677 47.514565 11.31487 83.03082
6.22272 10.431855 7.3312693 47.269566 43.02487 86.14581
6.7207294 11.396749 7.491686 48.389565 71.19987 81.490814
8.245882 11.535616 7.3384523 55.704567 81.52487 78.69081
9.038387 11.1453495 6.7063637 68.304565 84.28987 72.88081
9.091062 11.267457 5.6337285 86.71457 89.08488 59.195816
9.557945 10.939442 4.9585433 103.40956 89.81987 47.435818
9.8237095 10.2091875 3.964919 115.799576 87.12487 38.160812
9.431048 9.490906 2.4541316 128.32957 87.43987 27.415815
9.07909 9.124581 1.2785428 137.56956 84.42987 17.860815
9.0838785 8.8085375 1.2929084 135.78456 78.93487 12.645815
9.737515 8.696006 1.7478206 124.61956 76.13487 9.705815
9.629773 8.628966 1.3144568 122.86957 66.12487 3.265815
9.976943 8.166871 0.67279124 134.38455 55.589867 -9.509185
10.628186 7.285778 -0.7637737 146.07457 53.62987 -16.159184
10.819728 5.873156 -2.2554069 150.37958 54.53987 -20.779186
9.835681 5.8587904 -3.1915684 142.25958 56.49987 -25.784184
9.42626 5.6504884 -2.7366562 122.16957 63.849873 -40.974186
9.565128 5.238673 -2.5427198 94.79957 74.66487 -47.799187
9.751882 4.9968514 -2.8276386 75.72456 85.79487 -46.644184
9.488511 5.5188036 -3.4022646 71.20957 96.22487 -50.354183
9.445415 5.9880815 -4.7358756 78.90956 95.69987 -59.279186
9.387952 6.65369 -6.0072355 92.874565 81.244865 -68.06418
9.873989 6.8093176 -7.0271964 100.18957 66.12487 -74.29418
9.634562 7.0343795 -7.6688623 96.79456 55.449875 -78.45918
9.256267 7.0894475 -7.7143536 87.27457 51.45987 -89.02919
8.7822 6.648901 -8.408693 76.10957 51.14487 -98.759186
8.315316 6.651295 -8.403905 69.249565 41.239872 -106.66919
7.3169036 6.742278 -7.6904106 60.534565 25.489872 -113.42419
6.261029 7.091842 -7.1373334 45.764565 -1.67013 -119.51418
6.074275 7.4198575 -6.517216 51.294563 -25.33013 -115.03418
6.8452315 7.2187386 -6.754249 61.16457 -50.495132 -107.64919
6.6967864 6.6417184 -7.814913 69.94956 -65.19512 -105.86418
5.66246 5.9449844 -8.415876 67.49957 -65.02013 -113.49419
3.275368 5.6935854 -8.377567 52.834568 -64.28513 -125.67419
1.6065584 5.813299 -6.840443 33.30456 -71.25013 -130.04918
1.8268317 5.5714774 -6.1532865 21.614565 -90.36013 -118.77919
1.5993756 5.2243075 -6.1077952 22.419565 -106.67013 -104.884186
0.83081335 5.272193 -5.748654 25.149567 -117.100136 -99.52919
0.69673395 5.38233 -5.7606254 25.849566 -127.07513 -92.52919
0.42139238 5.0830455 -5.9665327 25.919563 -133.86513 -83.32418
-0.5865973 5.054314 -5.5978146 23.049564 -139.04514 -81.22419
-0.967287 4.9537544 -4.8843207 16.889565 -147.02512 -80.87418
-0.9912298 4.764607 -3.9768906 10.624565 -156.96513 -77.094185
-1.9848539 4.697567 -3.3519847 6.8795652 -163.12512 -71.774185
-2.430189 4.3958883 -2.8396099 6.144565 -164.38513 -67.71418
-3.067066 4.6329217 -2.264984 8.699565 -165.36514 -63.514183
-3.7063375 4.640105 -2.2314641 15.174564 -169.46013 -57.004185
-4.2618093 4.5898247 -2.2889266 22.699566 -168.34013 -51.404186
-4.62095 4.642499 -2.3344178 25.814566 -163.89514 -44.68419
-4.400677 4.558699 -2.264984 24.064566 -158.33014 -34.499187
-4.041536 4.563488 -1.9872481 18.499565 -155.88013 -23.579185
-4.166038 4.625739 -1.5610672 10.484566 -153.29013 -16.754185
-4.6281333 4.242655 -1.1684061 3.309565 -147.44514 -17.734184
-5.157268 4.0295644 -0.90982443 -1.7654351 -143.03513 -21.339186
-5.506832 3.6895776 -0.38547826 -4.985435 -139.99014 -22.039185
-5.564295 3.0527003 0.05985687 -6.980435 -139.81514 -18.679184
-5.3296556 2.2745612 0.29210153 -6.1054354 -142.68513 -12.764185
-5.4661293 1.7143008 -0.20590763 -2.955435 -145.34514 -6.394185
-6.488485 2.6337023 0.22266756 -0.960435 -147.86513 0.430815
-7.345635 2.892284 1.8220432 -10.130435 -143.70013 8.935815
-5.973716 2.116539 2.8515813 -20.490435 -139.67514 13.800815
-4.8316464 2.5307484 2.0949905 -12.895434 -149.33513 24.755816
-5.506832 3.677606 1.1995317 8.979566 -165.89014 39.17581
-6.0886407 3.6560576 1.7717633 19.794565 -160.36012 43.410816
-4.8292522 2.875524 3.0431232 7.2295647 -138.41513 42.325813
-4.146884 3.4453614 3.3064935 -9.675435 -126.44514 51.705814
-4.295329 4.80531 3.6129606 -14.575434 -125.675125 67.140816
-3.8212626 4.063084 5.4757066 -31.620436 -118.53513 76.24082
-2.8396099 3.4357843 7.1947956 -42.190434 -116.785126 86.28581
-1.2785428 3.7925313 7.4030976 -32.985435 -120.46014 103.015816
-0.84278476 5.011217 7.2426815 -21.050436 -116.36513 115.055824
-0.90024734 5.2243075 8.952193 -21.295433 -100.58013 108.685814
-0.44772938 5.7965393 9.617802 -11.985435 -91.51513 108.16081
1.2881198 6.4621477 7.7167478 16.819565 -89.10013 118.975815
2.1069617 6.93382 6.5746784 35.474564 -81.61013 128.35582
2.2985039 6.768615 7.6257653 28.684565 -64.00513 122.68582
1.9226027 6.938608 8.861211 17.904566 -48.780132 117.57582
2.4469488 8.056735 8.966559 22.349564 -42.86513 120.83081
4.268992 8.248277 7.8197017 37.364567 -41.080128 131.78583
5.154874 7.659285 7.9561753 47.654564 -32.155132 136.05583
4.1516724 8.600235 8.990502 47.44457 -20.115131 128.04082
4.067873 10.340873 8.123775 57.419563 -8.635131 122.44081
6.5651016 10.099051 4.37434 86.18957 -0.27012998 129.9658
7.6688623 9.294575 3.0431232 98.57957 9.31987 133.85081
5.427821 10.549175 5.3799353 73.27457 26.22487 120.06082
4.5012364 13.067952 6.56989 45.834564 38.439873 102.77082
7.1540933 12.09827 3.3687446 54.934566 44.45987 105.710815
9.040782 11.284217 1.0151725 74.91956 45.08987 114.14581
7.395915 10.972961 2.4493432 61.30457 50.09487 101.96581
6.193989 11.198023 5.9042816 22.034565 55.134872 80.51081
7.613794 9.981731 7.0104365 1.769565 62.37987 69.59082
9.103033 8.806143 4.9178405 26.584564 56.32487 73.44082
8.300951 8.973742 4.309695 67.709564 47.50487 68.54082
7.676045 8.9976845 3.9936504 92.90957 48.02987 50.270813
7.4533772 9.086273 2.0542877 108.09956 50.234875 36.550816
7.18043 9.912297 -1.4198049 123.46458 51.35487 27.975815
5.9114647 11.600262 -2.8300328 122.44957 58.494873 25.525816
6.672844 10.743111 -0.86193895 83.49457 77.81487 22.305815
6.7398834 10.348056 -0.17238778 34.494564 96.189865 21.220816
6.282577 11.576319 -1.6544439 18.254564 93.284874 20.835815
6.804529 11.30816 -3.6512692 22.349564 87.54487 20.030815
6.062304 10.896344 -2.2625897 13.074565 91.009865 22.515814
5.114171 10.659311 -1.594587 -11.985435 92.409874 11.770815
5.6840086 10.2091875 -1.4054393 -19.930435 82.18987 0.67581505
6.0886407 9.818921 -1.3695252 -9.150435 56.709873 9.705815
5.569083 9.550762 -0.028731298 -5.790435 58.07487 8.655815
4.3456087 10.211582 1.1636176 8.489566 57.79487 1.095815
4.80531 10.2642565 -0.339987 41.844566 49.884872 -1.214185
5.686403 9.466963 -2.9401696 72.18956 39.314873 2.845815
4.922629 8.705584 -3.6728175 75.61957 34.83487 -6.149185
3.7302802 8.822903 -2.4469488 55.249565 32.62987 -19.624186
3.1436827 9.031204 -1.6688095 32.814568 31.92987 -25.014185
3.581835 8.097438 -1.924997 18.254564 33.85487 -18.154184
3.859571 7.563514 -1.3360053 5.654565 32.94487 -10.489184
3.2274826 7.6257653 0.102953814 -7.365434 30.03987 -7.864185
2.7390504 8.262642 1.6568382 -11.145435 26.92487 -7.3041844
3.2921278 8.430242 1.1971374 2.609565 18.06987 -2.019185
4.3599744 8.6433325 -0.2083019 23.644564 2.14487 5.470815
4.3025117 8.882759 -0.4932206 30.329565 -11.29513 5.995815
3.9074564 8.9976845 0.49082634 16.329565 -14.2001295 1.270815
3.5387383 9.050359 1.5993756 -4.985435 -8.74013 0.045815002
4.1564612 9.07909 1.9896424 -15.625436 -1.8801302 3.0558152
4.5060253 9.196409 1.7933118 -11.7754345 -4.92513 5.435815
4.206741 9.234718 1.7310607 -2.7804348 -14.2001295 1.270815
3.4956412 9.074302 1.9896424 0.579565 -13.010131 -3.8391848
3.4573328 8.942616 1.802889 1.174565 -4.2951303 -4.854185
4.06069 9.050359 1.3192455 5.7595654 -2.37013 -1.6341851
4.5347567 9.122187 1.3551595 9.469564 -9.09013 1.900815
4.2618093 9.021627 1.6233183 6.144565 -8.11013 1.270815
4.0104103 8.9498 1.5107874 2.2595649 -0.83013 -2.754185
3.9984388 8.834874 1.1995317 4.289565 -0.20013002 -5.449185
3.9194279 8.801354 1.3264283 6.1795654 -5.2401295 -5.2391853
3.840417 8.873182 1.6233183 3.344565 -6.3251305 -4.399185
4.0367475 8.8636055 1.6065584 0.299565 -3.66513 -2.9991848
4.278569 8.803748 1.2953026 0.999565 -2.09013 -0.68918496
4.1804037 8.818114 1.1899546 4.044565 -2.33513 -0.164185
4.063084 9.004868 1.1684061 5.794565 -4.01513 -2.4391851
3.7781656 8.935433 1.1420691 5.1295652 -5.2751303 -4.8191853
3.6991546 8.856422 1.1444633 2.644565 -2.72013 -4.854185
3.902668 8.885154 1.2665714 0.544565 0.14987001 -3.2091851
4.063084 8.8636055 1.359948 -0.435435 -0.23513001 -0.374185
4.187587 8.889942 1.2881198 -0.33043504 0.00987 1.410815
3.9409764 8.976136 1.0319325 4.639565 -0.30513 -1.914185
3.8571768 8.889942 0.8739103 5.094565 -0.86513 -2.9291852
3.7638 8.775017 1.1085492 2.924565 0.39487 -2.299185
3.634509 8.858817 1.1133378 2.924565 0.60487 -1.809185
3.929005 8.956982 0.75180227 5.514565 -2.0201302 -0.44418502
4.0918155 8.906702 0.65842557 4.709565 -2.75513 0.9558151
3.806897 8.794171 0.818842 0.754565 -0.02513 -0.199185
3.6081722 8.803748 1.0534809 -1.2054352 0.14987001 -1.389185
3.7135203 8.8636055 1.0079896 -0.365435 -1.4951301 -0.059185002
3.9529476 8.897125 0.73743665 1.664565 -2.09013 2.285815
3.9936504 8.885154 0.6392714 2.224565 -2.58013 2.8808153
3.9888618 8.980925 0.9074302 -0.155435 -3.0351298 2.250815
3.991256 8.904308 1.3431882 -3.375435 -2.54513 1.935815
3.8930907 8.91628 1.2426286 -2.2554352 -2.51013 1.305815
4.067873 8.964165 0.96489275 2.679565 -3.5951302 1.095815
4.225895 9.069513 0.94095 4.779565 -5.3801303 1.725815
4.1325183 9.014444 1.1037607 2.504565 -3.94513 1.095815
3.9194279 8.892337 1.2354459 -0.645435 -0.62013006 -0.584185
3.9074564 8.935433 1.1085492 -0.295435 -0.23513001 -1.669185
4.0343533 8.983319 1.1205206 1.349565 -2.12513 -0.96918505
4.008016 8.877971 1.1612233 0.579565 -0.79513 -0.164185
3.8260512 8.820508 1.1372806 0.264565 2.31987 -0.514185
3.9433706 8.885154 1.1612233 2.399565 0.81487006 -1.389185
4.1013927 9.050359 0.94573855 4.814565 -2.09013 -0.584185
3.8906965 8.988108 0.69194543 6.144565 -1.91513 -0.304185
3.6608462 8.961771 0.5602603 5.7595654 -0.83013 -1.7391851
3.6895776 8.92825 0.8044763 3.694565 -0.69013 -2.4391851
